LECROYWR640Zi,59892,Waveform
Segments,1,SegmentSize,4002
Segment,TrigTime,TimeSinceSegment1
#1,01-Nov-2023 13:36:59,0                 
Time,Ampl
-4.043068e-08,-0.00299627
-4.038068e-08,0.0012604
-4.033068e-08,-0.00263926
-4.028068e-08,-0.00760996
-4.023068e-08,-0.0124159
-4.018068e-08,-0.0107407
-4.013068e-08,-0.00101898
-4.008068e-08,0.00285321
-4.003068e-08,0.000546374
-3.998068e-08,0.00452842
-3.993068e-08,0.00496782
-3.988068e-08,-0.00708817
-3.983068e-08,-0.0154642
-3.978068e-08,-0.0145305
-3.973068e-08,-0.0143108
-3.968068e-08,-0.0115645
-3.963068e-08,-0.00719802
-3.958068e-08,-0.00884576
-3.953068e-08,-0.0092577
-3.948068e-08,-0.00280404
-3.943068e-08,0.00386932
-3.938068e-08,0.00318276
-3.933068e-08,0.0010407
-3.928068e-08,0.00400663
-3.923068e-08,0.00540722
-3.918068e-08,0.00579169
-3.913068e-08,0.0118334
-3.908068e-08,0.0160077
-3.903068e-08,0.00752182
-3.898068e-08,-0.00272165
-3.893068e-08,-0.00505595
-3.888068e-08,-0.00695086
-3.883068e-08,-0.0106857
-3.878068e-08,-0.0107132
-3.873068e-08,-0.00832398
-3.868068e-08,-0.0135418
-3.863068e-08,-0.0161233
-3.858068e-08,-0.00725294
-3.853068e-08,-0.00453417
-3.848068e-08,-0.00942247
-3.843068e-08,-0.0119765
-3.838068e-08,-0.00406731
-3.833068e-08,0.0102955
-3.828068e-08,0.0114489
-3.823068e-08,0.00661556
-3.818068e-08,0.00452842
-3.813068e-08,-0.00241956
-3.808068e-08,-0.0062643
-3.803068e-08,-0.00508342
-3.798068e-08,-0.00343567
-3.793068e-08,-0.000716896
-3.788068e-08,-0.00387507
-3.783068e-08,-0.0127454
-3.778068e-08,-0.0176612
-3.773068e-08,-0.0140362
-3.768068e-08,-0.00228225
-3.763068e-08,0.00878509
-3.758068e-08,0.0109821
-3.753068e-08,0.0108997
-3.748068e-08,0.0103779
-3.743068e-08,0.00581915
-3.738068e-08,0.00304545
-3.733068e-08,0.0022765
-3.728068e-08,-0.000387347
-3.723068e-08,-0.00491864
-3.718068e-08,-0.00980695
-3.713068e-08,-0.0129926
-3.708068e-08,-0.0102738
-3.703068e-08,-0.0019527
-3.698068e-08,-0.00332582
-3.693068e-08,-0.0121412
-3.688068e-08,-0.00865353
-3.683068e-08,-0.00019511
-3.678068e-08,0.00205681
-3.673068e-08,0.00565438
-3.668068e-08,0.0072472
-3.663068e-08,0.00260605
-3.658068e-08,0.000930848
-3.653068e-08,-0.00675862
-3.648068e-08,-0.0201603
-3.643068e-08,-0.0197483
-3.638068e-08,-0.0165352
-3.633068e-08,-0.0210116
-3.628068e-08,-0.0200779
-3.623068e-08,-0.0105759
-3.618068e-08,0.00244128
-3.613068e-08,0.0120806
-3.608068e-08,0.0110095
-3.603068e-08,0.00439111
-3.598068e-08,-0.000277498
-3.593068e-08,0.000244288
-3.588068e-08,0.00708242
-3.583068e-08,0.0129319
-3.578068e-08,0.0196602
-3.573068e-08,0.0298213
-3.568068e-08,0.026004
-3.563068e-08,0.0119433
-3.558068e-08,0.00905971
-3.553068e-08,0.0091421
-3.548068e-08,-0.00214494
-3.543068e-08,-0.0156015
-3.538068e-08,-0.019968
-3.533068e-08,-0.0158212
-3.528068e-08,-0.00879084
-3.523068e-08,-0.00766488
-3.518068e-08,-0.0122511
-3.513068e-08,-0.0103013
-3.508068e-08,0.00084846
-3.503068e-08,0.00378694
-3.498068e-08,-0.0069234
-3.493068e-08,-0.0111801
-3.488068e-08,-0.0122511
-3.483068e-08,-0.021451
-3.478068e-08,-0.0194737
-3.473068e-08,-0.00851621
-3.468068e-08,-0.00923024
-3.463068e-08,-0.0118117
-3.458068e-08,-0.00714309
-3.453068e-08,-8.52608e-05
-3.448068e-08,0.00763167
-3.443068e-08,0.0082633
-3.438068e-08,0.00323769
-3.433068e-08,0.00639586
-3.428068e-08,0.0125474
-3.423068e-08,0.0141403
-3.418068e-08,0.0171062
-3.413068e-08,0.0126298
-3.408068e-08,-0.00030496
-3.403068e-08,-0.00403984
-3.398068e-08,-0.00442432
-3.393068e-08,-0.00821413
-3.388068e-08,-0.00744518
-3.383068e-08,-0.00555028
-3.378068e-08,-0.00505595
-3.373068e-08,-0.00403984
-3.368068e-08,-0.000607046
-3.363068e-08,0.00856539
-3.358068e-08,0.016502
-3.353068e-08,0.0117236
-3.348068e-08,0.00510513
-3.343068e-08,0.0125474
-3.338068e-08,0.0221043
-3.333068e-08,0.0242739
-3.328068e-08,0.0216375
-3.323068e-08,0.0150465
-3.318068e-08,0.014717
-3.313068e-08,0.0193856
-3.308068e-08,0.0149916
-3.303068e-08,0.0100758
-3.298068e-08,0.011806
-3.293068e-08,0.00672541
-3.288068e-08,-0.00382015
-3.283068e-08,-0.00906546
-3.278068e-08,-0.0110977
-3.273068e-08,-0.0124433
-3.268068e-08,-0.010521
-3.263068e-08,-0.00898307
-3.258068e-08,-0.0131024
-3.253068e-08,-0.018183
-3.248068e-08,-0.0179907
-3.243068e-08,-0.0116469
-3.238068e-08,-0.00343567
-3.233068e-08,0.00219412
-3.228068e-08,0.0061487
-3.223068e-08,0.00518752
-3.218068e-08,0.00145263
-3.213068e-08,0.00348485
-3.208068e-08,0.003375
-3.203068e-08,-0.00469894
-3.198068e-08,-0.00975202
-3.193068e-08,-0.00892815
-3.188068e-08,-0.00766488
-3.183068e-08,-0.00491864
-3.178068e-08,0.00205681
-3.173068e-08,0.011806
-3.168068e-08,0.0186166
-3.163068e-08,0.0169414
-3.158068e-08,0.011394
-3.153068e-08,0.0135086
-3.148068e-08,0.0152113
-3.143068e-08,0.00867524
-3.138068e-08,0.0098012
-3.133068e-08,0.0167217
-3.128068e-08,0.0200996
-3.123068e-08,0.0279264
-3.118068e-08,0.0349842
-3.113068e-08,0.0315789
-3.108068e-08,0.0227909
-3.103068e-08,0.0135086
-3.098068e-08,0.000326675
-3.093068e-08,-0.015574
-3.088068e-08,-0.022934
-3.083068e-08,-0.0204349
-3.078068e-08,-0.0161233
-3.073068e-08,-0.00590729
-3.068068e-08,0.00716481
-3.063068e-08,0.00625855
-3.058068e-08,0.00183711
-3.053068e-08,0.00776898
-3.048068e-08,0.00743943
-3.043068e-08,-0.00321597
-3.038068e-08,-0.00862606
-3.033068e-08,-0.00810428
-3.028068e-08,-0.00664877
-3.023068e-08,-0.00162315
-3.018068e-08,-0.00170554
-3.013068e-08,-0.00807682
-3.008068e-08,-0.00988933
-3.003068e-08,-0.0132672
-2.998068e-08,-0.0187048
-2.993068e-08,-0.0212038
-2.988068e-08,-0.0237578
-2.983068e-08,-0.0215883
-2.978068e-08,-0.0138439
-2.973068e-08,-0.00909292
-2.968068e-08,-0.00711563
-2.963068e-08,-0.00445178
-2.958068e-08,-0.00568759
-2.953068e-08,-0.0083789
-2.948068e-08,-0.00807682
-2.943068e-08,-0.0115645
-2.938068e-08,-0.0138988
-2.933068e-08,-0.0056052
-2.928068e-08,0.00255113
-2.923068e-08,0.00178218
-2.918068e-08,-0.00167808
-2.913068e-08,-0.00360045
-2.908068e-08,-0.00294135
-2.903068e-08,0.00266098
-2.898068e-08,0.00620363
-2.893068e-08,0.00386932
-2.888068e-08,0.00787883
-2.883068e-08,0.0175731
-2.878068e-08,0.0229008
-2.873068e-08,0.0258667
-2.868068e-08,0.0285031
-2.863068e-08,0.0269652
-2.858068e-08,0.0207312
-2.853068e-08,0.0140579
-2.848068e-08,0.0022765
-2.843068e-08,-0.0168648
-2.838068e-08,-0.0271083
-2.833068e-08,-0.0253781
-2.828068e-08,-0.0278772
-2.823068e-08,-0.0336992
-2.818068e-08,-0.0296073
-2.813068e-08,-0.0148051
-2.808068e-08,-0.00277657
-2.803068e-08,0.0027159
-2.798068e-08,0.012108
-2.793068e-08,0.0179026
-2.788068e-08,0.0160352
-2.783068e-08,0.0166393
-2.778068e-08,0.0165295
-2.773068e-08,0.0189462
-2.768068e-08,0.0240816
-2.763068e-08,0.019825
-2.758068e-08,0.0141128
-2.753068e-08,0.0138107
-2.748068e-08,0.0100209
-2.743068e-08,0.00266098
-2.738068e-08,-0.00299627
-2.733068e-08,-0.00546789
-2.728068e-08,-0.00390253
-2.723068e-08,0.000161901
-2.718068e-08,0.00474812
-2.713068e-08,0.0108997
-2.708068e-08,0.00955404
-2.703068e-08,-0.00362791
-2.698068e-08,-0.00980695
-2.693068e-08,-0.0085986
-2.688068e-08,-0.0149424
-2.683068e-08,-0.0193639
-2.678068e-08,-0.014146
-2.673068e-08,-0.0081592
-2.668068e-08,-0.00387507
-2.663068e-08,0.00172726
-2.658068e-08,0.00732958
-2.653068e-08,0.00955404
-2.648068e-08,0.0070275
-2.643068e-08,0.00158994
-2.638068e-08,-0.000579584
-2.633068e-08,0.00290814
-2.628068e-08,0.00469319
-2.623068e-08,0.00559945
-2.618068e-08,0.00985612
-2.613068e-08,0.0117785
-2.608068e-08,0.0129594
-2.603068e-08,0.0182871
-2.598068e-08,0.0203468
-2.593068e-08,0.0152937
-2.588068e-08,0.0129594
-2.583068e-08,0.0133164
-2.578068e-08,0.0130418
-2.573068e-08,0.0161725
-2.568068e-08,0.0162549
-2.563068e-08,0.0109546
-2.558068e-08,0.00628601
-2.553068e-08,0.00329261
-2.548068e-08,-0.00101898
-2.543068e-08,-0.00884576
-2.538068e-08,-0.00934009
-2.533068e-08,0.000244288
-2.528068e-08,0.00167233
-2.523068e-08,-0.00681355
-2.518068e-08,-0.0137615
-2.513068e-08,-0.0151346
-2.508068e-08,-0.00769234
-2.503068e-08,0.00139771
-2.498068e-08,0.00213919
-2.493068e-08,0.00189203
-2.488068e-08,0.00730212
-2.483068e-08,0.014717
-2.478068e-08,0.0203742
-2.473068e-08,0.0243837
-2.468068e-08,0.0250703
-2.463068e-08,0.0163647
-2.458068e-08,0.00559945
-2.453068e-08,0.00158994
-2.448068e-08,-0.00480879
-2.443068e-08,-0.0139538
-2.438068e-08,-0.0147227
-2.433068e-08,-0.0122786
-2.428068e-08,-0.0146129
-2.423068e-08,-0.0134869
-2.418068e-08,-0.00634669
-2.413068e-08,-0.00132107
-2.408068e-08,-5.77984e-05
-2.403068e-08,0.0010407
-2.398068e-08,0.00406156
-2.393068e-08,0.00334754
-2.388068e-08,-0.00675862
-2.383068e-08,-0.0190343
-2.378068e-08,-0.0258175
-2.373068e-08,-0.0293602
-2.368068e-08,-0.0312276
-2.363068e-08,-0.029882
-2.358068e-08,-0.0253781
-2.353068e-08,-0.0151072
-2.348068e-08,-0.000936595
-2.343068e-08,0.00683526
-2.338068e-08,0.0115588
-2.333068e-08,0.0163372
-2.328068e-08,0.0154859
-2.323068e-08,0.0158155
-2.318068e-08,0.0150191
-2.313068e-08,0.00716481
-2.308068e-08,0.000985772
-2.303068e-08,0.000683686
-2.298068e-08,0.00554453
-2.293068e-08,0.00955404
-2.288068e-08,0.00933434
-2.283068e-08,0.00743943
-2.278068e-08,0.00301799
-2.273068e-08,-0.00129361
-2.268068e-08,-0.00873591
-2.263068e-08,-0.0157937
-2.258068e-08,-0.015574
-2.253068e-08,-0.0173866
-2.248068e-08,-0.0224122
-2.243068e-08,-0.0263668
-2.238068e-08,-0.0273005
-2.233068e-08,-0.024005
-2.228068e-08,-0.015574
-2.223068e-08,-0.00601714
-2.218068e-08,-0.00656638
-2.213068e-08,0.00211173
-2.208068e-08,0.0307275
-2.203068e-08,0.040971
-2.198068e-08,0.0297664
-2.193068e-08,0.0252076
-2.188068e-08,0.0200996
-2.183068e-08,0.00535229
-2.178068e-08,-0.0100816
-2.173068e-08,-0.0231262
-2.168068e-08,-0.0297996
-2.163068e-08,-0.0255704
-2.158068e-08,-0.0167549
-2.153068e-08,-0.00678608
-2.148068e-08,0.00375947
-2.143068e-08,0.00908718
-2.138068e-08,0.0120257
-2.133068e-08,0.0154585
-2.128068e-08,0.011394
-2.123068e-08,0.00301799
-2.118068e-08,0.00161741
-2.113068e-08,0.0038144
-2.108068e-08,0.00150756
-2.103068e-08,0.00202934
-2.098068e-08,0.00952657
-2.093068e-08,0.00894986
-2.088068e-08,0.00117801
-2.083068e-08,-0.00436939
-2.078068e-08,-0.00955978
-2.073068e-08,-0.0060446
-2.068068e-08,-0.00110137
-2.063068e-08,-0.0118392
-2.058068e-08,-0.0185674
-2.053068e-08,-0.00700578
-2.048068e-08,0.00494036
-2.043068e-08,0.0152113
-2.038068e-08,0.0256195
-2.033068e-08,0.0228733
-2.028068e-08,0.0140029
-2.023068e-08,0.00938926
-2.018068e-08,0.00134278
-2.013068e-08,-0.00450671
-2.008068e-08,0.000656224
-2.003068e-08,0.00213919
-1.998068e-08,-0.00412223
-1.993068e-08,-0.000497197
-1.988068e-08,0.0127671
-1.983068e-08,0.0177378
-1.978068e-08,0.0100758
-1.973068e-08,0.000491449
-1.968068e-08,-0.00744518
-1.963068e-08,-0.0142284
-1.958068e-08,-0.0160684
-1.953068e-08,-0.0132672
-1.948068e-08,-0.00986187
-1.943068e-08,-0.00760996
-1.938068e-08,-0.0021724
-1.933068e-08,0.00634094
-1.928068e-08,0.00496782
-1.923068e-08,-0.00675862
-1.918068e-08,-0.0115645
-1.913068e-08,-0.00733533
-1.908068e-08,-0.00994426
-1.903068e-08,-0.0230438
-1.898068e-08,-0.0290032
-1.893068e-08,-0.0213411
-1.888068e-08,-0.020023
-1.883068e-08,-0.024719
-1.878068e-08,-0.0218355
-1.873068e-08,-0.0235381
-1.868068e-08,-0.0273005
-1.863068e-08,-0.019968
-1.858068e-08,-0.0130475
-1.853068e-08,-0.0126356
-1.848068e-08,-0.0102738
-1.843068e-08,-0.00269419
-1.838068e-08,0.00573677
-1.833068e-08,0.00966389
-1.828068e-08,0.00763167
-1.823068e-08,0.00266098
-1.818068e-08,-0.00030496
-1.813068e-08,0.00139771
-1.808068e-08,0.00721973
-1.803068e-08,0.0093618
-1.798068e-08,0.00167233
-1.793068e-08,0.000106976
-1.788068e-08,0.0137009
-1.783068e-08,0.0188363
-1.778068e-08,0.00859285
-1.773068e-08,0.005929
-1.768068e-08,0.01068
-1.763068e-08,0.00947165
-1.758068e-08,0.00678034
-1.753068e-08,0.00815346
-1.748068e-08,0.01436
-1.743068e-08,0.0170513
-1.738068e-08,0.0130143
-1.733068e-08,0.016502
-1.728068e-08,0.0211706
-1.723068e-08,0.0123277
-1.718068e-08,0.00590154
-1.713068e-08,0.00930688
-1.708068e-08,0.00686272
-1.703068e-08,0.00200188
-1.698068e-08,0.000985772
-1.693068e-08,-0.00184285
-1.688068e-08,-0.00112883
-1.683068e-08,0.0029356
-1.678068e-08,0.00131532
-1.673068e-08,0.000875923
-1.668068e-08,0.00686272
-1.663068e-08,0.0134537
-1.658068e-08,0.0196602
-1.653068e-08,0.024164
-1.648068e-08,0.0261962
-1.643068e-08,0.028201
-1.638068e-08,0.0268828
-1.633068e-08,0.0184793
-1.628068e-08,0.0118609
-1.623068e-08,0.0107349
-1.618068e-08,0.00202934
-1.613068e-08,-0.0135144
-1.608068e-08,-0.022577
-1.603068e-08,-0.0204624
-1.598068e-08,-0.0143108
-1.593068e-08,-0.0174415
-1.588068e-08,-0.0257077
-1.583068e-08,-0.0234008
-1.578068e-08,-0.0148051
-1.573068e-08,-0.0160684
-1.568068e-08,-0.0201328
-1.563068e-08,-0.012663
-1.558068e-08,-0.0032709
-1.553068e-08,-3.03361e-05
-1.548068e-08,0.0010407
-1.543068e-08,0.00224904
-1.538068e-08,0.00364962
-1.533068e-08,0.00169979
-1.528068e-08,-0.00717056
-1.523068e-08,-0.0157114
-1.518068e-08,-0.0113998
-1.513068e-08,-0.00425954
-1.508068e-08,-0.00832398
-1.503068e-08,-0.0116195
-1.498068e-08,-0.00563266
-1.493068e-08,0.00150756
-1.488068e-08,-0.00121122
-1.483068e-08,-0.00980695
-1.478068e-08,-0.00848875
-1.473068e-08,-0.00489118
-1.468068e-08,-0.00733533
-1.463068e-08,-0.00741772
-1.458068e-08,-0.00406731
-1.453068e-08,0.000409062
-1.448068e-08,-0.00203509
-1.443068e-08,-0.0142559
-1.438068e-08,-0.0218355
-1.433068e-08,-0.0183752
-1.428068e-08,-0.0114547
-1.423068e-08,-0.00530311
-1.418068e-08,-0.00178793
-1.413068e-08,-0.0049461
-1.408068e-08,-0.00557774
-1.403068e-08,0.00268844
-1.398068e-08,0.00790629
-1.393068e-08,0.00700004
-1.388068e-08,0.00123293
-1.383068e-08,-0.0110702
-1.378068e-08,-0.0226868
-1.373068e-08,-0.0267787
-1.368068e-08,-0.0235107
-1.363068e-08,-0.0196934
-1.358068e-08,-0.0213411
-1.353068e-08,-0.0206821
-1.348068e-08,-0.009038
-1.343068e-08,0.00345739
-1.338068e-08,0.00856539
-1.333068e-08,0.00947165
-1.328068e-08,0.00505021
-1.323068e-08,-0.000716896
-1.318068e-08,-0.00736279
-1.313068e-08,-0.0170845
-1.308068e-08,-0.0155191
-1.303068e-08,-0.00280404
-1.298068e-08,0.00631348
-1.293068e-08,0.0117785
-1.288068e-08,0.012108
-1.283068e-08,0.00878509
-1.278068e-08,0.00938926
-1.273068e-08,0.0105427
-1.268068e-08,0.00689019
-1.263068e-08,-0.00382015
-1.258068e-08,-0.0124983
-1.253068e-08,-0.0120589
-1.248068e-08,-0.0107132
-1.243068e-08,-0.00912039
-1.238068e-08,-0.00434193
-1.233068e-08,-0.00123868
-1.228068e-08,-0.00373776
-1.223068e-08,-0.0100266
-1.218068e-08,-0.016343
-1.213068e-08,-0.0187597
-1.208068e-08,-0.0160409
-1.203068e-08,-0.0122786
-1.198068e-08,-0.0102738
-1.193068e-08,-0.0112899
-1.188068e-08,-0.0120314
-1.183068e-08,-0.00733533
-1.178068e-08,-0.0051658
-1.173068e-08,-0.00656638
-1.168068e-08,0.000326675
-1.163068e-08,0.00628601
-1.158068e-08,0.00373201
-1.153068e-08,0.0024962
-1.148068e-08,0.00480304
-1.143068e-08,0.0152388
-1.138068e-08,0.0276243
-1.133068e-08,0.0239718
-1.128068e-08,0.0123827
-1.123068e-08,0.00543468
-1.118068e-08,-0.00464402
-1.113068e-08,-0.0189519
-1.108068e-08,-0.025076
-1.103068e-08,-0.0232635
-1.098068e-08,-0.0231537
-1.093068e-08,-0.0209567
-1.088068e-08,-0.0151346
-1.083068e-08,-0.00972456
-1.078068e-08,-0.00549535
-1.073068e-08,-0.00335328
-1.068068e-08,0.00257859
-1.063068e-08,0.0101582
-1.058068e-08,0.0102131
-1.053068e-08,0.01068
-1.048068e-08,0.0177378
-1.043068e-08,0.0184244
-1.038068e-08,0.00963642
-1.033068e-08,0.00167233
-1.028068e-08,-0.00318851
-1.023068e-08,-0.00958725
-1.018068e-08,-0.0146953
-1.013068e-08,-0.0139812
-1.008068e-08,-0.0150248
-1.003068e-08,-0.0149973
-9.980678e-09,-0.00541296
-9.930678e-09,0.00161741
-9.880678e-09,-0.00318851
-9.830678e-09,-0.0112899
-9.780678e-09,-0.013789
-9.730678e-09,-0.0104935
-9.680678e-09,-0.00868099
-9.630678e-09,-0.0146403
-9.580678e-09,-0.0188695
-9.530678e-09,-0.00807682
-9.480678e-09,0.00639586
-9.430678e-09,0.00612124
-9.380678e-09,-0.000689433
-9.330678e-09,-0.00393
-9.280678e-09,-0.0109604
-9.230678e-09,-0.0199131
-9.180678e-09,-0.0221376
-9.130678e-09,-0.0198033
-9.080678e-09,-0.0184301
-9.030678e-09,-0.0157114
-8.980678e-09,-0.00769234
-8.930678e-09,0.00134278
-8.880678e-09,0.00595646
-8.830678e-09,0.00477558
-8.780678e-09,0.00128786
-8.730678e-09,-0.00717056
-8.680678e-09,-0.0229065
-8.630678e-09,-0.0243071
-8.580678e-09,-0.00997172
-8.530678e-09,-0.00629176
-8.480678e-09,-0.00983441
-8.430678e-09,-0.00862606
-8.380678e-09,-0.00332582
-8.330678e-09,0.00101323
-8.280678e-09,-0.00634669
-8.230678e-09,-0.0175788
-8.180678e-09,-0.0205447
-8.130678e-09,-0.0165902
-8.080678e-09,-0.00612699
-8.030678e-09,7.95135e-05
-7.980678e-09,-0.00508342
-7.930678e-09,-0.00272165
-7.880678e-09,0.00639586
-7.830678e-09,0.00153502
-7.780678e-09,-0.0077198
-7.730678e-09,-0.00706071
-7.680678e-09,-0.00277657
-7.630678e-09,-0.00365537
-7.580678e-09,-0.00895561
-7.530678e-09,-0.0079395
-7.480678e-09,0.00211173
-7.430678e-09,0.0108173
-7.380678e-09,0.0160077
-7.330678e-09,0.0181772
-7.280678e-09,0.0093618
-7.230678e-09,-0.00313359
-7.180678e-09,-0.00642907
-7.130678e-09,-0.00563266
-7.080678e-09,-0.0032709
-7.030678e-09,-0.00387507
-6.980678e-09,-0.0092577
-6.930678e-09,-0.000607046
-6.880678e-09,0.0102955
-6.830678e-09,0.00392425
-6.780678e-09,0.000106976
-6.730678e-09,0.00211173
-6.680678e-09,0.00172726
-6.630678e-09,0.00466573
-6.580678e-09,0.00812599
-6.530678e-09,0.0118334
-6.480678e-09,0.0195229
-6.430678e-09,0.0203193
-6.380678e-09,0.0131241
-6.330678e-09,0.0102131
-6.280678e-09,0.00785137
-6.230678e-09,0.00801614
-6.180678e-09,0.0153211
-6.130678e-09,0.020539
-6.080678e-09,0.0222142
-6.030678e-09,0.0171611
-5.980678e-09,0.00809853
-5.930678e-09,0.0101307
-5.880678e-09,0.0148543
-5.830678e-09,0.0014801
-5.780678e-09,-0.0196659
-5.730678e-09,-0.0268062
-5.680678e-09,-0.0259823
-5.630678e-09,-0.0240325
-5.580678e-09,-0.0201053
-5.530678e-09,-0.0247465
-5.480678e-09,-0.0282617
-5.430678e-09,-0.0144756
-5.380678e-09,0.00208427
-5.330678e-09,0.00859285
-5.280678e-09,0.00804361
-5.230678e-09,0.00595646
-5.180678e-09,0.00397917
-5.130678e-09,-0.00524819
-5.080678e-09,-0.0180182
-5.030678e-09,-0.0227692
-4.980678e-09,-0.0198033
-4.930678e-09,-0.01302
-4.880678e-09,-0.00533058
-4.830678e-09,0.00161741
-4.780678e-09,0.00617616
-4.730678e-09,0.00801614
-4.680678e-09,0.00856539
-4.630678e-09,0.00749436
-4.580678e-09,0.00694511
-4.530678e-09,0.00845554
-4.480678e-09,0.0131516
-4.430678e-09,0.0178202
-4.380678e-09,0.017985
-4.330678e-09,0.0202094
-4.280678e-09,0.0192757
-4.230678e-09,0.00397917
-4.180678e-09,-0.010521
-4.130678e-09,-0.0160684
-4.080678e-09,-0.0265041
-4.030678e-09,-0.0346329
-3.980678e-09,-0.0256253
-3.930678e-09,-0.010164
-3.880678e-09,-0.00379268
-3.830678e-09,-0.00316105
-3.780678e-09,0.00400663
-3.730678e-09,0.0111469
-3.680678e-09,0.00900479
-3.630678e-09,0.00598393
-3.580678e-09,0.00590154
-3.530678e-09,0.00974627
-3.480678e-09,0.0164196
-3.430678e-09,0.0160352
-3.380678e-09,0.00647825
-3.330678e-09,-0.0034906
-3.280678e-09,-0.00706071
-3.230678e-09,-0.0118941
-3.180678e-09,-0.0173316
-3.130678e-09,-0.0117568
-3.080678e-09,-0.00593475
-3.030678e-09,-0.00791204
-2.980678e-09,-0.00796697
-2.930678e-09,-0.00574251
-2.880678e-09,-0.00291389
-2.830678e-09,0.00230397
-2.780678e-09,0.00601139
-2.730678e-09,0.00925195
-2.680678e-09,0.0108722
-2.630678e-09,0.00483051
-2.580678e-09,0.00128786
-2.530678e-09,0.00691765
-2.480678e-09,0.00721973
-2.430678e-09,-0.00544043
-2.380678e-09,-0.0222749
-2.330678e-09,-0.0330401
-2.280678e-09,-0.0319966
-2.230678e-09,-0.0269984
-2.180678e-09,-0.0254056
-2.130678e-09,-0.0173042
-2.080678e-09,-0.00346313
-2.030678e-09,0.00743943
-1.980678e-09,0.0171611
-1.930678e-09,0.0160352
-1.880678e-09,-0.00357298
-1.830678e-09,-0.0204624
-1.780678e-09,-0.0251859
-1.730678e-09,-0.0308431
-1.680678e-09,-0.0319142
-1.630678e-09,-0.0281518
-1.580678e-09,-0.0329577
-1.530678e-09,-0.0327655
-1.480678e-09,-0.0201877
-1.430678e-09,-0.0147227
-1.380678e-09,-0.0171669
-1.330678e-09,-0.0205173
-1.280678e-09,-0.027685
-1.230678e-09,-0.0272456
-1.180678e-09,-0.0123609
-1.130678e-09,0.00106816
-1.080678e-09,-0.00145838
-1.030678e-09,-0.00848875
-9.806781e-10,-0.00598967
-9.306781e-10,-0.00469894
-8.806781e-10,-0.00321597
-8.306781e-10,0.00782391
-7.806781e-10,0.0128495
-7.306781e-10,0.00650571
-6.806781e-10,0.00131532
-6.306781e-10,0.000436525
-5.806781e-10,0.00623109
-5.306781e-10,0.0110095
-4.806781e-10,0.0072472
-4.306781e-10,0.0072472
-3.806781e-10,0.00620363
-3.306781e-10,0.00027175
-2.806781e-10,0.00507767
-2.306781e-10,0.0100758
-1.806781e-10,0.00741197
-1.306781e-10,0.0219396
-8.067812e-11,0.0571189
-3.067812e-11,0.102679
1.932188e-11,0.175042
6.932188e-11,0.27918
1.193219e-10,0.393423
1.693219e-10,0.5033
2.193219e-10,0.609745
2.693219e-10,0.708582
3.193219e-10,0.78674
3.693219e-10,0.841609
4.193219e-10,0.882034
4.693219e-10,0.90362
5.193219e-10,0.896589
5.693219e-10,0.887856
6.193219e-10,0.896342
6.693219e-10,0.905157
7.193219e-10,0.916774
7.693219e-10,0.93435
8.193219e-10,0.947916
8.693219e-10,0.957775
9.193219e-10,0.958434
9.693219e-10,0.953574
1.019322e-09,0.953079
1.069322e-09,0.951047
1.119322e-09,0.948878
1.169322e-09,0.948658
1.219322e-09,0.947038
1.269322e-09,0.945829
1.319322e-09,0.934295
1.369322e-09,0.915236
1.419322e-09,0.907904
1.469322e-09,0.897495
1.519322e-09,0.87591
1.569322e-09,0.862701
1.619322e-09,0.852539
1.669322e-09,0.836858
1.719322e-09,0.823869
1.769322e-09,0.816069
1.819322e-09,0.815493
1.869322e-09,0.818788
1.919322e-09,0.819942
1.969322e-09,0.822798
2.019322e-09,0.829993
2.069322e-09,0.827137
2.119322e-09,0.803656
2.169322e-09,0.784158
2.219322e-09,0.773915
2.269322e-09,0.747523
2.319322e-09,0.713772
2.369322e-09,0.69117
2.419322e-09,0.678263
2.469322e-09,0.677329
2.519322e-09,0.688177
2.569322e-09,0.696196
2.619322e-09,0.695674
2.669322e-09,0.690539
2.719322e-09,0.674995
2.769322e-09,0.662308
2.819322e-09,0.66813
2.869322e-09,0.665273
2.919322e-09,0.644924
2.969322e-09,0.627897
3.019322e-09,0.610733
3.069322e-09,0.595107
3.119322e-09,0.58739
3.169322e-09,0.577174
3.219322e-09,0.567562
3.269322e-09,0.566738
3.319322e-09,0.57289
3.369322e-09,0.582227
3.419322e-09,0.590329
3.469322e-09,0.594915
3.519322e-09,0.588049
3.569322e-09,0.573769
3.619322e-09,0.566821
3.669322e-09,0.560944
3.719322e-09,0.55125
3.769322e-09,0.543203
3.819322e-09,0.533756
3.869322e-09,0.529692
3.919322e-09,0.540182
3.969322e-09,0.547213
4.019322e-09,0.539194
4.069322e-09,0.532301
4.119322e-09,0.528126
4.169322e-09,0.517498
4.219322e-09,0.506047
4.269322e-09,0.492837
4.319322e-09,0.478007
4.369322e-09,0.471169
4.419322e-09,0.471005
4.469322e-09,0.474987
4.519322e-09,0.476305
4.569322e-09,0.471471
4.619322e-09,0.470648
4.669322e-09,0.462986
4.719322e-09,0.442444
4.769322e-09,0.432695
4.819322e-09,0.431212
4.869322e-09,0.420474
4.919322e-09,0.408308
4.969322e-09,0.398669
5.019322e-09,0.388343
5.069322e-09,0.383097
5.119322e-09,0.382768
5.169322e-09,0.381614
5.219322e-09,0.381203
5.269322e-09,0.385047
5.319322e-09,0.39032
5.369322e-09,0.391803
5.419322e-09,0.391116
5.469322e-09,0.390293
5.519322e-09,0.385432
5.569322e-09,0.376534
5.619322e-09,0.360304
5.669322e-09,0.333802
5.719322e-09,0.311613
5.769322e-09,0.306093
5.819322e-09,0.31381
5.869322e-09,0.324548
5.919322e-09,0.333665
5.969322e-09,0.344375
6.019322e-09,0.356157
6.069322e-09,0.36121
6.119322e-09,0.349154
6.169322e-09,0.334352
6.219322e-09,0.332649
6.269322e-09,0.327102
6.319322e-09,0.323751
6.369322e-09,0.335505
6.419322e-09,0.343552
6.469322e-09,0.34443
6.519322e-09,0.340531
6.569322e-09,0.324438
6.619322e-09,0.309004
6.669322e-09,0.306972
6.719322e-09,0.308537
6.769322e-09,0.307246
6.819322e-09,0.305324
6.869322e-09,0.301452
6.919322e-09,0.295355
6.969322e-09,0.292334
7.019322e-09,0.298843
7.069322e-09,0.304885
7.119322e-09,0.300271
7.169322e-09,0.295383
7.219322e-09,0.286704
7.269322e-09,0.270227
7.319322e-09,0.261192
7.369322e-09,0.253969
7.419322e-09,0.240101
7.469322e-09,0.234471
7.519322e-09,0.238728
7.569322e-09,0.238343
7.619322e-09,0.235377
7.669322e-09,0.232713
7.719322e-09,0.224777
7.769322e-09,0.222442
7.819322e-09,0.227139
7.869322e-09,0.223102
7.919322e-09,0.214918
7.969322e-09,0.215494
8.019322e-09,0.223596
8.069322e-09,0.228292
8.119322e-09,0.225271
8.169322e-09,0.223541
8.219322e-09,0.230764
8.269322e-09,0.240705
8.319322e-09,0.236915
8.369322e-09,0.221536
8.419322e-09,0.209068
8.469322e-09,0.197754
8.519322e-09,0.19152
8.569322e-09,0.196848
8.619322e-09,0.20061
8.669322e-09,0.192563
8.719322e-09,0.178503
8.769322e-09,0.172955
8.819322e-09,0.176498
8.869322e-09,0.172241
8.919322e-09,0.168616
8.969322e-09,0.179217
9.019322e-09,0.188609
9.069322e-09,0.191575
9.119322e-09,0.195776
9.169322e-09,0.203054
9.219322e-09,0.206981
9.269322e-09,0.197699
9.319322e-09,0.189625
9.369322e-09,0.190668
9.419322e-09,0.180507
9.469322e-09,0.166474
9.519322e-09,0.165925
9.569322e-09,0.158263
9.619322e-09,0.141181
9.669322e-09,0.138243
9.719322e-09,0.14044
9.769322e-09,0.139836
9.819322e-09,0.140495
9.869322e-09,0.139122
9.919322e-09,0.140385
9.969322e-09,0.140522
1.001932e-08,0.147003
1.006932e-08,0.164799
1.011932e-08,0.166199
1.016932e-08,0.153045
1.021932e-08,0.144806
1.026932e-08,0.141676
1.031932e-08,0.142637
1.036932e-08,0.138902
1.041932e-08,0.135881
1.046932e-08,0.143927
1.051932e-08,0.147086
1.056932e-08,0.142994
1.061932e-08,0.142609
1.066932e-08,0.138819
1.071932e-08,0.131487
1.076932e-08,0.123825
1.081932e-08,0.106277
1.086932e-08,0.086586
1.091932e-08,0.0818076
1.096932e-08,0.088783
1.101932e-08,0.0926003
1.106932e-08,0.0852129
1.111932e-08,0.0807915
1.116932e-08,0.0842517
1.121932e-08,0.0748871
1.126932e-08,0.0598377
1.131932e-08,0.0535213
1.136932e-08,0.0445686
1.141932e-08,0.0398176
1.146932e-08,0.0551141
1.151932e-08,0.0867783
1.156932e-08,0.117591
1.161932e-08,0.124347
1.166932e-08,0.114762
1.171932e-08,0.110918
1.176932e-08,0.105727
1.181932e-08,0.097928
1.186932e-08,0.0976808
1.191932e-08,0.100262
1.196932e-08,0.0964725
1.201932e-08,0.0819174
1.206932e-08,0.0641493
1.211932e-08,0.0556359
1.216932e-08,0.0556634
1.221932e-08,0.0575583
1.226932e-08,0.0636
1.231932e-08,0.0707402
1.236932e-08,0.0688179
1.241932e-08,0.0662913
1.246932e-08,0.0721134
1.251932e-08,0.0798303
1.256932e-08,0.0801873
1.261932e-08,0.0709599
1.266932e-08,0.0607165
1.271932e-08,0.0520933
1.276932e-08,0.044596
1.281932e-08,0.0443214
1.286932e-08,0.0539882
1.291932e-08,0.0621994
1.296932e-08,0.0556359
1.301932e-08,0.0456945
1.306932e-08,0.0452551
1.311932e-08,0.0441841
1.316932e-08,0.0375931
1.321932e-08,0.0330893
1.326932e-08,0.0331168
1.331932e-08,0.0320732
1.336932e-08,0.0276518
1.341932e-08,0.0252351
1.346932e-08,0.0283658
1.351932e-08,0.0379227
1.356932e-08,0.0534939
1.361932e-08,0.0634902
1.366932e-08,0.0584645
1.371932e-08,0.0512145
1.376932e-08,0.0462438
1.381932e-08,0.0345448
1.386932e-08,0.0262237
1.391932e-08,0.0266082
1.396932e-08,0.0260864
1.401932e-08,0.0306452
1.406932e-08,0.0422617
1.411932e-08,0.0451728
1.416932e-08,0.03806
1.421932e-08,0.0299586
1.426932e-08,0.0218572
1.431932e-08,0.0195503
1.436932e-08,0.0235873
1.441932e-08,0.0237796
1.446932e-08,0.0273497
1.451932e-08,0.0350117
1.456932e-08,0.0338308
1.461932e-08,0.0331442
1.466932e-08,0.0381424
1.471932e-08,0.0361926
1.476932e-08,0.0269927
1.481932e-08,0.0229557
1.486932e-08,0.0252625
1.491932e-08,0.0242739
1.496932e-08,0.02161
1.501932e-08,0.023093
1.506932e-08,0.0218297
1.511932e-08,0.0165569
1.516932e-08,0.0177378
1.521932e-08,0.0225163
1.526932e-08,0.0205665
1.531932e-08,0.0150465
1.536932e-08,0.00903225
1.541932e-08,0.00307291
1.546932e-08,0.00859285
1.551932e-08,0.0182047
1.556932e-08,0.0139755
1.561932e-08,0.00862032
1.566932e-08,0.0101307
1.571932e-08,0.012877
1.576932e-08,0.0234775
1.581932e-08,0.0396528
1.586932e-08,0.0526974
1.591932e-08,0.0581075
1.596932e-08,0.0536037
1.601932e-08,0.0449531
1.606932e-08,0.0336111
1.611932e-08,0.0231479
1.616932e-08,0.022022
1.621932e-08,0.0217199
1.626932e-08,0.0179575
1.631932e-08,0.0259491
1.636932e-08,0.0416576
1.641932e-08,0.0423441
1.646932e-08,0.0352863
1.651932e-08,0.0361376
1.656932e-08,0.03438
1.661932e-08,0.0264709
1.666932e-08,0.0246034
1.671932e-08,0.024521
1.676932e-08,0.0165844
1.681932e-08,0.0133713
1.686932e-08,0.0182596
1.691932e-08,0.0202644
1.696932e-08,0.0246309
1.701932e-08,0.0294093
1.706932e-08,0.0264709
1.711932e-08,0.0232028
1.716932e-08,0.0243563
1.721932e-08,0.0229282
1.726932e-08,0.0130967
1.731932e-08,0.00505021
1.736932e-08,0.00595646
1.741932e-08,0.00694511
1.746932e-08,0.00776898
1.751932e-08,0.0142501
1.756932e-08,0.0191109
1.761932e-08,0.0111469
1.766932e-08,0.00027175
1.771932e-08,-0.00274911
1.776932e-08,-0.00354552
1.781932e-08,-0.000387347
1.786932e-08,0.00378694
1.791932e-08,0.00208427
1.796932e-08,-0.0015133
1.801932e-08,-0.00491864
1.806932e-08,-0.00302374
1.811932e-08,0.00084846
1.816932e-08,-0.00236464
1.821932e-08,-0.00640161
1.826932e-08,-0.00563266
1.831932e-08,-0.00214494
1.836932e-08,0.00222158
1.841932e-08,0.00485797
1.846932e-08,0.00282575
1.851932e-08,0.00323769
1.856932e-08,0.00894986
1.861932e-08,0.00765913
1.866932e-08,0.00323769
1.871932e-08,0.00342992
1.876932e-08,-0.00214494
1.881932e-08,-0.00585236
1.886932e-08,0.00683526
1.891932e-08,0.018342
1.896932e-08,0.0182871
1.901932e-08,0.0188912
1.906932e-08,0.0180125
1.911932e-08,0.0132615
1.916932e-08,0.00620363
1.921932e-08,-0.00527565
1.926932e-08,-0.0106034
1.931932e-08,-0.00785712
1.936932e-08,-0.00436939
1.941932e-08,0.000875923
1.946932e-08,0.00524244
1.951932e-08,0.00790629
1.956932e-08,0.00982866
1.961932e-08,0.00661556
1.966932e-08,-0.00154077
1.971932e-08,-0.00156823
1.976932e-08,0.012877
1.981932e-08,0.0195778
1.986932e-08,0.0141677
1.991932e-08,0.0165569
1.996932e-08,0.0203193
2.001932e-08,0.017985
2.006932e-08,0.0182322
2.011932e-08,0.021665
2.016932e-08,0.0207587
2.021932e-08,0.0104054
2.026932e-08,-0.00456163
2.031932e-08,-0.0107681
2.036932e-08,-0.00288642
2.041932e-08,0.00266098
2.046932e-08,0.0024962
2.051932e-08,0.0074669
2.056932e-08,0.00645079
2.061932e-08,-0.0030512
2.066932e-08,-0.00821413
2.071932e-08,-0.00939501
2.076932e-08,-0.0114272
2.081932e-08,-0.0128278
2.086932e-08,-0.0109604
2.091932e-08,-0.00568759
2.096932e-08,0.00205681
2.101932e-08,0.0109272
2.106932e-08,0.0189736
2.111932e-08,0.0199348
2.116932e-08,0.0144973
2.121932e-08,0.0165569
2.126932e-08,0.0222966
2.131932e-08,0.0152937
2.136932e-08,0.00304545
2.141932e-08,0.00123293
2.146932e-08,0.0042538
2.151932e-08,0.00106816
2.156932e-08,-0.00544043
2.161932e-08,-0.00917531
2.166932e-08,-0.00502849
2.171932e-08,0.00109562
2.176932e-08,-0.00338075
2.181932e-08,-0.00832398
2.186932e-08,-0.00568759
2.191932e-08,-0.00675862
2.196932e-08,-0.0111251
2.201932e-08,-0.00796697
2.206932e-08,-0.00513834
2.211932e-08,-0.0171394
2.216932e-08,-0.0262569
2.221932e-08,-0.0178534
2.226932e-08,-0.0103287
2.231932e-08,-0.00508342
2.236932e-08,0.0022765
2.241932e-08,-0.000744358
2.246932e-08,-0.00393
2.251932e-08,0.0027159
2.256932e-08,0.00675287
2.261932e-08,0.00735705
2.266932e-08,0.00653317
2.271932e-08,-0.00211748
2.276932e-08,-0.0126905
2.281932e-08,-0.0142833
2.286932e-08,-0.0113723
2.291932e-08,-0.0133221
2.296932e-08,-0.0138714
2.301932e-08,-0.00689593
2.306932e-08,-5.77984e-05
2.311932e-08,0.00417141
2.316932e-08,0.00590154
2.321932e-08,0.00422633
2.326932e-08,0.000875923
2.331932e-08,-0.00505595
2.336932e-08,-0.00890069
2.341932e-08,-0.00681355
2.346932e-08,-0.010466
2.351932e-08,-0.0230438
2.356932e-08,-0.0226868
2.361932e-08,-0.0112625
2.366932e-08,-0.0140636
2.371932e-08,-0.0178809
2.376932e-08,-0.00944993
2.381932e-08,-0.00774727
2.386932e-08,-0.0115371
2.391932e-08,-0.0128827
2.396932e-08,-0.0142559
2.401932e-08,-0.011235
2.406932e-08,-0.011949
2.411932e-08,-0.0202701
2.416932e-08,-0.0227143
2.421932e-08,-0.017057
2.426932e-08,-0.0112625
2.431932e-08,-0.0107407
2.436932e-08,-0.0113723
2.441932e-08,-0.010466
2.446932e-08,-0.0145854
2.451932e-08,-0.0207095
2.456932e-08,-0.0236755
2.461932e-08,-0.030596
2.466932e-08,-0.0370496
2.471932e-08,-0.0332873
2.476932e-08,-0.0299094
2.481932e-08,-0.026559
2.486932e-08,-0.0188421
2.491932e-08,-0.0213411
2.496932e-08,-0.0256527
2.501932e-08,-0.0227417
2.506932e-08,-0.0255978
2.511932e-08,-0.0268886
2.516932e-08,-0.0230987
2.521932e-08,-0.0273829
2.526932e-08,-0.0288658
2.531932e-08,-0.0169746
2.536932e-08,-0.00840636
2.541932e-08,-0.00923024
2.546932e-08,-0.0094774
2.551932e-08,-0.011592
2.556932e-08,-0.0168922
2.561932e-08,-0.0182379
2.566932e-08,-0.0144206
2.571932e-08,-0.0103287
2.576932e-08,-0.0160684
2.581932e-08,-0.0245542
2.586932e-08,-0.0214785
2.591932e-08,-0.0191716
2.596932e-08,-0.0188146
2.601932e-08,-0.00791204
2.606932e-08,-0.00143092
2.611932e-08,-0.00395746
2.616932e-08,-2.87366e-06
2.621932e-08,-0.000497197
2.626932e-08,-0.00522073
2.631932e-08,0.00172726
2.636932e-08,0.00535229
2.641932e-08,0.00362216
2.646932e-08,0.00304545
2.651932e-08,-0.00244703
2.656932e-08,-0.0047264
2.661932e-08,-0.00480879
2.666932e-08,-0.00530311
2.671932e-08,-0.00456163
2.676932e-08,-0.0107956
2.681932e-08,-0.015629
2.686932e-08,-0.011235
2.691932e-08,-0.00552281
2.696932e-08,0.00252367
2.701932e-08,0.00807107
2.706932e-08,0.00518752
2.711932e-08,0.00392425
2.716932e-08,0.00411648
2.721932e-08,-0.00159569
2.726932e-08,-0.0106583
2.731932e-08,-0.0173591
2.736932e-08,-0.0189245
2.741932e-08,-0.0132397
2.746932e-08,-0.00296881
2.751932e-08,0.0024962
2.756932e-08,0.00208427
2.761932e-08,-3.03361e-05
2.766932e-08,0.00137025
2.771932e-08,0.00603885
2.776932e-08,-0.000661971
2.781932e-08,-0.015986
2.786932e-08,-0.0218904
2.791932e-08,-0.0227967
2.796932e-08,-0.0263393
2.801932e-08,-0.0236205
2.806932e-08,-0.0126081
2.811932e-08,-0.00154077
2.816932e-08,0.000601299
2.821932e-08,-0.00346313
2.826932e-08,0.000354137
2.831932e-08,0.00260605
2.836932e-08,-0.00590729
2.841932e-08,-0.00862606
2.846932e-08,-0.00587982
2.851932e-08,-0.00324344
2.856932e-08,-0.000964057
2.861932e-08,-0.0069234
2.866932e-08,-0.0113723
2.871932e-08,-0.0051658
2.876932e-08,-0.000607046
2.881932e-08,-0.00145838
2.886932e-08,-0.00467148
2.891932e-08,-0.00980695
2.896932e-08,-0.00717056
2.901932e-08,0.00178218
2.906932e-08,0.0109272
2.911932e-08,0.0176005
2.916932e-08,0.00384186
2.921932e-08,-0.0178534
2.926932e-08,-0.0179084
2.931932e-08,-0.0104386
2.936932e-08,-0.0106857
2.941932e-08,-0.0110153
2.946932e-08,-0.010878
2.951932e-08,-0.0193364
2.956932e-08,-0.0344132
2.961932e-08,-0.0382305
2.966932e-08,-0.0330127
2.971932e-08,-0.0358138
2.976932e-08,-0.0371869
2.981932e-08,-0.0258724
2.986932e-08,-0.0148875
2.991932e-08,-0.0113448
2.996932e-08,-0.00840636
3.001932e-08,-0.00557774
3.006932e-08,-0.00923024
3.011932e-08,-0.0194737
3.016932e-08,-0.0255978
3.021932e-08,-0.0170296
3.026932e-08,-0.0032709
3.031932e-08,0.00392425
3.036932e-08,0.0140029
3.041932e-08,0.0225437
3.046932e-08,0.0180674
3.051932e-08,0.0149367
3.056932e-08,0.0198799
3.061932e-08,0.0247682
3.066932e-08,0.0271849
3.071932e-08,0.0246584
3.076932e-08,0.0184519
3.081932e-08,0.0171337
3.086932e-08,0.0209784
3.091932e-08,0.0215826
3.096932e-08,0.0179026
3.101932e-08,0.0167492
3.106932e-08,0.0195503
3.111932e-08,0.0217748
3.116932e-08,0.0261413
3.121932e-08,0.0296016
3.126932e-08,0.0224064
3.131932e-08,0.0133164
3.136932e-08,0.00727466
3.141932e-08,-0.00291389
3.146932e-08,-0.00398492
3.151932e-08,0.00650571
3.156932e-08,0.0102955
3.161932e-08,0.0168041
3.166932e-08,0.0267455
3.171932e-08,0.0214178
3.176932e-08,0.0146895
3.181932e-08,0.0204291
3.186932e-08,0.0264434
3.191932e-08,0.0236972
3.196932e-08,0.0169414
3.201932e-08,0.0137558
3.206932e-08,0.0168865
3.211932e-08,0.0219396
3.216932e-08,0.0170238
3.221932e-08,0.00304545
3.226932e-08,-0.00785712
3.231932e-08,-0.0113174
3.236932e-08,-0.0108505
3.241932e-08,-0.0142284
3.246932e-08,-0.0161508
3.251932e-08,-0.00579744
3.256932e-08,0.00710988
3.261932e-08,0.0101582
3.266932e-08,0.00845554
3.271932e-08,0.0109546
3.276932e-08,0.0124376
3.281932e-08,0.00386932
3.286932e-08,-0.00620937
3.291932e-08,-0.00508342
3.296932e-08,0.00216665
3.301932e-08,0.00318276
3.306932e-08,-0.000250035
3.311932e-08,0.00120547
3.316932e-08,0.00312784
3.321932e-08,0.00222158
3.326932e-08,0.000491449
3.331932e-08,-0.00601714
3.336932e-08,-0.00986187
3.341932e-08,-0.00629176
3.346932e-08,-0.00744518
3.351932e-08,-0.0129377
3.356932e-08,-0.00942247
3.361932e-08,0.000216825
3.366932e-08,0.000546374
3.371932e-08,-0.00508342
3.376932e-08,-0.00502849
3.381932e-08,-0.00491864
3.386932e-08,-0.00615445
3.391932e-08,0.000299213
3.396932e-08,0.00480304
3.401932e-08,-0.000607046
3.406932e-08,0.000299213
3.411932e-08,0.00329261
3.416932e-08,-0.00522073
3.421932e-08,-0.0110977
3.426932e-08,-0.0108505
3.431932e-08,-0.011949
3.436932e-08,-0.00980695
3.441932e-08,-0.00892815
3.446932e-08,-0.0149424
3.451932e-08,-0.0167549
3.456932e-08,-0.00870845
3.461932e-08,-0.00170554
3.466932e-08,-0.00376522
3.471932e-08,-0.0145579
3.476932e-08,-0.0259823
3.481932e-08,-0.0271906
3.486932e-08,-0.025488
3.491932e-08,-0.0276026
3.496932e-08,-0.0283441
3.501932e-08,-0.0328204
3.506932e-08,-0.035347
3.511932e-08,-0.0306234
3.516932e-08,-0.0337267
3.521932e-08,-0.0385875
3.526932e-08,-0.0320789
3.531932e-08,-0.0195836
3.536932e-08,-0.0053855
3.541932e-08,0.00598393
3.546932e-08,0.00952657
3.551932e-08,0.00804361
3.556932e-08,0.0112292
3.561932e-08,0.0152662
3.566932e-08,0.00554453
3.571932e-08,-0.0106857
3.576932e-08,-0.0232086
3.581932e-08,-0.0327106
3.586932e-08,-0.0334521
3.591932e-08,-0.0311178
3.596932e-08,-0.0339464
3.601932e-08,-0.0296623
3.606932e-08,-0.017414
3.611932e-08,-0.0129377
3.616932e-08,-0.0124708
3.621932e-08,-0.00848875
3.626932e-08,-0.0106308
3.631932e-08,-0.0225495
3.636932e-08,-0.0320789
3.641932e-08,-0.0325183
3.646932e-08,-0.0331225
3.651932e-08,-0.0399332
3.656932e-08,-0.0475952
3.661932e-08,-0.0461122
3.666932e-08,-0.035292
3.671932e-08,-0.033507
3.676932e-08,-0.0432836
3.681932e-08,-0.0459474
3.686932e-08,-0.0444645
3.691932e-08,-0.0495999
3.696932e-08,-0.0527307
3.701932e-08,-0.0505337
3.706932e-08,-0.049188
3.711932e-08,-0.0465242
3.716932e-08,-0.039686
3.721932e-08,-0.0307882
3.726932e-08,-0.0237578
3.731932e-08,-0.0246641
3.736932e-08,-0.0273829
3.741932e-08,-0.017826
3.746932e-08,-0.00741772
3.751932e-08,-0.0137615
3.756932e-08,-0.0224671
3.761932e-08,-0.0221925
3.766932e-08,-0.0270533
3.771932e-08,-0.0404824
3.776932e-08,-0.047403
3.781932e-08,-0.04224
3.786932e-08,-0.0362258
3.791932e-08,-0.0331225
3.796932e-08,-0.0301566
3.801932e-08,-0.0311452
3.806932e-08,-0.0325183
3.811932e-08,-0.0328204
3.816932e-08,-0.0364455
3.821932e-08,-0.0399057
3.826932e-08,-0.0417457
3.831932e-08,-0.0442448
3.836932e-08,-0.041883
3.841932e-08,-0.0324634
3.846932e-08,-0.0327655
3.851932e-08,-0.0440525
3.856932e-08,-0.0478149
3.861932e-08,-0.0419654
3.866932e-08,-0.0306509
3.871932e-08,-0.0220552
3.876932e-08,-0.0269709
3.881932e-08,-0.0360061
3.886932e-08,-0.0350998
3.891932e-08,-0.0333147
3.896932e-08,-0.0444096
3.901932e-08,-0.0591294
3.906932e-08,-0.0597885
3.911932e-08,-0.0493528
3.916932e-08,-0.0457003
3.921932e-08,-0.0479522
3.926932e-08,-0.0424323
3.931932e-08,-0.0370496
3.936932e-08,-0.0376263
3.941932e-08,-0.0327655
3.946932e-08,-0.0291954
3.951932e-08,-0.034221
3.956932e-08,-0.0420478
3.961932e-08,-0.0449039
3.966932e-08,-0.0339189
3.971932e-08,-0.0193639
3.976932e-08,-0.0142009
3.981932e-08,-0.0136242
3.986932e-08,-0.0103562
3.991932e-08,-0.00928516
3.996932e-08,-0.0174415
4.001932e-08,-0.0265041
4.006932e-08,-0.0252957
4.011932e-08,-0.0196385
4.016932e-08,-0.0251584
4.021932e-08,-0.0282891
4.026932e-08,-0.0147227
4.031932e-08,-0.00865353
4.036932e-08,-0.0127454
4.041932e-08,-0.0151621
4.046932e-08,-0.0237029
4.051932e-08,-0.0296348
4.056932e-08,-0.0233734
4.061932e-08,-0.0164254
4.066932e-08,-0.0187597
4.071932e-08,-0.0244169
4.076932e-08,-0.0254056
4.081932e-08,-0.032024
4.086932e-08,-0.0435033
4.091932e-08,-0.0445469
4.096932e-08,-0.0457552
4.101932e-08,-0.0564381
4.106932e-08,-0.0647866
4.111932e-08,-0.067478
4.116932e-08,-0.0680821
4.121932e-08,-0.068549
4.126932e-08,-0.0695102
4.131932e-08,-0.0672308
4.136932e-08,-0.0617658
4.141932e-08,-0.0545432
4.146932e-08,-0.0456728
4.151932e-08,-0.0386425
4.156932e-08,-0.0308706
4.161932e-08,-0.0249662
4.166932e-08,-0.0282067
4.171932e-08,-0.0310903
4.176932e-08,-0.0343034
4.181932e-08,-0.0463594
4.186932e-08,-0.0581957
4.191932e-08,-0.0667914
4.196932e-08,-0.0687687
4.201932e-08,-0.0562458
4.206932e-08,-0.0381481
4.211932e-08,-0.0279596
4.216932e-08,-0.0280145
4.221932e-08,-0.0314198
4.226932e-08,-0.0371869
4.231932e-08,-0.045151
4.236932e-08,-0.049902
4.241932e-08,-0.0527581
4.246932e-08,-0.0542686
4.251932e-08,-0.0516322
4.256932e-08,-0.0491331
4.261932e-08,-0.0463594
4.266932e-08,-0.0380657
4.271932e-08,-0.0341112
4.276932e-08,-0.0377637
4.281932e-08,-0.0434484
4.286932e-08,-0.04776
4.291932e-08,-0.0446567
4.296932e-08,-0.0398508
4.301932e-08,-0.0293602
4.306932e-08,-0.0165078
4.311932e-08,-0.0240874
4.316932e-08,-0.0382854
4.321932e-08,-0.0374066
4.326932e-08,-0.0335344
4.331932e-08,-0.0395212
4.336932e-08,-0.0443546
4.341932e-08,-0.0363631
4.346932e-08,-0.0280694
4.351932e-08,-0.0320515
4.356932e-08,-0.0409218
4.361932e-08,-0.0423773
4.366932e-08,-0.0387798
4.371932e-08,-0.0361708
4.376932e-08,-0.0309255
4.381932e-08,-0.0243345
4.386932e-08,-0.0188146
4.391932e-08,-0.0139812
4.396932e-08,-0.0115096
4.401932e-08,-0.0111801
4.406932e-08,-0.0167824
4.411932e-08,-0.0302939
4.416932e-08,-0.0381481
4.421932e-08,-0.0389995
4.426932e-08,-0.0458651
4.431932e-08,-0.051742
4.436932e-08,-0.0522089
4.441932e-08,-0.0537193
4.446932e-08,-0.0455904
4.451932e-08,-0.0283441
4.456932e-08,-0.0264217
4.461932e-08,-0.0367201
4.466932e-08,-0.0361708
4.471932e-08,-0.0307882
4.476932e-08,-0.0343858
4.481932e-08,-0.0395762
4.486932e-08,-0.0354294
4.491932e-08,-0.0295799
4.496932e-08,-0.031667
4.501932e-08,-0.0291405
4.506932e-08,-0.0201053
4.511932e-08,-0.020023
4.516932e-08,-0.0249387
4.521932e-08,-0.026559
4.526932e-08,-0.0274378
4.531932e-08,-0.0293052
4.536932e-08,-0.027987
4.541932e-08,-0.023291
4.546932e-08,-0.0291405
4.551932e-08,-0.0399606
4.556932e-08,-0.0399881
4.561932e-08,-0.0406472
4.566932e-08,-0.0460024
4.571932e-08,-0.0438328
4.576932e-08,-0.0301291
4.581932e-08,-0.0114822
4.586932e-08,-0.00159569
4.591932e-08,-0.00637415
4.596932e-08,-0.0131574
4.601932e-08,-0.00931262
4.606932e-08,-0.00434193
4.611932e-08,-0.00656638
4.616932e-08,-0.00760996
4.621932e-08,-0.00123868
4.626932e-08,0.00257859
4.631932e-08,-0.00791204
4.636932e-08,-0.0232361
4.641932e-08,-0.0296623
4.646932e-08,-0.0260921
4.651932e-08,-0.0232635
4.656932e-08,-0.0260647
4.661932e-08,-0.0263942
4.666932e-08,-0.0219728
4.671932e-08,-0.0149699
4.676932e-08,-0.0121412
4.681932e-08,-0.0122236
4.686932e-08,-0.00876338
4.691932e-08,-0.0121138
4.696932e-08,-0.0247465
4.701932e-08,-0.0306234
4.706932e-08,-0.0264217
4.711932e-08,-0.0268062
4.716932e-08,-0.035704
4.721932e-08,-0.0397959
4.726932e-08,-0.03131
4.731932e-08,-0.0195012
4.736932e-08,-0.0139538
4.741932e-08,-0.00936755
4.746932e-08,-0.0060446
4.751932e-08,-0.00796697
4.756932e-08,-0.00546789
4.761932e-08,-0.00110137
4.766932e-08,-0.0060446
4.771932e-08,-0.00955978
4.776932e-08,-0.00417716
4.781932e-08,-0.00568759
4.786932e-08,-0.0148875
4.791932e-08,-0.0132397
4.796932e-08,-0.00708817
4.801932e-08,-0.00906546
4.806932e-08,-0.0121687
4.811932e-08,-0.0176887
4.816932e-08,-0.0250211
4.821932e-08,-0.0274927
4.826932e-08,-0.0336168
4.831932e-08,-0.0408944
4.836932e-08,-0.0420203
4.841932e-08,-0.0460298
4.846932e-08,-0.0423224
4.851932e-08,-0.0246916
4.856932e-08,-0.0186773
4.861932e-08,-0.019968
4.866932e-08,-0.00931262
4.871932e-08,-0.00266673
4.876932e-08,-0.00703324
4.881932e-08,-0.0103013
4.886932e-08,-0.0117019
4.891932e-08,-0.013789
4.896932e-08,-0.0140636
4.901932e-08,-0.0125806
4.906932e-08,-0.0141185
4.911932e-08,-0.0157937
4.916932e-08,-0.0156015
4.921932e-08,-0.0175239
4.926932e-08,-0.0221925
4.931932e-08,-0.0319966
4.936932e-08,-0.0401529
4.941932e-08,-0.0402627
4.946932e-08,-0.0441899
4.951932e-08,-0.0496823
4.956932e-08,-0.0436681
4.961932e-08,-0.0337541
4.966932e-08,-0.0264217
4.971932e-08,-0.0206546
4.976932e-08,-0.0240599
4.981932e-08,-0.0322712
4.986932e-08,-0.0337267
4.991932e-08,-0.032738
4.996932e-08,-0.0331225
5.001932e-08,-0.0327655
5.006932e-08,-0.0273829
5.011932e-08,-0.0146403
5.016932e-08,-0.00467148
5.021932e-08,-0.0030512
5.026932e-08,-0.00876338
5.031932e-08,-0.0138714
5.036932e-08,-0.00453417
5.041932e-08,0.00392425
5.046932e-08,0.00208427
5.051932e-08,0.00851047
5.056932e-08,0.0108722
5.061932e-08,-0.000497197
5.066932e-08,-0.00362791
5.071932e-08,-0.00585236
5.076932e-08,-0.0186498
5.081932e-08,-0.0234283
5.086932e-08,-0.0237029
5.091932e-08,-0.0374341
5.096932e-08,-0.0462221
5.101932e-08,-0.0304312
5.106932e-08,-0.0137066
5.111932e-08,-0.0146678
5.116932e-08,-0.0205997
5.121932e-08,-0.027685
5.126932e-08,-0.0349076
5.131932e-08,-0.0341661
5.136932e-08,-0.0346604
5.141932e-08,-0.0355117
5.146932e-08,-0.0256253
5.151932e-08,-0.0202427
5.156932e-08,-0.024005
5.161932e-08,-0.0186773
5.166932e-08,-0.00780219
5.171932e-08,-0.00953232
5.176932e-08,-0.0209018
5.181932e-08,-0.0253507
5.186932e-08,-0.022165
5.191932e-08,-0.0256802
5.196932e-08,-0.0361159
5.201932e-08,-0.0367201
5.206932e-08,-0.0296897
5.211932e-08,-0.0248838
5.216932e-08,-0.0194737
5.221932e-08,-0.0184851
5.226932e-08,-0.0230438
5.231932e-08,-0.0275476
5.236932e-08,-0.0344407
5.241932e-08,-0.0395762
5.246932e-08,-0.0330127
5.251932e-08,-0.0218904
5.256932e-08,-0.017057
5.261932e-08,-0.0135144
5.266932e-08,-0.0104935
5.271932e-08,-0.00972456
5.276932e-08,-0.00873591
5.281932e-08,-0.00923024
5.286932e-08,-0.00796697
5.291932e-08,-0.0112625
5.296932e-08,-0.0248563
5.301932e-08,-0.0318318
5.306932e-08,-0.0312825
5.311932e-08,-0.0346604
5.316932e-08,-0.0403451
5.321932e-08,-0.043366
5.326932e-08,-0.0340837
5.331932e-08,-0.0151896
5.336932e-08,-0.00280404
5.341932e-08,0.000326675
5.346932e-08,0.00326515
5.351932e-08,0.00804361
5.356932e-08,0.00128786
5.361932e-08,-0.0176612
5.366932e-08,-0.0243895
5.371932e-08,-0.0153543
5.376932e-08,-0.0139538
5.381932e-08,-0.0193913
5.386932e-08,-0.0116469
5.391932e-08,0.00158994
5.396932e-08,0.00815346
5.401932e-08,0.0137832
5.406932e-08,0.0104603
5.411932e-08,-0.00200763
5.416932e-08,-0.0118666
5.421932e-08,-0.0199955
5.426932e-08,-0.0224671
5.431932e-08,-0.0218355
5.436932e-08,-0.0288109
5.441932e-08,-0.037846
5.446932e-08,-0.0405648
5.451932e-08,-0.0390544
5.456932e-08,-0.036061
5.461932e-08,-0.030596
5.466932e-08,-0.0241972
5.471932e-08,-0.0232635
5.476932e-08,-0.0276026
5.481932e-08,-0.0281793
5.486932e-08,-0.0233184
5.491932e-08,-0.0230438
5.496932e-08,-0.0301291
5.501932e-08,-0.0314198
5.506932e-08,-0.0159585
5.511932e-08,0.000409062
5.516932e-08,-0.00447924
5.521932e-08,-0.0106857
5.526932e-08,0.00123293
5.531932e-08,0.00716481
5.536932e-08,-0.000277498
5.541932e-08,-0.00527565
5.546932e-08,-0.00439686
5.551932e-08,0.000518912
5.556932e-08,0.00180964
5.561932e-08,-0.00395746
5.566932e-08,-0.00840636
5.571932e-08,-0.00961471
5.576932e-08,-0.0122786
5.581932e-08,-0.0126905
5.586932e-08,-0.00788458
5.591932e-08,-0.00620937
5.596932e-08,-0.0056052
5.601932e-08,0.00252367
5.606932e-08,0.00510513
5.611932e-08,-0.00725294
5.616932e-08,-0.0161233
5.621932e-08,-0.0139263
5.626932e-08,-0.00953232
5.631932e-08,-0.00101898
5.636932e-08,0.00411648
5.641932e-08,0.00115055
5.646932e-08,0.00224904
5.651932e-08,-0.000222573
5.656932e-08,-0.010521
5.661932e-08,-0.0146678
5.666932e-08,-0.0154093
5.671932e-08,-0.0204349
5.676932e-08,-0.0245542
5.681932e-08,-0.0234008
5.686932e-08,-0.0240599
5.691932e-08,-0.0299369
5.696932e-08,-0.0299918
5.701932e-08,-0.0243071
5.706932e-08,-0.0206821
5.711932e-08,-0.0169472
5.716932e-08,-0.0164803
5.721932e-08,-0.0153269
5.726932e-08,-0.00802189
5.731932e-08,-0.00524819
5.736932e-08,-0.00656638
5.741932e-08,-0.00126614
5.746932e-08,0.0102131
5.751932e-08,0.0193306
5.756932e-08,0.0233402
5.761932e-08,0.0257019
5.766932e-08,0.0208411
5.771932e-08,0.0038144
5.776932e-08,-0.0104111
5.781932e-08,-0.0113998
5.786932e-08,-0.0134594
5.791932e-08,-0.0230987
5.796932e-08,-0.0259548
5.801932e-08,-0.0164254
5.806932e-08,-0.00475387
5.811932e-08,-0.00274911
5.816932e-08,-0.0118941
5.821932e-08,-0.0208194
5.826932e-08,-0.0229614
5.831932e-08,-0.0237304
5.836932e-08,-0.0274103
5.841932e-08,-0.03315
5.846932e-08,-0.0284539
5.851932e-08,-0.0100266
5.856932e-08,-0.0034906
5.861932e-08,-0.00785712
5.866932e-08,-0.00088167
5.871932e-08,0.00466573
5.876932e-08,-0.000716896
5.881932e-08,-0.00409477
5.886932e-08,-0.00420462
5.891932e-08,-0.00821413
5.896932e-08,-0.0114822
5.901932e-08,-0.00425954
5.906932e-08,0.00535229
5.911932e-08,0.00919703
5.916932e-08,0.0163922
5.921932e-08,0.0238345
5.926932e-08,0.0259765
5.931932e-08,0.0281186
5.936932e-08,0.0229008
5.941932e-08,0.0108722
5.946932e-08,0.005929
5.951932e-08,0.0116137
5.956932e-08,0.0156781
5.961932e-08,0.00373201
5.966932e-08,-0.0116195
5.971932e-08,-0.00744518
5.976932e-08,0.00678034
5.981932e-08,0.00521498
5.986932e-08,-0.00505595
5.991932e-08,-0.0085986
5.996932e-08,-0.0138988
6.001932e-08,-0.0184027
6.006932e-08,-0.0224396
6.011932e-08,-0.0278772
6.016932e-08,-0.0171394
6.021932e-08,-0.00398492
6.026932e-08,-0.00620937
6.031932e-08,-0.00574251
6.036932e-08,0.00323769
6.041932e-08,0.0116137
6.046932e-08,0.0162549
6.051932e-08,0.0202369
6.056932e-08,0.0227085
6.061932e-08,0.0162274
6.066932e-08,0.0118883
6.071932e-08,0.0135635
6.076932e-08,0.00472066
6.081932e-08,-0.00717056
6.086932e-08,-0.0145854
6.091932e-08,-0.023648
6.096932e-08,-0.0251035
6.101932e-08,-0.0161233
6.106932e-08,-0.011592
6.111932e-08,-0.0190068
6.116932e-08,-0.0274927
6.121932e-08,-0.0255154
6.126932e-08,-0.0194462
6.131932e-08,-0.0250486
6.136932e-08,-0.0340013
6.141932e-08,-0.0221925
6.146932e-08,-0.0028315
6.151932e-08,-0.00104644
6.156932e-08,-0.00777473
6.161932e-08,-0.0122786
6.166932e-08,-0.0179907
6.171932e-08,-0.0207919
6.176932e-08,-0.0158761
6.181932e-08,-0.00530311
6.186932e-08,0.000875923
6.191932e-08,-0.00313359
6.196932e-08,-0.00398492
6.201932e-08,-0.00184285
6.206932e-08,-0.00708817
6.211932e-08,-0.00887322
6.216932e-08,-0.00612699
6.221932e-08,-0.00988933
6.226932e-08,-0.00920277
6.231932e-08,0.000738611
6.236932e-08,0.0038144
6.241932e-08,-0.00456163
6.246932e-08,-0.0157388
6.251932e-08,-0.0190343
6.256932e-08,-0.0138439
6.261932e-08,-0.0103013
6.266932e-08,-0.00802189
6.271932e-08,-0.00431447
6.276932e-08,-0.00346313
6.281932e-08,-3.03361e-05
6.286932e-08,0.00889494
6.291932e-08,0.014305
6.296932e-08,0.0146895
6.301932e-08,0.0133713
6.306932e-08,0.00721973
6.311932e-08,-0.00552281
6.316932e-08,-0.0121138
6.321932e-08,-0.00412223
6.326932e-08,0.000546374
6.331932e-08,-0.00774727
6.336932e-08,-0.0105759
6.341932e-08,-0.00382015
6.346932e-08,-0.0026118
6.351932e-08,-0.00804935
6.356932e-08,-0.0111526
6.361932e-08,-0.0126356
6.366932e-08,-0.0164803
6.371932e-08,-0.0167549
6.376932e-08,-0.0104111
6.381932e-08,-0.00321597
6.386932e-08,-0.00299627
6.391932e-08,-0.0062643
6.396932e-08,-0.00294135
6.401932e-08,-0.00288642
6.406932e-08,-0.0128553
6.411932e-08,-0.0205447
6.416932e-08,-0.0237578
6.421932e-08,-0.027987
6.426932e-08,-0.0291405
6.431932e-08,-0.019254
6.436932e-08,-0.00241956
6.441932e-08,0.00667049
6.446932e-08,0.00919703
6.451932e-08,0.0166393
6.456932e-08,0.0191384
6.461932e-08,0.0130967
6.466932e-08,0.0175731
6.471932e-08,0.0232028
6.476932e-08,0.0174083
6.481932e-08,0.0129868
6.486932e-08,0.00719227
6.491932e-08,0.000518912
6.496932e-08,0.00623109
6.501932e-08,0.0164471
6.506932e-08,0.0176554
6.511932e-08,0.0161725
6.516932e-08,0.0123277
6.521932e-08,0.00296306
6.526932e-08,-0.00200763
6.531932e-08,-0.00634669
6.536932e-08,-0.0113998
6.541932e-08,-0.0144206
6.546932e-08,-0.019254
6.551932e-08,-0.0145579
6.556932e-08,-0.00244703
6.561932e-08,-0.000716896
6.566932e-08,-0.00395746
6.571932e-08,-0.00110137
6.576932e-08,0.00310038
6.581932e-08,0.00807107
6.586932e-08,0.0154585
6.591932e-08,0.0182322
6.596932e-08,0.0138107
6.601932e-08,0.00562692
6.606932e-08,-0.00211748
6.611932e-08,-0.00840636
6.616932e-08,-0.0141185
6.621932e-08,-0.0162057
6.626932e-08,-0.0136242
6.631932e-08,-0.00939501
6.636932e-08,-0.0049461
6.641932e-08,-0.00711563
6.646932e-08,-0.0156839
6.651932e-08,-0.0183203
6.656932e-08,-0.0182928
6.661932e-08,-0.0202701
6.666932e-08,-0.0213137
6.671932e-08,-0.0206271
6.676932e-08,-0.019254
6.681932e-08,-0.0224946
6.686932e-08,-0.0231537
6.691932e-08,-0.0190618
6.696932e-08,-0.0221925
6.701932e-08,-0.029113
6.706932e-08,-0.0329303
6.711932e-08,-0.0322986
6.716932e-08,-0.0257626
6.721932e-08,-0.0185949
6.726932e-08,-0.0126356
6.731932e-08,-0.00609952
6.736932e-08,-0.00469894
6.741932e-08,-0.00975202
6.746932e-08,-0.0119765
6.751932e-08,-0.00681355
6.756932e-08,0.00084846
6.761932e-08,0.00617616
6.766932e-08,0.00916956
6.771932e-08,0.00730212
6.776932e-08,0.00507767
6.781932e-08,0.0120531
6.786932e-08,0.0175181
6.791932e-08,0.0112292
6.796932e-08,-0.000414809
6.801932e-08,-0.00909292
6.806932e-08,-0.0139538
6.811932e-08,-0.0226319
6.816932e-08,-0.0275476
6.821932e-08,-0.0206271
6.826932e-08,-0.016343
6.831932e-08,-0.0153269
6.836932e-08,-0.00711563
6.841932e-08,0.00263352
6.846932e-08,0.00551707
6.851932e-08,0.00332008
6.856932e-08,0.00112308
6.861932e-08,-0.00258434
6.866932e-08,-0.00447924
6.871932e-08,-0.00368283
6.876932e-08,-0.00953232
6.881932e-08,-0.0172493
6.886932e-08,-0.0121962
6.891932e-08,0.000161901
6.896932e-08,0.00356724
6.901932e-08,0.00400663
6.906932e-08,0.00963642
6.911932e-08,0.0098012
6.916932e-08,0.00304545
6.921932e-08,-0.000661971
6.926932e-08,-0.00225479
6.931932e-08,-0.00535804
6.936932e-08,-0.00379268
6.941932e-08,0.00115055
6.946932e-08,0.000106976
6.951932e-08,-0.00796697
6.956932e-08,-0.0145579
6.961932e-08,-0.013075
6.966932e-08,-0.00868099
6.971932e-08,-0.00508342
6.976932e-08,0.0022765
6.981932e-08,0.0130967
6.986932e-08,0.0177378
6.991932e-08,0.0153211
6.996932e-08,0.0151838
7.001932e-08,0.0181498
7.006932e-08,0.0199348
7.011932e-08,0.0195503
7.016932e-08,0.0131516
7.021932e-08,0.00186457
7.026932e-08,-0.00156823
7.031932e-08,0.000244288
7.036932e-08,-0.00393
7.041932e-08,-0.00832398
7.046932e-08,-0.00601714
7.051932e-08,0.000106976
7.056932e-08,-0.000936595
7.061932e-08,-0.00678608
7.066932e-08,0.00172726
7.071932e-08,0.0104603
7.076932e-08,-0.000277498
7.081932e-08,-0.0113174
7.086932e-08,-0.0113998
7.091932e-08,-0.00461655
7.096932e-08,0.00474812
7.101932e-08,0.00823584
7.106932e-08,0.00581915
7.111932e-08,0.00351231
7.116932e-08,0.0063684
7.121932e-08,0.00669795
7.126932e-08,-0.0028315
7.131932e-08,-0.00645653
7.136932e-08,0.000106976
7.141932e-08,0.000875923
7.146932e-08,-0.00502849
7.151932e-08,-0.00769234
7.156932e-08,-0.00975202
7.161932e-08,-0.0151621
7.166932e-08,-0.0138439
7.171932e-08,-0.00121122
7.176932e-08,0.0138382
7.181932e-08,0.0212256
7.186932e-08,0.0215826
7.191932e-08,0.020896
7.196932e-08,0.0145522
7.201932e-08,0.00581915
7.206932e-08,0.00463827
7.211932e-08,0.0052699
7.216932e-08,0.00477558
7.221932e-08,0.008483
7.226932e-08,0.0135086
7.231932e-08,0.0148543
7.236932e-08,0.013948
7.241932e-08,0.00991105
7.246932e-08,0.00510513
7.251932e-08,0.00612124
7.256932e-08,0.00200188
7.261932e-08,-0.0117293
7.266932e-08,-0.0216432
7.271932e-08,-0.0249387
7.276932e-08,-0.0260647
7.281932e-08,-0.0271632
7.286932e-08,-0.0267238
7.291932e-08,-0.0233459
7.296932e-08,-0.0216158
7.301932e-08,-0.0185949
7.306932e-08,-0.00953232
7.311932e-08,-0.00225479
7.316932e-08,-3.03361e-05
7.321932e-08,0.00095831
7.326932e-08,0.00790629
7.331932e-08,0.0160352
7.336932e-08,0.00947165
7.341932e-08,-0.00384761
7.346932e-08,-0.0114272
7.351932e-08,-0.0104935
7.356932e-08,-0.00340821
7.361932e-08,-0.000826745
7.366932e-08,0.00134278
7.371932e-08,0.00905971
7.376932e-08,0.011751
7.381932e-08,0.011394
7.386932e-08,0.0193032
7.391932e-08,0.0239993
7.396932e-08,0.0181223
7.401932e-08,0.0132615
7.406932e-08,0.00738451
7.411932e-08,0.00334754
7.416932e-08,0.00774152
7.421932e-08,0.00905971
7.426932e-08,0.00299053
7.431932e-08,-0.00318851
7.436932e-08,-0.00412223
7.441932e-08,-0.00143092
7.446932e-08,-0.0015133
7.451932e-08,-0.00222733
7.456932e-08,0.00345739
7.461932e-08,0.00757675
7.466932e-08,0.0035947
7.471932e-08,0.00241382
7.476932e-08,0.00307291
7.481932e-08,0.000518912
7.486932e-08,0.00494036
7.491932e-08,0.0137283
7.496932e-08,0.0137558
7.501932e-08,0.0119433
7.506932e-08,0.0168316
7.511932e-08,0.013591
7.516932e-08,-0.00266673
7.521932e-08,-0.0112075
7.526932e-08,-0.00944993
7.531932e-08,-0.0138988
7.536932e-08,-0.0173042
7.541932e-08,-0.00958725
7.546932e-08,-0.00447924
7.551932e-08,-0.00318851
7.556932e-08,0.00406156
7.561932e-08,0.00727466
7.566932e-08,0.0038144
7.571932e-08,0.00513259
7.576932e-08,0.00905971
7.581932e-08,0.00735705
7.586932e-08,-0.00132107
7.591932e-08,-0.00272165
7.596932e-08,0.00947165
7.601932e-08,0.0154035
7.606932e-08,0.00856539
7.611932e-08,0.00200188
7.616932e-08,-0.00200763
7.621932e-08,-0.0108505
7.626932e-08,-0.017469
7.631932e-08,-0.0118941
7.636932e-08,-0.00228225
7.641932e-08,0.00353977
7.646932e-08,0.00749436
7.651932e-08,0.0130692
7.656932e-08,0.0202094
7.661932e-08,0.0209784
7.666932e-08,0.0119158
7.671932e-08,-0.000497197
7.676932e-08,-0.00950486
7.681932e-08,-0.010878
7.686932e-08,-0.00972456
7.691932e-08,-0.0104111
7.696932e-08,-0.00744518
7.701932e-08,2.45887e-05
7.706932e-08,0.00557199
7.711932e-08,0.00752182
7.716932e-08,0.00911464
7.721932e-08,0.00628601
7.726932e-08,-0.00318851
7.731932e-08,-0.0156839
7.736932e-08,-0.024005
7.741932e-08,-0.0165078
7.746932e-08,0.00178218
7.751932e-08,0.0153761
7.756932e-08,0.0167766
7.761932e-08,0.0147719
7.766932e-08,0.0236148
7.771932e-08,0.032952
7.776932e-08,0.0351215
7.781932e-08,0.0361651
7.786932e-08,0.0313042
7.791932e-08,0.0170513
7.796932e-08,-0.00165062
7.801932e-08,-0.010164
7.806932e-08,-0.0021724
7.811932e-08,0.00790629
7.816932e-08,0.00952657
7.821932e-08,0.00422633
7.826932e-08,-0.00222733
7.831932e-08,-0.00862606
7.836932e-08,-0.0143382
7.841932e-08,-0.0146403
7.846932e-08,-0.0123884
7.851932e-08,-0.010521
7.856932e-08,-0.0105759
7.861932e-08,-0.0144481
7.866932e-08,-0.010878
7.871932e-08,0.00183711
7.876932e-08,0.00573677
7.881932e-08,0.0024962
7.886932e-08,0.00689019
7.891932e-08,0.013234
7.896932e-08,0.0127671
7.901932e-08,0.0142226
7.906932e-08,0.0208685
7.911932e-08,0.0190286
7.916932e-08,0.0120257
7.921932e-08,0.0122454
7.926932e-08,0.0131516
7.931932e-08,0.0124651
7.936932e-08,0.0114764
7.941932e-08,0.0105701
7.946932e-08,0.00886748
7.951932e-08,0.000299213
7.956932e-08,-0.00923024
7.961932e-08,-0.0164528
7.966932e-08,-0.0172218
7.971932e-08,-0.00955978
7.976932e-08,-0.00667623
7.981932e-08,-0.00634669
7.986932e-08,-0.00395746
7.991932e-08,-0.00382015
7.996932e-08,-0.00129361
8.001932e-08,-0.00181539
8.006932e-08,-0.00804935
8.011932e-08,-0.00414969
8.016932e-08,0.00205681
8.021932e-08,-0.0100266
8.026932e-08,-0.025845
8.031932e-08,-0.0215608
8.036932e-08,-0.00906546
8.041932e-08,-0.00678608
8.046932e-08,-0.00250195
8.051932e-08,0.0087027
8.056932e-08,0.0140853
8.061932e-08,0.0146895
8.066932e-08,0.0114215
8.071932e-08,0.00395171
8.076932e-08,0.0054896
8.081932e-08,0.0114215
8.086932e-08,0.00321023
8.091932e-08,-0.009038
8.096932e-08,-0.00909292
8.101932e-08,-0.00200763
8.106932e-08,0.00230397
8.111932e-08,-0.00354552
8.116932e-08,-0.0132672
8.121932e-08,-0.0109878
8.126932e-08,-0.00983441
8.131932e-08,-0.0209567
8.136932e-08,-0.0203525
8.141932e-08,-0.00642907
8.146932e-08,-0.0028315
8.151932e-08,-0.00508342
8.156932e-08,-0.000140186
8.161932e-08,0.00483051
8.166932e-08,0.00793376
8.171932e-08,0.0109546
8.176932e-08,0.00771406
8.181932e-08,0.00200188
8.186932e-08,-0.00324344
8.191932e-08,-0.0114272
8.196932e-08,-0.0131848
8.201932e-08,-0.00609952
8.206932e-08,-0.00176047
8.211932e-08,-0.000414809
8.216932e-08,-0.00184285
8.221932e-08,-0.0118941
8.226932e-08,-0.0209018
8.231932e-08,-0.0142559
8.236932e-08,-0.00291389
8.241932e-08,-0.00170554
8.246932e-08,-0.00170554
8.251932e-08,0.000820998
8.256932e-08,-0.000552121
8.261932e-08,-0.00137599
8.266932e-08,0.00312784
8.271932e-08,0.00700004
8.276932e-08,0.00603885
8.281932e-08,0.00735705
8.286932e-08,0.0112292
8.291932e-08,0.0104054
8.296932e-08,0.0110919
8.301932e-08,0.00894986
8.306932e-08,0.000985772
8.311932e-08,0.00576423
8.316932e-08,0.0119433
8.321932e-08,0.00397917
8.326932e-08,-0.00530311
8.331932e-08,-0.00840636
8.336932e-08,-0.00101898
8.341932e-08,0.00908718
8.346932e-08,0.012108
8.351932e-08,0.017271
8.356932e-08,0.021253
8.361932e-08,0.0113666
8.366932e-08,-0.00255688
8.371932e-08,-0.0106583
8.376932e-08,-0.0216982
8.381932e-08,-0.0286736
8.386932e-08,-0.0196934
8.391932e-08,-0.014503
8.396932e-08,-0.0192815
8.401932e-08,-0.0119765
8.406932e-08,-0.00107391
8.411932e-08,-0.00159569
8.416932e-08,-0.00579744
8.421932e-08,-0.0118666
8.426932e-08,-0.010164
8.431932e-08,-0.001733
8.436932e-08,-0.00653892
8.441932e-08,-0.0145305
8.446932e-08,-0.00873591
8.451932e-08,-0.00162315
8.456932e-08,-0.00425954
8.461932e-08,-0.00250195
8.466932e-08,0.00741197
8.471932e-08,0.0137558
8.476932e-08,0.0188363
8.481932e-08,0.0210608
8.486932e-08,0.023093
8.491932e-08,0.0240267
8.496932e-08,0.00776898
8.501932e-08,-0.00728041
8.506932e-08,-0.00390253
8.511932e-08,-0.0019527
8.516932e-08,-0.00752757
8.521932e-08,-0.00546789
8.526932e-08,0.00749436
8.531932e-08,0.0160352
8.536932e-08,0.0156507
8.541932e-08,0.0114215
8.546932e-08,0.000766073
8.551932e-08,-0.00706071
8.556932e-08,-0.00667623
8.561932e-08,-0.0126356
8.566932e-08,-0.022165
8.571932e-08,-0.0216707
8.576932e-08,-0.014915
8.581932e-08,-0.00579744
8.586932e-08,0.00277083
8.591932e-08,0.00798868
8.596932e-08,0.0144149
8.601932e-08,0.019468
8.606932e-08,0.0179026
8.611932e-08,0.013591
8.616932e-08,0.0138931
8.621932e-08,0.0104328
8.626932e-08,-0.00491864
8.631932e-08,-0.0129102
8.636932e-08,-0.00777473
8.641932e-08,-0.00706071
8.646932e-08,-0.0117568
8.651932e-08,-0.0160958
8.656932e-08,-0.02038
8.661932e-08,-0.0191991
8.666932e-08,-0.00972456
8.671932e-08,-0.00302374
8.676932e-08,-0.00637415
8.681932e-08,-0.0083789
8.686932e-08,-0.00593475
8.691932e-08,-0.00736279
8.696932e-08,-0.00733533
8.701932e-08,-0.00717056
8.706932e-08,-0.0151896
8.711932e-08,-0.0180731
8.716932e-08,-0.00708817
8.721932e-08,0.00200188
8.726932e-08,0.000628761
8.731932e-08,0.000134438
8.736932e-08,0.00142517
8.741932e-08,-0.00640161
8.746932e-08,-0.0124433
8.751932e-08,-0.00890069
8.756932e-08,-0.00931262
8.761932e-08,-0.0137066
8.766932e-08,-0.0177985
8.771932e-08,-0.0251035
8.776932e-08,-0.0287835
8.781932e-08,-0.0218629
8.786932e-08,-0.0122511
8.791932e-08,-0.010466
8.796932e-08,-0.012718
8.801932e-08,-0.0111526
8.806932e-08,-0.0105759
8.811932e-08,-0.0158487
8.816932e-08,-0.0242522
8.821932e-08,-0.0300742
8.826932e-08,-0.0299643
8.831932e-08,-0.0322986
8.836932e-08,-0.037846
8.841932e-08,-0.035704
8.846932e-08,-0.0280694
8.851932e-08,-0.0197209
8.856932e-08,-0.00997172
8.861932e-08,-0.00291389
8.866932e-08,-0.00318851
8.871932e-08,-0.00414969
8.876932e-08,0.0024962
8.881932e-08,0.00532483
8.886932e-08,2.45887e-05
8.891932e-08,-0.00244703
8.896932e-08,-0.00585236
8.901932e-08,-0.010109
8.906932e-08,-0.00846129
8.911932e-08,-0.0110153
8.916932e-08,-0.0161508
8.921932e-08,-0.0116744
8.926932e-08,-0.00763742
8.931932e-08,-0.00810428
8.936932e-08,-0.00241956
8.941932e-08,0.00999344
8.946932e-08,0.0199074
8.951932e-08,0.0220769
8.956932e-08,0.0224614
8.961932e-08,0.0208136
8.966932e-08,0.0147444
8.971932e-08,0.0148817
8.976932e-08,0.0203193
8.981932e-08,0.0185068
8.986932e-08,0.0104603
8.991932e-08,2.45887e-05
8.996932e-08,-0.00958725
9.001932e-08,-0.00780219
9.006932e-08,0.00414395
9.011932e-08,0.00579169
9.016932e-08,-0.00942247
9.021932e-08,-0.0196659
9.026932e-08,-0.0216707
9.031932e-08,-0.0262569
9.036932e-08,-0.022165
9.041932e-08,-0.0136517
9.046932e-08,-0.0175788
9.051932e-08,-0.0239226
9.056932e-08,-0.018897
9.061932e-08,-0.00711563
9.066932e-08,0.000244288
9.071932e-08,-0.00019511
9.076932e-08,-0.00360045
9.081932e-08,-0.00664877
9.086932e-08,-0.00587982
9.091932e-08,-0.00398492
9.096932e-08,-0.00999918
9.101932e-08,-0.0152445
9.106932e-08,-0.0103287
9.111932e-08,-0.00346313
9.116932e-08,-0.00019511
9.121932e-08,-0.00121122
9.126932e-08,0.000326675
9.131932e-08,0.00768659
9.136932e-08,0.00537975
9.141932e-08,-0.00711563
9.146932e-08,-0.0169197
9.151932e-08,-0.0234832
9.156932e-08,-0.0240874
9.161932e-08,-0.0155191
9.166932e-08,-0.00225479
9.171932e-08,0.00672541
9.176932e-08,0.00985612
9.181932e-08,0.018342
9.186932e-08,0.0268279
9.191932e-08,0.0252351
9.196932e-08,0.0177928
9.201932e-08,0.00532483
9.206932e-08,-0.0085986
9.211932e-08,-0.0174415
9.216932e-08,-0.0198033
9.221932e-08,-0.018183
9.226932e-08,-0.015574
9.231932e-08,-0.00950486
9.236932e-08,-0.00321597
9.241932e-08,-0.00382015
9.246932e-08,-0.00988933
9.251932e-08,-0.0165627
9.256932e-08,-0.0170021
9.261932e-08,-0.0142833
9.266932e-08,-0.0173042
9.271932e-08,-0.0152445
9.276932e-08,-0.00618191
9.281932e-08,-0.00736279
9.286932e-08,-0.0106034
9.291932e-08,-0.0083789
9.296932e-08,-0.0165352
9.301932e-08,-0.0265315
9.306932e-08,-0.019611
9.311932e-08,-0.00807682
9.316932e-08,-0.0120863
9.321932e-08,-0.0277399
9.326932e-08,-0.0347428
9.331932e-08,-0.0300193
9.336932e-08,-0.0301017
9.341932e-08,-0.0311452
9.346932e-08,-0.0191442
9.351932e-08,-0.00618191
9.356932e-08,-0.000414809
9.361932e-08,0.00796122
9.366932e-08,0.0139755
9.371932e-08,0.00886748
9.376932e-08,0.00579169
9.381932e-08,0.0104878
9.386932e-08,0.00815346
9.391932e-08,0.00216665
9.396932e-08,0.00373201
9.401932e-08,0.0022765
9.406932e-08,-0.00541296
9.411932e-08,-0.0081592
9.416932e-08,-0.0094774
9.421932e-08,-0.0138988
9.426932e-08,-0.0153543
9.431932e-08,-0.0173316
9.436932e-08,-0.0211214
9.441932e-08,-0.0197758
9.446932e-08,-0.0196385
9.451932e-08,-0.0266963
9.456932e-08,-0.0266414
9.461932e-08,-0.0161782
9.466932e-08,-0.015217
9.471932e-08,-0.0266689
9.476932e-08,-0.03131
9.481932e-08,-0.021808
9.486932e-08,-0.0123884
9.491932e-08,-0.00750011
9.496932e-08,-0.00307866
9.501932e-08,-0.00711563
9.506932e-08,-0.0115371
9.511932e-08,-0.00442432
9.516932e-08,0.00266098
9.521932e-08,-0.00030496
9.526932e-08,-0.0107956
9.531932e-08,-0.0217256
9.536932e-08,-0.0263668
9.541932e-08,-0.0244169
9.546932e-08,-0.021094
9.551932e-08,-0.0199406
9.556932e-08,-0.0143382
9.561932e-08,0.00260605
9.566932e-08,0.0129868
9.571932e-08,5.20511e-05
9.576932e-08,-0.0155466
9.581932e-08,-0.0166176
9.586932e-08,-0.0166451
9.591932e-08,-0.0158487
9.596932e-08,-0.000167648
9.601932e-08,0.0155958
9.606932e-08,0.0126573
9.611932e-08,0.00299053
9.616932e-08,-0.00651146
9.621932e-08,-0.0194737
9.626932e-08,-0.0260921
9.631932e-08,-0.0237029
9.636932e-08,-0.0162057
9.641932e-08,-0.00703324
9.646932e-08,-0.00354552
9.651932e-08,0.000409062
9.656932e-08,0.00631348
9.661932e-08,0.00255113
9.666932e-08,-0.00351806
9.671932e-08,-0.00403984
9.676932e-08,-0.00673116
9.681932e-08,-0.00826905
9.686932e-08,-0.00774727
9.691932e-08,-0.0129651
9.696932e-08,-0.01854
9.701932e-08,-0.0164803
9.706932e-08,-0.0110428
9.711932e-08,-0.0114272
9.716932e-08,-0.0148875
9.721932e-08,-0.0124433
9.726932e-08,-0.00722548
9.731932e-08,-0.00233718
9.736932e-08,0.00161741
9.741932e-08,0.00367709
9.746932e-08,0.0117236
9.751932e-08,0.0182047
9.756932e-08,0.00884002
9.761932e-08,0.00191949
9.766932e-08,0.00782391
9.771932e-08,0.00840062
9.776932e-08,0.00584661
9.781932e-08,0.0108173
9.786932e-08,0.0138931
9.791932e-08,0.0124376
9.796932e-08,0.0113666
9.801932e-08,0.00496782
9.806932e-08,-0.0015133
9.811932e-08,0.00299053
9.816932e-08,0.00573677
9.821932e-08,0.00546214
9.826932e-08,0.0163922
9.831932e-08,0.0259491
9.836932e-08,0.0215551
9.841932e-08,0.0131516
9.846932e-08,0.0114489
9.851932e-08,0.0149367
9.856932e-08,0.0130967
9.861932e-08,0.0102131
9.866932e-08,0.0146071
9.871932e-08,0.0165844
9.876932e-08,0.0142501
9.881932e-08,0.0151838
9.886932e-08,0.0164196
9.891932e-08,0.0124925
9.896932e-08,0.00689019
9.901932e-08,0.00787883
9.906932e-08,0.0107898
9.911932e-08,0.00834569
9.916932e-08,0.00483051
9.921932e-08,0.0044735
9.926932e-08,0.00334754
9.931932e-08,0.000903385
9.936932e-08,0.00477558
9.941932e-08,0.00859285
9.946932e-08,0.00502274
9.951932e-08,-0.00252941
9.956932e-08,-0.0110702
9.961932e-08,-0.0117842
9.966932e-08,-0.00642907
9.971932e-08,-0.00439686
9.976932e-08,-0.00587982
9.981932e-08,-0.00467148
9.986932e-08,0.00554453
9.991932e-08,0.0119707
9.996932e-08,0.00991105
1.000193e-07,0.0150191
1.000693e-07,0.0165295
1.001193e-07,0.00631348
1.001693e-07,0.00584661
1.002193e-07,0.0147444
1.002693e-07,0.0182871
1.003193e-07,0.0202644
1.003693e-07,0.0248231
1.004193e-07,0.0302058
1.004693e-07,0.0280362
1.005193e-07,0.0114215
1.005693e-07,-0.00769234
1.006193e-07,-0.0205173
1.006693e-07,-0.029827
1.007193e-07,-0.0331774
1.007693e-07,-0.0307333
1.008193e-07,-0.0220552
1.008693e-07,-0.00417716
1.009193e-07,0.0109272
1.009693e-07,0.0121355
1.010193e-07,0.0137283
1.010693e-07,0.0237521
1.011193e-07,0.0256745
1.011693e-07,0.0214727
1.012193e-07,0.0218572
1.012693e-07,0.0210882
1.013193e-07,0.0185342
1.013693e-07,0.008483
1.014193e-07,-0.0062643
1.014693e-07,-0.0067037
1.015193e-07,-0.00258434
1.015693e-07,-0.00662131
1.016193e-07,-0.00607206
1.016693e-07,0.000683686
1.017193e-07,0.00463827
1.017693e-07,0.00678034
1.018193e-07,0.00840062
1.018693e-07,0.00719227
1.019193e-07,0.00625855
1.019693e-07,0.00925195
1.020193e-07,0.0145797
1.020693e-07,0.0165295
1.021193e-07,0.012877
1.021693e-07,0.0106525
1.022193e-07,0.00925195
1.022693e-07,0.00433618
1.023193e-07,0.00257859
1.023693e-07,0.00189203
1.024193e-07,-0.00511088
1.024693e-07,-0.00708817
1.025193e-07,0.00362216
1.025693e-07,0.00628601
1.026193e-07,-0.00187032
1.026693e-07,0.00307291
1.027193e-07,0.0100758
1.027693e-07,0.00106816
1.028193e-07,-0.0103013
1.028693e-07,-0.0118666
1.029193e-07,-0.0099168
1.029693e-07,-0.0190618
1.030193e-07,-0.0275751
1.030693e-07,-0.0184027
1.031193e-07,-0.00653892
1.031693e-07,-0.00563266
1.032193e-07,-0.011592
1.032693e-07,-0.00944993
1.033193e-07,-0.00129361
1.033693e-07,-0.00549535
1.034193e-07,-0.0120039
1.034693e-07,-0.0125532
1.035193e-07,-0.0211764
1.035693e-07,-0.0285638
1.036193e-07,-0.0184576
1.036693e-07,-0.0107407
1.037193e-07,-0.0183477
1.037693e-07,-0.021451
1.038193e-07,-0.0158212
1.038693e-07,-0.00953232
1.039193e-07,-0.00184285
1.039693e-07,0.00820838
1.040193e-07,0.0191933
1.040693e-07,0.0182871
1.041193e-07,0.00213919
1.041693e-07,-0.00631922
1.042193e-07,-0.00291389
1.042693e-07,-0.00796697
1.043193e-07,-0.0197209
1.043693e-07,-0.022577
1.044193e-07,-0.0178809
1.044693e-07,-0.0139538
1.045193e-07,-0.0117019
1.045693e-07,-0.00964217
1.046193e-07,-0.00824159
1.046693e-07,-0.0102738
1.047193e-07,-0.0191716
1.047693e-07,-0.0216158
1.048193e-07,-0.0083789
1.048693e-07,-0.00123868
1.049193e-07,-0.00590729
1.049693e-07,-0.00722548
1.050193e-07,-0.00423208
1.050693e-07,0.00537975
1.051193e-07,0.0110919
1.051693e-07,-0.0028315
1.052193e-07,-0.0192815
1.052693e-07,-0.0244719
1.053193e-07,-0.020737
1.053693e-07,-0.0100816
1.054193e-07,-0.00557774
1.054693e-07,-0.00750011
1.055193e-07,-0.00395746
1.055693e-07,0.00123293
1.056193e-07,-0.000497197
1.056693e-07,-0.00467148
1.057193e-07,-0.00744518
1.057693e-07,-0.0207095
1.058193e-07,-0.0357864
1.058693e-07,-0.0309804
1.059193e-07,-0.0263668
1.059693e-07,-0.0350449
1.060193e-07,-0.0343309
1.060693e-07,-0.0257351
1.061193e-07,-0.0169472
1.061693e-07,-0.00587982
1.062193e-07,0.000326675
1.062693e-07,0.00219412
1.063193e-07,-0.00285896
1.063693e-07,-0.00796697
1.064193e-07,-0.000332422
1.064693e-07,0.00430872
1.065193e-07,0.00301799
1.065693e-07,0.00831823
1.066193e-07,0.0103779
1.066693e-07,0.00952657
1.067193e-07,0.0118609
1.067693e-07,0.00172726
1.068193e-07,-0.0136791
1.068693e-07,-0.0160684
1.069193e-07,-0.0160134
1.069693e-07,-0.0185949
1.070193e-07,-0.017771
1.070693e-07,-0.017469
1.071193e-07,-0.0194462
1.071693e-07,-0.0182104
1.072193e-07,-0.0156564
1.072693e-07,-0.0140636
1.073193e-07,-0.0121687
1.073693e-07,-0.0151346
1.074193e-07,-0.0168099
1.074693e-07,-0.00862606
1.075193e-07,-0.00365537
1.075693e-07,-0.00393
1.076193e-07,0.00332008
1.076693e-07,0.0144149
1.077193e-07,0.0204017
1.077693e-07,0.0219396
1.078193e-07,0.0219121
1.078693e-07,0.0231205
1.079193e-07,0.0275419
1.079693e-07,0.0325126
1.080193e-07,0.0345997
1.080693e-07,0.0276518
1.081193e-07,0.0141677
1.081693e-07,0.00856539
1.082193e-07,0.0107624
1.082693e-07,0.0101857
1.083193e-07,0.00312784
1.083693e-07,-0.00500103
1.084193e-07,-0.00873591
1.084693e-07,-0.00854368
1.085193e-07,-0.00233718
1.085693e-07,0.00422633
1.086193e-07,0.00238635
1.086693e-07,-0.000799283
1.087193e-07,-0.00590729
1.087693e-07,-0.0164528
1.088193e-07,-0.0190892
1.088693e-07,-0.0164803
1.089193e-07,-0.0209567
1.089693e-07,-0.025488
1.090193e-07,-0.0234558
1.090693e-07,-0.0184851
1.091193e-07,-0.0168648
1.091693e-07,-0.0211764
1.092193e-07,-0.022934
1.092693e-07,-0.0182104
1.093193e-07,-0.0116469
1.093693e-07,-0.00423208
1.094193e-07,-0.00181539
1.094693e-07,-0.000387347
1.095193e-07,0.00779644
1.095693e-07,0.00639586
1.096193e-07,-0.00500103
1.096693e-07,-0.00615445
1.097193e-07,-0.00110137
1.097693e-07,-0.00104644
1.098193e-07,-0.00321597
1.098693e-07,0.00216665
1.099193e-07,0.0102406
1.099693e-07,0.00804361
1.100193e-07,0.00763167
1.100693e-07,0.01436
1.101193e-07,0.0162549
1.101693e-07,0.0147719
1.102193e-07,0.00623109
1.102693e-07,-0.00656638
1.103193e-07,-0.00912039
1.103693e-07,-0.0134869
1.104193e-07,-0.0244993
1.104693e-07,-0.0230438
1.105193e-07,-0.0117842
1.105693e-07,-0.00110137
1.106193e-07,0.00603885
1.106693e-07,0.00656064
1.107193e-07,0.00878509
1.107693e-07,0.0130692
1.108193e-07,0.0109821
1.108693e-07,0.00576423
1.109193e-07,-0.000716896
1.109693e-07,-0.00522073
1.110193e-07,-0.00420462
1.110693e-07,-0.0058249
1.111193e-07,-0.0155466
1.111693e-07,-0.0287835
1.112193e-07,-0.0318592
1.112693e-07,-0.0237304
1.113193e-07,-0.0183752
1.113693e-07,-0.0128827
1.114193e-07,-0.000634509
1.114693e-07,0.0100484
1.115193e-07,0.0116686
1.115693e-07,0.00947165
1.116193e-07,0.0110645
1.116693e-07,0.0116412
1.117193e-07,0.00565438
1.117693e-07,-0.00280404
1.118193e-07,-0.00821413
1.118693e-07,-0.0109878
1.119193e-07,-0.0120314
1.119693e-07,-0.00983441
1.120193e-07,-0.0106857
1.120693e-07,-0.0148326
1.121193e-07,-0.0133221
1.121693e-07,-0.0136517
1.122193e-07,-0.0156839
1.122693e-07,-0.00587982
1.123193e-07,0.00288068
1.123693e-07,0.00370455
1.124193e-07,0.0124651
1.124693e-07,0.0204841
1.125193e-07,0.0110095
1.125693e-07,-0.00332582
1.126193e-07,-0.00958725
1.126693e-07,-0.0131024
1.127193e-07,-0.018128
1.127693e-07,-0.0210116
1.128193e-07,-0.0166176
1.128693e-07,-0.0109604
1.129193e-07,-0.00829651
1.129693e-07,-0.00598967
1.130193e-07,-0.00645653
1.130693e-07,-0.00706071
1.131193e-07,-0.00964217
1.131693e-07,-0.0132123
1.132193e-07,-0.00999918
1.132693e-07,-0.0128827
1.133193e-07,-0.0226868
1.133693e-07,-0.0199131
1.134193e-07,-0.0106308
1.134693e-07,-0.00607206
1.135193e-07,-0.00736279
1.135693e-07,-0.0146953
1.136193e-07,-0.0133496
1.136693e-07,-0.00590729
1.137193e-07,-0.0102463
1.137693e-07,-0.0151896
1.138193e-07,-0.0128553
1.138693e-07,-0.0133496
1.139193e-07,-0.0173042
1.139693e-07,-0.0200779
1.140193e-07,-0.0163979
1.140693e-07,-0.00876338
1.141193e-07,-0.00533058
1.141693e-07,-0.00944993
1.142193e-07,-0.0154093
1.142693e-07,-0.00769234
1.143193e-07,0.00721973
1.143693e-07,0.0122179
1.144193e-07,0.00999344
1.144693e-07,0.00274337
1.145193e-07,-0.00255688
1.145693e-07,0.0012604
1.146193e-07,0.00186457
1.146693e-07,-0.00439686
1.147193e-07,-0.00689593
1.147693e-07,-0.0107407
1.148193e-07,-0.0188146
1.148693e-07,-0.0107132
1.149193e-07,0.00941673
1.149693e-07,0.0164471
1.150193e-07,0.014305
1.150693e-07,0.0124925
1.151193e-07,0.0119158
1.151693e-07,0.013948
1.152193e-07,0.0112567
1.152693e-07,0.00205681
1.153193e-07,-0.00228225
1.153693e-07,0.00318276
1.154193e-07,0.0101857
1.154693e-07,0.0149916
1.155193e-07,0.0174907
1.155693e-07,0.0093618
1.156193e-07,-0.00478133
1.156693e-07,-0.00887322
1.157193e-07,-0.00360045
1.157693e-07,0.00095831
1.158193e-07,0.00296306
1.158693e-07,0.00496782
1.159193e-07,0.00540722
1.159693e-07,0.00205681
1.160193e-07,-0.00269419
1.160693e-07,-0.00428701
1.161193e-07,-0.0019527
1.161693e-07,0.00235889
1.162193e-07,0.00672541
1.162693e-07,0.00351231
1.163193e-07,-0.00640161
1.163693e-07,-0.0077198
1.164193e-07,-0.00137599
1.164693e-07,0.0014801
1.165193e-07,-0.000552121
1.165693e-07,-0.010164
1.166193e-07,-0.0205447
1.166693e-07,-0.0202701
1.167193e-07,-0.0160134
1.167693e-07,-0.0107956
1.168193e-07,-0.00209002
1.168693e-07,-0.00134853
1.169193e-07,-0.0094774
1.169693e-07,-0.0125532
1.170193e-07,-0.00500103
1.170693e-07,0.0027159
1.171193e-07,-0.00324344
1.171693e-07,-0.00914785
1.172193e-07,-0.00316105
1.172693e-07,-0.00250195
1.173193e-07,-0.0056052
1.173693e-07,0.00213919
1.174193e-07,0.0061487
1.174693e-07,-0.00382015
1.175193e-07,-0.00623684
1.175693e-07,0.00142517
1.176193e-07,-0.00143092
1.176693e-07,-0.00546789
1.177193e-07,-0.000689433
1.177693e-07,-0.00274911
1.178193e-07,-0.0092577
1.178693e-07,-0.0103562
1.179193e-07,-0.011592
1.179693e-07,-0.00678608
1.180193e-07,0.00461081
1.180693e-07,0.0031553
1.181193e-07,-0.00294135
1.181693e-07,0.00282575
1.182193e-07,0.0035947
1.182693e-07,-0.00294135
1.183193e-07,-0.00104644
1.183693e-07,0.000354137
1.184193e-07,-0.00434193
1.184693e-07,-0.00343567
1.185193e-07,0.000326675
1.185693e-07,-0.00233718
1.186193e-07,-0.00310612
1.186693e-07,0.00664302
1.187193e-07,0.013234
1.187693e-07,0.00483051
1.188193e-07,-0.000579584
1.188693e-07,0.005929
1.189193e-07,0.000903385
1.189693e-07,-0.0169197
1.190193e-07,-0.0212038
1.190693e-07,-0.00914785
1.191193e-07,0.00137025
1.191693e-07,-0.00019511
1.192193e-07,-0.00406731
1.192693e-07,0.00348485
1.193193e-07,0.00551707
1.193693e-07,-0.00598967
1.194193e-07,-0.00804935
1.194693e-07,-0.00250195
1.195193e-07,-0.00434193
1.195693e-07,-0.0107132
1.196193e-07,-0.0167824
1.196693e-07,-0.0177985
1.197193e-07,-0.0161508
1.197693e-07,-0.0159585
1.198193e-07,-0.011949
1.198693e-07,-0.0107956
1.199193e-07,-0.0196934
1.199693e-07,-0.025488
1.200193e-07,-0.0218904
1.200693e-07,-0.0146953
1.201193e-07,-0.00741772
1.201693e-07,-0.00533058
1.202193e-07,-0.009038
1.202693e-07,-0.0113723
1.203193e-07,-0.00796697
1.203693e-07,-0.00340821
1.204193e-07,-0.00458909
1.204693e-07,-0.0056052
1.205193e-07,0.000463987
1.205693e-07,0.0082633
1.206193e-07,0.0133438
1.206693e-07,0.011806
1.207193e-07,0.00386932
1.207693e-07,2.45887e-05
1.208193e-07,-0.00121122
1.208693e-07,-0.00747264
1.209193e-07,-0.00939501
1.209693e-07,-0.00733533
1.210193e-07,-0.00961471
1.210693e-07,-0.00920277
1.211193e-07,-0.00450671
1.211693e-07,0.00115055
1.212193e-07,0.00831823
1.212693e-07,0.0111194
1.213193e-07,0.00260605
1.213693e-07,-0.0134869
1.214193e-07,-0.0270533
1.214693e-07,-0.0311452
1.215193e-07,-0.0238677
1.215693e-07,-0.0104111
1.216193e-07,0.0038144
1.216693e-07,0.0175181
1.217193e-07,0.0217748
1.217693e-07,0.014717
1.218193e-07,0.0111743
1.218693e-07,0.00763167
1.219193e-07,-0.0026118
1.219693e-07,-0.00706071
1.220193e-07,-0.000909132
1.220693e-07,0.012108
1.221193e-07,0.0238345
1.221693e-07,0.024576
1.222193e-07,0.0204291
1.222693e-07,0.0179575
1.223193e-07,0.00554453
1.223693e-07,-0.0140087
1.224193e-07,-0.0255704
1.224693e-07,-0.0304312
1.225193e-07,-0.0251584
1.225693e-07,-0.0152445
1.226193e-07,-0.0180457
1.226693e-07,-0.0238402
1.227193e-07,-0.0224671
1.227693e-07,-0.0198033
1.228193e-07,-0.0161233
1.228693e-07,-0.016343
1.229193e-07,-0.0211764
1.229693e-07,-0.0202152
1.230193e-07,-0.0123884
1.230693e-07,-0.00840636
1.231193e-07,-0.0111526
1.231693e-07,-0.0053855
1.232193e-07,0.00730212
1.232693e-07,0.00689019
1.233193e-07,0.00191949
1.233693e-07,0.00516006
1.234193e-07,0.00732958
1.234693e-07,0.0070275
1.235193e-07,0.00472066
1.235693e-07,-0.00225479
1.236193e-07,-0.00901054
1.236693e-07,-0.0171119
1.237193e-07,-0.0222474
1.237693e-07,-0.0189794
1.238193e-07,-0.0162057
1.238693e-07,-0.0151072
1.239193e-07,-0.0179084
1.239693e-07,-0.0224671
1.240193e-07,-0.0175788
1.240693e-07,-0.0122236
1.241193e-07,-0.0164254
1.241693e-07,-0.0255978
1.242193e-07,-0.0319142
1.242693e-07,-0.0249662
1.243193e-07,-0.0135144
1.243693e-07,-0.0134594
1.244193e-07,-0.0144481
1.244693e-07,-0.00263926
1.245193e-07,0.0109546
1.245693e-07,0.00669795
1.246193e-07,-0.00777473
1.246693e-07,-0.0162606
1.247193e-07,-0.0246916
1.247693e-07,-0.0352371
1.248193e-07,-0.0391368
1.248693e-07,-0.0356765
1.249193e-07,-0.0271083
1.249693e-07,-0.0146129
1.250193e-07,-0.00436939
1.250693e-07,0.00669795
1.251193e-07,0.0203193
1.251693e-07,0.0217748
1.252193e-07,0.0141403
1.252693e-07,0.0104878
1.253193e-07,0.00587408
1.253693e-07,-0.00420462
1.254193e-07,-0.0115371
1.254693e-07,-0.00944993
1.255193e-07,-0.00376522
1.255693e-07,-0.000579584
1.256193e-07,-0.00189778
1.256693e-07,-0.00129361
1.257193e-07,0.00562692
1.257693e-07,0.0061487
1.258193e-07,-0.00176047
1.258693e-07,-0.00928516
1.259193e-07,-0.0113174
1.259693e-07,-0.00689593
1.260193e-07,-0.00555028
1.260693e-07,-0.0108505
1.261193e-07,-0.0157663
1.261693e-07,-0.0185674
1.262193e-07,-0.0204624
1.262693e-07,-0.0141185
1.263193e-07,0.00246874
1.263693e-07,0.0093618
1.264193e-07,0.00131532
1.264693e-07,-0.00365537
1.265193e-07,-0.00898307
1.265693e-07,-0.0178809
1.266193e-07,-0.0124433
1.266693e-07,-0.00244703
1.267193e-07,-0.00425954
1.267693e-07,-0.0019527
1.268193e-07,0.00727466
1.268693e-07,0.0121355
1.269193e-07,0.0154859
1.269693e-07,0.0171062
1.270193e-07,0.0147719
1.270693e-07,0.0102955
1.271193e-07,0.00469319
1.271693e-07,0.0022765
1.272193e-07,0.00554453
1.272693e-07,0.00930688
1.273193e-07,0.00963642
1.273693e-07,0.0105427
1.274193e-07,0.0138931
1.274693e-07,0.0121355
1.275193e-07,0.00285321
1.275693e-07,-0.00846129
1.276193e-07,-0.0143657
1.276693e-07,-0.00769234
1.277193e-07,0.003375
1.277693e-07,0.00117801
1.278193e-07,-0.00780219
1.278693e-07,-0.00530311
1.279193e-07,0.00323769
1.279693e-07,0.00809853
1.280193e-07,0.00862032
1.280693e-07,0.00301799
1.281193e-07,-0.00585236
1.281693e-07,-0.0131574
1.282193e-07,-0.0162606
1.282693e-07,-0.013075
1.283193e-07,-0.00843383
1.283693e-07,-0.00651146
1.284193e-07,-0.00623684
1.284693e-07,-0.0118392
1.285193e-07,-0.0187322
1.285693e-07,-0.019611
1.286193e-07,-0.0200504
1.286693e-07,-0.0238402
1.287193e-07,-0.0281518
1.287693e-07,-0.0252408
1.288193e-07,-0.0170296
1.288693e-07,-0.010521
1.289193e-07,-0.00123868
1.289693e-07,0.0112842
1.290193e-07,0.0186715
1.290693e-07,0.0182322
1.291193e-07,0.0203468
1.291693e-07,0.020182
1.292193e-07,0.0072472
1.292693e-07,0.00194696
1.293193e-07,0.0119433
1.293693e-07,0.0212805
1.294193e-07,0.0259491
1.294693e-07,0.0245485
1.295193e-07,0.0180674
1.295693e-07,0.0183695
1.296193e-07,0.0225437
1.296693e-07,0.0197426
1.297193e-07,0.0141403
1.297693e-07,0.00993851
1.298193e-07,0.0103779
1.298693e-07,0.0138656
1.299193e-07,0.0141403
1.299693e-07,0.00966389
1.300193e-07,7.95135e-05
1.300693e-07,-0.00717056
1.301193e-07,-0.0094774
1.301693e-07,-0.0129102
1.302193e-07,-0.0171119
1.302693e-07,-0.0203525
1.303193e-07,-0.0184576
1.303693e-07,-0.0103837
1.304193e-07,-0.00434193
1.304693e-07,-0.00373776
1.305193e-07,-0.00777473
1.305693e-07,-0.0117293
1.306193e-07,-0.0122786
1.306693e-07,-0.0143382
1.307193e-07,-0.0144206
1.307693e-07,-0.0155466
1.308193e-07,-0.0230713
1.308693e-07,-0.0230438
1.309193e-07,-0.016343
1.309693e-07,-0.0108505
1.310193e-07,-0.00241956
1.310693e-07,0.000711148
1.311193e-07,-0.00848875
1.311693e-07,-0.0131299
1.312193e-07,-0.00637415
1.312693e-07,-0.0096971
1.313193e-07,-0.0209018
1.313693e-07,-0.0193364
1.314193e-07,-0.0125257
1.314693e-07,-0.00777473
1.315193e-07,-0.00126614
1.315693e-07,0.00230397
1.316193e-07,0.00557199
1.316693e-07,0.00960896
1.317193e-07,0.00238635
1.317693e-07,-0.0121687
1.318193e-07,-0.014146
1.318693e-07,-0.00656638
1.319193e-07,-0.00865353
1.319693e-07,-0.0128553
1.320193e-07,-0.0109604
1.320693e-07,-0.011235
1.321193e-07,-0.00642907
1.321693e-07,-0.000469734
1.322193e-07,-0.00766488
1.322693e-07,-0.015629
1.323193e-07,-0.0145854
1.323693e-07,-0.0125257
1.324193e-07,-0.011235
1.324693e-07,-0.00944993
1.325193e-07,-0.0103287
1.325693e-07,-0.0124433
1.326193e-07,-0.0105484
1.326693e-07,-0.00505595
1.327193e-07,0.00224904
1.327693e-07,0.00996597
1.328193e-07,0.0182322
1.328693e-07,0.0276243
1.329193e-07,0.0285305
1.329693e-07,0.0224064
1.330193e-07,0.0155683
1.330693e-07,0.00301799
1.331193e-07,-0.00467148
1.331693e-07,-0.00417716
1.332193e-07,-0.00706071
1.332693e-07,-0.00684101
1.333193e-07,0.00027175
1.333693e-07,0.00480304
1.334193e-07,0.00606631
1.334693e-07,0.00809853
1.335193e-07,0.00952657
1.335693e-07,0.00856539
1.336193e-07,0.00290814
1.336693e-07,-0.00780219
1.337193e-07,-0.0151621
1.337693e-07,-0.01302
1.338193e-07,-0.00241956
1.338693e-07,0.00521498
1.339193e-07,-0.000607046
1.339693e-07,-0.0092577
1.340193e-07,-0.0079395
1.340693e-07,-0.00143092
1.341193e-07,-0.00360045
1.341693e-07,-0.0129926
1.342193e-07,-0.0194462
1.342693e-07,-0.0223573
1.343193e-07,-0.0174964
1.343693e-07,-0.00928516
1.344193e-07,-0.0094774
1.344693e-07,-0.00848875
1.345193e-07,-0.00088167
1.345693e-07,0.00211173
1.346193e-07,0.00439111
1.346693e-07,0.00587408
1.347193e-07,-0.00642907
1.347693e-07,-0.0229614
1.348193e-07,-0.0294426
1.348693e-07,-0.026916
1.349193e-07,-0.0242247
1.349693e-07,-0.0256802
1.350193e-07,-0.0211214
1.350693e-07,-0.0114272
1.351193e-07,-0.00620937
1.351693e-07,-0.00170554
1.352193e-07,-0.00030496
1.352693e-07,-0.0049461
1.353193e-07,-0.00486372
1.353693e-07,-0.00760996
1.354193e-07,-0.0178534
1.354693e-07,-0.018897
1.355193e-07,-0.0126356
1.355693e-07,-0.0058249
1.356193e-07,0.000463987
1.356693e-07,0.00084846
1.357193e-07,-0.0034906
1.357693e-07,-0.0129377
1.358193e-07,-0.0226319
1.358693e-07,-0.0241698
1.359193e-07,-0.0244719
1.359693e-07,-0.0234832
1.360193e-07,-0.0166451
1.360693e-07,-0.0159036
1.361193e-07,-0.0241972
1.361693e-07,-0.026916
1.362193e-07,-0.0201877
1.362693e-07,-0.0148326
1.363193e-07,-0.0107681
1.363693e-07,-0.00774727
1.364193e-07,-0.00988933
1.364693e-07,-0.00170554
1.365193e-07,0.0178202
1.365693e-07,0.0221593
1.366193e-07,0.0108722
1.366693e-07,0.00277083
1.367193e-07,-0.000689433
1.367693e-07,-0.00447924
1.368193e-07,-0.0113448
1.368693e-07,-0.0163705
1.369193e-07,-0.00752757
1.369693e-07,0.008483
1.370193e-07,0.0148817
1.370693e-07,0.0158978
1.371193e-07,0.0175731
1.371693e-07,0.0144423
1.372193e-07,0.0147994
1.372693e-07,0.0161725
1.373193e-07,0.00463827
1.373693e-07,-0.00145838
1.374193e-07,0.00408902
1.374693e-07,0.0022765
1.375193e-07,-0.000277498
1.375693e-07,-0.00159569
1.376193e-07,-0.00917531
1.376693e-07,-0.00810428
1.377193e-07,-0.00101898
1.377693e-07,-0.00500103
1.378193e-07,-0.00255688
1.378693e-07,0.0108173
1.379193e-07,0.0103779
1.379693e-07,0.00845554
1.380193e-07,0.0157056
1.380693e-07,0.0153486
1.381193e-07,0.0127122
1.381693e-07,0.0116412
1.382193e-07,0.00027175
1.382693e-07,-0.0151896
1.383193e-07,-0.01854
1.383693e-07,-0.0182379
1.384193e-07,-0.0256802
1.384693e-07,-0.0249936
1.385193e-07,-0.0134869
1.385693e-07,-0.010109
1.386193e-07,-0.0119215
1.386693e-07,-0.00843383
1.387193e-07,-0.00387507
1.387693e-07,0.0024962
1.388193e-07,0.00944419
1.388693e-07,0.00834569
1.389193e-07,0.00131532
1.389693e-07,-0.00461655
1.390193e-07,-0.00640161
1.390693e-07,-0.00368283
1.391193e-07,-0.00758249
1.391693e-07,-0.0186498
1.392193e-07,-0.0185674
1.392693e-07,-0.0118941
1.393193e-07,-0.0085986
1.393693e-07,-0.00609952
1.394193e-07,-0.00829651
1.394693e-07,-0.00892815
1.395193e-07,-0.00178793
1.395693e-07,0.00191949
1.396193e-07,0.00084846
1.396693e-07,0.00645079
1.397193e-07,0.0157331
1.397693e-07,0.016914
1.398193e-07,0.00743943
1.398693e-07,-0.00450671
1.399193e-07,-0.0109604
1.399693e-07,-0.0159311
1.400193e-07,-0.017414
1.400693e-07,-0.0103287
1.401193e-07,-0.0101365
1.401693e-07,-0.0151072
1.402193e-07,-0.00618191
1.402693e-07,0.00502274
1.403193e-07,0.0044735
1.403693e-07,0.00224904
1.404193e-07,0.00384186
1.404693e-07,0.00238635
1.405193e-07,-0.000909132
1.405693e-07,-0.00480879
1.406193e-07,-0.0181006
1.406693e-07,-0.0353744
1.407193e-07,-0.0390819
1.407693e-07,-0.0263942
1.408193e-07,-0.011592
1.408693e-07,-0.00777473
1.409193e-07,-0.0103837
1.409693e-07,-0.00876338
1.410193e-07,-0.00329836
1.410693e-07,0.00340246
1.411193e-07,0.00716481
1.411693e-07,0.00224904
1.412193e-07,-0.00187032
1.412693e-07,0.00202934
1.413193e-07,0.00205681
1.413693e-07,-0.0047264
1.414193e-07,-0.00717056
1.414693e-07,-0.00722548
1.415193e-07,-0.0151072
1.415693e-07,-0.0207919
1.416193e-07,-0.0131299
1.416693e-07,-0.00524819
1.417193e-07,-0.00593475
1.417693e-07,-0.00843383
1.418193e-07,-0.00972456
1.418693e-07,-0.0101365
1.419193e-07,-0.0109329
1.419693e-07,-0.0120589
1.420193e-07,-0.00977948
1.420693e-07,-0.00486372
1.421193e-07,0.00145263
1.421693e-07,0.0122728
1.422193e-07,0.0221318
1.422693e-07,0.0186715
1.423193e-07,0.00625855
1.423693e-07,-0.00357298
1.424193e-07,-0.0179633
1.424693e-07,-0.0324909
1.425193e-07,-0.0285088
1.425693e-07,-0.0142833
1.426193e-07,-0.00110137
1.426693e-07,0.00727466
1.427193e-07,0.00727466
1.427693e-07,0.0038144
1.428193e-07,-0.00519326
1.428693e-07,-0.0110153
1.429193e-07,-0.00857114
1.429693e-07,-0.012663
1.430193e-07,-0.0148051
1.430693e-07,-0.00697832
1.431193e-07,-0.00489118
1.431693e-07,-0.0124983
1.432193e-07,-0.0177161
1.432693e-07,-0.0139812
1.433193e-07,-0.0108505
1.433693e-07,-0.0158212
1.434193e-07,-0.0160409
1.434693e-07,-0.0049461
1.435193e-07,-0.00134853
1.435693e-07,-0.0151072
1.436193e-07,-0.0290032
1.436693e-07,-0.0302939
1.437193e-07,-0.0256802
1.437693e-07,-0.0229889
1.438193e-07,-0.0175513
1.438693e-07,-0.00766488
1.439193e-07,-0.00445178
1.439693e-07,-0.00544043
1.440193e-07,-0.00376522
1.440693e-07,-0.00703324
1.441193e-07,-0.00953232
1.441693e-07,-0.00524819
1.442193e-07,-0.00662131
1.442693e-07,-0.0124159
1.443193e-07,-0.00807682
1.443693e-07,-0.000964057
1.444193e-07,-0.00187032
1.444693e-07,-0.000744358
1.445193e-07,0.000436525
1.445693e-07,-0.00307866
1.446193e-07,-0.00382015
1.446693e-07,-0.00118376
1.447193e-07,0.00285321
1.447693e-07,0.00115055
1.448193e-07,-0.00423208
1.448693e-07,-0.00508342
1.449193e-07,-0.00706071
1.449693e-07,-0.00950486
1.450193e-07,-0.00821413
1.450693e-07,-0.00898307
1.451193e-07,-0.0174415
1.451693e-07,-0.0271632
1.452193e-07,-0.0277673
1.452693e-07,-0.0251035
1.453193e-07,-0.0277399
1.453693e-07,-0.0306784
1.454193e-07,-0.0308157
1.454693e-07,-0.0322712
1.455193e-07,-0.0361708
1.455693e-07,-0.0359511
1.456193e-07,-0.0197758
1.456693e-07,0.00834569
1.457193e-07,0.0235324
1.457693e-07,0.0164196
1.458193e-07,0.00730212
1.458693e-07,0.0114215
1.459193e-07,0.0122728
1.459693e-07,0.00153502
1.460193e-07,0.0044735
1.460693e-07,0.016502
1.461193e-07,0.00903225
1.461693e-07,0.00109562
1.462193e-07,0.00801614
1.462693e-07,0.00815346
1.463193e-07,0.00669795
1.463693e-07,0.00741197
1.464193e-07,-0.00420462
1.464693e-07,-0.00590729
1.465193e-07,0.0115588
1.465693e-07,0.0220494
1.466193e-07,0.0287777
1.466693e-07,0.0321281
1.467193e-07,0.0199897
1.467693e-07,0.0095815
1.468193e-07,0.00642333
1.468693e-07,0.000793536
1.469193e-07,-0.00099152
1.469693e-07,-0.00209002
1.470193e-07,-0.00879084
1.470693e-07,-0.0107681
1.471193e-07,-0.00387507
1.471693e-07,0.00395171
1.472193e-07,0.00461081
1.472693e-07,-0.001733
1.473193e-07,-0.0133221
1.473693e-07,-0.0300193
1.474193e-07,-0.0329852
1.474693e-07,-0.0184576
1.475193e-07,-0.0123884
1.475693e-07,-0.0132947
1.476193e-07,-0.00590729
1.476693e-07,0.00197442
1.477193e-07,0.0040341
1.477693e-07,0.00513259
1.478193e-07,0.0035947
1.478693e-07,-0.00549535
1.479193e-07,-0.0148326
1.479693e-07,-0.0182379
1.480193e-07,-0.018897
1.480693e-07,-0.0139538
1.481193e-07,-0.00725294
1.481693e-07,-0.00513834
1.482193e-07,0.00169979
1.482693e-07,0.0112842
1.483193e-07,0.0111469
1.483693e-07,0.00397917
1.484193e-07,0.000656224
1.484693e-07,0.000189363
1.485193e-07,-0.00527565
1.485693e-07,-0.010878
1.486193e-07,-0.0141735
1.486693e-07,-0.0169746
1.487193e-07,-0.0138714
1.487693e-07,-0.00857114
1.488193e-07,-0.00338075
1.488693e-07,0.00559945
1.489193e-07,0.00595646
1.489693e-07,-0.00332582
1.490193e-07,-0.001733
1.490693e-07,0.00411648
1.491193e-07,-0.000140186
1.491693e-07,-0.00382015
1.492193e-07,-0.00129361
1.492693e-07,0.00675287
1.493193e-07,0.0155683
1.493693e-07,0.0183969
1.494193e-07,0.0185342
1.494693e-07,0.0144973
1.495193e-07,0.0118334
1.495693e-07,0.0152662
1.496193e-07,0.0131791
1.496693e-07,0.0107624
1.497193e-07,0.0159802
1.497693e-07,0.0158429
1.498193e-07,0.00944419
1.498693e-07,0.00603885
1.499193e-07,0.00436365
1.499693e-07,0.00395171
1.500193e-07,-0.000607046
1.500693e-07,-0.0108505
1.501193e-07,-0.011949
1.501693e-07,-0.00469894
1.502193e-07,-0.00483625
1.502693e-07,-0.00887322
1.503193e-07,-0.0051658
1.503693e-07,0.00183711
1.504193e-07,0.00414395
1.504693e-07,0.00334754
1.505193e-07,0.00123293
1.505693e-07,-0.00458909
1.506193e-07,-0.00928516
1.506693e-07,-0.00854368
1.507193e-07,-0.0109329
1.507693e-07,-0.0157388
1.508193e-07,-0.0131299
1.508693e-07,-0.00752757
1.509193e-07,-0.00431447
1.509693e-07,0.00208427
1.510193e-07,0.0095815
1.510693e-07,0.00963642
1.511193e-07,0.000601299
1.511693e-07,-0.0139538
1.512193e-07,-0.0165902
1.512693e-07,-0.00483625
1.513193e-07,-0.00299627
1.513693e-07,-0.00774727
1.514193e-07,-0.00483625
1.514693e-07,0.00211173
1.515193e-07,0.0140853
1.515693e-07,0.0276518
1.516193e-07,0.035863
1.516693e-07,0.0397627
1.517193e-07,0.0379501
1.517693e-07,0.0309198
1.518193e-07,0.0249604
1.518693e-07,0.0192208
1.519193e-07,0.00647825
1.519693e-07,-0.00766488
1.520193e-07,-0.0116469
1.520693e-07,-0.0133221
1.521193e-07,-0.021451
1.521693e-07,-0.027987
1.522193e-07,-0.0260098
1.522693e-07,-0.0126081
1.523193e-07,0.00139771
1.523693e-07,-0.0015133
1.524193e-07,-0.0139263
1.524693e-07,-0.0205722
1.525193e-07,-0.0240874
1.525693e-07,-0.0266139
1.526193e-07,-0.0235381
1.526693e-07,-0.0237578
1.527193e-07,-0.0258175
1.527693e-07,-0.0167
1.528193e-07,-0.00928516
1.528693e-07,-0.00719802
1.529193e-07,0.00197442
1.529693e-07,0.0095815
1.530193e-07,0.0100484
1.530693e-07,0.0137558
1.531193e-07,0.0166668
1.531693e-07,0.00881255
1.532193e-07,-2.87366e-06
1.532693e-07,-0.0047264
1.533193e-07,-0.0120589
1.533693e-07,-0.0223298
1.534193e-07,-0.0343858
1.534693e-07,-0.0407845
1.535193e-07,-0.0380932
1.535693e-07,-0.0325733
1.536193e-07,-0.0235107
1.536693e-07,-0.0115645
1.537193e-07,-0.00651146
1.537693e-07,-0.0133496
1.538193e-07,-0.0204898
1.538693e-07,-0.0203525
1.539193e-07,-0.0250211
1.539693e-07,-0.0313649
1.540193e-07,-0.0239775
1.540693e-07,-0.0135418
1.541193e-07,-0.0129102
1.541693e-07,-0.0129926
1.542193e-07,-0.0067037
1.542693e-07,0.00290814
1.543193e-07,0.00796122
1.543693e-07,0.00095831
1.544193e-07,-0.00901054
1.544693e-07,-0.00799443
1.545193e-07,-0.0019527
1.545693e-07,0.000106976
1.546193e-07,0.000189363
1.546693e-07,-0.00200763
1.547193e-07,-0.00843383
1.547693e-07,-0.0187322
1.548193e-07,-0.026559
1.548693e-07,-0.022577
1.549193e-07,-0.0176612
1.549693e-07,-0.0188695
1.550193e-07,-0.0128827
1.550693e-07,-0.00574251
1.551193e-07,-0.0021724
1.551693e-07,0.00930688
1.552193e-07,0.0197426
1.552693e-07,0.0195778
1.553193e-07,0.00894986
1.553693e-07,-0.00634669
1.554193e-07,-0.0101365
1.554693e-07,-0.00923024
1.555193e-07,-0.0169197
1.555693e-07,-0.0235656
1.556193e-07,-0.0216158
1.556693e-07,-0.0116744
1.557193e-07,0.000628761
1.557693e-07,0.0095815
1.558193e-07,0.0145797
1.558693e-07,0.0123827
1.559193e-07,0.0044735
1.559693e-07,-0.00118376
1.560193e-07,-0.00214494
1.560693e-07,-0.00318851
1.561193e-07,-0.00642907
1.561693e-07,-0.00513834
1.562193e-07,0.00461081
1.562693e-07,0.0166119
1.563193e-07,0.0194954
1.563693e-07,0.0148543
1.564193e-07,0.011806
1.564693e-07,0.00705496
1.565193e-07,0.00537975
1.565693e-07,0.00938926
1.566193e-07,0.00235889
1.566693e-07,-0.0128553
1.567193e-07,-0.0198856
1.567693e-07,-0.0219728
1.568193e-07,-0.0215883
1.568693e-07,-0.0117842
1.569193e-07,0.00106816
1.569693e-07,0.000875923
1.570193e-07,-0.010521
1.570693e-07,-0.0167824
1.571193e-07,-0.0156839
1.571693e-07,-0.00997172
1.572193e-07,0.00285321
1.572693e-07,0.00974627
1.573193e-07,0.00158994
1.573693e-07,-0.00354552
1.574193e-07,0.00332008
1.574693e-07,0.00823584
1.575193e-07,0.00537975
1.575693e-07,-0.00189778
1.576193e-07,-0.0120589
1.576693e-07,-0.0137615
1.577193e-07,0.000546374
1.577693e-07,0.00925195
1.578193e-07,0.00466573
1.578693e-07,0.00483051
1.579193e-07,0.00450096
1.579693e-07,-0.000332422
1.580193e-07,-0.00299627
1.580693e-07,-0.00909292
1.581193e-07,-0.0134594
1.581693e-07,-0.0104935
1.582193e-07,-0.00994426
1.582693e-07,-0.0156015
1.583193e-07,-0.0168922
1.583693e-07,-0.00961471
1.584193e-07,-0.00469894
1.584693e-07,-0.000744358
1.585193e-07,0.00510513
1.585693e-07,0.0035947
1.586193e-07,0.00164487
1.586693e-07,0.0044735
1.587193e-07,0.00480304
1.587693e-07,0.00430872
1.588193e-07,0.000711148
1.588693e-07,-0.00700578
1.589193e-07,-0.0138165
1.589693e-07,-0.0180731
1.590193e-07,-0.00909292
1.590693e-07,0.00647825
1.591193e-07,0.0112567
1.591693e-07,0.00982866
1.592193e-07,0.00406156
1.592693e-07,-0.00376522
1.593193e-07,-0.00629176
1.593693e-07,-0.00673116
1.594193e-07,-0.00785712
1.594693e-07,-0.0056052
1.595193e-07,-0.00522073
1.595693e-07,-0.0110977
1.596193e-07,-0.0115645
