LECROYWR640Zi,59892,Waveform
Segments,1,SegmentSize,4002
Segment,TrigTime,TimeSinceSegment1
#1,01-Nov-2023 13:36:53,0                 
Time,Ampl
-4.041394e-08,0.00653317
-4.036394e-08,0.0100484
-4.031394e-08,0.0183145
-4.026394e-08,0.0235324
-4.021394e-08,0.0264709
-4.016394e-08,0.0290249
-4.011394e-08,0.0211157
-4.006394e-08,0.00617616
-4.001394e-08,-0.00318851
-3.996394e-08,-0.00299627
-3.991394e-08,0.00386932
-3.986394e-08,0.00439111
-3.981394e-08,-0.001733
-3.976394e-08,-0.00802189
-3.971394e-08,-0.0143108
-3.966394e-08,-0.0157388
-3.961394e-08,-0.0124159
-3.956394e-08,-0.00999918
-3.951394e-08,-0.0123335
-3.946394e-08,-0.0135693
-3.941394e-08,-0.00662131
-3.936394e-08,0.000656224
-3.931394e-08,0.0038144
-3.926394e-08,0.00587408
-3.921394e-08,0.00332008
-3.916394e-08,0.00246874
-3.911394e-08,0.0102406
-3.906394e-08,0.0101033
-3.901394e-08,0.000491449
-3.896394e-08,-0.00357298
-3.891394e-08,-0.00700578
-3.886394e-08,-0.00686847
-3.881394e-08,0.00095831
-3.876394e-08,0.00342992
-3.871394e-08,0.0044735
-3.866394e-08,0.01252
-3.861394e-08,0.0189187
-3.856394e-08,0.0180125
-3.851394e-08,0.0120806
-3.846394e-08,0.00496782
-3.841394e-08,0.00397917
-3.836394e-08,0.0063684
-3.831394e-08,0.00485797
-3.826394e-08,0.00483051
-3.821394e-08,0.0105976
-3.816394e-08,0.0188363
-3.811394e-08,0.0194405
-3.806394e-08,0.0114489
-3.801394e-08,0.00991105
-3.796394e-08,0.017628
-3.791394e-08,0.0204841
-3.786394e-08,0.0132889
-3.781394e-08,0.00859285
-3.776394e-08,0.008483
-3.771394e-08,0.00131532
-3.766394e-08,-0.011235
-3.761394e-08,-0.0180457
-3.756394e-08,-0.0160409
-3.751394e-08,-0.0132672
-3.746394e-08,-0.0150248
-3.741394e-08,-0.0127454
-3.736394e-08,-0.00104644
-3.731394e-08,0.0110095
-3.726394e-08,0.0108448
-3.721394e-08,0.000930848
-3.716394e-08,-0.000167648
-3.711394e-08,0.00768659
-3.706394e-08,0.0111469
-3.701394e-08,0.0140853
-3.696394e-08,0.0188638
-3.691394e-08,0.0196602
-3.686394e-08,0.0174083
-3.681394e-08,0.0133438
-3.676394e-08,0.00875763
-3.671394e-08,0.0054896
-3.666394e-08,0.00513259
-3.661394e-08,0.0137558
-3.656394e-08,0.0253998
-3.651394e-08,0.0247407
-3.646394e-08,0.0161725
-3.641394e-08,0.0095815
-3.636394e-08,0.0070275
-3.631394e-08,0.00834569
-3.626394e-08,0.00565438
-3.621394e-08,0.00384186
-3.616394e-08,0.00894986
-3.611394e-08,0.00727466
-3.606394e-08,0.00202934
-3.601394e-08,0.00189203
-3.596394e-08,-0.000387347
-3.591394e-08,-0.00115629
-3.586394e-08,-0.00170554
-3.581394e-08,-0.00890069
-3.576394e-08,-0.00961471
-3.571394e-08,-0.0021724
-3.566394e-08,0.00296306
-3.561394e-08,0.0137009
-3.556394e-08,0.0285031
-3.551394e-08,0.0260315
-3.546394e-08,0.012877
-3.541394e-08,0.0101307
-3.536394e-08,0.00837315
-3.531394e-08,-0.000936595
-3.526394e-08,-0.00983441
-3.521394e-08,-0.0200504
-3.516394e-08,-0.032024
-3.511394e-08,-0.0368299
-3.506394e-08,-0.0311727
-3.501394e-08,-0.0199131
-3.496394e-08,-0.015217
-3.491394e-08,-0.024005
-3.486394e-08,-0.0286187
-3.481394e-08,-0.0205173
-3.476394e-08,-0.0187322
-3.471394e-08,-0.0235656
-3.466394e-08,-0.0234558
-3.461394e-08,-0.0180731
-3.456394e-08,-0.00928516
-3.451394e-08,-0.00549535
-3.446394e-08,-0.00675862
-3.441394e-08,0.000161901
-3.436394e-08,0.0138382
-3.431394e-08,0.0195778
-3.426394e-08,0.011037
-3.421394e-08,-0.00272165
-3.416394e-08,-0.00802189
-3.411394e-08,-0.00310612
-3.406394e-08,0.00356724
-3.401394e-08,0.0035947
-3.396394e-08,-0.00445178
-3.391394e-08,-0.0103287
-3.386394e-08,-0.00848875
-3.381394e-08,-0.00645653
-3.376394e-08,-0.00557774
-3.371394e-08,-0.00107391
-3.366394e-08,0.00340246
-3.361394e-08,0.00439111
-3.356394e-08,0.00452842
-3.351394e-08,0.00095831
-3.346394e-08,-0.00651146
-3.341394e-08,-0.0118117
-3.336394e-08,-0.0143108
-3.331394e-08,-0.0157937
-3.326394e-08,-0.0169746
-3.321394e-08,-0.0118117
-3.316394e-08,0.00364962
-3.311394e-08,0.0176829
-3.306394e-08,0.0229282
-3.301394e-08,0.0225712
-3.296394e-08,0.017985
-3.291394e-08,0.0135361
-3.286394e-08,0.0117785
-3.281394e-08,0.0106251
-3.276394e-08,0.0119707
-3.271394e-08,0.0128495
-3.266394e-08,0.00727466
-3.261394e-08,0.00466573
-3.256394e-08,0.0101582
-3.251394e-08,0.00362216
-3.246394e-08,-0.0161782
-3.241394e-08,-0.0257077
-3.236394e-08,-0.0269709
-3.231394e-08,-0.0246366
-3.226394e-08,-0.0144756
-3.221394e-08,-0.00832398
-3.216394e-08,-0.0058249
-3.211394e-08,0.000711148
-3.206394e-08,0.00774152
-3.201394e-08,0.00900479
-3.196394e-08,0.00625855
-3.191394e-08,0.00741197
-3.186394e-08,0.00156248
-3.181394e-08,-0.010164
-3.176394e-08,-0.00464402
-3.171394e-08,0.0112292
-3.166394e-08,0.0145797
-3.161394e-08,0.00919703
-3.156394e-08,0.00971881
-3.151394e-08,0.00771406
-3.146394e-08,-0.00346313
-3.141394e-08,-0.010164
-3.136394e-08,-0.0111801
-3.131394e-08,-0.0168373
-3.126394e-08,-0.0242522
-3.121394e-08,-0.0227417
-3.116394e-08,-0.0136517
-3.111394e-08,-0.00530311
-3.106394e-08,0.00167233
-3.101394e-08,0.00735705
-3.096394e-08,0.0102681
-3.091394e-08,0.00985612
-3.086394e-08,0.00235889
-3.081394e-08,-0.00865353
-3.076394e-08,-0.0109329
-3.071394e-08,-0.00719802
-3.066394e-08,-0.00489118
-3.061394e-08,0.0003816
-3.056394e-08,0.00664302
-3.051394e-08,0.0113666
-3.046394e-08,0.0187539
-3.041394e-08,0.0219121
-3.036394e-08,0.0153761
-3.031394e-08,0.00727466
-3.026394e-08,0.00450096
-3.021394e-08,0.0052699
-3.016394e-08,0.00200188
-3.011394e-08,0.00027175
-3.006394e-08,0.0044735
-3.001394e-08,0.00408902
-2.996394e-08,0.000766073
-2.991394e-08,-0.00198017
-2.986394e-08,-0.0115371
-2.981394e-08,-0.0204898
-2.976394e-08,-0.0142284
-2.971394e-08,-0.00678608
-2.966394e-08,-0.0145579
-2.961394e-08,-0.0215059
-2.956394e-08,-0.0111251
-2.951394e-08,0.00285321
-2.946394e-08,0.00211173
-2.941394e-08,-0.00574251
-2.936394e-08,-0.00791204
-2.931394e-08,-0.0060446
-2.926394e-08,-0.0126356
-2.921394e-08,-0.0229065
-2.916394e-08,-0.0180182
-2.911394e-08,-0.00983441
-2.906394e-08,-0.0124433
-2.901394e-08,-0.0137066
-2.896394e-08,-0.00651146
-2.891394e-08,0.00205681
-2.886394e-08,0.00474812
-2.881394e-08,0.00167233
-2.876394e-08,0.000134438
-2.871394e-08,0.00307291
-2.866394e-08,0.00521498
-2.861394e-08,0.00650571
-2.856394e-08,0.00845554
-2.851394e-08,0.0123827
-2.846394e-08,0.0189187
-2.841394e-08,0.0198524
-2.836394e-08,0.0149641
-2.831394e-08,0.011037
-2.826394e-08,0.00878509
-2.821394e-08,0.00461081
-2.816394e-08,-0.00890069
-2.811394e-08,-0.0248563
-2.806394e-08,-0.0259274
-2.801394e-08,-0.0153543
-2.796394e-08,-0.00975202
-2.791394e-08,-0.011235
-2.786394e-08,-0.010466
-2.781394e-08,-0.00662131
-2.776394e-08,-0.00634669
-2.771394e-08,-0.00934009
-2.766394e-08,-0.010521
-2.761394e-08,-0.00914785
-2.756394e-08,-0.00329836
-2.751394e-08,0.00202934
-2.746394e-08,-0.00678608
-2.741394e-08,-0.0191716
-2.736394e-08,-0.0179907
-2.731394e-08,-0.0142009
-2.726394e-08,-0.0146129
-2.721394e-08,-0.00986187
-2.716394e-08,-0.0023921
-2.711394e-08,0.00128786
-2.706394e-08,0.00502274
-2.701394e-08,0.00829077
-2.696394e-08,0.00463827
-2.691394e-08,-0.00835144
-2.686394e-08,-0.0210665
-2.681394e-08,-0.0204624
-2.676394e-08,-0.0139538
-2.671394e-08,-0.00719802
-2.666394e-08,0.00158994
-2.661394e-08,0.00115055
-2.656394e-08,-0.00409477
-2.651394e-08,-0.0047264
-2.646394e-08,-0.00785712
-2.641394e-08,-0.0067037
-2.636394e-08,-0.00491864
-2.631394e-08,-0.0191991
-2.626394e-08,-0.0268611
-2.621394e-08,-0.0105759
-2.616394e-08,0.00342992
-2.611394e-08,0.00606631
-2.606394e-08,0.0139206
-2.601394e-08,0.0244387
-2.596394e-08,0.0227085
-2.591394e-08,0.0110095
-2.586394e-08,0.0063684
-2.581394e-08,0.011806
-2.576394e-08,0.00889494
-2.571394e-08,-0.00541296
-2.566394e-08,-0.0160134
-2.561394e-08,-0.0177985
-2.556394e-08,-0.0131574
-2.551394e-08,-0.0110977
-2.546394e-08,-0.0120314
-2.541394e-08,-0.00414969
-2.536394e-08,0.00765913
-2.531394e-08,0.011751
-2.526394e-08,0.00977374
-2.521394e-08,0.00790629
-2.516394e-08,0.00606631
-2.511394e-08,0.00370455
-2.506394e-08,-0.000469734
-2.501394e-08,-0.00722548
-2.496394e-08,-0.00887322
-2.491394e-08,-0.00343567
-2.486394e-08,0.00205681
-2.481394e-08,0.00439111
-2.476394e-08,0.00351231
-2.471394e-08,-0.00134853
-2.466394e-08,-0.00568759
-2.461394e-08,-0.00596221
-2.456394e-08,-0.006484
-2.451394e-08,-0.00717056
-2.446394e-08,-0.00928516
-2.441394e-08,-0.0171119
-2.436394e-08,-0.0260921
-2.431394e-08,-0.0308431
-2.426394e-08,-0.0288384
-2.421394e-08,-0.0216707
-2.416394e-08,-0.0153818
-2.411394e-08,-0.0141735
-2.406394e-08,-0.0149699
-2.401394e-08,-0.00934009
-2.396394e-08,-0.0096971
-2.391394e-08,-0.0232635
-2.386394e-08,-0.0271083
-2.381394e-08,-0.0217805
-2.376394e-08,-0.0195561
-2.371394e-08,-0.0127454
-2.366394e-08,-0.00566013
-2.361394e-08,-0.0028315
-2.356394e-08,0.000628761
-2.351394e-08,-0.00291389
-2.346394e-08,-0.0128553
-2.341394e-08,-0.0148051
-2.336394e-08,-0.00975202
-2.331394e-08,-0.00541296
-2.326394e-08,-0.0026118
-2.321394e-08,-0.00272165
-2.316394e-08,-0.001733
-2.311394e-08,-0.00412223
-2.306394e-08,-0.0177436
-2.301394e-08,-0.0282067
-2.296394e-08,-0.0249662
-2.291394e-08,-0.0178809
-2.286394e-08,-0.0165352
-2.281394e-08,-0.0129926
-2.276394e-08,0.00205681
-2.271394e-08,0.0111743
-2.266394e-08,0.00430872
-2.261394e-08,0.00205681
-2.256394e-08,0.00840062
-2.251394e-08,0.00941673
-2.246394e-08,0.00510513
-2.241394e-08,-0.00266673
-2.236394e-08,-0.00623684
-2.231394e-08,0.00310038
-2.226394e-08,0.008483
-2.221394e-08,0.00235889
-2.216394e-08,-0.00447924
-2.211394e-08,-0.0165627
-2.206394e-08,-0.0286736
-2.201394e-08,-0.03315
-2.196394e-08,-0.0361159
-2.191394e-08,-0.0307333
-2.186394e-08,-0.014146
-2.181394e-08,0.00321023
-2.176394e-08,0.012163
-2.171394e-08,0.0103504
-2.166394e-08,0.00266098
-2.161394e-08,-0.00436939
-2.156394e-08,-0.006484
-2.151394e-08,-0.00442432
-2.146394e-08,-0.00198017
-2.141394e-08,-0.00351806
-2.136394e-08,-0.00467148
-2.131394e-08,-0.00434193
-2.126394e-08,-0.0109604
-2.121394e-08,-0.0165902
-2.116394e-08,-0.0106308
-2.111394e-08,-0.00184285
-2.106394e-08,-0.000140186
-2.101394e-08,-0.00189778
-2.096394e-08,-0.00140346
-2.091394e-08,-0.00099152
-2.086394e-08,-0.00549535
-2.081394e-08,-0.0099168
-2.076394e-08,-0.00722548
-2.071394e-08,-0.00840636
-2.066394e-08,-0.0183203
-2.061394e-08,-0.0198582
-2.056394e-08,-0.0121962
-2.051394e-08,-0.00664877
-2.046394e-08,0.00260605
-2.041394e-08,0.012108
-2.036394e-08,0.00452842
-2.031394e-08,-0.00986187
-2.026394e-08,-0.0079395
-2.021394e-08,0.000985772
-2.016394e-08,0.00235889
-2.011394e-08,0.00211173
-2.006394e-08,-5.77984e-05
-2.001394e-08,0.00178218
-1.996394e-08,0.0137832
-1.991394e-08,0.0218572
-1.986394e-08,0.024933
-1.981394e-08,0.0239718
-1.976394e-08,0.0180125
-1.971394e-08,0.0201545
-1.966394e-08,0.0231754
-1.961394e-08,0.0158155
-1.956394e-08,0.0113116
-1.951394e-08,0.0155408
-1.946394e-08,0.0162274
-1.941394e-08,0.00732958
-1.936394e-08,0.00142517
-1.931394e-08,0.00856539
-1.926394e-08,0.0156781
-1.921394e-08,0.0147444
-1.916394e-08,0.0135361
-1.911394e-08,0.0120531
-1.906394e-08,0.0105701
-1.901394e-08,0.00815346
-1.896394e-08,0.000299213
-1.891394e-08,-0.00673116
-1.886394e-08,-0.0122786
-1.881394e-08,-0.0132947
-1.876394e-08,-0.00500103
-1.871394e-08,-0.00642907
-1.866394e-08,-0.0162331
-1.861394e-08,-0.0146678
-1.856394e-08,-0.0138165
-1.851394e-08,-0.021451
-1.846394e-08,-0.0244444
-1.841394e-08,-0.0171943
-1.836394e-08,-0.0081592
-1.831394e-08,-0.00821413
-1.826394e-08,-0.0114822
-1.821394e-08,-0.00741772
-1.816394e-08,0.00285321
-1.811394e-08,0.00628601
-1.806394e-08,0.00356724
-1.801394e-08,0.00859285
-1.796394e-08,0.0091421
-1.791394e-08,0.00131532
-1.786394e-08,-0.00373776
-1.781394e-08,-0.00884576
-1.776394e-08,-0.00807682
-1.771394e-08,-0.00340821
-1.766394e-08,-0.00148584
-1.761394e-08,0.00244128
-1.756394e-08,0.00134278
-1.751394e-08,-0.00403984
-1.746394e-08,-0.00612699
-1.741394e-08,-0.00700578
-1.736394e-08,-0.00804935
-1.731394e-08,-0.00862606
-1.726394e-08,-0.000799283
-1.721394e-08,0.00922449
-1.716394e-08,0.00516006
-1.711394e-08,-0.00697832
-1.706394e-08,-0.0129102
-1.701394e-08,-0.00631922
-1.696394e-08,0.0029356
-1.691394e-08,0.00158994
-1.686394e-08,-0.00318851
-1.681394e-08,-0.00373776
-1.676394e-08,-0.00552281
-1.671394e-08,-0.0146403
-1.666394e-08,-0.0253232
-1.661394e-08,-0.0248838
-1.656394e-08,-0.017057
-1.651394e-08,-0.0121687
-1.646394e-08,-0.0026118
-1.641394e-08,0.0133164
-1.636394e-08,0.0187539
-1.631394e-08,0.0130143
-1.626394e-08,0.0119707
-1.621394e-08,0.0170513
-1.616394e-08,0.0157056
-1.611394e-08,0.0095815
-1.606394e-08,0.00815346
-1.601394e-08,0.00919703
-1.596394e-08,0.011394
-1.591394e-08,0.0109821
-1.586394e-08,0.00697257
-1.581394e-08,0.00779644
-1.576394e-08,0.00820838
-1.571394e-08,0.00686272
-1.566394e-08,0.015431
-1.561394e-08,0.0209235
-1.556394e-08,0.0131241
-1.551394e-08,0.00477558
-1.546394e-08,-0.00631922
-1.541394e-08,-0.0142559
-1.536394e-08,-0.0053855
-1.531394e-08,0.00216665
-1.526394e-08,-0.00181539
-1.521394e-08,-0.00447924
-1.516394e-08,-0.00442432
-1.511394e-08,-0.00653892
-1.506394e-08,-0.0132947
-1.501394e-08,-0.0234008
-1.496394e-08,-0.0273829
-1.491394e-08,-0.0218904
-1.486394e-08,-0.0168099
-1.481394e-08,-0.0121412
-1.476394e-08,-0.00252941
-1.471394e-08,0.00450096
-1.466394e-08,0.00856539
-1.461394e-08,0.0113391
-1.456394e-08,0.00532483
-1.451394e-08,-0.00129361
-1.446394e-08,0.00521498
-1.441394e-08,0.0155683
-1.436394e-08,0.0141952
-1.431394e-08,0.00554453
-1.426394e-08,-0.000771821
-1.421394e-08,-0.00425954
-1.416394e-08,-0.00365537
-1.411394e-08,-0.00230971
-1.406394e-08,-0.0056052
-1.401394e-08,-0.00887322
-1.396394e-08,-0.0106583
-1.391394e-08,-0.0118666
-1.386394e-08,-0.0104386
-1.381394e-08,-0.0128003
-1.376394e-08,-0.0102189
-1.371394e-08,0.00557199
-1.366394e-08,0.0170513
-1.361394e-08,0.0206488
-1.356394e-08,0.0221043
-1.351394e-08,0.0221867
-1.346394e-08,0.0131791
-1.341394e-08,-0.0126356
-1.336394e-08,-0.0290581
-1.331394e-08,-0.0207919
-1.326394e-08,-0.0100266
-1.321394e-08,-0.00681355
-1.316394e-08,-0.00414969
-1.311394e-08,-0.00200763
-1.306394e-08,-0.000250035
-1.301394e-08,0.00587408
-1.296394e-08,0.0121355
-1.291394e-08,0.0120806
-1.286394e-08,0.00727466
-1.281394e-08,-0.000964057
-1.276394e-08,-0.00994426
-1.271394e-08,-0.0163979
-1.266394e-08,-0.0209018
-1.261394e-08,-0.0182379
-1.256394e-08,-0.00931262
-1.251394e-08,-0.00840636
-1.246394e-08,-0.00950486
-1.241394e-08,0.003375
-1.236394e-08,0.0174357
-1.231394e-08,0.0164196
-1.226394e-08,0.0107898
-1.221394e-08,0.0118334
-1.216394e-08,0.00993851
-1.211394e-08,0.00213919
-1.206394e-08,-0.00156823
-1.201394e-08,-0.00162315
-1.196394e-08,0.0012604
-1.191394e-08,0.00241382
-1.186394e-08,-0.00357298
-1.181394e-08,-0.0104935
-1.176394e-08,-0.0164528
-1.171394e-08,-0.0161508
-1.166394e-08,-0.00912039
-1.161394e-08,-0.00667623
-1.156394e-08,-0.00999918
-1.151394e-08,-0.0120863
-1.146394e-08,-0.00763742
-1.141394e-08,-0.00192524
-1.136394e-08,-0.00651146
-1.131394e-08,-0.0126081
-1.126394e-08,-0.00609952
-1.121394e-08,0.00301799
-1.116394e-08,0.00675287
-1.111394e-08,0.00845554
-1.106394e-08,0.00818092
-1.101394e-08,0.00889494
-1.096394e-08,0.00949911
-1.091394e-08,0.00458335
-1.086394e-08,0.00238635
-1.081394e-08,0.00477558
-1.076394e-08,-0.00291389
-1.071394e-08,-0.0124433
-1.066394e-08,-0.00755503
-1.061394e-08,0.000793536
-1.056394e-08,0.00590154
-1.051394e-08,0.0137832
-1.046394e-08,0.0185892
-1.041394e-08,0.0173259
-1.036394e-08,0.0147994
-1.031394e-08,0.0107898
-1.026394e-08,0.00518752
-1.021394e-08,0.00167233
-1.016394e-08,0.0042538
-1.011394e-08,0.00969135
-1.006394e-08,0.0145247
-1.001394e-08,0.0191659
-9.963939e-09,0.0230106
-9.913939e-09,0.0297114
-9.863939e-09,0.0297389
-9.813939e-09,0.01252
-9.763939e-09,-0.00112883
-9.713939e-09,0.00101323
-9.663939e-09,0.00353977
-9.613939e-09,0.00765913
-9.563939e-09,0.0215826
-9.513939e-09,0.0270201
-9.463939e-09,0.0179026
-9.413939e-09,0.0124651
-9.363939e-09,0.0114215
-9.313939e-09,0.00507767
-9.263939e-09,-0.00596221
-9.213939e-09,-0.00928516
-9.163939e-09,-0.00434193
-9.113939e-09,-0.00931262
-9.063939e-09,-0.0215059
-9.013939e-09,-0.0230438
-8.963939e-09,-0.0116469
-8.913939e-09,-0.00176047
-8.863939e-09,-0.00382015
-8.813939e-09,-0.00697832
-8.763939e-09,-0.00269419
-8.713939e-09,0.00310038
-8.663939e-09,0.0104328
-8.613939e-09,0.0168316
-8.563939e-09,0.0112292
-8.513939e-09,-0.00159569
-8.463939e-09,-0.0132397
-8.413939e-09,-0.0211764
-8.363939e-09,-0.0211764
-8.313939e-09,-0.0214785
-8.263939e-09,-0.022522
-8.213939e-09,-0.0135968
-8.163939e-09,-0.00563266
-8.113939e-09,-0.00607206
-8.063939e-09,-0.00695086
-8.013939e-09,-0.0109329
-7.963939e-09,-0.013075
-7.913939e-09,-0.00579744
-7.863939e-09,-5.77984e-05
-7.813939e-09,0.0029356
-7.763939e-09,0.0087027
-7.713939e-09,0.00985612
-7.663939e-09,0.0035947
-7.613939e-09,0.00150756
-7.563939e-09,0.0082633
-7.513939e-09,0.0140304
-7.463939e-09,0.0171337
-7.413939e-09,0.0208411
-7.363939e-09,0.0251801
-7.313939e-09,0.0244936
-7.263939e-09,0.0127946
-7.213939e-09,0.00145263
-7.163939e-09,-0.00285896
-7.113939e-09,-0.00519326
-7.063939e-09,-0.00527565
-7.013939e-09,-0.00524819
-6.963939e-09,0.0003816
-6.913939e-09,0.0107075
-6.863939e-09,0.00963642
-6.813939e-09,0.005929
-6.763939e-09,0.0087027
-6.713939e-09,0.00738451
-6.663939e-09,0.00554453
-6.613939e-09,0.00689019
-6.563939e-09,0.00395171
-6.513939e-09,-0.000826745
-6.463939e-09,-0.00804935
-6.413939e-09,-0.0213411
-6.363939e-09,-0.0251859
-6.313939e-09,-0.0190068
-6.263939e-09,-0.0202976
-6.213939e-09,-0.0238128
-6.163939e-09,-0.0188695
-6.113939e-09,-0.0083789
-6.063939e-09,-0.00489118
-6.013939e-09,-0.00931262
-5.963939e-09,-0.00469894
-5.913939e-09,0.00559945
-5.863939e-09,0.00771406
-5.813939e-09,0.00546214
-5.763939e-09,0.00634094
-5.713939e-09,0.00790629
-5.663939e-09,0.00230397
-5.613939e-09,-0.00417716
-5.563939e-09,-0.00453417
-5.513939e-09,-0.00804935
-5.463939e-09,-0.0117019
-5.413939e-09,-0.00824159
-5.363939e-09,-0.00623684
-5.313939e-09,-0.00576998
-5.263939e-09,-0.00126614
-5.213939e-09,0.00235889
-5.163939e-09,0.00384186
-5.113939e-09,0.00507767
-5.063939e-09,0.00334754
-5.013939e-09,0.00288068
-4.963939e-09,0.00829077
-4.913939e-09,0.0114764
-4.863939e-09,0.00348485
-4.813939e-09,-0.00475387
-4.763939e-09,-0.00206255
-4.713939e-09,-0.00555028
-4.663939e-09,-0.0182379
-4.613939e-09,-0.0168922
-4.563939e-09,-0.00988933
-4.513939e-09,-0.0173866
-4.463939e-09,-0.0228516
-4.413939e-09,-0.0112899
-4.363939e-09,0.00524244
-4.313939e-09,0.0130692
-4.263939e-09,0.0140304
-4.213939e-09,0.0146895
-4.163939e-09,0.00916956
-4.113939e-09,-0.00189778
-4.063939e-09,-0.00791204
-4.013939e-09,-0.00955978
-3.963939e-09,-0.011949
-3.913939e-09,-0.0131848
-3.863939e-09,-0.00942247
-3.813939e-09,-0.00420462
-3.763939e-09,-0.00598967
-3.713939e-09,-0.00750011
-3.663939e-09,0.00296306
-3.613939e-09,0.0106525
-3.563939e-09,0.005929
-3.513939e-09,0.00137025
-3.463939e-09,0.0031553
-3.413939e-09,0.00719227
-3.363939e-09,0.00768659
-3.313939e-09,0.00507767
-3.263939e-09,0.00466573
-3.213939e-09,0.00647825
-3.163939e-09,0.00392425
-3.113939e-09,-0.00511088
-3.063939e-09,-0.010164
-3.013939e-09,-0.00634669
-2.963939e-09,-0.00475387
-2.913939e-09,-0.0132397
-2.863939e-09,-0.0208743
-2.813939e-09,-0.014146
-2.763939e-09,-0.00382015
-2.713939e-09,-0.00324344
-2.663939e-09,-0.0015133
-2.613939e-09,0.00697257
-2.563939e-09,0.0104603
-2.513939e-09,0.00829077
-2.463939e-09,0.00754928
-2.413939e-09,0.00908718
-2.363939e-09,0.0131516
-2.313939e-09,0.0164471
-2.263939e-09,0.0179301
-2.213939e-09,0.0214727
-2.163939e-09,0.0209784
-2.113939e-09,0.0098012
-2.063939e-09,-0.00178793
-2.013939e-09,-0.00579744
-1.963939e-09,-0.0124708
-1.913939e-09,-0.0222474
-1.863939e-09,-0.0227143
-1.813939e-09,-0.0195561
-1.763939e-09,-0.0180182
-1.713939e-09,-0.00873591
-1.663939e-09,0.00260605
-1.613939e-09,0.00700004
-1.563939e-09,0.0115039
-1.513939e-09,0.0209509
-1.463939e-09,0.0273497
-1.413939e-09,0.0250154
-1.363939e-09,0.0220769
-1.313939e-09,0.0166943
-1.263939e-09,0.00450096
-1.213939e-09,0.000711148
-1.163939e-09,0.00433618
-1.113939e-09,0.00521498
-1.063939e-09,0.00543468
-1.013939e-09,0.00557199
-9.639395e-10,0.0126298
-9.139395e-10,0.0208411
-8.639395e-10,0.0164196
-8.139395e-10,0.0163922
-7.639395e-10,0.0257019
-7.139395e-10,0.0157056
-6.639395e-10,-0.00379268
-6.139395e-10,-0.0030512
-5.639395e-10,-0.00110137
-5.139395e-10,-0.010109
-4.639395e-10,-0.00887322
-4.139395e-10,-0.0015133
-3.639395e-10,0.00189203
-3.139395e-10,0.00697257
-2.639395e-10,0.0119707
-2.139395e-10,0.0154585
-1.639395e-10,0.0232852
-1.139395e-10,0.0424814
-6.393946e-11,0.0746674
-1.393946e-11,0.130224
3.606054e-11,0.208437
8.606054e-11,0.290082
1.360605e-10,0.389249
1.860605e-10,0.506047
2.360605e-10,0.611777
2.860605e-10,0.710998
3.360605e-10,0.800745
3.860605e-10,0.867369
4.360605e-10,0.911336
4.860605e-10,0.929983
5.360605e-10,0.934103
5.860605e-10,0.93759
6.360605e-10,0.93608
6.860605e-10,0.928583
7.360605e-10,0.93402
7.860605e-10,0.957995
8.360605e-10,0.972605
8.860605e-10,0.968733
9.360605e-10,0.963185
9.860605e-10,0.95459
1.036061e-09,0.939787
1.086061e-09,0.925315
1.136061e-09,0.915428
1.186061e-09,0.918834
1.236061e-09,0.9285
1.286061e-09,0.92493
1.336061e-09,0.917268
1.386061e-09,0.923887
1.436061e-09,0.928638
1.486061e-09,0.917598
1.536061e-09,0.910018
1.586061e-09,0.911089
1.636061e-09,0.904059
1.686061e-09,0.88511
1.736061e-09,0.862728
1.786061e-09,0.841829
1.836061e-09,0.828537
1.886061e-09,0.828675
1.936061e-09,0.826093
1.986061e-09,0.813186
2.036061e-09,0.798658
2.086061e-09,0.782785
2.136061e-09,0.77883
2.186061e-09,0.789458
2.236061e-09,0.79042
2.286061e-09,0.77386
2.336061e-09,0.752769
2.386061e-09,0.735138
2.436061e-09,0.720033
2.486061e-09,0.709158
2.536061e-09,0.702485
2.586061e-09,0.692791
2.636061e-09,0.683563
2.686061e-09,0.681339
2.736061e-09,0.682794
2.786061e-09,0.691363
2.836061e-09,0.694411
2.886061e-09,0.676286
2.936061e-09,0.660495
2.986061e-09,0.650197
3.036061e-09,0.627623
3.086061e-09,0.609772
3.136061e-09,0.608866
3.186061e-09,0.613424
3.236061e-09,0.616171
3.286061e-09,0.609305
3.336061e-09,0.586621
3.386061e-09,0.569567
3.436061e-09,0.569814
3.486061e-09,0.567288
3.536061e-09,0.566903
3.586061e-09,0.577723
3.636061e-09,0.579838
3.686061e-09,0.57072
3.736061e-09,0.565832
3.786061e-09,0.563223
3.836061e-09,0.554106
3.886061e-09,0.539413
3.936061e-09,0.526039
3.986061e-09,0.516949
4.036061e-09,0.515878
4.086061e-09,0.520766
4.136061e-09,0.514285
4.186061e-09,0.50341
4.236061e-09,0.50709
4.286061e-09,0.513324
4.336061e-09,0.506815
4.386061e-09,0.494375
4.436061e-09,0.485395
4.486061e-09,0.475069
4.536061e-09,0.461942
4.586061e-09,0.449007
4.636061e-09,0.435139
4.686061e-09,0.430717
4.736061e-09,0.440988
4.786061e-09,0.451232
4.836061e-09,0.453621
4.886061e-09,0.450353
4.936061e-09,0.441839
4.986061e-09,0.434864
5.036061e-09,0.430635
5.086061e-09,0.425032
5.136061e-09,0.418057
5.186061e-09,0.404903
5.236061e-09,0.389688
5.286061e-09,0.378813
5.336061e-09,0.377028
5.386061e-09,0.384278
5.436061e-09,0.383152
5.486061e-09,0.376452
5.536061e-09,0.374941
5.586061e-09,0.3703
5.636061e-09,0.369696
5.686061e-09,0.38145
5.736061e-09,0.387546
5.786061e-09,0.374529
5.836061e-09,0.356047
5.886061e-09,0.352312
5.936061e-09,0.357914
5.986061e-09,0.35591
6.036061e-09,0.354921
6.086061e-09,0.361045
6.136061e-09,0.365137
6.186061e-09,0.366483
6.236061e-09,0.362583
6.286061e-09,0.353438
6.336061e-09,0.35039
6.386061e-09,0.363764
6.436061e-09,0.374117
6.486061e-09,0.356761
6.536061e-09,0.336494
6.586061e-09,0.334214
6.636061e-09,0.328063
6.686061e-09,0.311997
6.736061e-09,0.304308
6.786061e-09,0.305763
6.836061e-09,0.304033
6.886061e-09,0.301095
6.936061e-09,0.30472
6.986061e-09,0.305763
7.036061e-09,0.295877
7.086061e-09,0.291126
7.136061e-09,0.298953
7.186061e-09,0.302138
7.236061e-09,0.298815
7.286061e-09,0.299749
7.336061e-09,0.297415
7.386061e-09,0.279345
7.436061e-09,0.256551
7.486061e-09,0.24282
7.536061e-09,0.231807
7.586061e-09,0.22626
7.636061e-09,0.225353
7.686061e-09,0.219037
7.736061e-09,0.218213
7.786061e-09,0.223733
7.836061e-09,0.219284
7.886061e-09,0.206487
7.936061e-09,0.200198
7.986061e-09,0.203329
8.036061e-09,0.2097
8.086061e-09,0.216593
8.136061e-09,0.220905
8.186061e-09,0.223706
8.236061e-09,0.227715
8.286061e-09,0.223898
8.336061e-09,0.210002
8.386061e-09,0.197616
8.436061e-09,0.185313
8.486061e-09,0.172488
8.536061e-09,0.16554
8.586061e-09,0.163453
8.636061e-09,0.163041
8.686061e-09,0.161751
8.736061e-09,0.16738
8.786061e-09,0.181661
8.836061e-09,0.185396
8.886061e-09,0.17485
8.936061e-09,0.176718
8.986061e-09,0.191383
9.036061e-09,0.187181
9.086061e-09,0.171582
9.136061e-09,0.166749
9.186061e-09,0.168232
9.236061e-09,0.173971
9.286061e-09,0.178667
9.336061e-09,0.17886
9.386061e-09,0.180233
9.436061e-09,0.173752
9.486061e-09,0.154144
9.536061e-09,0.143323
9.586061e-09,0.156121
9.636061e-09,0.165595
9.686061e-09,0.158757
9.736061e-09,0.159966
9.786061e-09,0.171582
9.836061e-09,0.178695
9.886061e-09,0.178942
9.936061e-09,0.182045
9.986061e-09,0.184352
1.003606e-08,0.172049
1.008606e-08,0.157521
1.013606e-08,0.151782
1.018606e-08,0.153182
1.023606e-08,0.155764
1.028606e-08,0.140467
1.033606e-08,0.122342
1.038606e-08,0.128658
1.043606e-08,0.136073
1.048606e-08,0.132778
1.053606e-08,0.137666
1.058606e-08,0.136952
1.063606e-08,0.115312
1.068606e-08,0.0986695
1.073606e-08,0.0992737
1.078606e-08,0.0979005
1.083606e-08,0.0964176
1.088606e-08,0.104134
1.093606e-08,0.10548
1.098606e-08,0.0946874
1.103606e-08,0.0880415
1.108606e-08,0.088783
1.113606e-08,0.0829335
1.118606e-08,0.0719211
1.123606e-08,0.0724704
1.128606e-08,0.0819449
1.133606e-08,0.0934791
1.138606e-08,0.109682
1.143606e-08,0.115449
1.148606e-08,0.109435
1.153606e-08,0.105727
1.158606e-08,0.0948248
1.163606e-08,0.0798028
1.168606e-08,0.0743653
1.173606e-08,0.0689003
1.178606e-08,0.0626388
1.183606e-08,0.0700811
1.188606e-08,0.08914
1.193606e-08,0.104546
1.198606e-08,0.110588
1.203606e-08,0.111632
1.208606e-08,0.108446
1.213606e-08,0.1018
1.218606e-08,0.0956212
1.223606e-08,0.0868607
1.228606e-08,0.0765623
1.233606e-08,0.0737886
1.238606e-08,0.0717563
1.243606e-08,0.0639845
1.248606e-08,0.0587117
1.253606e-08,0.0599201
1.258606e-08,0.0649731
1.263606e-08,0.0667582
1.268606e-08,0.066923
1.273606e-08,0.0743653
1.278606e-08,0.0837849
1.283606e-08,0.0855974
1.288606e-08,0.0827413
1.293606e-08,0.0836201
1.298606e-08,0.0871353
1.303606e-08,0.0817527
1.308606e-08,0.0668406
1.313606e-08,0.0544276
1.318606e-08,0.051599
1.323606e-08,0.0601398
1.328606e-08,0.0685982
1.333606e-08,0.062529
1.338606e-08,0.0534939
1.343606e-08,0.0526151
1.348606e-08,0.0511596
1.353606e-08,0.0410534
1.358606e-08,0.0274321
1.363606e-08,0.0239993
1.368606e-08,0.0243013
1.373606e-08,0.0165295
1.378606e-08,0.0176829
1.383606e-08,0.0300959
1.388606e-08,0.0310571
1.393606e-08,0.0294917
1.398606e-08,0.040614
1.403606e-08,0.0450354
1.408606e-08,0.0371812
1.413606e-08,0.0308374
1.418606e-08,0.0239993
1.423606e-08,0.0221593
1.428606e-08,0.0296565
1.433606e-08,0.0331992
1.438606e-08,0.0341603
1.443606e-08,0.0340505
1.448606e-08,0.0295467
1.453606e-08,0.0287502
1.458606e-08,0.0265533
1.463606e-08,0.0191933
1.468606e-08,0.0169963
1.473606e-08,0.019468
1.478606e-08,0.01977
1.483606e-08,0.0239169
1.488606e-08,0.0346547
1.493606e-08,0.0395704
1.498606e-08,0.036934
1.503606e-08,0.0316338
1.508606e-08,0.0269927
1.513606e-08,0.0263885
1.518606e-08,0.0253724
1.523606e-08,0.0234775
1.528606e-08,0.0205939
1.533606e-08,0.0185068
1.538606e-08,0.0240542
1.543606e-08,0.0295741
1.548606e-08,0.0258942
1.553606e-08,0.0174083
1.558606e-08,0.0131241
1.563606e-08,0.0140853
1.568606e-08,0.00853793
1.573606e-08,-0.00145838
1.578606e-08,0.0003816
1.583606e-08,0.00944419
1.588606e-08,0.0141952
1.593606e-08,0.0168041
1.598606e-08,0.0188089
1.603606e-08,0.0221043
1.608606e-08,0.0290249
1.613606e-08,0.0362475
1.618606e-08,0.0376481
1.623606e-08,0.0332815
1.628606e-08,0.0308923
1.633606e-08,0.0335287
1.638606e-08,0.0417949
1.643606e-08,0.0520109
1.648606e-08,0.0543727
1.653606e-08,0.0505554
1.658606e-08,0.0506927
1.663606e-08,0.0517637
1.668606e-08,0.0519285
1.673606e-08,0.0564323
1.678606e-08,0.0544276
1.683606e-08,0.0468754
1.688606e-08,0.0477268
1.693606e-08,0.0474796
1.698606e-08,0.0440193
1.703606e-08,0.0484133
1.708606e-08,0.0541804
1.713606e-08,0.0523404
1.718606e-08,0.0454474
1.723606e-08,0.040257
1.728606e-08,0.0404492
1.733606e-08,0.0385818
1.738606e-08,0.0349567
1.743606e-08,0.0367693
1.748606e-08,0.0338033
1.753606e-08,0.0328421
1.758606e-08,0.0478366
1.763606e-08,0.0569541
1.768606e-08,0.0505828
1.773606e-08,0.0455847
1.778606e-08,0.0414379
1.783606e-08,0.0307825
1.788606e-08,0.0232852
1.793606e-08,0.023093
1.798606e-08,0.0196602
1.803606e-08,0.0160352
1.808606e-08,0.0190286
1.813606e-08,0.0214453
1.818606e-08,0.0241091
1.823606e-08,0.0286953
1.828606e-08,0.0233676
1.833606e-08,0.0135361
1.838606e-08,0.0167766
1.843606e-08,0.024878
1.848606e-08,0.0230106
1.853606e-08,0.0167766
1.858606e-08,0.0142226
1.863606e-08,0.0149092
1.868606e-08,0.0178202
1.873606e-08,0.0218846
1.878606e-08,0.0265807
1.883606e-08,0.0300684
1.888606e-08,0.0317436
1.893606e-08,0.0390212
1.898606e-08,0.046793
1.903606e-08,0.0399
1.908606e-08,0.0285305
1.913606e-08,0.0291073
1.918606e-08,0.0292171
1.923606e-08,0.0181223
1.928606e-08,0.00837315
1.933606e-08,0.00370455
1.938606e-08,-0.000579584
1.943606e-08,0.00156248
1.948606e-08,0.0107898
1.953606e-08,0.017216
1.958606e-08,0.0166119
1.963606e-08,0.0116686
1.968606e-08,0.00982866
1.973606e-08,0.0157331
1.978606e-08,0.0188089
1.983606e-08,0.0114489
1.988606e-08,-0.00156823
1.993606e-08,-0.0122236
1.998606e-08,-0.00931262
2.003606e-08,-0.000634509
2.008606e-08,-0.0032709
2.013606e-08,-0.00892815
2.018606e-08,-0.00832398
2.023606e-08,-0.00678608
2.028606e-08,-0.00469894
2.033606e-08,0.00348485
2.038606e-08,0.00941673
2.043606e-08,0.00334754
2.048606e-08,0.00101323
2.053606e-08,0.00754928
2.058606e-08,0.00864778
2.063606e-08,0.00510513
2.068606e-08,-0.000140186
2.073606e-08,-0.00530311
2.078606e-08,-0.0060446
2.083606e-08,-0.00741772
2.088606e-08,-0.00892815
2.093606e-08,-0.0100816
2.098606e-08,-0.0143932
2.103606e-08,-0.0117019
2.108606e-08,0.000134438
2.113606e-08,0.00645079
2.118606e-08,0.0054896
2.123606e-08,0.00694511
2.128606e-08,0.00373201
2.133606e-08,-0.0103562
2.138606e-08,-0.0202152
2.143606e-08,-0.0190343
2.148606e-08,-0.0122511
2.153606e-08,-0.00475387
2.158606e-08,0.000518912
2.163606e-08,0.00595646
2.168606e-08,0.0107898
2.173606e-08,0.00985612
2.178606e-08,0.0115313
2.183606e-08,0.0207312
2.188606e-08,0.012108
2.193606e-08,-0.0129102
2.198606e-08,-0.0189519
2.203606e-08,-0.0115645
2.208606e-08,-0.0146678
2.213606e-08,-0.0209841
2.218606e-08,-0.0193913
2.223606e-08,-0.0192265
2.228606e-08,-0.0225495
2.233606e-08,-0.0210665
2.238606e-08,-0.0193364
2.243606e-08,-0.0187048
2.248606e-08,-0.0154917
2.253606e-08,-0.0136242
2.258606e-08,-0.010878
2.263606e-08,-0.00357298
2.268606e-08,0.0044735
2.273606e-08,0.0098012
2.278606e-08,0.0111743
2.283606e-08,0.0163098
2.288606e-08,0.0261962
2.293606e-08,0.0266082
2.298606e-08,0.0208136
2.303606e-08,0.0207862
2.308606e-08,0.0220769
2.313606e-08,0.0166119
2.318606e-08,0.00496782
2.323606e-08,-0.00453417
2.328606e-08,-0.00675862
2.333606e-08,-0.00697832
2.338606e-08,-0.0100266
2.343606e-08,-0.0138988
2.348606e-08,-0.015986
2.353606e-08,-0.0157663
2.358606e-08,-0.0116469
2.363606e-08,0.00027175
2.368606e-08,0.014717
2.373606e-08,0.0207312
2.378606e-08,0.0232578
2.383606e-08,0.024521
2.388606e-08,0.0116961
2.393606e-08,-0.00642907
2.398606e-08,-0.0102463
2.403606e-08,-0.00620937
2.408606e-08,-0.00420462
2.413606e-08,-0.00428701
2.418606e-08,-0.00977948
2.423606e-08,-0.0148875
2.428606e-08,-0.0129651
2.433606e-08,-0.00923024
2.438606e-08,-0.00711563
2.443606e-08,-0.00722548
2.448606e-08,-0.00832398
2.453606e-08,-0.00497357
2.458606e-08,0.000491449
2.463606e-08,0.000161901
2.468606e-08,-0.000359885
2.473606e-08,0.000601299
2.478606e-08,-0.00513834
2.483606e-08,-0.00988933
2.488606e-08,-0.0120863
2.493606e-08,-0.0178534
2.498606e-08,-0.0205173
2.503606e-08,-0.0160684
2.508606e-08,-0.00829651
2.513606e-08,-0.0023921
2.518606e-08,0.00392425
2.523606e-08,0.0127946
2.528606e-08,0.0168865
2.533606e-08,0.0165569
2.538606e-08,0.0215002
2.543606e-08,0.028915
2.548606e-08,0.0256195
2.553606e-08,0.0160352
2.558606e-08,0.0129868
2.563606e-08,0.0102955
2.568606e-08,-0.00247449
2.573606e-08,-0.0155191
2.578606e-08,-0.0176887
2.583606e-08,-0.0156015
2.588606e-08,-0.0171119
2.593606e-08,-0.0208743
2.598606e-08,-0.0216707
2.603606e-08,-0.024719
2.608606e-08,-0.0315297
2.613606e-08,-0.0286461
2.618606e-08,-0.017771
2.623606e-08,-0.0127729
2.628606e-08,-0.0122236
2.633606e-08,-0.00821413
2.638606e-08,-0.00269419
2.643606e-08,0.00178218
2.648606e-08,0.00598393
2.653606e-08,0.00919703
2.658606e-08,0.0133438
2.663606e-08,0.018342
2.668606e-08,0.0198524
2.673606e-08,0.0178202
2.678606e-08,0.014305
2.683606e-08,0.0102681
2.688606e-08,0.00650571
2.693606e-08,0.00158994
2.698606e-08,-0.00272165
2.703606e-08,-0.00549535
2.708606e-08,-0.00664877
2.713606e-08,0.00142517
2.718606e-08,0.0152937
2.723606e-08,0.0201545
2.728606e-08,0.0138107
2.733606e-08,0.00776898
2.738606e-08,0.0111743
2.743606e-08,0.0168865
2.748606e-08,0.0131516
2.753606e-08,0.00263352
2.758606e-08,-0.00414969
2.763606e-08,-0.0099168
2.768606e-08,-0.0213137
2.773606e-08,-0.0276026
2.778606e-08,-0.0215059
2.783606e-08,-0.0149973
2.788606e-08,-0.0126081
2.793606e-08,-0.00879084
2.798606e-08,-0.00934009
2.803606e-08,-0.0143657
2.808606e-08,-0.0117293
2.813606e-08,-0.00994426
2.818606e-08,-0.0160684
2.823606e-08,-0.0131574
2.828606e-08,-0.00598967
2.833606e-08,-0.0110428
2.838606e-08,-0.0156564
2.843606e-08,-0.00832398
2.848606e-08,-0.00288642
2.853606e-08,-0.00425954
2.858606e-08,0.0010407
2.863606e-08,0.0107075
2.868606e-08,0.016145
2.873606e-08,0.0201271
2.878606e-08,0.0199348
2.883606e-08,0.0160901
2.888606e-08,0.0161999
2.893606e-08,0.0167766
2.898606e-08,0.0115588
2.903606e-08,0.00903225
2.908606e-08,0.0117236
2.913606e-08,0.00595646
2.918606e-08,-0.00403984
2.923606e-08,-0.00832398
2.928606e-08,-0.00763742
2.933606e-08,-0.00099152
2.938606e-08,0.00112308
2.943606e-08,-0.00140346
2.948606e-08,0.00441857
2.953606e-08,0.00889494
2.958606e-08,0.00414395
2.963606e-08,-0.00104644
2.968606e-08,-0.0079395
2.973606e-08,-0.0139263
2.978606e-08,-0.0111251
2.983606e-08,-0.0131574
2.988606e-08,-0.0238677
2.993606e-08,-0.0229889
2.998606e-08,-0.00920277
3.003606e-08,-0.000607046
3.008606e-08,-0.000414809
3.013606e-08,0.00463827
3.018606e-08,0.0157331
3.023606e-08,0.0211981
3.028606e-08,0.0217199
3.033606e-08,0.020182
3.038606e-08,0.0122454
3.043606e-08,0.00842808
3.048606e-08,0.0127397
3.053606e-08,0.00801614
3.058606e-08,0.00213919
3.063606e-08,0.0141403
3.068606e-08,0.027075
3.073606e-08,0.0222966
3.078606e-08,0.0182322
3.083606e-08,0.0315514
3.088606e-08,0.0414653
3.093606e-08,0.0323478
3.098606e-08,0.0221318
3.103606e-08,0.0213629
3.108606e-08,0.023093
3.113606e-08,0.0235599
3.118606e-08,0.0239169
3.123606e-08,0.0272673
3.128606e-08,0.02713
3.133606e-08,0.0196602
3.138606e-08,0.0143325
3.143606e-08,0.0148817
3.148606e-08,0.0187814
3.153606e-08,0.0229557
3.158606e-08,0.0246858
3.163606e-08,0.0250154
3.168606e-08,0.0250154
3.173606e-08,0.0250977
3.178606e-08,0.0252076
3.183606e-08,0.0245485
3.188606e-08,0.0257294
3.193606e-08,0.0271849
3.198606e-08,0.024219
3.203606e-08,0.0195503
3.208606e-08,0.011751
3.213606e-08,0.00532483
3.218606e-08,0.0107898
3.223606e-08,0.0141403
3.228606e-08,0.00730212
3.233606e-08,0.00559945
3.238606e-08,0.00793376
3.243606e-08,0.00496782
3.248606e-08,-0.00019511
3.253606e-08,-0.000826745
3.258606e-08,0.00397917
3.263606e-08,0.00573677
3.268606e-08,-0.000497197
3.273606e-08,-0.00813174
3.278606e-08,-0.00755503
3.283606e-08,0.000738611
3.288606e-08,0.0100484
3.293606e-08,0.0171337
3.298606e-08,0.0204566
3.303606e-08,0.0197151
3.308606e-08,0.0158978
3.313606e-08,0.00491289
3.318606e-08,-0.0116195
3.323606e-08,-0.0172767
3.328606e-08,-0.0120863
3.333606e-08,-0.0122511
3.338606e-08,-0.0172493
3.343606e-08,-0.013432
3.348606e-08,-0.00338075
3.353606e-08,-0.00274911
3.358606e-08,-0.00717056
3.363606e-08,-0.0136791
3.368606e-08,-0.0244444
3.373606e-08,-0.0212588
3.378606e-08,-0.00848875
3.383606e-08,-0.0047264
3.388606e-08,0.00189203
3.393606e-08,0.00960896
3.398606e-08,-0.00107391
3.403606e-08,-0.0107132
3.408606e-08,-0.00571505
3.413606e-08,-0.00975202
3.418606e-08,-0.0199131
3.423606e-08,-0.0200779
3.428606e-08,-0.0139538
3.433606e-08,-0.00868099
3.438606e-08,-0.0083789
3.443606e-08,-0.00612699
3.448606e-08,-0.00425954
3.453606e-08,-0.0155466
3.458606e-08,-0.0289208
3.463606e-08,-0.0297996
3.468606e-08,-0.0287285
3.473606e-08,-0.0325183
3.478606e-08,-0.0351547
3.483606e-08,-0.0302939
3.488606e-08,-0.0177161
3.493606e-08,-0.0162606
3.498606e-08,-0.0226044
3.503606e-08,-0.0169472
3.508606e-08,-0.00758249
3.513606e-08,0.00472066
3.518606e-08,0.0126298
3.523606e-08,0.00213919
3.528606e-08,-0.00725294
3.533606e-08,-0.00955978
3.538606e-08,-0.0120314
3.543606e-08,-0.0117842
3.548606e-08,-0.0199406
3.553606e-08,-0.033507
3.558606e-08,-0.0355941
3.563606e-08,-0.0355667
3.568606e-08,-0.0330951
3.573606e-08,-0.0182104
3.578606e-08,-0.00821413
3.583606e-08,-0.00464402
3.588606e-08,-0.000140186
3.593606e-08,-0.00846129
3.598606e-08,-0.0210391
3.603606e-08,-0.0205447
3.608606e-08,-0.0224946
3.613606e-08,-0.0277124
3.618606e-08,-0.0203525
3.623606e-08,-0.0160958
3.628606e-08,-0.0196934
3.633606e-08,-0.0196659
3.638606e-08,-0.019611
3.643606e-08,-0.0206546
3.648606e-08,-0.0253232
3.653606e-08,-0.0329577
3.658606e-08,-0.0362258
3.663606e-08,-0.0348252
3.668606e-08,-0.030239
3.673606e-08,-0.0270259
3.678606e-08,-0.0248289
3.683606e-08,-0.0195286
3.688606e-08,-0.0236755
3.693606e-08,-0.0375989
3.698606e-08,-0.0398233
3.703606e-08,-0.0313375
3.708606e-08,-0.0274653
3.713606e-08,-0.0273279
3.718606e-08,-0.0220552
3.723606e-08,-0.0115096
3.728606e-08,-0.0152445
3.733606e-08,-0.0393565
3.738606e-08,-0.047705
3.743606e-08,-0.0367475
3.748606e-08,-0.0384502
3.753606e-08,-0.0372419
3.758606e-08,-0.0260921
3.763606e-08,-0.0340562
3.768606e-08,-0.0528954
3.773606e-08,-0.0537468
3.778606e-08,-0.0399057
3.783606e-08,-0.0329303
3.788606e-08,-0.0321339
3.793606e-08,-0.0268886
3.798606e-08,-0.0232635
3.803606e-08,-0.0252957
3.808606e-08,-0.0296623
3.813606e-08,-0.0332598
3.818606e-08,-0.0278497
3.823606e-08,-0.0204898
3.828606e-08,-0.0287835
3.833606e-08,-0.0402078
3.838606e-08,-0.0373517
3.843606e-08,-0.0328479
3.848606e-08,-0.040455
3.853606e-08,-0.0497647
3.858606e-08,-0.0470734
3.863606e-08,-0.0398508
3.868606e-08,-0.0398233
3.873606e-08,-0.0459474
3.878606e-08,-0.050314
3.883606e-08,-0.0508358
3.888606e-08,-0.0536644
3.893606e-08,-0.0563832
3.898606e-08,-0.0555318
3.903606e-08,-0.0517145
3.908606e-08,-0.0449313
3.913606e-08,-0.0435857
3.918606e-08,-0.0485289
3.923606e-08,-0.0534447
3.928606e-08,-0.0591019
3.933606e-08,-0.0578112
3.938606e-08,-0.0464967
3.943606e-08,-0.0386699
3.948606e-08,-0.0364729
3.953606e-08,-0.0323536
3.958606e-08,-0.02763
3.963606e-08,-0.0239501
3.968606e-08,-0.0250211
3.973606e-08,-0.0403726
3.978606e-08,-0.0554494
3.983606e-08,-0.0527856
3.988606e-08,-0.0441899
3.993606e-08,-0.0391093
3.998606e-08,-0.0385601
4.003606e-08,-0.0388896
4.008606e-08,-0.0398508
4.013606e-08,-0.0461671
4.018606e-08,-0.0473755
4.023606e-08,-0.0432836
4.028606e-08,-0.048474
4.033606e-08,-0.0560261
4.038606e-08,-0.0499295
4.043606e-08,-0.0365553
4.048606e-08,-0.0350998
4.053606e-08,-0.0407296
4.058606e-08,-0.0380657
4.063606e-08,-0.0377087
4.068606e-08,-0.0447391
4.073606e-08,-0.0484465
4.078606e-08,-0.0424597
4.083606e-08,-0.0317769
4.088606e-08,-0.0329577
4.093606e-08,-0.035292
4.098606e-08,-0.0233734
4.103606e-08,-0.00980695
4.108606e-08,-0.00483625
4.113606e-08,-0.00777473
4.118606e-08,-0.0104386
4.123606e-08,-0.0104935
4.128606e-08,-0.010521
4.133606e-08,-0.00890069
4.138606e-08,-0.00936755
4.143606e-08,-0.0119215
4.148606e-08,-0.0145854
4.153606e-08,-0.01486
4.158606e-08,-0.00988933
4.163606e-08,-0.0117293
4.168606e-08,-0.0257901
4.173606e-08,-0.0362258
4.178606e-08,-0.0359511
4.183606e-08,-0.0397135
4.188606e-08,-0.0466889
4.193606e-08,-0.0434484
4.198606e-08,-0.0429815
4.203606e-08,-0.0489958
4.208606e-08,-0.0496549
4.213606e-08,-0.0482543
4.218606e-08,-0.0440251
4.223606e-08,-0.041883
4.228606e-08,-0.0514399
4.233606e-08,-0.0593491
4.238606e-08,-0.0516871
4.243606e-08,-0.0383404
4.248606e-08,-0.03499
4.253606e-08,-0.0336443
4.258606e-08,-0.0263393
4.263606e-08,-0.0285363
4.268606e-08,-0.043009
4.273606e-08,-0.0547903
4.278606e-08,-0.0553945
4.283606e-08,-0.0485838
4.288606e-08,-0.046634
4.293606e-08,-0.0462221
4.298606e-08,-0.0374066
4.303606e-08,-0.0293327
4.308606e-08,-0.0286187
4.313606e-08,-0.032024
4.318606e-08,-0.0356216
4.323606e-08,-0.036775
4.328606e-08,-0.0399881
4.333606e-08,-0.0403726
4.338606e-08,-0.0316121
4.343606e-08,-0.0325458
4.348606e-08,-0.0457003
4.353606e-08,-0.0464692
4.358606e-08,-0.0376813
4.363606e-08,-0.0360061
4.368606e-08,-0.0377362
4.373606e-08,-0.0377087
4.378606e-08,-0.0385326
4.383606e-08,-0.0355941
4.388606e-08,-0.0265041
4.393606e-08,-0.0208743
4.398606e-08,-0.0210665
4.403606e-08,-0.023648
4.408606e-08,-0.0285912
4.413606e-08,-0.03315
4.418606e-08,-0.0359786
4.423606e-08,-0.0339189
4.428606e-08,-0.0296348
4.433606e-08,-0.0385051
4.438606e-08,-0.0539939
4.443606e-08,-0.0514949
4.448606e-08,-0.0397959
4.453606e-08,-0.0403726
4.458606e-08,-0.0489958
4.463606e-08,-0.0563282
4.468606e-08,-0.0530053
4.473606e-08,-0.0380932
4.478606e-08,-0.0268062
4.483606e-08,-0.023291
4.488606e-08,-0.027273
4.493606e-08,-0.0366102
4.498606e-08,-0.034578
4.503606e-08,-0.0217256
4.508606e-08,-0.0193913
4.513606e-08,-0.0270259
4.518606e-08,-0.0264766
4.523606e-08,-0.0227967
4.528606e-08,-0.0246916
4.533606e-08,-0.0217531
4.538606e-08,-0.0156839
4.543606e-08,-0.0128553
4.548606e-08,-0.0141735
4.553606e-08,-0.0173042
4.558606e-08,-0.0103837
4.563606e-08,-0.00219986
4.568606e-08,-0.00629176
4.573606e-08,-0.0145854
4.578606e-08,-0.0164254
4.583606e-08,-0.0129377
4.588606e-08,-0.0183752
4.593606e-08,-0.0283715
4.598606e-08,-0.0341661
4.603606e-08,-0.0423224
4.608606e-08,-0.0484191
4.613606e-08,-0.0467439
4.618606e-08,-0.036775
4.623606e-08,-0.0275751
4.628606e-08,-0.0240599
4.633606e-08,-0.0130475
4.638606e-08,-0.000140186
4.643606e-08,0.00112308
4.648606e-08,-0.00555028
4.653606e-08,-0.0104935
4.658606e-08,-0.0100816
4.663606e-08,-0.0133221
4.668606e-08,-0.0183203
4.673606e-08,-0.019611
4.678606e-08,-0.0234558
4.683606e-08,-0.0243895
4.688606e-08,-0.0171394
4.693606e-08,-0.0126081
4.698606e-08,-0.0127729
4.703606e-08,-0.00807682
4.708606e-08,-0.00700578
4.713606e-08,-0.0134045
4.718606e-08,-0.00944993
4.723606e-08,0.00268844
4.728606e-08,0.00568184
4.733606e-08,7.95135e-05
4.738606e-08,-0.00442432
4.743606e-08,-0.00247449
4.748606e-08,-0.00425954
4.753606e-08,-0.0193913
4.758606e-08,-0.028399
4.763606e-08,-0.0224122
4.768606e-08,-0.0156564
4.773606e-08,-0.010878
4.778606e-08,-0.0094774
4.783606e-08,-0.0127729
4.788606e-08,-0.0135144
4.793606e-08,-0.010466
4.798606e-08,-0.0143657
4.803606e-08,-0.0247739
4.808606e-08,-0.025488
4.813606e-08,-0.0193913
4.818606e-08,-0.0145305
4.823606e-08,-0.00835144
4.828606e-08,-0.00535804
4.833606e-08,-0.00302374
4.838606e-08,0.000299213
4.843606e-08,-0.00101898
4.848606e-08,0.000161901
4.853606e-08,0.00727466
4.858606e-08,0.005929
4.863606e-08,-0.00634669
4.868606e-08,-0.0138165
4.873606e-08,-0.0165078
4.878606e-08,-0.015272
4.883606e-08,-0.00958725
4.888606e-08,-0.0173591
4.893606e-08,-0.0275476
4.898606e-08,-0.0230713
4.903606e-08,-0.0201328
4.908606e-08,-0.0172493
4.913606e-08,-0.00870845
4.918606e-08,-0.00552281
4.923606e-08,-0.00343567
4.928606e-08,0.000189363
4.933606e-08,0.000491449
4.938606e-08,0.000134438
4.943606e-08,0.00084846
4.948606e-08,0.00771406
4.953606e-08,0.0146895
4.958606e-08,0.00700004
4.963606e-08,-0.00206255
4.968606e-08,-0.00156823
4.973606e-08,-0.00780219
4.978606e-08,-0.018183
4.983606e-08,-0.0205173
4.988606e-08,-0.0269709
4.993606e-08,-0.0328479
4.998606e-08,-0.0232086
5.003606e-08,-0.0151072
5.008606e-08,-0.0194188
5.013606e-08,-0.0246366
5.018606e-08,-0.0241423
5.023606e-08,-0.0166725
5.028606e-08,-0.00944993
5.033606e-08,-0.0109604
5.038606e-08,-0.0138165
5.043606e-08,-0.0188146
5.048606e-08,-0.0310079
5.053606e-08,-0.0355941
5.058606e-08,-0.0292229
5.063606e-08,-0.0274653
5.068606e-08,-0.0336992
5.073606e-08,-0.0348526
5.078606e-08,-0.0268062
5.083606e-08,-0.0165078
5.088606e-08,-0.0114272
5.093606e-08,-0.0165352
5.098606e-08,-0.020325
5.103606e-08,-0.0153269
5.108606e-08,-0.0124708
5.113606e-08,-0.0128003
5.118606e-08,-0.00788458
5.123606e-08,-0.00274911
5.128606e-08,-5.77984e-05
5.133606e-08,0.00785137
5.138606e-08,0.0130692
5.143606e-08,0.00894986
5.148606e-08,0.00252367
5.153606e-08,-0.00431447
5.158606e-08,-0.00873591
5.163606e-08,-0.00901054
5.168606e-08,-0.0119765
5.173606e-08,-0.0190068
5.178606e-08,-0.0196934
5.183606e-08,-0.0140636
5.188606e-08,-0.010521
5.193606e-08,-0.00782965
5.198606e-08,-0.0047264
5.203606e-08,-0.00123868
5.208606e-08,0.000244288
5.213606e-08,-0.00491864
5.218606e-08,-0.0136517
5.223606e-08,-0.0190068
5.228606e-08,-0.019968
5.233606e-08,-0.0231811
5.238606e-08,-0.0260921
5.243606e-08,-0.0184576
5.248606e-08,-0.00923024
5.253606e-08,-0.0047264
5.258606e-08,0.00356724
5.263606e-08,0.00700004
5.268606e-08,0.00804361
5.273606e-08,0.0191933
5.278606e-08,0.0247133
5.283606e-08,0.0170513
5.288606e-08,0.00911464
5.293606e-08,0.00557199
5.298606e-08,-0.000112723
5.303606e-08,-0.00936755
5.308606e-08,-0.0134594
5.313606e-08,-0.0123335
5.318606e-08,-0.0122236
5.323606e-08,-0.0120589
5.328606e-08,-0.0100816
5.333606e-08,-0.00961471
5.338606e-08,-0.0116744
5.343606e-08,-0.0142009
5.348606e-08,-0.0186498
5.353606e-08,-0.0240325
5.358606e-08,-0.0257901
5.363606e-08,-0.0235931
5.368606e-08,-0.0204898
5.373606e-08,-0.0172218
5.378606e-08,-0.0116469
5.383606e-08,-0.00769234
5.388606e-08,-0.00750011
5.393606e-08,-0.00585236
5.398606e-08,-0.00497357
5.403606e-08,-0.00376522
5.408606e-08,0.000903385
5.413606e-08,0.00158994
5.418606e-08,-0.00244703
5.423606e-08,-0.00420462
5.428606e-08,-0.00154077
5.433606e-08,0.0022765
5.438606e-08,0.00499528
5.443606e-08,0.00628601
5.448606e-08,-0.000469734
5.453606e-08,-0.014146
5.458606e-08,-0.0218904
5.463606e-08,-0.02038
5.468606e-08,-0.0124708
5.473606e-08,-0.00258434
5.478606e-08,0.00200188
5.483606e-08,-0.00129361
5.488606e-08,-0.00546789
5.493606e-08,-0.00412223
5.498606e-08,-0.00442432
5.503606e-08,-0.0102463
5.508606e-08,-0.0157663
5.513606e-08,-0.0189519
5.518606e-08,-0.0179633
5.523606e-08,-0.0102189
5.528606e-08,-0.00535804
5.533606e-08,-0.0150797
5.538606e-08,-0.0292503
5.543606e-08,-0.0320515
5.548606e-08,-0.0287011
5.553606e-08,-0.0248838
5.558606e-08,-0.0248838
5.563606e-08,-0.0283166
5.568606e-08,-0.021808
5.573606e-08,-0.015272
5.578606e-08,-0.0132947
5.583606e-08,-0.00774727
5.588606e-08,-0.0140087
5.593606e-08,-0.0259274
5.598606e-08,-0.0248289
5.603606e-08,-0.0234558
5.608606e-08,-0.0218355
5.613606e-08,-0.00678608
5.618606e-08,0.00513259
5.623606e-08,0.00441857
5.628606e-08,0.00466573
5.633606e-08,0.00417141
5.638606e-08,-0.00099152
5.643606e-08,-0.00695086
5.648606e-08,-0.0178809
5.653606e-08,-0.028399
5.658606e-08,-0.0244993
5.663606e-08,-0.0117293
5.668606e-08,-0.00252941
5.673606e-08,0.00496782
5.678606e-08,0.0121904
5.683606e-08,0.0120531
5.688606e-08,0.00859285
5.693606e-08,0.00930688
5.698606e-08,0.00864778
5.703606e-08,0.00952657
5.708606e-08,0.0151014
5.713606e-08,0.0197975
5.718606e-08,0.0242464
5.723606e-08,0.0245485
5.728606e-08,0.0124925
5.733606e-08,-0.00145838
5.738606e-08,0.00263352
5.743606e-08,0.0115313
5.748606e-08,0.00829077
5.753606e-08,0.00754928
5.758606e-08,0.0123552
5.763606e-08,0.0159528
5.768606e-08,0.0150465
5.773606e-08,0.00406156
5.778606e-08,-0.00148584
5.783606e-08,0.00710988
5.788606e-08,0.0129044
5.793606e-08,0.0151564
5.798606e-08,0.0236697
5.803606e-08,0.0274046
5.808606e-08,0.0173534
5.813606e-08,0.00667049
5.818606e-08,-0.00280404
5.823606e-08,-0.0180457
5.828606e-08,-0.02763
5.833606e-08,-0.0275751
5.838606e-08,-0.0266414
5.843606e-08,-0.023648
5.848606e-08,-0.0162057
5.853606e-08,-0.0077198
5.858606e-08,-0.000524659
5.863606e-08,0.00205681
5.868606e-08,0.000326675
5.873606e-08,-0.00189778
5.878606e-08,-0.00549535
5.883606e-08,-0.0103287
5.888606e-08,-0.0193913
5.893606e-08,-0.0314473
5.898606e-08,-0.0353195
5.903606e-08,-0.0297172
5.908606e-08,-0.0186773
5.913606e-08,-0.0111251
5.918606e-08,-0.0092577
5.923606e-08,-0.00420462
5.928606e-08,0.000930848
5.933606e-08,0.00408902
5.938606e-08,0.00650571
5.943606e-08,0.00760421
5.948606e-08,0.00933434
5.953606e-08,0.0123277
5.958606e-08,0.0165844
5.963606e-08,0.0206488
5.968606e-08,0.0228458
5.973606e-08,0.0232852
5.978606e-08,0.022379
5.983606e-08,0.0174357
5.988606e-08,0.0113116
5.993606e-08,0.00738451
5.998606e-08,0.000546374
6.003606e-08,-0.00447924
6.008606e-08,-0.00209002
6.013606e-08,0.000518912
6.018606e-08,0.00255113
6.023606e-08,0.0068078
6.028606e-08,0.0040341
6.033606e-08,-0.00785712
6.038606e-08,-0.00934009
6.043606e-08,0.00175472
6.048606e-08,0.0057093
6.053606e-08,0.00332008
6.058606e-08,0.00095831
6.063606e-08,-0.00104644
6.068606e-08,0.00158994
6.073606e-08,0.00598393
6.078606e-08,0.00708242
6.083606e-08,0.00768659
6.088606e-08,0.00922449
6.093606e-08,0.00716481
6.098606e-08,0.00543468
6.103606e-08,0.00683526
6.108606e-08,0.00326515
6.113606e-08,-0.00382015
6.118606e-08,-0.00678608
6.123606e-08,-0.00994426
6.128606e-08,-0.0184851
6.133606e-08,-0.0256802
6.138606e-08,-0.0286461
6.143606e-08,-0.0291405
6.148606e-08,-0.0283441
6.153606e-08,-0.0308981
6.158606e-08,-0.0311727
6.163606e-08,-0.0231811
6.168606e-08,-0.0167549
6.173606e-08,-0.0195561
6.178606e-08,-0.0243071
6.183606e-08,-0.0227692
6.188606e-08,-0.0172767
6.193606e-08,-0.0129926
6.198606e-08,-0.00994426
6.203606e-08,-0.00263926
6.208606e-08,0.00230397
6.213606e-08,-0.00390253
6.218606e-08,-0.00549535
6.223606e-08,0.000354137
6.228606e-08,-0.000469734
6.233606e-08,-0.00230971
6.238606e-08,-0.00247449
6.243606e-08,-0.00099152
6.248606e-08,0.00807107
6.253606e-08,0.0136185
6.258606e-08,0.0158155
6.263606e-08,0.0258118
6.268606e-08,0.0263885
6.273606e-08,0.0130967
6.278606e-08,0.00595646
6.283606e-08,0.00257859
6.288606e-08,-0.00502849
6.293606e-08,-0.00722548
6.298606e-08,0.0012604
6.303606e-08,0.00952657
6.308606e-08,0.00351231
6.313606e-08,-0.00810428
6.318606e-08,-0.0100816
6.323606e-08,-0.00824159
6.328606e-08,-0.00439686
6.333606e-08,0.000628761
6.338606e-08,-0.000689433
6.343606e-08,-0.00590729
6.348606e-08,-0.00857114
6.353606e-08,-0.00513834
6.358606e-08,0.00153502
6.363606e-08,0.000134438
6.368606e-08,-0.0085986
6.373606e-08,-0.0102463
6.378606e-08,-0.0113448
6.383606e-08,-0.0174964
6.388606e-08,-0.0140087
6.393606e-08,-0.00387507
6.398606e-08,0.000628761
6.403606e-08,0.00397917
6.408606e-08,0.00768659
6.413606e-08,0.0035947
6.418606e-08,-0.00467148
6.423606e-08,-0.00664877
6.428606e-08,-0.00321597
6.433606e-08,-0.00274911
6.438606e-08,-0.00722548
6.443606e-08,-0.00975202
6.448606e-08,-0.00467148
6.453606e-08,0.00499528
6.458606e-08,0.00727466
6.463606e-08,0.00642333
6.468606e-08,0.0183695
6.473606e-08,0.0278165
6.478606e-08,0.0195778
6.483606e-08,0.00985612
6.488606e-08,0.00565438
6.493606e-08,0.00282575
6.498606e-08,0.00351231
6.503606e-08,0.00463827
6.508606e-08,0.00255113
6.513606e-08,-0.00178793
6.518606e-08,-0.00417716
6.523606e-08,-0.0049461
6.528606e-08,-0.013789
6.533606e-08,-0.0260098
6.538606e-08,-0.0284264
6.543606e-08,-0.0260647
6.548606e-08,-0.0281793
6.553606e-08,-0.0280145
6.558606e-08,-0.0209018
6.563606e-08,-0.0154367
6.568606e-08,-0.011949
6.573606e-08,-0.00255688
6.578606e-08,0.00713735
6.583606e-08,0.00790629
6.588606e-08,0.00768659
6.593606e-08,0.00859285
6.598606e-08,0.00257859
6.603606e-08,-0.0021724
6.608606e-08,-0.00489118
6.613606e-08,-0.0116469
6.618606e-08,-0.0126905
6.623606e-08,-0.00733533
6.628606e-08,-0.00414969
6.633606e-08,-8.52608e-05
6.638606e-08,0.00908718
6.643606e-08,0.0119158
6.648606e-08,0.00263352
6.653606e-08,-0.0060446
6.658606e-08,-0.0131848
6.663606e-08,-0.0219728
6.668606e-08,-0.0271906
6.673606e-08,-0.0289482
6.678606e-08,-0.0296348
6.683606e-08,-0.0321888
6.688606e-08,-0.0281793
6.693606e-08,-0.010164
6.698606e-08,0.0065881
6.703606e-08,0.0209509
6.708606e-08,0.0375107
6.713606e-08,0.037346
6.718606e-08,0.0220494
6.723606e-08,0.0115588
6.728606e-08,0.0012604
6.733606e-08,-0.0138439
6.738606e-08,-0.0233734
6.743606e-08,-0.0262295
6.748606e-08,-0.0227967
6.753606e-08,-0.0166176
6.758606e-08,-0.0122786
6.763606e-08,-0.00596221
6.768606e-08,-0.000469734
6.773606e-08,0.00491289
6.778606e-08,0.00727466
6.783606e-08,0.00551707
6.788606e-08,0.005929
6.793606e-08,0.00386932
6.798606e-08,0.00752182
6.803606e-08,0.0162823
6.808606e-08,0.0111469
6.813606e-08,0.00419887
6.818606e-08,0.00796122
6.823606e-08,0.0123277
6.828606e-08,0.0190835
6.833606e-08,0.0273771
6.838606e-08,0.024521
6.843606e-08,0.0151838
6.848606e-08,0.0158978
6.853606e-08,0.019468
6.858606e-08,0.0114215
6.863606e-08,0.00878509
6.868606e-08,0.020896
6.873606e-08,0.0236422
6.878606e-08,0.0161725
6.883606e-08,0.0217473
6.888606e-08,0.0285855
6.893606e-08,0.0146071
6.898606e-08,-0.00480879
6.903606e-08,-0.0120314
6.908606e-08,-0.0100541
6.913606e-08,-0.00209002
6.918606e-08,0.00656064
6.923606e-08,0.00675287
6.928606e-08,0.00367709
6.933606e-08,0.00535229
6.938606e-08,0.00949911
6.943606e-08,0.013234
6.948606e-08,0.0116961
6.953606e-08,0.00430872
6.958606e-08,-0.00132107
6.963606e-08,-0.00274911
6.968606e-08,-0.00467148
6.973606e-08,-0.00695086
6.978606e-08,-0.000854208
6.983606e-08,0.00823584
6.988606e-08,0.000189363
6.993606e-08,-0.0143382
6.998606e-08,-0.0140087
7.003606e-08,-0.0135418
7.008606e-08,-0.0224946
7.013606e-08,-0.0248838
7.018606e-08,-0.0172218
7.023606e-08,-0.00807682
7.028606e-08,0.00139771
7.033606e-08,0.0118334
7.038606e-08,0.0209509
7.043606e-08,0.0222417
7.048606e-08,0.0113666
7.053606e-08,-0.00181539
7.058606e-08,-0.00758249
7.063606e-08,-0.0051658
7.068606e-08,-0.00118376
7.073606e-08,-0.00263926
7.078606e-08,-0.00219986
7.083606e-08,0.00444603
7.088606e-08,0.00782391
7.093606e-08,0.0100484
7.098606e-08,0.0166668
7.103606e-08,0.0137283
7.108606e-08,-0.000936595
7.113606e-08,-0.00923024
7.118606e-08,-0.0114272
7.123606e-08,-0.0181006
7.128606e-08,-0.0223023
7.133606e-08,-0.0187322
7.138606e-08,-0.0160684
7.143606e-08,-0.0148875
7.148606e-08,-0.0162331
7.153606e-08,-0.0268611
7.158606e-08,-0.03315
7.163606e-08,-0.0260098
7.168606e-08,-0.0237853
7.173606e-08,-0.0239501
7.178606e-08,-0.0100816
7.183606e-08,0.00222158
7.188606e-08,0.00123293
7.193606e-08,-0.00132107
7.198606e-08,-0.000634509
7.203606e-08,0.00299053
7.208606e-08,0.00620363
7.213606e-08,0.00741197
7.218606e-08,0.0102406
7.223606e-08,0.00944419
7.228606e-08,0.00516006
7.233606e-08,-0.00121122
7.238606e-08,-0.00774727
7.243606e-08,-0.00491864
7.248606e-08,-0.00401238
7.253606e-08,-0.0107132
7.258606e-08,-0.00997172
7.263606e-08,-0.0056052
7.268606e-08,-0.0104386
7.273606e-08,-0.0160958
7.278606e-08,-0.0104111
7.283606e-08,-0.00555028
7.288606e-08,-0.00821413
7.293606e-08,-0.00544043
7.298606e-08,-0.00134853
7.303606e-08,-0.00620937
7.308606e-08,-0.0099168
7.313606e-08,-0.00714309
7.318606e-08,-0.00642907
7.323606e-08,-0.00486372
7.328606e-08,0.00153502
7.333606e-08,0.000738611
7.338606e-08,-0.0062643
7.343606e-08,-0.00154077
7.348606e-08,0.00807107
7.353606e-08,0.00941673
7.358606e-08,0.0114489
7.363606e-08,0.0110645
7.368606e-08,0.00282575
7.373606e-08,-0.00266673
7.378606e-08,-0.00324344
7.383606e-08,0.00161741
7.388606e-08,0.00938926
7.393606e-08,0.00537975
7.398606e-08,-0.00483625
7.403606e-08,0.000134438
7.408606e-08,0.00949911
7.413606e-08,0.00175472
7.418606e-08,-0.00774727
7.423606e-08,-0.00527565
7.428606e-08,-0.00576998
7.433606e-08,-0.00939501
7.438606e-08,-0.0058249
7.443606e-08,-0.000469734
7.448606e-08,0.00483051
7.453606e-08,0.0104328
7.458606e-08,0.011806
7.463606e-08,0.0119158
7.468606e-08,0.00897733
7.473606e-08,-0.000826745
7.478606e-08,-0.00662131
7.483606e-08,-0.00225479
7.488606e-08,-0.00137599
7.493606e-08,-0.0106857
7.498606e-08,-0.0143382
7.503606e-08,-0.00887322
7.508606e-08,-0.00835144
7.513606e-08,-0.00725294
7.518606e-08,0.0029356
7.523606e-08,0.0095815
7.528606e-08,0.00414395
7.533606e-08,-0.00420462
7.538606e-08,-0.00593475
7.543606e-08,-0.00436939
7.548606e-08,-0.00467148
7.553606e-08,-0.00414969
7.558606e-08,-0.00269419
7.563606e-08,0.00095831
7.568606e-08,0.00820838
7.573606e-08,0.00897733
7.578606e-08,0.00373201
7.583606e-08,0.00224904
7.588606e-08,-0.00121122
7.593606e-08,-0.0123335
7.598606e-08,-0.0243345
7.603606e-08,-0.0261745
7.608606e-08,-0.0210665
7.613606e-08,-0.0211214
7.618606e-08,-0.0182379
7.623606e-08,-0.00307866
7.628606e-08,0.0116686
7.633606e-08,0.0146895
7.638606e-08,0.0118334
7.643606e-08,0.0129319
7.648606e-08,0.0202918
7.653606e-08,0.0261962
7.658606e-08,0.0256195
7.663606e-08,0.0210882
7.668606e-08,0.0118609
7.673606e-08,0.00639586
7.678606e-08,0.00916956
7.683606e-08,0.0129319
7.688606e-08,0.0228184
7.693606e-08,0.0368242
7.698606e-08,0.0416026
7.703606e-08,0.0374833
7.708606e-08,0.0299861
7.713606e-08,0.0226261
7.718606e-08,0.0204841
7.723606e-08,0.0236697
7.728606e-08,0.0270476
7.733606e-08,0.0239718
7.738606e-08,0.016914
7.743606e-08,0.0155683
7.748606e-08,0.0129594
7.753606e-08,-0.0015133
7.758606e-08,-0.0120863
7.763606e-08,-0.00590729
7.768606e-08,0.000409062
7.773606e-08,-0.00266673
7.778606e-08,-0.00200763
7.783606e-08,0.00609378
7.788606e-08,0.00969135
7.793606e-08,0.00697257
7.798606e-08,0.00708242
7.803606e-08,0.0123827
7.808606e-08,0.0119158
7.813606e-08,0.00554453
7.818606e-08,0.00991105
7.823606e-08,0.0145522
7.828606e-08,0.00771406
7.833606e-08,0.00559945
7.838606e-08,0.00897733
7.843606e-08,0.0042538
7.848606e-08,-0.00162315
7.853606e-08,0.00450096
7.858606e-08,0.00417141
7.863606e-08,-0.00758249
7.868606e-08,-0.0069234
7.873606e-08,-0.00121122
7.878606e-08,0.000573836
7.883606e-08,0.0054896
7.888606e-08,0.00944419
7.893606e-08,0.01252
7.898606e-08,0.0145522
7.903606e-08,0.0100209
7.908606e-08,-0.000552121
7.913606e-08,-0.00659385
7.918606e-08,-0.00340821
7.923606e-08,-0.00294135
7.928606e-08,-0.00357298
7.933606e-08,-0.00178793
7.938606e-08,-0.00203509
7.943606e-08,0.00667049
7.948606e-08,0.0158704
7.953606e-08,0.00867524
7.958606e-08,0.00370455
7.963606e-08,0.00796122
7.968606e-08,0.00304545
7.973606e-08,-0.0062643
7.978606e-08,-0.00994426
7.983606e-08,-0.0166176
7.988606e-08,-0.0204898
7.993606e-08,-0.00931262
7.998606e-08,0.003375
8.003606e-08,0.00584661
8.008606e-08,0.00776898
8.013606e-08,0.00889494
8.018606e-08,0.00101323
8.023606e-08,-0.00854368
8.028606e-08,-0.00975202
8.033606e-08,-0.00747264
8.038606e-08,-0.00906546
8.043606e-08,-0.0102189
8.048606e-08,-0.00461655
8.053606e-08,0.00466573
8.058606e-08,0.00927941
8.063606e-08,0.0115588
8.068606e-08,0.0125749
8.073606e-08,0.00161741
8.078606e-08,-0.0167275
8.083606e-08,-0.0229614
8.088606e-08,-0.0186498
8.093606e-08,-0.0228516
8.098606e-08,-0.0346604
8.103606e-08,-0.0370496
8.108606e-08,-0.0310628
8.113606e-08,-0.0306509
8.118606e-08,-0.0278497
8.123606e-08,-0.0165078
8.128606e-08,-0.01486
8.133606e-08,-0.0199406
8.138606e-08,-0.0172218
8.143606e-08,-0.0137615
8.148606e-08,-0.0155191
8.153606e-08,-0.0131299
8.158606e-08,-0.00846129
8.163606e-08,-0.0125806
8.168606e-08,-0.0135693
8.173606e-08,-0.00673116
8.178606e-08,-0.00662131
8.183606e-08,-0.0115096
8.188606e-08,-0.0100541
8.193606e-08,-0.00126614
8.198606e-08,0.00461081
8.203606e-08,0.00197442
8.208606e-08,-0.00629176
8.213606e-08,-0.012663
8.218606e-08,-0.0106308
8.223606e-08,-0.0131024
8.228606e-08,-0.0241972
8.233606e-08,-0.0220826
8.238606e-08,-0.00708817
8.243606e-08,-0.000661971
8.248606e-08,-0.00401238
8.253606e-08,-0.00733533
8.258606e-08,-0.00873591
8.263606e-08,-0.0110428
8.268606e-08,-0.012663
8.273606e-08,-0.0094774
8.278606e-08,-0.00384761
8.283606e-08,0.00202934
8.288606e-08,0.00617616
8.293606e-08,0.00743943
8.298606e-08,0.00875763
8.303606e-08,0.00930688
8.308606e-08,0.00754928
8.313606e-08,0.00244128
8.318606e-08,-0.00272165
8.323606e-08,-0.00107391
8.328606e-08,-0.000716896
8.333606e-08,-0.0094774
8.338606e-08,-0.0163705
8.343606e-08,-0.0113998
8.348606e-08,-0.00101898
8.353606e-08,-0.000387347
8.358606e-08,-0.00489118
8.363606e-08,-0.00296881
8.368606e-08,-0.00296881
8.373606e-08,-0.010878
8.378606e-08,-0.0236205
8.383606e-08,-0.0279596
8.388606e-08,-0.0229889
8.393606e-08,-0.024719
8.398606e-08,-0.0221376
8.403606e-08,-0.0092577
8.408606e-08,-0.00134853
8.413606e-08,0.00321023
8.418606e-08,0.0105976
8.423606e-08,0.0202918
8.428606e-08,0.0272673
8.433606e-08,0.0252351
8.438606e-08,0.0215276
8.443606e-08,0.0169963
8.448606e-08,0.00678034
8.453606e-08,0.00134278
8.458606e-08,-0.00121122
8.463606e-08,-0.00898307
8.468606e-08,-0.0142284
8.473606e-08,-0.013432
8.478606e-08,-0.0150248
8.483606e-08,-0.0186498
8.488606e-08,-0.0175513
8.493606e-08,-0.0171943
8.498606e-08,-0.0162057
8.503606e-08,-0.00895561
8.508606e-08,-0.00832398
8.513606e-08,-0.0164803
8.518606e-08,-0.019968
8.523606e-08,-0.0153818
8.528606e-08,-0.00167808
8.533606e-08,0.0109546
8.538606e-08,0.0126298
8.543606e-08,0.0170787
8.548606e-08,0.0234225
8.553606e-08,0.0147719
8.558606e-08,0.00384186
8.563606e-08,0.00543468
8.568606e-08,0.00266098
8.573606e-08,-0.00854368
8.578606e-08,-0.0131299
8.583606e-08,-0.0125532
8.588606e-08,-0.0116469
8.593606e-08,-0.0118392
8.598606e-08,-0.0138439
8.603606e-08,-0.00986187
8.608606e-08,-0.00129361
8.613606e-08,0.000711148
8.618606e-08,-0.00244703
8.623606e-08,-0.00219986
8.628606e-08,-0.000552121
8.633606e-08,0.00208427
8.638606e-08,0.00386932
8.643606e-08,-0.00708817
8.648606e-08,-0.0198307
8.653606e-08,-0.0198582
8.658606e-08,-0.0108231
8.663606e-08,0.0014801
8.668606e-08,0.00397917
8.673606e-08,0.00263352
8.678606e-08,0.0113391
8.683606e-08,0.0151564
8.688606e-08,0.00903225
8.693606e-08,0.00862032
8.698606e-08,0.00922449
8.703606e-08,-0.00121122
8.708606e-08,-0.00983441
8.713606e-08,-0.00653892
8.718606e-08,-0.00568759
8.723606e-08,-0.00835144
8.728606e-08,-0.00294135
8.733606e-08,-0.00395746
8.738606e-08,-0.0164254
8.743606e-08,-0.0201328
8.748606e-08,-0.0160684
8.753606e-08,-0.0150248
8.758606e-08,-0.0153818
8.763606e-08,-0.0122236
8.768606e-08,-0.00912039
8.773606e-08,-0.0171119
8.778606e-08,-0.0288384
8.783606e-08,-0.029827
8.788606e-08,-0.0303488
8.793606e-08,-0.0348526
8.798606e-08,-0.0285912
8.803606e-08,-0.014146
8.808606e-08,0.00153502
8.813606e-08,0.0140579
8.818606e-08,0.0146071
8.823606e-08,0.0144423
8.828606e-08,0.0182871
8.833606e-08,0.0137832
8.838606e-08,0.00768659
8.843606e-08,0.00598393
8.848606e-08,0.00260605
8.853606e-08,0.00238635
8.858606e-08,0.00634094
8.863606e-08,0.00689019
8.868606e-08,0.00669795
8.873606e-08,0.00513259
8.878606e-08,-0.00395746
8.883606e-08,-0.0113998
8.888606e-08,-0.0122236
8.893606e-08,-0.0171394
8.898606e-08,-0.0205447
8.903606e-08,-0.00879084
8.908606e-08,0.00634094
8.913606e-08,0.00639586
8.918606e-08,-0.0015133
8.923606e-08,-0.00590729
8.928606e-08,-0.0094774
8.933606e-08,-0.0116744
8.938606e-08,-0.0149973
8.943606e-08,-0.0182104
8.948606e-08,-0.0116744
8.953606e-08,-0.000552121
8.958606e-08,0.0057093
8.963606e-08,0.00323769
8.968606e-08,-0.00373776
8.973606e-08,-0.00722548
8.978606e-08,-0.00467148
8.983606e-08,0.0010407
8.988606e-08,-0.00387507
8.993606e-08,-0.0168373
8.998606e-08,-0.0176612
9.003606e-08,-0.0069234
9.008606e-08,-0.00192524
9.013606e-08,-0.00489118
9.018606e-08,-0.0026118
9.023606e-08,0.00238635
9.028606e-08,0.00205681
9.033606e-08,0.00329261
9.038606e-08,0.00798868
9.043606e-08,0.00985612
9.048606e-08,0.00559945
9.053606e-08,0.00117801
9.058606e-08,0.00301799
9.063606e-08,0.00164487
9.068606e-08,-0.00590729
9.073606e-08,-0.00950486
9.078606e-08,-0.00502849
9.083606e-08,0.00444603
9.088606e-08,0.00873017
9.093606e-08,0.00864778
9.098606e-08,0.0100209
9.103606e-08,0.00716481
9.108606e-08,0.0042538
9.113606e-08,0.00647825
9.118606e-08,0.0102681
9.123606e-08,0.00840062
9.128606e-08,-0.00250195
9.133606e-08,-0.0083789
9.138606e-08,-0.00324344
9.143606e-08,0.00669795
9.148606e-08,0.0153211
9.153606e-08,0.0132615
9.158606e-08,0.00691765
9.163606e-08,0.0061487
9.168606e-08,0.00370455
9.173606e-08,0.000711148
9.178606e-08,0.00241382
9.183606e-08,0.000546374
9.188606e-08,-0.00505595
9.193606e-08,-0.00464402
9.198606e-08,0.00499528
9.203606e-08,0.0133713
9.208606e-08,0.00837315
9.213606e-08,-0.0026118
9.218606e-08,-0.00755503
9.223606e-08,-0.00535804
9.228606e-08,-0.00236464
9.233606e-08,-0.00107391
9.238606e-08,0.00301799
9.243606e-08,0.00307291
9.248606e-08,-0.00566013
9.253606e-08,-0.00955978
9.258606e-08,-0.00678608
9.263606e-08,-0.00708817
9.268606e-08,-0.00829651
9.273606e-08,-0.0110428
9.278606e-08,-0.0133771
9.283606e-08,-0.00640161
9.288606e-08,-0.00288642
9.293606e-08,-0.00942247
9.298606e-08,-0.00826905
9.303606e-08,-0.00821413
9.308606e-08,-0.0234558
9.313606e-08,-0.032381
9.318606e-08,-0.0258724
9.323606e-08,-0.0169197
9.328606e-08,-0.0131848
9.333606e-08,-0.0163979
9.338606e-08,-0.0189519
9.343606e-08,-0.0192265
9.348606e-08,-0.0191991
9.353606e-08,-0.015986
9.358606e-08,-0.0106583
9.363606e-08,-0.00667623
9.368606e-08,-0.0108505
9.373606e-08,-0.0194188
9.378606e-08,-0.0199131
9.383606e-08,-0.0167824
9.388606e-08,-0.0195286
9.393606e-08,-0.0247465
9.398606e-08,-0.0235656
9.403606e-08,-0.0224946
9.408606e-08,-0.0263393
9.413606e-08,-0.0215334
9.418606e-08,-0.00964217
9.423606e-08,0.000628761
9.428606e-08,0.00395171
9.433606e-08,-0.00453417
9.438606e-08,-0.0102463
9.443606e-08,-0.00324344
9.448606e-08,-0.000112723
9.453606e-08,-0.00497357
9.458606e-08,-0.001733
9.463606e-08,0.00299053
9.468606e-08,0.000628761
9.473606e-08,0.000189363
9.478606e-08,-0.00288642
9.483606e-08,-0.00780219
9.488606e-08,-0.00409477
9.493606e-08,0.000326675
9.498606e-08,-0.00244703
9.503606e-08,-0.00552281
9.508606e-08,-0.00500103
9.513606e-08,-0.00601714
9.518606e-08,-0.010466
9.523606e-08,-0.0125532
9.528606e-08,-0.00750011
9.533606e-08,-0.00362791
9.538606e-08,-0.00596221
9.543606e-08,-0.00653892
9.548606e-08,-0.00920277
9.553606e-08,-0.0165078
9.558606e-08,-0.0147502
9.563606e-08,-0.00524819
9.568606e-08,0.00084846
9.573606e-08,0.00905971
9.578606e-08,0.0154035
9.583606e-08,0.0141128
9.588606e-08,0.0250977
9.593606e-08,0.0434426
9.598606e-08,0.0433328
9.603606e-08,0.0350391
9.608606e-08,0.0291347
9.613606e-08,0.0147444
9.618606e-08,-0.000799283
9.623606e-08,-0.00609952
9.628606e-08,-0.0172218
9.633606e-08,-0.0357864
9.638606e-08,-0.033864
9.643606e-08,-0.0244169
9.648606e-08,-0.0283166
9.653606e-08,-0.0190618
9.658606e-08,0.00137025
9.663606e-08,0.0029356
9.668606e-08,-0.00296881
9.673606e-08,0.00178218
9.678606e-08,0.00719227
9.683606e-08,0.00743943
9.688606e-08,0.00367709
9.693606e-08,-0.00148584
9.698606e-08,-0.00107391
9.703606e-08,-0.000140186
9.708606e-08,-0.00870845
9.713606e-08,-0.0187322
9.718606e-08,-0.0118117
9.723606e-08,0.00351231
9.728606e-08,0.0052699
9.733606e-08,0.00310038
9.738606e-08,0.00620363
9.743606e-08,-2.87366e-06
9.748606e-08,-0.0115645
9.753606e-08,-0.0140362
9.758606e-08,-0.0104111
9.763606e-08,-0.010521
9.768606e-08,-0.0139263
9.773606e-08,-0.0155191
9.778606e-08,-0.014915
9.783606e-08,-0.00428701
9.788606e-08,0.0109272
9.793606e-08,0.0105427
9.798606e-08,0.00213919
9.803606e-08,0.000711148
9.808606e-08,-0.0053855
9.813606e-08,-0.0191167
9.818606e-08,-0.0242522
9.823606e-08,-0.0215608
9.828606e-08,-0.018128
9.833606e-08,-0.0142833
9.838606e-08,-0.0109604
9.843606e-08,-0.00401238
9.848606e-08,0.00134278
9.853606e-08,-0.00230971
9.858606e-08,-0.00500103
9.863606e-08,-0.00291389
9.868606e-08,-0.00307866
9.873606e-08,-0.00585236
9.878606e-08,-0.00489118
9.883606e-08,0.00422633
9.888606e-08,0.0172435
9.893606e-08,0.0254273
9.898606e-08,0.0263061
9.903606e-08,0.0221593
9.908606e-08,0.0126298
9.913606e-08,0.00285321
9.918606e-08,-0.00110137
9.923606e-08,0.000463987
9.928606e-08,0.00450096
9.933606e-08,0.0068078
9.938606e-08,0.0124376
9.943606e-08,0.0167492
9.948606e-08,0.00603885
9.953606e-08,-0.00810428
9.958606e-08,-0.0152994
9.963606e-08,-0.0158212
9.968606e-08,-0.00766488
9.973606e-08,-0.00115629
9.978606e-08,0.00252367
9.983606e-08,0.00787883
9.988606e-08,0.00922449
9.993606e-08,0.00809853
9.998606e-08,0.000656224
1.000361e-07,-0.0131024
1.000861e-07,-0.0248838
1.001361e-07,-0.0326831
1.001861e-07,-0.0285088
1.002361e-07,-0.0190892
1.002861e-07,-0.0165902
1.003361e-07,-0.01486
1.003861e-07,-0.0116744
1.004361e-07,-0.00950486
1.004861e-07,-0.00950486
1.005361e-07,-0.0113174
1.005861e-07,-0.0132947
1.006361e-07,-0.0126356
1.006861e-07,-0.0106308
1.007361e-07,-0.0153543
1.007861e-07,-0.0225495
1.008361e-07,-0.0225495
1.008861e-07,-0.0231537
1.009361e-07,-0.0307333
1.009861e-07,-0.0313649
1.010361e-07,-0.0224396
1.010861e-07,-0.0149699
1.011361e-07,-0.00766488
1.011861e-07,-0.00782965
1.012361e-07,-0.016343
1.012861e-07,-0.0169197
1.013361e-07,-0.0129926
1.013861e-07,-0.0121687
1.014361e-07,-0.00964217
1.014861e-07,-0.00269419
1.015361e-07,0.000683686
1.015861e-07,-0.00225479
1.016361e-07,-0.00219986
1.016861e-07,-0.00387507
1.017361e-07,-0.0133221
1.017861e-07,-0.0173316
1.018361e-07,-0.00892815
1.018861e-07,-0.00255688
1.019361e-07,-0.00360045
1.019861e-07,-0.00362791
1.020361e-07,0.000299213
1.020861e-07,0.003375
1.021361e-07,-0.00236464
1.021861e-07,-0.00848875
1.022361e-07,-0.00568759
1.022861e-07,-0.00360045
1.023361e-07,-0.00999918
1.023861e-07,-0.0200504
1.024361e-07,-0.0228516
1.024861e-07,-0.0171943
1.025361e-07,-0.0138439
1.025861e-07,-0.0131574
1.026361e-07,-0.00953232
1.026861e-07,-0.00434193
1.027361e-07,0.00375947
1.027861e-07,0.0072472
1.028361e-07,0.00375947
1.028861e-07,0.00735705
1.029361e-07,0.00905971
1.029861e-07,0.00197442
1.030361e-07,-0.000414809
1.030861e-07,-0.00280404
1.031361e-07,-0.00307866
1.031861e-07,0.005929
1.032361e-07,0.0101857
1.032861e-07,0.0087027
1.033361e-07,0.00417141
1.033861e-07,-0.00379268
1.034361e-07,-0.00744518
1.034861e-07,-0.0112075
1.035361e-07,-0.0148051
1.035861e-07,-0.0127454
1.036361e-07,-0.00920277
1.036861e-07,-0.00579744
1.037361e-07,-0.00752757
1.037861e-07,-0.0110153
1.038361e-07,-0.00667623
1.038861e-07,-0.00398492
1.039361e-07,-0.00645653
1.039861e-07,-0.00673116
1.040361e-07,-0.00656638
1.040861e-07,-0.00299627
1.041361e-07,0.00444603
1.041861e-07,0.00840062
1.042361e-07,0.012877
1.042861e-07,0.0161999
1.043361e-07,0.00661556
1.043861e-07,-0.00335328
1.044361e-07,0.00334754
1.044861e-07,0.0054896
1.045361e-07,-0.00730787
1.045861e-07,-0.0100541
1.046361e-07,-0.0030512
1.046861e-07,-0.000250035
1.047361e-07,-0.00115629
1.047861e-07,-0.0069234
1.048361e-07,-0.00958725
1.048861e-07,-0.00118376
1.049361e-07,0.00483051
1.049861e-07,0.000518912
1.050361e-07,-0.00662131
1.050861e-07,-0.0116744
1.051361e-07,-0.0123335
1.051861e-07,-0.00667623
1.052361e-07,0.00894986
1.052861e-07,0.0240267
1.053361e-07,0.0258392
1.053861e-07,0.0214453
1.054361e-07,0.00988359
1.054861e-07,-0.00401238
1.055361e-07,-0.00555028
1.055861e-07,-0.00464402
1.056361e-07,-0.00758249
1.056861e-07,-0.00810428
1.057361e-07,-0.00851621
1.057861e-07,-0.00340821
1.058361e-07,0.00584661
1.058861e-07,0.00656064
1.059361e-07,0.0040341
1.059861e-07,0.00779644
1.060361e-07,0.0132615
1.060861e-07,0.00683526
1.061361e-07,-0.00986187
1.061861e-07,-0.0159311
1.062361e-07,-0.0115096
1.062861e-07,-0.012718
1.063361e-07,-0.0158212
1.063861e-07,-0.0136791
1.064361e-07,-0.00843383
1.064861e-07,0.00145263
1.065361e-07,0.00455588
1.065861e-07,-0.00678608
1.066361e-07,-0.0132397
1.066861e-07,-0.0118666
1.067361e-07,-0.0160134
1.067861e-07,-0.02038
1.068361e-07,-0.0242796
1.068861e-07,-0.0339189
1.069361e-07,-0.0354568
1.069861e-07,-0.0261745
1.070361e-07,-0.0218355
1.070861e-07,-0.0157663
1.071361e-07,-0.000689433
1.071861e-07,0.00625855
1.072361e-07,-0.00203509
1.072861e-07,-0.00601714
1.073361e-07,0.00191949
1.073861e-07,0.00296306
1.074361e-07,-0.00112883
1.074861e-07,0.000628761
1.075361e-07,-0.00165062
1.075861e-07,-0.00865353
1.076361e-07,-0.0113174
1.076861e-07,-0.00752757
1.077361e-07,-0.00906546
1.077861e-07,-0.0195286
1.078361e-07,-0.0184027
1.078861e-07,-0.00955978
1.079361e-07,-0.0114272
1.079861e-07,-0.0109604
1.080361e-07,0.00106816
1.080861e-07,0.00996597
1.081361e-07,0.00889494
1.081861e-07,0.00587408
1.082361e-07,0.00738451
1.082861e-07,0.00705496
1.083361e-07,0.00112308
1.083861e-07,-0.00414969
1.084361e-07,-0.0126905
1.084861e-07,-0.0218355
1.085361e-07,-0.0177161
1.085861e-07,-0.00447924
1.086361e-07,0.00565438
1.086861e-07,0.0119433
1.087361e-07,0.0201545
1.087861e-07,0.0192757
1.088361e-07,0.00183711
1.088861e-07,-0.00966963
1.089361e-07,-0.00846129
1.089861e-07,-0.00478133
1.090361e-07,-0.00777473
1.090861e-07,-0.0194188
1.091361e-07,-0.0206271
1.091861e-07,-0.00975202
1.092361e-07,-0.00258434
1.092861e-07,-0.00104644
1.093361e-07,-2.87366e-06
1.093861e-07,0.00285321
1.094361e-07,0.0057093
1.094861e-07,0.00820838
1.095361e-07,0.0102131
1.095861e-07,0.00760421
1.096361e-07,0.000216825
1.096861e-07,-0.00222733
1.097361e-07,0.00455588
1.097861e-07,0.0111194
1.098361e-07,0.00873017
1.098861e-07,0.0022765
1.099361e-07,0.0057093
1.099861e-07,0.0155134
1.100361e-07,0.0130143
1.100861e-07,0.0031553
1.101361e-07,-0.000661971
1.101861e-07,0.00208427
1.102361e-07,0.0122728
1.102861e-07,0.0156507
1.103361e-07,0.00180964
1.103861e-07,-0.0108505
1.104361e-07,-0.00629176
1.104861e-07,0.00461081
1.105361e-07,-2.87366e-06
1.105861e-07,-0.0105759
1.106361e-07,-0.00629176
1.106861e-07,0.00411648
1.107361e-07,0.00612124
1.107861e-07,0.00373201
1.108361e-07,0.00667049
1.108861e-07,0.00727466
1.109361e-07,0.00268844
1.109861e-07,0.00491289
1.110361e-07,0.00982866
1.110861e-07,0.00568184
1.111361e-07,-0.00615445
1.111861e-07,-0.00961471
1.112361e-07,-0.00417716
1.112861e-07,-0.006484
1.113361e-07,-0.00953232
1.113861e-07,-0.000964057
1.114361e-07,0.00716481
1.114861e-07,-5.77984e-05
1.115361e-07,-0.0128278
1.115861e-07,-0.0132397
1.116361e-07,-0.00453417
1.116861e-07,0.00362216
1.117361e-07,0.00469319
1.117861e-07,-0.00274911
1.118361e-07,-0.00824159
1.118861e-07,-0.0138439
1.119361e-07,-0.0200504
1.119861e-07,-0.0157114
1.120361e-07,-0.00829651
1.120861e-07,-0.00799443
1.121361e-07,-0.0128278
1.121861e-07,-0.0169746
1.122361e-07,-0.016343
1.122861e-07,-0.0129926
1.123361e-07,-0.0100541
1.123861e-07,-0.00579744
1.124361e-07,0.0014801
1.124861e-07,0.00348485
1.125361e-07,-0.00450671
1.125861e-07,-0.00964217
1.126361e-07,-0.00401238
1.126861e-07,-0.00285896
1.127361e-07,-0.0150248
1.127861e-07,-0.0218355
1.128361e-07,-0.0191167
1.128861e-07,-0.0247465
1.129361e-07,-0.029113
1.129861e-07,-0.0183477
1.130361e-07,-0.00895561
1.130861e-07,-0.00464402
1.131361e-07,0.00208427
1.131861e-07,-0.0015133
1.132361e-07,-0.0155466
1.132861e-07,-0.0194462
1.133361e-07,-0.0113174
1.133861e-07,-0.00357298
1.134361e-07,0.000930848
1.134861e-07,-0.000222573
1.135361e-07,-0.000826745
1.135861e-07,0.00529737
1.136361e-07,0.0035947
1.136861e-07,0.000409062
1.137361e-07,0.0120531
1.137861e-07,0.0235599
1.138361e-07,0.0188089
1.138861e-07,0.00823584
1.139361e-07,0.00609378
1.139861e-07,0.00386932
1.140361e-07,-0.00629176
1.140861e-07,-0.0160958
1.141361e-07,-0.0188146
1.141861e-07,-0.0170021
1.142361e-07,-0.0169197
1.142861e-07,-0.0123884
1.143361e-07,-0.00134853
1.143861e-07,0.0068078
1.144361e-07,0.0134812
1.144861e-07,0.0137283
1.145361e-07,0.00730212
1.145861e-07,0.00631348
1.146361e-07,0.00153502
1.146861e-07,-0.00659385
1.147361e-07,-0.00524819
1.147861e-07,-0.00203509
1.148361e-07,0.00255113
1.148861e-07,0.0117785
1.149361e-07,0.0151014
1.149861e-07,0.0163372
1.150361e-07,0.0235324
1.150861e-07,0.0262512
1.151361e-07,0.018342
1.151861e-07,0.00741197
1.152361e-07,-0.001733
1.152861e-07,-0.00972456
1.153361e-07,-0.0128553
1.153861e-07,-0.015272
1.154361e-07,-0.0204624
1.154861e-07,-0.0128553
1.155361e-07,-0.00187032
1.155861e-07,-0.00579744
1.156361e-07,-0.00763742
1.156861e-07,-0.00178793
1.157361e-07,0.00551707
1.157861e-07,0.0158978
1.158361e-07,0.0219121
1.158861e-07,0.0213354
1.159361e-07,0.0177378
1.159861e-07,0.0181498
1.160361e-07,0.0250977
1.160861e-07,0.0236148
1.161361e-07,0.011037
1.161861e-07,-0.00121122
1.162361e-07,-0.00486372
1.162861e-07,-8.52608e-05
1.163361e-07,-0.00140346
1.163861e-07,-0.00563266
1.164361e-07,-0.00368283
1.164861e-07,-0.00851621
1.165361e-07,-0.0132947
1.165861e-07,-0.00977948
1.166361e-07,-0.0117293
1.166861e-07,-0.0135693
1.167361e-07,-0.00983441
1.167861e-07,-0.0104111
1.168361e-07,-0.0121962
1.168861e-07,-0.0135968
1.169361e-07,-0.0164254
1.169861e-07,-0.0131574
1.170361e-07,-0.00478133
1.170861e-07,-0.00140346
1.171361e-07,-0.00618191
1.171861e-07,-0.00857114
1.172361e-07,-0.00598967
1.172861e-07,-0.00741772
1.173361e-07,-0.00997172
1.173861e-07,-0.0100541
1.174361e-07,-0.00686847
1.174861e-07,0.00027175
1.175361e-07,0.00631348
1.175861e-07,0.00741197
1.176361e-07,0.00749436
1.176861e-07,0.011037
1.177361e-07,0.0089224
1.177861e-07,0.00131532
1.178361e-07,0.00175472
1.178861e-07,0.00430872
1.179361e-07,0.00109562
1.179861e-07,-0.00137599
1.180361e-07,-0.00340821
1.180861e-07,-0.00637415
1.181361e-07,-0.00393
1.181861e-07,0.00414395
1.182361e-07,0.00971881
1.182861e-07,0.00908718
1.183361e-07,0.0113666
1.183861e-07,0.0176829
1.184361e-07,0.0146346
1.184861e-07,0.00535229
1.185361e-07,-0.000332422
1.185861e-07,-0.00417716
1.186361e-07,-0.00480879
1.186861e-07,-0.00398492
1.187361e-07,-0.00181539
1.187861e-07,0.00752182
1.188361e-07,0.0162274
1.188861e-07,0.0189187
1.189361e-07,0.0159253
1.189861e-07,0.00274337
1.190361e-07,-0.00884576
1.190861e-07,-0.0128278
1.191361e-07,-0.017771
1.191861e-07,-0.0159036
1.192361e-07,-0.00939501
1.192861e-07,-0.00934009
1.193361e-07,-0.010109
1.193861e-07,-0.00593475
1.194361e-07,0.00430872
1.194861e-07,0.0135086
1.195361e-07,0.0140579
1.195861e-07,0.00944419
1.196361e-07,0.00694511
1.196861e-07,0.0102955
1.197361e-07,0.0144973
1.197861e-07,0.0141952
1.198361e-07,0.00889494
1.198861e-07,0.005929
1.199361e-07,0.00732958
1.199861e-07,0.000409062
1.200361e-07,-0.00725294
1.200861e-07,-0.001733
1.201361e-07,-0.000524659
1.201861e-07,-0.00810428
1.202361e-07,-0.00752757
1.202861e-07,-0.00318851
1.203361e-07,-3.03361e-05
1.203861e-07,0.00257859
1.204361e-07,-0.00170554
1.204861e-07,-0.0067037
1.205361e-07,-0.00461655
1.205861e-07,-0.000909132
1.206361e-07,-2.87366e-06
1.206861e-07,-0.00203509
1.207361e-07,-8.52608e-05
1.207861e-07,0.0105976
1.208361e-07,0.01436
1.208861e-07,0.00757675
1.209361e-07,0.00779644
1.209861e-07,0.0133438
1.210361e-07,0.0149367
1.210861e-07,0.0140579
1.211361e-07,0.00993851
1.211861e-07,0.00469319
1.212361e-07,0.00466573
1.212861e-07,0.0052699
1.213361e-07,0.00027175
1.213861e-07,-0.0028315
1.214361e-07,-0.00266673
1.214861e-07,-0.00088167
1.215361e-07,0.00727466
1.215861e-07,0.0105427
1.216361e-07,0.00735705
1.216861e-07,0.0070275
1.217361e-07,-0.00280404
1.217861e-07,-0.0125257
1.218361e-07,-0.00307866
1.218861e-07,0.00158994
1.219361e-07,-0.00634669
1.219861e-07,-0.00379268
1.220361e-07,0.00710988
1.220861e-07,0.017216
1.221361e-07,0.0243563
1.221861e-07,0.024576
1.222361e-07,0.0264983
1.222861e-07,0.0316613
1.223361e-07,0.0277067
1.223861e-07,0.019413
1.224361e-07,0.0211706
1.224861e-07,0.0252351
1.225361e-07,0.0116137
1.225861e-07,-0.00684101
1.226361e-07,-0.00390253
1.226861e-07,0.00301799
1.227361e-07,-0.00167808
1.227861e-07,0.00205681
1.228361e-07,0.0120531
1.228861e-07,0.0137009
1.229361e-07,0.0121904
1.229861e-07,0.0109546
1.230361e-07,0.0128221
1.230861e-07,0.0155958
1.231361e-07,0.00859285
1.231861e-07,-0.00134853
1.232361e-07,-0.00612699
1.232861e-07,-0.0116195
1.233361e-07,-0.0172767
1.233861e-07,-0.0238677
1.234361e-07,-0.0304037
1.234861e-07,-0.0285088
1.235361e-07,-0.0228516
1.235861e-07,-0.0190343
1.236361e-07,-0.0110977
1.236861e-07,-0.0053855
1.237361e-07,-0.00975202
1.237861e-07,-0.0116744
1.238361e-07,-0.0094774
1.238861e-07,-0.0124159
1.239361e-07,-0.0118392
1.239861e-07,-0.0047264
1.240361e-07,-0.00200763
1.240861e-07,-0.00121122
1.241361e-07,0.0031553
1.241861e-07,0.00573677
1.242361e-07,0.00815346
1.242861e-07,0.0110095
1.243361e-07,0.00656064
1.243861e-07,-0.000140186
1.244361e-07,-0.00266673
1.244861e-07,-0.00379268
1.245361e-07,-0.00321597
1.245861e-07,-0.00393
1.246361e-07,-0.00673116
1.246861e-07,-0.00244703
1.247361e-07,0.00565438
1.247861e-07,0.00686272
1.248361e-07,0.00603885
1.248861e-07,0.00730212
1.249361e-07,0.00505021
1.249861e-07,-0.00269419
1.250361e-07,-0.00972456
1.250861e-07,-0.0131024
1.251361e-07,-0.0206821
1.251861e-07,-0.0292778
1.252361e-07,-0.0240599
1.252861e-07,-0.0115096
1.253361e-07,-0.00313359
1.253861e-07,0.00710988
1.254361e-07,0.0144698
1.254861e-07,0.0104878
1.255361e-07,0.00128786
1.255861e-07,-0.00821413
1.256361e-07,-0.0148875
1.256861e-07,-0.0234558
1.257361e-07,-0.0333422
1.257861e-07,-0.0287285
1.258361e-07,-0.0150523
1.258861e-07,-0.0037103
1.259361e-07,0.0115863
1.259861e-07,0.0272124
1.260361e-07,0.0326224
1.260861e-07,0.0299586
1.261361e-07,0.0229557
1.261861e-07,0.00768659
1.262361e-07,-0.00697832
1.262861e-07,-0.00914785
1.263361e-07,-0.00909292
1.263861e-07,-0.0117568
1.264361e-07,-0.0107681
1.264861e-07,-0.00936755
1.265361e-07,-0.01302
1.265861e-07,-0.0188695
1.266361e-07,-0.0164528
1.266861e-07,-0.0130475
1.267361e-07,-0.0198033
1.267861e-07,-0.0190618
1.268361e-07,-0.0126905
1.268861e-07,-0.0196385
1.269361e-07,-0.0234008
1.269861e-07,-0.0131574
1.270361e-07,-0.00728041
1.270861e-07,-0.0062643
1.271361e-07,-0.000112723
1.271861e-07,0.00483051
1.272361e-07,0.00721973
1.272861e-07,0.00988359
1.273361e-07,0.0135086
1.273861e-07,0.0127397
1.274361e-07,0.00691765
1.274861e-07,0.0113391
1.275361e-07,0.0107898
1.275861e-07,-0.0110428
1.276361e-07,-0.0235381
1.276861e-07,-0.012718
1.277361e-07,-0.00088167
1.277861e-07,0.000134438
1.278361e-07,-0.00535804
1.278861e-07,-0.0032709
1.279361e-07,0.00875763
1.279861e-07,0.0129868
1.280361e-07,0.0105976
1.280861e-07,0.0106251
1.281361e-07,0.00675287
1.281861e-07,0.00559945
1.282361e-07,0.0136185
1.282861e-07,0.0124651
1.283361e-07,0.00411648
1.283861e-07,0.00419887
1.284361e-07,-0.00178793
1.284861e-07,-0.0186224
1.285361e-07,-0.026559
1.285861e-07,-0.021451
1.286361e-07,-0.0154917
1.286861e-07,-0.0120589
1.287361e-07,-0.00909292
1.287861e-07,-0.0124983
1.288361e-07,-0.0144756
1.288861e-07,-0.00343567
1.289361e-07,0.000683686
1.289861e-07,-0.00458909
1.290361e-07,0.00573677
1.290861e-07,0.0196327
1.291361e-07,0.018342
1.291861e-07,0.0145522
1.292361e-07,0.0195778
1.292861e-07,0.02529
1.293361e-07,0.0191933
1.293861e-07,0.00554453
1.294361e-07,0.00266098
1.294861e-07,0.0113391
1.295361e-07,0.0111194
1.295861e-07,0.00348485
1.296361e-07,0.00115055
1.296861e-07,-0.00527565
1.297361e-07,-0.0109604
1.297861e-07,-0.00274911
1.298361e-07,0.00510513
1.298861e-07,0.00502274
1.299361e-07,0.00521498
1.299861e-07,0.00123293
1.300361e-07,-0.00840636
1.300861e-07,-0.0124708
1.301361e-07,-0.0135418
1.301861e-07,-0.0139812
1.302361e-07,-0.00167808
1.302861e-07,0.011037
1.303361e-07,0.00219412
1.303861e-07,-0.0133221
1.304361e-07,-0.0142284
1.304861e-07,-0.0120314
1.305361e-07,-0.0201328
1.305861e-07,-0.027273
1.306361e-07,-0.0252133
1.306861e-07,-0.0235931
1.307361e-07,-0.0255429
1.307861e-07,-0.0220552
1.308361e-07,-0.0129102
1.308861e-07,-0.00313359
1.309361e-07,0.00384186
1.309861e-07,0.003375
1.310361e-07,0.00202934
1.310861e-07,0.00886748
1.311361e-07,0.0169689
1.311861e-07,0.0194405
1.312361e-07,0.019056
1.312861e-07,0.0159253
1.313361e-07,0.00996597
1.313861e-07,0.00115055
1.314361e-07,-0.00733533
1.314861e-07,-0.0113723
1.315361e-07,-0.0175788
1.315861e-07,-0.0206821
1.316361e-07,-0.00955978
1.316861e-07,0.00233143
1.317361e-07,0.00491289
1.317861e-07,0.00743943
1.318361e-07,0.0119158
1.318861e-07,0.0125749
1.319361e-07,0.0102681
1.319861e-07,0.00853793
1.320361e-07,0.00581915
1.320861e-07,-0.00159569
1.321361e-07,-0.0115096
1.321861e-07,-0.0156839
1.322361e-07,-0.0157388
1.322861e-07,-0.0220277
1.323361e-07,-0.028399
1.323861e-07,-0.0229614
1.324361e-07,-0.0128278
1.324861e-07,-0.0058249
1.325361e-07,-0.00236464
1.325861e-07,-0.00316105
1.326361e-07,-0.00483625
1.326861e-07,-0.00277657
1.327361e-07,0.00949911
1.327861e-07,0.0203193
1.328361e-07,0.0145797
1.328861e-07,0.00818092
1.329361e-07,0.00518752
1.329861e-07,-0.00513834
1.330361e-07,-0.0140911
1.330861e-07,-0.00917531
1.331361e-07,0.00452842
1.331861e-07,0.00837315
1.332361e-07,0.0052699
1.332861e-07,0.0072472
1.333361e-07,0.00537975
1.333861e-07,-0.00143092
1.334361e-07,-0.00483625
1.334861e-07,-0.0028315
1.335361e-07,0.00142517
1.335861e-07,0.00689019
1.336361e-07,0.0199897
1.336861e-07,0.0297664
1.337361e-07,0.0254548
1.337861e-07,0.0189736
1.338361e-07,0.0166668
1.338861e-07,0.0172984
1.339361e-07,0.0118609
1.339861e-07,-0.00703324
1.340361e-07,-0.0172218
1.340861e-07,-0.00848875
1.341361e-07,-0.010466
1.341861e-07,-0.0238402
1.342361e-07,-0.0230438
1.342861e-07,-0.0235381
1.343361e-07,-0.0348526
1.343861e-07,-0.0390819
1.344361e-07,-0.0369672
1.344861e-07,-0.0310628
1.345361e-07,-0.0244444
1.345861e-07,-0.0223847
1.346361e-07,-0.0214785
1.346861e-07,-0.0153269
1.347361e-07,-0.00236464
1.347861e-07,0.00238635
1.348361e-07,-0.00450671
1.348861e-07,-0.0100266
1.349361e-07,-0.0124433
1.349861e-07,-0.0142833
1.350361e-07,-0.0143932
1.350861e-07,-0.0132672
1.351361e-07,-0.0128278
1.351861e-07,-0.0145854
1.352361e-07,-0.0198307
1.352861e-07,-0.0251859
1.353361e-07,-0.0261196
1.353861e-07,-0.0185674
1.354361e-07,-0.00673116
1.354861e-07,-0.00667623
1.355361e-07,-0.0134869
1.355861e-07,-0.0107132
1.356361e-07,-0.00574251
1.356861e-07,-0.00362791
1.357361e-07,-0.00129361
1.357861e-07,-0.0019527
1.358361e-07,-0.00280404
1.358861e-07,-0.00719802
1.359361e-07,-0.0110702
1.359861e-07,-0.00590729
1.360361e-07,-0.00447924
1.360861e-07,-0.00684101
1.361361e-07,-0.00912039
1.361861e-07,-0.014503
1.362361e-07,-0.0140087
1.362861e-07,-0.00980695
1.363361e-07,-0.0123609
1.363861e-07,-0.017414
1.364361e-07,-0.0170845
1.364861e-07,-0.0154642
1.365361e-07,-0.0173866
1.365861e-07,-0.0164254
1.366361e-07,-0.00552281
1.366861e-07,0.00787883
1.367361e-07,0.010323
1.367861e-07,0.0122454
1.368361e-07,0.0259491
1.368861e-07,0.0294093
1.369361e-07,0.01068
1.369861e-07,-0.00447924
1.370361e-07,-0.00101898
1.370861e-07,0.00488543
1.371361e-07,0.00211173
1.371861e-07,0.00095831
1.372361e-07,0.00428126
1.372861e-07,0.00252367
1.373361e-07,0.000573836
1.373861e-07,0.00197442
1.374361e-07,-0.00145838
1.374861e-07,-0.00137599
1.375361e-07,0.00169979
1.375861e-07,-0.00382015
1.376361e-07,-0.00750011
1.376861e-07,-0.00390253
1.377361e-07,0.0038144
1.377861e-07,0.00974627
1.378361e-07,2.45887e-05
1.378861e-07,-0.0167824
1.379361e-07,-0.022522
1.379861e-07,-0.0177161
1.380361e-07,-0.0122511
1.380861e-07,-0.013432
1.381361e-07,-0.014146
1.381861e-07,-0.00725294
1.382361e-07,0.00408902
1.382861e-07,0.0151564
1.383361e-07,0.0196877
1.383861e-07,0.0222691
1.384361e-07,0.0294368
1.384861e-07,0.0299861
1.385361e-07,0.0164196
1.385861e-07,0.000546374
1.386361e-07,-0.00840636
1.386861e-07,-0.0107407
1.387361e-07,-0.0126081
1.387861e-07,-0.0164254
1.388361e-07,-0.0109329
1.388861e-07,-2.87366e-06
1.389361e-07,0.00299053
1.389861e-07,0.00145263
1.390361e-07,0.00117801
1.390861e-07,0.00191949
1.391361e-07,0.000985772
1.391861e-07,-0.00140346
1.392361e-07,-0.00296881
1.392861e-07,-0.00258434
1.393361e-07,-0.000909132
1.393861e-07,-0.00291389
1.394361e-07,-0.0111251
1.394861e-07,-0.0192265
1.395361e-07,-0.0168648
1.395861e-07,-0.0079395
1.396361e-07,-0.00857114
1.396861e-07,-0.0146129
1.397361e-07,-0.00618191
1.397861e-07,0.00782391
1.398361e-07,0.00474812
1.398861e-07,-0.00393
1.399361e-07,-0.00384761
1.399861e-07,-0.00156823
1.400361e-07,0.00573677
1.400861e-07,0.0152662
1.401361e-07,0.00905971
1.401861e-07,-0.00544043
1.402361e-07,-0.00467148
1.402861e-07,0.000793536
1.403361e-07,-0.00601714
1.403861e-07,-0.0128003
1.404361e-07,-0.0110428
1.404861e-07,-0.00879084
1.405361e-07,-0.00942247
1.405861e-07,-0.00782965
1.406361e-07,-0.00354552
1.406861e-07,-0.0015133
1.407361e-07,-0.00442432
1.407861e-07,-0.00997172
1.408361e-07,-0.0105759
1.408861e-07,-0.00697832
1.409361e-07,-0.00634669
1.409861e-07,-0.0083789
1.410361e-07,-0.0112899
1.410861e-07,-0.0107681
1.411361e-07,-0.0077198
1.411861e-07,-0.00873591
1.412361e-07,-0.00920277
1.412861e-07,-0.00428701
1.413361e-07,0.00238635
1.413861e-07,0.00969135
1.414361e-07,0.0199348
1.414861e-07,0.0236972
1.415361e-07,0.0137832
1.415861e-07,0.00433618
1.416361e-07,-0.000469734
1.416861e-07,-0.0114822
1.417361e-07,-0.022165
1.417861e-07,-0.0202976
1.418361e-07,-0.013075
1.418861e-07,-0.0122786
1.419361e-07,-0.0139538
1.419861e-07,-0.0117019
1.420361e-07,-0.0138165
1.420861e-07,-0.0200779
1.421361e-07,-0.0171119
1.421861e-07,-0.00804935
1.422361e-07,-0.000524659
1.422861e-07,0.00299053
1.423361e-07,-0.00112883
1.423861e-07,-0.00544043
1.424361e-07,-0.00489118
1.424861e-07,-0.00368283
1.425361e-07,0.00246874
1.425861e-07,0.00982866
1.426361e-07,0.0057093
1.426861e-07,-0.00178793
1.427361e-07,-0.00291389
1.427861e-07,0.00084846
1.428361e-07,0.0106525
1.428861e-07,0.017985
1.429361e-07,0.0193306
1.429861e-07,0.024878
1.430361e-07,0.0306177
1.430861e-07,0.0274595
1.431361e-07,0.0243288
1.431861e-07,0.0209784
1.432361e-07,0.00886748
1.432861e-07,0.00241382
1.433361e-07,0.00496782
1.433861e-07,0.00120547
1.434361e-07,-0.00590729
1.434861e-07,-0.00890069
1.435361e-07,-0.00651146
1.435861e-07,-0.000909132
1.436361e-07,-0.00134853
1.436861e-07,-0.00351806
1.437361e-07,-5.77984e-05
1.437861e-07,0.00101323
1.438361e-07,0.00219412
1.438861e-07,0.00873017
1.439361e-07,0.0100209
1.439861e-07,0.00375947
1.440361e-07,-0.0015133
1.440861e-07,-0.00222733
1.441361e-07,-0.00143092
1.441861e-07,-0.00598967
1.442361e-07,-0.0123884
1.442861e-07,-0.00857114
1.443361e-07,-0.00222733
1.443861e-07,-0.00450671
1.444361e-07,-0.00030496
1.444861e-07,0.00969135
1.445361e-07,0.00573677
1.445861e-07,-0.00247449
1.446361e-07,-0.00401238
1.446861e-07,-0.00854368
1.447361e-07,-0.0112899
1.447861e-07,-0.0026118
1.448361e-07,0.00647825
1.448861e-07,0.00689019
1.449361e-07,0.00112308
1.449861e-07,-0.006484
1.450361e-07,-0.00802189
1.450861e-07,-0.00423208
1.451361e-07,-0.00107391
1.451861e-07,0.00469319
1.452361e-07,0.0174907
1.452861e-07,0.0254273
1.453361e-07,0.0186166
1.453861e-07,0.00691765
1.454361e-07,-0.00483625
1.454861e-07,-0.0154367
1.455361e-07,-0.0202976
1.455861e-07,-0.0195561
1.456361e-07,-0.0128278
1.456861e-07,-0.00354552
1.457361e-07,0.000711148
1.457861e-07,0.00307291
1.458361e-07,0.00477558
1.458861e-07,0.00763167
1.459361e-07,0.0166668
1.459861e-07,0.0174357
1.460361e-07,0.0120257
1.460861e-07,0.0164746
1.461361e-07,0.0195778
1.461861e-07,0.0139206
1.462361e-07,0.00779644
1.462861e-07,0.00689019
1.463361e-07,0.0118883
1.463861e-07,0.0126024
1.464361e-07,0.00150756
1.464861e-07,-0.00934009
1.465361e-07,-0.0135693
1.465861e-07,-0.016343
1.466361e-07,-0.0165352
1.466861e-07,-0.0147227
1.467361e-07,-0.0113998
1.467861e-07,-0.00524819
1.468361e-07,0.0012604
1.468861e-07,0.0102681
1.469361e-07,0.020182
1.469861e-07,0.0230655
1.470361e-07,0.0262237
1.470861e-07,0.0327872
1.471361e-07,0.0299311
1.471861e-07,0.019825
1.472361e-07,0.0130143
1.472861e-07,0.0120257
1.473361e-07,0.0119433
1.473861e-07,0.00642333
1.474361e-07,0.00351231
1.474861e-07,0.0072472
1.475361e-07,0.0061487
1.475861e-07,0.0010407
1.476361e-07,0.0035947
1.476861e-07,0.0140029
1.477361e-07,0.018342
1.477861e-07,0.00991105
1.478361e-07,-0.00178793
1.478861e-07,-0.00909292
1.479361e-07,-0.00656638
1.479861e-07,0.00202934
1.480361e-07,0.00257859
1.480861e-07,-0.000497197
1.481361e-07,0.00384186
1.481861e-07,0.00730212
1.482361e-07,0.00436365
1.482861e-07,0.0031553
1.483361e-07,0.00312784
1.483861e-07,-0.0021724
1.484361e-07,-0.00623684
1.484861e-07,-0.00436939
1.485361e-07,-0.00840636
1.485861e-07,-0.0140911
1.486361e-07,-0.0069234
1.486861e-07,0.00238635
1.487361e-07,0.00647825
1.487861e-07,0.00823584
1.488361e-07,0.00669795
1.488861e-07,0.0091421
1.489361e-07,0.0115588
1.489861e-07,0.00669795
1.490361e-07,0.0063684
1.490861e-07,0.0116412
1.491361e-07,0.0152113
1.491861e-07,0.0217199
1.492361e-07,0.0229831
1.492861e-07,0.00837315
1.493361e-07,-0.00857114
1.493861e-07,-0.0159585
1.494361e-07,-0.0129926
1.494861e-07,-0.00711563
1.495361e-07,-0.0115645
1.495861e-07,-0.0172218
1.496361e-07,-0.0083789
1.496861e-07,-0.000469734
1.497361e-07,-0.00489118
1.497861e-07,-0.00862606
1.498361e-07,-0.0112625
1.498861e-07,-0.0172218
1.499361e-07,-0.0192265
1.499861e-07,-0.0155466
1.500361e-07,-0.0119215
1.500861e-07,-0.0104386
1.501361e-07,-0.00997172
1.501861e-07,-0.0103287
1.502361e-07,-0.0104935
1.502861e-07,-0.00955978
1.503361e-07,-0.010164
1.503861e-07,-0.0125806
1.504361e-07,-0.00986187
1.504861e-07,-0.00200763
1.505361e-07,0.000793536
1.505861e-07,0.00213919
1.506361e-07,0.00878509
1.506861e-07,0.00894986
1.507361e-07,0.00716481
1.507861e-07,0.0141128
1.508361e-07,0.01436
1.508861e-07,0.00439111
1.509361e-07,-0.00244703
1.509861e-07,-0.00390253
1.510361e-07,0.000628761
1.510861e-07,0.0119433
1.511361e-07,0.0172435
1.511861e-07,0.0135361
1.512361e-07,0.0148268
1.512861e-07,0.0186166
1.513361e-07,0.0214453
1.513861e-07,0.0257294
1.514361e-07,0.0206488
1.514861e-07,0.0110919
1.515361e-07,0.0126573
1.515861e-07,0.0184519
1.516361e-07,0.0211432
1.516861e-07,0.0243013
1.517361e-07,0.0194954
1.517861e-07,0.00290814
1.518361e-07,-0.00936755
1.518861e-07,-0.0143932
1.519361e-07,-0.0193639
1.519861e-07,-0.0165078
1.520361e-07,-0.00587982
1.520861e-07,0.00101323
1.521361e-07,0.00590154
1.521861e-07,0.0138107
1.522361e-07,0.022324
1.522861e-07,0.0292446
1.523361e-07,0.0313866
1.523861e-07,0.0290523
1.524361e-07,0.0262786
1.524861e-07,0.022379
1.525361e-07,0.0174632
1.525861e-07,0.00856539
1.526361e-07,-0.00414969
1.526861e-07,-0.00703324
1.527361e-07,-0.000524659
1.527861e-07,0.00502274
1.528361e-07,0.0163098
1.528861e-07,0.031469
1.529361e-07,0.0296016
1.529861e-07,0.0158155
1.530361e-07,0.0108997
1.530861e-07,0.0111469
1.531361e-07,0.00933434
1.531861e-07,0.00620363
1.532361e-07,0.00120547
1.532861e-07,-0.00178793
1.533361e-07,0.000628761
1.533861e-07,0.00579169
1.534361e-07,0.008483
1.534861e-07,0.00557199
1.535361e-07,0.00164487
1.535861e-07,0.000903385
1.536361e-07,0.00101323
1.536861e-07,2.45887e-05
1.537361e-07,-0.00519326
1.537861e-07,-0.0114547
1.538361e-07,-0.00980695
1.538861e-07,-0.00467148
1.539361e-07,-0.00107391
1.539861e-07,0.00700004
1.540361e-07,0.0124101
1.540861e-07,0.00768659
1.541361e-07,0.00650571
1.541861e-07,0.00947165
1.542361e-07,0.00461081
1.542861e-07,-0.000936595
1.543361e-07,0.00417141
1.543861e-07,0.0100209
1.544361e-07,0.00395171
1.544861e-07,-0.0069234
1.545361e-07,-0.0116744
1.545861e-07,-0.00854368
1.546361e-07,-0.00436939
1.546861e-07,-0.00502849
1.547361e-07,-0.00950486
1.547861e-07,-0.01302
1.548361e-07,-0.00736279
1.548861e-07,-0.000689433
1.549361e-07,-0.00684101
1.549861e-07,-0.015272
1.550361e-07,-0.0202427
1.550861e-07,-0.0246916
1.551361e-07,-0.0204898
1.551861e-07,-0.012718
1.552361e-07,-0.0114272
1.552861e-07,-0.0114547
1.553361e-07,-0.00857114
1.553861e-07,-0.00384761
1.554361e-07,-0.000744358
1.554861e-07,-0.0051658
1.555361e-07,-0.00999918
1.555861e-07,-0.0060446
1.556361e-07,-0.00414969
1.556861e-07,-0.00780219
1.557361e-07,-0.00557774
1.557861e-07,-0.00250195
1.558361e-07,-0.00576998
1.558861e-07,-0.00810428
1.559361e-07,-0.0105759
1.559861e-07,-0.013432
1.560361e-07,-0.00890069
1.560861e-07,-0.0030512
1.561361e-07,0.000134438
1.561861e-07,0.00373201
1.562361e-07,0.000409062
1.562861e-07,-0.00879084
1.563361e-07,-0.0128553
1.563861e-07,-0.00791204
1.564361e-07,0.00128786
1.564861e-07,0.00392425
1.565361e-07,0.00397917
1.565861e-07,0.0131791
1.566361e-07,0.0202644
1.566861e-07,0.0187539
1.567361e-07,0.0213903
1.567861e-07,0.0196602
1.568361e-07,0.00400663
1.568861e-07,-0.0085986
1.569361e-07,-0.017057
1.569861e-07,-0.0296897
1.570361e-07,-0.0341386
1.570861e-07,-0.0253232
1.571361e-07,-0.0146129
1.571861e-07,-0.00555028
1.572361e-07,-0.000442272
1.572861e-07,-0.0058249
1.573361e-07,-0.0113998
1.573861e-07,-0.00533058
1.574361e-07,0.0022765
1.574861e-07,0.0022765
1.575361e-07,0.00238635
1.575861e-07,0.00719227
1.576361e-07,0.0145522
1.576861e-07,0.0221043
1.577361e-07,0.0213354
1.577861e-07,0.0201271
1.578361e-07,0.0259491
1.578861e-07,0.0158429
1.579361e-07,0.000546374
1.579861e-07,0.00568184
1.580361e-07,0.0131791
1.580861e-07,0.0140029
1.581361e-07,0.0152113
1.581861e-07,0.0150465
1.582361e-07,0.0101307
1.582861e-07,0.00274337
1.583361e-07,-0.000634509
1.583861e-07,-0.00244703
1.584361e-07,-0.00637415
1.584861e-07,-0.0100816
1.585361e-07,-0.00750011
1.585861e-07,0.000793536
1.586361e-07,0.00559945
1.586861e-07,0.0065881
1.587361e-07,0.00277083
1.587861e-07,0.000244288
1.588361e-07,0.00993851
1.588861e-07,0.0167766
1.589361e-07,0.0144423
1.589861e-07,0.0127671
1.590361e-07,0.00776898
1.590861e-07,5.20511e-05
1.591361e-07,-0.00467148
1.591861e-07,-0.00791204
1.592361e-07,-0.0119765
1.592861e-07,-0.0178809
1.593361e-07,-0.0219728
1.593861e-07,-0.0178809
1.594361e-07,-0.00629176
1.594861e-07,0.00485797
1.595361e-07,0.00867524
1.595861e-07,0.00672541
1.596361e-07,0.00612124
