LECROYWR640Zi,59892,Waveform
Segments,1,SegmentSize,4002
Segment,TrigTime,TimeSinceSegment1
#1,01-Nov-2023 13:36:59,0                 
Time,Ampl
-4.041405e-08,0.0272398
-4.036405e-08,0.0236697
-4.031405e-08,0.0108997
-4.026405e-08,0.00683526
-4.021405e-08,0.0168041
-4.016405e-08,0.0154859
-4.011405e-08,-0.00335328
-4.006405e-08,-0.00898307
-4.001405e-08,0.00373201
-3.996405e-08,0.00620363
-3.991405e-08,0.00612124
-3.986405e-08,0.0206763
-3.981405e-08,0.0288326
-3.976405e-08,0.0222966
-3.971405e-08,0.0202094
-3.966405e-08,0.0255097
-3.961405e-08,0.0234225
-3.956405e-08,0.00952657
-3.951405e-08,0.000628761
-3.946405e-08,0.00960896
-3.941405e-08,0.02161
-3.936405e-08,0.0225437
-3.931405e-08,0.01977
-3.926405e-08,0.014662
-3.921405e-08,0.00521498
-3.916405e-08,0.00557199
-3.911405e-08,0.0136185
-3.906405e-08,0.0116412
-3.901405e-08,0.0098012
-3.896405e-08,0.0170787
-3.891405e-08,0.0197426
-3.886405e-08,0.0181498
-3.881405e-08,0.0197151
-3.876405e-08,0.0200721
-3.871405e-08,0.0168865
-3.866405e-08,0.0130967
-3.861405e-08,0.0114489
-3.856405e-08,0.00727466
-3.851405e-08,-0.00132107
-3.846405e-08,-0.00673116
-3.841405e-08,-0.00725294
-3.836405e-08,-0.00513834
-3.831405e-08,-0.00030496
-3.826405e-08,0.00996597
-3.821405e-08,0.0209235
-3.816405e-08,0.0213629
-3.811405e-08,0.0166393
-3.806405e-08,0.0199074
-3.801405e-08,0.0316887
-3.796405e-08,0.0419047
-3.791405e-08,0.0443214
-3.786405e-08,0.0392134
-3.781405e-08,0.0287228
-3.776405e-08,0.0214727
-3.771405e-08,0.022736
-3.766405e-08,0.0268004
-3.761405e-08,0.0275694
-3.756405e-08,0.0249604
-3.751405e-08,0.0283108
-3.746405e-08,0.0386642
-3.741405e-08,0.040971
-3.736405e-08,0.0352863
-3.731405e-08,0.0288326
-3.726405e-08,0.0185892
-3.721405e-08,0.00900479
-3.716405e-08,0.00439111
-3.711405e-08,0.00513259
-3.706405e-08,0.0133164
-3.701405e-08,0.0211981
-3.696405e-08,0.0241091
-3.691405e-08,0.0255646
-3.686405e-08,0.0247133
-3.681405e-08,0.0237521
-3.676405e-08,0.0269377
-3.671405e-08,0.0320732
-3.666405e-08,0.0339681
-3.661405e-08,0.0306177
-3.656405e-08,0.0266356
-3.651405e-08,0.0259216
-3.646405e-08,0.0240267
-3.641405e-08,0.021253
-3.636405e-08,0.0265807
-3.631405e-08,0.0327048
-3.626405e-08,0.0325675
-3.621405e-08,0.0372087
-3.616405e-08,0.0412731
-3.611405e-08,0.03622
-3.606405e-08,0.0299311
-3.601405e-08,0.0233951
-3.596405e-08,0.0187265
-3.591405e-08,0.0183695
-3.586405e-08,0.0150191
-3.581405e-08,0.0140579
-3.576405e-08,0.0231205
-3.571405e-08,0.0298762
-3.566405e-08,0.0243837
-3.561405e-08,0.0161175
-3.556405e-08,0.0155683
-3.551405e-08,0.0173259
-3.546405e-08,0.0161999
-3.541405e-08,0.013591
-3.536405e-08,0.00982866
-3.531405e-08,0.00650571
-3.526405e-08,0.00406156
-3.521405e-08,-0.00214494
-3.516405e-08,-0.0129102
-3.511405e-08,-0.0189245
-3.506405e-08,-0.0168922
-3.501405e-08,-0.00977948
-3.496405e-08,-2.87366e-06
-3.491405e-08,0.00584661
-3.486405e-08,0.00579169
-3.481405e-08,0.00710988
-3.476405e-08,0.0153761
-3.471405e-08,0.0232852
-3.466405e-08,0.0245485
-3.461405e-08,0.0260864
-3.456405e-08,0.029684
-3.451405e-08,0.0303705
-3.446405e-08,0.0283383
-3.441405e-08,0.0244661
-3.436405e-08,0.0196602
-3.431405e-08,0.0148268
-3.426405e-08,0.0163098
-3.421405e-08,0.0276792
-3.416405e-08,0.0308923
-3.411405e-08,0.0245485
-3.406405e-08,0.0288052
-3.401405e-08,0.0319084
-3.396405e-08,0.0200172
-3.391405e-08,0.0128221
-3.386405e-08,0.0166119
-3.381405e-08,0.0141952
-3.376405e-08,0.00785137
-3.371405e-08,0.00796122
-3.366405e-08,0.00763167
-3.361405e-08,0.00829077
-3.356405e-08,0.0150465
-3.351405e-08,0.0162274
-3.346405e-08,0.00947165
-3.341405e-08,0.00694511
-3.336405e-08,0.00628601
-3.331405e-08,-0.000332422
-3.326405e-08,-0.00258434
-3.321405e-08,0.000546374
-3.316405e-08,-0.00156823
-3.311405e-08,-0.00233718
-3.306405e-08,-0.00192524
-3.301405e-08,-0.00280404
-3.296405e-08,0.00342992
-3.291405e-08,0.00911464
-3.286405e-08,0.0052699
-3.281405e-08,-0.0032709
-3.276405e-08,-0.00994426
-3.271405e-08,-0.0116195
-3.266405e-08,-0.00571505
-3.261405e-08,0.00540722
-3.256405e-08,0.00944419
-3.251405e-08,0.00645079
-3.246405e-08,0.00864778
-3.241405e-08,0.0151289
-3.236405e-08,0.0202644
-3.231405e-08,0.0229557
-3.226405e-08,0.0213079
-3.221405e-08,0.02161
-3.216405e-08,0.0262512
-3.211405e-08,0.0239993
-3.206405e-08,0.0205939
-3.201405e-08,0.0282834
-3.196405e-08,0.0308374
-3.191405e-08,0.0179026
-3.186405e-08,0.00466573
-3.181405e-08,-0.0049461
-3.176405e-08,-0.012718
-3.171405e-08,-0.0128827
-3.166405e-08,-0.00524819
-3.161405e-08,0.00222158
-3.156405e-08,0.00559945
-3.151405e-08,0.0119158
-3.146405e-08,0.0200447
-3.141405e-08,0.02345
-3.136405e-08,0.0222966
-3.131405e-08,0.0174357
-3.126405e-08,0.0141128
-3.121405e-08,0.0131516
-3.116405e-08,0.00900479
-3.111405e-08,0.00414395
-3.106405e-08,0.00496782
-3.101405e-08,0.00518752
-3.096405e-08,-0.00156823
-3.091405e-08,-0.0032709
-3.086405e-08,-0.00126614
-3.081405e-08,0.000518912
-3.076405e-08,0.0110095
-3.071405e-08,0.0192208
-3.066405e-08,0.0221867
-3.061405e-08,0.0303431
-3.056405e-08,0.0383621
-3.051405e-08,0.0362475
-3.046405e-08,0.0279538
-3.041405e-08,0.0262512
-3.036405e-08,0.0240542
-3.031405e-08,0.0188089
-3.026405e-08,0.0235049
-3.021405e-08,0.0302881
-3.016405e-08,0.0307825
-3.011405e-08,0.0262786
-3.006405e-08,0.0215826
-3.001405e-08,0.0244387
-2.996405e-08,0.0237796
-2.991405e-08,0.0140304
-2.986405e-08,0.00721973
-2.981405e-08,0.00823584
-2.976405e-08,0.0135361
-2.971405e-08,0.0149367
-2.966405e-08,0.0107349
-2.961405e-08,0.00656064
-2.956405e-08,0.00392425
-2.951405e-08,-0.00233718
-2.946405e-08,-0.00977948
-2.941405e-08,-0.00697832
-2.936405e-08,0.00230397
-2.931405e-08,0.00672541
-2.926405e-08,0.00853793
-2.921405e-08,0.0171886
-2.916405e-08,0.0286953
-2.911405e-08,0.032952
-2.906405e-08,0.035863
-2.901405e-08,0.0432778
-2.896405e-08,0.0448707
-2.891405e-08,0.0319908
-2.886405e-08,0.0152937
-2.881405e-08,0.00205681
-2.876405e-08,-0.0157663
-2.871405e-08,-0.0246916
-2.866405e-08,-0.0125532
-2.861405e-08,0.000244288
-2.856405e-08,0.00727466
-2.851405e-08,0.017985
-2.846405e-08,0.0263061
-2.841405e-08,0.0315789
-2.836405e-08,0.0321556
-2.831405e-08,0.0206488
-2.826405e-08,0.0144973
-2.821405e-08,0.0176554
-2.816405e-08,0.0165295
-2.811405e-08,0.0177928
-2.806405e-08,0.0182871
-2.801405e-08,0.0116686
-2.796405e-08,0.00167233
-2.791405e-08,-0.0167
-2.786405e-08,-0.0290855
-2.781405e-08,-0.0149424
-2.776405e-08,0.00246874
-2.771405e-08,0.00568184
-2.766405e-08,0.0119433
-2.761405e-08,0.0176554
-2.756405e-08,0.0165295
-2.751405e-08,0.0160626
-2.746405e-08,0.0109821
-2.741405e-08,0.00450096
-2.736405e-08,0.0014801
-2.731405e-08,-0.00332582
-2.726405e-08,-0.00200763
-2.721405e-08,0.00966389
-2.716405e-08,0.0176005
-2.711405e-08,0.0202369
-2.706405e-08,0.0248506
-2.701405e-08,0.0230655
-2.696405e-08,0.0161725
-2.691405e-08,0.0164471
-2.686405e-08,0.0200447
-2.681405e-08,0.0127397
-2.676405e-08,-0.00354552
-2.671405e-08,-0.00711563
-2.666405e-08,0.00323769
-2.661405e-08,0.0124925
-2.656405e-08,0.018699
-2.651405e-08,0.0187539
-2.646405e-08,0.0165295
-2.641405e-08,0.0187539
-2.636405e-08,0.0148817
-2.631405e-08,0.00491289
-2.626405e-08,-0.000909132
-2.621405e-08,-0.00332582
-2.616405e-08,-0.00447924
-2.611405e-08,-0.00533058
-2.606405e-08,-0.00362791
-2.601405e-08,0.000216825
-2.596405e-08,-0.00555028
-2.591405e-08,-0.0150523
-2.586405e-08,-0.0109878
-2.581405e-08,-0.00458909
-2.576405e-08,-0.00909292
-2.571405e-08,-0.0115645
-2.566405e-08,-0.000469734
-2.561405e-08,0.0115039
-2.556405e-08,0.0123003
-2.551405e-08,0.0140853
-2.546405e-08,0.0178751
-2.541405e-08,0.0113391
-2.536405e-08,0.00601139
-2.531405e-08,0.0119982
-2.526405e-08,0.0185342
-2.521405e-08,0.0210059
-2.516405e-08,0.0219396
-2.511405e-08,0.0221867
-2.506405e-08,0.0217748
-2.501405e-08,0.0202369
-2.496405e-08,0.0210882
-2.491405e-08,0.0239993
-2.486405e-08,0.0249879
-2.481405e-08,0.024576
-2.476405e-08,0.0253998
-2.471405e-08,0.0274595
-2.466405e-08,0.025647
-2.461405e-08,0.0164746
-2.456405e-08,0.00974627
-2.451405e-08,0.0144423
-2.446405e-08,0.0181498
-2.441405e-08,0.0121355
-2.436405e-08,0.00675287
-2.431405e-08,0.00974627
-2.426405e-08,0.0148543
-2.421405e-08,0.0123277
-2.416405e-08,0.00546214
-2.411405e-08,0.003375
-2.406405e-08,0.00499528
-2.401405e-08,0.0057093
-2.396405e-08,0.0111743
-2.391405e-08,0.0193581
-2.386405e-08,0.020539
-2.381405e-08,0.0264983
-2.376405e-08,0.0360827
-2.371405e-08,0.0250703
-2.366405e-08,0.00452842
-2.361405e-08,0.00161741
-2.356405e-08,0.00752182
-2.351405e-08,0.00296306
-2.346405e-08,-0.00447924
-2.341405e-08,-0.000799283
-2.336405e-08,0.00332008
-2.331405e-08,0.00285321
-2.326405e-08,0.0102131
-2.321405e-08,0.0127122
-2.316405e-08,0.00384186
-2.311405e-08,-0.00115629
-2.306405e-08,-0.00340821
-2.301405e-08,-0.00263926
-2.296405e-08,0.0087027
-2.291405e-08,0.022022
-2.286405e-08,0.0213079
-2.281405e-08,0.0154859
-2.276405e-08,0.0194405
-2.271405e-08,0.0227909
-2.266405e-08,0.0191659
-2.261405e-08,0.0141403
-2.256405e-08,0.00634094
-2.251405e-08,-0.00469894
-2.246405e-08,-0.011949
-2.241405e-08,-0.0120863
-2.236405e-08,-0.00667623
-2.231405e-08,0.00178218
-2.226405e-08,0.00875763
-2.221405e-08,0.0164196
-2.216405e-08,0.0235873
-2.211405e-08,0.0217199
-2.206405e-08,0.0141677
-2.201405e-08,0.0105701
-2.196405e-08,0.0139206
-2.191405e-08,0.0182871
-2.186405e-08,0.0159253
-2.181405e-08,0.0107349
-2.176405e-08,0.01436
-2.171405e-08,0.0161725
-2.166405e-08,0.00235889
-2.161405e-08,-0.00741772
-2.156405e-08,-0.00706071
-2.151405e-08,-0.00574251
-2.146405e-08,0.00266098
-2.141405e-08,0.0082633
-2.136405e-08,0.00211173
-2.131405e-08,-0.00241956
-2.126405e-08,-0.001733
-2.121405e-08,-0.000387347
-2.116405e-08,0.00559945
-2.111405e-08,0.0117785
-2.106405e-08,0.00829077
-2.101405e-08,0.00752182
-2.096405e-08,0.0185068
-2.091405e-08,0.0262237
-2.086405e-08,0.0278989
-2.081405e-08,0.0289425
-2.076405e-08,0.0209509
-2.071405e-08,0.00741197
-2.066405e-08,0.00109562
-2.061405e-08,0.00167233
-2.056405e-08,0.00419887
-2.051405e-08,0.00213919
-2.046405e-08,-0.000414809
-2.041405e-08,0.00202934
-2.036405e-08,0.00216665
-2.031405e-08,0.00741197
-2.026405e-08,0.0160352
-2.021405e-08,0.00661556
-2.016405e-08,-0.00703324
-2.011405e-08,-0.00214494
-2.006405e-08,0.00807107
-2.001405e-08,0.01068
-1.996405e-08,0.00507767
-1.991405e-08,-0.00412223
-1.986405e-08,-0.00697832
-1.981405e-08,-0.00571505
-1.976405e-08,-0.00505595
-1.971405e-08,-0.00189778
-1.966405e-08,-0.00162315
-1.961405e-08,-0.00730787
-1.956405e-08,-0.00961471
-1.951405e-08,-0.00544043
-1.946405e-08,0.00230397
-1.941405e-08,0.0089224
-1.936405e-08,0.0135361
-1.931405e-08,0.0257843
-1.926405e-08,0.0421794
-1.921405e-08,0.049704
-1.916405e-08,0.0518187
-1.911405e-08,0.0504181
-1.906405e-08,0.0406964
-1.901405e-08,0.0316887
-1.896405e-08,0.0297664
-1.891405e-08,0.0282559
-1.886405e-08,0.0275144
-1.881405e-08,0.0258392
-1.876405e-08,0.0161725
-1.871405e-08,0.00845554
-1.866405e-08,0.00999344
-1.861405e-08,0.00705496
-1.856405e-08,-0.00563266
-1.851405e-08,-0.0129651
-1.846405e-08,-0.00664877
-1.841405e-08,0.000985772
-1.836405e-08,0.000546374
-1.831405e-08,-0.0021724
-1.826405e-08,-0.000689433
-1.821405e-08,-0.00170554
-1.816405e-08,-0.00939501
-1.811405e-08,-0.00851621
-1.806405e-08,-2.87366e-06
-1.801405e-08,0.00436365
-1.796405e-08,0.00804361
-1.791405e-08,0.00834569
-1.786405e-08,0.00862032
-1.781405e-08,0.0159802
-1.776405e-08,0.0217199
-1.771405e-08,0.0208685
-1.766405e-08,0.0174632
-1.761405e-08,0.0139755
-1.756405e-08,0.0093618
-1.751405e-08,0.00768659
-1.746405e-08,0.0129594
-1.741405e-08,0.0209509
-1.736405e-08,0.0274321
-1.731405e-08,0.0301783
-1.726405e-08,0.0277616
-1.721405e-08,0.024521
-1.716405e-08,0.023093
-1.711405e-08,0.0165569
-1.706405e-08,0.00960896
-1.701405e-08,0.0091421
-1.696405e-08,0.00595646
-1.691405e-08,0.00191949
-1.686405e-08,0.00535229
-1.681405e-08,0.00927941
-1.676405e-08,0.00862032
-1.671405e-08,0.00974627
-1.666405e-08,0.0147444
-1.661405e-08,0.0157331
-1.656405e-08,0.0100484
-1.651405e-08,0.00955404
-1.646405e-08,0.016502
-1.641405e-08,0.0191109
-1.636405e-08,0.0207312
-1.631405e-08,0.0205115
-1.626405e-08,0.0126298
-1.621405e-08,0.0122179
-1.616405e-08,0.0207862
-1.611405e-08,0.0258667
-1.606405e-08,0.0291622
-1.601405e-08,0.0310845
-1.596405e-08,0.0277067
-1.591405e-08,0.0231205
-1.586405e-08,0.023093
-1.581405e-08,0.0193306
-1.576405e-08,0.00743943
-1.571405e-08,0.000683686
-1.566405e-08,-0.00203509
-1.561405e-08,-0.00997172
-1.556405e-08,-0.0125257
-1.551405e-08,-0.0034906
-1.546405e-08,0.00793376
-1.541405e-08,0.0171062
-1.536405e-08,0.0192208
-1.531405e-08,0.015074
-1.526405e-08,0.0164471
-1.521405e-08,0.0192483
-1.516405e-08,0.0159802
-1.511405e-08,0.0140579
-1.506405e-08,0.0129868
-1.501405e-08,0.00897733
-1.496405e-08,0.00645079
-1.491405e-08,0.00488543
-1.486405e-08,-0.00250195
-1.481405e-08,-0.0148051
-1.476405e-08,-0.0179907
-1.471405e-08,-0.00958725
-1.466405e-08,-0.00123868
-1.461405e-08,0.00444603
-1.456405e-08,0.00474812
-1.451405e-08,0.00169979
-1.446405e-08,0.00296306
-1.441405e-08,0.000409062
-1.436405e-08,-0.00524819
-1.431405e-08,0.0003816
-1.426405e-08,0.00653317
-1.421405e-08,0.00414395
-1.416405e-08,0.00422633
-1.411405e-08,0.00299053
-1.406405e-08,-0.0032709
-1.401405e-08,-0.00953232
-1.396405e-08,-0.013432
-1.391405e-08,-0.00898307
-1.386405e-08,-0.00368283
-1.381405e-08,-0.00335328
-1.376405e-08,0.00194696
-1.371405e-08,0.0089224
-1.366405e-08,0.0106525
-1.361405e-08,0.0110095
-1.356405e-08,0.0128495
-1.351405e-08,0.0134537
-1.346405e-08,0.00919703
-1.341405e-08,0.00598393
-1.336405e-08,0.00634094
-1.331405e-08,0.000244288
-1.326405e-08,-0.00203509
-1.321405e-08,0.0131241
-1.316405e-08,0.0214727
-1.311405e-08,0.0112292
-1.306405e-08,0.00875763
-1.301405e-08,0.0165569
-1.296405e-08,0.0124101
-1.291405e-08,0.00562692
-1.286405e-08,0.0132889
-1.281405e-08,0.0212805
-1.276405e-08,0.0165569
-1.271405e-08,0.013234
-1.266405e-08,0.0193306
-1.261405e-08,0.0240542
-1.256405e-08,0.0280088
-1.251405e-08,0.0319084
-1.246405e-08,0.0312219
-1.241405e-08,0.034023
-1.236405e-08,0.0386367
-1.231405e-08,0.0316338
-1.226405e-08,0.012877
-1.221405e-08,-0.00464402
-1.216405e-08,-0.009038
-1.211405e-08,-0.00412223
-1.206405e-08,-0.00192524
-1.201405e-08,-0.00686847
-1.196405e-08,-0.00497357
-1.191405e-08,0.0156507
-1.186405e-08,0.0397077
-1.181405e-08,0.054455
-1.176405e-08,0.0586019
-1.171405e-08,0.0493196
-1.166405e-08,0.0350941
-1.161405e-08,0.0278989
-1.156405e-08,0.0279264
-1.151405e-08,0.0252076
-1.146405e-08,0.0150465
-1.141405e-08,0.00922449
-1.136405e-08,0.0128495
-1.131405e-08,0.0199074
-1.126405e-08,0.0235599
-1.121405e-08,0.0141403
-1.116405e-08,-0.00143092
-1.111405e-08,-0.00780219
-1.106405e-08,-0.0100816
-1.101405e-08,-0.016343
-1.096405e-08,-0.0199406
-1.091405e-08,-0.0123335
-1.086405e-08,0.00441857
-1.081405e-08,0.0163922
-1.076405e-08,0.0147444
-1.071405e-08,0.0131241
-1.066405e-08,0.0185892
-1.061405e-08,0.0154035
-1.056405e-08,0.00774152
-1.051405e-08,0.010323
-1.046405e-08,0.0149641
-1.041405e-08,0.0173534
-1.036405e-08,0.0202644
-1.031405e-08,0.0180125
-1.026405e-08,0.0125749
-1.021405e-08,0.00700004
-1.016405e-08,-0.00478133
-1.011405e-08,-0.0134869
-1.006405e-08,-0.0116195
-1.001405e-08,-0.0112899
-9.964047e-09,-0.011592
-9.914047e-09,-0.00401238
-9.864047e-09,0.00345739
-9.814047e-09,0.0052699
-9.764047e-09,0.0129594
-9.714047e-09,0.024521
-9.664047e-09,0.0219945
-9.614047e-09,0.011394
-9.564047e-09,0.00774152
-9.514047e-09,0.008483
-9.464047e-09,0.014305
-9.414047e-09,0.0266631
-9.364047e-09,0.0368242
-9.314047e-09,0.0414928
-9.264047e-09,0.0407238
-9.214047e-09,0.0345173
-9.164047e-09,0.0261413
-9.114047e-09,0.0179301
-9.064047e-09,0.0167217
-9.014047e-09,0.0234225
-8.964047e-09,0.0228458
-8.914047e-09,0.010323
-8.864047e-09,-0.00156823
-8.814047e-09,-0.00961471
-8.764047e-09,-0.0158212
-8.714047e-09,-0.0122236
-8.664047e-09,-0.00373776
-8.614047e-09,0.00219412
-8.564047e-09,0.0152937
-8.514047e-09,0.0235873
-8.464047e-09,0.0249879
-8.414047e-09,0.0386367
-8.364047e-09,0.0399549
-8.314047e-09,0.0226811
-8.264047e-09,0.019056
-8.214047e-09,0.0202644
-8.164047e-09,0.0165569
-8.114047e-09,0.0201271
-8.064047e-09,0.0205115
-8.014047e-09,0.0114764
-7.964047e-09,0.0070275
-7.914047e-09,0.00927941
-7.864047e-09,0.0113116
-7.814047e-09,0.00908718
-7.764047e-09,0.00178218
-7.714047e-09,-0.000387347
-7.664047e-09,0.0120531
-7.614047e-09,0.0302881
-7.564047e-09,0.0381698
-7.514047e-09,0.0366045
-7.464047e-09,0.0389113
-7.414047e-09,0.0402295
-7.364047e-09,0.036632
-7.314047e-09,0.0380051
-7.264047e-09,0.0338308
-7.214047e-09,0.0236697
-7.164047e-09,0.0274046
-7.114047e-09,0.0364123
-7.064047e-09,0.031881
-7.014047e-09,0.0204566
-6.964047e-09,0.0168316
-6.914047e-09,0.0171062
-6.864047e-09,0.0144698
-6.814047e-09,0.0117785
-6.764047e-09,0.00790629
-6.714047e-09,0.00730212
-6.664047e-09,0.018699
-6.614047e-09,0.0320732
-6.564047e-09,0.0352039
-6.514047e-09,0.0346547
-6.464047e-09,0.0361926
-6.414047e-09,0.0357806
-6.364047e-09,0.0277891
-6.314047e-09,0.01068
-6.264047e-09,-0.000469734
-6.214047e-09,-0.0030512
-6.164047e-09,-0.0190343
-6.114047e-09,-0.0336992
-6.064047e-09,-0.0236205
-6.014047e-09,-0.00695086
-5.964047e-09,0.00466573
-5.914047e-09,0.00889494
-5.864047e-09,0.00334754
-5.814047e-09,0.00488543
-5.764047e-09,0.0118883
-5.714047e-09,0.00982866
-5.664047e-09,0.00494036
-5.614047e-09,0.000985772
-5.564047e-09,-0.00247449
-5.514047e-09,0.00112308
-5.464047e-09,0.0112842
-5.414047e-09,0.0162274
-5.364047e-09,0.0212805
-5.314047e-09,0.0301508
-5.264047e-09,0.0246584
-5.214047e-09,0.0129868
-5.164047e-09,0.00938926
-5.114047e-09,0.00661556
-5.064047e-09,0.00494036
-5.014047e-09,0.00760421
-4.964047e-09,0.0119433
-4.914047e-09,0.0151564
-4.864047e-09,0.0186441
-4.814047e-09,0.0203742
-4.764047e-09,0.0158704
-4.714047e-09,0.0113666
-4.664047e-09,0.0126573
-4.614047e-09,0.0156232
-4.564047e-09,0.0170787
-4.514047e-09,0.0218846
-4.464047e-09,0.0310571
-4.414047e-09,0.0374833
-4.364047e-09,0.0339681
-4.314047e-09,0.0134537
-4.264047e-09,-0.00999918
-4.214047e-09,-0.00884576
-4.164047e-09,0.000683686
-4.114047e-09,-2.87366e-06
-4.064047e-09,0.00815346
-4.014047e-09,0.0135361
-3.964047e-09,0.0101307
-3.914047e-09,0.0213903
-3.864047e-09,0.02713
-3.814047e-09,0.0114215
-3.764047e-09,-0.00296881
-3.714047e-09,-0.00593475
-3.664047e-09,-0.00162315
-3.614047e-09,0.00389679
-3.564047e-09,0.0108173
-3.514047e-09,0.0192208
-3.464047e-09,0.0223515
-3.414047e-09,0.0238894
-3.364047e-09,0.0291073
-3.314047e-09,0.0308648
-3.264047e-09,0.0273222
-3.214047e-09,0.0256195
-3.164047e-09,0.0229557
-3.114047e-09,0.0174083
-3.064047e-09,0.0168316
-3.014047e-09,0.0207038
-2.964047e-09,0.0200721
-2.914047e-09,0.0169963
-2.864047e-09,0.0241915
-2.814047e-09,0.0332266
-2.764047e-09,0.0291896
-2.714047e-09,0.0202369
-2.664047e-09,0.0149092
-2.614047e-09,0.0104328
-2.564047e-09,0.00326515
-2.514047e-09,-0.000744358
-2.464047e-09,0.00202934
-2.414047e-09,0.00348485
-2.364047e-09,0.00540722
-2.314047e-09,0.0111743
-2.264047e-09,0.0108448
-2.214047e-09,0.00716481
-2.164047e-09,0.0111743
-2.114047e-09,0.0114215
-2.064047e-09,0.000216825
-2.014047e-09,-0.00598967
-1.964047e-09,-0.00662131
-1.914047e-09,-0.0162331
-1.864047e-09,-0.0218904
-1.814047e-09,-0.0118392
-1.764047e-09,-0.00244703
-1.714047e-09,0.00142517
-1.664047e-09,0.00496782
-1.614047e-09,0.0091421
-1.564047e-09,0.0159528
-1.514047e-09,0.0169414
-1.464047e-09,0.0115588
-1.414047e-09,0.00829077
-1.364047e-09,0.00211173
-1.314047e-09,-0.001733
-1.264047e-09,0.00856539
-1.214047e-09,0.0220769
-1.164047e-09,0.0246584
-1.114047e-09,0.0221318
-1.064047e-09,0.0257019
-1.014047e-09,0.0258942
-9.640474e-10,0.0161725
-9.140474e-10,0.00884002
-8.640474e-10,-0.000250035
-8.140474e-10,-0.0127729
-7.640474e-10,-0.0121138
-7.140474e-10,-0.000634509
-6.640474e-10,0.0029356
-6.140474e-10,0.000793536
-5.640474e-10,0.0107075
-5.140474e-10,0.0239169
-4.640474e-10,0.0284482
-4.140474e-10,0.0297389
-3.640474e-10,0.0235873
-3.140474e-10,0.0201545
-2.640474e-10,0.0324027
-2.140474e-10,0.0420695
-1.640474e-10,0.0440468
-1.140474e-10,0.0644788
-6.404745e-11,0.105617
-1.404745e-11,0.148129
3.595255e-11,0.203521
8.595255e-11,0.285331
1.359526e-10,0.39043
1.859526e-10,0.514477
2.359526e-10,0.627952
2.859526e-10,0.718441
3.359526e-10,0.808325
3.859526e-10,0.882364
4.359526e-10,0.913067
4.859526e-10,0.929242
5.359526e-10,0.958544
5.859526e-10,0.971232
6.359526e-10,0.965904
6.859526e-10,0.982794
7.359526e-10,1.00781
7.859526e-10,1.00449
8.359526e-10,0.978537
8.859526e-10,0.959862
9.359526e-10,0.958984
9.859526e-10,0.948548
1.035953e-09,0.93034
1.085953e-09,0.934927
1.135953e-09,0.953326
1.185953e-09,0.96703
1.235953e-09,0.966893
1.285953e-09,0.955661
1.335953e-09,0.955441
1.385953e-09,0.963817
1.435953e-09,0.960247
1.485953e-09,0.947587
1.535953e-09,0.938991
1.585953e-09,0.929571
1.635953e-09,0.913424
1.685953e-09,0.901148
1.735953e-09,0.892442
1.785953e-09,0.874839
1.835953e-09,0.85026
1.885953e-09,0.832107
1.935953e-09,0.830982
1.985953e-09,0.835733
2.035953e-09,0.830432
2.085953e-09,0.824473
2.135953e-09,0.822386
2.185953e-09,0.812664
2.235953e-09,0.798109
2.285953e-09,0.789925
2.335953e-09,0.783417
2.385953e-09,0.768807
2.435953e-09,0.75211
2.485953e-09,0.743898
2.535953e-09,0.740768
2.585953e-09,0.732831
2.635953e-09,0.717699
2.685953e-09,0.705149
2.735953e-09,0.701304
2.785953e-09,0.69691
2.835953e-09,0.688754
2.885953e-09,0.682355
2.935953e-09,0.676313
2.985953e-09,0.665905
3.035953e-09,0.657227
3.085953e-09,0.657941
3.135953e-09,0.658902
3.185953e-09,0.653327
3.235953e-09,0.648055
3.285953e-09,0.643715
3.335953e-09,0.639926
3.385953e-09,0.632923
3.435953e-09,0.613699
3.485953e-09,0.599968
3.535953e-09,0.600215
3.585953e-09,0.589889
3.635953e-09,0.572121
3.685953e-09,0.570226
3.735953e-09,0.58415
3.785953e-09,0.598485
3.835953e-09,0.596782
3.885953e-09,0.583902
3.935953e-09,0.578849
3.985953e-09,0.575691
4.035953e-09,0.562317
4.085953e-09,0.542215
4.135953e-09,0.519695
4.185953e-09,0.500774
4.235953e-09,0.495309
4.285953e-09,0.501982
4.335953e-09,0.503026
4.385953e-09,0.494842
4.435953e-09,0.491382
4.485953e-09,0.491107
4.535953e-09,0.486246
4.585953e-09,0.484571
4.635953e-09,0.482539
4.685953e-09,0.470208
4.735953e-09,0.458949
4.785953e-09,0.453456
4.835953e-09,0.450737
4.885953e-09,0.455681
4.935953e-09,0.461503
4.985953e-09,0.461173
5.035953e-09,0.457328
5.085953e-09,0.449447
5.135953e-09,0.441071
5.185953e-09,0.432173
5.235953e-09,0.420996
5.285953e-09,0.411878
5.335953e-09,0.405589
5.385953e-09,0.401909
5.435953e-09,0.398531
5.485953e-09,0.396801
5.535953e-09,0.403584
5.585953e-09,0.414514
5.635953e-09,0.417096
5.685953e-09,0.412537
5.735953e-09,0.408747
5.785953e-09,0.40504
5.835953e-09,0.404079
5.885953e-09,0.408802
5.935953e-09,0.412565
5.985953e-09,0.408418
6.035953e-09,0.396197
6.085953e-09,0.385789
6.135953e-09,0.386146
6.185953e-09,0.385157
6.235953e-09,0.376012
6.285953e-09,0.375875
6.335953e-09,0.379692
6.385953e-09,0.369009
6.435953e-09,0.361512
6.485953e-09,0.370272
6.535953e-09,0.374145
6.585953e-09,0.367416
6.635953e-09,0.360606
6.685953e-09,0.354839
6.735953e-09,0.351653
6.785953e-09,0.348303
6.835953e-09,0.342178
6.885953e-09,0.33762
6.935953e-09,0.329491
6.985953e-09,0.314853
7.035953e-09,0.306752
7.085953e-09,0.311805
7.135953e-09,0.320813
7.185953e-09,0.323724
7.235953e-09,0.320346
7.285953e-09,0.320236
7.335953e-09,0.324603
7.385953e-09,0.32474
7.435953e-09,0.324822
7.485953e-09,0.322515
7.535953e-09,0.30439
7.585953e-09,0.282091
7.635953e-09,0.268497
7.685953e-09,0.253997
7.735953e-09,0.244357
7.785953e-09,0.24606
7.835953e-09,0.246527
7.885953e-09,0.254683
7.935953e-09,0.2716
7.985953e-09,0.271023
8.035953e-09,0.259105
8.085953e-09,0.256249
8.135953e-09,0.253228
8.185953e-09,0.244879
8.235953e-09,0.240101
8.285953e-09,0.240156
8.335953e-09,0.245126
8.385953e-09,0.249822
8.435953e-09,0.248202
8.485953e-09,0.244385
8.535953e-09,0.243726
8.585953e-09,0.244357
8.635953e-09,0.241666
8.685953e-09,0.243616
8.735953e-09,0.245676
8.785953e-09,0.234636
8.835953e-09,0.223321
8.885953e-09,0.214918
8.935953e-09,0.203493
8.985953e-09,0.2005
9.035953e-09,0.207723
9.085953e-09,0.214286
9.135953e-09,0.214259
9.185953e-09,0.209563
9.235953e-09,0.204317
9.285953e-09,0.196024
9.335953e-09,0.185917
9.385953e-09,0.176058
9.435953e-09,0.167518
9.485953e-09,0.167737
9.535953e-09,0.17106
9.585953e-09,0.17334
9.635953e-09,0.179821
9.685953e-09,0.182924
9.735953e-09,0.17669
9.785953e-09,0.169632
9.835953e-09,0.167435
9.885953e-09,0.161421
9.935953e-09,0.151699
9.985953e-09,0.151068
1.003595e-08,0.154089
1.008595e-08,0.154006
1.013595e-08,0.164167
1.018595e-08,0.180974
1.023595e-08,0.181441
1.028595e-08,0.168973
1.033595e-08,0.161613
1.038595e-08,0.158483
1.043595e-08,0.154089
1.048595e-08,0.14401
1.053595e-08,0.133327
1.058595e-08,0.135002
1.063595e-08,0.142197
1.068595e-08,0.143296
1.073595e-08,0.137886
1.078595e-08,0.13113
1.083595e-08,0.127395
1.088595e-08,0.122342
1.093595e-08,0.115861
1.098595e-08,0.110863
1.103595e-08,0.105178
1.108595e-08,0.10721
1.113595e-08,0.120008
1.118595e-08,0.127478
1.123595e-08,0.124155
1.128595e-08,0.119102
1.133595e-08,0.113252
1.138595e-08,0.105288
1.143595e-08,0.104794
1.148595e-08,0.112648
1.153595e-08,0.111659
1.158595e-08,0.0965823
1.163595e-08,0.0849383
1.168595e-08,0.0887281
1.173595e-08,0.0913096
1.178595e-08,0.0832631
1.183595e-08,0.0828786
1.188595e-08,0.0882887
1.193595e-08,0.084801
1.198595e-08,0.078924
1.203595e-08,0.0826315
1.208595e-08,0.092106
1.213595e-08,0.0922158
1.218595e-08,0.0863114
1.223595e-08,0.0884809
1.228595e-08,0.0907603
1.233595e-08,0.0797754
1.238595e-08,0.0652203
1.243595e-08,0.066511
1.248595e-08,0.0714817
1.253595e-08,0.0584096
1.258595e-08,0.0464909
1.263595e-08,0.047562
1.268595e-08,0.0432778
1.273595e-08,0.0376755
1.278595e-08,0.0444587
1.283595e-08,0.0551141
1.288595e-08,0.0611009
1.293595e-08,0.0645887
1.298595e-08,0.066868
1.303595e-08,0.0663463
1.308595e-08,0.0599201
1.313595e-08,0.0503357
1.318595e-08,0.0399274
1.323595e-08,0.0290523
1.328595e-08,0.0280637
1.333595e-08,0.0407513
1.338595e-08,0.0544001
1.343595e-08,0.0606066
1.348595e-08,0.0640394
1.353595e-08,0.0657146
1.358595e-08,0.0657695
1.363595e-08,0.0731844
1.368595e-08,0.0883436
1.373595e-08,0.0951543
1.378595e-08,0.0852404
1.383595e-08,0.0739808
1.388595e-08,0.0654125
1.393595e-08,0.0532192
1.398595e-08,0.0503631
1.403595e-08,0.0537136
1.408595e-08,0.0490175
1.413595e-08,0.0462987
1.418595e-08,0.0421244
1.423595e-08,0.0333365
1.428595e-08,0.0417125
1.433595e-08,0.0520109
1.438595e-08,0.0440468
1.443595e-08,0.0422068
1.448595e-08,0.0504181
1.453595e-08,0.0531094
1.458595e-08,0.0564598
1.463595e-08,0.061403
1.468595e-08,0.0600848
1.473595e-08,0.0585469
1.478595e-08,0.0636
1.483595e-08,0.0674173
1.488595e-08,0.0652478
1.493595e-08,0.0649731
1.498595e-08,0.0645337
1.503595e-08,0.0527524
1.508595e-08,0.0364123
1.513595e-08,0.0284756
1.518595e-08,0.02713
1.523595e-08,0.0308923
1.528595e-08,0.0378403
1.533595e-08,0.0379776
1.538595e-08,0.0340505
1.543595e-08,0.0353412
1.548595e-08,0.0427011
1.553595e-08,0.0505005
1.558595e-08,0.0485232
1.563595e-08,0.045365
1.568595e-08,0.0537959
1.573595e-08,0.0584371
1.578595e-08,0.0504455
1.583595e-08,0.0468754
1.588595e-08,0.0511596
1.593595e-08,0.0554986
1.598595e-08,0.0593159
1.603595e-08,0.052313
1.608595e-08,0.0369615
1.613595e-08,0.0298762
1.618595e-08,0.0288876
1.623595e-08,0.0308923
1.628595e-08,0.0329245
1.633595e-08,0.0276518
1.638595e-08,0.0257568
1.643595e-08,0.0297114
1.648595e-08,0.0266356
1.653595e-08,0.0193581
1.658595e-08,0.0166943
1.663595e-08,0.0204017
1.668595e-08,0.022736
1.673595e-08,0.0198524
1.678595e-08,0.0264709
1.683595e-08,0.0374009
1.688595e-08,0.0365496
1.693595e-08,0.0385818
1.698595e-08,0.0439369
1.703595e-08,0.0358905
1.708595e-08,0.0260315
1.713595e-08,0.0230655
1.718595e-08,0.0199897
1.723595e-08,0.0191933
1.728595e-08,0.0213629
1.733595e-08,0.0248231
1.738595e-08,0.0314965
1.743595e-08,0.0354236
1.748595e-08,0.0289974
1.753595e-08,0.0192483
1.758595e-08,0.0193581
1.763595e-08,0.0224064
1.768595e-08,0.0161999
1.773595e-08,0.0141403
1.778595e-08,0.0197426
1.783595e-08,0.0198799
1.788595e-08,0.0232028
1.793595e-08,0.0313317
1.798595e-08,0.0317436
1.803595e-08,0.0312493
1.808595e-08,0.032238
1.813595e-08,0.025647
1.818595e-08,0.020896
1.823595e-08,0.0274321
1.828595e-08,0.0289425
1.833595e-08,0.0159802
1.838595e-08,0.0101307
1.843595e-08,0.0147719
1.848595e-08,0.00667049
1.853595e-08,-0.00445178
1.858595e-08,-0.000552121
1.863595e-08,0.008483
1.868595e-08,0.0138107
1.873595e-08,0.0165569
1.878595e-08,0.0244387
1.883595e-08,0.0323204
1.888595e-08,0.0314416
1.893595e-08,0.0284207
1.898595e-08,0.02345
1.903595e-08,0.0165844
1.908595e-08,0.00430872
1.913595e-08,-0.0121962
1.918595e-08,-0.00857114
1.923595e-08,0.0126298
1.928595e-08,0.0231754
1.933595e-08,0.024933
1.938595e-08,0.0291073
1.943595e-08,0.0273771
1.948595e-08,0.0212256
1.953595e-08,0.0200447
1.958595e-08,0.0153761
1.963595e-08,0.00373201
1.968595e-08,-0.000332422
1.973595e-08,0.00842808
1.978595e-08,0.0206763
1.983595e-08,0.0226261
1.988595e-08,0.0109272
1.993595e-08,0.00378694
1.998595e-08,0.00647825
2.003595e-08,0.00112308
2.008595e-08,-0.00964217
2.013595e-08,-0.00502849
2.018595e-08,0.0070275
2.023595e-08,0.00543468
2.028595e-08,-0.00456163
2.033595e-08,-0.00936755
2.038595e-08,-0.00379268
2.043595e-08,0.00647825
2.048595e-08,0.00559945
2.053595e-08,0.0012604
2.058595e-08,0.0115039
2.063595e-08,0.0199348
2.068595e-08,0.0127397
2.073595e-08,0.00332008
2.078595e-08,-0.0021724
2.083595e-08,-0.0083789
2.088595e-08,-0.0150797
2.093595e-08,-0.0174415
2.098595e-08,-0.0128827
2.103595e-08,-0.00263926
2.108595e-08,0.00356724
2.113595e-08,0.000546374
2.118595e-08,-0.00118376
2.123595e-08,-0.000799283
2.128595e-08,-0.00154077
2.133595e-08,0.000683686
2.138595e-08,0.00491289
2.143595e-08,0.0149916
2.148595e-08,0.026718
2.153595e-08,0.0250703
2.158595e-08,0.0175456
2.163595e-08,0.0126573
2.168595e-08,0.00439111
2.173595e-08,0.000134438
2.178595e-08,0.00351231
2.183595e-08,0.00400663
2.188595e-08,-2.87366e-06
2.193595e-08,-0.00233718
2.198595e-08,0.00233143
2.203595e-08,0.00774152
2.208595e-08,0.00307291
2.213595e-08,-0.00159569
2.218595e-08,0.00535229
2.223595e-08,0.0116412
2.228595e-08,0.0102131
2.233595e-08,0.0142501
2.238595e-08,0.02713
2.243595e-08,0.0339406
2.248595e-08,0.0288601
2.253595e-08,0.0222417
2.258595e-08,0.0191933
2.263595e-08,0.0179575
2.268595e-08,0.0174357
2.273595e-08,0.0176005
2.278595e-08,0.0182871
2.283595e-08,0.0180674
2.288595e-08,0.0176554
2.293595e-08,0.0136734
2.298595e-08,0.00576423
2.303595e-08,0.00296306
2.308595e-08,0.00106816
2.313595e-08,-0.00571505
2.318595e-08,-0.0047264
2.323595e-08,0.000546374
2.328595e-08,-0.000716896
2.333595e-08,0.00897733
2.338595e-08,0.0239443
2.343595e-08,0.0180948
2.348595e-08,0.00617616
2.353595e-08,0.0040341
2.358595e-08,0.00084846
2.363595e-08,-0.00373776
2.368595e-08,-0.00365537
2.373595e-08,-0.00357298
2.378595e-08,-0.00184285
2.383595e-08,0.00642333
2.388595e-08,0.0149367
2.393595e-08,0.017985
2.398595e-08,0.0180948
2.403595e-08,0.018699
2.408595e-08,0.0196327
2.413595e-08,0.0240542
2.418595e-08,0.0251801
2.423595e-08,0.0171062
2.428595e-08,0.0135635
2.433595e-08,0.0113666
2.438595e-08,0.000766073
2.443595e-08,-0.009038
2.448595e-08,-0.0124433
2.453595e-08,-0.00988933
2.458595e-08,-0.00557774
2.463595e-08,-0.0058249
2.468595e-08,-0.00486372
2.473595e-08,0.0010407
2.478595e-08,0.00186457
2.483595e-08,-0.00285896
2.488595e-08,-0.0085986
2.493595e-08,-0.012663
2.498595e-08,-0.00813174
2.503595e-08,-0.00393
2.508595e-08,-0.00241956
2.513595e-08,0.00532483
2.518595e-08,0.00678034
2.523595e-08,0.00329261
2.528595e-08,0.0024962
2.533595e-08,-0.00313359
2.538595e-08,-0.00143092
2.543595e-08,0.00851047
2.548595e-08,0.0110645
2.553595e-08,0.00840062
2.558595e-08,0.00749436
2.563595e-08,0.0103779
2.568595e-08,0.00796122
2.573595e-08,0.00115055
2.578595e-08,0.00224904
2.583595e-08,0.0027159
2.588595e-08,-0.00176047
2.593595e-08,-0.000552121
2.598595e-08,0.0091421
2.603595e-08,0.0153761
2.608595e-08,0.00884002
2.613595e-08,0.00732958
2.618595e-08,0.0151014
2.623595e-08,0.0176005
2.628595e-08,0.0199623
2.633595e-08,0.0252625
2.638595e-08,0.0312219
2.643595e-08,0.0370988
2.648595e-08,0.0362475
2.653595e-08,0.0286953
2.658595e-08,0.0231754
2.663595e-08,0.0229282
2.668595e-08,0.0230655
2.673595e-08,0.0206214
2.678595e-08,0.00996597
2.683595e-08,-0.00156823
2.688595e-08,0.0029356
2.693595e-08,0.0095815
2.698595e-08,0.00290814
2.703595e-08,-0.00176047
2.708595e-08,0.00461081
2.713595e-08,0.0102406
2.718595e-08,0.0127397
2.723595e-08,0.0173534
2.728595e-08,0.0173259
2.733595e-08,0.0114215
2.738595e-08,0.00705496
2.743595e-08,0.00395171
2.748595e-08,-0.00233718
2.753595e-08,-0.00799443
2.758595e-08,-0.00700578
2.763595e-08,-0.00101898
2.768595e-08,0.00581915
2.773595e-08,0.00988359
2.778595e-08,0.00672541
2.783595e-08,-0.00535804
2.788595e-08,-0.0138165
2.793595e-08,-0.00620937
2.798595e-08,0.00840062
2.803595e-08,0.0123277
2.808595e-08,0.00436365
2.813595e-08,0.00169979
2.818595e-08,0.0101033
2.823595e-08,0.0176554
2.828595e-08,0.0215002
2.833595e-08,0.0236148
2.838595e-08,0.0229831
2.843595e-08,0.0238345
2.848595e-08,0.0188638
2.853595e-08,0.00647825
2.858595e-08,0.00329261
2.863595e-08,0.00356724
2.868595e-08,-0.00269419
2.873595e-08,-0.00274911
2.878595e-08,0.00428126
2.883595e-08,0.00697257
2.888595e-08,0.00960896
2.893595e-08,0.0150465
2.898595e-08,0.0154859
2.903595e-08,0.0116412
2.908595e-08,0.0101307
2.913595e-08,0.0124925
2.918595e-08,0.0176554
2.923595e-08,0.0200996
2.928595e-08,0.0160626
2.933595e-08,0.0114215
2.938595e-08,0.0112567
2.943595e-08,0.0165569
2.948595e-08,0.0203468
2.953595e-08,0.0220494
2.958595e-08,0.0221318
2.963595e-08,0.00562692
2.968595e-08,-0.0132123
2.973595e-08,-0.014503
2.978595e-08,-0.0121138
2.983595e-08,-0.0152445
2.988595e-08,-0.020023
2.993595e-08,-0.0161508
2.998595e-08,-0.000140186
3.003595e-08,0.0151564
3.008595e-08,0.0278989
3.013595e-08,0.0392409
3.018595e-08,0.04174
3.023595e-08,0.0425089
3.028595e-08,0.0484133
3.033595e-08,0.0547297
3.038595e-08,0.0557183
3.043595e-08,0.05267
3.048595e-08,0.0525876
3.053595e-08,0.0487429
3.058595e-08,0.03622
3.063595e-08,0.0217748
3.068595e-08,0.0113391
3.073595e-08,0.0141403
3.078595e-08,0.0231205
3.083595e-08,0.0206488
3.088595e-08,0.0138107
3.093595e-08,0.01436
3.098595e-08,0.0206214
3.103595e-08,0.0276518
3.108595e-08,0.0283108
3.113595e-08,0.0257019
3.118595e-08,0.0272947
3.123595e-08,0.0320457
3.128595e-08,0.0343251
3.133595e-08,0.0295467
3.138595e-08,0.0261139
3.143595e-08,0.0291347
3.148595e-08,0.029629
3.153595e-08,0.0271025
3.158595e-08,0.0192757
3.163595e-08,0.00601139
3.168595e-08,0.00510513
3.173595e-08,0.0137009
3.178595e-08,0.0160352
3.183595e-08,0.0152937
3.188595e-08,0.0138107
3.193595e-08,0.0132889
3.198595e-08,0.0154585
3.203595e-08,0.0151014
3.208595e-08,0.0200721
3.213595e-08,0.0383895
3.218595e-08,0.0506652
3.223595e-08,0.0490175
3.228595e-08,0.0509948
3.233595e-08,0.0566246
3.238595e-08,0.0583272
3.243595e-08,0.0587666
3.248595e-08,0.056295
3.253595e-08,0.0449256
3.258595e-08,0.0236148
3.263595e-08,0.003375
3.268595e-08,-0.00434193
3.273595e-08,-0.000497197
3.278595e-08,0.00760421
3.283595e-08,0.0144698
3.288595e-08,0.0173534
3.293595e-08,0.0156781
3.298595e-08,0.0176829
3.303595e-08,0.0241091
3.308595e-08,0.0225712
3.313595e-08,0.0144973
3.318595e-08,0.00763167
3.323595e-08,-0.00137599
3.328595e-08,-0.0145305
3.333595e-08,-0.0202701
3.338595e-08,-0.00821413
3.343595e-08,0.00419887
3.348595e-08,0.00095831
3.353595e-08,0.000463987
3.358595e-08,0.00845554
3.363595e-08,0.00727466
3.368595e-08,0.00290814
3.373595e-08,0.00392425
3.378595e-08,-0.000524659
3.383595e-08,-0.00360045
3.388595e-08,0.00161741
3.393595e-08,0.000985772
3.398595e-08,-0.00414969
3.403595e-08,-0.00802189
3.408595e-08,-0.00953232
3.413595e-08,0.00137025
3.418595e-08,0.0135086
3.423595e-08,0.00807107
3.428595e-08,-0.00785712
3.433595e-08,-0.0184576
3.438595e-08,-0.0161782
3.443595e-08,-0.00568759
3.448595e-08,0.00197442
3.453595e-08,0.00277083
3.458595e-08,0.0040341
3.463595e-08,0.00834569
3.468595e-08,0.00752182
3.473595e-08,0.00318276
3.478595e-08,0.00466573
3.483595e-08,0.0130418
3.488595e-08,0.0184244
3.493595e-08,0.0149367
3.498595e-08,0.0124101
3.503595e-08,0.0149367
3.508595e-08,0.0155683
3.513595e-08,0.0131516
3.518595e-08,0.0102131
3.523595e-08,0.00710988
3.528595e-08,0.00158994
3.533595e-08,-0.0037103
3.538595e-08,-0.00126614
3.543595e-08,-0.000414809
3.548595e-08,-0.0109878
3.553595e-08,-0.0170296
3.558595e-08,-0.00868099
3.563595e-08,0.00323769
3.568595e-08,0.00496782
3.573595e-08,-0.00598967
3.578595e-08,-0.0131299
3.583595e-08,-0.014146
3.588595e-08,-0.0179084
3.593595e-08,-0.0145854
3.598595e-08,-0.0088183
3.603595e-08,-0.0110428
3.608595e-08,-0.00769234
3.613595e-08,0.00461081
3.618595e-08,0.0103504
3.623595e-08,0.00900479
3.628595e-08,0.00991105
3.633595e-08,0.0057093
3.638595e-08,-0.00159569
3.643595e-08,-0.000387347
3.648595e-08,-0.00134853
3.653595e-08,-0.00840636
3.658595e-08,-0.010466
3.663595e-08,-0.0140636
3.668595e-08,-0.0195012
3.673595e-08,-0.0141185
3.678595e-08,-0.0125257
3.683595e-08,-0.0261471
3.688595e-08,-0.0367475
3.693595e-08,-0.0421302
3.698595e-08,-0.047403
3.703595e-08,-0.0435582
3.708595e-08,-0.0340288
3.713595e-08,-0.0265315
3.718595e-08,-0.0227417
3.723595e-08,-0.0217531
3.728595e-08,-0.0187048
3.733595e-08,-0.0127454
3.738595e-08,-0.0114272
3.743595e-08,-0.0150797
3.748595e-08,-0.0154917
3.753595e-08,-0.0190343
3.758595e-08,-0.0266414
3.763595e-08,-0.0280694
3.768595e-08,-0.0267512
3.773595e-08,-0.0238677
3.778595e-08,-0.0228241
3.783595e-08,-0.0306784
3.788595e-08,-0.0311452
3.793595e-08,-0.0188421
3.798595e-08,-0.015272
3.803595e-08,-0.01854
3.808595e-08,-0.0177436
3.813595e-08,-0.020023
3.818595e-08,-0.0232635
3.823595e-08,-0.0231262
3.828595e-08,-0.0253507
3.833595e-08,-0.0257351
3.838595e-08,-0.0196934
3.843595e-08,-0.0184301
3.848595e-08,-0.0267512
3.853595e-08,-0.0306509
3.858595e-08,-0.0262295
3.863595e-08,-0.027685
3.868595e-08,-0.0339738
3.873595e-08,-0.0346604
3.878595e-08,-0.0345231
3.883595e-08,-0.036418
3.888595e-08,-0.028399
3.893595e-08,-0.00587982
3.898595e-08,0.0108997
3.903595e-08,0.00903225
3.908595e-08,0.00202934
3.913595e-08,-0.0034906
3.918595e-08,-0.0111251
3.923595e-08,-0.0213686
3.928595e-08,-0.0298545
3.933595e-08,-0.0264492
3.938595e-08,-0.0186498
3.943595e-08,-0.0208743
3.948595e-08,-0.025433
3.953595e-08,-0.0279596
3.958595e-08,-0.0296348
3.963595e-08,-0.0253507
3.968595e-08,-0.0272456
3.973595e-08,-0.0371869
3.978595e-08,-0.0333697
3.983595e-08,-0.0226319
3.988595e-08,-0.0239501
3.993595e-08,-0.0244993
3.998595e-08,-0.0186498
4.003595e-08,-0.0159585
4.008595e-08,-0.0144756
4.013595e-08,-0.0118117
4.018595e-08,-0.0062643
4.023595e-08,-0.00549535
4.028595e-08,-0.0160409
4.033595e-08,-0.024362
4.038595e-08,-0.0249387
4.043595e-08,-0.029113
4.048595e-08,-0.0379834
4.053595e-08,-0.0405648
4.058595e-08,-0.0408944
4.063595e-08,-0.0438878
4.068595e-08,-0.0377637
4.073595e-08,-0.0272456
4.078595e-08,-0.0296897
4.083595e-08,-0.0392741
4.088595e-08,-0.0378186
4.093595e-08,-0.0273279
4.098595e-08,-0.0226044
4.103595e-08,-0.0227967
4.108595e-08,-0.0208743
4.113595e-08,-0.022879
4.118595e-08,-0.0277124
4.123595e-08,-0.0270259
4.128595e-08,-0.0273005
4.133595e-08,-0.0260098
4.138595e-08,-0.0178809
4.143595e-08,-0.0216707
4.148595e-08,-0.0311178
4.153595e-08,-0.0220826
4.158595e-08,-0.011235
4.163595e-08,-0.0144756
4.168595e-08,-0.0209292
4.173595e-08,-0.0253781
4.178595e-08,-0.0245268
4.183595e-08,-0.0180182
4.188595e-08,-0.0113448
4.193595e-08,-0.00736279
4.198595e-08,-0.00934009
4.203595e-08,-0.0165902
4.208595e-08,-0.0241423
4.213595e-08,-0.0253781
4.218595e-08,-0.0212313
4.223595e-08,-0.0192265
4.228595e-08,-0.0210116
4.233595e-08,-0.0301291
4.238595e-08,-0.0428991
4.243595e-08,-0.0496823
4.248595e-08,-0.0463594
4.253595e-08,-0.0352371
4.258595e-08,-0.025131
4.263595e-08,-0.0156839
4.268595e-08,-0.00939501
4.273595e-08,-0.00601714
4.278595e-08,-0.000277498
4.283595e-08,-0.00414969
4.288595e-08,-0.0168373
4.293595e-08,-0.0263942
4.298595e-08,-0.0284814
4.303595e-08,-0.0268611
4.308595e-08,-0.0290581
4.313595e-08,-0.0212313
4.318595e-08,-0.00615445
4.323595e-08,-0.00483625
4.328595e-08,-0.00596221
4.333595e-08,-0.00461655
4.338595e-08,-0.0138165
4.343595e-08,-0.0239501
4.348595e-08,-0.022577
4.353595e-08,-0.0179084
4.358595e-08,-0.0157937
4.363595e-08,-0.00917531
4.368595e-08,-0.00167808
4.373595e-08,0.00139771
4.378595e-08,0.00175472
4.383595e-08,-0.0049461
4.388595e-08,-0.00846129
4.393595e-08,-0.00826905
4.398595e-08,-0.0206271
4.403595e-08,-0.0299918
4.408595e-08,-0.0216982
4.413595e-08,-0.0119765
4.418595e-08,-0.0125257
4.423595e-08,-0.0193089
4.428595e-08,-0.0238128
4.433595e-08,-0.0182104
4.438595e-08,-0.00766488
4.443595e-08,-0.00620937
4.448595e-08,-0.010109
4.453595e-08,-0.0118941
4.458595e-08,-0.0142559
4.463595e-08,-0.0157937
4.468595e-08,-0.0136242
4.473595e-08,-0.00747264
4.478595e-08,-0.00340821
4.483595e-08,-0.00420462
4.488595e-08,-0.00618191
4.493595e-08,-0.0121138
4.498595e-08,-0.0184027
4.503595e-08,-0.0167549
4.508595e-08,-0.011235
4.513595e-08,-0.00645653
4.518595e-08,-0.00299627
4.523595e-08,0.00115055
4.528595e-08,0.00903225
4.533595e-08,0.0119707
4.538595e-08,0.00477558
4.543595e-08,-0.00587982
4.548595e-08,-0.0176887
4.553595e-08,-0.0256802
4.558595e-08,-0.0252683
4.563595e-08,-0.0213961
4.568595e-08,-0.0144481
4.573595e-08,-0.00266673
4.578595e-08,0.00947165
4.583595e-08,0.0145247
4.588595e-08,0.0087027
4.593595e-08,0.000244288
4.598595e-08,-0.000387347
4.603595e-08,0.00106816
4.608595e-08,-0.0056052
4.613595e-08,-0.0159036
4.618595e-08,-0.0230164
4.623595e-08,-0.0277673
4.628595e-08,-0.0271632
4.633595e-08,-0.0193913
4.638595e-08,-0.010521
4.643595e-08,-0.00332582
4.648595e-08,-0.00711563
4.653595e-08,-0.0188421
4.658595e-08,-0.012663
4.663595e-08,-0.00593475
4.668595e-08,-0.0240874
4.673595e-08,-0.0350174
4.678595e-08,-0.0206546
4.683595e-08,-0.00684101
4.688595e-08,-0.00338075
4.693595e-08,0.0022765
4.698595e-08,0.00765913
4.703595e-08,0.00216665
4.708595e-08,-0.00376522
4.713595e-08,-0.00187032
4.718595e-08,-0.00522073
4.723595e-08,-0.018128
4.728595e-08,-0.0268886
4.733595e-08,-0.0210391
4.738595e-08,-0.010878
4.743595e-08,-0.0146678
4.748595e-08,-0.0224122
4.753595e-08,-0.0172218
4.758595e-08,-0.00777473
4.763595e-08,-0.001733
4.768595e-08,-0.00200763
4.773595e-08,-0.0106034
4.778595e-08,-0.0151621
4.783595e-08,-0.0138714
4.788595e-08,-0.0164803
4.793595e-08,-0.0169746
4.798595e-08,-0.0103013
4.803595e-08,-0.00461655
4.808595e-08,0.000903385
4.813595e-08,0.00878509
4.818595e-08,0.00941673
4.823595e-08,0.00496782
4.828595e-08,0.00222158
4.833595e-08,-0.00571505
4.838595e-08,-0.0138439
4.843595e-08,-0.00818667
4.848595e-08,0.00301799
4.853595e-08,0.00623109
4.858595e-08,0.00916956
4.863595e-08,0.0157056
4.868595e-08,0.0200996
4.873595e-08,0.0225437
4.878595e-08,0.0226811
4.883595e-08,0.0237796
4.888595e-08,0.0215551
4.893595e-08,0.00730212
4.898595e-08,-0.00447924
4.903595e-08,0.00084846
4.908595e-08,0.0095815
4.913595e-08,0.0065881
4.918595e-08,0.00345739
4.923595e-08,0.00463827
4.928595e-08,-0.0037103
4.933595e-08,-0.011949
4.938595e-08,-0.0067037
4.943595e-08,0.00156248
4.948595e-08,0.00312784
4.953595e-08,0.00285321
4.958595e-08,0.00419887
4.963595e-08,-0.00382015
4.968595e-08,-0.0205173
4.973595e-08,-0.028399
4.978595e-08,-0.025845
4.983595e-08,-0.0223023
4.988595e-08,-0.0149424
4.993595e-08,-0.000744358
4.998595e-08,0.0101582
5.003595e-08,0.0118334
5.008595e-08,0.00669795
5.013595e-08,-0.000661971
5.018595e-08,-0.00546789
5.023595e-08,-0.0156015
5.028595e-08,-0.0304312
5.033595e-08,-0.0345506
5.038595e-08,-0.0290581
5.043595e-08,-0.020325
5.048595e-08,-0.012306
5.053595e-08,-0.00686847
5.058595e-08,0.000299213
5.063595e-08,0.00375947
5.068595e-08,0.00172726
5.073595e-08,0.00321023
5.078595e-08,0.0038144
5.083595e-08,-0.00219986
5.088595e-08,-0.00461655
5.093595e-08,-0.00467148
5.098595e-08,-0.00533058
5.103595e-08,0.000189363
5.108595e-08,-0.00101898
5.113595e-08,-0.0121412
5.118595e-08,-0.0161233
5.123595e-08,-0.0100816
5.128595e-08,-0.00176047
5.133595e-08,-0.00500103
5.138595e-08,-0.0176887
5.143595e-08,-0.014915
5.148595e-08,0.00422633
5.153595e-08,0.020182
5.158595e-08,0.0269377
5.163595e-08,0.0264709
5.168595e-08,0.0230106
5.173595e-08,0.0206763
5.178595e-08,0.0151014
5.183595e-08,0.000985772
5.188595e-08,-0.00983441
5.193595e-08,-0.00642907
5.198595e-08,-0.0047264
5.203595e-08,-0.0107681
5.208595e-08,-0.0121138
5.213595e-08,-0.0145305
5.218595e-08,-0.0143932
5.223595e-08,-0.00442432
5.228595e-08,-0.001733
5.233595e-08,-0.00302374
5.238595e-08,-0.00307866
5.243595e-08,-0.0105759
5.248595e-08,-0.0126081
5.253595e-08,-0.0094774
5.258595e-08,-0.00977948
5.263595e-08,-0.00563266
5.268595e-08,-0.000964057
5.273595e-08,0.00312784
5.278595e-08,0.0127122
5.283595e-08,0.0189462
5.288595e-08,0.0167766
5.293595e-08,0.0137558
5.298595e-08,0.0118334
5.303595e-08,0.0104054
5.308595e-08,0.0117785
5.313595e-08,0.0117785
5.318595e-08,0.00985612
5.323595e-08,0.00804361
5.328595e-08,-0.000277498
5.333595e-08,-0.006484
5.338595e-08,0.00134278
5.343595e-08,0.00812599
5.348595e-08,0.00617616
5.353595e-08,0.00732958
5.358595e-08,0.0113666
5.363595e-08,0.0108173
5.368595e-08,0.00903225
5.373595e-08,0.00809853
5.378595e-08,0.00710988
5.383595e-08,0.0087027
5.388595e-08,0.00807107
5.393595e-08,0.00348485
5.398595e-08,0.00384186
5.403595e-08,0.00639586
5.408595e-08,0.00518752
5.413595e-08,0.00686272
5.418595e-08,0.0100209
5.423595e-08,0.00903225
5.428595e-08,0.0105976
5.433595e-08,0.014305
5.438595e-08,0.0127397
5.443595e-08,0.0133164
5.448595e-08,0.0199348
5.453595e-08,0.0188912
5.458595e-08,0.0119158
5.463595e-08,0.0121355
5.468595e-08,0.0143874
5.473595e-08,0.0127946
5.478595e-08,0.00960896
5.483595e-08,0.00516006
5.488595e-08,0.000738611
5.493595e-08,0.0027159
5.498595e-08,0.0123552
5.503595e-08,0.0160901
5.508595e-08,0.0139206
5.513595e-08,0.0185342
5.518595e-08,0.0202644
5.523595e-08,0.0101582
5.528595e-08,-0.00642907
5.533595e-08,-0.0220826
5.538595e-08,-0.023648
5.543595e-08,-0.0120863
5.548595e-08,-0.00209002
5.553595e-08,0.00266098
5.558595e-08,0.00804361
5.563595e-08,0.0155683
5.568595e-08,0.020539
5.573595e-08,0.0215551
5.578595e-08,0.0239443
5.583595e-08,0.026004
5.588595e-08,0.020182
5.593595e-08,0.0153761
5.598595e-08,0.0136459
5.603595e-08,0.00647825
5.608595e-08,0.00499528
5.613595e-08,0.00829077
5.618595e-08,0.00213919
5.623595e-08,-0.00206255
5.628595e-08,0.00362216
5.633595e-08,0.00812599
5.638595e-08,0.0136459
5.643595e-08,0.0227085
5.648595e-08,0.0284207
5.653595e-08,0.0319084
5.658595e-08,0.0270201
5.663595e-08,0.00947165
5.668595e-08,-0.00274911
5.673595e-08,-0.000277498
5.678595e-08,0.00804361
5.683595e-08,0.0112018
5.688595e-08,0.00483051
5.693595e-08,0.00441857
5.698595e-08,0.0148817
5.703595e-08,0.0207862
5.708595e-08,0.0190835
5.713595e-08,0.0122179
5.718595e-08,0.00941673
5.723595e-08,0.0129868
5.728595e-08,0.0101033
5.733595e-08,0.0027159
5.738595e-08,-0.00508342
5.743595e-08,-0.0110153
5.748595e-08,-0.0103837
5.753595e-08,-0.00568759
5.758595e-08,-0.00302374
5.763595e-08,-0.00653892
5.768595e-08,-0.0056052
5.773595e-08,0.0031553
5.778595e-08,0.0105976
5.783595e-08,0.0132065
5.788595e-08,0.00603885
5.793595e-08,-0.00544043
5.798595e-08,-0.0116744
5.803595e-08,-0.0116195
5.808595e-08,-0.00489118
5.813595e-08,0.00285321
5.818595e-08,0.00793376
5.823595e-08,0.0129319
5.828595e-08,0.0165295
5.833595e-08,0.0193306
5.838595e-08,0.0198524
5.843595e-08,0.0177104
5.848595e-08,0.0159253
5.853595e-08,0.0105701
5.858595e-08,0.00266098
5.863595e-08,-0.00258434
5.868595e-08,-0.000332422
5.873595e-08,0.00801614
5.878595e-08,0.0113666
5.883595e-08,0.0129319
5.888595e-08,0.0154035
5.893595e-08,0.00977374
5.898595e-08,-0.00222733
5.903595e-08,-0.0114272
5.908595e-08,-0.0109878
5.913595e-08,-0.00456163
5.918595e-08,0.00419887
5.923595e-08,0.0161999
5.928595e-08,0.0207312
5.933595e-08,0.0183145
5.938595e-08,0.0226811
5.943595e-08,0.0230381
5.948595e-08,0.0112292
5.953595e-08,0.00375947
5.958595e-08,0.00312784
5.963595e-08,0.00279829
5.968595e-08,0.0024962
5.973595e-08,0.00241382
5.978595e-08,0.0054896
5.983595e-08,0.00513259
5.988595e-08,-0.00137599
5.993595e-08,-0.00434193
5.998595e-08,-0.00519326
6.003595e-08,-0.0102463
6.008595e-08,-0.0154642
6.013595e-08,-0.0107132
6.018595e-08,0.00419887
6.023595e-08,0.016859
6.028595e-08,0.0185892
6.033595e-08,0.0115313
6.038595e-08,0.00507767
6.043595e-08,0.00603885
6.048595e-08,0.0107075
6.053595e-08,0.0111743
6.058595e-08,0.00911464
6.063595e-08,0.00881255
6.068595e-08,0.00579169
6.073595e-08,0.00364962
6.078595e-08,0.0116961
6.083595e-08,0.014662
6.088595e-08,0.00782391
6.093595e-08,0.00930688
6.098595e-08,0.00620363
6.103595e-08,-0.00360045
6.108595e-08,0.00266098
6.113595e-08,0.0151564
6.118595e-08,0.0203193
6.123595e-08,0.0264709
6.128595e-08,0.0340505
6.133595e-08,0.0340779
6.138595e-08,0.0304255
6.143595e-08,0.0261688
6.148595e-08,0.0188638
6.153595e-08,0.0182871
6.158595e-08,0.0191109
6.163595e-08,0.00776898
6.168595e-08,-0.0037103
6.173595e-08,-0.00656638
6.178595e-08,-0.00706071
6.183595e-08,-0.00917531
6.188595e-08,-0.0158487
6.193595e-08,-0.0197758
6.198595e-08,-0.00994426
6.203595e-08,0.00430872
6.208595e-08,0.00785137
6.213595e-08,0.00573677
6.218595e-08,0.00205681
6.223595e-08,-0.00618191
6.228595e-08,-0.00848875
6.233595e-08,-0.00571505
6.238595e-08,-0.00884576
6.243595e-08,-0.0145854
6.248595e-08,-0.0153818
6.253595e-08,-0.00673116
6.258595e-08,0.00205681
6.263595e-08,0.000738611
6.268595e-08,-0.00214494
6.273595e-08,-0.00137599
6.278595e-08,0.00128786
6.283595e-08,0.00474812
6.288595e-08,0.00754928
6.293595e-08,0.0131516
6.298595e-08,0.017216
6.303595e-08,0.020182
6.308595e-08,0.0307275
6.313595e-08,0.0375657
6.318595e-08,0.0368517
6.323595e-08,0.0390212
6.328595e-08,0.0395704
6.333595e-08,0.0342153
6.338595e-08,0.0265807
6.343595e-08,0.018342
6.348595e-08,0.0125474
6.353595e-08,0.0101033
6.358595e-08,0.00466573
6.363595e-08,-0.000607046
6.368595e-08,-0.00324344
6.373595e-08,-0.0129926
6.378595e-08,-0.0181006
6.383595e-08,-0.00766488
6.388595e-08,0.000573836
6.393595e-08,0.00128786
6.398595e-08,0.00178218
6.403595e-08,-0.00252941
6.408595e-08,-0.0118117
6.413595e-08,-0.0186773
6.418595e-08,-0.0117293
6.423595e-08,0.00428126
6.428595e-08,0.00290814
6.433595e-08,-0.00678608
6.438595e-08,-0.00189778
6.443595e-08,0.00623109
6.448595e-08,0.0104878
6.453595e-08,0.0129044
6.458595e-08,0.0115863
6.463595e-08,0.00705496
6.468595e-08,0.00139771
6.473595e-08,0.000573836
6.478595e-08,-0.00291389
6.483595e-08,-0.0129102
6.488595e-08,-0.00733533
6.493595e-08,0.0137283
6.498595e-08,0.0210882
6.503595e-08,0.0138656
6.508595e-08,0.0111743
6.513595e-08,0.0130692
6.518595e-08,0.0112842
6.523595e-08,0.00419887
6.528595e-08,-0.0032709
6.533595e-08,-0.00906546
6.538595e-08,-0.00936755
6.543595e-08,0.00128786
6.548595e-08,0.00675287
6.553595e-08,0.00488543
6.558595e-08,0.0115588
6.563595e-08,0.0153211
6.568595e-08,0.0133164
6.573595e-08,0.0175456
6.578595e-08,0.0228184
6.583595e-08,0.0241091
6.588595e-08,0.0165295
6.593595e-08,0.00439111
6.598595e-08,0.00084846
6.603595e-08,-0.00219986
6.608595e-08,-0.0109878
6.613595e-08,-0.013789
6.618595e-08,-0.00807682
6.623595e-08,-0.00236464
6.628595e-08,0.00353977
6.633595e-08,0.0102681
6.638595e-08,0.01068
6.643595e-08,0.0137832
6.648595e-08,0.0223515
6.653595e-08,0.0205939
6.658595e-08,0.016502
6.663595e-08,0.0235324
6.668595e-08,0.0319908
6.673595e-08,0.0330618
6.678595e-08,0.0258392
6.683595e-08,0.0174357
6.688595e-08,0.015788
6.693595e-08,0.0150191
6.698595e-08,0.00889494
6.703595e-08,0.00738451
6.708595e-08,0.0151014
6.713595e-08,0.0186715
6.718595e-08,0.0214178
6.723595e-08,0.0308648
6.728595e-08,0.0348469
6.733595e-08,0.0332815
6.738595e-08,0.0341054
6.743595e-08,0.0342153
6.748595e-08,0.0319084
6.753595e-08,0.0272673
6.758595e-08,0.0229008
6.763595e-08,0.0221318
6.768595e-08,0.021253
6.773595e-08,0.020182
6.778595e-08,0.0186166
6.783595e-08,0.0106251
6.788595e-08,0.00084846
6.793595e-08,-0.00088167
6.798595e-08,0.00235889
6.803595e-08,0.00112308
6.808595e-08,-0.00162315
6.813595e-08,0.0057093
6.818595e-08,0.0197151
6.823595e-08,0.0229831
6.828595e-08,0.0146346
6.833595e-08,0.0128495
6.838595e-08,0.0228184
6.843595e-08,0.0310022
6.848595e-08,0.0265258
6.853595e-08,0.0168041
6.858595e-08,0.0109272
6.863595e-08,0.00647825
6.868595e-08,0.00576423
6.873595e-08,0.00345739
6.878595e-08,-0.0034906
6.883595e-08,0.000244288
6.888595e-08,0.0110095
6.893595e-08,0.0133988
6.898595e-08,0.0107349
6.903595e-08,0.0138107
6.908595e-08,0.0164471
6.913595e-08,0.00576423
6.918595e-08,-0.00299627
6.923595e-08,-0.00162315
6.928595e-08,-0.0051658
6.933595e-08,-0.00898307
6.938595e-08,-0.00519326
6.943595e-08,0.00266098
6.948595e-08,0.00949911
6.953595e-08,0.0138382
6.958595e-08,0.0225163
6.963595e-08,0.0277891
6.968595e-08,0.0217473
6.973595e-08,0.0167766
6.978595e-08,0.0120531
6.983595e-08,0.00757675
6.988595e-08,0.0108448
6.993595e-08,0.00664302
6.998595e-08,-0.00296881
7.003595e-08,0.00329261
7.008595e-08,0.0148268
7.013595e-08,0.0148268
7.018595e-08,0.0158429
7.023595e-08,0.0199074
7.028595e-08,0.0161175
7.033595e-08,0.014717
7.038595e-08,0.0191659
7.043595e-08,0.0230381
7.048595e-08,0.022379
7.053595e-08,0.0177378
7.058595e-08,0.0195503
7.063595e-08,0.0229557
7.068595e-08,0.0184244
7.073595e-08,0.0115039
7.078595e-08,0.00474812
7.083595e-08,0.00084846
7.088595e-08,0.00543468
7.093595e-08,0.0100484
7.098595e-08,0.00768659
7.103595e-08,0.00620363
7.108595e-08,0.00579169
7.113595e-08,0.000930848
7.118595e-08,-0.00184285
7.123595e-08,-0.0021724
7.128595e-08,-0.00629176
7.133595e-08,-0.00447924
7.138595e-08,0.00238635
7.143595e-08,0.0022765
7.148595e-08,0.00321023
7.153595e-08,0.00518752
7.158595e-08,-0.00365537
7.163595e-08,-0.0139538
7.168595e-08,-0.0128003
7.173595e-08,-0.00513834
7.178595e-08,-0.00285896
7.183595e-08,-0.00807682
7.188595e-08,-0.00934009
7.193595e-08,-0.00291389
7.198595e-08,0.00732958
7.203595e-08,0.016145
7.208595e-08,0.0137009
7.213595e-08,0.00796122
7.218595e-08,0.00716481
7.223595e-08,0.00230397
7.228595e-08,0.000985772
7.233595e-08,0.0065881
7.238595e-08,0.00386932
7.243595e-08,-0.00549535
7.248595e-08,-0.0140362
7.253595e-08,-0.0173866
7.258595e-08,-0.012306
7.263595e-08,-0.00511088
7.268595e-08,0.00164487
7.273595e-08,0.0065881
7.278595e-08,0.00732958
7.283595e-08,0.00650571
7.288595e-08,0.00793376
7.293595e-08,0.0151014
7.298595e-08,0.0200721
7.303595e-08,0.0162823
7.308595e-08,0.00881255
7.313595e-08,0.000793536
7.318595e-08,-0.00272165
7.323595e-08,0.00189203
7.328595e-08,0.00884002
7.333595e-08,0.0139206
7.338595e-08,0.0229282
7.343595e-08,0.0351764
7.348595e-08,0.0433053
7.353595e-08,0.0454474
7.358595e-08,0.0399
7.363595e-08,0.0292995
7.368595e-08,0.0203742
7.373595e-08,0.0130143
7.378595e-08,0.00329261
7.383595e-08,-0.00612699
7.388595e-08,-0.0092577
7.393595e-08,-0.00722548
7.398595e-08,-0.0056052
7.403595e-08,-0.00252941
7.408595e-08,0.00675287
7.413595e-08,0.0156781
7.418595e-08,0.0171337
7.423595e-08,0.0172984
7.428595e-08,0.021253
7.433595e-08,0.0262512
7.438595e-08,0.0277891
7.443595e-08,0.0199897
7.448595e-08,0.00971881
7.453595e-08,0.00524244
7.458595e-08,-0.00225479
7.463595e-08,-0.00953232
7.468595e-08,-0.00931262
7.473595e-08,-0.0117019
7.478595e-08,-0.0165078
7.483595e-08,-0.014915
7.488595e-08,-0.00961471
7.493595e-08,-0.00299627
7.498595e-08,0.00675287
7.503595e-08,0.0146071
7.508595e-08,0.0188638
7.513595e-08,0.0256745
7.518595e-08,0.0304255
7.523595e-08,0.0282834
7.528595e-08,0.0249055
7.533595e-08,0.0216924
7.538595e-08,0.0224614
7.543595e-08,0.0266631
7.548595e-08,0.0204017
7.553595e-08,0.00474812
7.558595e-08,-0.00414969
7.563595e-08,-0.000607046
7.568595e-08,0.0010407
7.573595e-08,-0.00571505
7.578595e-08,-0.000909132
7.583595e-08,0.0142501
7.588595e-08,0.0171062
7.593595e-08,0.0163098
7.598595e-08,0.0235324
7.603595e-08,0.0294093
7.608595e-08,0.0339681
7.613595e-08,0.0364672
7.618595e-08,0.0314965
7.623595e-08,0.0216924
7.628595e-08,0.0157056
7.633595e-08,0.017216
7.638595e-08,0.0137283
7.643595e-08,0.00590154
7.648595e-08,0.00787883
7.653595e-08,0.0150465
7.658595e-08,0.0175731
7.663595e-08,0.0157331
7.668595e-08,0.0133713
7.673595e-08,0.0102406
7.678595e-08,0.00842808
7.683595e-08,0.0125474
7.688595e-08,0.0184793
7.693595e-08,0.0191933
7.698595e-08,0.0116137
7.703595e-08,0.00288068
7.708595e-08,-0.000414809
7.713595e-08,0.000244288
7.718595e-08,0.00612124
7.723595e-08,0.00683526
7.728595e-08,-0.00368283
7.733595e-08,-0.0123609
7.738595e-08,-0.0102738
7.743595e-08,-0.000579584
7.748595e-08,0.0104603
7.753595e-08,0.0220494
7.758595e-08,0.0265807
7.763595e-08,0.022379
7.768595e-08,0.0175731
7.773595e-08,0.0131516
7.778595e-08,0.0163372
7.783595e-08,0.0210059
7.788595e-08,0.0127122
7.793595e-08,0.00543468
7.798595e-08,0.00765913
7.803595e-08,0.008483
7.808595e-08,0.00524244
7.813595e-08,-0.00280404
7.818595e-08,-0.0121138
7.823595e-08,-0.0157937
7.828595e-08,-0.0151621
7.833595e-08,-0.0112075
7.838595e-08,-0.00681355
7.843595e-08,0.000601299
7.848595e-08,0.0144973
7.853595e-08,0.0228184
7.858595e-08,0.023807
7.863595e-08,0.0238345
7.868595e-08,0.0224339
7.873595e-08,0.0243837
7.878595e-08,0.0257568
7.883595e-08,0.0183695
7.888595e-08,0.0100209
7.893595e-08,0.00757675
7.898595e-08,0.00886748
7.903595e-08,0.0068078
7.908595e-08,-0.00324344
7.913595e-08,-0.00873591
7.918595e-08,-0.00181539
7.923595e-08,0.00172726
7.928595e-08,-0.00236464
7.933595e-08,0.00109562
7.938595e-08,0.00483051
7.943595e-08,0.00219412
7.948595e-08,0.00944419
7.953595e-08,0.0180399
7.958595e-08,0.0178202
7.963595e-08,0.0249055
7.968595e-08,0.0340779
7.973595e-08,0.0301783
7.978595e-08,0.0257294
7.983595e-08,0.0261413
7.988595e-08,0.0200447
7.993595e-08,0.0123277
7.998595e-08,0.0118609
8.003595e-08,0.012163
8.008595e-08,0.00653317
8.013595e-08,0.00307291
8.018595e-08,0.00559945
8.023595e-08,0.00639586
8.028595e-08,0.00982866
8.033595e-08,0.0158429
8.038595e-08,0.0139206
8.043595e-08,0.00579169
8.048595e-08,0.00120547
8.053595e-08,0.00894986
8.058595e-08,0.0139755
8.063595e-08,0.00175472
8.068595e-08,-0.00620937
8.073595e-08,-0.00178793
8.078595e-08,0.00518752
8.083595e-08,0.0141403
8.088595e-08,0.0165569
8.093595e-08,0.0114215
8.098595e-08,0.00853793
8.103595e-08,0.00417141
8.108595e-08,-0.00458909
8.113595e-08,-0.0110153
8.118595e-08,-0.0113174
8.123595e-08,-0.00486372
8.128595e-08,0.00246874
8.133595e-08,0.00609378
8.138595e-08,0.0120806
8.143595e-08,0.0197426
8.148595e-08,0.0249879
8.153595e-08,0.0227634
8.158595e-08,0.0129044
8.163595e-08,0.0111743
8.168595e-08,0.0143325
8.173595e-08,0.00521498
8.178595e-08,-0.00313359
8.183595e-08,0.00161741
8.188595e-08,0.00197442
8.193595e-08,-0.00343567
8.198595e-08,-0.00346313
8.203595e-08,-0.00225479
8.208595e-08,-0.000607046
8.213595e-08,0.000683686
8.218595e-08,0.00356724
8.223595e-08,0.00776898
8.228595e-08,0.00439111
8.233595e-08,0.00397917
8.238595e-08,0.0146346
8.243595e-08,0.0213903
8.248595e-08,0.0231205
8.253595e-08,0.0291622
8.258595e-08,0.0334189
8.263595e-08,0.0326774
8.268595e-08,0.0307825
8.273595e-08,0.0222691
8.278595e-08,0.00397917
8.283595e-08,-0.0152994
8.288595e-08,-0.0252683
8.293595e-08,-0.0309804
8.298595e-08,-0.0369947
8.303595e-08,-0.0304037
8.308595e-08,-0.0148875
8.313595e-08,-0.00198017
8.318595e-08,0.0112018
8.323595e-08,0.0189736
8.328595e-08,0.0224064
8.333595e-08,0.0273222
8.338595e-08,0.0295741
8.343595e-08,0.0275968
8.348595e-08,0.0160352
8.353595e-08,0.00312784
8.358595e-08,0.00326515
8.363595e-08,0.00708242
8.368595e-08,0.00296306
8.373595e-08,-0.00181539
8.378595e-08,0.00142517
8.383595e-08,0.00628601
8.388595e-08,0.00969135
8.393595e-08,0.0135086
8.398595e-08,0.0112292
8.403595e-08,0.00342992
8.408595e-08,-0.000854208
8.413595e-08,-0.00338075
8.418595e-08,-0.00717056
8.423595e-08,-0.00450671
8.428595e-08,0.00507767
8.433595e-08,0.0135635
8.438595e-08,0.0202918
8.443595e-08,0.0262512
8.448595e-08,0.0210608
8.453595e-08,0.0114215
8.458595e-08,0.0168041
8.463595e-08,0.0167492
8.468595e-08,0.00189203
8.473595e-08,-0.00099152
8.478595e-08,0.0027159
8.483595e-08,-0.000250035
8.488595e-08,-0.00269419
8.493595e-08,-0.00368283
8.498595e-08,-0.00513834
8.503595e-08,-0.00467148
8.508595e-08,0.00164487
8.513595e-08,0.00719227
8.518595e-08,0.0105701
8.523595e-08,0.0166393
8.528595e-08,0.0133164
8.533595e-08,-0.00129361
8.538595e-08,-0.0111251
8.543595e-08,-0.00777473
8.548595e-08,-0.00379268
8.553595e-08,-0.00568759
8.558595e-08,0.00252367
8.563595e-08,0.0126024
8.568595e-08,0.0103779
8.573595e-08,0.00889494
8.578595e-08,0.0107624
8.583595e-08,0.0110095
8.588595e-08,0.0116412
8.593595e-08,0.00996597
8.598595e-08,0.0100484
8.603595e-08,0.0153211
8.608595e-08,0.0148817
8.613595e-08,0.00812599
8.618595e-08,0.0108448
8.623595e-08,0.0215826
8.628595e-08,0.0265533
8.633595e-08,0.0272947
8.638595e-08,0.0257019
8.643595e-08,0.0231754
8.648595e-08,0.0280637
8.653595e-08,0.0344075
8.658595e-08,0.0312219
8.663595e-08,0.0200996
8.668595e-08,0.0100484
8.673595e-08,0.00598393
8.678595e-08,0.00573677
8.683595e-08,0.0093618
8.688595e-08,0.0174083
8.693595e-08,0.0247957
8.698595e-08,0.024164
8.703595e-08,0.0222966
8.708595e-08,0.0274595
8.713595e-08,0.0232852
8.718595e-08,0.00732958
8.723595e-08,0.00153502
8.728595e-08,0.00353977
8.733595e-08,0.00406156
8.738595e-08,0.011751
8.743595e-08,0.0206763
8.748595e-08,0.0212805
8.753595e-08,0.017216
8.758595e-08,0.00798868
8.763595e-08,-0.00123868
8.768595e-08,-0.0023921
8.773595e-08,-0.00181539
8.778595e-08,-0.00664877
8.783595e-08,-0.0107132
8.788595e-08,-0.0114272
8.793595e-08,-0.010164
8.798595e-08,0.00348485
8.803595e-08,0.0207587
8.808595e-08,0.0226811
8.813595e-08,0.0277616
8.818595e-08,0.0437722
8.823595e-08,0.0427011
8.828595e-08,0.0250977
8.833595e-08,0.0162823
8.838595e-08,0.0154585
8.843595e-08,0.0101582
8.848595e-08,0.00790629
8.853595e-08,0.0184244
8.858595e-08,0.0328147
8.863595e-08,0.0368791
8.868595e-08,0.0304255
8.873595e-08,0.0291073
8.878595e-08,0.0314965
8.883595e-08,0.0185068
8.888595e-08,0.00801614
8.893595e-08,0.0168316
8.898595e-08,0.0161175
8.903595e-08,0.00587408
8.908595e-08,0.00878509
8.913595e-08,0.0144423
8.918595e-08,0.0193856
8.923595e-08,0.0297114
8.928595e-08,0.0361376
8.933595e-08,0.0355609
8.938595e-08,0.0317162
8.943595e-08,0.0273771
8.948595e-08,0.0254273
8.953595e-08,0.0249879
8.958595e-08,0.0244936
8.963595e-08,0.0247682
8.968595e-08,0.0250154
8.973595e-08,0.0230106
8.978595e-08,0.0238619
8.983595e-08,0.028201
8.988595e-08,0.0288876
8.993595e-08,0.0258667
8.998595e-08,0.0243563
9.003595e-08,0.0272124
9.008595e-08,0.0261139
9.013595e-08,0.0206488
9.018595e-08,0.0183145
9.023595e-08,0.0124925
9.028595e-08,0.00908718
9.033595e-08,0.0149092
9.038595e-08,0.0186441
9.043595e-08,0.0188638
9.048595e-08,0.0229557
9.053595e-08,0.0295467
9.058595e-08,0.0298213
9.063595e-08,0.0253998
9.068595e-08,0.0224339
9.073595e-08,0.0183969
9.078595e-08,0.0117236
9.083595e-08,0.00156248
9.088595e-08,-0.000964057
9.093595e-08,0.0106251
9.098595e-08,0.016859
9.103595e-08,0.0153486
9.108595e-08,0.0217748
9.113595e-08,0.0288052
9.118595e-08,0.0221318
9.123595e-08,0.0107898
9.128595e-08,0.00609378
9.133595e-08,0.00966389
9.138595e-08,0.0204291
9.143595e-08,0.0181223
9.148595e-08,0.00639586
9.153595e-08,0.0118334
9.158595e-08,0.0187265
9.163595e-08,0.0138656
9.168595e-08,0.0132065
9.173595e-08,0.0204291
9.178595e-08,0.0222142
9.183595e-08,0.0124376
9.188595e-08,0.00205681
9.193595e-08,-0.00414969
9.198595e-08,-0.0051658
9.203595e-08,-0.00107391
9.208595e-08,-0.000387347
9.213595e-08,-0.00277657
9.218595e-08,-0.00258434
9.223595e-08,-0.00313359
9.228595e-08,-0.00711563
9.233595e-08,-0.00502849
9.238595e-08,0.0070275
9.243595e-08,0.0162823
9.248595e-08,0.017271
9.253595e-08,0.0139206
9.258595e-08,0.0124376
9.263595e-08,0.0105976
9.268595e-08,-0.00214494
9.273595e-08,-0.0119765
9.278595e-08,-0.00576998
9.283595e-08,0.00444603
9.288595e-08,0.0104328
9.293595e-08,0.0132065
9.298595e-08,0.0225437
9.303595e-08,0.0317436
9.308595e-08,0.0202094
9.313595e-08,0.00485797
9.318595e-08,0.000216825
9.323595e-08,-0.00681355
9.328595e-08,-0.00884576
9.333595e-08,0.00246874
9.338595e-08,0.0115588
9.343595e-08,0.0112292
9.348595e-08,0.0124101
9.353595e-08,0.0210882
9.358595e-08,0.0282834
9.363595e-08,0.0198799
9.368595e-08,0.00197442
9.373595e-08,-0.00848875
9.378595e-08,-0.0133771
9.383595e-08,-0.0186773
9.388595e-08,-0.0213137
9.393595e-08,-0.017826
9.398595e-08,-0.0117568
9.403595e-08,-0.00780219
9.408595e-08,-0.00442432
9.413595e-08,0.00197442
9.418595e-08,0.0138931
9.423595e-08,0.0216924
9.428595e-08,0.0145797
9.433595e-08,0.00628601
9.438595e-08,0.00845554
9.443595e-08,0.0101307
9.448595e-08,0.00779644
9.453595e-08,0.00598393
9.458595e-08,0.00823584
9.463595e-08,0.0158978
9.468595e-08,0.0159528
9.473595e-08,0.00834569
9.478595e-08,0.00329261
9.483595e-08,-0.00162315
9.488595e-08,-0.00252941
9.493595e-08,0.00233143
9.498595e-08,0.00763167
9.503595e-08,0.0136734
9.508595e-08,0.0170787
9.513595e-08,0.0124925
9.518595e-08,0.00708242
9.523595e-08,0.00864778
9.528595e-08,0.0129319
9.533595e-08,0.0200721
9.538595e-08,0.0266906
9.543595e-08,0.0243563
9.548595e-08,0.0202369
9.553595e-08,0.0157056
9.558595e-08,0.00705496
9.563595e-08,0.00211173
9.568595e-08,-0.00214494
9.573595e-08,-0.0121962
9.578595e-08,-0.0251035
9.583595e-08,-0.0312276
9.588595e-08,-0.0225495
9.593595e-08,-0.00810428
9.598595e-08,0.000820998
9.603595e-08,0.00241382
9.608595e-08,0.00752182
9.613595e-08,0.0200996
9.618595e-08,0.0261688
9.623595e-08,0.0239169
9.628595e-08,0.0189736
9.633595e-08,0.013948
9.638595e-08,0.0115313
9.643595e-08,0.00960896
9.648595e-08,0.00925195
9.653595e-08,0.0118883
9.658595e-08,0.014305
9.663595e-08,0.0180674
9.668595e-08,0.024933
9.673595e-08,0.027487
9.678595e-08,0.0231479
9.683595e-08,0.0158429
9.688595e-08,0.00732958
9.693595e-08,0.00414395
9.698595e-08,0.0105976
9.703595e-08,0.0189187
9.708595e-08,0.0182596
9.713595e-08,0.0107349
9.718595e-08,0.00117801
9.723595e-08,-0.0081592
9.728595e-08,-0.00870845
9.733595e-08,-0.00335328
9.738595e-08,-0.000112723
9.743595e-08,-0.000607046
9.748595e-08,-0.00252941
9.753595e-08,0.0012604
9.758595e-08,0.00793376
9.763595e-08,0.0113666
9.768595e-08,0.0109272
9.773595e-08,0.00938926
9.778595e-08,0.0141677
9.783595e-08,0.0196602
9.788595e-08,0.01436
9.793595e-08,0.00933434
9.798595e-08,0.0180399
9.803595e-08,0.0261139
9.808595e-08,0.015431
9.813595e-08,0.0010407
9.818595e-08,5.20511e-05
9.823595e-08,-0.00274911
9.828595e-08,-0.00955978
9.833595e-08,-5.77984e-05
9.838595e-08,0.014305
9.843595e-08,0.0110645
9.848595e-08,0.00334754
9.853595e-08,0.00299053
9.858595e-08,0.00444603
9.863595e-08,0.00716481
9.868595e-08,0.0145247
9.873595e-08,0.0210059
9.878595e-08,0.0123827
9.883595e-08,-0.00211748
9.888595e-08,-0.00541296
9.893595e-08,-0.00607206
9.898595e-08,-0.00782965
9.903595e-08,-0.000414809
9.908595e-08,0.0065881
9.913595e-08,-0.00019511
9.918595e-08,-0.00966963
9.923595e-08,-0.0132397
9.928595e-08,-0.0138714
9.933595e-08,-0.0148875
9.938595e-08,-0.0175239
9.943595e-08,-0.0151346
9.948595e-08,-0.00631922
9.953595e-08,0.00238635
9.958595e-08,0.00776898
9.963595e-08,0.0167766
9.968595e-08,0.031112
9.973595e-08,0.0374833
9.978595e-08,0.0331168
9.983595e-08,0.0278714
9.988595e-08,0.0279264
9.993595e-08,0.0294643
9.998595e-08,0.0239993
1.00036e-07,0.0107624
1.00086e-07,0.00178218
1.00136e-07,0.00771406
1.00186e-07,0.0113666
1.00236e-07,0.00158994
1.00286e-07,-0.00382015
1.00336e-07,-0.00318851
1.00386e-07,-0.00530311
1.00436e-07,-0.0115371
1.00486e-07,-0.017771
1.00536e-07,-0.00802189
1.00586e-07,0.0128221
1.00636e-07,0.0203193
1.00686e-07,0.0169414
1.00736e-07,0.0160901
1.00786e-07,0.0183969
1.00836e-07,0.0214178
1.00886e-07,0.0177104
1.00936e-07,0.00894986
1.00986e-07,0.00897733
1.01036e-07,0.0111194
1.01086e-07,0.00546214
1.01136e-07,0.0052699
1.01186e-07,0.008483
1.01236e-07,0.00277083
1.01286e-07,-0.00154077
1.01336e-07,0.00172726
1.01386e-07,0.00859285
1.01436e-07,0.0182322
1.01486e-07,0.0239443
1.01536e-07,0.0247407
1.01586e-07,0.0284207
1.01636e-07,0.0283383
1.01686e-07,0.0200721
1.01736e-07,0.0163922
1.01786e-07,0.0182322
1.01836e-07,0.0160077
1.01886e-07,0.0153761
1.01936e-07,0.0216924
1.01986e-07,0.022379
1.02036e-07,0.0197426
1.02086e-07,0.0254548
1.02136e-07,0.0286129
1.02186e-07,0.0268004
1.02236e-07,0.0235324
1.02286e-07,0.00881255
1.02336e-07,-0.00557774
1.02386e-07,-0.00546789
1.02436e-07,-0.00192524
1.02486e-07,0.00178218
1.02536e-07,0.00463827
1.02586e-07,0.00488543
1.02636e-07,0.0093618
1.02686e-07,0.0152113
1.02736e-07,0.0137283
1.02786e-07,0.00639586
1.02836e-07,0.00798868
1.02886e-07,0.0156507
1.02936e-07,0.0126024
1.02986e-07,0.0072472
1.03036e-07,0.00224904
1.03086e-07,-0.00999918
1.03136e-07,-0.0150248
1.03186e-07,-0.010109
1.03236e-07,-0.00975202
1.03286e-07,-0.00700578
1.03336e-07,0.00829077
1.03386e-07,0.0185342
1.03436e-07,0.0127671
1.03486e-07,0.00798868
1.03536e-07,0.00798868
1.03586e-07,0.00623109
1.03636e-07,0.00763167
1.03686e-07,0.00732958
1.03736e-07,0.00694511
1.03786e-07,0.0214727
1.03836e-07,0.0361926
1.03886e-07,0.0316338
1.03936e-07,0.0233951
1.03986e-07,0.0223515
1.04036e-07,0.0205115
1.04086e-07,0.0110095
1.04136e-07,-0.00739026
1.04186e-07,-0.014503
1.04236e-07,0.00301799
1.04286e-07,0.0180674
1.04336e-07,0.0178751
1.04386e-07,0.0216924
1.04436e-07,0.0304529
1.04486e-07,0.0305353
1.04536e-07,0.020896
1.04586e-07,0.011751
1.04636e-07,0.00417141
1.04686e-07,-0.00527565
1.04736e-07,-0.00566013
1.04786e-07,0.00222158
1.04836e-07,0.0010407
1.04886e-07,-0.00178793
1.04936e-07,0.00559945
1.04986e-07,0.00579169
1.05036e-07,-0.00126614
1.05086e-07,0.00296306
1.05136e-07,0.0114215
1.05186e-07,0.0105701
1.05236e-07,0.00257859
1.05286e-07,-0.0019527
1.05336e-07,0.000326675
1.05386e-07,0.000491449
1.05436e-07,-0.00395746
1.05486e-07,-0.00508342
1.05536e-07,-0.00181539
1.05586e-07,0.00524244
1.05636e-07,0.0150191
1.05686e-07,0.0212805
1.05736e-07,0.0230655
1.05786e-07,0.0184519
1.05836e-07,0.00949911
1.05886e-07,0.00653317
1.05936e-07,0.0114764
1.05986e-07,0.012108
1.06036e-07,0.00419887
1.06086e-07,0.00631348
1.06136e-07,0.0175456
1.06186e-07,0.0170513
1.06236e-07,0.00732958
1.06286e-07,0.00142517
1.06336e-07,0.00145263
1.06386e-07,0.0057093
1.06436e-07,0.00878509
1.06486e-07,0.00472066
1.06536e-07,0.000656224
1.06586e-07,0.00211173
1.06636e-07,0.00483051
1.06686e-07,0.00801614
1.06736e-07,0.00779644
1.06786e-07,0.0054896
1.06836e-07,0.00524244
1.06886e-07,0.00386932
1.06936e-07,0.00301799
1.06986e-07,0.000409062
1.07036e-07,-0.00382015
1.07086e-07,-0.00384761
1.07136e-07,0.000409062
1.07186e-07,0.0107898
1.07236e-07,0.0191933
1.07286e-07,0.0173808
1.07336e-07,0.0219945
1.07386e-07,0.036989
1.07436e-07,0.0399549
1.07486e-07,0.0286404
1.07536e-07,0.0182322
1.07586e-07,0.0164746
1.07636e-07,0.0185617
1.07686e-07,0.0102406
1.07736e-07,-0.00351806
1.07786e-07,-0.00417716
1.07836e-07,0.00620363
1.07886e-07,0.0119707
1.07936e-07,0.00886748
1.07986e-07,0.00919703
1.08036e-07,0.0171062
1.08086e-07,0.0197151
1.08136e-07,0.0167217
1.08186e-07,0.0191659
1.08236e-07,0.0265807
1.08286e-07,0.0327598
1.08336e-07,0.0336935
1.08386e-07,0.0264709
1.08436e-07,0.0167766
1.08486e-07,0.0136734
1.08536e-07,0.0168865
1.08586e-07,0.0185617
1.08636e-07,0.0153211
1.08686e-07,0.0106251
1.08736e-07,0.00960896
1.08786e-07,0.0175731
1.08836e-07,0.0235324
1.08886e-07,0.0171886
1.08936e-07,0.00625855
1.08986e-07,-0.00318851
1.09036e-07,-0.00579744
1.09086e-07,-0.001733
1.09136e-07,0.00422633
1.09186e-07,0.0100758
1.09236e-07,0.0120806
1.09286e-07,0.0106251
1.09336e-07,0.00595646
1.09386e-07,0.000820998
1.09436e-07,0.000930848
1.09486e-07,0.0012604
1.09536e-07,0.00167233
1.09586e-07,0.00831823
1.09636e-07,0.00982866
1.09686e-07,0.0010407
1.09736e-07,-0.00285896
1.09786e-07,-8.52608e-05
1.09836e-07,0.0042538
1.09886e-07,0.00809853
1.09936e-07,0.00938926
1.09986e-07,0.0180125
1.10036e-07,0.0269377
1.10086e-07,0.0208136
1.10136e-07,0.0124376
1.10186e-07,0.014305
1.10236e-07,0.0195229
1.10286e-07,0.0163372
1.10336e-07,0.00774152
1.10386e-07,0.00818092
1.10436e-07,0.0110645
1.10486e-07,0.00933434
1.10536e-07,0.0158429
1.10586e-07,0.025647
1.10636e-07,0.0233676
1.10686e-07,0.0163372
1.10736e-07,0.0155134
1.10786e-07,0.0159253
1.10836e-07,0.0173808
1.10886e-07,0.0218297
1.10936e-07,0.0189736
1.10986e-07,0.00807107
1.11036e-07,-0.00118376
1.11086e-07,-0.00104644
1.11136e-07,0.0105152
1.11186e-07,0.0164746
1.11236e-07,0.00205681
1.11286e-07,-0.0140911
1.11336e-07,-0.0124159
1.11386e-07,-0.000771821
1.11436e-07,0.00969135
1.11486e-07,0.0103504
1.11536e-07,0.00743943
1.11586e-07,0.0130692
1.11636e-07,0.0134262
1.11686e-07,0.00689019
1.11736e-07,0.00905971
1.11786e-07,0.0180399
1.11836e-07,0.0219945
1.11886e-07,0.0121904
1.11936e-07,0.00326515
1.11986e-07,0.0101033
1.12036e-07,0.0144973
1.12086e-07,0.0108448
1.12136e-07,0.0169963
1.12186e-07,0.0262512
1.12236e-07,0.0218297
1.12286e-07,0.0149641
1.12336e-07,0.0187265
1.12386e-07,0.0239443
1.12436e-07,0.0200447
1.12486e-07,0.00908718
1.12536e-07,-0.00019511
1.12586e-07,-0.00387507
1.12636e-07,-0.00409477
1.12686e-07,-0.0047264
1.12736e-07,-0.00653892
1.12786e-07,-0.0034906
1.12836e-07,0.003375
1.12886e-07,0.00796122
1.12936e-07,0.0126847
1.12986e-07,0.0130692
1.13036e-07,0.00716481
1.13086e-07,0.00763167
1.13136e-07,0.0116686
1.13186e-07,0.0138107
1.13236e-07,0.0181498
1.13286e-07,0.0169689
1.13336e-07,0.00562692
1.13386e-07,-0.00500103
1.13436e-07,-0.00736279
1.13486e-07,-0.0062643
1.13536e-07,-0.00431447
1.13586e-07,-0.00294135
1.13636e-07,-0.00590729
1.13686e-07,-0.0051658
1.13736e-07,7.95135e-05
1.13786e-07,0.0024962
1.13836e-07,0.00873017
1.13886e-07,0.0171611
1.13936e-07,0.0190286
1.13986e-07,0.019056
1.14036e-07,0.0163922
1.14086e-07,0.0082633
1.14136e-07,0.0031553
1.14186e-07,-0.00291389
1.14236e-07,-0.0153269
1.14286e-07,-0.0186224
1.14336e-07,-0.00848875
1.14386e-07,-0.00159569
1.14436e-07,0.000409062
1.14486e-07,0.00551707
1.14536e-07,0.00960896
1.14586e-07,0.0144698
1.14636e-07,0.0228458
1.14686e-07,0.0278989
1.14736e-07,0.0302607
1.14786e-07,0.032183
1.14836e-07,0.0307825
1.14886e-07,0.0233127
1.14936e-07,0.0131516
1.14986e-07,0.0115863
1.15036e-07,0.00999344
1.15086e-07,-0.00230971
1.15136e-07,-0.00428701
1.15186e-07,0.00472066
1.15236e-07,0.00370455
1.15286e-07,0.00263352
1.15336e-07,0.0100758
1.15386e-07,0.00743943
1.15436e-07,-0.00178793
1.15486e-07,0.00238635
1.15536e-07,0.0104603
1.15586e-07,0.0129594
1.15636e-07,0.016859
1.15686e-07,0.0164196
1.15736e-07,0.0106251
1.15786e-07,0.011751
1.15836e-07,0.0152937
1.15886e-07,0.012163
1.15936e-07,0.00675287
1.15986e-07,0.00620363
1.16036e-07,0.0144973
1.16086e-07,0.0230655
1.16136e-07,0.0233127
1.16186e-07,0.0192208
1.16236e-07,0.0173808
1.16286e-07,0.0193581
1.16336e-07,0.0227634
1.16386e-07,0.0263336
1.16436e-07,0.0261139
1.16486e-07,0.0227634
1.16536e-07,0.0226536
1.16586e-07,0.0231205
1.16636e-07,0.0188363
1.16686e-07,0.0152937
1.16736e-07,0.0163098
1.16786e-07,0.0138656
1.16836e-07,0.00856539
1.16886e-07,0.0111469
1.16936e-07,0.0181498
1.16986e-07,0.0213354
1.17036e-07,0.0254273
1.17086e-07,0.0272398
1.17136e-07,0.0251801
1.17186e-07,0.0316613
1.17236e-07,0.0382248
1.17286e-07,0.0365221
1.17336e-07,0.038774
1.17386e-07,0.0371263
1.17436e-07,0.01977
1.17486e-07,0.00502274
1.17536e-07,0.00741197
1.17586e-07,0.0113666
1.17636e-07,0.00367709
1.17686e-07,-0.00266673
1.17736e-07,0.000820998
1.17786e-07,0.0014801
1.17836e-07,-0.00689593
1.17886e-07,-0.0120863
1.17936e-07,-0.00717056
1.17986e-07,0.000601299
1.18036e-07,0.00529737
1.18086e-07,0.00260605
1.18136e-07,-0.00475387
1.18186e-07,-0.00250195
1.18236e-07,0.00716481
1.18286e-07,0.0113116
1.18336e-07,0.0133713
1.18386e-07,0.0193856
1.18436e-07,0.0226536
1.18486e-07,0.0162274
1.18536e-07,0.00612124
1.18586e-07,-0.00118376
1.18636e-07,-0.00631922
1.18686e-07,-0.00478133
1.18736e-07,0.00389679
1.18786e-07,0.00977374
1.18836e-07,0.00955404
1.18886e-07,0.00656064
1.18936e-07,0.00414395
1.18986e-07,-0.000277498
1.19036e-07,-0.00901054
1.19086e-07,-0.00912039
1.19136e-07,-0.000167648
1.19186e-07,0.00408902
1.19236e-07,0.00603885
1.19286e-07,0.00925195
1.19336e-07,0.0116961
1.19386e-07,0.016502
1.19436e-07,0.0210059
1.19486e-07,0.0217748
1.19536e-07,0.0211706
1.19586e-07,0.0219945
1.19636e-07,0.0289425
1.19686e-07,0.0342976
1.19736e-07,0.028558
1.19786e-07,0.0215551
1.19836e-07,0.0185068
1.19886e-07,0.016502
1.19936e-07,0.0178477
1.19986e-07,0.019056
1.20036e-07,0.016145
1.20086e-07,0.0124376
1.20136e-07,0.00765913
1.20186e-07,0.00650571
1.20236e-07,0.0192757
1.20286e-07,0.0344075
1.20336e-07,0.0352588
1.20386e-07,0.0299861
1.20436e-07,0.0242739
1.20486e-07,0.00982866
1.20536e-07,-0.0047264
1.20586e-07,-0.00788458
1.20636e-07,-0.00722548
1.20686e-07,-0.000634509
1.20736e-07,0.00897733
1.20786e-07,0.00754928
1.20836e-07,0.00782391
1.20886e-07,0.0131791
1.20936e-07,0.0137283
1.20986e-07,0.0177104
1.21036e-07,0.0143325
1.21086e-07,-0.00434193
1.21136e-07,-0.0118941
1.21186e-07,-0.00112883
1.21236e-07,0.00260605
1.21286e-07,-0.00596221
1.21336e-07,-0.00439686
1.21386e-07,0.0063684
1.21436e-07,0.00603885
1.21486e-07,0.000409062
1.21536e-07,0.00216665
1.21586e-07,0.00796122
1.21636e-07,0.0132889
1.21686e-07,0.0155683
1.21736e-07,0.0150191
1.21786e-07,0.0102955
1.21836e-07,0.00329261
1.21886e-07,0.00537975
1.21936e-07,0.0093618
1.21986e-07,0.00268844
1.22036e-07,-0.00508342
1.22086e-07,-0.00851621
1.22136e-07,-0.00417716
1.22186e-07,0.012163
1.22236e-07,0.0201545
1.22286e-07,0.0102681
1.22336e-07,0.00532483
1.22386e-07,0.00631348
1.22436e-07,-0.00145838
1.22486e-07,-0.00445178
1.22536e-07,0.00342992
1.22586e-07,0.00529737
1.22636e-07,0.00219412
1.22686e-07,0.00417141
1.22736e-07,0.00881255
1.22786e-07,0.015431
1.22836e-07,0.02713
1.22886e-07,0.0342976
1.22936e-07,0.028201
1.22986e-07,0.0262237
1.23036e-07,0.0335562
1.23086e-07,0.032595
1.23136e-07,0.0259216
1.23186e-07,0.0244661
1.23236e-07,0.031826
1.23286e-07,0.0425638
1.23336e-07,0.0423991
1.23386e-07,0.0334463
1.23436e-07,0.0278989
1.23486e-07,0.0253449
1.23536e-07,0.0224339
1.23586e-07,0.0230381
1.23636e-07,0.0278165
1.23686e-07,0.0296565
1.23736e-07,0.0256195
1.23786e-07,0.0233951
1.23836e-07,0.0238894
1.23886e-07,0.0196877
1.23936e-07,0.0152937
1.23986e-07,0.0122179
1.24036e-07,0.00342992
1.24086e-07,-0.00574251
1.24136e-07,-0.00854368
1.24186e-07,-0.00774727
1.24236e-07,-0.00357298
1.24286e-07,0.00296306
1.24336e-07,0.00414395
1.24386e-07,0.00027175
1.24436e-07,-8.52608e-05
1.24486e-07,0.00353977
1.24536e-07,0.00573677
1.24586e-07,0.00233143
1.24636e-07,-0.00225479
1.24686e-07,-0.00178793
1.24736e-07,-0.00500103
1.24786e-07,-0.00258434
1.24836e-07,0.0112292
1.24886e-07,0.00667049
1.24936e-07,-0.00522073
1.24986e-07,0.000161901
1.25036e-07,0.00362216
1.25086e-07,0.0027159
1.25136e-07,0.00581915
1.25186e-07,0.00793376
1.25236e-07,0.0136185
1.25286e-07,0.0182871
1.25336e-07,0.0156507
1.25386e-07,0.0146895
1.25436e-07,0.0144973
1.25486e-07,0.00969135
1.25536e-07,0.00128786
1.25586e-07,-0.0085986
1.25636e-07,-0.0147776
1.25686e-07,-0.0107407
1.25736e-07,0.00175472
1.25786e-07,0.00969135
1.25836e-07,0.011806
1.25886e-07,0.0183695
1.25936e-07,0.0229008
1.25986e-07,0.0189736
1.26036e-07,0.0169414
1.26086e-07,0.0180125
1.26136e-07,0.0177378
1.26186e-07,0.0203468
1.26236e-07,0.0221867
1.26286e-07,0.0108997
1.26336e-07,-0.00637415
1.26386e-07,-0.0112075
1.26436e-07,-0.0118666
1.26486e-07,-0.017771
1.26536e-07,-0.0160134
1.26586e-07,-0.00879084
1.26636e-07,-0.00802189
1.26686e-07,-0.009038
1.26736e-07,-0.0100816
1.26786e-07,-0.0129377
1.26836e-07,-0.010109
1.26886e-07,-0.001733
1.26936e-07,0.00158994
1.26986e-07,0.00222158
1.27036e-07,0.00845554
1.27086e-07,0.011751
1.27136e-07,0.00694511
1.27186e-07,0.00576423
1.27236e-07,0.0125474
1.27286e-07,0.0185892
1.27336e-07,0.0179301
1.27386e-07,0.0118334
1.27436e-07,0.00463827
1.27486e-07,0.00282575
1.27536e-07,0.00647825
1.27586e-07,0.00721973
1.27636e-07,0.00392425
1.27686e-07,0.0022765
1.27736e-07,0.00485797
1.27786e-07,0.00988359
1.27836e-07,0.0118609
1.27886e-07,0.00966389
1.27936e-07,0.00856539
1.27986e-07,0.00485797
1.28036e-07,-0.00555028
1.28086e-07,-0.0121412
1.28136e-07,-0.00799443
1.28186e-07,0.000189363
1.28236e-07,0.00389679
1.28286e-07,0.00612124
1.28336e-07,0.00974627
1.28386e-07,0.011751
1.28436e-07,0.015788
1.28486e-07,0.0170787
1.28536e-07,0.0163647
1.28586e-07,0.0197151
1.28636e-07,0.0140304
1.28686e-07,0.00290814
1.28736e-07,0.00120547
1.28786e-07,0.000820998
1.28836e-07,0.000546374
1.28886e-07,0.00642333
1.28936e-07,0.00716481
1.28986e-07,0.00584661
1.29036e-07,0.0168316
1.29086e-07,0.0253724
1.29136e-07,0.0209509
1.29186e-07,0.0178477
1.29236e-07,0.0152388
1.29286e-07,0.00252367
1.29336e-07,-0.0122236
1.29386e-07,-0.0159585
1.29436e-07,-0.010521
1.29486e-07,-0.00714309
1.29536e-07,-0.00714309
1.29586e-07,-0.00272165
1.29636e-07,0.00334754
1.29686e-07,0.00689019
1.29736e-07,0.0118334
1.29786e-07,0.0177653
1.29836e-07,0.0251252
1.29886e-07,0.0299037
1.29936e-07,0.0274321
1.29986e-07,0.0250977
1.30036e-07,0.023807
1.30086e-07,0.0206763
1.30136e-07,0.0174357
1.30186e-07,0.0121355
1.30236e-07,0.00831823
1.30286e-07,0.00754928
1.30336e-07,0.00406156
1.30386e-07,0.0044735
1.30436e-07,0.011037
1.30486e-07,0.0141128
1.30536e-07,0.0187814
1.30586e-07,0.0237796
1.30636e-07,0.0139206
1.30686e-07,0.00290814
1.30736e-07,0.00510513
1.30786e-07,0.00507767
1.30836e-07,0.0014801
1.30886e-07,0.00612124
1.30936e-07,0.0133713
1.30986e-07,0.00820838
1.31036e-07,-0.00159569
1.31086e-07,0.00332008
1.31136e-07,0.01068
1.31186e-07,0.0100758
1.31236e-07,0.0110095
1.31286e-07,0.0115313
1.31336e-07,0.0131791
1.31386e-07,0.0232303
1.31436e-07,0.0315789
1.31486e-07,0.0269652
1.31536e-07,0.0166668
1.31586e-07,0.00977374
1.31636e-07,0.00675287
1.31686e-07,0.00708242
1.31736e-07,0.00628601
1.31786e-07,0.00400663
1.31836e-07,0.00842808
1.31886e-07,0.0144698
1.31936e-07,0.0158429
1.31986e-07,0.019413
1.32036e-07,0.0226261
1.32086e-07,0.0170238
1.32136e-07,0.00700004
1.32186e-07,-0.0021724
1.32236e-07,-0.0109054
1.32286e-07,-0.0142833
1.32336e-07,-0.00898307
1.32386e-07,-0.000771821
1.32436e-07,0.00488543
1.32486e-07,0.00752182
1.32536e-07,0.00686272
1.32586e-07,0.0082633
1.32636e-07,0.0120806
1.32686e-07,0.00678034
1.32736e-07,-0.00134853
1.32786e-07,-0.00653892
1.32836e-07,-0.0102189
1.32886e-07,-0.00593475
1.32936e-07,0.000820998
1.32986e-07,0.00513259
1.33036e-07,0.000656224
1.33086e-07,-0.0106308
1.33136e-07,-0.0136242
1.33186e-07,-0.0175788
1.33236e-07,-0.0202427
1.33286e-07,-0.010164
1.33336e-07,-0.00769234
1.33386e-07,-0.015629
1.33436e-07,-0.0138714
1.33486e-07,-0.00524819
1.33536e-07,0.00175472
1.33586e-07,0.0107624
1.33636e-07,0.0159528
1.33686e-07,0.0141677
1.33736e-07,0.0107349
1.33786e-07,0.00590154
1.33836e-07,0.00708242
1.33886e-07,0.0127397
1.33936e-07,0.0126024
1.33986e-07,0.0134812
1.34036e-07,0.0185342
1.34086e-07,0.0176554
1.34136e-07,0.0150191
1.34186e-07,0.0175731
1.34236e-07,0.0158429
1.34286e-07,0.00944419
1.34336e-07,0.00477558
1.34386e-07,0.0061487
1.34436e-07,0.0164746
1.34486e-07,0.0211981
1.34536e-07,0.0171337
1.34586e-07,0.0152113
1.34636e-07,0.0101857
1.34686e-07,0.00587408
1.34736e-07,0.0070275
1.34786e-07,0.0129594
1.34836e-07,0.0335012
1.34886e-07,0.0517088
1.34936e-07,0.0490999
1.34986e-07,0.0422617
1.35036e-07,0.0423441
1.35086e-07,0.0470677
1.35136e-07,0.049045
1.35186e-07,0.0427286
1.35236e-07,0.0385269
1.35286e-07,0.0354511
1.35336e-07,0.0213354
1.35386e-07,0.00796122
1.35436e-07,0.00656064
1.35486e-07,0.0116961
1.35536e-07,0.0195229
1.35586e-07,0.022379
1.35636e-07,0.0170787
1.35686e-07,0.0119707
1.35736e-07,0.0119433
1.35786e-07,0.0126847
1.35836e-07,0.00776898
1.35886e-07,0.00299053
1.35936e-07,0.00631348
1.35986e-07,0.0109272
1.36036e-07,0.00881255
1.36086e-07,0.00211173
1.36136e-07,0.00191949
1.36186e-07,0.0142776
1.36236e-07,0.0247957
1.36286e-07,0.0216924
1.36336e-07,0.0129868
1.36386e-07,0.0119982
1.36436e-07,0.016914
1.36486e-07,0.0129868
1.36536e-07,0.00477558
1.36586e-07,0.00277083
1.36636e-07,-0.00500103
1.36686e-07,-0.017826
1.36736e-07,-0.0136517
1.36786e-07,0.0003816
1.36836e-07,-0.00255688
1.36886e-07,-0.0146403
1.36936e-07,-0.0112625
1.36986e-07,-0.00250195
1.37036e-07,-0.00497357
1.37086e-07,-0.00401238
1.37136e-07,0.00845554
1.37186e-07,0.0205115
1.37236e-07,0.0274046
1.37286e-07,0.0302332
1.37336e-07,0.030398
1.37386e-07,0.0302881
1.37436e-07,0.0313317
1.37486e-07,0.0311669
1.37536e-07,0.0233127
1.37586e-07,0.0122179
1.37636e-07,0.00562692
1.37686e-07,0.00120547
1.37736e-07,0.00137025
1.37786e-07,0.00587408
1.37836e-07,0.00488543
1.37886e-07,0.00175472
1.37936e-07,0.0093618
1.37986e-07,0.0230655
1.38036e-07,0.0265533
1.38086e-07,0.0214727
1.38136e-07,0.019413
1.38186e-07,0.0177928
1.38236e-07,0.0124101
1.38286e-07,0.00554453
1.38336e-07,-0.00288642
1.38386e-07,-0.0109054
1.38436e-07,-0.0117019
1.38486e-07,-0.00873591
1.38536e-07,-0.0105759
1.38586e-07,-0.0102189
1.38636e-07,-0.00233718
1.38686e-07,0.00411648
1.38736e-07,0.00175472
1.38786e-07,-0.00522073
1.38836e-07,-0.00241956
1.38886e-07,0.00820838
1.38936e-07,0.0104878
1.38986e-07,0.00977374
1.39036e-07,0.0198799
1.39086e-07,0.0358081
1.39136e-07,0.0389113
1.39186e-07,0.0282834
1.39236e-07,0.024164
1.39286e-07,0.0274595
1.39336e-07,0.0289974
1.39386e-07,0.0281461
1.39436e-07,0.0224888
1.39486e-07,0.0183695
1.39536e-07,0.0203468
1.39586e-07,0.0216924
1.39636e-07,0.0193856
1.39686e-07,0.0158978
1.39736e-07,0.0154859
1.39786e-07,0.0122179
1.39836e-07,0.000628761
1.39886e-07,-0.00997172
1.39936e-07,-0.0118666
1.39986e-07,-0.00453417
1.40036e-07,0.00340246
1.40086e-07,0.0052699
1.40136e-07,0.00732958
1.40186e-07,0.0102406
1.40236e-07,0.0110095
1.40286e-07,0.0119433
1.40336e-07,0.0110645
1.40386e-07,0.0107898
1.40436e-07,0.0161725
1.40486e-07,0.0130692
1.40536e-07,-0.00211748
1.40586e-07,-0.0104935
1.40636e-07,-0.0121962
1.40686e-07,-0.0144481
1.40736e-07,-0.0124433
1.40786e-07,-0.00522073
1.40836e-07,0.00364962
1.40886e-07,0.00947165
1.40936e-07,0.00993851
1.40986e-07,0.0128221
1.41036e-07,0.0182322
1.41086e-07,0.00774152
1.41136e-07,-0.0094774
1.41186e-07,-0.00255688
1.41236e-07,0.0119982
1.41286e-07,0.0123003
1.41336e-07,0.0163647
1.41386e-07,0.0273497
1.41436e-07,0.0324027
1.41486e-07,0.0270201
1.41536e-07,0.0157331
1.41586e-07,0.00922449
1.41636e-07,0.00927941
1.41686e-07,0.0111469
1.41736e-07,0.010323
1.41786e-07,0.00675287
1.41836e-07,0.00491289
1.41886e-07,0.0116137
1.41936e-07,0.0246858
1.41986e-07,0.030398
1.42036e-07,0.0303156
1.42086e-07,0.0319084
1.42136e-07,0.0292171
1.42186e-07,0.0266082
1.42236e-07,0.0292995
1.42286e-07,0.0260864
1.42336e-07,0.0152388
1.42386e-07,0.00516006
1.42436e-07,0.00505021
1.42486e-07,0.0157056
1.42536e-07,0.0226811
1.42586e-07,0.0271025
1.42636e-07,0.0340505
1.42686e-07,0.0329795
1.42736e-07,0.027487
1.42786e-07,0.027844
1.42836e-07,0.0280911
1.42886e-07,0.0179575
1.42936e-07,0.00721973
1.42986e-07,0.00617616
1.43036e-07,0.00367709
1.43086e-07,-0.00280404
1.43136e-07,-0.00612699
1.43186e-07,-0.00414969
1.43236e-07,0.00288068
1.43286e-07,0.00897733
1.43336e-07,0.00903225
1.43386e-07,0.0106525
1.43436e-07,0.0159528
1.43486e-07,0.0158704
1.43536e-07,0.0131241
1.43586e-07,0.00807107
1.43636e-07,-2.87366e-06
1.43686e-07,-0.00431447
1.43736e-07,-0.00758249
1.43786e-07,-0.00843383
1.43836e-07,-0.00906546
1.43886e-07,-0.0169746
1.43936e-07,-0.0171943
1.43986e-07,-0.00706071
1.44036e-07,-0.00247449
1.44086e-07,-0.00110137
1.44136e-07,-0.000634509
1.44186e-07,-0.00568759
1.44236e-07,-0.00942247
1.44286e-07,-0.0026118
1.44336e-07,0.00304545
1.44386e-07,-0.00467148
1.44436e-07,-0.012663
1.44486e-07,-0.0119215
1.44536e-07,-0.00447924
1.44586e-07,0.0040341
1.44636e-07,0.00911464
1.44686e-07,0.00944419
1.44736e-07,-0.000112723
1.44786e-07,-0.00579744
1.44836e-07,0.00417141
1.44886e-07,0.0118883
1.44936e-07,0.0112567
1.44986e-07,0.011037
1.45036e-07,0.0122179
1.45086e-07,0.0158429
1.45136e-07,0.0199074
1.45186e-07,0.0224064
1.45236e-07,0.0228184
1.45286e-07,0.0204291
1.45336e-07,0.0220769
1.45386e-07,0.0254822
1.45436e-07,0.0227085
1.45486e-07,0.0197426
1.45536e-07,0.0197975
1.45586e-07,0.0154585
1.45636e-07,0.0133164
1.45686e-07,0.0224888
1.45736e-07,0.0297664
1.45786e-07,0.0286129
1.45836e-07,0.0278165
1.45886e-07,0.0306452
1.45936e-07,0.0346272
1.45986e-07,0.0367143
1.46036e-07,0.035863
1.46086e-07,0.031112
1.46136e-07,0.0257843
1.46186e-07,0.0260589
1.46236e-07,0.0277341
1.46286e-07,0.0232303
1.46336e-07,0.0149641
1.46386e-07,0.00513259
1.46436e-07,-0.00928516
1.46486e-07,-0.0204074
1.46536e-07,-0.0273829
1.46586e-07,-0.0387798
1.46636e-07,-0.0332873
1.46686e-07,-0.00695086
1.46736e-07,0.00645079
1.46786e-07,0.0134537
1.46836e-07,0.0309472
1.46886e-07,0.0357806
1.46936e-07,0.024521
1.46986e-07,0.0236972
1.47036e-07,0.0284482
1.47086e-07,0.0163372
1.47136e-07,0.00408902
1.47186e-07,0.0105701
1.47236e-07,0.0161725
1.47286e-07,0.0108722
1.47336e-07,0.00678034
1.47386e-07,0.00878509
1.47436e-07,0.0131791
1.47486e-07,0.0133438
1.47536e-07,0.0117236
1.47586e-07,0.0150191
1.47636e-07,0.0136459
1.47686e-07,-0.000579584
1.47736e-07,-0.0108231
1.47786e-07,-0.00601714
1.47836e-07,-0.000524659
1.47886e-07,-0.000744358
1.47936e-07,0.00502274
1.47986e-07,0.0150465
1.48036e-07,0.0146346
1.48086e-07,0.0100758
1.48136e-07,0.0108173
1.48186e-07,0.00763167
1.48236e-07,0.00194696
1.48286e-07,0.00634094
1.48336e-07,0.0153761
1.48386e-07,0.00966389
1.48436e-07,-0.00914785
1.48486e-07,-0.0159585
1.48536e-07,-0.00360045
1.48586e-07,0.0138931
1.48636e-07,0.0251252
1.48686e-07,0.0237246
1.48736e-07,0.0179026
1.48786e-07,0.0230381
1.48836e-07,0.029684
1.48886e-07,0.0215551
1.48936e-07,0.0072472
1.48986e-07,-0.00200763
1.49036e-07,-0.00566013
1.49086e-07,-0.00126614
1.49136e-07,0.0105427
1.49186e-07,0.0238619
1.49236e-07,0.0281461
1.49286e-07,0.0211157
1.49336e-07,0.0167492
1.49386e-07,0.0131241
1.49436e-07,0.00672541
1.49486e-07,0.00345739
1.49536e-07,-0.00099152
1.49586e-07,-0.00154077
1.49636e-07,-0.00110137
1.49686e-07,-0.00700578
1.49736e-07,-0.00684101
1.49786e-07,0.00546214
1.49836e-07,0.0224888
1.49886e-07,0.0288052
1.49936e-07,0.0221318
1.49986e-07,0.0229831
1.50036e-07,0.0310845
1.50086e-07,0.0285855
1.50136e-07,0.0196602
1.50186e-07,0.0137558
1.50236e-07,0.0100484
1.50286e-07,0.0105701
1.50336e-07,0.0114764
1.50386e-07,0.00776898
1.50436e-07,0.00653317
1.50486e-07,0.00480304
1.50536e-07,-0.00247449
1.50586e-07,-0.001733
1.50636e-07,0.00628601
1.50686e-07,0.00581915
1.50736e-07,0.00334754
1.50786e-07,0.00710988
1.50836e-07,0.00999344
1.50886e-07,0.0116412
1.50936e-07,0.00732958
1.50986e-07,-0.00225479
1.51036e-07,-0.00321597
1.51086e-07,0.000161901
1.51136e-07,0.00128786
1.51186e-07,0.00422633
1.51236e-07,0.00916956
1.51286e-07,0.0134537
1.51336e-07,0.0160352
1.51386e-07,0.014717
1.51436e-07,0.00785137
1.51486e-07,0.00581915
1.51536e-07,0.00886748
1.51586e-07,0.00625855
1.51636e-07,-0.000826745
1.51686e-07,-0.00733533
1.51736e-07,-0.00302374
1.51786e-07,0.00738451
1.51836e-07,0.00900479
1.51886e-07,0.008483
1.51936e-07,0.0102955
1.51986e-07,0.011751
1.52036e-07,0.0127397
1.52086e-07,0.00971881
1.52136e-07,0.00516006
1.52186e-07,0.00516006
1.52236e-07,0.00595646
1.52286e-07,0.000134438
1.52336e-07,-0.00434193
1.52386e-07,0.000903385
1.52436e-07,0.00175472
1.52486e-07,-0.00332582
1.52536e-07,0.00342992
1.52586e-07,0.0124651
1.52636e-07,0.00749436
1.52686e-07,-0.000964057
1.52736e-07,-0.00544043
1.52786e-07,-0.0125806
1.52836e-07,-0.0197758
1.52886e-07,-0.0192815
1.52936e-07,-0.0121138
1.52986e-07,-0.00112883
1.53036e-07,0.011751
1.53086e-07,0.021967
1.53136e-07,0.0280088
1.53186e-07,0.0331717
1.53236e-07,0.0332815
1.53286e-07,0.0217473
1.53336e-07,0.00804361
1.53386e-07,0.00389679
1.53436e-07,0.00609378
1.53486e-07,0.00730212
1.53536e-07,0.0038144
1.53586e-07,-0.00255688
1.53636e-07,0.00340246
1.53686e-07,0.0213903
1.53736e-07,0.0278714
1.53786e-07,0.0236422
1.53836e-07,0.0200721
1.53886e-07,0.0136185
1.53936e-07,0.00776898
1.53986e-07,0.00853793
1.54036e-07,0.00842808
1.54086e-07,0.00477558
1.54136e-07,0.00323769
1.54186e-07,-0.000936595
1.54236e-07,-0.00480879
1.54286e-07,-0.000607046
1.54336e-07,0.000711148
1.54386e-07,-0.00121122
1.54436e-07,0.0065881
1.54486e-07,0.0165844
1.54536e-07,0.0199897
1.54586e-07,0.026718
1.54636e-07,0.0362749
1.54686e-07,0.0379501
1.54736e-07,0.0362749
1.54786e-07,0.030755
1.54836e-07,0.0140853
1.54886e-07,0.00373201
1.54936e-07,0.00999344
1.54986e-07,0.0126847
1.55036e-07,0.00815346
1.55086e-07,0.00678034
1.55136e-07,0.00230397
1.55186e-07,-0.000854208
1.55236e-07,0.00169979
1.55286e-07,0.00137025
1.55336e-07,0.00537975
1.55386e-07,0.0153211
1.55436e-07,0.0274321
1.55486e-07,0.0447334
1.55536e-07,0.0540431
1.55586e-07,0.0478366
1.55636e-07,0.0375657
1.55686e-07,0.0290523
1.55736e-07,0.0196053
1.55786e-07,0.00875763
1.55836e-07,0.00375947
1.55886e-07,0.00397917
1.55936e-07,0.00362216
1.55986e-07,0.0106525
1.56036e-07,0.0202644
1.56086e-07,0.0192208
1.56136e-07,0.0136459
1.56186e-07,0.0106251
1.56236e-07,0.013234
1.56286e-07,0.0141677
1.56336e-07,0.00397917
1.56386e-07,-0.0015133
1.56436e-07,0.00653317
1.56486e-07,0.0138382
1.56536e-07,0.016145
1.56586e-07,0.019413
1.56636e-07,0.0215002
1.56686e-07,0.0160626
1.56736e-07,0.00754928
1.56786e-07,0.0105427
1.56836e-07,0.0277341
1.56886e-07,0.038774
1.56936e-07,0.0346272
1.56986e-07,0.0310022
1.57036e-07,0.0291347
1.57086e-07,0.021665
1.57136e-07,0.0144973
1.57186e-07,0.0109272
1.57236e-07,0.00595646
1.57286e-07,-0.00167808
1.57336e-07,-0.00362791
1.57386e-07,0.00375947
1.57436e-07,0.0102131
1.57486e-07,0.00804361
1.57536e-07,0.00282575
1.57586e-07,0.0044735
1.57636e-07,0.0118334
1.57686e-07,0.0148268
1.57736e-07,0.0168041
1.57786e-07,0.0248506
1.57836e-07,0.0256745
1.57886e-07,0.015074
1.57936e-07,0.00875763
1.57986e-07,0.00573677
1.58036e-07,-0.00101898
1.58086e-07,-0.00318851
1.58136e-07,0.00266098
1.58186e-07,0.0093618
1.58236e-07,0.013948
1.58286e-07,0.0190011
1.58336e-07,0.0253449
1.58386e-07,0.0285305
1.58436e-07,0.0256195
1.58486e-07,0.0161175
1.58536e-07,0.0024962
1.58586e-07,-0.0069234
1.58636e-07,-0.0113723
1.58686e-07,-0.0139263
1.58736e-07,-0.0117842
1.58786e-07,-0.00689593
1.58836e-07,0.0010407
1.58886e-07,0.012108
1.58936e-07,0.0164196
1.58986e-07,0.0174357
1.59036e-07,0.0190835
1.59086e-07,0.0134262
1.59136e-07,0.00894986
1.59186e-07,0.005929
1.59236e-07,-0.001733
1.59286e-07,7.95135e-05
1.59336e-07,0.00642333
1.59386e-07,0.00340246
1.59436e-07,0.000216825
1.59486e-07,0.00120547
1.59536e-07,0.00428126
1.59586e-07,0.0105701
1.59636e-07,0.0121355
