LECROYWR640Zi,59892,Waveform
Segments,1,SegmentSize,4002
Segment,TrigTime,TimeSinceSegment1
#1,01-Nov-2023 13:36:57,0                 
Time,Ampl
-4.043968e-08,-0.00868099
-4.038968e-08,-0.0210116
-4.033968e-08,-0.0272181
-4.028968e-08,-0.0101365
-4.023968e-08,0.00529737
-4.018968e-08,-0.000332422
-4.013968e-08,-0.00335328
-4.008968e-08,0.00590154
-4.003968e-08,0.0129594
-3.998968e-08,0.00933434
-3.993968e-08,-0.00192524
-3.988968e-08,-0.00879084
-3.983968e-08,-0.00675862
-3.978968e-08,-0.00453417
-3.973968e-08,-0.010521
-3.968968e-08,-0.0207095
-3.963968e-08,-0.0223298
-3.958968e-08,-0.0168099
-3.953968e-08,-0.0143657
-3.948968e-08,-0.0172493
-3.943968e-08,-0.0213961
-3.938968e-08,-0.0168922
-3.933968e-08,-0.00266673
-3.928968e-08,0.0105427
-3.923968e-08,0.0143874
-3.918968e-08,0.00524244
-3.913968e-08,-0.00942247
-3.908968e-08,-0.0181555
-3.903968e-08,-0.0138439
-3.898968e-08,0.00510513
-3.893968e-08,0.0183695
-3.888968e-08,0.0158704
-3.883968e-08,0.0195778
-3.878968e-08,0.0283383
-3.873968e-08,0.0236422
-3.868968e-08,0.0121355
-3.863968e-08,0.00224904
-3.858968e-08,-0.00620937
-3.853968e-08,-0.00966963
-3.848968e-08,-0.00695086
-3.843968e-08,-0.0032709
-3.838968e-08,-0.00115629
-3.833968e-08,0.00439111
-3.828968e-08,0.0114489
-3.823968e-08,0.0157056
-3.818968e-08,0.0168316
-3.813968e-08,0.00884002
-3.808968e-08,-0.00343567
-3.803968e-08,-0.00225479
-3.798968e-08,0.00686272
-3.793968e-08,0.00886748
-3.788968e-08,0.0130692
-3.783968e-08,0.0211157
-3.778968e-08,0.0211706
-3.773968e-08,0.0192757
-3.768968e-08,0.0218023
-3.763968e-08,0.0209235
-3.758968e-08,0.0111743
-3.753968e-08,-0.00346313
-3.748968e-08,-0.0104386
-3.743968e-08,-0.00678608
-3.738968e-08,-0.00813174
-3.733968e-08,-0.0138439
-3.728968e-08,-0.0134594
-3.723968e-08,-0.0144206
-3.718968e-08,-0.0141185
-3.713968e-08,-0.00791204
-3.708968e-08,-0.00189778
-3.703968e-08,0.00829077
-3.698968e-08,0.015074
-3.693968e-08,0.00730212
-3.688968e-08,-0.00398492
-3.683968e-08,-0.0115645
-3.678968e-08,-0.0160684
-3.673968e-08,-0.0146403
-3.668968e-08,-0.00953232
-3.663968e-08,-0.00209002
-3.658968e-08,0.00823584
-3.653968e-08,0.0141403
-3.648968e-08,0.0138656
-3.643968e-08,0.011806
-3.638968e-08,0.00653317
-3.633968e-08,0.00137025
-3.628968e-08,0.00202934
-3.623968e-08,0.00137025
-3.618968e-08,-0.00428701
-3.613968e-08,-0.0051658
-3.608968e-08,-0.000277498
-3.603968e-08,0.00557199
-3.598968e-08,0.00941673
-3.593968e-08,0.00510513
-3.588968e-08,-0.0023921
-3.583968e-08,0.00235889
-3.578968e-08,0.0159528
-3.573968e-08,0.0196877
-3.568968e-08,0.018342
-3.563968e-08,0.0189736
-3.558968e-08,0.0135361
-3.553968e-08,0.0065881
-3.548968e-08,0.00301799
-3.543968e-08,0.00274337
-3.538968e-08,0.00612124
-3.533968e-08,0.008483
-3.528968e-08,0.00623109
-3.523968e-08,-0.000826745
-3.518968e-08,-0.0030512
-3.513968e-08,0.00634094
-3.508968e-08,0.0109546
-3.503968e-08,0.00477558
-3.498968e-08,0.00310038
-3.493968e-08,0.00433618
-3.488968e-08,0.00197442
-3.483968e-08,-0.000277498
-3.478968e-08,-0.00368283
-3.473968e-08,-0.010521
-3.468968e-08,-0.01302
-3.463968e-08,-0.00673116
-3.458968e-08,-0.00645653
-3.453968e-08,-0.0110428
-3.448968e-08,-0.00236464
-3.443968e-08,0.00930688
-3.438968e-08,0.00971881
-3.433968e-08,0.00510513
-3.428968e-08,-0.00154077
-3.423968e-08,-0.00461655
-3.418968e-08,0.000299213
-3.413968e-08,0.00101323
-3.408968e-08,0.000326675
-3.403968e-08,0.0052699
-3.398968e-08,0.00480304
-3.393968e-08,0.00109562
-3.388968e-08,-0.00200763
-3.383968e-08,-0.00975202
-3.378968e-08,-0.0165627
-3.373968e-08,-0.0224122
-3.368968e-08,-0.0297172
-3.363968e-08,-0.0300742
-3.358968e-08,-0.026916
-3.353968e-08,-0.0223573
-3.348968e-08,-0.0146678
-3.343968e-08,-0.00999918
-3.338968e-08,-0.000414809
-3.333968e-08,0.0106251
-3.328968e-08,0.00576423
-3.323968e-08,-0.00590729
-3.318968e-08,-0.00873591
-3.313968e-08,-0.00618191
-3.308968e-08,-0.00752757
-3.303968e-08,-0.0110702
-3.298968e-08,-0.0107132
-3.293968e-08,-0.00483625
-3.288968e-08,0.00356724
-3.283968e-08,0.00834569
-3.278968e-08,0.0118334
-3.273968e-08,0.0157331
-3.268968e-08,0.00963642
-3.263968e-08,0.000463987
-3.258968e-08,0.0031553
-3.253968e-08,0.00765913
-3.248968e-08,0.00752182
-3.243968e-08,0.0116137
-3.238968e-08,0.0181772
-3.233968e-08,0.0234775
-3.228968e-08,0.0285031
-3.223968e-08,0.0256195
-3.218968e-08,0.0152662
-3.213968e-08,0.0137558
-3.208968e-08,0.0211157
-3.203968e-08,0.0215002
-3.198968e-08,0.0178751
-3.193968e-08,0.0158704
-3.188968e-08,0.00873017
-3.183968e-08,0.00277083
-3.178968e-08,0.00150756
-3.173968e-08,-0.00277657
-3.168968e-08,-0.00623684
-3.163968e-08,-0.00653892
-3.158968e-08,-0.00923024
-3.153968e-08,-0.00901054
-3.148968e-08,-0.00310612
-3.143968e-08,-0.00137599
-3.138968e-08,-0.00711563
-3.133968e-08,-0.0137066
-3.128968e-08,-0.0131848
-3.123968e-08,-0.0102189
-3.118968e-08,-0.0128553
-3.113968e-08,-0.0171119
-3.108968e-08,-0.0191991
-3.103968e-08,-0.0129651
-3.098968e-08,0.000711148
-3.093968e-08,0.00496782
-3.088968e-08,0.00304545
-3.083968e-08,0.00969135
-3.078968e-08,0.0133713
-3.073968e-08,0.00546214
-3.068968e-08,-0.000442272
-3.063968e-08,0.00356724
-3.058968e-08,0.0138382
-3.053968e-08,0.0184244
-3.048968e-08,0.00966389
-3.043968e-08,-0.000332422
-3.038968e-08,-0.00596221
-3.033968e-08,-0.0149699
-3.028968e-08,-0.0196385
-3.023968e-08,-0.0154642
-3.018968e-08,-0.010521
-3.013968e-08,-0.00420462
-3.008968e-08,0.00809853
-3.003968e-08,0.0225987
-2.998968e-08,0.0244661
-2.993968e-08,0.0162823
-2.988968e-08,0.013234
-2.983968e-08,0.0100758
-2.978968e-08,0.00411648
-2.973968e-08,-5.77984e-05
-2.968968e-08,-0.00513834
-2.963968e-08,-0.00703324
-2.958968e-08,-0.0092577
-2.953968e-08,-0.0237578
-2.948968e-08,-0.0299094
-2.943968e-08,-0.0147776
-2.938968e-08,-0.0077198
-2.933968e-08,-0.00739026
-2.928968e-08,0.00642333
-2.923968e-08,0.0124101
-2.918968e-08,-0.00110137
-2.913968e-08,-0.0112625
-2.908968e-08,-0.0120039
-2.903968e-08,-0.019254
-2.898968e-08,-0.030596
-2.893968e-08,-0.029113
-2.888968e-08,-0.0187871
-2.883968e-08,-0.00873591
-2.878968e-08,0.000546374
-2.873968e-08,0.00117801
-2.868968e-08,-0.00431447
-2.863968e-08,-0.00088167
-2.858968e-08,0.00664302
-2.853968e-08,0.0063684
-2.848968e-08,0.00787883
-2.843968e-08,0.0105701
-2.838968e-08,-3.03361e-05
-2.833968e-08,-0.0113174
-2.828968e-08,-0.0121962
-2.823968e-08,-0.009038
-2.818968e-08,-0.00620937
-2.813968e-08,-0.0110428
-2.808968e-08,-0.0119765
-2.803968e-08,0.000601299
-2.798968e-08,0.012163
-2.793968e-08,0.0199348
-2.788968e-08,0.0218297
-2.783968e-08,0.0150465
-2.778968e-08,0.010323
-2.773968e-08,0.0101582
-2.768968e-08,0.00595646
-2.763968e-08,-0.000497197
-2.758968e-08,0.000491449
-2.753968e-08,0.00310038
-2.748968e-08,0.00414395
-2.743968e-08,0.00905971
-2.738968e-08,0.0121355
-2.733968e-08,0.0123277
-2.728968e-08,0.0181223
-2.723968e-08,0.0244661
-2.718968e-08,0.0151289
-2.713968e-08,0.00145263
-2.708968e-08,0.000875923
-2.703968e-08,-2.87366e-06
-2.698968e-08,-0.0108231
-2.693968e-08,-0.0195561
-2.688968e-08,-0.0206271
-2.683968e-08,-0.0232086
-2.678968e-08,-0.021451
-2.673968e-08,-0.0116469
-2.668968e-08,-0.010466
-2.663968e-08,-0.0116469
-2.658968e-08,-0.00478133
-2.653968e-08,0.000518912
-2.648968e-08,0.000244288
-2.643968e-08,-0.00519326
-2.638968e-08,-0.00810428
-2.633968e-08,-0.00590729
-2.628968e-08,-0.0096971
-2.623968e-08,-0.0124159
-2.618968e-08,-0.000716896
-2.613968e-08,0.0115313
-2.608968e-08,0.0108173
-2.603968e-08,0.0112842
-2.598968e-08,0.0222691
-2.593968e-08,0.0311944
-2.588968e-08,0.0329245
-2.583968e-08,0.0294917
-2.578968e-08,0.0189187
-2.573968e-08,0.0109821
-2.568968e-08,0.00996597
-2.563968e-08,0.00532483
-2.558968e-08,-0.00167808
-2.553968e-08,-0.00634669
-2.548968e-08,-0.00500103
-2.543968e-08,0.00466573
-2.538968e-08,0.00851047
-2.533968e-08,0.00389679
-2.528968e-08,0.0105701
-2.523968e-08,0.0222142
-2.518968e-08,0.0146895
-2.513968e-08,-0.000771821
-2.508968e-08,-0.00230971
-2.503968e-08,0.00735705
-2.498968e-08,0.0137283
-2.493968e-08,0.0105701
-2.488968e-08,0.00796122
-2.483968e-08,0.0103779
-2.478968e-08,0.0160077
-2.473968e-08,0.0197975
-2.468968e-08,0.0193856
-2.463968e-08,0.024521
-2.458968e-08,0.0282559
-2.453968e-08,0.0201545
-2.448968e-08,0.00754928
-2.443968e-08,0.00546214
-2.438968e-08,0.0156781
-2.433968e-08,0.0162823
-2.428968e-08,0.0044735
-2.423968e-08,-0.00285896
-2.418968e-08,-0.00236464
-2.413968e-08,0.00224904
-2.408968e-08,0.0031553
-2.403968e-08,0.000711148
-2.398968e-08,0.0012604
-2.393968e-08,-0.000497197
-2.388968e-08,0.00137025
-2.383968e-08,0.0105427
-2.378968e-08,0.0126024
-2.373968e-08,0.00804361
-2.368968e-08,0.00494036
-2.363968e-08,-0.00112883
-2.358968e-08,-0.00785712
-2.353968e-08,-0.00593475
-2.348968e-08,-0.00373776
-2.343968e-08,-0.00785712
-2.338968e-08,-0.00923024
-2.333968e-08,-0.00631922
-2.328968e-08,0.00194696
-2.323968e-08,0.0141403
-2.318968e-08,0.0160077
-2.313968e-08,0.00996597
-2.308968e-08,0.00884002
-2.303968e-08,0.00908718
-2.298968e-08,0.0112842
-2.293968e-08,0.014662
-2.288968e-08,0.00873017
-2.283968e-08,0.00310038
-2.278968e-08,0.0027159
-2.273968e-08,0.00183711
-2.268968e-08,0.00342992
-2.263968e-08,0.00332008
-2.258968e-08,0.00631348
-2.253968e-08,0.0130418
-2.248968e-08,0.0126298
-2.243968e-08,0.0147444
-2.238968e-08,0.0177104
-2.233968e-08,0.0054896
-2.228968e-08,-0.00944993
-2.223968e-08,-0.00846129
-2.218968e-08,0.000354137
-2.213968e-08,-0.00118376
-2.208968e-08,-0.0105759
-2.203968e-08,-0.014915
-2.198968e-08,-0.0176337
-2.193968e-08,-0.0160409
-2.188968e-08,-0.00994426
-2.183968e-08,-0.0129102
-2.178968e-08,-0.0154093
-2.173968e-08,-0.00953232
-2.168968e-08,0.000161901
-2.163968e-08,0.01068
-2.158968e-08,0.00697257
-2.153968e-08,-0.00445178
-2.148968e-08,-0.00294135
-2.143968e-08,0.0012604
-2.138968e-08,-0.00104644
-2.133968e-08,0.00329261
-2.128968e-08,0.0160901
-2.123968e-08,0.0229282
-2.118968e-08,0.0202369
-2.113968e-08,0.0145522
-2.108968e-08,0.00257859
-2.103968e-08,-0.0148326
-2.098968e-08,-0.0273279
-2.093968e-08,-0.0311178
-2.088968e-08,-0.0245817
-2.083968e-08,-0.0135693
-2.078968e-08,-0.00744518
-2.073968e-08,-0.0047264
-2.068968e-08,0.000793536
-2.063968e-08,0.013591
-2.058968e-08,0.0269103
-2.053968e-08,0.026773
-2.048968e-08,0.0174357
-2.043968e-08,0.0119982
-2.038968e-08,0.0101307
-2.033968e-08,0.005929
-2.028968e-08,-0.000552121
-2.023968e-08,-0.00233718
-2.018968e-08,0.00364962
-2.013968e-08,0.00894986
-2.008968e-08,0.00713735
-2.003968e-08,0.00889494
-1.998968e-08,0.0187539
-1.993968e-08,0.0215002
-1.988968e-08,0.0126847
-1.983968e-08,0.00277083
-1.978968e-08,-0.000167648
-1.973968e-08,0.00307291
-1.968968e-08,0.00392425
-1.963968e-08,-0.000332422
-1.958968e-08,-0.000250035
-1.953968e-08,0.00513259
-1.948968e-08,0.000985772
-1.943968e-08,-0.00302374
-1.938968e-08,0.00782391
-1.933968e-08,0.0133713
-1.928968e-08,0.00927941
-1.923968e-08,0.00318276
-1.918968e-08,-0.00338075
-1.913968e-08,-0.000442272
-1.908968e-08,-0.00170554
-1.903968e-08,-0.0085986
-1.898968e-08,-0.000579584
-1.893968e-08,0.00373201
-1.888968e-08,-0.00884576
-1.883968e-08,-0.0188146
-1.878968e-08,-0.0249387
-1.873968e-08,-0.0295524
-1.868968e-08,-0.0246641
-1.863968e-08,-0.0136517
-1.858968e-08,-0.00362791
-1.853968e-08,0.00208427
-1.848968e-08,0.00518752
-1.843968e-08,0.00774152
-1.838968e-08,0.00469319
-1.833968e-08,-0.00255688
-1.828968e-08,-0.00711563
-1.823968e-08,-0.0111526
-1.818968e-08,-0.0121687
-1.813968e-08,-0.00813174
-1.808968e-08,-0.00744518
-1.803968e-08,-0.00519326
-1.798968e-08,0.00027175
-1.793968e-08,0.00260605
-1.788968e-08,0.00889494
-1.783968e-08,0.0160352
-1.778968e-08,0.017985
-1.773968e-08,0.0208136
-1.768968e-08,0.0199348
-1.763968e-08,0.0148817
-1.758968e-08,0.0154585
-1.753968e-08,0.0173808
-1.748968e-08,0.0179575
-1.743968e-08,0.0155134
-1.738968e-08,0.00488543
-1.733968e-08,-0.00115629
-1.728968e-08,0.00483051
-1.723968e-08,0.00947165
-1.718968e-08,0.00823584
-1.713968e-08,0.00579169
-1.708968e-08,0.0027159
-1.703968e-08,0.00263352
-1.698968e-08,0.00562692
-1.693968e-08,0.00749436
-1.688968e-08,0.00678034
-1.683968e-08,0.00793376
-1.678968e-08,0.0114764
-1.673968e-08,0.00689019
-1.668968e-08,-0.00351806
-1.663968e-08,-0.00868099
-1.658968e-08,-0.00406731
-1.653968e-08,0.000573836
-1.648968e-08,-0.00601714
-1.643968e-08,-0.00777473
-1.638968e-08,0.000656224
-1.633968e-08,0.00312784
-1.628968e-08,0.0054896
-1.623968e-08,0.0138931
-1.618968e-08,0.0118609
-1.613968e-08,0.00326515
-1.608968e-08,0.00510513
-1.603968e-08,0.0119158
-1.598968e-08,0.0202094
-1.593968e-08,0.0258118
-1.588968e-08,0.0229282
-1.583968e-08,0.0224339
-1.578968e-08,0.0212256
-1.573968e-08,0.0118609
-1.568968e-08,0.00834569
-1.563968e-08,0.0129868
-1.558968e-08,0.0119158
-1.553968e-08,0.000875923
-1.548968e-08,-0.0116469
-1.543968e-08,-0.0118666
-1.538968e-08,-0.00019511
-1.533968e-08,0.00480304
-1.528968e-08,0.0003816
-1.523968e-08,0.00419887
-1.518968e-08,0.017271
-1.513968e-08,0.0217473
-1.508968e-08,0.0116961
-1.503968e-08,0.00332008
-1.498968e-08,0.00513259
-1.493968e-08,0.00461081
-1.488968e-08,0.0022765
-1.483968e-08,0.00623109
-1.478968e-08,0.00941673
-1.473968e-08,0.00971881
-1.468968e-08,0.0126847
-1.463968e-08,0.0114764
-1.458968e-08,0.00617616
-1.453968e-08,0.00963642
-1.448968e-08,0.0120806
-1.443968e-08,0.00505021
-1.438968e-08,0.00131532
-1.433968e-08,0.00288068
-1.428968e-08,0.00386932
-1.423968e-08,0.00145263
-1.418968e-08,0.000491449
-1.413968e-08,0.00760421
-1.408968e-08,0.0148817
-1.403968e-08,0.0170238
-1.398968e-08,0.0197975
-1.393968e-08,0.0209784
-1.388968e-08,0.0160626
-1.383968e-08,0.0126298
-1.378968e-08,0.0147719
-1.373968e-08,0.011751
-1.368968e-08,0.00186457
-1.363968e-08,-0.00708817
-1.358968e-08,-0.0148875
-1.353968e-08,-0.0129102
-1.348968e-08,-3.03361e-05
-1.343968e-08,0.0061487
-1.338968e-08,0.00436365
-1.333968e-08,-2.87366e-06
-1.328968e-08,-0.00656638
-1.323968e-08,-0.0069234
-1.318968e-08,-0.00447924
-1.313968e-08,-0.00530311
-1.308968e-08,-0.00129361
-1.303968e-08,-0.000442272
-1.298968e-08,-0.00618191
-1.293968e-08,-0.00241956
-1.288968e-08,0.00565438
-1.283968e-08,0.0104878
-1.278968e-08,0.0199623
-1.273968e-08,0.0241915
-1.268968e-08,0.0126573
-1.263968e-08,0.00158994
-1.258968e-08,0.00123293
-1.253968e-08,-0.00137599
-1.248968e-08,-0.0151621
-1.243968e-08,-0.0264492
-1.238968e-08,-0.021808
-1.233968e-08,-0.0149424
-1.228968e-08,-0.0121412
-1.223968e-08,0.00161741
-1.218968e-08,0.0130143
-1.213968e-08,0.00999344
-1.208968e-08,0.0123003
-1.203968e-08,0.0153486
-1.198968e-08,0.00812599
-1.193968e-08,-0.00192524
-1.188968e-08,-0.0143657
-1.183968e-08,-0.0233734
-1.178968e-08,-0.0195836
-1.173968e-08,-0.0106583
-1.168968e-08,-0.00843383
-1.163968e-08,-0.00590729
-1.158968e-08,0.00238635
-1.153968e-08,0.00625855
-1.148968e-08,0.00510513
-1.143968e-08,0.00474812
-1.138968e-08,0.00595646
-1.133968e-08,0.00579169
-1.128968e-08,0.00268844
-1.123968e-08,-0.00107391
-1.118968e-08,-0.00480879
-1.113968e-08,-0.00357298
-1.108968e-08,0.0010407
-1.103968e-08,-0.000387347
-1.098968e-08,-0.00706071
-1.093968e-08,-0.0124983
-1.088968e-08,-0.0159036
-1.083968e-08,-0.01486
-1.078968e-08,-0.00651146
-1.073968e-08,-0.00557774
-1.068968e-08,-0.0117568
-1.063968e-08,-0.00291389
-1.058968e-08,0.00977374
-1.053968e-08,0.0113116
-1.048968e-08,0.0165569
-1.043968e-08,0.0233127
-1.038968e-08,0.017985
-1.033968e-08,0.00760421
-1.028968e-08,-0.0049461
-1.023968e-08,-0.0221376
-1.018968e-08,-0.0304312
-1.013968e-08,-0.0255154
-1.008968e-08,-0.0221101
-1.003968e-08,-0.018897
-9.989677e-09,-0.00546789
-9.939677e-09,0.00721973
-9.889677e-09,0.0105152
-9.839677e-09,0.0138107
-9.789677e-09,0.0122179
-9.739677e-09,-0.00294135
-9.689677e-09,-0.0132672
-9.639677e-09,-0.00686847
-9.589677e-09,-0.00167808
-9.539677e-09,-0.010878
-9.489677e-09,-0.0184027
-9.439677e-09,-0.00620937
-9.389677e-09,0.00584661
-9.339677e-09,-0.000744358
-9.289677e-09,-0.00390253
-9.239677e-09,0.00172726
-9.189677e-09,-0.00148584
-9.139677e-09,-0.00590729
-9.089677e-09,-2.87366e-06
-9.039677e-09,0.0110095
-8.989677e-09,0.0132065
-8.939677e-09,0.00277083
-8.889677e-09,0.00027175
-8.839677e-09,0.0133713
-8.789677e-09,0.0229557
-8.739677e-09,0.0228458
-8.689677e-09,0.0222417
-8.639677e-09,0.0203742
-8.589677e-09,0.0163922
-8.539677e-09,0.0141952
-8.489677e-09,0.0112292
-8.439677e-09,0.00384186
-8.389677e-09,-0.00483625
-8.339677e-09,-0.00458909
-8.289677e-09,2.45887e-05
-8.239677e-09,0.000683686
-8.189677e-09,0.00375947
-8.139677e-09,0.0074669
-8.089677e-09,0.0065881
-8.039677e-09,0.00323769
-7.989677e-09,0.000738611
-7.939677e-09,-0.00717056
-7.889677e-09,-0.0229614
-7.839677e-09,-0.0297172
-7.789677e-09,-0.0236205
-7.739677e-09,-0.0184027
-7.689677e-09,-0.013432
-7.639677e-09,0.00277083
-7.589677e-09,0.0199348
-7.539677e-09,0.018699
-7.489677e-09,0.00499528
-7.439677e-09,-0.00873591
-7.389677e-09,-0.0195286
-7.339677e-09,-0.0276026
-7.289677e-09,-0.0344682
-7.239677e-09,-0.0296073
-7.189677e-09,-0.0117568
-7.139677e-09,-0.00351806
-7.089677e-09,-0.0053855
-7.039677e-09,-0.00379268
-6.989677e-09,-0.00464402
-6.939677e-09,-0.0103287
-6.889677e-09,-0.0106857
-6.839677e-09,-0.00467148
-6.789677e-09,-0.0051658
-6.739677e-09,-0.0126081
-6.689677e-09,-0.0154917
-6.639677e-09,-0.0125257
-6.589677e-09,-0.00549535
-6.539677e-09,0.00392425
-6.489677e-09,0.00988359
-6.439677e-09,0.0120806
-6.389677e-09,0.012163
-6.339677e-09,0.0108997
-6.289677e-09,0.0131516
-6.239677e-09,0.0151014
-6.189677e-09,0.00798868
-6.139677e-09,-0.00219986
-6.089677e-09,-0.00307866
-6.039677e-09,0.00095831
-5.989677e-09,-0.00181539
-5.939677e-09,-0.00865353
-5.889677e-09,-0.0117293
-5.839677e-09,-0.00936755
-5.789677e-09,-0.0053855
-5.739677e-09,-0.00530311
-5.689677e-09,-0.00439686
-5.639677e-09,-0.000140186
-5.589677e-09,0.000354137
-5.539677e-09,0.00255113
-5.489677e-09,0.00765913
-5.439677e-09,0.0109546
-5.389677e-09,0.0185068
-5.339677e-09,0.0238619
-5.289677e-09,0.0198799
-5.239677e-09,0.012108
-5.189677e-09,0.00392425
-5.139677e-09,0.00386932
-5.089677e-09,0.00897733
-5.039677e-09,0.00329261
-4.989677e-09,-0.00219986
-4.939677e-09,0.00178218
-4.889677e-09,-0.000469734
-4.839677e-09,-0.0058249
-4.789677e-09,-0.00522073
-4.739677e-09,-0.00653892
-4.689677e-09,-0.0100816
-4.639677e-09,-0.0106308
-4.589677e-09,-0.00914785
-4.539677e-09,-0.0120863
-4.489677e-09,-0.015574
-4.439677e-09,-0.00593475
-4.389677e-09,0.00535229
-4.339677e-09,0.00367709
-4.289677e-09,0.00115055
-4.239677e-09,0.00595646
-4.189677e-09,0.00801614
-4.139677e-09,-0.000744358
-4.089677e-09,-0.00890069
-4.039677e-09,-0.00634669
-3.989677e-09,-0.00489118
-3.939677e-09,-0.00818667
-3.889677e-09,-0.00651146
-3.839677e-09,-0.00480879
-3.789677e-09,-0.00697832
-3.739677e-09,-0.00324344
-3.689677e-09,0.00721973
-3.639677e-09,0.010323
-3.589677e-09,0.0012604
-3.539677e-09,-0.00272165
-3.489677e-09,0.00491289
-3.439677e-09,0.0070275
-3.389677e-09,-0.00274911
-3.339677e-09,-0.010109
-3.289677e-09,-0.0109604
-3.239677e-09,-0.0171669
-3.189677e-09,-0.0199406
-3.139677e-09,-0.0114822
-3.089677e-09,-0.00782965
-3.039677e-09,-0.00961471
-2.989677e-09,-0.0127454
-2.939677e-09,-0.0215334
-2.889677e-09,-0.0297172
-2.839677e-09,-0.027685
-2.789677e-09,-0.0200504
-2.739677e-09,-0.0180731
-2.689677e-09,-0.0165627
-2.639677e-09,-0.00807682
-2.589677e-09,-0.00247449
-2.539677e-09,-0.00546789
-2.489677e-09,-0.00862606
-2.439677e-09,-0.00857114
-2.389677e-09,-0.0051658
-2.339677e-09,-3.03361e-05
-2.289677e-09,0.00120547
-2.239677e-09,-0.000744358
-2.189677e-09,-0.00382015
-2.139677e-09,-0.00387507
-2.089677e-09,-0.000250035
-2.039677e-09,0.000299213
-1.989677e-09,-0.00126614
-1.939677e-09,-0.00376522
-1.889677e-09,-0.00458909
-1.839677e-09,-0.00099152
-1.789677e-09,0.000244288
-1.739677e-09,0.00332008
-1.689677e-09,0.0101857
-1.639677e-09,0.00771406
-1.589677e-09,-0.00162315
-1.539677e-09,-0.00873591
-1.489677e-09,-0.0120314
-1.439677e-09,-0.00923024
-1.389677e-09,-0.00475387
-1.339677e-09,-0.00456163
-1.289677e-09,-0.00497357
-1.239677e-09,-0.00209002
-1.189677e-09,0.00307291
-1.139677e-09,0.00584661
-1.089677e-09,0.00200188
-1.039677e-09,-0.0030512
-9.896774e-10,-0.00112883
-9.396774e-10,0.00386932
-8.896774e-10,0.00263352
-8.396774e-10,0.000820998
-7.896774e-10,0.00321023
-7.396774e-10,0.00219412
-6.896774e-10,0.00472066
-6.396774e-10,0.0179575
-5.896774e-10,0.0271574
-5.396774e-10,0.0269103
-4.896774e-10,0.0269652
-4.396774e-10,0.0258118
-3.896774e-10,0.0142226
-3.396774e-10,-0.00351806
-2.896774e-10,-0.00736279
-2.396774e-10,0.00241382
-1.896774e-10,0.00606631
-1.396774e-10,0.0113666
-8.96774e-11,0.0353961
-3.96774e-11,0.0803246
1.03226e-11,0.151782
6.03226e-11,0.246335
1.103226e-10,0.355415
1.603226e-10,0.471883
2.103226e-10,0.579893
2.603226e-10,0.685843
3.103226e-10,0.789788
3.603226e-10,0.860559
4.103226e-10,0.905267
4.603226e-10,0.93954
5.103226e-10,0.950772
5.603226e-10,0.952722
6.103226e-10,0.960192
6.603226e-10,0.969337
7.103226e-10,0.978207
7.603226e-10,0.975241
8.103226e-10,0.966344
8.603226e-10,0.975708
9.103226e-10,0.987297
9.603226e-10,0.979718
1.010323e-09,0.975708
1.060323e-09,0.984139
1.110323e-09,0.986062
1.160323e-09,0.972166
1.210323e-09,0.948658
1.260323e-09,0.938195
1.310323e-09,0.944429
1.360323e-09,0.94171
1.410323e-09,0.929077
1.460323e-09,0.924848
1.510323e-09,0.921031
1.560323e-09,0.907135
1.610323e-09,0.894612
1.660323e-09,0.881348
1.710323e-09,0.85545
1.760323e-09,0.832712
1.810323e-09,0.827686
1.860323e-09,0.824473
1.910323e-09,0.817909
1.960323e-09,0.813433
2.010323e-09,0.804865
2.060323e-09,0.796626
2.110323e-09,0.792562
2.160323e-09,0.780973
2.210323e-09,0.761309
2.260323e-09,0.748787
2.310323e-09,0.740383
2.360323e-09,0.723494
2.410323e-09,0.708774
2.460323e-09,0.703968
2.510323e-09,0.698366
2.560323e-09,0.691116
2.610323e-09,0.690072
2.660323e-09,0.689688
2.710323e-09,0.68046
2.760323e-09,0.666509
2.810323e-09,0.656211
2.860323e-09,0.652668
2.910323e-09,0.649071
2.960323e-09,0.639047
3.010323e-09,0.633802
3.060323e-09,0.640887
3.110323e-09,0.646132
3.160323e-09,0.642068
3.210323e-09,0.643029
3.260323e-09,0.647203
3.310323e-09,0.642919
3.360323e-09,0.636136
3.410323e-09,0.621663
3.460323e-09,0.597579
3.510323e-09,0.582365
3.560323e-09,0.573796
3.610323e-09,0.557731
3.660323e-09,0.540951
3.710323e-09,0.532383
3.760323e-09,0.532713
3.810323e-09,0.539413
3.860323e-09,0.542187
3.910323e-09,0.537738
3.960323e-09,0.532877
4.010323e-09,0.532383
4.060323e-09,0.534168
4.110323e-09,0.53274
4.160323e-09,0.528099
4.210323e-09,0.517993
4.260323e-09,0.501405
4.310323e-09,0.482676
4.360323e-09,0.467929
4.410323e-09,0.461255
4.460323e-09,0.459525
4.510323e-09,0.460212
4.560323e-09,0.4545
4.610323e-09,0.445849
4.660323e-09,0.449749
4.710323e-09,0.45082
4.760323e-09,0.442691
4.810323e-09,0.440961
4.860323e-09,0.439066
4.910323e-09,0.432667
4.960323e-09,0.429042
5.010323e-09,0.426158
5.060323e-09,0.420748
5.110323e-09,0.416409
5.160323e-09,0.415805
5.210323e-09,0.416959
5.260323e-09,0.41435
5.310323e-09,0.406935
5.360323e-09,0.407457
5.410323e-09,0.417151
5.460323e-09,0.417755
5.510323e-09,0.405067
5.560323e-09,0.393643
5.610323e-09,0.388892
5.660323e-09,0.380873
5.710323e-09,0.373925
5.760323e-09,0.376012
5.810323e-09,0.373074
5.860323e-09,0.365988
5.910323e-09,0.369037
5.960323e-09,0.370218
6.010323e-09,0.358409
6.060323e-09,0.349374
6.110323e-09,0.353191
6.160323e-09,0.353768
6.210323e-09,0.347039
6.260323e-09,0.353987
6.310323e-09,0.369229
6.360323e-09,0.366263
6.410323e-09,0.348385
6.460323e-09,0.338032
6.510323e-09,0.338938
6.560323e-09,0.339158
6.610323e-09,0.332869
6.660323e-09,0.327239
6.710323e-09,0.333088
6.760323e-09,0.334571
6.810323e-09,0.311173
6.860323e-09,0.288792
6.910323e-09,0.287721
6.960323e-09,0.283189
7.010323e-09,0.264378
7.060323e-09,0.251278
7.110323e-09,0.251827
7.160323e-09,0.254409
7.210323e-09,0.252761
7.260323e-09,0.251333
7.310323e-09,0.249685
7.360323e-09,0.248312
7.410323e-09,0.254409
7.460323e-09,0.257073
7.510323e-09,0.239085
7.560323e-09,0.215989
7.610323e-09,0.212666
7.660323e-09,0.216923
7.710323e-09,0.210551
7.760323e-09,0.208794
7.810323e-09,0.217334
7.860323e-09,0.223871
7.910323e-09,0.231313
7.960323e-09,0.23167
8.010323e-09,0.222113
8.060323e-09,0.224832
8.110323e-09,0.231066
8.160323e-09,0.223459
8.210323e-09,0.218268
8.260323e-09,0.219394
8.310323e-09,0.216785
8.360323e-09,0.216675
8.410323e-09,0.222635
8.460323e-09,0.224639
8.510323e-09,0.220932
8.560323e-09,0.215494
8.610323e-09,0.20083
8.660323e-09,0.182704
8.710323e-09,0.176882
8.760323e-09,0.182567
8.810323e-09,0.187895
8.860323e-09,0.18589
8.910323e-09,0.187318
8.960323e-09,0.19704
9.010323e-09,0.205224
9.060323e-09,0.204647
9.110323e-09,0.199649
9.160323e-09,0.197754
9.210323e-09,0.187126
9.260323e-09,0.169879
9.310323e-09,0.159554
9.360323e-09,0.150134
9.410323e-09,0.15093
9.460323e-09,0.162657
9.510323e-09,0.163398
9.560323e-09,0.161119
9.610323e-09,0.162327
9.660323e-09,0.155626
9.710323e-09,0.15288
9.760323e-09,0.152606
9.810323e-09,0.140083
9.860323e-09,0.133904
9.910323e-09,0.143268
9.960323e-09,0.156505
1.001032e-08,0.167463
1.006032e-08,0.165101
1.011032e-08,0.155407
1.016032e-08,0.159306
1.021032e-08,0.167298
1.026032e-08,0.163426
1.031032e-08,0.154308
1.036032e-08,0.146289
1.041032e-08,0.143268
1.046032e-08,0.14607
1.051032e-08,0.148239
1.056032e-08,0.146399
1.061032e-08,0.14357
1.066032e-08,0.141346
1.071032e-08,0.135799
1.076032e-08,0.130361
1.081032e-08,0.129125
1.086032e-08,0.122397
1.091032e-08,0.107238
1.096032e-08,0.0999328
1.101032e-08,0.10743
1.106032e-08,0.112208
1.111032e-08,0.105892
1.116032e-08,0.103393
1.121032e-08,0.108885
1.126032e-08,0.108556
1.131032e-08,0.0950444
1.136032e-08,0.0793634
1.141032e-08,0.0786494
1.146032e-08,0.0826864
1.151032e-08,0.078567
1.156032e-08,0.0800774
1.161032e-08,0.0830159
1.166032e-08,0.077139
1.171032e-08,0.0718937
1.176032e-08,0.0675821
1.181032e-08,0.0598102
1.186032e-08,0.0523404
1.191032e-08,0.0508025
1.196032e-08,0.0531643
1.201032e-08,0.0601947
1.206032e-08,0.0743927
1.211032e-08,0.0787318
1.216032e-08,0.0718387
1.221032e-08,0.0703558
1.226032e-08,0.0671427
1.231032e-08,0.0533016
1.236032e-08,0.0431955
1.241032e-08,0.046793
1.246032e-08,0.0500061
1.251032e-08,0.0428934
1.256032e-08,0.0359454
1.261032e-08,0.0401471
1.266032e-08,0.0526151
1.271032e-08,0.059206
1.276032e-08,0.0559655
1.281032e-08,0.0569541
1.286032e-08,0.0637648
1.291032e-08,0.0664561
1.296032e-08,0.063243
1.301032e-08,0.0546747
1.306032e-08,0.0467106
1.311032e-08,0.042042
1.316032e-08,0.0390486
1.321032e-08,0.042097
1.326032e-08,0.0491273
1.331032e-08,0.0535488
1.336032e-08,0.0564873
1.341032e-08,0.0630508
1.346032e-08,0.0688728
1.351032e-08,0.0647534
1.356032e-08,0.0600848
1.361032e-08,0.0662364
1.366032e-08,0.0681313
1.371032e-08,0.059206
1.376032e-08,0.0597553
1.381032e-08,0.0705755
1.386032e-08,0.0675546
1.391032e-08,0.0524503
1.396032e-08,0.0478091
1.401032e-08,0.0505279
1.406032e-08,0.050116
1.411032e-08,0.0512419
1.416032e-08,0.0544825
1.421032e-08,0.056652
1.426032e-08,0.0611009
1.431032e-08,0.0675821
1.436032e-08,0.0677194
1.441032e-08,0.0643964
1.446032e-08,0.067637
1.451032e-08,0.0683785
1.456032e-08,0.0591786
1.461032e-08,0.0505005
1.466032e-08,0.0431405
1.471032e-08,0.0301508
1.476032e-08,0.017271
1.481032e-08,0.0105701
1.486032e-08,0.00834569
1.491032e-08,0.00886748
1.496032e-08,0.00875763
1.501032e-08,0.00694511
1.506032e-08,0.0102681
1.511032e-08,0.0183695
1.516032e-08,0.0222691
1.521032e-08,0.0238345
1.526032e-08,0.0280362
1.531032e-08,0.0317162
1.536032e-08,0.0334738
1.541032e-08,0.0323204
1.546032e-08,0.0310845
1.551032e-08,0.0355335
1.556032e-08,0.039488
1.561032e-08,0.037346
1.566032e-08,0.0350666
1.571032e-08,0.0354236
1.576032e-08,0.0268553
1.581032e-08,0.00938926
1.586032e-08,0.00768659
1.591032e-08,0.0200172
1.596032e-08,0.0235599
1.601032e-08,0.0247407
1.606032e-08,0.0297664
1.611032e-08,0.028558
1.616032e-08,0.0258392
1.621032e-08,0.0289699
1.626032e-08,0.0281461
1.631032e-08,0.0169963
1.636032e-08,0.00466573
1.641032e-08,-0.00206255
1.646032e-08,-0.00099152
1.651032e-08,0.00617616
1.656032e-08,0.0122454
1.661032e-08,0.0137009
1.666032e-08,0.0141128
1.671032e-08,0.0163647
1.676032e-08,0.0144149
1.681032e-08,0.0102406
1.686032e-08,0.0126024
1.691032e-08,0.0172984
1.696032e-08,0.0224614
1.701032e-08,0.0285031
1.706032e-08,0.0297664
1.711032e-08,0.02713
1.716032e-08,0.0246858
1.721032e-08,0.0272673
1.726032e-08,0.0292446
1.731032e-08,0.0196053
1.736032e-08,0.0109546
1.741032e-08,0.0141403
1.746032e-08,0.0197975
1.751032e-08,0.0238894
1.756032e-08,0.030398
1.761032e-08,0.0351764
1.766032e-08,0.0355609
1.771032e-08,0.0382797
1.776032e-08,0.0356433
1.781032e-08,0.022736
1.786032e-08,0.00985612
1.791032e-08,0.00180964
1.796032e-08,-0.00088167
1.801032e-08,-0.00708817
1.806032e-08,-0.0112075
1.811032e-08,0.000573836
1.816032e-08,0.00623109
1.821032e-08,-0.00763742
1.826032e-08,-0.0172218
1.831032e-08,-0.0125532
1.836032e-08,-0.00782965
1.841032e-08,-0.00664877
1.846032e-08,-0.0023921
1.851032e-08,0.00455588
1.856032e-08,0.0107349
1.861032e-08,0.0124651
1.866032e-08,0.00897733
1.871032e-08,0.00642333
1.876032e-08,0.0109821
1.881032e-08,0.0156507
1.886032e-08,0.0111743
1.891032e-08,0.00710988
1.896032e-08,0.0137283
1.901032e-08,0.0148268
1.906032e-08,0.00137025
1.911032e-08,-0.00409477
1.916032e-08,-0.00107391
1.921032e-08,-0.00450671
1.926032e-08,-0.00310612
1.931032e-08,0.00422633
1.936032e-08,0.0115588
1.941032e-08,0.0243837
1.946032e-08,0.0300684
1.951032e-08,0.0235049
1.956032e-08,0.0237521
1.961032e-08,0.0256195
1.966032e-08,0.0113116
1.971032e-08,-0.0030512
1.976032e-08,-0.000167648
1.981032e-08,0.0101857
1.986032e-08,0.0158704
1.991032e-08,0.0127397
1.996032e-08,0.00345739
2.001032e-08,-0.00505595
2.006032e-08,-0.0117568
2.011032e-08,-0.0226593
2.016032e-08,-0.0304861
2.021032e-08,-0.0287835
2.026032e-08,-0.0329028
2.031032e-08,-0.0420203
2.036032e-08,-0.0401254
2.041032e-08,-0.0275751
2.046032e-08,-0.0132947
2.051032e-08,-0.0019527
2.056032e-08,0.013234
2.061032e-08,0.0303156
2.066032e-08,0.0322105
2.071032e-08,0.0258392
2.076032e-08,0.022736
2.081032e-08,0.0136734
2.086032e-08,0.00568184
2.091032e-08,0.00535229
2.096032e-08,0.00551707
2.101032e-08,0.0113391
2.106032e-08,0.0181223
2.111032e-08,0.0192757
2.116032e-08,0.0239443
2.121032e-08,0.0258942
2.126032e-08,0.0173259
2.131032e-08,0.00804361
2.136032e-08,-0.00112883
2.141032e-08,-0.0122236
2.146032e-08,-0.0176887
2.151032e-08,-0.0183477
2.156032e-08,-0.0162606
2.161032e-08,-0.00901054
2.166032e-08,-0.000442272
2.171032e-08,0.00433618
2.176032e-08,0.00716481
2.181032e-08,0.0160077
2.186032e-08,0.0212256
2.191032e-08,0.0135635
2.196032e-08,0.00919703
2.201032e-08,0.00809853
2.206032e-08,0.00367709
2.211032e-08,0.00290814
2.216032e-08,0.00474812
2.221032e-08,0.00886748
2.226032e-08,0.0108448
2.231032e-08,0.00439111
2.236032e-08,-0.00829651
2.241032e-08,-0.0201877
2.246032e-08,-0.0226044
2.251032e-08,-0.0205997
2.256032e-08,-0.0169746
2.261032e-08,-0.00439686
2.266032e-08,0.00238635
2.271032e-08,-0.00832398
2.276032e-08,-0.0100266
2.281032e-08,0.00208427
2.286032e-08,-8.52608e-05
2.291032e-08,-0.00829651
2.296032e-08,-0.00497357
2.301032e-08,-0.00296881
2.306032e-08,-0.00826905
2.311032e-08,-0.00961471
2.316032e-08,-0.00277657
2.321032e-08,0.00408902
2.326032e-08,0.00675287
2.331032e-08,0.00801614
2.336032e-08,0.00834569
2.341032e-08,0.00700004
2.346032e-08,0.00856539
2.351032e-08,0.0109821
2.356032e-08,0.00540722
2.361032e-08,-0.00129361
2.366032e-08,-0.00335328
2.371032e-08,0.0010407
2.376032e-08,0.0104878
2.381032e-08,0.00700004
2.386032e-08,-0.0037103
2.391032e-08,-0.0079395
2.396032e-08,-0.0168373
2.401032e-08,-0.0249113
2.406032e-08,-0.0223847
2.411032e-08,-0.0204898
2.416032e-08,-0.0201328
2.421032e-08,-0.0165902
2.426032e-08,-0.0120039
2.431032e-08,-0.00656638
2.436032e-08,-0.0106308
2.441032e-08,-0.0231537
2.446032e-08,-0.0195836
2.451032e-08,-0.00629176
2.456032e-08,-0.00557774
2.461032e-08,-0.00840636
2.466032e-08,-0.00214494
2.471032e-08,0.00738451
2.476032e-08,0.00867524
2.481032e-08,0.00205681
2.486032e-08,-0.00099152
2.491032e-08,0.00348485
2.496032e-08,0.0101582
2.501032e-08,0.0166668
2.506032e-08,0.021967
2.511032e-08,0.0178477
2.516032e-08,0.00798868
2.521032e-08,0.00930688
2.526032e-08,0.0136459
2.531032e-08,0.00458335
2.536032e-08,-0.00373776
2.541032e-08,0.00112308
2.546032e-08,0.00749436
2.551032e-08,0.00785137
2.556032e-08,0.00991105
2.561032e-08,0.0160901
2.566032e-08,0.0158978
2.571032e-08,0.0101582
2.576032e-08,0.00889494
2.581032e-08,0.00678034
2.586032e-08,-0.00436939
2.591032e-08,-0.0164528
2.596032e-08,-0.0219728
2.601032e-08,-0.0278223
2.606032e-08,-0.0312825
2.611032e-08,-0.0201877
2.616032e-08,-0.00986187
2.621032e-08,-0.017414
2.626032e-08,-0.0234558
2.631032e-08,-0.0179358
2.636032e-08,-0.0156015
2.641032e-08,-0.0165078
2.646032e-08,-0.0156839
2.651032e-08,-0.0168373
2.656032e-08,-0.0193639
2.661032e-08,-0.0186773
2.666032e-08,-0.010521
2.671032e-08,-0.000552121
2.676032e-08,0.000326675
2.681032e-08,-0.00255688
2.686032e-08,-0.000771821
2.691032e-08,0.00375947
2.696032e-08,0.00554453
2.701032e-08,0.00205681
2.706032e-08,0.000134438
2.711032e-08,-0.000661971
2.716032e-08,-0.00755503
2.721032e-08,-0.00944993
2.726032e-08,-0.00587982
2.731032e-08,-0.011949
2.736032e-08,-0.0123609
2.741032e-08,0.00395171
2.746032e-08,0.0127397
2.751032e-08,0.00878509
2.756032e-08,0.00947165
2.761032e-08,0.00842808
2.766032e-08,-0.00140346
2.771032e-08,-0.00393
2.776032e-08,-0.00739026
2.781032e-08,-0.0210391
2.786032e-08,-0.0190618
2.791032e-08,-0.00760996
2.796032e-08,-0.00873591
2.801032e-08,-0.00717056
2.806032e-08,0.00439111
2.811032e-08,0.0144149
2.816032e-08,0.0114764
2.821032e-08,-0.00500103
2.826032e-08,-0.0142009
2.831032e-08,-0.0129377
2.836032e-08,-0.0135144
2.841032e-08,-0.00791204
2.846032e-08,0.00301799
2.851032e-08,0.00875763
2.856032e-08,0.0115863
2.861032e-08,0.0124101
2.866032e-08,0.0122454
2.871032e-08,0.00837315
2.876032e-08,-0.000771821
2.881032e-08,-0.00461655
2.886032e-08,-0.00549535
2.891032e-08,-0.00755503
2.896032e-08,-0.000716896
2.901032e-08,0.00730212
2.906032e-08,-0.00211748
2.911032e-08,-0.0154917
2.916032e-08,-0.00585236
2.921032e-08,0.013948
2.926032e-08,0.0163372
2.931032e-08,0.0101033
2.936032e-08,0.0154585
2.941032e-08,0.0278989
2.946032e-08,0.0309747
2.951032e-08,0.0240542
2.956032e-08,0.0174357
2.961032e-08,0.0133164
2.966032e-08,0.00469319
2.971032e-08,-0.00780219
2.976032e-08,-0.00695086
2.981032e-08,-0.00324344
2.986032e-08,-0.017057
2.991032e-08,-0.0265041
2.996032e-08,-0.0219728
3.001032e-08,-0.0234558
3.006032e-08,-0.0280694
3.011032e-08,-0.0236755
3.016032e-08,-0.0190343
3.021032e-08,-0.0106857
3.026032e-08,0.00617616
3.031032e-08,0.00955404
3.036032e-08,0.00697257
3.041032e-08,0.0200996
3.046032e-08,0.0346821
3.051032e-08,0.0389663
3.056032e-08,0.0439095
3.061032e-08,0.055581
3.066032e-08,0.0604418
3.071032e-08,0.0540156
3.076032e-08,0.045365
3.081032e-08,0.0317986
3.086032e-08,0.0215276
3.091032e-08,0.0231479
3.096032e-08,0.0249604
3.101032e-08,0.0256745
3.106032e-08,0.0250977
3.111032e-08,0.0202644
3.116032e-08,0.0201271
3.121032e-08,0.0250154
3.126032e-08,0.0259491
3.131032e-08,0.0173808
3.136032e-08,0.00779644
3.141032e-08,0.00881255
3.146032e-08,0.01436
3.151032e-08,0.017216
3.156032e-08,0.0173808
3.161032e-08,0.0167217
3.166032e-08,0.0190835
3.171032e-08,0.0240542
3.176032e-08,0.0266356
3.181032e-08,0.0234775
3.186032e-08,0.0198524
3.191032e-08,0.0199074
3.196032e-08,0.0168316
3.201032e-08,0.0149916
3.206032e-08,0.018342
3.211032e-08,0.0136734
3.216032e-08,0.00268844
3.221032e-08,-0.00200763
3.226032e-08,0.00219412
3.231032e-08,0.00650571
3.236032e-08,0.003375
3.241032e-08,0.0014801
3.246032e-08,0.00340246
3.251032e-08,0.00186457
3.256032e-08,0.00191949
3.261032e-08,0.00645079
3.266032e-08,0.00812599
3.271032e-08,0.0108997
3.276032e-08,0.014717
3.281032e-08,0.0121904
3.286032e-08,0.0130143
3.291032e-08,0.0211706
3.296032e-08,0.02529
3.301032e-08,0.0185617
3.306032e-08,0.00815346
3.311032e-08,0.00969135
3.316032e-08,0.0146346
3.321032e-08,0.00590154
3.326032e-08,-0.00741772
3.331032e-08,-0.0163705
3.336032e-08,-0.0205173
3.341032e-08,-0.0180182
3.346032e-08,-0.0129926
3.351032e-08,-0.0106034
3.356032e-08,-0.0116744
3.361032e-08,-0.0110153
3.366032e-08,-0.00700578
3.371032e-08,-0.00571505
3.376032e-08,-0.00865353
3.381032e-08,-0.0118117
3.386032e-08,-0.00928516
3.391032e-08,-0.00099152
3.396032e-08,0.00367709
3.401032e-08,-0.000689433
3.406032e-08,-0.00906546
3.411032e-08,-0.0189794
3.416032e-08,-0.0288384
3.421032e-08,-0.0343034
3.426032e-08,-0.0366377
3.431032e-08,-0.037901
3.436032e-08,-0.0354843
3.441032e-08,-0.0294151
3.446032e-08,-0.0284264
3.451032e-08,-0.0286736
3.456032e-08,-0.0184301
3.461032e-08,-0.0110153
3.466032e-08,-0.0149424
3.471032e-08,-0.0129377
3.476032e-08,-0.00563266
3.481032e-08,-0.00752757
3.486032e-08,-0.00914785
3.491032e-08,-0.00447924
3.496032e-08,-0.00489118
3.501032e-08,-0.00936755
3.506032e-08,-0.0148875
3.511032e-08,-0.0205173
3.516032e-08,-0.0196385
3.521032e-08,-0.0179358
3.526032e-08,-0.0250211
3.531032e-08,-0.0335344
3.536032e-08,-0.036061
3.541032e-08,-0.033864
3.546032e-08,-0.0313375
3.551032e-08,-0.0332873
3.556032e-08,-0.032024
3.561032e-08,-0.0312825
3.566032e-08,-0.0371046
3.571032e-08,-0.0341112
3.576032e-08,-0.028399
3.581032e-08,-0.0324634
3.586032e-08,-0.0336718
3.591032e-08,-0.0255704
3.596032e-08,-0.0194462
3.601032e-08,-0.0252957
3.606032e-08,-0.0285363
3.611032e-08,-0.0188146
3.616032e-08,-0.0172767
3.621032e-08,-0.0256802
3.626032e-08,-0.0273554
3.631032e-08,-0.0244169
3.636032e-08,-0.0235107
3.641032e-08,-0.0263393
3.646032e-08,-0.030184
3.651032e-08,-0.0304587
3.656032e-08,-0.0304312
3.661032e-08,-0.0328754
3.666032e-08,-0.0376263
3.671032e-08,-0.0420753
3.676032e-08,-0.0362532
3.681032e-08,-0.0285638
3.686032e-08,-0.0324085
3.691032e-08,-0.0348252
3.696032e-08,-0.0306234
3.701032e-08,-0.0251584
3.706032e-08,-0.0216432
3.711032e-08,-0.0261471
3.716032e-08,-0.0289482
3.721032e-08,-0.0305136
3.726032e-08,-0.0424323
3.731032e-08,-0.0480346
3.736032e-08,-0.0394663
3.741032e-08,-0.0325183
3.746032e-08,-0.0284539
3.751032e-08,-0.0249936
3.756032e-08,-0.0273554
3.761032e-08,-0.0342485
3.766032e-08,-0.0417457
3.771032e-08,-0.0438878
3.776032e-08,-0.0402353
3.781032e-08,-0.0353195
3.786032e-08,-0.0238952
3.791032e-08,-0.0129651
3.796032e-08,-0.0157937
3.801032e-08,-0.0197209
3.806032e-08,-0.0177161
3.811032e-08,-0.0235656
3.816032e-08,-0.0397409
3.821032e-08,-0.0529229
3.826032e-08,-0.0504787
3.831032e-08,-0.0436955
3.836032e-08,-0.048117
3.841032e-08,-0.0525933
3.846032e-08,-0.0458925
3.851032e-08,-0.0335344
3.856032e-08,-0.0252133
3.861032e-08,-0.0215059
3.866032e-08,-0.0174964
3.871032e-08,-0.0125532
3.876032e-08,-0.0106583
3.881032e-08,-0.0129926
3.886032e-08,-0.0176063
3.891032e-08,-0.0258724
3.896032e-08,-0.0297446
3.901032e-08,-0.0324909
3.906032e-08,-0.0425146
3.911032e-08,-0.0458925
3.916032e-08,-0.0416359
3.921032e-08,-0.0397135
3.926032e-08,-0.0403451
3.931032e-08,-0.0411415
3.936032e-08,-0.0360061
3.941032e-08,-0.0300467
3.946032e-08,-0.0352371
3.951032e-08,-0.0398233
3.956032e-08,-0.032381
3.961032e-08,-0.0264217
3.966032e-08,-0.0270533
3.971032e-08,-0.0269709
3.976032e-08,-0.0256253
3.981032e-08,-0.0267787
3.986032e-08,-0.030596
3.991032e-08,-0.0332598
3.996032e-08,-0.0294426
4.001032e-08,-0.0238952
4.006032e-08,-0.0270259
4.011032e-08,-0.0273279
4.016032e-08,-0.0217256
4.021032e-08,-0.0217256
4.026032e-08,-0.0214785
4.031032e-08,-0.0213411
4.036032e-08,-0.0255429
4.041032e-08,-0.0324085
4.046032e-08,-0.0446293
4.051032e-08,-0.0508632
4.056032e-08,-0.0437505
4.061032e-08,-0.0407296
4.066032e-08,-0.0459474
4.071032e-08,-0.0424323
4.076032e-08,-0.0304312
4.081032e-08,-0.0264217
4.086032e-08,-0.0291679
4.091032e-08,-0.0255978
4.096032e-08,-0.0165627
4.101032e-08,-0.0146678
4.106032e-08,-0.0217256
4.111032e-08,-0.0259548
4.116032e-08,-0.0238402
4.121032e-08,-0.0229614
4.126032e-08,-0.0275202
4.131032e-08,-0.0295249
4.136032e-08,-0.0270533
4.141032e-08,-0.0350998
4.146032e-08,-0.0449313
4.151032e-08,-0.0377362
4.156032e-08,-0.0282617
4.161032e-08,-0.0267238
4.166032e-08,-0.0277399
4.171032e-08,-0.0328479
4.176032e-08,-0.0363905
4.181032e-08,-0.0357589
4.186032e-08,-0.0408669
4.191032e-08,-0.0479522
4.196032e-08,-0.0424872
4.201032e-08,-0.0357589
4.206032e-08,-0.0407571
4.211032e-08,-0.0408669
4.216032e-08,-0.0356491
4.221032e-08,-0.0378186
4.226032e-08,-0.0366926
4.231032e-08,-0.0303488
4.236032e-08,-0.0266689
4.241032e-08,-0.0215883
4.246032e-08,-0.0216158
4.251032e-08,-0.0279321
4.256032e-08,-0.030541
4.261032e-08,-0.0359786
4.266032e-08,-0.0404824
4.271032e-08,-0.0356491
4.276032e-08,-0.029827
4.281032e-08,-0.0227967
4.286032e-08,-0.0157114
4.291032e-08,-0.0175513
4.296032e-08,-0.0231537
4.301032e-08,-0.0274378
4.306032e-08,-0.0331774
4.311032e-08,-0.0366652
4.316032e-08,-0.038972
4.321032e-08,-0.0419105
4.326032e-08,-0.0381756
4.331032e-08,-0.0302939
4.336032e-08,-0.0270808
4.341032e-08,-0.0288109
4.346032e-08,-0.0337267
4.351032e-08,-0.0367201
4.356032e-08,-0.032024
4.361032e-08,-0.0278772
4.366032e-08,-0.029882
4.371032e-08,-0.031667
4.376032e-08,-0.033864
4.381032e-08,-0.0371869
4.386032e-08,-0.0395212
4.391032e-08,-0.0400705
4.396032e-08,-0.037901
4.401032e-08,-0.0320515
4.406032e-08,-0.0282617
4.411032e-08,-0.0349625
4.416032e-08,-0.0377911
4.421032e-08,-0.0360061
4.426032e-08,-0.0452884
4.431032e-08,-0.0459749
4.436032e-08,-0.0358688
4.441032e-08,-0.0380932
4.446032e-08,-0.0412788
4.451032e-08,-0.0346329
4.456032e-08,-0.0229614
4.461032e-08,-0.0104111
4.466032e-08,-0.00909292
4.471032e-08,-0.0132397
4.476032e-08,-0.0112899
4.481032e-08,-0.0159311
4.486032e-08,-0.0283166
4.491032e-08,-0.0330127
4.496032e-08,-0.0321064
4.501032e-08,-0.0340013
4.506032e-08,-0.0344407
4.511032e-08,-0.0293876
4.516032e-08,-0.0267238
4.521032e-08,-0.0285088
4.526032e-08,-0.0227143
4.531032e-08,-0.012306
4.536032e-08,-0.0131848
4.541032e-08,-0.0230164
4.546032e-08,-0.0300467
4.551032e-08,-0.0318318
4.556032e-08,-0.0273829
4.561032e-08,-0.0157663
4.566032e-08,-0.00865353
4.571032e-08,-0.0124983
4.576032e-08,-0.0211214
4.581032e-08,-0.0278772
4.586032e-08,-0.0213137
4.591032e-08,-0.0127454
4.596032e-08,-0.019968
4.601032e-08,-0.0264492
4.606032e-08,-0.0238128
4.611032e-08,-0.0197209
4.616032e-08,-0.0151072
4.621032e-08,-0.0181555
4.626032e-08,-0.0255154
4.631032e-08,-0.0268886
4.636032e-08,-0.0290306
4.641032e-08,-0.0263393
4.646032e-08,-0.0196385
4.651032e-08,-0.0213686
4.656032e-08,-0.0129102
4.661032e-08,0.00375947
4.666032e-08,0.00175472
4.671032e-08,-0.00631922
4.676032e-08,-0.00318851
4.681032e-08,-0.00533058
4.686032e-08,-0.023648
4.691032e-08,-0.037846
4.696032e-08,-0.0336443
4.701032e-08,-0.0278772
4.706032e-08,-0.0299369
4.711032e-08,-0.0278772
4.716032e-08,-0.0281518
4.721032e-08,-0.0395762
4.726032e-08,-0.043723
4.731032e-08,-0.0372968
4.736032e-08,-0.0317219
4.741032e-08,-0.0233184
4.746032e-08,-0.0122236
4.751032e-08,-0.00258434
4.756032e-08,0.00689019
4.761032e-08,0.00782391
4.766032e-08,-0.00354552
4.771032e-08,-0.0112899
4.776032e-08,-0.0171394
4.781032e-08,-0.0328204
4.786032e-08,-0.0429266
4.791032e-08,-0.0391642
4.796032e-08,-0.0354019
4.801032e-08,-0.0308981
4.806032e-08,-0.0216707
4.811032e-08,-0.0154367
4.816032e-08,-0.00703324
4.821032e-08,-0.00406731
4.826032e-08,-0.0182654
4.831032e-08,-0.0257626
4.836032e-08,-0.019968
4.841032e-08,-0.0167824
4.846032e-08,-0.0149973
4.851032e-08,-0.0137066
4.856032e-08,-0.0096971
4.861032e-08,-0.00030496
4.866032e-08,0.00312784
4.871032e-08,-0.00382015
4.876032e-08,-0.0102189
4.881032e-08,-0.0060446
4.886032e-08,-0.00107391
4.891032e-08,-0.00719802
4.896032e-08,-0.0137341
4.901032e-08,-0.0193913
4.906032e-08,-0.0319142
4.911032e-08,-0.0369947
4.916032e-08,-0.0305685
4.921032e-08,-0.0292503
4.926032e-08,-0.0290032
4.931032e-08,-0.0197209
4.936032e-08,-0.0118392
4.941032e-08,-0.011235
4.946032e-08,-0.0143108
4.951032e-08,-0.0180182
4.956032e-08,-0.0205447
4.961032e-08,-0.020325
4.966032e-08,-0.0200504
4.971032e-08,-0.0230164
4.976032e-08,-0.0221925
4.981032e-08,-0.0158487
4.986032e-08,-0.0120589
4.991032e-08,-0.0146953
4.996032e-08,-0.0198307
5.001032e-08,-0.0245542
5.006032e-08,-0.0299094
5.011032e-08,-0.0336718
5.016032e-08,-0.0358962
5.021032e-08,-0.0377362
5.026032e-08,-0.0343034
5.031032e-08,-0.0275476
5.036032e-08,-0.0296073
5.041032e-08,-0.0342485
5.046032e-08,-0.0278497
5.051032e-08,-0.0189245
5.056032e-08,-0.015217
5.061032e-08,-0.00994426
5.066032e-08,0.00406156
5.071032e-08,0.0156781
5.076032e-08,0.0173808
5.081032e-08,0.022736
5.086032e-08,0.0203193
5.091032e-08,0.00587408
5.096032e-08,0.0014801
5.101032e-08,-0.00491864
5.106032e-08,-0.0170296
5.111032e-08,-0.0164528
5.116032e-08,-0.0143657
5.121032e-08,-0.0189245
5.126032e-08,-0.0261471
5.131032e-08,-0.0296897
5.136032e-08,-0.0190068
5.141032e-08,-0.0118941
5.146032e-08,-0.0195561
5.151032e-08,-0.017414
5.156032e-08,-0.00750011
5.161032e-08,-0.00851621
5.166032e-08,-0.0113174
5.171032e-08,-0.00714309
5.176032e-08,0.00244128
5.181032e-08,0.0100209
5.186032e-08,0.00642333
5.191032e-08,-0.00450671
5.196032e-08,-0.0122511
5.201032e-08,-0.0132397
5.206032e-08,-0.0149973
5.211032e-08,-0.0146678
5.216032e-08,-0.00475387
5.221032e-08,0.00145263
5.226032e-08,-0.00579744
5.231032e-08,-0.01302
5.236032e-08,-0.00673116
5.241032e-08,0.00411648
5.246032e-08,0.00697257
5.251032e-08,0.00620363
5.256032e-08,0.00568184
5.261032e-08,0.0035947
5.266032e-08,0.00263352
5.271032e-08,0.0044735
5.276032e-08,0.00974627
5.281032e-08,0.013591
5.286032e-08,0.0122179
5.291032e-08,0.0155683
5.296032e-08,0.0210333
5.301032e-08,0.0161999
5.306032e-08,0.00683526
5.311032e-08,0.000354137
5.316032e-08,-0.00848875
5.321032e-08,-0.0198582
5.326032e-08,-0.030541
5.331032e-08,-0.0385051
5.336032e-08,-0.0321613
5.341032e-08,-0.0163979
5.346032e-08,-0.010164
5.351032e-08,-0.0107681
5.356032e-08,-0.00895561
5.361032e-08,-0.000936595
5.366032e-08,0.00318276
5.371032e-08,-0.010109
5.376032e-08,-0.0205997
5.381032e-08,-0.0172493
5.386032e-08,-0.0191991
5.391032e-08,-0.020023
5.396032e-08,-0.00774727
5.401032e-08,0.00219412
5.406032e-08,0.00700004
5.411032e-08,0.0118609
5.416032e-08,0.00689019
5.421032e-08,-0.00294135
5.426032e-08,-0.00167808
5.431032e-08,0.00760421
5.436032e-08,0.0087027
5.441032e-08,-5.77984e-05
5.446032e-08,-0.00170554
5.451032e-08,0.00518752
5.456032e-08,0.0113666
5.461032e-08,0.0208411
5.466032e-08,0.0281461
5.471032e-08,0.0249604
5.476032e-08,0.0155134
5.481032e-08,0.00216665
5.486032e-08,-0.00412223
5.491032e-08,0.000766073
5.496032e-08,0.00502274
5.501032e-08,0.00787883
5.506032e-08,0.00285321
5.511032e-08,-0.010466
5.516032e-08,-0.00700578
5.521032e-08,0.00798868
5.526032e-08,0.00916956
5.531032e-08,0.0061487
5.536032e-08,0.00650571
5.541032e-08,0.00595646
5.546032e-08,0.0146895
5.551032e-08,0.0226261
5.556032e-08,0.0127671
5.561032e-08,-0.000332422
5.566032e-08,-0.00255688
5.571032e-08,0.00282575
5.576032e-08,0.0106251
5.581032e-08,0.0116412
5.586032e-08,0.00211173
5.591032e-08,-0.00409477
5.596032e-08,0.000326675
5.601032e-08,0.00713735
5.606032e-08,0.0065881
5.611032e-08,-0.000607046
5.616032e-08,-0.00401238
5.621032e-08,-0.00563266
5.626032e-08,-0.00876338
5.631032e-08,-0.0034906
5.636032e-08,0.0128495
5.641032e-08,0.0220494
5.646032e-08,0.0116961
5.651032e-08,0.000189363
5.656032e-08,0.00263352
5.661032e-08,0.0057093
5.666032e-08,-0.006484
5.671032e-08,-0.0207644
5.676032e-08,-0.0159036
5.681032e-08,-0.010164
5.686032e-08,-0.0209292
5.691032e-08,-0.0278772
5.696032e-08,-0.0223298
5.701032e-08,-0.018183
5.706032e-08,-0.0214785
5.711032e-08,-0.0229065
5.716032e-08,-0.0186498
5.721032e-08,-0.0254605
5.726032e-08,-0.0392192
5.731032e-08,-0.0368299
5.736032e-08,-0.0255154
5.741032e-08,-0.0256527
5.746032e-08,-0.0366377
5.751032e-08,-0.037544
5.756032e-08,-0.0258724
5.761032e-08,-0.0200779
5.766032e-08,-0.0155466
5.771032e-08,-0.00785712
5.776032e-08,-0.00489118
5.781032e-08,-0.00156823
5.786032e-08,-0.00189778
5.791032e-08,-0.00258434
5.796032e-08,0.00738451
5.801032e-08,0.0133713
5.806032e-08,0.0114215
5.811032e-08,0.00697257
5.816032e-08,0.00417141
5.821032e-08,0.0123277
5.826032e-08,0.0212256
5.831032e-08,0.0202644
5.836032e-08,0.0116137
5.841032e-08,0.00345739
5.846032e-08,0.00145263
5.851032e-08,-0.000332422
5.856032e-08,-0.00425954
5.861032e-08,-0.00607206
5.866032e-08,0.0022765
5.871032e-08,0.0155408
5.876032e-08,0.0171062
5.881032e-08,0.0146346
5.886032e-08,0.0161725
5.891032e-08,0.00993851
5.896032e-08,0.00164487
5.901032e-08,0.00318276
5.906032e-08,0.00414395
5.911032e-08,-0.00373776
5.916032e-08,-0.0154093
5.921032e-08,-0.0259548
5.926032e-08,-0.0326007
5.931032e-08,-0.0287011
5.936032e-08,-0.0221101
5.941032e-08,-0.0219453
5.946032e-08,-0.0131299
5.951032e-08,-0.00148584
5.956032e-08,0.00246874
5.961032e-08,0.00812599
5.966032e-08,0.00650571
5.971032e-08,-0.00236464
5.976032e-08,-0.00156823
5.981032e-08,0.00730212
5.986032e-08,0.0101857
5.991032e-08,0.00299053
5.996032e-08,-0.000744358
6.001032e-08,-0.00269419
6.006032e-08,-0.0137341
6.011032e-08,-0.0187322
6.016032e-08,-0.0157937
6.021032e-08,-0.0227143
6.026032e-08,-0.0285638
6.031032e-08,-0.0186773
6.036032e-08,-0.0117019
6.041032e-08,-0.0171394
6.046032e-08,-0.0186498
6.051032e-08,-0.0166725
6.056032e-08,-0.02038
6.061032e-08,-0.0191716
6.066032e-08,-0.011592
6.071032e-08,-0.0100541
6.076032e-08,-0.00846129
6.081032e-08,-0.00140346
6.086032e-08,0.00277083
6.091032e-08,0.00329261
6.096032e-08,0.0061487
6.101032e-08,0.00705496
6.106032e-08,0.000244288
6.111032e-08,-0.00137599
6.116032e-08,0.0035947
6.121032e-08,-0.0030512
6.126032e-08,-0.0127454
6.131032e-08,-0.00675862
6.136032e-08,0.0029356
6.141032e-08,0.00656064
6.146032e-08,0.00708242
6.151032e-08,0.00095831
6.156032e-08,0.00167233
6.161032e-08,0.0141677
6.166032e-08,0.0165295
6.171032e-08,0.00823584
6.176032e-08,0.00378694
6.181032e-08,0.00153502
6.186032e-08,-0.00280404
6.191032e-08,-0.00225479
6.196032e-08,0.00367709
6.201032e-08,0.00952657
6.206032e-08,0.0129868
6.211032e-08,0.0102681
6.216032e-08,0.00510513
6.221032e-08,-0.000222573
6.226032e-08,-0.00733533
6.231032e-08,-0.00939501
6.236032e-08,-0.00403984
6.241032e-08,0.00299053
6.246032e-08,0.00529737
6.251032e-08,0.00290814
6.256032e-08,-0.00439686
6.261032e-08,-0.0159585
6.266032e-08,-0.0210391
6.271032e-08,-0.0195561
6.276032e-08,-0.0152445
6.281032e-08,-0.00662131
6.286032e-08,-0.00112883
6.291032e-08,-0.00101898
6.296032e-08,0.00318276
6.301032e-08,0.00483051
6.306032e-08,-0.00552281
6.311032e-08,-0.00964217
6.316032e-08,-0.00505595
6.321032e-08,-0.0144206
6.326032e-08,-0.0291679
6.331032e-08,-0.0259823
6.336032e-08,-0.0159585
6.341032e-08,-0.017057
6.346032e-08,-0.0235931
6.351032e-08,-0.0243895
6.356032e-08,-0.0207644
6.361032e-08,-0.0220277
6.366032e-08,-0.0252683
6.371032e-08,-0.0213137
6.376032e-08,-0.015574
6.381032e-08,-0.0180182
6.386032e-08,-0.0266689
6.391032e-08,-0.0305685
6.396032e-08,-0.0241423
6.401032e-08,-0.0165902
6.406032e-08,-0.0154093
6.411032e-08,-0.0139263
6.416032e-08,-0.00920277
6.421032e-08,-0.00901054
6.426032e-08,-0.0135693
6.431032e-08,-0.0152445
6.436032e-08,-0.0125532
6.441032e-08,-0.00338075
6.446032e-08,0.00609378
6.451032e-08,0.00601139
6.456032e-08,0.00864778
6.461032e-08,0.0140579
6.466032e-08,0.000518912
6.471032e-08,-0.0235656
6.476032e-08,-0.0346879
6.481032e-08,-0.0376263
6.486032e-08,-0.0405099
6.491032e-08,-0.0389445
6.496032e-08,-0.0301017
6.501032e-08,-0.014915
6.506032e-08,-0.00590729
6.511032e-08,-0.00695086
6.516032e-08,-0.00458909
6.521032e-08,-0.000716896
6.526032e-08,-0.00362791
6.531032e-08,-0.0106308
6.536032e-08,-0.0124708
6.541032e-08,0.000793536
6.546032e-08,0.0115863
6.551032e-08,0.00897733
6.556032e-08,0.0141403
6.561032e-08,0.0155683
6.566032e-08,7.95135e-05
6.571032e-08,-0.006484
6.576032e-08,-0.00384761
6.581032e-08,-0.0123884
6.586032e-08,-0.0196385
6.591032e-08,-0.00917531
6.596032e-08,0.00392425
6.601032e-08,0.0103779
6.606032e-08,0.0142501
6.611032e-08,0.00686272
6.616032e-08,-0.00813174
6.621032e-08,-0.0126905
6.626032e-08,-0.00642907
6.631032e-08,0.0038144
6.636032e-08,0.0116961
6.641032e-08,0.00947165
6.646032e-08,0.00230397
6.651032e-08,0.00505021
6.656032e-08,0.0140579
6.661032e-08,0.0135086
6.666032e-08,0.011806
6.671032e-08,0.0140029
6.676032e-08,0.00463827
6.681032e-08,-0.0110153
6.686032e-08,-0.0134869
6.691032e-08,-0.000771821
6.696032e-08,0.0139206
6.701032e-08,0.016914
6.706032e-08,0.0129044
6.711032e-08,0.0177653
6.716032e-08,0.0250977
6.721032e-08,0.0240267
6.726032e-08,0.0214453
6.731032e-08,0.0148268
6.736032e-08,0.00664302
6.741032e-08,0.00631348
6.746032e-08,-0.00247449
6.751032e-08,-0.0149699
6.756032e-08,-0.00931262
6.761032e-08,-0.00568759
6.766032e-08,-0.014915
6.771032e-08,-0.0135693
6.776032e-08,0.00252367
6.781032e-08,0.0146071
6.786032e-08,0.0122179
6.791032e-08,0.0031553
6.796032e-08,-0.00209002
6.801032e-08,-0.00379268
6.806032e-08,-0.0151621
6.811032e-08,-0.0295249
6.816032e-08,-0.0206271
6.821032e-08,-0.00544043
6.826032e-08,-0.00590729
6.831032e-08,-0.00574251
6.836032e-08,0.000134438
6.841032e-08,-0.00324344
6.846032e-08,-0.0138714
6.851032e-08,-0.0135968
6.856032e-08,-0.0122236
6.861032e-08,-0.0184301
6.866032e-08,-0.0122786
6.871032e-08,-0.000442272
6.876032e-08,-0.00170554
6.881032e-08,-0.00813174
6.886032e-08,-0.0100816
6.891032e-08,-0.00887322
6.896032e-08,-0.00708817
6.901032e-08,-0.00373776
6.906032e-08,0.00310038
6.911032e-08,0.0118883
6.916032e-08,0.0174907
6.921032e-08,0.0175181
6.926032e-08,0.0175181
6.931032e-08,0.0224888
6.936032e-08,0.0262512
6.941032e-08,0.019825
6.946032e-08,0.00955404
6.951032e-08,0.00301799
6.956032e-08,-0.00244703
6.961032e-08,-0.000799283
6.966032e-08,0.00469319
6.971032e-08,-0.000579584
6.976032e-08,-0.00321597
6.981032e-08,-0.000387347
6.986032e-08,-0.0143382
6.991032e-08,-0.0257351
6.996032e-08,-0.0151621
7.001032e-08,-0.00898307
7.006032e-08,-0.0153543
7.011032e-08,-0.0151346
7.016032e-08,-0.00818667
7.021032e-08,-0.00541296
7.026032e-08,-0.00458909
7.031032e-08,-0.00456163
7.036032e-08,-0.00629176
7.041032e-08,-0.010466
7.046032e-08,-0.0185125
7.051032e-08,-0.0211214
7.056032e-08,-0.0127729
7.061032e-08,-0.00277657
7.066032e-08,-0.000250035
7.071032e-08,0.00180964
7.076032e-08,0.00938926
7.081032e-08,0.0148817
7.086032e-08,0.0142226
7.091032e-08,0.0103779
7.096032e-08,0.00793376
7.101032e-08,0.00433618
7.106032e-08,0.00084846
7.111032e-08,0.00205681
7.116032e-08,-0.000524659
7.121032e-08,-0.0047264
7.126032e-08,-0.000661971
7.131032e-08,0.00342992
7.136032e-08,0.00106816
7.141032e-08,-0.00165062
7.146032e-08,-0.00241956
7.151032e-08,-0.00368283
7.156032e-08,-0.00412223
7.161032e-08,-0.00143092
7.166032e-08,-0.0032709
7.171032e-08,-0.00750011
7.176032e-08,-0.0019527
7.181032e-08,-0.00255688
7.186032e-08,-0.0165078
7.191032e-08,-0.0245268
7.196032e-08,-0.0268336
7.201032e-08,-0.0266139
7.206032e-08,-0.0243345
7.211032e-08,-0.0254056
7.216032e-08,-0.0162881
7.221032e-08,0.00202934
7.226032e-08,0.00562692
7.231032e-08,-0.00184285
7.236032e-08,-0.00502849
7.241032e-08,-0.00796697
7.246032e-08,-0.0136242
7.251032e-08,-0.0159585
7.256032e-08,-0.0104386
7.261032e-08,-0.00678608
7.266032e-08,-0.0110977
7.271032e-08,-0.0107407
7.276032e-08,-0.0108505
7.281032e-08,-0.0174964
7.286032e-08,-0.0139538
7.291032e-08,-0.00115629
7.296032e-08,0.00282575
7.301032e-08,-0.00566013
7.306032e-08,-0.0106583
7.311032e-08,-0.00272165
7.316032e-08,0.000409062
7.321032e-08,-0.00804935
7.326032e-08,-0.00843383
7.331032e-08,0.0012604
7.336032e-08,0.00620363
7.341032e-08,0.00406156
7.346032e-08,0.00224904
7.351032e-08,0.00875763
7.356032e-08,0.0131241
7.361032e-08,0.003375
7.366032e-08,-0.00211748
7.371032e-08,0.00862032
7.376032e-08,0.0156781
7.381032e-08,0.0119707
7.386032e-08,0.0147994
7.391032e-08,0.0231205
7.396032e-08,0.0219945
7.401032e-08,0.012877
7.406032e-08,0.00543468
7.411032e-08,0.000738611
7.416032e-08,-0.00719802
7.421032e-08,-0.0121687
7.426032e-08,-0.00695086
7.431032e-08,-0.00681355
7.436032e-08,-0.0102189
7.441032e-08,-0.000661971
7.446032e-08,0.00139771
7.451032e-08,-0.0120863
7.456032e-08,-0.0118941
7.461032e-08,-0.000607046
7.466032e-08,0.0031553
7.471032e-08,0.00664302
7.476032e-08,0.0127397
7.481032e-08,0.0121355
7.486032e-08,0.0072472
7.491032e-08,0.00971881
7.496032e-08,0.0151564
7.501032e-08,0.00419887
7.506032e-08,-0.0150523
7.511032e-08,-0.0232361
7.516032e-08,-0.0255704
7.521032e-08,-0.0196659
7.526032e-08,-0.00898307
7.531032e-08,-0.00631922
7.536032e-08,0.000491449
7.541032e-08,0.0122179
7.546032e-08,0.0153761
7.551032e-08,0.0125474
7.556032e-08,0.0112567
7.561032e-08,0.0148817
7.566032e-08,0.0188089
7.571032e-08,0.0169963
7.576032e-08,0.0115313
7.581032e-08,0.0102955
7.586032e-08,0.0151564
7.591032e-08,0.0155408
7.596032e-08,0.00993851
7.601032e-08,0.00606631
7.606032e-08,0.00277083
7.611032e-08,0.00101323
7.616032e-08,0.00546214
7.621032e-08,0.00851047
7.626032e-08,0.00903225
7.631032e-08,0.014717
7.636032e-08,0.0130967
7.641032e-08,0.00375947
7.646032e-08,0.00167233
7.651032e-08,-0.00184285
7.656032e-08,-0.00917531
7.661032e-08,-0.0099168
7.666032e-08,-0.00810428
7.671032e-08,-0.0125257
7.676032e-08,-0.0180457
7.681032e-08,-0.0194737
7.686032e-08,-0.0274378
7.691032e-08,-0.0362807
7.696032e-08,-0.0329028
7.701032e-08,-0.0296623
7.706032e-08,-0.0292778
7.711032e-08,-0.0210116
7.716032e-08,-0.0114272
7.721032e-08,-0.00958725
7.726032e-08,-0.012306
7.731032e-08,-0.0135968
7.736032e-08,-0.011592
7.741032e-08,-0.00914785
7.746032e-08,-0.00612699
7.751032e-08,0.000793536
7.756032e-08,0.00386932
7.761032e-08,0.000820998
7.766032e-08,0.000820998
7.771032e-08,0.0022765
7.776032e-08,0.00419887
7.781032e-08,0.00735705
7.786032e-08,0.00101323
7.791032e-08,-0.00750011
7.796032e-08,0.00241382
7.801032e-08,0.0137558
7.806032e-08,0.00732958
7.811032e-08,0.00417141
7.816032e-08,0.00818092
7.821032e-08,-0.000689433
7.826032e-08,-0.00810428
7.831032e-08,-0.000469734
7.836032e-08,0.00332008
7.841032e-08,0.00326515
7.846032e-08,0.00779644
7.851032e-08,0.00859285
7.856032e-08,0.00557199
7.861032e-08,0.00428126
7.866032e-08,0.00112308
7.871032e-08,-0.00535804
7.876032e-08,-0.013789
7.881032e-08,-0.0217531
7.886032e-08,-0.0232361
7.891032e-08,-0.0202976
7.896032e-08,-0.0142559
7.901032e-08,-0.0081592
7.906032e-08,-0.00401238
7.911032e-08,0.00499528
7.916032e-08,0.0082633
7.921032e-08,0.00178218
7.926032e-08,0.000354137
7.931032e-08,0.00411648
7.936032e-08,0.00969135
7.941032e-08,0.0128495
7.946032e-08,0.0115588
7.951032e-08,0.0167766
7.956032e-08,0.0254273
7.961032e-08,0.0247133
7.966032e-08,0.017628
7.971032e-08,0.0138382
7.976032e-08,0.0135635
7.981032e-08,0.00982866
7.986032e-08,0.00296306
7.991032e-08,-0.00209002
7.996032e-08,-0.00480879
8.001032e-08,-0.0032709
8.006032e-08,-0.00250195
8.011032e-08,-0.00928516
8.016032e-08,-0.0113174
8.021032e-08,-5.77984e-05
8.026032e-08,0.0093618
8.031032e-08,0.00807107
8.036032e-08,0.00488543
8.041032e-08,0.00606631
8.046032e-08,0.0110095
8.051032e-08,0.0141952
8.056032e-08,0.00911464
8.061032e-08,-0.0021724
8.066032e-08,-0.00522073
8.071032e-08,0.00266098
8.076032e-08,0.00436365
8.081032e-08,0.00362216
8.086032e-08,0.00375947
8.091032e-08,-0.00511088
8.096032e-08,-0.00656638
8.101032e-08,0.0012604
8.106032e-08,-0.00351806
8.111032e-08,-0.00980695
8.116032e-08,-0.00497357
8.121032e-08,-0.00645653
8.126032e-08,-0.0106583
8.131032e-08,-0.00343567
8.136032e-08,0.00461081
8.141032e-08,0.0104878
8.146032e-08,0.0187814
8.151032e-08,0.025647
8.156032e-08,0.0275968
8.161032e-08,0.0243837
8.166032e-08,0.0211981
8.171032e-08,0.0201271
8.176032e-08,0.0194405
8.181032e-08,0.0147994
8.186032e-08,-3.03361e-05
8.191032e-08,-0.0128003
8.196032e-08,-0.00766488
8.201032e-08,0.00142517
8.206032e-08,0.00342992
8.211032e-08,0.00765913
8.216032e-08,0.0112567
8.221032e-08,0.00971881
8.226032e-08,0.00645079
8.231032e-08,0.00329261
8.236032e-08,0.00153502
8.241032e-08,-0.00395746
8.246032e-08,-0.0122786
8.251032e-08,-0.0153269
8.256032e-08,-0.0135144
8.261032e-08,-0.0105484
8.266032e-08,-0.00684101
8.271032e-08,-0.00156823
8.276032e-08,0.00263352
8.281032e-08,0.00351231
8.286032e-08,0.00411648
8.291032e-08,0.00763167
8.296032e-08,0.00743943
8.301032e-08,-0.00417716
8.306032e-08,-0.0177161
8.311032e-08,-0.0209292
8.316032e-08,-0.019611
8.321032e-08,-0.0206546
8.326032e-08,-0.0181555
8.331032e-08,-0.0145305
8.336032e-08,-0.0164803
8.341032e-08,-0.0164803
8.346032e-08,-0.010164
8.351032e-08,-0.00247449
8.356032e-08,-0.0023921
8.361032e-08,-0.00862606
8.366032e-08,-0.00508342
8.371032e-08,0.00513259
8.376032e-08,0.00768659
8.381032e-08,0.00540722
8.386032e-08,0.00441857
8.391032e-08,0.00488543
8.396032e-08,0.00837315
8.401032e-08,0.0140853
8.406032e-08,0.0158429
8.411032e-08,0.0137558
8.416032e-08,0.0115863
8.421032e-08,0.00757675
8.426032e-08,0.000134438
8.431032e-08,-0.00791204
8.436032e-08,-0.00843383
8.441032e-08,-0.00439686
8.446032e-08,-0.00156823
8.451032e-08,0.00488543
8.456032e-08,0.0107075
8.461032e-08,0.0138382
8.466032e-08,0.0176554
8.471032e-08,0.018699
8.476032e-08,0.0179575
8.481032e-08,0.0206214
8.486032e-08,0.0198799
8.491032e-08,0.0128221
8.496032e-08,0.0146346
8.501032e-08,0.0219945
8.506032e-08,0.0189462
8.511032e-08,0.0130418
8.516032e-08,0.0121904
8.521032e-08,0.0114489
8.526032e-08,0.00947165
8.531032e-08,0.00505021
8.536032e-08,0.00112308
8.541032e-08,0.0012604
8.546032e-08,-0.00107391
8.551032e-08,-0.00244703
8.556032e-08,-0.000140186
8.561032e-08,-0.00555028
8.566032e-08,-0.0135968
8.571032e-08,-0.0137615
8.576032e-08,-0.00955978
8.581032e-08,-0.00209002
8.586032e-08,0.00829077
8.591032e-08,0.013234
8.596032e-08,0.013948
8.601032e-08,0.0185617
8.606032e-08,0.0182596
8.611032e-08,0.0105976
8.616032e-08,0.00255113
8.621032e-08,-0.00769234
8.626032e-08,-0.0113723
8.631032e-08,-0.00233718
8.636032e-08,0.00768659
8.641032e-08,0.0105152
8.646032e-08,0.0102955
8.651032e-08,0.0100484
8.656032e-08,0.00436365
8.661032e-08,-0.00857114
8.666032e-08,-0.0242796
8.671032e-08,-0.0339189
8.676032e-08,-0.0314198
8.681032e-08,-0.0220277
8.686032e-08,-0.0138439
8.691032e-08,-0.00703324
8.696032e-08,0.00559945
8.701032e-08,0.0148817
8.706032e-08,0.0106251
8.711032e-08,0.0102406
8.716032e-08,0.0153211
8.721032e-08,0.0124651
8.726032e-08,0.0129868
8.731032e-08,0.0224614
8.736032e-08,0.0262512
8.741032e-08,0.0175731
8.746032e-08,0.00367709
8.751032e-08,2.45887e-05
8.756032e-08,0.00351231
8.761032e-08,-0.00865353
8.766032e-08,-0.028399
8.771032e-08,-0.0320789
8.776032e-08,-0.0278497
8.781032e-08,-0.0299369
8.786032e-08,-0.0306784
8.791032e-08,-0.0224122
8.796032e-08,-0.00923024
8.801032e-08,0.00516006
8.806032e-08,0.0151838
8.811032e-08,0.0193306
8.816032e-08,0.0280911
8.821032e-08,0.0342153
8.826032e-08,0.0239169
8.831032e-08,0.0161999
8.836032e-08,0.0239718
8.841032e-08,0.0272398
8.846032e-08,0.0147719
8.851032e-08,-0.000936595
8.856032e-08,-0.00804935
8.861032e-08,-0.00997172
8.866032e-08,-0.0162331
8.871032e-08,-0.0197209
8.876032e-08,-0.0139538
8.881032e-08,-0.0150523
8.886032e-08,-0.0175788
8.891032e-08,-0.00826905
8.896032e-08,-0.00362791
8.901032e-08,-0.00280404
8.906032e-08,0.00238635
8.911032e-08,0.000793536
8.916032e-08,-0.00269419
8.921032e-08,-0.00030496
8.926032e-08,0.0010407
8.931032e-08,0.00257859
8.936032e-08,0.0113116
8.941032e-08,0.0205665
8.946032e-08,0.020896
8.951032e-08,0.0200996
8.956032e-08,0.0246034
8.961032e-08,0.0212805
8.966032e-08,0.00161741
8.971032e-08,-0.0165078
8.976032e-08,-0.019968
8.981032e-08,-0.0211489
8.986032e-08,-0.024362
8.991032e-08,-0.0227143
8.996032e-08,-0.0161508
9.001032e-08,-0.00717056
9.006032e-08,-0.00203509
9.011032e-08,-0.001733
9.016032e-08,0.00191949
9.021032e-08,0.00916956
9.026032e-08,0.0139755
9.031032e-08,0.0155134
9.036032e-08,0.0158978
9.041032e-08,0.0160077
9.046032e-08,0.0158429
9.051032e-08,0.017216
9.056032e-08,0.0129319
9.061032e-08,-0.00519326
9.066032e-08,-0.0186224
9.071032e-08,-0.0176337
9.076032e-08,-0.0195012
9.081032e-08,-0.0201053
9.086032e-08,-0.0141735
9.091032e-08,-0.010164
9.096032e-08,-0.00519326
9.101032e-08,-0.00549535
9.106032e-08,-0.0121962
9.111032e-08,-0.0122511
9.116032e-08,-0.0113723
9.121032e-08,-0.0136242
9.126032e-08,-0.00829651
9.131032e-08,-0.00140346
9.136032e-08,-0.00140346
9.141032e-08,0.000546374
9.146032e-08,0.0044735
9.151032e-08,0.00222158
9.156032e-08,0.000766073
9.161032e-08,0.00809853
9.166032e-08,0.0160077
9.171032e-08,0.0182871
9.176032e-08,0.0200172
9.181032e-08,0.0154859
9.186032e-08,0.00246874
9.191032e-08,0.00175472
9.196032e-08,0.0135361
9.201032e-08,0.013591
9.206032e-08,0.00606631
9.211032e-08,0.00927941
9.216032e-08,0.0154585
9.221032e-08,0.0200996
9.226032e-08,0.0307825
9.231032e-08,0.0352314
9.236032e-08,0.024576
9.241032e-08,0.00867524
9.246032e-08,-0.00557774
9.251032e-08,-0.00895561
9.256032e-08,0.000161901
9.261032e-08,-0.00395746
9.266032e-08,-0.0219453
9.271032e-08,-0.0222749
9.276032e-08,-0.0132672
9.281032e-08,-0.0117568
9.286032e-08,-0.00645653
9.291032e-08,-0.001733
9.296032e-08,-0.00491864
9.301032e-08,-0.00782965
9.306032e-08,-0.0110702
9.311032e-08,-0.0120863
9.316032e-08,-0.0047264
9.321032e-08,-0.00230971
9.326032e-08,-0.01302
9.331032e-08,-0.0240599
9.336032e-08,-0.0240874
9.341032e-08,-0.0165627
9.346032e-08,-0.0150797
9.351032e-08,-0.0142009
9.356032e-08,-0.00206255
9.361032e-08,0.00417141
9.366032e-08,-0.00667623
9.371032e-08,-0.0211764
9.376032e-08,-0.025433
9.381032e-08,-0.0191167
9.386032e-08,-0.0166176
9.391032e-08,-0.019254
9.396032e-08,-0.0157937
9.401032e-08,-0.0106583
9.406032e-08,-0.00760996
9.411032e-08,0.000354137
9.416032e-08,0.00546214
9.421032e-08,-0.000799283
9.426032e-08,-0.00266673
9.431032e-08,0.00837315
9.436032e-08,0.0163647
9.441032e-08,0.0158429
9.446032e-08,0.0174632
9.451032e-08,0.0153211
9.456032e-08,-0.00134853
9.461032e-08,-0.0131024
9.466032e-08,-0.00420462
9.471032e-08,0.00757675
9.476032e-08,0.00782391
9.481032e-08,0.00178218
9.486032e-08,0.00329261
9.491032e-08,0.0153211
9.496032e-08,0.0210333
9.501032e-08,0.0174907
9.506032e-08,0.0155408
9.511032e-08,0.0124925
9.516032e-08,0.00790629
9.521032e-08,0.00743943
9.526032e-08,0.00969135
9.531032e-08,0.00859285
9.536032e-08,-0.000716896
9.541032e-08,-0.00804935
9.546032e-08,-0.00722548
9.551032e-08,-0.0119215
9.556032e-08,-0.0207919
9.561032e-08,-0.0258724
9.566032e-08,-0.0309255
9.571032e-08,-0.0306234
9.576032e-08,-0.0269984
9.581032e-08,-0.0234832
9.586032e-08,-0.0132397
9.591032e-08,-0.00436939
9.596032e-08,-0.00329836
9.601032e-08,-0.0069234
9.606032e-08,-0.0121412
9.611032e-08,-0.0126081
9.616032e-08,-0.0123335
9.621032e-08,-0.0118117
9.626032e-08,-0.00722548
9.631032e-08,-0.0067037
9.636032e-08,-0.00634669
9.641032e-08,0.00233143
9.646032e-08,0.00779644
9.651032e-08,0.00430872
9.656032e-08,0.00466573
9.661032e-08,0.00584661
9.666032e-08,-0.0056052
9.671032e-08,-0.0149699
9.676032e-08,-0.00653892
9.681032e-08,0.000463987
9.686032e-08,-0.0119215
9.691032e-08,-0.0237304
9.696032e-08,-0.0186773
9.701032e-08,-0.0140636
9.706032e-08,-0.0154093
9.711032e-08,-0.0126905
9.716032e-08,-0.0119215
9.721032e-08,-0.0129651
9.726032e-08,-0.00684101
9.731032e-08,-0.00354552
9.736032e-08,-0.00714309
9.741032e-08,-0.00497357
9.746032e-08,-0.00156823
9.751032e-08,-0.00623684
9.756032e-08,-0.0101365
9.761032e-08,-0.00813174
9.766032e-08,-0.00478133
9.771032e-08,-0.00107391
9.776032e-08,-0.00184285
9.781032e-08,-0.0130475
9.786032e-08,-0.0195012
9.791032e-08,-0.00964217
9.796032e-08,-0.00612699
9.801032e-08,-0.0162331
9.806032e-08,-0.0192815
9.811032e-08,-0.0161508
9.816032e-08,-0.0151621
9.821032e-08,-0.0145579
9.826032e-08,-0.0151346
9.831032e-08,-0.0147227
9.836032e-08,-0.00755503
9.841032e-08,0.00323769
9.846032e-08,0.00617616
9.851032e-08,0.000299213
9.856032e-08,-0.0030512
9.861032e-08,-0.00346313
9.866032e-08,-0.00763742
9.871032e-08,-0.014915
9.876032e-08,-0.0216158
9.881032e-08,-0.0169197
9.886032e-08,-0.00664877
9.891032e-08,-0.00601714
9.896032e-08,-0.00491864
9.901032e-08,-0.00143092
9.906032e-08,-0.00601714
9.911032e-08,-0.00906546
9.916032e-08,-0.0051658
9.921032e-08,-0.00980695
9.926032e-08,-0.0235107
9.931032e-08,-0.02763
9.936032e-08,-0.0189245
9.941032e-08,-0.0109329
9.946032e-08,-0.00887322
9.951032e-08,-0.00612699
9.956032e-08,-0.00362791
9.961032e-08,-0.00420462
9.966032e-08,-0.00187032
9.971032e-08,0.00200188
9.976032e-08,-0.00346313
9.981032e-08,-0.018128
9.986032e-08,-0.0252133
9.991032e-08,-0.0195012
9.996032e-08,-0.0161233
1.000103e-07,-0.019968
1.000603e-07,-0.021451
1.001103e-07,-0.0114272
1.001603e-07,0.0102955
1.002103e-07,0.0255646
1.002603e-07,0.0271025
1.003103e-07,0.0284207
1.003603e-07,0.0261413
1.004103e-07,0.0171062
1.004603e-07,0.0149916
1.005103e-07,0.015074
1.005603e-07,0.00669795
1.006103e-07,-0.000607046
1.006603e-07,-0.00324344
1.007103e-07,-0.00662131
1.007603e-07,-0.0053855
1.008103e-07,-0.000744358
1.008603e-07,-0.00266673
1.009103e-07,-0.00360045
1.009603e-07,0.00463827
1.010103e-07,0.0101582
1.010603e-07,0.0124376
1.011103e-07,0.018699
1.011603e-07,0.0215002
1.012103e-07,0.0203742
1.012603e-07,0.0197426
1.013103e-07,0.0188638
1.013603e-07,0.0152113
1.014103e-07,0.00708242
1.014603e-07,-0.000854208
1.015103e-07,-0.000936595
1.015603e-07,0.00730212
1.016103e-07,0.0149916
1.016603e-07,0.0138931
1.017103e-07,0.00299053
1.017603e-07,-0.00826905
1.018103e-07,-0.0142284
1.018603e-07,-0.021094
1.019103e-07,-0.0262844
1.019603e-07,-0.0247465
1.020103e-07,-0.0212862
1.020603e-07,-0.0147227
1.021103e-07,-0.00209002
1.021603e-07,0.0098012
1.022103e-07,0.0126298
1.022603e-07,0.00862032
1.023103e-07,0.00941673
1.023603e-07,0.0134812
1.024103e-07,0.0105152
1.024603e-07,0.00326515
1.025103e-07,-0.000799283
1.025603e-07,0.000793536
1.026103e-07,0.00450096
1.026603e-07,0.0118609
1.027103e-07,0.0201545
1.027603e-07,0.0174632
1.028103e-07,0.0104603
1.028603e-07,0.00576423
1.029103e-07,-0.00313359
1.029603e-07,-0.010466
1.030103e-07,-0.0133221
1.030603e-07,-0.0222749
1.031103e-07,-0.0282617
1.031603e-07,-0.0200504
1.032103e-07,-0.0142009
1.032603e-07,-0.0167275
1.033103e-07,-0.0132123
1.033603e-07,-0.00346313
1.034103e-07,-0.00225479
1.034603e-07,-0.00365537
1.035103e-07,0.00301799
1.035603e-07,0.00353977
1.036103e-07,-0.00030496
1.036603e-07,0.00180964
1.037103e-07,-0.00373776
1.037603e-07,-0.0161508
1.038103e-07,-0.0150523
1.038603e-07,-0.00346313
1.039103e-07,0.00631348
1.039603e-07,0.0141403
1.040103e-07,0.013591
1.040603e-07,0.000985772
1.041103e-07,-0.0104935
1.041603e-07,-0.00307866
1.042103e-07,0.011806
1.042603e-07,0.00623109
1.043103e-07,-0.00310612
1.043603e-07,0.00384186
1.044103e-07,0.0120531
1.044603e-07,0.0180399
1.045103e-07,0.0222142
1.045603e-07,0.0173808
1.046103e-07,0.00683526
1.046603e-07,0.00208427
1.047103e-07,0.00406156
1.047603e-07,-0.00134853
1.048103e-07,-0.0104935
1.048603e-07,-0.0144756
1.049103e-07,-0.0166176
1.049603e-07,-0.010164
1.050103e-07,-0.00118376
1.050603e-07,-0.00324344
1.051103e-07,-0.0060446
1.051603e-07,-0.00233718
1.052103e-07,-2.87366e-06
1.052603e-07,-0.00414969
1.053103e-07,-0.014503
1.053603e-07,-0.0256802
1.054103e-07,-0.0306509
1.054603e-07,-0.0297721
1.055103e-07,-0.022165
1.055603e-07,-0.00307866
1.056103e-07,0.0137283
1.056603e-07,0.012877
1.057103e-07,0.00628601
1.057603e-07,0.00765913
1.058103e-07,0.0133713
1.058603e-07,0.0132889
1.059103e-07,0.00246874
1.059603e-07,-0.00972456
1.060103e-07,-0.00914785
1.060603e-07,-0.0015133
1.061103e-07,-0.00318851
1.061603e-07,-0.00555028
1.062103e-07,0.00246874
1.062603e-07,0.00537975
1.063103e-07,0.00584661
1.063603e-07,0.0172435
1.064103e-07,0.0250703
1.064603e-07,0.0225712
1.065103e-07,0.0178477
1.065603e-07,0.0140853
1.066103e-07,0.0102955
1.066603e-07,0.00765913
1.067103e-07,0.0124651
1.067603e-07,0.0188363
1.068103e-07,0.0196602
1.068603e-07,0.023093
1.069103e-07,0.0258392
1.069603e-07,0.0185617
1.070103e-07,0.0102406
1.070603e-07,0.00474812
1.071103e-07,-0.0028315
1.071603e-07,-0.00955978
1.072103e-07,-0.0157663
1.072603e-07,-0.0276575
1.073103e-07,-0.0363356
1.073603e-07,-0.029113
1.074103e-07,-0.0199131
1.074603e-07,-0.0189519
1.075103e-07,-0.0149699
1.075603e-07,-0.00447924
1.076103e-07,0.00480304
1.076603e-07,0.00823584
1.077103e-07,0.0137009
1.077603e-07,0.0180125
1.078103e-07,0.0105976
1.078603e-07,0.00834569
1.079103e-07,0.0177378
1.079603e-07,0.0164746
1.080103e-07,0.00202934
1.080603e-07,-0.00821413
1.081103e-07,-0.00884576
1.081603e-07,-0.0062643
1.082103e-07,-0.00607206
1.082603e-07,-0.0053855
1.083103e-07,-0.00115629
1.083603e-07,0.00115055
1.084103e-07,0.00142517
1.084603e-07,0.00554453
1.085103e-07,0.0115313
1.085603e-07,0.0119982
1.086103e-07,0.00916956
1.086603e-07,0.00743943
1.087103e-07,0.00683526
1.087603e-07,0.0129044
1.088103e-07,0.0193581
1.088603e-07,0.0178477
1.089103e-07,0.0207587
1.089603e-07,0.0334189
1.090103e-07,0.0413006
1.090603e-07,0.0367418
1.091103e-07,0.0310845
1.091603e-07,0.0253724
1.092103e-07,0.00938926
1.092603e-07,-0.00953232
1.093103e-07,-0.0221101
1.093603e-07,-0.0285088
1.094103e-07,-0.0307333
1.094603e-07,-0.0326557
1.095103e-07,-0.0334521
1.095603e-07,-0.0244444
1.096103e-07,-0.00530311
1.096603e-07,0.00689019
1.097103e-07,0.00554453
1.097603e-07,0.000354137
1.098103e-07,-0.0060446
1.098603e-07,-0.0117842
1.099103e-07,-0.0147227
1.099603e-07,-0.0158761
1.100103e-07,-0.00862606
1.100603e-07,0.00529737
1.101103e-07,0.0112567
1.101603e-07,0.00417141
1.102103e-07,-0.00955978
1.102603e-07,-0.0163979
1.103103e-07,-0.0129926
1.103603e-07,-0.0141185
1.104103e-07,-0.0200779
1.104603e-07,-0.0212588
1.105103e-07,-0.0197758
1.105603e-07,-0.0171669
1.106103e-07,-0.0169746
1.106603e-07,-0.0223847
1.107103e-07,-0.0236755
1.107603e-07,-0.0113174
1.108103e-07,0.000985772
1.108603e-07,5.20511e-05
1.109103e-07,0.0031553
1.109603e-07,0.0158978
1.110103e-07,0.0179575
1.110603e-07,0.0087027
1.111103e-07,0.00455588
1.111603e-07,0.00101323
1.112103e-07,-0.0131574
1.112603e-07,-0.0263393
1.113103e-07,-0.0285363
1.113603e-07,-0.0245542
1.114103e-07,-0.0176063
1.114603e-07,-0.0100816
1.115103e-07,-0.00206255
1.115603e-07,0.00878509
1.116103e-07,0.0161175
1.116603e-07,0.0130692
1.117103e-07,0.00840062
1.117603e-07,0.0124101
1.118103e-07,0.0158429
1.118603e-07,0.0111469
1.119103e-07,0.00938926
1.119603e-07,0.0126024
1.120103e-07,0.0108722
1.120603e-07,0.00356724
1.121103e-07,-0.00211748
1.121603e-07,-0.00571505
1.122103e-07,-0.0141735
1.122603e-07,-0.0254056
1.123103e-07,-0.0266689
1.123603e-07,-0.0215334
1.124103e-07,-0.0214235
1.124603e-07,-0.0167549
1.125103e-07,-0.0047264
1.125603e-07,0.00700004
1.126103e-07,0.0209784
1.126603e-07,0.0279538
1.127103e-07,0.0244112
1.127603e-07,0.0196877
1.128103e-07,0.00960896
1.128603e-07,0.00318276
1.129103e-07,0.00559945
1.129603e-07,0.00375947
1.130103e-07,-0.0028315
1.130603e-07,-0.015986
1.131103e-07,-0.0267512
1.131603e-07,-0.0215059
1.132103e-07,-0.0140087
1.132603e-07,-0.0133496
1.133103e-07,-0.0140636
1.133603e-07,-0.0183477
1.134103e-07,-0.025131
1.134603e-07,-0.0250486
1.135103e-07,-0.0207919
1.135603e-07,-0.0228516
1.136103e-07,-0.0260647
1.136603e-07,-0.0182654
1.137103e-07,-0.00192524
1.137603e-07,0.00971881
1.138103e-07,0.011037
1.138603e-07,0.00650571
1.139103e-07,0.00417141
1.139603e-07,0.00834569
1.140103e-07,0.0105701
1.140603e-07,0.00411648
1.141103e-07,-0.00291389
1.141603e-07,-0.00634669
1.142103e-07,-0.00826905
1.142603e-07,-0.0077198
1.143103e-07,-0.00601714
1.143603e-07,-0.00747264
1.144103e-07,-0.0136791
1.144603e-07,-0.0166176
1.145103e-07,-0.0152994
1.145603e-07,-0.0153269
1.146103e-07,-0.0147227
1.146603e-07,-0.0138988
1.147103e-07,-0.010164
1.147603e-07,-0.00244703
1.148103e-07,0.00189203
1.148603e-07,0.00318276
1.149103e-07,0.00576423
1.149603e-07,0.0104328
1.150103e-07,0.0136734
1.150603e-07,0.0139755
1.151103e-07,0.0170787
1.151603e-07,0.0186166
1.152103e-07,0.0109821
1.152603e-07,0.00285321
1.153103e-07,0.00115055
1.153603e-07,0.0012604
1.154103e-07,-0.00233718
1.154603e-07,-0.00785712
1.155103e-07,-0.00667623
1.155603e-07,-0.00343567
1.156103e-07,-0.00708817
1.156603e-07,-0.0106857
1.157103e-07,-0.00892815
1.157603e-07,-0.00566013
1.158103e-07,-0.00423208
1.158603e-07,0.000216825
1.159103e-07,0.00993851
1.159603e-07,0.0138107
1.160103e-07,0.0120257
1.160603e-07,0.0139206
1.161103e-07,0.0144698
1.161603e-07,0.0091421
1.162103e-07,0.000683686
1.162603e-07,-0.00818667
1.163103e-07,-0.00958725
1.163603e-07,0.00109562
1.164103e-07,0.0144698
1.164603e-07,0.0139206
1.165103e-07,0.00356724
1.165603e-07,0.000903385
1.166103e-07,-0.00184285
1.166603e-07,-0.00527565
1.167103e-07,-0.00112883
1.167603e-07,0.00115055
1.168103e-07,0.00856539
1.168603e-07,0.0146071
1.169103e-07,0.00732958
1.169603e-07,0.00645079
1.170103e-07,0.00955404
1.170603e-07,0.00812599
1.171103e-07,0.00859285
1.171603e-07,0.0057093
1.172103e-07,0.00466573
1.172603e-07,0.0124651
1.173103e-07,0.0172984
1.173603e-07,0.0161175
1.174103e-07,0.0152388
1.174603e-07,0.0115039
1.175103e-07,0.003375
1.175603e-07,-0.00483625
1.176103e-07,-0.0062643
1.176603e-07,0.00474812
1.177103e-07,0.0174357
1.177603e-07,0.0206488
1.178103e-07,0.0225163
1.178603e-07,0.0230381
1.179103e-07,0.0104603
1.179603e-07,-0.00436939
1.180103e-07,-0.0079395
1.180603e-07,-0.0128553
1.181103e-07,-0.0273554
1.181603e-07,-0.0368299
1.182103e-07,-0.0294975
1.182603e-07,-0.0143657
1.183103e-07,-0.00508342
1.183603e-07,-0.00442432
1.184103e-07,-0.00835144
1.184603e-07,-0.0109604
1.185103e-07,-0.00832398
1.185603e-07,-0.00340821
1.186103e-07,-0.00121122
1.186603e-07,-0.00230971
1.187103e-07,-0.00804935
1.187603e-07,-0.0135418
1.188103e-07,-0.0112625
1.188603e-07,-0.0126356
1.189103e-07,-0.0209567
1.189603e-07,-0.0218355
1.190103e-07,-0.0164254
1.190603e-07,-0.0127454
1.191103e-07,-0.0147227
1.191603e-07,-0.0205173
1.192103e-07,-0.0252957
1.192603e-07,-0.030596
1.193103e-07,-0.0302939
1.193603e-07,-0.0241423
1.194103e-07,-0.0223847
1.194603e-07,-0.0184301
1.195103e-07,-0.00769234
1.195603e-07,0.00189203
1.196103e-07,0.0070275
1.196603e-07,0.00436365
1.197103e-07,-0.000689433
1.197603e-07,-0.00478133
1.198103e-07,-0.0146403
1.198603e-07,-0.01854
1.199103e-07,-0.0135144
1.199603e-07,-0.00697832
1.200103e-07,0.0042538
1.200603e-07,0.0112842
1.201103e-07,0.0134262
1.201603e-07,0.0158155
1.202103e-07,0.0107075
1.202603e-07,7.95135e-05
1.203103e-07,-0.00890069
1.203603e-07,-0.017057
1.204103e-07,-0.0204074
1.204603e-07,-0.0151346
1.205103e-07,-0.0129651
1.205603e-07,-0.0144206
1.206103e-07,-0.0112899
1.206603e-07,-0.0132947
1.207103e-07,-0.0191167
1.207603e-07,-0.0197209
1.208103e-07,-0.019254
1.208603e-07,-0.0215334
1.209103e-07,-0.026916
1.209603e-07,-0.030953
1.210103e-07,-0.0312825
1.210603e-07,-0.0302115
1.211103e-07,-0.0231262
1.211603e-07,-0.00914785
1.212103e-07,-0.00673116
1.212603e-07,-0.01854
1.213103e-07,-0.0234283
1.213603e-07,-0.0195836
1.214103e-07,-0.011235
1.214603e-07,-0.00505595
1.215103e-07,-0.0096971
1.215603e-07,-0.0161233
1.216103e-07,-0.0223023
1.216603e-07,-0.0249662
1.217103e-07,-0.0165352
1.217603e-07,-0.0111526
1.218103e-07,-0.0107956
1.218603e-07,-0.00409477
1.219103e-07,0.00494036
1.219603e-07,0.0145247
1.220103e-07,0.0178477
1.220603e-07,0.0138931
1.221103e-07,0.0185617
1.221603e-07,0.0255097
1.222103e-07,0.0220769
1.222603e-07,0.0186715
1.223103e-07,0.0215826
1.223603e-07,0.0231479
1.224103e-07,0.0237521
1.224603e-07,0.0285031
1.225103e-07,0.0290249
1.225603e-07,0.0161725
1.226103e-07,-0.00222733
1.226603e-07,-0.0118941
1.227103e-07,-0.00983441
1.227603e-07,-0.00145838
1.228103e-07,0.0044735
1.228603e-07,0.0052699
1.229103e-07,0.00785137
1.229603e-07,0.0101033
1.230103e-07,0.0104328
1.230603e-07,0.00991105
1.231103e-07,0.000793536
1.231603e-07,-0.010109
1.232103e-07,-0.00892815
1.232603e-07,-0.00277657
1.233103e-07,-0.000387347
1.233603e-07,0.000491449
1.234103e-07,-0.00321597
1.234603e-07,-0.0107132
1.235103e-07,-0.0164254
1.235603e-07,-0.0208468
1.236103e-07,-0.0198582
1.236603e-07,-0.0111526
1.237103e-07,0.000711148
1.237603e-07,0.0116412
1.238103e-07,0.0158978
1.238603e-07,0.0173808
1.239103e-07,0.0236972
1.239603e-07,0.0277891
1.240103e-07,0.0211157
1.240603e-07,0.00557199
1.241103e-07,-0.00796697
1.241603e-07,-0.0133496
1.242103e-07,-0.0199131
1.242603e-07,-0.0289757
1.243103e-07,-0.03131
1.243603e-07,-0.0287011
1.244103e-07,-0.0230438
1.244603e-07,-0.0120314
1.245103e-07,0.00137025
1.245603e-07,0.0122179
1.246103e-07,0.0170238
1.246603e-07,0.0211157
1.247103e-07,0.0251527
1.247603e-07,0.0163922
1.248103e-07,0.00362216
1.248603e-07,0.00452842
1.249103e-07,0.00375947
1.249603e-07,-0.00478133
1.250103e-07,-0.0032709
1.250603e-07,0.000326675
1.251103e-07,-0.00162315
1.251603e-07,0.00518752
1.252103e-07,0.0141952
1.252603e-07,0.0124376
1.253103e-07,0.00911464
1.253603e-07,0.00647825
1.254103e-07,-0.00338075
1.254603e-07,-0.0122786
1.255103e-07,-0.0117019
1.255603e-07,-0.0118392
1.256103e-07,-0.0198033
1.256603e-07,-0.0274378
1.257103e-07,-0.0263118
1.257603e-07,-0.0142284
1.258103e-07,0.00364962
1.258603e-07,0.0158978
1.259103e-07,0.0180674
1.259603e-07,0.0185892
1.260103e-07,0.0237246
1.260603e-07,0.0257294
1.261103e-07,0.0189736
1.261603e-07,0.0119158
1.262103e-07,0.00820838
1.262603e-07,0.00609378
1.263103e-07,0.00749436
1.263603e-07,0.00735705
1.264103e-07,0.00397917
1.264603e-07,0.00211173
1.265103e-07,0.00326515
1.265603e-07,0.0089224
1.266103e-07,0.0133438
1.266603e-07,0.0141128
1.267103e-07,0.011394
1.267603e-07,0.00373201
1.268103e-07,0.00378694
1.268603e-07,0.00529737
1.269103e-07,-0.00368283
1.269603e-07,-0.0058249
1.270103e-07,-0.00140346
1.270603e-07,-0.00277657
1.271103e-07,-0.00099152
1.271603e-07,0.00581915
1.272103e-07,0.00581915
1.272603e-07,-0.00382015
1.273103e-07,-0.0156564
1.273603e-07,-0.0230164
1.274103e-07,-0.0272181
1.274603e-07,-0.0283441
1.275103e-07,-0.0188695
1.275603e-07,-0.00689593
1.276103e-07,-0.00409477
1.276603e-07,-0.00384761
1.277103e-07,-0.00456163
1.277603e-07,-0.00851621
1.278103e-07,-0.0120863
1.278603e-07,-0.0106034
1.279103e-07,-0.000964057
1.279603e-07,0.00631348
1.280103e-07,0.000436525
1.280603e-07,-0.00994426
1.281103e-07,-0.00936755
1.281603e-07,0.00112308
1.282103e-07,0.00112308
1.282603e-07,-0.00870845
1.283103e-07,-0.00972456
1.283603e-07,-0.00574251
1.284103e-07,-0.00447924
1.284603e-07,-0.00401238
1.285103e-07,-0.00236464
1.285603e-07,0.000354137
1.286103e-07,-0.00456163
1.286603e-07,-0.0137341
1.287103e-07,-0.0111251
1.287603e-07,-0.00884576
1.288103e-07,-0.0175513
1.288603e-07,-0.0197483
1.289103e-07,-0.0167
1.289603e-07,-0.0153818
1.290103e-07,-0.0128003
1.290603e-07,-0.014915
1.291103e-07,-0.0153543
1.291603e-07,-0.0126081
1.292103e-07,-0.0165078
1.292603e-07,-0.0209567
1.293103e-07,-0.0196659
1.293603e-07,-0.0151072
1.294103e-07,-0.0128553
1.294603e-07,-0.0125532
1.295103e-07,-0.00722548
1.295603e-07,-0.00209002
1.296103e-07,-0.0051658
1.296603e-07,-0.0104386
1.297103e-07,-0.00966963
1.297603e-07,-0.0021724
1.298103e-07,0.00444603
1.298603e-07,0.00334754
1.299103e-07,-0.00121122
1.299603e-07,-0.00763742
1.300103e-07,-0.0136791
1.300603e-07,-0.0137341
1.301103e-07,-0.0140636
1.301603e-07,-0.0137341
1.302103e-07,-0.00593475
1.302603e-07,0.00134278
1.303103e-07,-0.00123868
1.303603e-07,-0.0060446
1.304103e-07,-0.00741772
1.304603e-07,-0.0164528
1.305103e-07,-0.0264766
1.305603e-07,-0.0219179
1.306103e-07,-0.0122236
1.306603e-07,-0.00785712
1.307103e-07,-0.00442432
1.307603e-07,0.0044735
1.308103e-07,0.0140304
1.308603e-07,0.0134812
1.309103e-07,0.0120806
1.309603e-07,0.018342
1.310103e-07,0.016145
1.310603e-07,0.00584661
1.311103e-07,0.00867524
1.311603e-07,0.0201545
1.312103e-07,0.0215002
1.312603e-07,0.0154585
1.313103e-07,0.0145522
1.313603e-07,0.0184244
1.314103e-07,0.0168041
1.314603e-07,0.0126298
1.315103e-07,0.0166119
1.315603e-07,0.0222691
1.316103e-07,0.0234775
1.316603e-07,0.0262237
1.317103e-07,0.0271574
1.317603e-07,0.022324
1.318103e-07,0.0209235
1.318603e-07,0.0217473
1.319103e-07,0.0165569
1.319603e-07,0.00664302
1.320103e-07,-0.00486372
1.320603e-07,-0.0107956
1.321103e-07,-0.009038
1.321603e-07,-0.00719802
1.322103e-07,-0.00917531
1.322603e-07,-0.0143382
1.323103e-07,-0.0174964
1.323603e-07,-0.0140362
1.324103e-07,-0.00533058
1.324603e-07,0.00881255
1.325103e-07,0.02345
1.325603e-07,0.0253174
1.326103e-07,0.0138656
1.326603e-07,-0.00104644
1.327103e-07,-0.00986187
1.327603e-07,-0.00953232
1.328103e-07,-0.00887322
1.328603e-07,-0.00145838
1.329103e-07,0.0180125
1.329603e-07,0.0264434
1.330103e-07,0.0259765
1.330603e-07,0.0217748
1.331103e-07,0.00211173
1.331603e-07,-0.00618191
1.332103e-07,-0.00030496
1.332603e-07,-0.00664877
1.333103e-07,-0.00953232
1.333603e-07,-0.000689433
1.334103e-07,0.00428126
1.334603e-07,0.0112292
1.335103e-07,0.0215002
1.335603e-07,0.0196602
1.336103e-07,0.00897733
1.336603e-07,5.20511e-05
1.337103e-07,-0.00887322
1.337603e-07,-0.0195561
1.338103e-07,-0.0212862
1.338603e-07,-0.0143108
1.339103e-07,-0.00848875
1.339603e-07,0.00776898
1.340103e-07,0.0239718
1.340603e-07,0.0164471
1.341103e-07,0.00356724
1.341603e-07,0.00095831
1.342103e-07,-0.00222733
1.342603e-07,-0.00774727
1.343103e-07,-0.00744518
1.343603e-07,-0.00280404
1.344103e-07,-0.00442432
1.344603e-07,-0.00934009
1.345103e-07,-0.0056052
1.345603e-07,0.00219412
1.346103e-07,0.00205681
1.346603e-07,-0.000799283
1.347103e-07,0.00837315
1.347603e-07,0.0209784
1.348103e-07,0.0215002
1.348603e-07,0.0161999
1.349103e-07,0.00809853
1.349603e-07,-0.00209002
1.350103e-07,-0.0116469
1.350603e-07,-0.028399
1.351103e-07,-0.040455
1.351603e-07,-0.0398233
1.352103e-07,-0.042295
1.352603e-07,-0.0422126
1.353103e-07,-0.0317219
1.353603e-07,-0.0159311
1.354103e-07,-0.00332582
1.354603e-07,-0.00420462
1.355103e-07,-0.0104386
1.355603e-07,-0.0107407
1.356103e-07,-0.0067037
1.356603e-07,-0.00502849
1.357103e-07,-0.00445178
1.357603e-07,0.00150756
1.358103e-07,0.00312784
1.358603e-07,-0.000222573
1.359103e-07,0.00304545
1.359603e-07,0.00123293
1.360103e-07,-0.0021724
1.360603e-07,0.00620363
1.361103e-07,0.0108173
1.361603e-07,0.0103504
1.362103e-07,0.0147444
1.362603e-07,0.0173808
1.363103e-07,0.0121355
1.363603e-07,0.00573677
1.364103e-07,0.00985612
1.364603e-07,0.0172984
1.365103e-07,0.0166119
1.365603e-07,0.0132065
1.366103e-07,0.0061487
1.366603e-07,-0.00247449
1.367103e-07,0.00235889
1.367603e-07,0.00977374
1.368103e-07,0.00488543
1.368603e-07,0.00524244
1.369103e-07,0.00985612
1.369603e-07,0.00603885
1.370103e-07,0.0112842
1.370603e-07,0.0211706
1.371103e-07,0.0134812
1.371603e-07,0.00444603
1.372103e-07,0.00672541
1.372603e-07,-0.00126614
1.373103e-07,-0.0167
1.373603e-07,-0.0129651
1.374103e-07,-0.000936595
1.374603e-07,0.00131532
1.375103e-07,0.000463987
1.375603e-07,-0.000359885
1.376103e-07,0.00559945
1.376603e-07,0.0151838
1.377103e-07,0.012108
1.377603e-07,0.00625855
1.378103e-07,0.00730212
1.378603e-07,0.00793376
1.379103e-07,0.0123277
1.379603e-07,0.0164196
1.380103e-07,0.00873017
1.380603e-07,-0.00579744
1.381103e-07,-0.02038
1.381603e-07,-0.0270259
1.382103e-07,-0.0183203
1.382603e-07,-0.00535804
1.383103e-07,-0.000469734
1.383603e-07,0.00384186
1.384103e-07,0.00969135
1.384603e-07,0.00809853
1.385103e-07,0.00279829
1.385603e-07,-0.00576998
1.386103e-07,-0.0242522
1.386603e-07,-0.0410042
1.387103e-07,-0.0439976
1.387603e-07,-0.0385051
1.388103e-07,-0.029113
1.388603e-07,-0.0152445
1.389103e-07,0.00375947
1.389603e-07,0.0196327
1.390103e-07,0.0216924
1.390603e-07,0.0199623
1.391103e-07,0.0259216
1.391603e-07,0.0284482
1.392103e-07,0.0184244
1.392603e-07,0.00450096
1.393103e-07,-0.00250195
1.393603e-07,0.00241382
1.394103e-07,0.0118334
1.394603e-07,0.012108
1.395103e-07,0.0100758
1.395603e-07,0.0167492
1.396103e-07,0.0180674
1.396603e-07,0.00631348
1.397103e-07,-0.000112723
1.397603e-07,0.00134278
1.398103e-07,-0.00209002
1.398603e-07,-0.00296881
1.399103e-07,-0.000771821
1.399603e-07,-0.00280404
1.400103e-07,0.00156248
1.400603e-07,0.00603885
1.401103e-07,-0.000607046
1.401603e-07,-0.00579744
1.402103e-07,-0.00826905
1.402603e-07,-0.0151896
1.403103e-07,-0.0156839
1.403603e-07,-0.00785712
1.404103e-07,-0.0121687
1.404603e-07,-0.0201603
1.405103e-07,-0.0118941
1.405603e-07,-0.00478133
1.406103e-07,-0.00464402
1.406603e-07,-0.00099152
1.407103e-07,0.0040341
1.407603e-07,0.0074669
1.408103e-07,0.00274337
1.408603e-07,-0.00609952
1.409103e-07,-0.00566013
1.409603e-07,0.00257859
1.410103e-07,0.0074669
1.410603e-07,-0.000497197
1.411103e-07,-0.0123335
1.411603e-07,-0.0088183
1.412103e-07,0.00535229
1.412603e-07,0.0127397
1.413103e-07,0.0124925
1.413603e-07,0.0141128
1.414103e-07,0.01068
1.414603e-07,-0.00497357
1.415103e-07,-0.0124433
1.415603e-07,-0.00667623
1.416103e-07,-0.00642907
1.416603e-07,-0.0127729
1.417103e-07,-0.0184027
1.417603e-07,-0.0155191
1.418103e-07,-0.000332422
1.418603e-07,0.0132615
1.419103e-07,0.0178477
1.419603e-07,0.0200996
1.420103e-07,0.021967
1.420603e-07,0.0193581
1.421103e-07,0.0118883
1.421603e-07,0.00686272
1.422103e-07,0.00186457
1.422603e-07,-0.00975202
1.423103e-07,-0.0166451
1.423603e-07,-0.0116195
1.424103e-07,-0.00593475
1.424603e-07,-0.00302374
1.425103e-07,0.00532483
1.425603e-07,0.0177104
1.426103e-07,0.0254273
1.426603e-07,0.0260864
1.427103e-07,0.021967
1.427603e-07,0.0138931
1.428103e-07,0.00441857
1.428603e-07,-0.00209002
1.429103e-07,-0.00365537
1.429603e-07,-0.00332582
1.430103e-07,-0.00634669
1.430603e-07,-0.0069234
1.431103e-07,0.00115055
1.431603e-07,0.00716481
1.432103e-07,0.00326515
1.432603e-07,0.00150756
1.433103e-07,0.00546214
1.433603e-07,0.00285321
1.434103e-07,-0.00236464
1.434603e-07,0.00191949
1.435103e-07,0.0130418
1.435603e-07,0.0217748
1.436103e-07,0.0257843
1.436603e-07,0.0257294
1.437103e-07,0.0255921
1.437603e-07,0.0300959
1.438103e-07,0.0282834
1.438603e-07,0.0149092
1.439103e-07,0.00334754
1.439603e-07,-0.00403984
1.440103e-07,-0.0128827
1.440603e-07,-0.0152445
1.441103e-07,-0.00818667
1.441603e-07,-0.00187032
1.442103e-07,0.00466573
1.442603e-07,0.00721973
1.443103e-07,-0.00154077
1.443603e-07,-0.00403984
1.444103e-07,-0.00310612
1.444603e-07,-0.018897
1.445103e-07,-0.0297996
1.445603e-07,-0.0241148
1.446103e-07,-0.0261745
1.446603e-07,-0.0302939
1.447103e-07,-0.0187871
1.447603e-07,-0.00587982
1.448103e-07,-0.00524819
1.448603e-07,-0.00566013
1.449103e-07,-0.000909132
1.449603e-07,-0.000167648
1.450103e-07,-0.00662131
1.450603e-07,-0.0129377
1.451103e-07,-0.0117019
1.451603e-07,-0.0118117
1.452103e-07,-0.0164528
1.452603e-07,-0.0146129
1.453103e-07,-0.00708817
1.453603e-07,0.00321023
1.454103e-07,0.0116961
1.454603e-07,0.0149367
1.455103e-07,0.0167492
1.455603e-07,0.0166943
1.456103e-07,0.0136185
1.456603e-07,0.00911464
1.457103e-07,0.0126847
1.457603e-07,0.0182322
1.458103e-07,0.00927941
1.458603e-07,0.000573836
1.459103e-07,0.000628761
1.459603e-07,-0.0028315
1.460103e-07,-0.00382015
1.460603e-07,0.0029356
1.461103e-07,0.0093618
1.461603e-07,0.0150465
1.462103e-07,0.0211981
1.462603e-07,0.0241091
1.463103e-07,0.0208136
1.463603e-07,0.0152937
1.464103e-07,0.0156507
1.464603e-07,0.0179301
1.465103e-07,0.0168316
1.465603e-07,0.0131516
1.466103e-07,0.0100484
1.466603e-07,0.00834569
1.467103e-07,7.95135e-05
1.467603e-07,-0.0062643
1.468103e-07,-0.00266673
1.468603e-07,-0.00316105
1.469103e-07,-0.00958725
1.469603e-07,-0.0124433
1.470103e-07,-0.010164
1.470603e-07,-0.00563266
1.471103e-07,0.00183711
1.471603e-07,0.00881255
1.472103e-07,0.00760421
1.472603e-07,0.000573836
1.473103e-07,-0.00255688
1.473603e-07,-0.00346313
1.474103e-07,-0.0142559
1.474603e-07,-0.0264766
1.475103e-07,-0.0268062
1.475603e-07,-0.023648
1.476103e-07,-0.0202976
1.476603e-07,-0.0123609
1.477103e-07,-0.00247449
1.477603e-07,0.00285321
1.478103e-07,0.0027159
1.478603e-07,0.0057093
1.479103e-07,0.00897733
1.479603e-07,0.00579169
1.480103e-07,0.00367709
1.480603e-07,0.00323769
1.481103e-07,-0.00159569
1.481603e-07,-0.00618191
1.482103e-07,-0.00585236
1.482603e-07,-0.00576998
1.483103e-07,-0.00955978
1.483603e-07,-0.0122236
1.484103e-07,-0.0138714
1.484603e-07,-0.0177436
1.485103e-07,-0.0167
1.485603e-07,-0.00467148
1.486103e-07,0.00771406
1.486603e-07,0.00785137
1.487103e-07,-0.000552121
1.487603e-07,-0.00895561
1.488103e-07,-0.00988933
1.488603e-07,-0.00681355
1.489103e-07,-0.0110153
1.489603e-07,-0.00912039
1.490103e-07,0.00224904
1.490603e-07,0.00274337
1.491103e-07,0.00257859
1.491603e-07,0.0123277
1.492103e-07,0.0152662
1.492603e-07,0.00601139
1.493103e-07,-0.00519326
1.493603e-07,-0.00728041
1.494103e-07,-0.00263926
1.494603e-07,0.000711148
1.495103e-07,7.95135e-05
1.495603e-07,-0.00681355
1.496103e-07,-0.00898307
1.496603e-07,-0.00563266
1.497103e-07,-0.00975202
1.497603e-07,-0.0155191
1.498103e-07,-0.0177161
1.498603e-07,-0.0129651
1.499103e-07,-0.00461655
1.499603e-07,-0.00612699
1.500103e-07,-0.006484
1.500603e-07,0.00095831
1.501103e-07,0.000326675
1.501603e-07,-0.00557774
1.502103e-07,-0.000552121
1.502603e-07,0.00908718
1.503103e-07,0.00683526
1.503603e-07,-0.00156823
1.504103e-07,-0.00491864
1.504603e-07,-0.00986187
1.505103e-07,-0.0208468
1.505603e-07,-0.0260372
1.506103e-07,-0.0224671
1.506603e-07,-0.0183752
1.507103e-07,-0.0110153
1.507603e-07,0.00285321
1.508103e-07,0.0119982
1.508603e-07,0.0138107
1.509103e-07,0.0165844
1.509603e-07,0.0182871
1.510103e-07,0.0201545
1.510603e-07,0.0184519
1.511103e-07,0.00400663
1.511603e-07,-0.00640161
1.512103e-07,-0.000771821
1.512603e-07,0.0035947
1.513103e-07,-0.00088167
1.513603e-07,-0.00722548
1.514103e-07,-0.0144756
1.514603e-07,-0.0129651
1.515103e-07,0.00095831
1.515603e-07,0.00647825
1.516103e-07,0.00128786
1.516603e-07,0.000189363
1.517103e-07,0.00318276
1.517603e-07,0.00938926
1.518103e-07,0.0142501
1.518603e-07,0.0141677
1.519103e-07,0.0130692
1.519603e-07,0.0063684
1.520103e-07,-0.000524659
1.520603e-07,-0.0015133
1.521103e-07,-0.00697832
1.521603e-07,-0.00810428
1.522103e-07,0.00342992
1.522603e-07,0.0108722
1.523103e-07,0.0108448
1.523603e-07,0.012108
1.524103e-07,0.0124651
1.524603e-07,0.0089224
1.525103e-07,0.0110645
1.525603e-07,0.0179301
1.526103e-07,0.0129868
1.526603e-07,0.00408902
1.527103e-07,0.00351231
1.527603e-07,-0.00112883
1.528103e-07,-0.00576998
1.528603e-07,0.00142517
1.529103e-07,0.00268844
1.529603e-07,-0.00384761
1.530103e-07,-0.000579584
1.530603e-07,-8.52608e-05
1.531103e-07,-0.0049461
1.531603e-07,-0.00274911
1.532103e-07,-0.0121412
1.532603e-07,-0.0276026
1.533103e-07,-0.0206271
1.533603e-07,-0.00777473
1.534103e-07,-0.00725294
1.534603e-07,-0.00846129
1.535103e-07,-0.00821413
1.535603e-07,-0.00942247
1.536103e-07,-0.010466
1.536603e-07,-0.0155191
1.537103e-07,-0.0223847
1.537603e-07,-0.0205722
1.538103e-07,-0.0148326
1.538603e-07,-0.00799443
1.539103e-07,0.00653317
1.539603e-07,0.0192483
1.540103e-07,0.0173534
1.540603e-07,0.010323
1.541103e-07,0.011751
1.541603e-07,0.012877
1.542103e-07,0.00290814
1.542603e-07,-0.0103287
1.543103e-07,-0.0167275
1.543603e-07,-0.0124433
1.544103e-07,-0.00258434
1.544603e-07,0.000875923
1.545103e-07,-0.00318851
1.545603e-07,-0.00901054
1.546103e-07,-0.0124433
1.546603e-07,-0.00884576
1.547103e-07,-0.00241956
1.547603e-07,-0.00285896
1.548103e-07,-0.0102189
1.548603e-07,-0.0175513
1.549103e-07,-0.0185125
1.549603e-07,-0.0113723
1.550103e-07,-0.00464402
1.550603e-07,-0.00159569
1.551103e-07,0.00678034
1.551603e-07,0.0178477
1.552103e-07,0.0233676
1.552603e-07,0.0269103
1.553103e-07,0.0287228
1.553603e-07,0.0266356
1.554103e-07,0.0224888
1.554603e-07,0.00982866
1.555103e-07,-0.000332422
1.555603e-07,0.00656064
1.556103e-07,0.00719227
1.556603e-07,-0.00247449
1.557103e-07,-0.00810428
1.557603e-07,-0.0139812
1.558103e-07,-0.0124159
1.558603e-07,-0.00695086
1.559103e-07,-0.00865353
1.559603e-07,-0.00263926
1.560103e-07,0.00949911
1.560603e-07,0.00999344
1.561103e-07,0.00647825
1.561603e-07,0.0122728
1.562103e-07,0.0185892
1.562603e-07,0.0121355
1.563103e-07,0.000106976
1.563603e-07,-0.00414969
1.564103e-07,-0.00250195
1.564603e-07,0.00362216
1.565103e-07,0.0165569
1.565603e-07,0.0224888
1.566103e-07,0.0160626
1.566603e-07,0.0127397
1.567103e-07,0.0139206
1.567603e-07,0.0130418
1.568103e-07,0.0133713
1.568603e-07,0.0155958
1.569103e-07,0.0193306
1.569603e-07,0.0240542
1.570103e-07,0.0260315
1.570603e-07,0.0253724
1.571103e-07,0.0199348
1.571603e-07,0.0147994
1.572103e-07,0.0182871
1.572603e-07,0.0158704
1.573103e-07,0.00524244
1.573603e-07,0.00194696
1.574103e-07,0.00639586
1.574603e-07,0.0138656
1.575103e-07,0.0152388
1.575603e-07,0.00787883
1.576103e-07,0.00529737
1.576603e-07,0.011806
1.577103e-07,0.0180399
1.577603e-07,0.017985
1.578103e-07,0.0122179
1.578603e-07,0.00386932
1.579103e-07,0.00332008
1.579603e-07,0.00963642
1.580103e-07,0.00513259
1.580603e-07,-0.00351806
1.581103e-07,-0.00406731
1.581603e-07,-0.00631922
1.582103e-07,-0.0103013
1.582603e-07,-0.0158212
1.583103e-07,-0.0242522
1.583603e-07,-0.0212862
1.584103e-07,-0.00972456
1.584603e-07,-0.00791204
1.585103e-07,-0.0132123
1.585603e-07,-0.00862606
1.586103e-07,0.000628761
1.586603e-07,0.00238635
1.587103e-07,0.00851047
1.587603e-07,0.0155134
1.588103e-07,0.0120257
1.588603e-07,0.00977374
1.589103e-07,0.0104054
1.589603e-07,0.00897733
1.590103e-07,0.0119707
1.590603e-07,0.0192483
1.591103e-07,0.0195503
1.591603e-07,0.0137558
1.592103e-07,0.01068
1.592603e-07,0.00694511
1.593103e-07,0.00546214
1.593603e-07,0.00631348
1.594103e-07,-0.000909132
1.594603e-07,-0.00467148
1.595103e-07,0.00180964
1.595603e-07,0.00441857
1.596103e-07,0.00603885
