LECROYWR640Zi,59892,Waveform
Segments,1,SegmentSize,4002
Segment,TrigTime,TimeSinceSegment1
#1,01-Nov-2023 13:36:55,0                 
Time,Ampl
-4.042971e-08,0.00988359
-4.037971e-08,0.0113391
-4.032971e-08,0.0114215
-4.027971e-08,0.00834569
-4.022971e-08,0.00933434
-4.017971e-08,0.0224064
-4.012971e-08,0.0279813
-4.007971e-08,0.0141952
-4.002971e-08,0.0102955
-3.997971e-08,0.0226261
-3.992971e-08,0.0268004
-3.987971e-08,0.0243837
-3.982971e-08,0.0238345
-3.977971e-08,0.0176829
-3.972971e-08,0.00881255
-3.967971e-08,0.00518752
-3.962971e-08,0.00837315
-3.957971e-08,0.0137283
-3.952971e-08,0.0127671
-3.947971e-08,0.0117785
-3.942971e-08,0.0135361
-3.937971e-08,0.0123277
-3.932971e-08,0.0146895
-3.927971e-08,0.0173259
-3.922971e-08,0.0140579
-3.917971e-08,0.0183145
-3.912971e-08,0.0284756
-3.907971e-08,0.0322929
-3.902971e-08,0.0360003
-3.897971e-08,0.0414104
-3.892971e-08,0.0411632
-3.887971e-08,0.0328971
-3.882971e-08,0.0232028
-3.877971e-08,0.0221043
-3.872971e-08,0.024933
-3.867971e-08,0.0222142
-3.862971e-08,0.0178751
-3.857971e-08,0.0171611
-3.852971e-08,0.017985
-3.847971e-08,0.0218846
-3.842971e-08,0.024576
-3.837971e-08,0.0177378
-3.832971e-08,0.00966389
-3.827971e-08,0.0093618
-3.822971e-08,0.00732958
-3.817971e-08,0.00191949
-3.812971e-08,0.00342992
-3.807971e-08,0.0065881
-3.802971e-08,0.00919703
-3.797971e-08,0.0139755
-3.792971e-08,0.0130692
-3.787971e-08,0.0104603
-3.782971e-08,0.0190011
-3.777971e-08,0.030398
-3.772971e-08,0.02713
-3.767971e-08,0.0190011
-3.762971e-08,0.0176554
-3.757971e-08,0.0144973
-3.752971e-08,0.00894986
-3.747971e-08,0.00955404
-3.742971e-08,0.0186441
-3.737971e-08,0.0243837
-3.732971e-08,0.0240542
-3.727971e-08,0.0321007
-3.722971e-08,0.0405865
-3.717971e-08,0.0359454
-3.712971e-08,0.027487
-3.707971e-08,0.0255097
-3.702971e-08,0.028201
-3.697971e-08,0.0286679
-3.692971e-08,0.0253998
-3.687971e-08,0.0235049
-3.682971e-08,0.0268279
-3.677971e-08,0.0304529
-3.672971e-08,0.0295192
-3.667971e-08,0.0315514
-3.662971e-08,0.0381149
-3.657971e-08,0.0370713
-3.652971e-08,0.0263336
-3.647971e-08,0.0175181
-3.642971e-08,0.0152113
-3.637971e-08,0.0141403
-3.632971e-08,0.0126024
-3.627971e-08,0.00955404
-3.622971e-08,0.0027159
-3.617971e-08,-0.000469734
-3.612971e-08,0.00650571
-3.607971e-08,0.014662
-3.602971e-08,0.0166393
-3.597971e-08,0.016859
-3.592971e-08,0.0199623
-3.587971e-08,0.02529
-3.582971e-08,0.0261688
-3.577971e-08,0.0214453
-3.572971e-08,0.0229831
-3.567971e-08,0.0278714
-3.562971e-08,0.0212256
-3.557971e-08,0.0161725
-3.552971e-08,0.0202644
-3.547971e-08,0.0164196
-3.542971e-08,0.0124651
-3.537971e-08,0.0139755
-3.532971e-08,0.0115039
-3.527971e-08,0.0124651
-3.522971e-08,0.0163098
-3.517971e-08,0.0201545
-3.512971e-08,0.0299037
-3.507971e-08,0.0386642
-3.502971e-08,0.0356433
-3.497971e-08,0.0227909
-3.492971e-08,0.0146346
-3.487971e-08,0.012108
-3.482971e-08,0.00949911
-3.477971e-08,0.0190835
-3.472971e-08,0.0353412
-3.467971e-08,0.0404218
-3.462971e-08,0.0362749
-3.457971e-08,0.0293819
-3.452971e-08,0.0271025
-3.447971e-08,0.0316063
-3.442971e-08,0.0383895
-3.437971e-08,0.0421244
-3.432971e-08,0.0355884
-3.427971e-08,0.0305078
-3.422971e-08,0.0386642
-3.417971e-08,0.0443763
-3.412971e-08,0.0393507
-3.407971e-08,0.027844
-3.402971e-08,0.0154585
-3.397971e-08,0.0126298
-3.392971e-08,0.0146895
-3.387971e-08,0.018342
-3.382971e-08,0.0311944
-3.377971e-08,0.039131
-3.372971e-08,0.0292995
-3.367971e-08,0.0186441
-3.362971e-08,0.0166393
-3.357971e-08,0.0138931
-3.352971e-08,0.0115863
-3.347971e-08,0.0122454
-3.342971e-08,0.00837315
-3.337971e-08,0.00672541
-3.332971e-08,0.0144149
-3.327971e-08,0.0199897
-3.322971e-08,0.0241091
-3.317971e-08,0.0291622
-3.312971e-08,0.0283932
-3.307971e-08,0.0289425
-3.302971e-08,0.0286953
-3.297971e-08,0.0198799
-3.292971e-08,0.0157056
-3.287971e-08,0.0186715
-3.282971e-08,0.0160077
-3.277971e-08,0.0133164
-3.272971e-08,0.0158704
-3.267971e-08,0.0185342
-3.262971e-08,0.0236422
-3.257971e-08,0.0236422
-3.252971e-08,0.014305
-3.247971e-08,0.0131241
-3.242971e-08,0.0218572
-3.237971e-08,0.0214178
-3.232971e-08,0.0144698
-3.227971e-08,0.0176005
-3.222971e-08,0.0194405
-3.217971e-08,0.01068
-3.212971e-08,0.00738451
-3.207971e-08,0.0111194
-3.202971e-08,0.0138382
-3.197971e-08,0.0187265
-3.192971e-08,0.0250154
-3.187971e-08,0.0258667
-3.182971e-08,0.0239443
-3.177971e-08,0.0238345
-3.172971e-08,0.0164196
-3.167971e-08,0.00664302
-3.162971e-08,0.00963642
-3.157971e-08,0.0161999
-3.152971e-08,0.0159802
-3.147971e-08,0.0103504
-3.142971e-08,0.00743943
-3.137971e-08,0.0156507
-3.132971e-08,0.0221043
-3.127971e-08,0.0206763
-3.122971e-08,0.0228184
-3.117971e-08,0.0255646
-3.112971e-08,0.0253449
-3.107971e-08,0.0198524
-3.102971e-08,0.0116961
-3.097971e-08,0.0165844
-3.092971e-08,0.0256195
-3.087971e-08,0.0255097
-3.082971e-08,0.0236148
-3.077971e-08,0.0210059
-3.072971e-08,0.0203742
-3.067971e-08,0.0247133
-3.062971e-08,0.0257843
-3.057971e-08,0.021665
-3.052971e-08,0.0202644
-3.047971e-08,0.024219
-3.042971e-08,0.0246584
-3.037971e-08,0.0261139
-3.032971e-08,0.0359729
-3.027971e-08,0.0354511
-3.022971e-08,0.0229008
-3.017971e-08,0.0155683
-3.012971e-08,0.0145247
-3.007971e-08,0.0190011
-3.002971e-08,0.0247407
-2.997971e-08,0.0233951
-2.992971e-08,0.0179575
-2.987971e-08,0.0169963
-2.982971e-08,0.0209784
-2.977971e-08,0.0215002
-2.972971e-08,0.0179575
-2.967971e-08,0.0182596
-2.962971e-08,0.0204841
-2.957971e-08,0.0198799
-2.952971e-08,0.0202918
-2.947971e-08,0.0223515
-2.942971e-08,0.0258667
-2.937971e-08,0.0325401
-2.932971e-08,0.0347096
-2.927971e-08,0.0296016
-2.922971e-08,0.0235873
-2.917971e-08,0.0161175
-2.912971e-08,0.00982866
-2.907971e-08,0.0115863
-2.902971e-08,0.0174907
-2.897971e-08,0.016502
-2.892971e-08,0.0124925
-2.887971e-08,0.0158978
-2.882971e-08,0.0213629
-2.877971e-08,0.0251801
-2.872971e-08,0.0270476
-2.867971e-08,0.0240267
-2.862971e-08,0.0203468
-2.857971e-08,0.0174083
-2.852971e-08,0.0161175
-2.847971e-08,0.0194954
-2.842971e-08,0.0233127
-2.837971e-08,0.02529
-2.832971e-08,0.0248231
-2.827971e-08,0.021967
-2.822971e-08,0.0255921
-2.817971e-08,0.0351215
-2.812971e-08,0.0376206
-2.807971e-08,0.0320732
-2.802971e-08,0.0267455
-2.797971e-08,0.0260864
-2.792971e-08,0.0265533
-2.787971e-08,0.0216375
-2.782971e-08,0.017628
-2.777971e-08,0.0202644
-2.772971e-08,0.0218023
-2.767971e-08,0.0219396
-2.762971e-08,0.027075
-2.757971e-08,0.0313317
-2.752971e-08,0.030041
-2.747971e-08,0.0324302
-2.742971e-08,0.0378952
-2.737971e-08,0.034435
-2.732971e-08,0.0266631
-2.727971e-08,0.0261413
-2.722971e-08,0.0270476
-2.717971e-08,0.0254822
-2.712971e-08,0.0311395
-2.707971e-08,0.0353412
-2.702971e-08,0.023807
-2.697971e-08,0.00507767
-2.692971e-08,-0.00890069
-2.687971e-08,-0.0135144
-2.682971e-08,-0.0123884
-2.677971e-08,-0.00527565
-2.672971e-08,0.0102131
-2.667971e-08,0.0186166
-2.662971e-08,0.0156507
-2.657971e-08,0.0178751
-2.652971e-08,0.0283383
-2.647971e-08,0.036989
-2.642971e-08,0.042042
-2.637971e-08,0.043168
-2.632971e-08,0.0352039
-2.627971e-08,0.0241366
-2.622971e-08,0.0157056
-2.617971e-08,0.0108722
-2.612971e-08,0.0152388
-2.607971e-08,0.0200996
-2.602971e-08,0.0210333
-2.597971e-08,0.02713
-2.592971e-08,0.0340505
-2.587971e-08,0.0327323
-2.582971e-08,0.0199623
-2.577971e-08,0.00787883
-2.572971e-08,0.0070275
-2.567971e-08,0.00290814
-2.562971e-08,-0.00533058
-2.557971e-08,-0.00233718
-2.552971e-08,0.00612124
-2.547971e-08,0.00565438
-2.542971e-08,0.00134278
-2.537971e-08,0.00667049
-2.532971e-08,0.0124101
-2.527971e-08,0.008483
-2.522971e-08,0.0140853
-2.517971e-08,0.0300135
-2.512971e-08,0.0343251
-2.507971e-08,0.0327048
-2.502971e-08,0.0327048
-2.497971e-08,0.0274321
-2.492971e-08,0.0221867
-2.487971e-08,0.02345
-2.482971e-08,0.022379
-2.477971e-08,0.0163098
-2.472971e-08,0.0160901
-2.467971e-08,0.0229282
-2.462971e-08,0.0265258
-2.457971e-08,0.0200996
-2.452971e-08,0.0169963
-2.447971e-08,0.0247957
-2.442971e-08,0.0265807
-2.437971e-08,0.0238894
-2.432971e-08,0.0253998
-2.427971e-08,0.0217748
-2.422971e-08,0.0133988
-2.417971e-08,0.00944419
-2.412971e-08,0.00689019
-2.407971e-08,0.00290814
-2.402971e-08,0.0057093
-2.397971e-08,0.0150465
-2.392971e-08,0.0233402
-2.387971e-08,0.0319084
-2.382971e-08,0.0374558
-2.377971e-08,0.0304255
-2.372971e-08,0.01977
-2.367971e-08,0.0168865
-2.362971e-08,0.0118334
-2.357971e-08,-0.000497197
-2.352971e-08,-0.0103562
-2.347971e-08,-0.0079395
-2.342971e-08,0.00483051
-2.337971e-08,0.016859
-2.332971e-08,0.0271025
-2.327971e-08,0.0320457
-2.322971e-08,0.0280637
-2.317971e-08,0.0338033
-2.312971e-08,0.0488802
-2.307971e-08,0.0472599
-2.302971e-08,0.0347096
-2.297971e-08,0.0310571
-2.292971e-08,0.0283932
-2.287971e-08,0.0175456
-2.282971e-08,0.0111469
-2.277971e-08,0.0186715
-2.272971e-08,0.0265807
-2.267971e-08,0.0232578
-2.262971e-08,0.0217199
-2.257971e-08,0.0267455
-2.252971e-08,0.024219
-2.247971e-08,0.0210333
-2.242971e-08,0.0217748
-2.237971e-08,0.0152937
-2.232971e-08,0.00941673
-2.227971e-08,0.00820838
-2.222971e-08,0.0098012
-2.217971e-08,0.0133713
-2.212971e-08,0.0120806
-2.207971e-08,0.0118883
-2.202971e-08,0.0188363
-2.197971e-08,0.0234775
-2.192971e-08,0.0230106
-2.187971e-08,0.0265533
-2.182971e-08,0.0301508
-2.177971e-08,0.026004
-2.172971e-08,0.0221043
-2.167971e-08,0.0225437
-2.162971e-08,0.0258392
-2.157971e-08,0.0318535
-2.152971e-08,0.0331442
-2.147971e-08,0.0279538
-2.142971e-08,0.0285855
-2.137971e-08,0.0349018
-2.132971e-08,0.0308648
-2.127971e-08,0.0221318
-2.122971e-08,0.0210333
-2.117971e-08,0.0141677
-2.112971e-08,-0.000250035
-2.107971e-08,-0.00338075
-2.102971e-08,0.00408902
-2.097971e-08,0.0119982
-2.092971e-08,0.0184519
-2.087971e-08,0.0214727
-2.082971e-08,0.0251527
-2.077971e-08,0.0333639
-2.072971e-08,0.0405316
-2.067971e-08,0.0411632
-2.062971e-08,0.0346821
-2.057971e-08,0.0245485
-2.052971e-08,0.0189462
-2.047971e-08,0.0254273
-2.042971e-08,0.0290249
-2.037971e-08,0.0202918
-2.032971e-08,0.0199897
-2.027971e-08,0.0257294
-2.022971e-08,0.0219121
-2.017971e-08,0.0134262
-2.012971e-08,0.00321023
-2.007971e-08,-0.00398492
-2.002971e-08,-0.00272165
-1.997971e-08,0.00101323
-1.992971e-08,0.00224904
-1.987971e-08,0.00321023
-1.982971e-08,0.00557199
-1.977971e-08,0.00373201
-1.972971e-08,0.000820998
-1.967971e-08,0.00351231
-1.962971e-08,0.00112308
-1.957971e-08,-0.00453417
-1.952971e-08,-0.00453417
-1.947971e-08,-0.00706071
-1.942971e-08,-0.0110977
-1.937971e-08,-0.011592
-1.932971e-08,-0.00802189
-1.927971e-08,0.00477558
-1.922971e-08,0.0184519
-1.917971e-08,0.0202918
-1.912971e-08,0.0187539
-1.907971e-08,0.026361
-1.902971e-08,0.0345723
-1.897971e-08,0.0386367
-1.892971e-08,0.0486056
-1.887971e-08,0.0545649
-1.882971e-08,0.0463536
-1.877971e-08,0.0352863
-1.872971e-08,0.0258667
-1.867971e-08,0.0225163
-1.862971e-08,0.0297938
-1.857971e-08,0.0300684
-1.852971e-08,0.0193581
-1.847971e-08,0.0159802
-1.842971e-08,0.0176005
-1.837971e-08,0.014305
-1.832971e-08,0.0107898
-1.827971e-08,0.0104603
-1.822971e-08,0.00949911
-1.817971e-08,0.0134812
-1.812971e-08,0.0232852
-1.807971e-08,0.0260315
-1.802971e-08,0.0266356
-1.797971e-08,0.0297114
-1.792971e-08,0.0269377
-1.787971e-08,0.0257294
-1.782971e-08,0.0339406
-1.777971e-08,0.0408612
-1.772971e-08,0.0374558
-1.767971e-08,0.0326224
-1.762971e-08,0.0310845
-1.757971e-08,0.0280088
-1.752971e-08,0.0230655
-1.747971e-08,0.0144973
-1.742971e-08,0.00502274
-1.737971e-08,0.00145263
-1.732971e-08,0.00334754
-1.727971e-08,0.00628601
-1.722971e-08,0.0100484
-1.717971e-08,0.0167217
-1.712971e-08,0.020896
-1.707971e-08,0.0210608
-1.702971e-08,0.0184519
-1.697971e-08,0.0102131
-1.692971e-08,0.00716481
-1.687971e-08,0.017628
-1.682971e-08,0.0275694
-1.677971e-08,0.0276518
-1.672971e-08,0.0233402
-1.667971e-08,0.0170513
-1.662971e-08,0.0119158
-1.657971e-08,0.0111469
-1.652971e-08,0.00933434
-1.647971e-08,0.00804361
-1.642971e-08,0.0137832
-1.637971e-08,0.0172984
-1.632971e-08,0.0128221
-1.627971e-08,0.0123003
-1.622971e-08,0.0190835
-1.617971e-08,0.0249879
-1.612971e-08,0.0262237
-1.607971e-08,0.0196602
-1.602971e-08,0.00905971
-1.597971e-08,0.00565438
-1.592971e-08,0.0104328
-1.587971e-08,0.016914
-1.582971e-08,0.0182871
-1.577971e-08,0.0144698
-1.572971e-08,0.0142776
-1.567971e-08,0.017216
-1.562971e-08,0.0158978
-1.557971e-08,0.0166668
-1.552971e-08,0.0236697
-1.547971e-08,0.0243837
-1.542971e-08,0.0175731
-1.537971e-08,0.00743943
-1.532971e-08,-0.00247449
-1.527971e-08,0.000573836
-1.522971e-08,0.00991105
-1.517971e-08,0.0122179
-1.512971e-08,0.0124101
-1.507971e-08,0.0162823
-1.502971e-08,0.0221867
-1.497971e-08,0.0213629
-1.492971e-08,0.0163922
-1.487971e-08,0.0213354
-1.482971e-08,0.028558
-1.477971e-08,0.0250428
-1.472971e-08,0.0211706
-1.467971e-08,0.0261688
-1.462971e-08,0.027844
-1.457971e-08,0.0233127
-1.452971e-08,0.0268553
-1.447971e-08,0.0312219
-1.442971e-08,0.0229831
-1.437971e-08,0.015788
-1.432971e-08,0.0173534
-1.427971e-08,0.0177653
-1.422971e-08,0.0193306
-1.417971e-08,0.0251252
-1.412971e-08,0.0256745
-1.407971e-08,0.0205939
-1.402971e-08,0.0218023
-1.397971e-08,0.0266356
-1.392971e-08,0.0250703
-1.387971e-08,0.01977
-1.382971e-08,0.0070275
-1.377971e-08,-0.00615445
-1.372971e-08,-0.00222733
-1.367971e-08,0.00947165
-1.362971e-08,0.0179026
-1.357971e-08,0.0230381
-1.352971e-08,0.0261962
-1.347971e-08,0.0286129
-1.342971e-08,0.0240542
-1.337971e-08,0.0166943
-1.332971e-08,0.0176554
-1.327971e-08,0.0177104
-1.322971e-08,0.00952657
-1.317971e-08,0.00428126
-1.312971e-08,0.000601299
-1.307971e-08,-0.00461655
-1.302971e-08,-0.00362791
-1.297971e-08,-0.00313359
-1.292971e-08,-0.00483625
-1.287971e-08,0.00164487
-1.282971e-08,0.0110919
-1.277971e-08,0.0184793
-1.272971e-08,0.0295192
-1.267971e-08,0.0387191
-1.262971e-08,0.0390212
-1.257971e-08,0.0387466
-1.252971e-08,0.0455298
-1.247971e-08,0.049045
-1.242971e-08,0.0384445
-1.237971e-08,0.0234775
-1.232971e-08,0.0201271
-1.227971e-08,0.0304255
-1.222971e-08,0.039543
-1.217971e-08,0.0386092
-1.212971e-08,0.0384445
-1.207971e-08,0.0411083
-1.202971e-08,0.0325675
-1.197971e-08,0.0176829
-1.192971e-08,0.018342
-1.187971e-08,0.0280362
-1.182971e-08,0.0211981
-1.177971e-08,0.00603885
-1.172971e-08,0.00233143
-1.167971e-08,0.00414395
-1.162971e-08,0.0137832
-1.157971e-08,0.0315239
-1.152971e-08,0.034435
-1.147971e-08,0.0234225
-1.142971e-08,0.0213354
-1.137971e-08,0.0292446
-1.132971e-08,0.0298487
-1.127971e-08,0.0208136
-1.122971e-08,0.0207587
-1.117971e-08,0.0287228
-1.112971e-08,0.0297114
-1.107971e-08,0.0332815
-1.102971e-08,0.0433877
-1.097971e-08,0.0448157
-1.092971e-08,0.0383621
-1.087971e-08,0.0368517
-1.082971e-08,0.036632
-1.077971e-08,0.0230381
-1.072971e-08,0.00700004
-1.067971e-08,0.00576423
-1.062971e-08,0.00634094
-1.057971e-08,0.000134438
-1.052971e-08,-0.0026118
-1.047971e-08,-0.00324344
-1.042971e-08,-0.00664877
-1.037971e-08,-0.00571505
-1.032971e-08,-0.00104644
-1.027971e-08,0.00441857
-1.022971e-08,0.011806
-1.017971e-08,0.0114489
-1.012971e-08,0.00581915
-1.007971e-08,0.0110095
-1.002971e-08,0.0180125
-9.979706e-09,0.0146346
-9.929706e-09,0.0118883
-9.879706e-09,0.0160901
-9.829706e-09,0.0159253
-9.779706e-09,0.00768659
-9.729706e-09,0.00922449
-9.679706e-09,0.0210333
-9.629706e-09,0.0205939
-9.579706e-09,0.0135635
-9.529706e-09,0.0171337
-9.479706e-09,0.0244112
-9.429706e-09,0.0253724
-9.379706e-09,0.0182596
-9.329706e-09,0.0107075
-9.279706e-09,0.00930688
-9.229706e-09,0.00656064
-9.179706e-09,0.00216665
-9.129706e-09,0.00279829
-9.079706e-09,0.0093618
-9.029706e-09,0.0184793
-8.979706e-09,0.0215276
-8.929706e-09,0.0236422
-8.879706e-09,0.0323204
-8.829706e-09,0.0311395
-8.779706e-09,0.0206763
-8.729706e-09,0.0176554
-8.679706e-09,0.0205665
-8.629706e-09,0.02713
-8.579706e-09,0.0312219
-8.529706e-09,0.028915
-8.479706e-09,0.0286404
-8.429706e-09,0.0302332
-8.379706e-09,0.032595
-8.329706e-09,0.0336386
-8.279706e-09,0.0294643
-8.229706e-09,0.0286679
-8.179706e-09,0.0282559
-8.129706e-09,0.0200721
-8.079706e-09,0.014717
-8.029706e-09,0.0113666
-7.979706e-09,0.00601139
-7.929706e-09,0.00713735
-7.879706e-09,0.00730212
-7.829706e-09,0.00524244
-7.779706e-09,0.0136734
-7.729706e-09,0.0241915
-7.679706e-09,0.0297389
-7.629706e-09,0.0335562
-7.579706e-09,0.0260315
-7.529706e-09,0.00474812
-7.479706e-09,-0.00955978
-7.429706e-09,-0.0106034
-7.379706e-09,-0.0173042
-7.329706e-09,-0.0228516
-7.279706e-09,-0.0174415
-7.229706e-09,-0.0156564
-7.179706e-09,-0.0110428
-7.129706e-09,0.00274337
-7.079706e-09,0.0134262
-7.029706e-09,0.0255097
-6.979706e-09,0.0376206
-6.929706e-09,0.034792
-6.879706e-09,0.0330069
-6.829706e-09,0.0443763
-6.779706e-09,0.0427286
-6.729706e-09,0.0295192
-6.679706e-09,0.0285031
-6.629706e-09,0.0255646
-6.579706e-09,0.00971881
-6.529706e-09,0.00472066
-6.479706e-09,0.0155958
-6.429706e-09,0.019468
-6.379706e-09,0.0146071
-6.329706e-09,0.0153761
-6.279706e-09,0.0126573
-6.229706e-09,0.00197442
-6.179706e-09,0.0012604
-6.129706e-09,0.0101307
-6.079706e-09,0.0161999
-6.029706e-09,0.016914
-5.979706e-09,0.0167766
-5.929706e-09,0.0215002
-5.879706e-09,0.0249604
-5.829706e-09,0.0237796
-5.779706e-09,0.0232028
-5.729706e-09,0.018342
-5.679706e-09,0.00840062
-5.629706e-09,0.0038144
-5.579706e-09,0.00933434
-5.529706e-09,0.0197426
-5.479706e-09,0.023093
-5.429706e-09,0.0164196
-5.379706e-09,0.0115588
-5.329706e-09,0.0123827
-5.279706e-09,0.013234
-5.229706e-09,0.0171337
-5.179706e-09,0.0269103
-5.129706e-09,0.0332815
-5.079706e-09,0.0294917
-5.029706e-09,0.0249879
-4.979706e-09,0.0285855
-4.929706e-09,0.0323478
-4.879706e-09,0.0303431
-4.829706e-09,0.0267455
-4.779706e-09,0.0252076
-4.729706e-09,0.0259765
-4.679706e-09,0.0238894
-4.629706e-09,0.0231754
-4.579706e-09,0.0250154
-4.529706e-09,0.0176829
-4.479706e-09,0.0122179
-4.429706e-09,0.0149367
-4.379706e-09,0.011394
-4.329706e-09,0.0100209
-4.279706e-09,0.0148817
-4.229706e-09,0.0166668
-4.179706e-09,0.0215826
-4.129706e-09,0.0301508
-4.079706e-09,0.0343251
-4.029706e-09,0.0327323
-3.979706e-09,0.0269377
-3.929706e-09,0.0184519
-3.879706e-09,0.0145522
-3.829706e-09,0.0212805
-3.779706e-09,0.0289699
-3.729706e-09,0.0302058
-3.679706e-09,0.0315514
-3.629706e-09,0.0350391
-3.579706e-09,0.0369615
-3.529706e-09,0.0365221
-3.479706e-09,0.0309472
-3.429706e-09,0.0199897
-3.379706e-09,0.0152662
-3.329706e-09,0.0173534
-3.279706e-09,0.0158978
-3.229706e-09,0.0141128
-3.179706e-09,0.0155683
-3.129706e-09,0.0193581
-3.079706e-09,0.0192208
-3.029706e-09,0.0130967
-2.979706e-09,0.00881255
-2.929706e-09,0.00606631
-2.879706e-09,0.00941673
-2.829706e-09,0.0209235
-2.779706e-09,0.028558
-2.729706e-09,0.0271574
-2.679706e-09,0.0229008
-2.629706e-09,0.0219396
-2.579706e-09,0.0229831
-2.529706e-09,0.026004
-2.479706e-09,0.0273222
-2.429706e-09,0.0221318
-2.379706e-09,0.0197426
-2.329706e-09,0.0199897
-2.279706e-09,0.0168865
-2.229706e-09,0.0215826
-2.179706e-09,0.034023
-2.129706e-09,0.0342153
-2.079706e-09,0.0191384
-2.029706e-09,0.00818092
-1.979706e-09,0.0089224
-1.929706e-09,0.0140029
-1.879706e-09,0.0259491
-1.829706e-09,0.0440193
-1.779706e-09,0.0558282
-1.729706e-09,0.0584645
-1.679706e-09,0.0547846
-1.629706e-09,0.0452002
-1.579706e-09,0.0322105
-1.529706e-09,0.0196327
-1.479706e-09,0.013948
-1.429706e-09,0.0193581
-1.379706e-09,0.0286404
-1.329706e-09,0.0312493
-1.279706e-09,0.0281735
-1.229706e-09,0.0276792
-1.179706e-09,0.0311395
-1.129706e-09,0.0330069
-1.079706e-09,0.0305353
-1.029706e-09,0.0264983
-9.797062e-10,0.0260315
-9.297062e-10,0.0279538
-8.797062e-10,0.0232852
-8.297062e-10,0.0153211
-7.797062e-10,0.0147444
-7.297062e-10,0.015431
-6.797062e-10,0.0135086
-6.297062e-10,0.0184519
-5.797062e-10,0.027075
-5.297062e-10,0.0291896
-4.797062e-10,0.0253724
-4.297062e-10,0.0235873
-3.797062e-10,0.0287502
-3.297062e-10,0.0289425
-2.797062e-10,0.0222142
-2.297062e-10,0.0299037
-1.797062e-10,0.057421
-1.297062e-10,0.0874099
-7.97062e-11,0.1071
-2.97062e-11,0.132586
2.02938e-11,0.17647
7.02938e-11,0.218872
1.202938e-10,0.267838
1.702938e-10,0.356294
2.202938e-10,0.46911
2.702938e-10,0.578657
3.202938e-10,0.687545
3.702938e-10,0.787811
4.202938e-10,0.857812
4.702938e-10,0.896699
5.202938e-10,0.920564
5.702938e-10,0.935448
6.202938e-10,0.943275
6.702938e-10,0.950498
7.202938e-10,0.958929
7.702938e-10,0.966069
8.202938e-10,0.966893
8.702938e-10,0.966124
9.202938e-10,0.972111
9.702938e-10,0.974225
1.020294e-09,0.96563
1.070294e-09,0.955414
1.120294e-09,0.948136
1.170294e-09,0.944456
1.220294e-09,0.941627
1.270294e-09,0.940364
1.320294e-09,0.94127
1.370294e-09,0.937343
1.420294e-09,0.934322
1.470294e-09,0.934844
1.520294e-09,0.919767
1.570294e-09,0.889421
1.620294e-09,0.865447
1.670294e-09,0.856933
1.720294e-09,0.854654
1.770294e-09,0.83933
1.820294e-09,0.818266
1.870294e-09,0.805936
1.920294e-09,0.790996
1.970294e-09,0.774327
2.020294e-09,0.768834
2.070294e-09,0.772239
2.120294e-09,0.768834
2.170294e-09,0.756586
2.220294e-09,0.754471
2.270294e-09,0.7626
2.320294e-09,0.756558
2.370294e-09,0.734232
2.420294e-09,0.720638
2.470294e-09,0.715008
2.520294e-09,0.704874
2.570294e-09,0.700947
2.620294e-09,0.701002
2.670294e-09,0.693313
2.720294e-09,0.687134
2.770294e-09,0.68587
2.820294e-09,0.679197
2.870294e-09,0.669036
2.920294e-09,0.657145
2.970294e-09,0.642947
3.020294e-09,0.637207
3.070294e-09,0.633939
3.120294e-09,0.61845
3.170294e-09,0.609992
3.220294e-09,0.619274
3.270294e-09,0.619027
3.320294e-09,0.613452
3.370294e-09,0.61856
3.420294e-09,0.614468
3.470294e-09,0.6006
3.520294e-09,0.590081
3.570294e-09,0.576707
3.620294e-09,0.562235
3.670294e-09,0.554133
3.720294e-09,0.552595
3.770294e-09,0.561081
3.820294e-09,0.570913
3.870294e-09,0.571132
3.920294e-09,0.573906
3.970294e-09,0.575911
4.020294e-09,0.570473
4.070294e-09,0.569787
4.120294e-09,0.563443
4.170294e-09,0.545235
4.220294e-09,0.527467
4.270294e-09,0.505964
4.320294e-09,0.486631
4.370294e-09,0.487647
4.420294e-09,0.497396
4.470294e-09,0.500362
4.520294e-09,0.500664
4.570294e-09,0.500444
4.620294e-09,0.500993
4.670294e-09,0.497451
4.720294e-09,0.48858
4.770294e-09,0.48166
4.820294e-09,0.473888
4.870294e-09,0.469824
4.920294e-09,0.467791
4.970294e-09,0.454005
5.020294e-09,0.441263
5.070294e-09,0.444723
5.120294e-09,0.447909
5.170294e-09,0.433985
5.220294e-09,0.422726
5.270294e-09,0.42841
5.320294e-09,0.432585
5.370294e-09,0.434342
5.420294e-09,0.432283
5.470294e-09,0.418689
5.520294e-09,0.412208
5.570294e-09,0.413828
5.620294e-09,0.410093
5.670294e-09,0.402431
5.720294e-09,0.391199
5.770294e-09,0.377989
5.820294e-09,0.367801
5.870294e-09,0.365824
5.920294e-09,0.371865
5.970294e-09,0.378044
6.020294e-09,0.380379
6.070294e-09,0.382685
6.120294e-09,0.379417
6.170294e-09,0.363077
6.220294e-09,0.347781
6.270294e-09,0.342316
6.320294e-09,0.340201
6.370294e-09,0.339817
6.420294e-09,0.340915
6.470294e-09,0.34075
6.520294e-09,0.340641
6.570294e-09,0.343085
6.620294e-09,0.341876
6.670294e-09,0.338306
6.720294e-09,0.341053
6.770294e-09,0.342783
6.820294e-09,0.335121
6.870294e-09,0.322598
6.920294e-09,0.313261
6.970294e-09,0.308976
7.020294e-09,0.308235
7.070294e-09,0.31002
7.120294e-09,0.307411
7.170294e-09,0.304885
7.220294e-09,0.315842
7.270294e-09,0.3243
7.320294e-09,0.317874
7.370294e-09,0.317984
7.420294e-09,0.318341
7.470294e-09,0.30104
7.520294e-09,0.288819
7.570294e-09,0.286787
7.620294e-09,0.277834
7.670294e-09,0.266629
7.720294e-09,0.259379
7.770294e-09,0.262647
7.820294e-09,0.273468
7.870294e-09,0.278988
7.920294e-09,0.277971
7.970294e-09,0.269321
8.020294e-09,0.26056
8.070294e-09,0.255205
8.120294e-09,0.244577
8.170294e-09,0.239799
8.220294e-09,0.240952
8.270294e-09,0.230214
8.320294e-09,0.220575
8.370294e-09,0.219312
8.420294e-09,0.217746
8.470294e-09,0.2281
8.520294e-09,0.238783
8.570294e-09,0.228951
8.620294e-09,0.2189
8.670294e-09,0.21846
8.720294e-09,0.215879
8.770294e-09,0.220355
8.820294e-09,0.234059
8.870294e-09,0.240183
8.920294e-09,0.239167
8.970294e-09,0.23373
9.020294e-09,0.222113
9.070294e-09,0.213297
9.120294e-09,0.20385
9.170294e-09,0.187895
9.220294e-09,0.180727
9.270294e-09,0.187208
9.320294e-09,0.190394
9.370294e-09,0.188362
9.420294e-09,0.191163
9.470294e-09,0.192673
9.520294e-09,0.192783
9.570294e-09,0.193497
9.620294e-09,0.183501
9.670294e-09,0.172653
9.720294e-09,0.171225
9.770294e-09,0.173697
9.820294e-09,0.179381
9.870294e-09,0.178365
9.920294e-09,0.165101
9.970294e-09,0.152633
1.002029e-08,0.152084
1.007029e-08,0.154446
1.012029e-08,0.150216
1.017029e-08,0.147964
1.022029e-08,0.150052
1.027029e-08,0.15494
1.032029e-08,0.161751
1.037029e-08,0.169358
1.042029e-08,0.16966
1.047029e-08,0.156286
1.052029e-08,0.147553
1.057029e-08,0.144834
1.062029e-08,0.138929
1.067029e-08,0.142088
1.072029e-08,0.146921
1.077029e-08,0.139177
1.082029e-08,0.13297
1.087029e-08,0.133464
1.092029e-08,0.129784
1.097029e-08,0.124072
1.102029e-08,0.112977
1.107029e-08,0.100152
1.112029e-08,0.102926
1.117029e-08,0.111659
1.122029e-08,0.115257
1.127029e-08,0.111357
1.132029e-08,0.100949
1.137029e-08,0.104519
1.142029e-08,0.12377
1.147029e-08,0.138627
1.152029e-08,0.147662
1.157029e-08,0.155736
1.162029e-08,0.152715
1.167029e-08,0.140055
1.172029e-08,0.128796
1.177029e-08,0.119349
1.182029e-08,0.110066
1.187029e-08,0.0977083
1.192029e-08,0.0887556
1.197029e-08,0.0832905
1.202029e-08,0.0773312
1.207029e-08,0.0815055
1.212029e-08,0.084032
1.217029e-08,0.074942
1.222029e-08,0.0750244
1.227029e-08,0.084389
1.232029e-08,0.0880141
1.237029e-08,0.0915018
1.242029e-08,0.0971591
1.247029e-08,0.0973788
1.252029e-08,0.0937537
1.257029e-08,0.0902111
1.262029e-08,0.0922982
1.267029e-08,0.100894
1.272029e-08,0.10548
1.277029e-08,0.103942
1.282029e-08,0.102954
1.287029e-08,0.104464
1.292029e-08,0.102377
1.297029e-08,0.0986695
1.302029e-08,0.102185
1.307029e-08,0.102734
1.312029e-08,0.0918588
1.317029e-08,0.0839771
1.322029e-08,0.083318
1.327029e-08,0.0783748
1.332029e-08,0.0771939
1.337029e-08,0.0841144
1.342029e-08,0.0821646
1.347029e-08,0.0701635
1.352029e-08,0.0591236
1.357029e-08,0.0563225
1.362029e-08,0.0547571
1.367029e-08,0.0474796
1.372029e-08,0.0437172
1.377029e-08,0.0392134
1.382029e-08,0.0325675
1.387029e-08,0.031826
1.392029e-08,0.0324302
1.397029e-08,0.0290798
1.402029e-08,0.0237246
1.407029e-08,0.0267455
1.412029e-08,0.03806
1.417029e-08,0.0489076
1.422029e-08,0.0574484
1.427029e-08,0.0586019
1.432029e-08,0.055581
1.437029e-08,0.0561028
1.442029e-08,0.05451
1.447029e-08,0.0492921
1.452029e-08,0.0473972
1.457029e-08,0.0551416
1.462029e-08,0.0723331
1.467029e-08,0.0852953
1.472029e-08,0.0845538
1.477029e-08,0.0765348
1.482029e-08,0.0676644
1.487029e-08,0.054867
1.492029e-08,0.0377579
1.497029e-08,0.0254822
1.502029e-08,0.0249055
1.507029e-08,0.0235599
1.512029e-08,0.0192757
1.517029e-08,0.0313042
1.522029e-08,0.0453101
1.527029e-08,0.0425089
1.532029e-08,0.0430032
1.537029e-08,0.0569267
1.542029e-08,0.064671
1.547029e-08,0.0554437
1.552029e-08,0.0434701
1.557029e-08,0.0405865
1.562029e-08,0.0458593
1.567029e-08,0.0541804
1.572029e-08,0.0534389
1.577029e-08,0.0446235
1.582029e-08,0.0389663
1.587029e-08,0.0294643
1.592029e-08,0.0197975
1.597029e-08,0.0224339
1.602029e-08,0.02713
1.607029e-08,0.0297664
1.612029e-08,0.0319908
1.617029e-08,0.0326499
1.622029e-08,0.041685
1.627029e-08,0.0545649
1.632029e-08,0.0576407
1.637029e-08,0.0559655
1.642029e-08,0.0555261
1.647029e-08,0.055581
1.652029e-08,0.0557183
1.657029e-08,0.0488253
1.662029e-08,0.0353961
1.667029e-08,0.029327
1.672029e-08,0.0305902
1.677029e-08,0.0281735
1.682029e-08,0.0266356
1.687029e-08,0.0339132
1.692029e-08,0.043168
1.697029e-08,0.0505828
1.702029e-08,0.0554711
1.707029e-08,0.0573935
1.712029e-08,0.059206
1.717029e-08,0.0578878
1.722029e-08,0.0557183
1.727029e-08,0.0564323
1.732029e-08,0.0537685
1.737029e-08,0.0470127
1.742029e-08,0.0420695
1.747029e-08,0.0348194
1.752029e-08,0.0208411
1.757029e-08,0.01068
1.762029e-08,0.00903225
1.767029e-08,0.0122454
1.772029e-08,0.0239993
1.777029e-08,0.0341054
1.782029e-08,0.0316613
1.787029e-08,0.0299311
1.792029e-08,0.0344899
1.797029e-08,0.0350666
1.802029e-08,0.0246309
1.807029e-08,0.00991105
1.812029e-08,0.0054896
1.817029e-08,0.00944419
1.822029e-08,0.0182596
1.827029e-08,0.0313592
1.832029e-08,0.0356433
1.837029e-08,0.0279264
1.842029e-08,0.0176829
1.847029e-08,0.0134812
1.852029e-08,0.0129868
1.857029e-08,0.00686272
1.862029e-08,0.00191949
1.867029e-08,0.00664302
1.872029e-08,0.0131241
1.877029e-08,0.0158704
1.882029e-08,0.0222142
1.887029e-08,0.0301783
1.892029e-08,0.0322654
1.897029e-08,0.0378403
1.902029e-08,0.043168
1.907029e-08,0.0356433
1.912029e-08,0.0271025
1.917029e-08,0.0283658
1.922029e-08,0.0313592
1.927029e-08,0.0285855
1.932029e-08,0.0288052
1.937029e-08,0.0384994
1.942029e-08,0.0429208
1.947029e-08,0.0369615
1.952029e-08,0.0358905
1.957029e-08,0.0374833
1.962029e-08,0.0278714
1.967029e-08,0.017628
1.972029e-08,0.0164196
1.977029e-08,0.0134812
1.982029e-08,0.00768659
1.987029e-08,0.0101582
1.992029e-08,0.0195503
1.997029e-08,0.0217748
2.002029e-08,0.0205665
2.007029e-08,0.0253449
2.012029e-08,0.0277891
2.017029e-08,0.0268553
2.022029e-08,0.0253174
2.027029e-08,0.0231205
2.032029e-08,0.0264434
2.037029e-08,0.0305902
2.042029e-08,0.0340505
2.047029e-08,0.043882
2.052029e-08,0.0500885
2.057029e-08,0.05083
2.062029e-08,0.0578329
2.067029e-08,0.0629409
2.072029e-08,0.0578329
2.077029e-08,0.0506652
2.082029e-08,0.0469578
2.087029e-08,0.0432778
2.092029e-08,0.0352588
2.097029e-08,0.025647
2.102029e-08,0.0219396
2.107029e-08,0.0281735
2.112029e-08,0.0322105
2.117029e-08,0.0207587
2.122029e-08,0.00922449
2.127029e-08,0.010323
2.132029e-08,0.0123552
2.137029e-08,0.00988359
2.142029e-08,0.00859285
2.147029e-08,0.0117236
2.152029e-08,0.0160901
2.157029e-08,0.0228733
2.162029e-08,0.0288326
2.167029e-08,0.0275694
2.172029e-08,0.0292995
2.177029e-08,0.0301234
2.182029e-08,0.024164
2.187029e-08,0.0213629
2.192029e-08,0.0182047
2.197029e-08,0.0137832
2.202029e-08,0.0144698
2.207029e-08,0.018699
2.212029e-08,0.023093
2.217029e-08,0.0243563
2.222029e-08,0.022324
2.227029e-08,0.0251801
2.232029e-08,0.0342153
2.237029e-08,0.037291
2.242029e-08,0.0375382
2.247029e-08,0.0408612
2.252029e-08,0.0358355
2.257029e-08,0.0268004
2.262029e-08,0.0224339
2.267029e-08,0.0147994
2.272029e-08,0.00889494
2.277029e-08,0.0136734
2.282029e-08,0.0162274
2.287029e-08,0.0117236
2.292029e-08,0.0152662
2.297029e-08,0.021253
2.302029e-08,0.0135361
2.307029e-08,0.00392425
2.312029e-08,0.00266098
2.317029e-08,0.000299213
2.322029e-08,-0.00544043
2.327029e-08,-0.00706071
2.332029e-08,0.00326515
2.337029e-08,0.0195229
2.342029e-08,0.0273497
2.347029e-08,0.0273497
2.352029e-08,0.0243288
2.357029e-08,0.0248231
2.362029e-08,0.0363848
2.367029e-08,0.0423716
2.372029e-08,0.0327598
2.377029e-08,0.0257019
2.382029e-08,0.0244661
2.387029e-08,0.0232852
2.392029e-08,0.0246858
2.397029e-08,0.0257294
2.402029e-08,0.0245485
2.407029e-08,0.0209509
2.412029e-08,0.0159528
2.417029e-08,0.00960896
2.422029e-08,-0.00302374
2.427029e-08,-0.0114547
2.432029e-08,-0.00225479
2.437029e-08,0.0101857
2.442029e-08,0.0108448
2.447029e-08,0.0132889
2.452029e-08,0.0176554
2.457029e-08,0.0113116
2.462029e-08,0.00785137
2.467029e-08,0.00859285
2.472029e-08,0.00321023
2.477029e-08,0.00106816
2.482029e-08,0.00650571
2.487029e-08,0.0119707
2.492029e-08,0.0173808
2.497029e-08,0.0302881
2.502029e-08,0.0412182
2.507029e-08,0.0371263
2.512029e-08,0.0281186
2.517029e-08,0.0230381
2.522029e-08,0.0170787
2.527029e-08,0.0093618
2.532029e-08,0.0103504
2.537029e-08,0.0172435
2.542029e-08,0.0105152
2.547029e-08,0.00145263
2.552029e-08,0.00439111
2.557029e-08,0.0038144
2.562029e-08,0.00123293
2.567029e-08,0.00516006
2.572029e-08,0.0151289
2.577029e-08,0.0265258
2.582029e-08,0.0206488
2.587029e-08,0.00439111
2.592029e-08,-0.00357298
2.597029e-08,-0.00912039
2.602029e-08,-0.00722548
2.607029e-08,0.00579169
2.612029e-08,0.0167217
2.617029e-08,0.0275419
2.622029e-08,0.0398451
2.627029e-08,0.041685
2.632029e-08,0.0362749
2.637029e-08,0.0347096
2.642029e-08,0.0319359
2.647029e-08,0.0217748
2.652029e-08,0.00754928
2.657029e-08,-0.00129361
2.662029e-08,0.00307291
2.667029e-08,0.00683526
2.672029e-08,-0.00099152
2.677029e-08,-0.00461655
2.682029e-08,0.000985772
2.687029e-08,0.00340246
2.692029e-08,0.00414395
2.697029e-08,0.0111194
2.702029e-08,0.0160626
2.707029e-08,0.0112842
2.712029e-08,0.00881255
2.717029e-08,0.0120531
2.722029e-08,0.010323
2.727029e-08,0.0072472
2.732029e-08,0.00941673
2.737029e-08,0.0123827
2.742029e-08,0.0129319
2.747029e-08,0.0185068
2.752029e-08,0.0288876
2.757029e-08,0.0298213
2.762029e-08,0.0231205
2.767029e-08,0.0222142
2.772029e-08,0.0245485
2.777029e-08,0.0242464
2.782029e-08,0.0269103
2.787029e-08,0.0239718
2.792029e-08,0.00927941
2.797029e-08,0.00499528
2.802029e-08,0.00595646
2.807029e-08,-0.00667623
2.812029e-08,-0.0106583
2.817029e-08,0.00172726
2.822029e-08,0.0107075
2.827029e-08,0.0140304
2.832029e-08,0.00884002
2.837029e-08,0.000683686
2.842029e-08,0.00905971
2.847029e-08,0.0194405
2.852029e-08,0.0158155
2.857029e-08,0.0192757
2.862029e-08,0.0242739
2.867029e-08,0.0118883
2.872029e-08,0.000985772
2.877029e-08,-0.00557774
2.882029e-08,-0.0140087
2.887029e-08,-0.0108505
2.892029e-08,-0.00382015
2.897029e-08,0.00084846
2.902029e-08,0.0126573
2.907029e-08,0.0209235
2.912029e-08,0.0139206
2.917029e-08,0.0054896
2.922029e-08,0.0065881
2.927029e-08,0.00889494
2.932029e-08,0.0132615
2.937029e-08,0.0244112
2.942029e-08,0.0302058
2.947029e-08,0.0270476
2.952029e-08,0.021253
2.957029e-08,0.0121904
2.962029e-08,0.00378694
2.967029e-08,5.20511e-05
2.972029e-08,-0.00598967
2.977029e-08,-0.0133496
2.982029e-08,-0.0121687
2.987029e-08,-0.00467148
2.992029e-08,0.00664302
2.997029e-08,0.0164746
3.002029e-08,0.0117236
3.007029e-08,0.00408902
3.012029e-08,0.0087027
3.017029e-08,0.0157331
3.022029e-08,0.0176829
3.027029e-08,0.0174083
3.032029e-08,0.0171062
3.037029e-08,0.0210608
3.042029e-08,0.0381973
3.047029e-08,0.0580526
3.052029e-08,0.060332
3.057029e-08,0.0568717
3.062029e-08,0.0603595
3.067029e-08,0.0595081
3.072029e-08,0.0526425
3.077029e-08,0.0481662
3.082029e-08,0.0475894
3.087029e-08,0.0462987
3.092029e-08,0.043168
3.097029e-08,0.0418773
3.102029e-08,0.038774
3.107029e-08,0.0298487
3.112029e-08,0.0233402
3.117029e-08,0.0265533
3.122029e-08,0.0317711
3.127029e-08,0.0283383
3.132029e-08,0.0209784
3.137029e-08,0.0247133
3.142029e-08,0.0409985
3.147029e-08,0.0508025
3.152029e-08,0.0475894
3.157029e-08,0.0516264
3.162029e-08,0.0601398
3.167029e-08,0.0520933
3.172029e-08,0.0450904
3.177029e-08,0.0547571
3.182029e-08,0.0632979
3.187029e-08,0.0634352
3.192029e-08,0.0548944
3.197029e-08,0.0405591
3.202029e-08,0.0298762
3.207029e-08,0.0152113
3.212029e-08,0.00191949
3.217029e-08,0.0105701
3.222029e-08,0.0228458
3.227029e-08,0.0165295
3.232029e-08,0.00977374
3.237029e-08,0.0151289
3.242029e-08,0.021253
3.247029e-08,0.0233676
3.252029e-08,0.0261413
3.257029e-08,0.0294368
3.262029e-08,0.0250977
3.267029e-08,0.0149641
3.272029e-08,0.0140853
3.277029e-08,0.0200721
3.282029e-08,0.0209235
3.287029e-08,0.0190286
3.292029e-08,0.0176005
3.297029e-08,0.0179575
3.302029e-08,0.0200172
3.307029e-08,0.0169689
3.312029e-08,0.0115039
3.317029e-08,0.00735705
3.322029e-08,0.000656224
3.327029e-08,-0.00428701
3.332029e-08,-0.00368283
3.337029e-08,0.0014801
3.342029e-08,0.00606631
3.347029e-08,0.0052699
3.352029e-08,0.005929
3.357029e-08,0.0104054
3.362029e-08,0.0164746
3.367029e-08,0.021253
3.372029e-08,0.0206214
3.377029e-08,0.0226811
3.382029e-08,0.0274046
3.387029e-08,0.024219
3.392029e-08,0.0172435
3.397029e-08,0.0132065
3.402029e-08,0.0142226
3.407029e-08,0.0197151
3.412029e-08,0.0242739
3.417029e-08,0.0330344
3.422029e-08,0.0476718
3.427029e-08,0.0538509
3.432029e-08,0.0528073
3.437029e-08,0.0498963
3.442029e-08,0.0357532
3.447029e-08,0.0211981
3.452029e-08,0.0160352
3.457029e-08,0.00700004
3.462029e-08,-0.000167648
3.467029e-08,0.00230397
3.472029e-08,0.00499528
3.477029e-08,0.00244128
3.482029e-08,-0.00906546
3.487029e-08,-0.0223573
3.492029e-08,-0.0248289
3.497029e-08,-0.0236205
3.502029e-08,-0.0256802
3.507029e-08,-0.0229889
3.512029e-08,-0.0123335
3.517029e-08,-0.00099152
3.522029e-08,0.00235889
3.527029e-08,-0.00165062
3.532029e-08,-0.00807682
3.537029e-08,-0.0113448
3.542029e-08,-0.00659385
3.547029e-08,-0.0037103
3.552029e-08,-0.00719802
3.557029e-08,-0.0056052
3.562029e-08,-0.00209002
3.567029e-08,-0.00634669
3.572029e-08,-0.0116195
3.577029e-08,-0.0094774
3.582029e-08,-0.00362791
3.587029e-08,0.00216665
3.592029e-08,0.00661556
3.597029e-08,0.00645079
3.602029e-08,-0.000442272
3.607029e-08,-0.0151896
3.612029e-08,-0.0273279
3.617029e-08,-0.030541
3.622029e-08,-0.0348526
3.627029e-08,-0.0382031
3.632029e-08,-0.0300467
3.637029e-08,-0.0151621
3.642029e-08,-0.00354552
3.647029e-08,0.00730212
3.652029e-08,0.013591
3.657029e-08,0.00881255
3.662029e-08,0.00719227
3.667029e-08,0.0111743
3.672029e-08,0.0063684
3.677029e-08,-0.000222573
3.682029e-08,0.000216825
3.687029e-08,-0.00384761
3.692029e-08,-0.00997172
3.697029e-08,-0.00497357
3.702029e-08,0.0014801
3.707029e-08,0.00172726
3.712029e-08,-0.000277498
3.717029e-08,-0.00409477
3.722029e-08,-0.00832398
3.727029e-08,-0.0131024
3.732029e-08,-0.0104386
3.737029e-08,-0.00165062
3.742029e-08,-0.00955978
3.747029e-08,-0.027987
3.752029e-08,-0.0281518
3.757029e-08,-0.014915
3.762029e-08,-0.0100541
3.767029e-08,-0.0118666
3.772029e-08,-0.0079395
3.777029e-08,-0.00030496
3.782029e-08,0.00178218
3.787029e-08,-0.000387347
3.792029e-08,-0.00662131
3.797029e-08,-0.0190343
3.802029e-08,-0.0246366
3.807029e-08,-0.0216158
3.812029e-08,-0.0173316
3.817029e-08,-0.0114547
3.822029e-08,-0.0142833
3.827029e-08,-0.0196659
3.832029e-08,-0.0156564
3.837029e-08,-0.0169197
3.842029e-08,-0.0237304
3.847029e-08,-0.0232086
3.852029e-08,-0.0223298
3.857029e-08,-0.0241423
3.862029e-08,-0.0204898
3.867029e-08,-0.0135968
3.872029e-08,-0.0101365
3.877029e-08,-0.00593475
3.882029e-08,0.00175472
3.887029e-08,0.00186457
3.892029e-08,-0.000552121
3.897029e-08,0.00488543
3.902029e-08,0.0119982
3.907029e-08,0.0185342
3.912029e-08,0.0182596
3.917029e-08,0.0061487
3.922029e-08,-0.00953232
3.927029e-08,-0.0184301
3.932029e-08,-0.0152445
3.937029e-08,-0.0117842
3.942029e-08,-0.0171943
3.947029e-08,-0.0154642
3.952029e-08,-0.00491864
3.957029e-08,-0.00656638
3.962029e-08,-0.0200779
3.967029e-08,-0.0294151
3.972029e-08,-0.0263393
3.977029e-08,-0.0146678
3.982029e-08,-0.00818667
3.987029e-08,-0.0100816
3.992029e-08,-0.00909292
3.997029e-08,-0.00601714
4.002029e-08,-0.0079395
4.007029e-08,-0.00631922
4.012029e-08,-0.00566013
4.017029e-08,-0.0174415
4.022029e-08,-0.0231537
4.027029e-08,-0.0123335
4.032029e-08,-0.00439686
4.037029e-08,-0.00988933
4.042029e-08,-0.0233459
4.047029e-08,-0.0374341
4.052029e-08,-0.0417732
4.057029e-08,-0.0361708
4.062029e-08,-0.0308157
4.067029e-08,-0.0299369
4.072029e-08,-0.0301017
4.077029e-08,-0.0213961
4.082029e-08,-0.00928516
4.087029e-08,-0.00782965
4.092029e-08,-0.00804935
4.097029e-08,-0.00436939
4.102029e-08,-0.00557774
4.107029e-08,-0.00821413
4.112029e-08,-0.0092577
4.117029e-08,-0.010466
4.122029e-08,-0.0081592
4.127029e-08,-0.0085986
4.132029e-08,-0.0124159
4.137029e-08,-0.0172218
4.142029e-08,-0.0312276
4.147029e-08,-0.0402902
4.152029e-08,-0.0332324
4.157029e-08,-0.024719
4.162029e-08,-0.0230164
4.167029e-08,-0.0216158
4.172029e-08,-0.0162331
4.177029e-08,-0.0201603
4.182029e-08,-0.0282617
4.187029e-08,-0.0263942
4.192029e-08,-0.0314473
4.197029e-08,-0.0407296
4.202029e-08,-0.0367201
4.207029e-08,-0.0294151
4.212029e-08,-0.0164254
4.217029e-08,0.00620363
4.222029e-08,0.0126298
4.227029e-08,0.00213919
4.232029e-08,0.00238635
4.237029e-08,0.0109272
4.242029e-08,0.00609378
4.247029e-08,-0.00351806
4.252029e-08,-0.00236464
4.257029e-08,-0.00585236
4.262029e-08,-0.0133221
4.267029e-08,-0.00192524
4.272029e-08,0.0106525
4.277029e-08,0.00310038
4.282029e-08,-0.00107391
4.287029e-08,0.00485797
4.292029e-08,0.00373201
4.297029e-08,-0.000497197
4.302029e-08,-0.00316105
4.307029e-08,-0.00412223
4.312029e-08,-0.00030496
4.317029e-08,0.00134278
4.322029e-08,-0.0047264
4.327029e-08,-0.00629176
4.332029e-08,0.00414395
4.337029e-08,0.00916956
4.342029e-08,0.00115055
4.347029e-08,-0.00640161
4.352029e-08,-0.00964217
4.357029e-08,-0.0113448
4.362029e-08,-0.0113174
4.367029e-08,-0.0105759
4.372029e-08,-0.0106857
4.377029e-08,-0.011235
4.382029e-08,-0.00999918
4.387029e-08,-0.00879084
4.392029e-08,-0.011949
4.397029e-08,-0.0164528
4.402029e-08,-0.0175788
4.407029e-08,-0.0182379
4.412029e-08,-0.0151346
4.417029e-08,-0.00480879
4.422029e-08,0.00139771
4.427029e-08,-0.000716896
4.432029e-08,-0.00788458
4.437029e-08,-0.0173042
4.442029e-08,-0.022522
4.447029e-08,-0.0235656
4.452029e-08,-0.0253507
4.457029e-08,-0.0305685
4.462029e-08,-0.0361708
4.467029e-08,-0.0367201
4.472029e-08,-0.030184
4.477029e-08,-0.0213961
4.482029e-08,-0.0160134
4.487029e-08,-0.0131299
4.492029e-08,-0.0139538
4.497029e-08,-0.0117568
4.502029e-08,0.0014801
4.507029e-08,0.0105701
4.512029e-08,0.00721973
4.517029e-08,0.00719227
4.522029e-08,0.0155958
4.527029e-08,0.019468
4.532029e-08,0.0100484
4.537029e-08,-0.00338075
4.542029e-08,-0.00675862
4.547029e-08,-0.00491864
4.552029e-08,-0.00387507
4.557029e-08,0.00444603
4.562029e-08,0.0177378
4.567029e-08,0.024521
4.572029e-08,0.0242464
4.577029e-08,0.0219396
4.582029e-08,0.0185068
4.587029e-08,0.0131516
4.592029e-08,0.00919703
4.597029e-08,0.00809853
4.602029e-08,0.00623109
4.607029e-08,0.00477558
4.612029e-08,0.00812599
4.617029e-08,0.0138382
4.622029e-08,0.0140853
4.627029e-08,0.0112842
4.632029e-08,0.0129868
4.637029e-08,0.0135635
4.642029e-08,0.00856539
4.647029e-08,0.000299213
4.652029e-08,-0.00678608
4.657029e-08,-0.00662131
4.662029e-08,-0.00571505
4.667029e-08,-0.00678608
4.672029e-08,-0.00637415
4.677029e-08,-0.00862606
4.682029e-08,-0.00961471
4.687029e-08,-0.00533058
4.692029e-08,0.00180964
4.697029e-08,0.011751
4.702029e-08,0.0191659
4.707029e-08,0.0191109
4.712029e-08,0.0138931
4.717029e-08,0.00645079
4.722029e-08,-0.00214494
4.727029e-08,-0.0115096
4.732029e-08,-0.0128003
4.737029e-08,-0.00590729
4.742029e-08,-0.00497357
4.747029e-08,-0.00544043
4.752029e-08,0.00414395
4.757029e-08,0.0176829
4.762029e-08,0.0242464
4.767029e-08,0.0246584
4.772029e-08,0.0244661
4.777029e-08,0.0185892
4.782029e-08,0.00853793
4.787029e-08,0.00823584
4.792029e-08,0.0130967
4.797029e-08,0.00763167
4.802029e-08,0.00027175
4.807029e-08,0.0027159
4.812029e-08,0.00708242
4.817029e-08,0.00428126
4.822029e-08,-0.00200763
4.827029e-08,-0.000112723
4.832029e-08,0.0104878
4.837029e-08,0.0174357
4.842029e-08,0.0155134
4.847029e-08,0.0130967
4.852029e-08,0.0161725
4.857029e-08,0.0122454
4.862029e-08,-0.00250195
4.867029e-08,-0.0053855
4.872029e-08,0.00219412
4.877029e-08,-0.00288642
4.882029e-08,-0.012306
4.887029e-08,-0.0140362
4.892029e-08,-0.010466
4.897029e-08,0.00161741
4.902029e-08,0.00840062
4.907029e-08,0.000161901
4.912029e-08,-0.000744358
4.917029e-08,0.00540722
4.922029e-08,0.0010407
4.927029e-08,-0.00513834
4.932029e-08,-0.00541296
4.937029e-08,-0.000771821
4.942029e-08,0.00375947
4.947029e-08,0.000656224
4.952029e-08,-0.00280404
4.957029e-08,-0.00088167
4.962029e-08,7.95135e-05
4.967029e-08,0.00208427
4.972029e-08,0.0113116
4.977029e-08,0.0200172
4.982029e-08,0.019468
4.987029e-08,0.0211706
4.992029e-08,0.0308923
4.997029e-08,0.0281186
5.002029e-08,0.0107898
5.007029e-08,-0.000332422
5.012029e-08,-0.00132107
5.017029e-08,-0.00137599
5.022029e-08,5.20511e-05
5.027029e-08,0.00977374
5.032029e-08,0.0203468
5.037029e-08,0.0262512
5.042029e-08,0.0280362
5.047029e-08,0.016914
5.052029e-08,0.00675287
5.057029e-08,0.0144698
5.062029e-08,0.0199623
5.067029e-08,0.0144149
5.072029e-08,0.0124651
5.077029e-08,0.0172435
5.082029e-08,0.024576
5.087029e-08,0.0295192
5.092029e-08,0.032183
5.097029e-08,0.0367143
5.102029e-08,0.0344075
5.107029e-08,0.0218572
5.112029e-08,0.0154585
5.117029e-08,0.0155958
5.122029e-08,0.00738451
5.127029e-08,-0.00535804
5.132029e-08,-0.0114272
5.137029e-08,-0.00505595
5.142029e-08,0.00499528
5.147029e-08,0.00263352
5.152029e-08,0.00244128
5.157029e-08,0.0133438
5.162029e-08,0.015431
5.167029e-08,0.0112842
5.172029e-08,0.016859
5.177029e-08,0.0303156
5.182029e-08,0.0382797
5.187029e-08,0.0319908
5.192029e-08,0.0239443
5.197029e-08,0.0254822
5.202029e-08,0.0280637
5.207029e-08,0.0268004
5.212029e-08,0.0244661
5.217029e-08,0.0205115
5.222029e-08,0.0162823
5.227029e-08,0.0131241
5.232029e-08,0.00782391
5.237029e-08,0.0038144
5.242029e-08,0.00521498
5.247029e-08,0.0024962
5.252029e-08,-0.0026118
5.257029e-08,0.00191949
5.262029e-08,0.0074669
5.267029e-08,0.00760421
5.272029e-08,0.0114489
5.277029e-08,0.0195778
5.282029e-08,0.0236972
5.287029e-08,0.0237796
5.292029e-08,0.0293544
5.297029e-08,0.0313866
5.302029e-08,0.0186441
5.307029e-08,0.00916956
5.312029e-08,0.00606631
5.317029e-08,0.00230397
5.322029e-08,0.00815346
5.327029e-08,0.0161999
5.332029e-08,0.0154585
5.337029e-08,0.0118609
5.342029e-08,0.00889494
5.347029e-08,0.00977374
5.352029e-08,0.0184244
5.357029e-08,0.0273771
5.362029e-08,0.0236148
5.367029e-08,0.0145797
5.372029e-08,0.0173534
5.377029e-08,0.0248231
5.382029e-08,0.0233676
5.387029e-08,0.0183695
5.392029e-08,0.0166668
5.397029e-08,0.00977374
5.402029e-08,-0.000497197
5.407029e-08,-0.000716896
5.412029e-08,0.00332008
5.417029e-08,0.00642333
5.422029e-08,0.00974627
5.427029e-08,0.00559945
5.432029e-08,-0.00112883
5.437029e-08,-0.00236464
5.442029e-08,-0.00403984
5.447029e-08,-0.00615445
5.452029e-08,-0.0026118
5.457029e-08,0.00312784
5.462029e-08,0.00798868
5.467029e-08,0.0120531
5.472029e-08,0.0150465
5.477029e-08,0.0214453
5.482029e-08,0.0266631
5.487029e-08,0.0231205
5.492029e-08,0.0185068
5.497029e-08,0.0205665
5.502029e-08,0.0249879
5.507029e-08,0.0249879
5.512029e-08,0.0231479
5.517029e-08,0.0225437
5.522029e-08,0.0196602
5.527029e-08,0.0193306
5.532029e-08,0.0257568
5.537029e-08,0.0272673
5.542029e-08,0.0194954
5.547029e-08,0.0155683
5.552029e-08,0.0175731
5.557029e-08,0.0177378
5.562029e-08,0.0153211
5.567029e-08,0.0113391
5.572029e-08,0.0125474
5.577029e-08,0.0233951
5.582029e-08,0.0324577
5.587029e-08,0.0342427
5.592029e-08,0.036934
5.597029e-08,0.0388564
5.602029e-08,0.0386367
5.607029e-08,0.041685
5.612029e-08,0.0413006
5.617029e-08,0.0361926
5.622029e-08,0.0322654
5.627029e-08,0.0266082
5.632029e-08,0.0212256
5.637029e-08,0.02161
5.642029e-08,0.022324
5.647029e-08,0.0174083
5.652029e-08,0.0155683
5.657029e-08,0.0180399
5.662029e-08,0.00982866
5.667029e-08,0.00191949
5.672029e-08,0.00960896
5.677029e-08,0.0142776
5.682029e-08,0.0113116
5.687029e-08,0.0159253
5.692029e-08,0.0244661
5.697029e-08,0.0250428
5.702029e-08,0.0218572
5.707029e-08,0.0236697
5.712029e-08,0.0244661
5.717029e-08,0.0228184
5.722029e-08,0.021967
5.727029e-08,0.0208136
5.732029e-08,0.0213354
5.737029e-08,0.0211706
5.742029e-08,0.0248231
5.747029e-08,0.0316063
5.752029e-08,0.0283658
5.757029e-08,0.0151289
5.762029e-08,-0.00134853
5.767029e-08,-0.00618191
5.772029e-08,0.0129594
5.777029e-08,0.0327323
5.782029e-08,0.0320732
5.787029e-08,0.0228184
5.792029e-08,0.0174632
5.797029e-08,0.0206214
5.802029e-08,0.024933
5.807029e-08,0.02161
5.812029e-08,0.0210608
5.817029e-08,0.0223515
5.822029e-08,0.0183145
5.827029e-08,0.0163647
5.832029e-08,0.0151838
5.837029e-08,0.0115313
5.842029e-08,0.0106251
5.847029e-08,0.0113666
5.852029e-08,0.00785137
5.857029e-08,0.00730212
5.862029e-08,0.0154035
5.867029e-08,0.0202918
5.872029e-08,0.0235049
5.877029e-08,0.0323204
5.882029e-08,0.0321007
5.887029e-08,0.017628
5.892029e-08,0.00581915
5.897029e-08,0.0014801
5.902029e-08,-0.001733
5.907029e-08,-0.00247449
5.912029e-08,0.000518912
5.917029e-08,0.00392425
5.922029e-08,0.00667049
5.927029e-08,0.0104603
5.932029e-08,0.0151564
5.937029e-08,0.0243563
5.942029e-08,0.0368517
5.947029e-08,0.0374558
5.952029e-08,0.0289974
5.957029e-08,0.0298762
5.962029e-08,0.0394331
5.967029e-08,0.046793
5.972029e-08,0.0465733
5.977029e-08,0.0401197
5.982029e-08,0.0333639
5.987029e-08,0.0325401
5.992029e-08,0.0340779
5.997029e-08,0.0294093
6.002029e-08,0.0249604
6.007029e-08,0.022736
6.012029e-08,0.0177653
6.017029e-08,0.0157056
6.022029e-08,0.0140029
6.027029e-08,0.0107624
6.032029e-08,0.0120531
6.037029e-08,0.0111194
6.042029e-08,0.00581915
6.047029e-08,0.00798868
6.052029e-08,0.0112567
6.057029e-08,0.00760421
6.062029e-08,0.00535229
6.067029e-08,0.00430872
6.072029e-08,0.00752182
6.077029e-08,0.0116137
6.082029e-08,0.00653317
6.087029e-08,0.00472066
6.092029e-08,0.00894986
6.097029e-08,0.0100484
6.102029e-08,0.0103779
6.107029e-08,0.0114215
6.112029e-08,0.011394
6.117029e-08,0.0101033
6.122029e-08,0.0100758
6.127029e-08,0.0109821
6.132029e-08,0.0151289
6.137029e-08,0.023807
6.142029e-08,0.0216375
6.147029e-08,0.0135086
6.152029e-08,0.0195778
6.157029e-08,0.0240542
6.162029e-08,0.0175456
6.167029e-08,0.0166119
6.172029e-08,0.0227085
6.177029e-08,0.027487
6.182029e-08,0.0265533
6.187029e-08,0.0253174
6.192029e-08,0.0331442
6.197029e-08,0.0423991
6.202029e-08,0.0426188
6.207029e-08,0.0359454
6.212029e-08,0.0299861
6.217029e-08,0.0313592
6.222029e-08,0.0304255
6.227029e-08,0.0211432
6.232029e-08,0.0209235
6.237029e-08,0.0241366
6.242029e-08,0.0136734
6.247029e-08,0.00716481
6.252029e-08,0.0124925
6.257029e-08,0.0133988
6.262029e-08,0.0132615
6.267029e-08,0.0213079
6.272029e-08,0.0305078
6.277029e-08,0.0328147
6.282029e-08,0.0293544
6.287029e-08,0.0284756
6.292029e-08,0.0335562
6.297029e-08,0.0346547
6.302029e-08,0.0272947
6.307029e-08,0.0219945
6.312029e-08,0.0235324
6.317029e-08,0.0260315
6.322029e-08,0.0276243
6.327029e-08,0.0287228
6.332029e-08,0.0276792
6.337029e-08,0.0269927
6.342029e-08,0.0288052
6.347029e-08,0.0328696
6.352029e-08,0.0388015
6.357029e-08,0.0411358
6.362029e-08,0.0370713
6.367029e-08,0.0349567
6.372029e-08,0.0345997
6.377029e-08,0.028558
6.382029e-08,0.0249604
6.387029e-08,0.0287502
6.392029e-08,0.0306726
6.397029e-08,0.0259765
6.402029e-08,0.0159528
6.407029e-08,0.0106251
6.412029e-08,0.0148543
6.417029e-08,0.0149641
6.422029e-08,0.00661556
6.427029e-08,0.00430872
6.432029e-08,0.0135086
6.437029e-08,0.0174632
6.442029e-08,0.0115313
6.447029e-08,0.0110919
6.452029e-08,0.0105976
6.457029e-08,0.00623109
6.462029e-08,0.00908718
6.467029e-08,0.00815346
6.472029e-08,0.0065881
6.477029e-08,0.014717
6.482029e-08,0.0112842
6.487029e-08,-0.000744358
6.492029e-08,0.0003816
6.497029e-08,0.013234
6.502029e-08,0.027487
6.507029e-08,0.0338033
6.512029e-08,0.0362475
6.517029e-08,0.0374558
6.522029e-08,0.0313042
6.527029e-08,0.0222417
6.532029e-08,0.0128495
6.537029e-08,0.00189203
6.542029e-08,-0.0051658
6.547029e-08,0.000299213
6.552029e-08,0.0138656
6.557029e-08,0.0177928
6.562029e-08,0.0149641
6.567029e-08,0.020539
6.572029e-08,0.0317162
6.577029e-08,0.0395155
6.582029e-08,0.0402844
6.587029e-08,0.035863
6.592029e-08,0.029272
6.597029e-08,0.0188363
6.602029e-08,0.00922449
6.607029e-08,0.00559945
6.612029e-08,0.00587408
6.617029e-08,0.0122179
6.622029e-08,0.017628
6.627029e-08,0.0131241
6.632029e-08,0.0121904
6.637029e-08,0.0169414
6.642029e-08,0.0119982
6.647029e-08,0.00397917
6.652029e-08,0.00463827
6.657029e-08,0.0101857
6.662029e-08,0.0168316
6.667029e-08,0.0192483
6.672029e-08,0.015074
6.677029e-08,0.0120806
6.682029e-08,0.0166668
6.687029e-08,0.0266082
6.692029e-08,0.0306177
6.697029e-08,0.0298762
6.702029e-08,0.0326499
6.707029e-08,0.0297389
6.712029e-08,0.0233676
6.717029e-08,0.0235873
6.722029e-08,0.02161
6.727029e-08,0.0174357
6.732029e-08,0.0200172
6.737029e-08,0.0197426
6.742029e-08,0.0120806
6.747029e-08,0.00749436
6.752029e-08,0.00889494
6.757029e-08,0.014305
6.762029e-08,0.0110095
6.767029e-08,-0.0047264
6.772029e-08,-0.00601714
6.777029e-08,0.00765913
6.782029e-08,0.00878509
6.787029e-08,0.00691765
6.792029e-08,0.0180674
6.797029e-08,0.0280911
6.802029e-08,0.0314141
6.807029e-08,0.0338033
6.812029e-08,0.0334463
6.817029e-08,0.0329795
6.822029e-08,0.034792
6.827029e-08,0.0312219
6.832029e-08,0.0290249
6.837029e-08,0.0331442
6.842029e-08,0.0319908
6.847029e-08,0.0302607
6.852029e-08,0.0277616
6.857029e-08,0.0139206
6.862029e-08,0.00169979
6.867029e-08,0.00455588
6.872029e-08,0.0160077
6.877029e-08,0.0240542
6.882029e-08,0.022324
6.887029e-08,0.0177378
6.892029e-08,0.0203193
6.897029e-08,0.0268004
6.902029e-08,0.0239443
6.907029e-08,0.0147994
6.912029e-08,0.0165295
6.917029e-08,0.0199623
6.922029e-08,0.015074
6.927029e-08,0.017216
6.932029e-08,0.0241366
6.937029e-08,0.0219396
6.942029e-08,0.0218572
6.947029e-08,0.0302881
6.952029e-08,0.0326499
6.957029e-08,0.0376206
6.962029e-08,0.0501709
6.967029e-08,0.0488802
6.972029e-08,0.0369066
6.977029e-08,0.0229557
6.982029e-08,0.00672541
6.987029e-08,2.45887e-05
6.992029e-08,0.00128786
6.997029e-08,0.000491449
7.002029e-08,0.00183711
7.007029e-08,0.00342992
7.012029e-08,0.00329261
7.017029e-08,0.0131241
7.022029e-08,0.0262512
7.027029e-08,0.0277341
7.032029e-08,0.0268004
7.037029e-08,0.0299037
7.042029e-08,0.0311944
7.047029e-08,0.0277891
7.052029e-08,0.0217473
7.057029e-08,0.0233402
7.062029e-08,0.0261962
7.067029e-08,0.0180125
7.072029e-08,0.0190286
7.077029e-08,0.0291073
7.082029e-08,0.0200721
7.087029e-08,0.00661556
7.092029e-08,0.00650571
7.097029e-08,0.00606631
7.102029e-08,0.0118609
7.107029e-08,0.0256745
7.112029e-08,0.0288601
7.117029e-08,0.0304804
7.122029e-08,0.0350666
7.127029e-08,0.0304529
7.132029e-08,0.0265258
7.137029e-08,0.0232852
7.142029e-08,0.0174083
7.147029e-08,0.0200172
7.152029e-08,0.0202644
7.157029e-08,0.0154859
7.162029e-08,0.0162549
7.167029e-08,0.0134262
7.172029e-08,0.0093618
7.177029e-08,0.0131241
7.182029e-08,0.0149092
7.187029e-08,0.0149367
7.192029e-08,0.0217748
7.197029e-08,0.0243013
7.202029e-08,0.0210333
7.207029e-08,0.0238894
7.212029e-08,0.0233127
7.217029e-08,0.0205939
7.222029e-08,0.025647
7.227029e-08,0.0264983
7.232029e-08,0.0250977
7.237029e-08,0.0291622
7.242029e-08,0.0296565
7.247029e-08,0.0250428
7.252029e-08,0.0232303
7.257029e-08,0.0274595
7.262029e-08,0.0316887
7.267029e-08,0.0305628
7.272029e-08,0.0255646
7.277029e-08,0.0235324
7.282029e-08,0.0279538
7.287029e-08,0.029629
7.292029e-08,0.0302332
7.297029e-08,0.0319908
7.302029e-08,0.0258942
7.307029e-08,0.0220494
7.312029e-08,0.0224614
7.317029e-08,0.0124376
7.322029e-08,0.00213919
7.327029e-08,0.00513259
7.332029e-08,0.0141128
7.337029e-08,0.022379
7.342029e-08,0.0304529
7.347029e-08,0.0341878
7.352029e-08,0.0361376
7.357029e-08,0.0409435
7.362029e-08,0.0365221
7.367029e-08,0.0233951
7.372029e-08,0.020896
7.377029e-08,0.0287777
7.382029e-08,0.0285305
7.387029e-08,0.0207587
7.392029e-08,0.0214727
7.397029e-08,0.0258667
7.402029e-08,0.0250977
7.407029e-08,0.0278714
7.412029e-08,0.0338857
7.417029e-08,0.0318535
7.422029e-08,0.023807
7.427029e-08,0.01977
7.432029e-08,0.0174357
7.437029e-08,0.0174907
7.442029e-08,0.0273771
7.447029e-08,0.0416576
7.452029e-08,0.0535488
7.457029e-08,0.0617326
7.462029e-08,0.0629958
7.467029e-08,0.0571189
7.472029e-08,0.0497864
7.477029e-08,0.0390761
7.482029e-08,0.0204841
7.487029e-08,0.0065881
7.492029e-08,0.0042538
7.497029e-08,0.000573836
7.502029e-08,-0.00362791
7.507029e-08,-0.000222573
7.512029e-08,0.00375947
7.517029e-08,0.00905971
7.522029e-08,0.0188089
7.527029e-08,0.0226811
7.532029e-08,0.0235599
7.537029e-08,0.0307825
7.542029e-08,0.0317162
7.547029e-08,0.0266906
7.552029e-08,0.0332541
7.557029e-08,0.0401197
7.562029e-08,0.0360278
7.567029e-08,0.0305902
7.572029e-08,0.0237796
7.577029e-08,0.0185342
7.582029e-08,0.0189736
7.587029e-08,0.0156232
7.592029e-08,0.014305
7.597029e-08,0.0174907
7.602029e-08,0.0152113
7.607029e-08,0.0157331
7.612029e-08,0.0189462
7.617029e-08,0.016859
7.622029e-08,0.00823584
7.627029e-08,-0.00324344
7.632029e-08,-0.00332582
7.637029e-08,0.00266098
7.642029e-08,-0.000497197
7.647029e-08,-0.00335328
7.652029e-08,-0.000524659
7.657029e-08,0.000463987
7.662029e-08,0.00279829
7.667029e-08,0.00623109
7.672029e-08,0.00730212
7.677029e-08,0.00933434
7.682029e-08,0.00834569
7.687029e-08,0.0044735
7.692029e-08,0.00573677
7.697029e-08,0.00590154
7.702029e-08,-0.00187032
7.707029e-08,-0.00316105
7.712029e-08,0.00678034
7.717029e-08,0.0127122
7.722029e-08,0.0163098
7.727029e-08,0.0234775
7.732029e-08,0.0241915
7.737029e-08,0.0186715
7.742029e-08,0.0127671
7.747029e-08,0.00853793
7.752029e-08,0.0120806
7.757029e-08,0.0184244
7.762029e-08,0.0209784
7.767029e-08,0.0222417
7.772029e-08,0.0211432
7.777029e-08,0.0198524
7.782029e-08,0.0231754
7.787029e-08,0.0274046
7.792029e-08,0.030041
7.797029e-08,0.0313592
7.802029e-08,0.0237246
7.807029e-08,0.0105701
7.812029e-08,0.00631348
7.817029e-08,0.00364962
7.822029e-08,0.0012604
7.827029e-08,0.00996597
7.832029e-08,0.0189462
7.837029e-08,0.0235599
7.842029e-08,0.0275968
7.847029e-08,0.0291347
7.852029e-08,0.0304255
7.857029e-08,0.0296016
7.862029e-08,0.0277616
7.867029e-08,0.0251527
7.872029e-08,0.0213079
7.877029e-08,0.0277067
7.882029e-08,0.0352039
7.887029e-08,0.030041
7.892029e-08,0.029684
7.897029e-08,0.03622
7.902029e-08,0.0343526
7.907029e-08,0.0276792
7.912029e-08,0.024164
7.917029e-08,0.0210608
7.922029e-08,0.0193032
7.927029e-08,0.0235873
7.932029e-08,0.023807
7.937029e-08,0.0164746
7.942029e-08,0.00801614
7.947029e-08,-0.00159569
7.952029e-08,-0.00219986
7.957029e-08,0.00598393
7.962029e-08,0.00516006
7.967029e-08,0.000711148
7.972029e-08,0.00606631
7.977029e-08,0.0163922
7.982029e-08,0.023807
7.987029e-08,0.0256745
7.992029e-08,0.0256745
7.997029e-08,0.0238894
8.002029e-08,0.0184519
8.007029e-08,0.0168316
8.012029e-08,0.0222691
8.017029e-08,0.024576
8.022029e-08,0.017628
8.027029e-08,0.00991105
8.032029e-08,0.00774152
8.037029e-08,0.00601139
8.042029e-08,0.00307291
8.047029e-08,0.00568184
8.052029e-08,0.0150191
8.057029e-08,0.0253998
8.062029e-08,0.0295741
8.067029e-08,0.0303156
8.072029e-08,0.0370164
8.077029e-08,0.0417949
8.082029e-08,0.0367693
8.087029e-08,0.0302607
8.092029e-08,0.0260864
8.097029e-08,0.019056
8.102029e-08,0.0142776
8.107029e-08,0.0167492
8.112029e-08,0.0142226
8.117029e-08,0.00603885
8.122029e-08,0.00400663
8.127029e-08,0.0131516
8.132029e-08,0.0288326
8.137029e-08,0.0345448
8.142029e-08,0.0312768
8.147029e-08,0.0317986
8.152029e-08,0.0322654
8.157029e-08,0.0271849
8.162029e-08,0.0160901
8.167029e-08,0.0098012
8.172029e-08,0.0153486
8.177029e-08,0.0189187
8.182029e-08,0.020539
8.187029e-08,0.0301783
8.192029e-08,0.0384994
8.197029e-08,0.0355335
8.202029e-08,0.0258667
8.207029e-08,0.01252
8.212029e-08,-0.00714309
8.217029e-08,-0.0248289
8.222029e-08,-0.0274927
8.227029e-08,-0.0173866
8.232029e-08,-0.00826905
8.237029e-08,-0.0079395
8.242029e-08,-0.00678608
8.247029e-08,0.00694511
8.252029e-08,0.0191659
8.257029e-08,0.0189187
8.262029e-08,0.0184793
8.267029e-08,0.0184244
8.272029e-08,0.0169414
8.277029e-08,0.020539
8.282029e-08,0.0242739
8.287029e-08,0.0249879
8.292029e-08,0.0263061
8.297029e-08,0.0262786
8.302029e-08,0.024521
8.307029e-08,0.0199074
8.312029e-08,0.0140853
8.317029e-08,0.0154585
8.322029e-08,0.016914
8.327029e-08,0.0127122
8.332029e-08,0.0138382
8.337029e-08,0.0187814
8.342029e-08,0.0174357
8.347029e-08,0.0102131
8.352029e-08,0.00321023
8.357029e-08,0.00370455
8.362029e-08,0.0112567
8.367029e-08,0.0167217
8.372029e-08,0.0184519
8.377029e-08,0.0135635
8.382029e-08,0.00397917
8.387029e-08,0.00889494
8.392029e-08,0.0210333
8.397029e-08,0.0174632
8.402029e-08,0.0109821
8.407029e-08,0.0155683
8.412029e-08,0.0224339
8.417029e-08,0.0259216
8.422029e-08,0.0235324
8.427029e-08,0.0192208
8.432029e-08,0.0209509
8.437029e-08,0.0196877
8.442029e-08,0.0106251
8.447029e-08,0.00639586
8.452029e-08,0.0142226
8.457029e-08,0.0287502
8.462029e-08,0.0354236
8.467029e-08,0.0314141
8.472029e-08,0.0284756
8.477029e-08,0.0276792
8.482029e-08,0.0232578
8.487029e-08,0.0182047
8.492029e-08,0.0178751
8.497029e-08,0.0199348
8.502029e-08,0.0206488
8.507029e-08,0.0202644
8.512029e-08,0.0215276
8.517029e-08,0.024164
8.522029e-08,0.0208685
8.527029e-08,0.011751
8.532029e-08,0.00779644
8.537029e-08,0.0135361
8.542029e-08,0.0221593
8.547029e-08,0.0262786
8.552029e-08,0.0236422
8.557029e-08,0.0192757
8.562029e-08,0.019468
8.567029e-08,0.0189736
8.572029e-08,0.0130967
8.577029e-08,0.0123552
8.582029e-08,0.019825
8.587029e-08,0.0234775
8.592029e-08,0.0222142
8.597029e-08,0.0201271
8.602029e-08,0.0195503
8.607029e-08,0.0289974
8.612029e-08,0.0412731
8.617029e-08,0.0388289
8.622029e-08,0.0252351
8.627029e-08,0.0148268
8.632029e-08,0.0114489
8.637029e-08,0.0110095
8.642029e-08,0.00908718
8.647029e-08,0.0027159
8.652029e-08,-0.000661971
8.657029e-08,0.0068078
8.662029e-08,0.0154585
8.667029e-08,0.0163647
8.672029e-08,0.0114215
8.677029e-08,0.00875763
8.682029e-08,0.0142501
8.687029e-08,0.0221043
8.692029e-08,0.0252076
8.697029e-08,0.0243013
8.702029e-08,0.0268828
8.707029e-08,0.0295467
8.712029e-08,0.0258942
8.717029e-08,0.0225987
8.722029e-08,0.0211432
8.727029e-08,0.0253724
8.732029e-08,0.0352863
8.737029e-08,0.0356433
8.742029e-08,0.0306177
8.747029e-08,0.0316613
8.752029e-08,0.0283108
8.757029e-08,0.0220494
8.762029e-08,0.0273222
8.767029e-08,0.0348469
8.772029e-08,0.0325401
8.777029e-08,0.0277891
8.782029e-08,0.0288052
8.787029e-08,0.0359179
8.792029e-08,0.0434152
8.797029e-08,0.0423991
8.802029e-08,0.0356433
8.807029e-08,0.0319359
8.812029e-08,0.0288052
8.817029e-08,0.025647
8.822029e-08,0.0247407
8.827029e-08,0.0240542
8.832029e-08,0.0255646
8.837029e-08,0.0250428
8.842029e-08,0.02161
8.847029e-08,0.0239718
8.852029e-08,0.0199074
8.857029e-08,0.00444603
8.862029e-08,-0.00313359
8.867029e-08,-0.00675862
8.872029e-08,-0.00983441
8.877029e-08,-0.00099152
8.882029e-08,0.00741197
8.887029e-08,0.0098012
8.892029e-08,0.0210608
8.897029e-08,0.0390761
8.902029e-08,0.0489076
8.907029e-08,0.046079
8.912029e-08,0.0386367
8.917029e-08,0.031112
8.922029e-08,0.0186441
8.927029e-08,0.00282575
8.932029e-08,-0.00535804
8.937029e-08,-0.00252941
8.942029e-08,0.00518752
8.947029e-08,0.0112292
8.952029e-08,0.0125474
8.957029e-08,0.0129044
8.962029e-08,0.0158429
8.967029e-08,0.0188638
8.972029e-08,0.0217473
8.977029e-08,0.0289425
8.982029e-08,0.0330344
8.987029e-08,0.0299586
8.992029e-08,0.0303156
8.997029e-08,0.0274046
9.002029e-08,0.0187265
9.007029e-08,0.0171337
9.012029e-08,0.0195778
9.017029e-08,0.024219
9.022029e-08,0.0329245
9.027029e-08,0.0400373
9.032029e-08,0.0376206
9.037029e-08,0.020896
9.042029e-08,0.00485797
9.047029e-08,0.00749436
9.052029e-08,0.0144423
9.057029e-08,0.00417141
9.062029e-08,-0.0117293
9.067029e-08,-0.0150523
9.072029e-08,-0.00686847
9.077029e-08,0.00329261
9.082029e-08,0.00675287
9.087029e-08,0.00628601
9.092029e-08,0.00502274
9.097029e-08,0.00257859
9.102029e-08,0.00488543
9.107029e-08,0.00510513
9.112029e-08,0.00323769
9.117029e-08,0.0119158
9.122029e-08,0.0216375
9.127029e-08,0.0253998
9.132029e-08,0.0217473
9.137029e-08,0.0119158
9.142029e-08,0.0118609
9.147029e-08,0.0170238
9.152029e-08,0.0149367
9.157029e-08,0.0123552
9.162029e-08,0.0113116
9.167029e-08,0.0100758
9.172029e-08,0.0105976
9.177029e-08,0.0117236
9.182029e-08,0.0110919
9.187029e-08,0.00428126
9.192029e-08,-0.00241956
9.197029e-08,0.00200188
9.202029e-08,0.0123277
9.207029e-08,0.0208136
9.212029e-08,0.0228184
9.217029e-08,0.0191109
9.222029e-08,0.018342
9.227029e-08,0.0204017
9.232029e-08,0.021665
9.237029e-08,0.0217473
9.242029e-08,0.021967
9.247029e-08,0.0234225
9.252029e-08,0.0209509
9.257029e-08,0.0171611
9.262029e-08,0.0193581
9.267029e-08,0.0244387
9.272029e-08,0.025647
9.277029e-08,0.0227909
9.282029e-08,0.0224888
9.287029e-08,0.0209784
9.292029e-08,0.00911464
9.297029e-08,-0.00417716
9.302029e-08,-0.00711563
9.307029e-08,-0.00563266
9.312029e-08,-0.00700578
9.317029e-08,-0.0049461
9.322029e-08,0.000463987
9.327029e-08,-0.000799283
9.332029e-08,-0.00376522
9.337029e-08,-0.00088167
9.342029e-08,0.00274337
9.347029e-08,0.00332008
9.352029e-08,0.00406156
9.357029e-08,0.00675287
9.362029e-08,0.00318276
9.367029e-08,-0.000716896
9.372029e-08,0.00581915
9.377029e-08,0.00628601
9.382029e-08,-0.000579584
9.387029e-08,0.00202934
9.392029e-08,0.00900479
9.397029e-08,0.0115313
9.402029e-08,0.00996597
9.407029e-08,0.00494036
9.412029e-08,0.00266098
9.417029e-08,0.00601139
9.422029e-08,0.00727466
9.427029e-08,0.00977374
9.432029e-08,0.0164196
9.437029e-08,0.0129868
9.442029e-08,0.00771406
9.447029e-08,0.0184519
9.452029e-08,0.0240542
9.457029e-08,0.015788
9.462029e-08,0.0192208
9.467029e-08,0.0258392
9.472029e-08,0.0218846
9.477029e-08,0.0292446
9.482029e-08,0.0416026
9.487029e-08,0.0430307
9.492029e-08,0.0521482
9.497029e-08,0.064369
9.502029e-08,0.0619523
9.507029e-08,0.0581899
9.512029e-08,0.0568443
9.517029e-08,0.0514616
9.522029e-08,0.0477817
9.527029e-08,0.0467656
9.532029e-08,0.0464086
9.537029e-08,0.0404492
9.542029e-08,0.0316338
9.547029e-08,0.0330069
9.552029e-08,0.0347096
9.557029e-08,0.0299586
9.562029e-08,0.0264434
9.567029e-08,0.0227909
9.572029e-08,0.0238345
9.577029e-08,0.0292446
9.582029e-08,0.0269652
9.587029e-08,0.0198799
9.592029e-08,0.0160626
9.597029e-08,0.0190286
9.602029e-08,0.0264159
9.607029e-08,0.0251252
9.612029e-08,0.0147719
9.617029e-08,0.00804361
9.622029e-08,0.00809853
9.627029e-08,0.0105976
9.632029e-08,0.0127946
9.637029e-08,0.0185617
9.642029e-08,0.0256195
9.647029e-08,0.0265533
9.652029e-08,0.0326499
9.657029e-08,0.0471226
9.662029e-08,0.045365
9.667029e-08,0.028915
9.672029e-08,0.021253
9.677029e-08,0.0175731
9.682029e-08,0.00790629
9.687029e-08,-0.000167648
9.692029e-08,0.00211173
9.697029e-08,0.0161175
9.702029e-08,0.0317986
9.707029e-08,0.0347645
9.712029e-08,0.0301783
9.717029e-08,0.0367418
9.722029e-08,0.0456671
9.727029e-08,0.0387466
9.732029e-08,0.0303431
9.737029e-08,0.0308099
9.742029e-08,0.0252076
9.747029e-08,0.013591
9.752029e-08,0.00705496
9.757029e-08,0.00710988
9.762029e-08,0.0116961
9.767029e-08,0.0136459
9.772029e-08,0.0136185
9.777029e-08,0.0206763
9.782029e-08,0.031112
9.787029e-08,0.0342976
9.792029e-08,0.0305078
9.797029e-08,0.0257019
9.802029e-08,0.0181772
9.807029e-08,0.00576423
9.812029e-08,-0.00601714
9.817029e-08,-0.00953232
9.822029e-08,-0.00634669
9.827029e-08,-0.000716896
9.832029e-08,0.00982866
9.837029e-08,0.0186441
9.842029e-08,0.0201271
9.847029e-08,0.0220494
9.852029e-08,0.0247133
9.857029e-08,0.0260315
9.862029e-08,0.0263885
9.867029e-08,0.0240816
9.872029e-08,0.0264159
9.877029e-08,0.0297938
9.882029e-08,0.0246309
9.887029e-08,0.0228184
9.892029e-08,0.02713
9.897029e-08,0.0238894
9.902029e-08,0.0145522
9.907029e-08,0.0116961
9.912029e-08,0.0191384
9.917029e-08,0.026361
9.922029e-08,0.0230655
9.927029e-08,0.0118334
9.932029e-08,0.00282575
9.937029e-08,0.00395171
9.942029e-08,0.0111743
9.947029e-08,0.015431
9.952029e-08,0.0125749
9.957029e-08,0.00875763
9.962029e-08,0.00963642
9.967029e-08,0.00834569
9.972029e-08,0.00260605
9.977029e-08,-0.00316105
9.982029e-08,-0.000277498
9.987029e-08,0.0106525
9.992029e-08,0.0152662
9.997029e-08,0.0159253
1.000203e-07,0.0190835
1.000703e-07,0.0146071
1.001203e-07,0.00389679
1.001703e-07,0.00277083
1.002203e-07,0.00971881
1.002703e-07,0.0108722
1.003203e-07,0.00494036
1.003703e-07,0.0040341
1.004203e-07,0.0161175
1.004703e-07,0.0333639
1.005203e-07,0.0427561
1.005703e-07,0.0418223
1.006203e-07,0.0396254
1.006703e-07,0.0394057
1.007203e-07,0.03622
1.007703e-07,0.0288052
1.008203e-07,0.0219396
1.008703e-07,0.0220494
1.009203e-07,0.0235324
1.009703e-07,0.0216924
1.010203e-07,0.02161
1.010703e-07,0.0171886
1.011203e-07,0.00708242
1.011703e-07,0.00474812
1.012203e-07,0.011037
1.012703e-07,0.0148817
1.013203e-07,0.0147994
1.013703e-07,0.0181772
1.014203e-07,0.0266082
1.014703e-07,0.0320732
1.015203e-07,0.0304255
1.015703e-07,0.0294917
1.016203e-07,0.0294643
1.016703e-07,0.0172435
1.017203e-07,0.00543468
1.017703e-07,0.00886748
1.018203e-07,0.0089224
1.018703e-07,0.00200188
1.019203e-07,0.00224904
1.019703e-07,0.0127122
1.020203e-07,0.0193306
1.020703e-07,0.0101857
1.021203e-07,0.00691765
1.021703e-07,0.0138931
1.022203e-07,0.00809853
1.022703e-07,-0.000854208
1.023203e-07,-0.00126614
1.023703e-07,0.00101323
1.024203e-07,0.00392425
1.024703e-07,0.00617616
1.025203e-07,0.0126847
1.025703e-07,0.0193856
1.026203e-07,0.0195778
1.026703e-07,0.0236697
1.027203e-07,0.0260864
1.027703e-07,0.0197975
1.028203e-07,0.0224888
1.028703e-07,0.0295192
1.029203e-07,0.0237521
1.029703e-07,0.01977
1.030203e-07,0.0291896
1.030703e-07,0.0323478
1.031203e-07,0.0243563
1.031703e-07,0.0263336
1.032203e-07,0.0292446
1.032703e-07,0.0171337
1.033203e-07,0.0093618
1.033703e-07,0.00878509
1.034203e-07,-0.00230971
1.034703e-07,-0.0138439
1.035203e-07,-0.0100266
1.035703e-07,0.00156248
1.036203e-07,0.0128221
1.036703e-07,0.0207038
1.037203e-07,0.0215002
1.037703e-07,0.0206763
1.038203e-07,0.0262237
1.038703e-07,0.0324027
1.039203e-07,0.0246858
1.039703e-07,0.00441857
1.040203e-07,-0.00999918
1.040703e-07,-0.00999918
1.041203e-07,-0.0015133
1.041703e-07,0.00919703
1.042203e-07,0.0166119
1.042703e-07,0.0171611
1.043203e-07,0.016502
1.043703e-07,0.0199897
1.044203e-07,0.0240542
1.044703e-07,0.0253724
1.045203e-07,0.0265533
1.045703e-07,0.0268553
1.046203e-07,0.0227909
1.046703e-07,0.0233402
1.047203e-07,0.0293819
1.047703e-07,0.0327048
1.048203e-07,0.0363848
1.048703e-07,0.0381698
1.049203e-07,0.038417
1.049703e-07,0.0371812
1.050203e-07,0.0311395
1.050703e-07,0.0312219
1.051203e-07,0.0370713
1.051703e-07,0.0393233
1.052203e-07,0.0388015
1.052703e-07,0.0329245
1.053203e-07,0.0278989
1.053703e-07,0.0316338
1.054203e-07,0.0333365
1.054703e-07,0.032952
1.055203e-07,0.0353961
1.055703e-07,0.0310571
1.056203e-07,0.0221867
1.056703e-07,0.0205939
1.057203e-07,0.0244936
1.057703e-07,0.0247957
1.058203e-07,0.0208685
1.058703e-07,0.0208136
1.059203e-07,0.0244661
1.059703e-07,0.0246034
1.060203e-07,0.0228733
1.060703e-07,0.0214178
1.061203e-07,0.021253
1.061703e-07,0.024219
1.062203e-07,0.0229557
1.062703e-07,0.0123003
1.063203e-07,0.00161741
1.063703e-07,0.000683686
1.064203e-07,0.00257859
1.064703e-07,0.000354137
1.065203e-07,-0.00206255
1.065703e-07,-0.00436939
1.066203e-07,-0.00505595
1.066703e-07,-0.00294135
1.067203e-07,-0.000387347
1.067703e-07,0.00634094
1.068203e-07,0.0127122
1.068703e-07,0.00815346
1.069203e-07,0.00167233
1.069703e-07,0.00713735
1.070203e-07,0.0170787
1.070703e-07,0.0221593
1.071203e-07,0.0276518
1.071703e-07,0.0302881
1.072203e-07,0.021665
1.072703e-07,0.0116961
1.073203e-07,0.011751
1.073703e-07,0.0180948
1.074203e-07,0.0225712
1.074703e-07,0.0241091
1.075203e-07,0.0270476
1.075703e-07,0.0260589
1.076203e-07,0.0193032
1.076703e-07,0.0238345
1.077203e-07,0.0315239
1.077703e-07,0.0172435
1.078203e-07,0.00238635
1.078703e-07,0.00656064
1.079203e-07,0.00947165
1.079703e-07,0.00922449
1.080203e-07,0.012163
1.080703e-07,0.0145797
1.081203e-07,0.0201545
1.081703e-07,0.0242739
1.082203e-07,0.0227634
1.082703e-07,0.0204017
1.083203e-07,0.0215826
1.083703e-07,0.0287777
1.084203e-07,0.0359729
1.084703e-07,0.039488
1.085203e-07,0.0418773
1.085703e-07,0.0409985
1.086203e-07,0.0352314
1.086703e-07,0.0271574
1.087203e-07,0.0141128
1.087703e-07,-0.000744358
1.088203e-07,-0.00631922
1.088703e-07,-0.00703324
1.089203e-07,-0.00865353
1.089703e-07,-0.00252941
1.090203e-07,0.00562692
1.090703e-07,-0.00134853
1.091203e-07,-0.0077198
1.091703e-07,0.00186457
1.092203e-07,0.00518752
1.092703e-07,-0.00618191
1.093203e-07,-0.0107132
1.093703e-07,0.00189203
1.094203e-07,0.00944419
1.094703e-07,0.0063684
1.095203e-07,0.0149367
1.095703e-07,0.0258118
1.096203e-07,0.021967
1.096703e-07,0.0123277
1.097203e-07,0.0102955
1.097703e-07,0.016502
1.098203e-07,0.0189462
1.098703e-07,0.019413
1.099203e-07,0.0220494
1.099703e-07,0.0159528
1.100203e-07,0.00697257
1.100703e-07,0.00820838
1.101203e-07,0.0134812
1.101703e-07,0.0176005
1.102203e-07,0.0230106
1.102703e-07,0.0279264
1.103203e-07,0.0308923
1.103703e-07,0.0297938
1.104203e-07,0.0227085
1.104703e-07,0.0160626
1.105203e-07,0.0108173
1.105703e-07,0.00194696
1.106203e-07,-0.00143092
1.106703e-07,0.00705496
1.107203e-07,0.0188363
1.107703e-07,0.0275968
1.108203e-07,0.0291622
1.108703e-07,0.0265533
1.109203e-07,0.0271849
1.109703e-07,0.0263885
1.110203e-07,0.0216924
1.110703e-07,0.0213903
1.111203e-07,0.0255371
1.111703e-07,0.0251527
1.112203e-07,0.0211157
1.112703e-07,0.0211432
1.113203e-07,0.0233951
1.113703e-07,0.0241915
1.114203e-07,0.0247957
1.114703e-07,0.0250977
1.115203e-07,0.0248506
1.115703e-07,0.0253724
1.116203e-07,0.0246858
1.116703e-07,0.0239169
1.117203e-07,0.0276243
1.117703e-07,0.0262237
1.118203e-07,0.0182871
1.118703e-07,0.0167492
1.119203e-07,0.0199897
1.119703e-07,0.026004
1.120203e-07,0.0341054
1.120703e-07,0.0310845
1.121203e-07,0.0218023
1.121703e-07,0.0242739
1.122203e-07,0.0276243
1.122703e-07,0.0197975
1.123203e-07,0.00952657
1.123703e-07,0.000518912
1.124203e-07,-0.00357298
1.124703e-07,0.000656224
1.125203e-07,0.00754928
1.125703e-07,0.0150191
1.126203e-07,0.0245485
1.126703e-07,0.0314965
1.127203e-07,0.0361376
1.127703e-07,0.0452826
1.128203e-07,0.0490724
1.128703e-07,0.0390486
1.129203e-07,0.0274595
1.129703e-07,0.0212256
1.130203e-07,0.0223515
1.130703e-07,0.0246584
1.131203e-07,0.014662
1.131703e-07,0.00650571
1.132203e-07,0.0128495
1.132703e-07,0.0171611
1.133203e-07,0.011751
1.133703e-07,0.00587408
1.134203e-07,0.00886748
1.134703e-07,0.016145
1.135203e-07,0.0161999
1.135703e-07,0.0149367
1.136203e-07,0.0170787
1.136703e-07,0.0169689
1.137203e-07,0.0224614
1.137703e-07,0.0322654
1.138203e-07,0.0309198
1.138703e-07,0.0275419
1.139203e-07,0.0336386
1.139703e-07,0.0396528
1.140203e-07,0.042811
1.140703e-07,0.0447608
1.141203e-07,0.0445686
1.141703e-07,0.0407513
1.142203e-07,0.0264983
1.142703e-07,0.0112292
1.143203e-07,0.0117785
1.143703e-07,0.0203468
1.144203e-07,0.0206763
1.144703e-07,0.0117785
1.145203e-07,0.00222158
1.145703e-07,-0.00167808
1.146203e-07,-0.000579584
1.146703e-07,0.00362216
1.147203e-07,0.00859285
1.147703e-07,0.0101033
1.148203e-07,0.0149641
1.148703e-07,0.0239718
1.149203e-07,0.0238619
1.149703e-07,0.0257294
1.150203e-07,0.0396528
1.150703e-07,0.0448981
1.151203e-07,0.0382522
1.151703e-07,0.0310845
1.152203e-07,0.0239718
1.152703e-07,0.0203742
1.153203e-07,0.0172984
1.153703e-07,0.0143874
1.154203e-07,0.015431
1.154703e-07,0.0121904
1.155203e-07,0.00774152
1.155703e-07,0.0119707
1.156203e-07,0.0227909
1.156703e-07,0.0283108
1.157203e-07,0.0231754
1.157703e-07,0.0232578
1.158203e-07,0.0329795
1.158703e-07,0.0385543
1.159203e-07,0.0386092
1.159703e-07,0.0373185
1.160203e-07,0.0311944
1.160703e-07,0.0251252
1.161203e-07,0.0272124
1.161703e-07,0.0284482
1.162203e-07,0.021665
1.162703e-07,0.00933434
1.163203e-07,-0.00280404
1.163703e-07,-0.00653892
1.164203e-07,-0.0034906
1.164703e-07,0.00461081
1.165203e-07,0.0114215
1.165703e-07,0.00661556
1.166203e-07,0.00288068
1.166703e-07,0.00905971
1.167203e-07,0.0138382
1.167703e-07,0.0137832
1.168203e-07,0.011394
1.168703e-07,0.00565438
1.169203e-07,0.000903385
1.169703e-07,0.00485797
1.170203e-07,0.0118609
1.170703e-07,0.0134537
1.171203e-07,0.0128221
1.171703e-07,0.016145
1.172203e-07,0.0225712
1.172703e-07,0.0200721
1.173203e-07,0.0145247
1.173703e-07,0.0241366
1.174203e-07,0.0328971
1.174703e-07,0.0296565
1.175203e-07,0.0323753
1.175703e-07,0.0399
1.176203e-07,0.0401197
1.176703e-07,0.0324577
1.177203e-07,0.0247407
1.177703e-07,0.0235324
1.178203e-07,0.0211432
1.178703e-07,0.0158978
1.179203e-07,0.020539
1.179703e-07,0.0254822
1.180203e-07,0.01068
1.180703e-07,-0.00936755
1.181203e-07,-0.0156015
1.181703e-07,-0.0125257
1.182203e-07,-0.00747264
1.182703e-07,-0.00552281
1.183203e-07,-0.00107391
1.183703e-07,0.00969135
1.184203e-07,0.0170513
1.184703e-07,0.0235873
1.185203e-07,0.0277341
1.185703e-07,0.0177653
1.186203e-07,0.00807107
1.186703e-07,0.0124925
1.187203e-07,0.0177653
1.187703e-07,0.0200996
1.188203e-07,0.0250428
1.188703e-07,0.0208685
1.189203e-07,0.0130967
1.189703e-07,0.0228184
1.190203e-07,0.03438
1.190703e-07,0.0308648
1.191203e-07,0.0257843
1.191703e-07,0.0233402
1.192203e-07,0.0196602
1.192703e-07,0.0200996
1.193203e-07,0.0235049
1.193703e-07,0.0250428
1.194203e-07,0.0246584
1.194703e-07,0.0232303
1.195203e-07,0.0233951
1.195703e-07,0.030755
1.196203e-07,0.0429758
1.196703e-07,0.0462163
1.197203e-07,0.0390212
1.197703e-07,0.030041
1.198203e-07,0.0218023
1.198703e-07,0.0191659
1.199203e-07,0.0247407
1.199703e-07,0.0275694
1.200203e-07,0.0205665
1.200703e-07,0.0135086
1.201203e-07,0.0108448
1.201703e-07,0.00818092
1.202203e-07,0.00897733
1.202703e-07,0.0132615
1.203203e-07,0.0158978
1.203703e-07,0.0132065
1.204203e-07,0.00516006
1.204703e-07,0.0068078
1.205203e-07,0.0163922
1.205703e-07,0.0122179
1.206203e-07,0.00257859
1.206703e-07,0.00112308
1.207203e-07,0.00375947
1.207703e-07,0.0134262
1.208203e-07,0.02345
1.208703e-07,0.0226261
1.209203e-07,0.0244936
1.209703e-07,0.0330618
1.210203e-07,0.0324302
1.210703e-07,0.0275144
1.211203e-07,0.0282559
1.211703e-07,0.0264983
1.212203e-07,0.0209509
1.212703e-07,0.0208411
1.213203e-07,0.0238345
1.213703e-07,0.0247957
1.214203e-07,0.0258667
1.214703e-07,0.0204566
1.215203e-07,0.0110919
1.215703e-07,0.0117785
1.216203e-07,0.0152388
1.216703e-07,0.0114215
1.217203e-07,0.00304545
1.217703e-07,-0.00423208
1.218203e-07,-0.00379268
1.218703e-07,0.00285321
1.219203e-07,0.00669795
1.219703e-07,0.00818092
1.220203e-07,0.0180399
1.220703e-07,0.0299311
1.221203e-07,0.0317711
1.221703e-07,0.0305628
1.222203e-07,0.0305353
1.222703e-07,0.0324302
1.223203e-07,0.0404767
1.223703e-07,0.0477542
1.224203e-07,0.045722
1.224703e-07,0.0407513
1.225203e-07,0.0364946
1.225703e-07,0.0284756
1.226203e-07,0.0249604
1.226703e-07,0.0277891
1.227203e-07,0.0274046
1.227703e-07,0.0261413
1.228203e-07,0.0251252
1.228703e-07,0.0241091
1.229203e-07,0.0225163
1.229703e-07,0.0133988
1.230203e-07,0.00400663
1.230703e-07,0.00452842
1.231203e-07,0.00617616
1.231703e-07,0.0120257
1.232203e-07,0.0316613
1.232703e-07,0.0390486
1.233203e-07,0.0277067
1.233703e-07,0.0308923
1.234203e-07,0.0410809
1.234703e-07,0.0349018
1.235203e-07,0.0260589
1.235703e-07,0.0239169
1.236203e-07,0.0233127
1.236703e-07,0.0189462
1.237203e-07,0.0112018
1.237703e-07,0.0152388
1.238203e-07,0.0213629
1.238703e-07,0.0142776
1.239203e-07,0.0109272
1.239703e-07,0.0109821
1.240203e-07,0.00389679
1.240703e-07,0.00428126
1.241203e-07,0.0191933
1.241703e-07,0.0277341
1.242203e-07,0.0223515
1.242703e-07,0.0192757
1.243203e-07,0.0211981
1.243703e-07,0.0266082
1.244203e-07,0.0342153
1.244703e-07,0.0319084
1.245203e-07,0.0231479
1.245703e-07,0.0228458
1.246203e-07,0.0255646
1.246703e-07,0.0208136
1.247203e-07,0.0175731
1.247703e-07,0.0211981
1.248203e-07,0.0211981
1.248703e-07,0.0199623
1.249203e-07,0.0283932
1.249703e-07,0.0399
1.250203e-07,0.0403668
1.250703e-07,0.0309472
1.251203e-07,0.0221593
1.251703e-07,0.0173259
1.252203e-07,0.0164746
1.252703e-07,0.0166393
1.253203e-07,0.0205115
1.253703e-07,0.0306726
1.254203e-07,0.0352314
1.254703e-07,0.0326774
1.255203e-07,0.0278165
1.255703e-07,0.0224064
1.256203e-07,0.0213903
1.256703e-07,0.0221593
1.257203e-07,0.0239993
1.257703e-07,0.0271574
1.258203e-07,0.0278989
1.258703e-07,0.0286404
1.259203e-07,0.0310296
1.259703e-07,0.0288601
1.260203e-07,0.0215002
1.260703e-07,0.0171886
1.261203e-07,0.0102955
1.261703e-07,-0.00154077
1.262203e-07,-0.000222573
1.262703e-07,0.00763167
1.263203e-07,0.000299213
1.263703e-07,-0.00656638
1.264203e-07,0.00765913
1.264703e-07,0.0261962
1.265203e-07,0.0273497
1.265703e-07,0.0179575
1.266203e-07,0.0151289
1.266703e-07,0.0196327
1.267203e-07,0.0219396
1.267703e-07,0.0233127
1.268203e-07,0.0285305
1.268703e-07,0.0310571
1.269203e-07,0.028915
1.269703e-07,0.0326499
1.270203e-07,0.0424265
1.270703e-07,0.0463811
1.271203e-07,0.0430307
1.271703e-07,0.0316613
1.272203e-07,0.00911464
1.272703e-07,-0.0096971
1.273203e-07,-0.0161508
1.273703e-07,-0.0168922
1.274203e-07,-0.0120863
1.274703e-07,-0.00631922
1.275203e-07,-0.00189778
1.275703e-07,0.00579169
1.276203e-07,0.0136459
1.276703e-07,0.0203193
1.277203e-07,0.0254273
1.277703e-07,0.0264434
1.278203e-07,0.0266356
1.278703e-07,0.0273771
1.279203e-07,0.0244112
1.279703e-07,0.0227085
1.280203e-07,0.0283108
1.280703e-07,0.0368791
1.281203e-07,0.0429483
1.281703e-07,0.0402844
1.282203e-07,0.0264709
1.282703e-07,0.0112842
1.283203e-07,0.00656064
1.283703e-07,0.00609378
1.284203e-07,-0.00250195
1.284703e-07,-0.0111526
1.285203e-07,-0.0107681
1.285703e-07,-0.00631922
1.286203e-07,0.00120547
1.286703e-07,0.00494036
1.287203e-07,0.00400663
1.287703e-07,0.0118334
1.288203e-07,0.0182322
1.288703e-07,0.0135361
1.289203e-07,0.0104054
1.289703e-07,0.0119982
1.290203e-07,0.00768659
1.290703e-07,-0.00244703
1.291203e-07,-0.00568759
1.291703e-07,-0.00598967
1.292203e-07,-0.00412223
1.292703e-07,0.00927941
1.293203e-07,0.0199074
1.293703e-07,0.021665
1.294203e-07,0.0291622
1.294703e-07,0.0370988
1.295203e-07,0.0292995
1.295703e-07,0.0177104
1.296203e-07,0.0187265
1.296703e-07,0.0175731
1.297203e-07,0.0102955
1.297703e-07,0.0123552
1.298203e-07,0.0140029
1.298703e-07,0.00801614
1.299203e-07,0.0103504
1.299703e-07,0.0148817
1.300203e-07,0.0147719
1.300703e-07,0.0209235
1.301203e-07,0.0204291
1.301703e-07,0.0143325
1.302203e-07,0.0198799
1.302703e-07,0.0214453
1.303203e-07,0.0148543
1.303703e-07,0.0155958
1.304203e-07,0.0167217
1.304703e-07,0.0133988
1.305203e-07,0.0187814
1.305703e-07,0.0306452
1.306203e-07,0.029327
1.306703e-07,0.0137832
1.307203e-07,0.0110645
1.307703e-07,0.0268279
1.308203e-07,0.0327048
1.308703e-07,0.0243563
1.309203e-07,0.0150465
1.309703e-07,0.00812599
1.310203e-07,0.0116686
1.310703e-07,0.0178202
1.311203e-07,0.0162549
1.311703e-07,0.0204566
1.312203e-07,0.031469
1.312703e-07,0.0427561
1.313203e-07,0.0516539
1.313703e-07,0.0489076
1.314203e-07,0.0440468
1.314703e-07,0.0451453
1.315203e-07,0.0366045
1.315703e-07,0.0256745
1.316203e-07,0.0321556
1.316703e-07,0.0444862
1.317203e-07,0.0456945
1.317703e-07,0.039131
1.318203e-07,0.0315789
1.318703e-07,0.0190011
1.319203e-07,0.00115055
1.319703e-07,-0.0103562
1.320203e-07,-0.0122786
1.320703e-07,-0.00796697
1.321203e-07,0.00156248
1.321703e-07,0.00949911
1.322203e-07,0.014717
1.322703e-07,0.0188638
1.323203e-07,0.0145247
1.323703e-07,0.00211173
1.324203e-07,-0.00568759
1.324703e-07,-0.00917531
1.325203e-07,-0.0157663
1.325703e-07,-0.0135144
1.326203e-07,0.00180964
1.326703e-07,0.0119433
1.327203e-07,0.0115039
1.327703e-07,0.0103779
1.328203e-07,0.0103779
1.328703e-07,0.00656064
1.329203e-07,-3.03361e-05
1.329703e-07,-0.000414809
1.330203e-07,0.00406156
1.330703e-07,0.00631348
1.331203e-07,0.0105976
1.331703e-07,0.0178751
1.332203e-07,0.0246309
1.332703e-07,0.0274321
1.333203e-07,0.0233402
1.333703e-07,0.0198524
1.334203e-07,0.01977
1.334703e-07,0.0196877
1.335203e-07,0.0257568
1.335703e-07,0.0398725
1.336203e-07,0.048633
1.336703e-07,0.0440468
1.337203e-07,0.0355609
1.337703e-07,0.0283658
1.338203e-07,0.0219121
1.338703e-07,0.019825
1.339203e-07,0.0215826
1.339703e-07,0.0255646
1.340203e-07,0.0301783
1.340703e-07,0.0326499
1.341203e-07,0.0331168
1.341703e-07,0.0289974
1.342203e-07,0.0151838
1.342703e-07,0.00288068
1.343203e-07,0.00727466
1.343703e-07,0.0109272
1.344203e-07,0.00521498
1.344703e-07,0.0112567
1.345203e-07,0.0231479
1.345703e-07,0.0293544
1.346203e-07,0.0301508
1.346703e-07,0.0206763
1.347203e-07,0.0153211
1.347703e-07,0.0163372
1.348203e-07,0.00974627
1.348703e-07,0.0070275
1.349203e-07,0.0108722
1.349703e-07,0.0126847
1.350203e-07,0.0199074
1.350703e-07,0.0274046
1.351203e-07,0.0227634
1.351703e-07,0.01436
1.352203e-07,0.00878509
1.352703e-07,-0.00420462
1.353203e-07,-0.0181006
1.353703e-07,-0.0123335
1.354203e-07,0.00285321
1.354703e-07,0.00647825
1.355203e-07,0.00169979
1.355703e-07,-0.00101898
1.356203e-07,0.00364962
1.356703e-07,0.00727466
1.357203e-07,0.00255113
1.357703e-07,0.00175472
1.358203e-07,0.00941673
1.358703e-07,0.017985
1.359203e-07,0.0233676
1.359703e-07,0.025647
1.360203e-07,0.0272947
1.360703e-07,0.0265258
1.361203e-07,0.0247407
1.361703e-07,0.0240542
1.362203e-07,0.0168041
1.362703e-07,0.00408902
1.363203e-07,-0.0032709
1.363703e-07,-0.00329836
1.364203e-07,-0.000359885
1.364703e-07,0.00175472
1.365203e-07,0.0063684
1.365703e-07,0.0154585
1.366203e-07,0.0208685
1.366703e-07,0.021665
1.367203e-07,0.0186166
1.367703e-07,0.0104603
1.368203e-07,0.0105427
1.368703e-07,0.0177378
1.369203e-07,0.0156232
1.369703e-07,0.0127946
1.370203e-07,0.0205939
1.370703e-07,0.0255921
1.371203e-07,0.0203742
1.371703e-07,0.0187814
1.372203e-07,0.0217199
1.372703e-07,0.024164
1.373203e-07,0.0314141
1.373703e-07,0.0370988
1.374203e-07,0.0345997
1.374703e-07,0.0263336
1.375203e-07,0.0166393
1.375703e-07,0.01252
1.376203e-07,0.0158978
1.376703e-07,0.0173259
1.377203e-07,0.0148817
1.377703e-07,0.0280911
1.378203e-07,0.0506652
1.378703e-07,0.0547846
1.379203e-07,0.0476444
1.379703e-07,0.0401197
1.380203e-07,0.0334189
1.380703e-07,0.0341329
1.381203e-07,0.0331442
1.381703e-07,0.0263336
1.382203e-07,0.0233402
1.382703e-07,0.0262512
1.383203e-07,0.0292995
1.383703e-07,0.0292446
1.384203e-07,0.0317436
1.384703e-07,0.0346821
1.385203e-07,0.0333914
1.385703e-07,0.0362749
1.386203e-07,0.0397627
1.386703e-07,0.0367143
1.387203e-07,0.0353687
1.387703e-07,0.0336386
1.388203e-07,0.0273222
1.388703e-07,0.0277067
1.389203e-07,0.034023
1.389703e-07,0.0315514
1.390203e-07,0.0236422
1.390703e-07,0.0185617
1.391203e-07,0.00851047
1.391703e-07,-0.00615445
1.392203e-07,-0.0131574
1.392703e-07,-0.00618191
1.393203e-07,0.00947165
1.393703e-07,0.0228733
1.394203e-07,0.0268279
1.394703e-07,0.0181772
1.395203e-07,0.00944419
1.395703e-07,0.0114489
1.396203e-07,0.0131516
1.396703e-07,0.0116686
1.397203e-07,0.0127671
1.397703e-07,0.0106525
1.398203e-07,0.0052699
1.398703e-07,0.0100209
1.399203e-07,0.0266906
1.399703e-07,0.0396803
1.400203e-07,0.0388015
1.400703e-07,0.0280088
1.401203e-07,0.0184519
1.401703e-07,0.0152388
1.402203e-07,0.013591
1.402703e-07,0.0113391
1.403203e-07,0.013948
1.403703e-07,0.0217473
1.404203e-07,0.0273771
1.404703e-07,0.0275694
1.405203e-07,0.0232028
1.405703e-07,0.0215551
1.406203e-07,0.0210059
1.406703e-07,0.0129044
1.407203e-07,0.0109821
1.407703e-07,0.0174632
1.408203e-07,0.0155958
1.408703e-07,0.0140029
1.409203e-07,0.0214727
1.409703e-07,0.0208685
1.410203e-07,0.00590154
1.410703e-07,-0.00739026
1.411203e-07,-0.0110702
1.411703e-07,-0.0060446
1.412203e-07,0.00373201
1.412703e-07,0.00710988
1.413203e-07,0.00719227
1.413703e-07,0.0153761
1.414203e-07,0.0229557
1.414703e-07,0.0225437
1.415203e-07,0.0269103
1.415703e-07,0.0346272
1.416203e-07,0.027844
1.416703e-07,0.0130143
1.417203e-07,0.00598393
1.417703e-07,0.00340246
1.418203e-07,0.00444603
1.418703e-07,0.0134812
1.419203e-07,0.0214453
1.419703e-07,0.0236422
1.420203e-07,0.0262512
1.420703e-07,0.0273497
1.421203e-07,0.0237796
1.421703e-07,0.0197151
1.422203e-07,0.0187539
1.422703e-07,0.0187539
1.423203e-07,0.0151289
1.423703e-07,0.0152937
1.424203e-07,0.023093
1.424703e-07,0.027487
1.425203e-07,0.0257568
1.425703e-07,0.024576
1.426203e-07,0.0282559
1.426703e-07,0.0266356
1.427203e-07,0.0174357
1.427703e-07,0.0167492
1.428203e-07,0.021967
1.428703e-07,0.029327
1.429203e-07,0.0381149
1.429703e-07,0.0326224
1.430203e-07,0.0239993
1.430703e-07,0.0312493
1.431203e-07,0.0388564
1.431703e-07,0.0360003
1.432203e-07,0.0288052
1.432703e-07,0.0236972
1.433203e-07,0.0224614
1.433703e-07,0.019468
1.434203e-07,0.0179026
1.434703e-07,0.019825
1.435203e-07,0.0208685
1.435703e-07,0.0208136
1.436203e-07,0.020182
1.436703e-07,0.0213079
1.437203e-07,0.0207587
1.437703e-07,0.0215551
1.438203e-07,0.034737
1.438703e-07,0.0478091
1.439203e-07,0.0488527
1.439703e-07,0.045722
1.440203e-07,0.0399274
1.440703e-07,0.0342702
1.441203e-07,0.0286404
1.441703e-07,0.0202094
1.442203e-07,0.0142776
1.442703e-07,0.0122454
1.443203e-07,0.0177378
1.443703e-07,0.0270476
1.444203e-07,0.0272124
1.444703e-07,0.0202644
1.445203e-07,0.0172984
1.445703e-07,0.0162274
1.446203e-07,0.0110645
1.446703e-07,0.00691765
1.447203e-07,0.00889494
1.447703e-07,0.0124925
1.448203e-07,0.0114764
1.448703e-07,0.0166393
1.449203e-07,0.031112
1.449703e-07,0.0338857
1.450203e-07,0.0294643
1.450703e-07,0.0339681
1.451203e-07,0.0359454
1.451703e-07,0.0311669
1.452203e-07,0.0331442
1.452703e-07,0.0380051
1.453203e-07,0.0334738
1.453703e-07,0.0269652
1.454203e-07,0.0268279
1.454703e-07,0.0246034
1.455203e-07,0.0206214
1.455703e-07,0.0219121
1.456203e-07,0.0211981
1.456703e-07,0.021665
1.457203e-07,0.0279264
1.457703e-07,0.031881
1.458203e-07,0.0416026
1.458703e-07,0.0524777
1.459203e-07,0.0472874
1.459703e-07,0.0367693
1.460203e-07,0.0335836
1.460703e-07,0.0356982
1.461203e-07,0.0327598
1.461703e-07,0.0211981
1.462203e-07,0.0159802
1.462703e-07,0.0135635
1.463203e-07,0.00134278
1.463703e-07,-0.00357298
1.464203e-07,0.00587408
1.464703e-07,0.0125749
1.465203e-07,0.014662
1.465703e-07,0.01977
1.466203e-07,0.0256745
1.466703e-07,0.0253724
1.467203e-07,0.0225163
1.467703e-07,0.0256195
1.468203e-07,0.024521
1.468703e-07,0.0134812
1.469203e-07,0.0115863
1.469703e-07,0.0231479
1.470203e-07,0.0282285
1.470703e-07,0.022736
1.471203e-07,0.0214727
1.471703e-07,0.0236148
1.472203e-07,0.0136459
1.472703e-07,-0.000414809
1.473203e-07,0.00120547
1.473703e-07,0.0108448
1.474203e-07,0.0133713
1.474703e-07,0.010323
1.475203e-07,0.0106251
1.475703e-07,0.0148817
1.476203e-07,0.013948
1.476703e-07,0.00944419
1.477203e-07,0.0129319
1.477703e-07,0.0185892
1.478203e-07,0.0191109
1.478703e-07,0.0261139
1.479203e-07,0.036577
1.479703e-07,0.0405591
1.480203e-07,0.0404218
1.480703e-07,0.0340505
1.481203e-07,0.0265533
1.481703e-07,0.0311395
1.482203e-07,0.0439644
1.482703e-07,0.0435525
1.483203e-07,0.0334463
1.483703e-07,0.0358905
1.484203e-07,0.0387191
1.484703e-07,0.0261413
1.485203e-07,0.0168865
1.485703e-07,0.0229831
1.486203e-07,0.0294643
1.486703e-07,0.0285031
1.487203e-07,0.0266082
1.487703e-07,0.0258392
1.488203e-07,0.0237796
1.488703e-07,0.0247133
1.489203e-07,0.0287777
1.489703e-07,0.0238894
1.490203e-07,0.016502
1.490703e-07,0.0126298
1.491203e-07,0.00084846
1.491703e-07,-0.00343567
1.492203e-07,0.00601139
1.492703e-07,0.0140304
1.493203e-07,0.0277891
1.493703e-07,0.0410809
1.494203e-07,0.0404767
1.494703e-07,0.0388015
1.495203e-07,0.0411632
1.495703e-07,0.035149
1.496203e-07,0.0259491
1.496703e-07,0.0277067
1.497203e-07,0.0293819
1.497703e-07,0.021967
1.498203e-07,0.0181498
1.498703e-07,0.0193856
1.499203e-07,0.0185068
1.499703e-07,0.0247957
1.500203e-07,0.036989
1.500703e-07,0.0372087
1.501203e-07,0.0255646
1.501703e-07,0.0129044
1.502203e-07,0.00820838
1.502703e-07,0.015431
1.503203e-07,0.020182
1.503703e-07,0.0153761
1.504203e-07,0.017628
1.504703e-07,0.0263061
1.505203e-07,0.0241366
1.505703e-07,0.0155134
1.506203e-07,0.0104603
1.506703e-07,0.0063684
1.507203e-07,0.00691765
1.507703e-07,0.0102131
1.508203e-07,0.003375
1.508703e-07,-0.00285896
1.509203e-07,-0.000826745
1.509703e-07,0.00246874
1.510203e-07,0.0127946
1.510703e-07,0.024576
1.511203e-07,0.0292171
1.511703e-07,0.0298762
1.512203e-07,0.0285031
1.512703e-07,0.0323478
1.513203e-07,0.0342976
1.513703e-07,0.023093
1.514203e-07,0.0131241
1.514703e-07,0.00960896
1.515203e-07,0.00386932
1.515703e-07,5.20511e-05
1.516203e-07,0.000326675
1.516703e-07,-0.00187032
1.517203e-07,-0.00324344
1.517703e-07,0.00252367
1.518203e-07,0.00653317
1.518703e-07,0.00282575
1.519203e-07,0.00178218
1.519703e-07,0.00752182
1.520203e-07,0.0130692
1.520703e-07,0.019413
1.521203e-07,0.0266631
1.521703e-07,0.025647
1.522203e-07,0.0217473
1.522703e-07,0.02529
1.523203e-07,0.0291896
1.523703e-07,0.027487
1.524203e-07,0.0219945
1.524703e-07,0.0200172
1.525203e-07,0.02713
1.525703e-07,0.02713
1.526203e-07,0.0154859
1.526703e-07,0.0126847
1.527203e-07,0.0147994
1.527703e-07,0.0129319
1.528203e-07,0.0182047
1.528703e-07,0.0271025
1.529203e-07,0.029272
1.529703e-07,0.026361
1.530203e-07,0.0228184
1.530703e-07,0.0265258
1.531203e-07,0.034023
1.531703e-07,0.0352588
1.532203e-07,0.0358355
1.532703e-07,0.0338033
1.533203e-07,0.0274321
1.533703e-07,0.0303705
1.534203e-07,0.0336935
1.534703e-07,0.0251801
1.535203e-07,0.0203468
1.535703e-07,0.0258118
1.536203e-07,0.0314965
1.536703e-07,0.0313866
1.537203e-07,0.0246584
1.537703e-07,0.0171337
1.538203e-07,0.0178202
1.538703e-07,0.0249055
1.539203e-07,0.028558
1.539703e-07,0.0302881
1.540203e-07,0.0354785
1.540703e-07,0.0372361
1.541203e-07,0.0364123
1.541703e-07,0.0428385
1.542203e-07,0.04899
1.542703e-07,0.0451728
1.543203e-07,0.0361102
1.543703e-07,0.0247957
1.544203e-07,0.0162549
1.544703e-07,0.0176554
1.545203e-07,0.022324
1.545703e-07,0.0280088
1.546203e-07,0.0364123
1.546703e-07,0.0357532
1.547203e-07,0.0302332
1.547703e-07,0.0313042
1.548203e-07,0.0301783
1.548703e-07,0.0259216
1.549203e-07,0.0205665
1.549703e-07,0.0132615
1.550203e-07,0.0147444
1.550703e-07,0.0196602
1.551203e-07,0.0132615
1.551703e-07,0.00310038
1.552203e-07,0.00238635
1.552703e-07,0.0113391
1.553203e-07,0.0220769
1.553703e-07,0.0254273
1.554203e-07,0.0228458
1.554703e-07,0.022379
1.555203e-07,0.0235324
1.555703e-07,0.0254822
1.556203e-07,0.0271025
1.556703e-07,0.0238619
1.557203e-07,0.0191659
1.557703e-07,0.0189187
1.558203e-07,0.0196602
1.558703e-07,0.0149916
1.559203e-07,0.00963642
1.559703e-07,0.0113391
1.560203e-07,0.0167492
1.560703e-07,0.021253
1.561203e-07,0.02529
1.561703e-07,0.0305902
1.562203e-07,0.0356982
1.562703e-07,0.0370164
1.563203e-07,0.0359454
1.563703e-07,0.0341878
1.564203e-07,0.0271574
1.564703e-07,0.0157056
1.565203e-07,0.0127671
1.565703e-07,0.0149916
1.566203e-07,0.00933434
1.566703e-07,0.00483051
1.567203e-07,0.00966389
1.567703e-07,0.0166668
1.568203e-07,0.0218572
1.568703e-07,0.0284482
1.569203e-07,0.0291073
1.569703e-07,0.0152113
1.570203e-07,0.00452842
1.570703e-07,0.00469319
1.571203e-07,0.00189203
1.571703e-07,0.000134438
1.572203e-07,0.00095831
1.572703e-07,0.000244288
1.573203e-07,0.00947165
1.573703e-07,0.0219945
1.574203e-07,0.0239993
1.574703e-07,0.0241091
1.575203e-07,0.0239169
1.575703e-07,0.0249604
1.576203e-07,0.029327
1.576703e-07,0.0275419
1.577203e-07,0.0273222
1.577703e-07,0.0305628
1.578203e-07,0.0265533
1.578703e-07,0.0235324
1.579203e-07,0.0203468
1.579703e-07,0.00768659
1.580203e-07,-0.0034906
1.580703e-07,-0.00376522
1.581203e-07,0.00235889
1.581703e-07,0.00812599
1.582203e-07,0.00930688
1.582703e-07,0.0093618
1.583203e-07,0.0127671
1.583703e-07,0.0168865
1.584203e-07,0.0178751
1.584703e-07,0.0179301
1.585203e-07,0.0215551
1.585703e-07,0.0203468
1.586203e-07,0.0132065
1.586703e-07,0.011751
1.587203e-07,0.00925195
1.587703e-07,0.000573836
1.588203e-07,-0.00340821
1.588703e-07,0.0010407
1.589203e-07,0.00787883
1.589703e-07,0.0174907
1.590203e-07,0.0342427
1.590703e-07,0.0513243
1.591203e-07,0.0628036
1.591703e-07,0.0654125
1.592203e-07,0.0542628
1.592703e-07,0.0407513
1.593203e-07,0.0367418
1.593703e-07,0.0370439
1.594203e-07,0.0388564
1.594703e-07,0.0405316
1.595203e-07,0.036632
1.595703e-07,0.0316887
1.596203e-07,0.032238
