LECROYWR640Zi,59892,Waveform
Segments,1,SegmentSize,4002
Segment,TrigTime,TimeSinceSegment1
#1,01-Nov-2023 13:36:57,0                 
Time,Ampl
-4.042891e-08,-0.0131848
-4.037891e-08,-0.0026118
-4.032891e-08,0.00738451
-4.027891e-08,0.0105427
-4.022891e-08,0.0164471
-4.017891e-08,0.0144973
-4.012891e-08,0.00496782
-4.007891e-08,0.0029356
-4.002891e-08,-0.00126614
-3.997891e-08,-0.0133221
-3.992891e-08,-0.0215059
-3.987891e-08,-0.0260098
-3.982891e-08,-0.0284539
-3.977891e-08,-0.0261196
-3.972891e-08,-0.0214235
-3.967891e-08,-0.012663
-3.962891e-08,-0.00167808
-3.957891e-08,0.00730212
-3.952891e-08,0.011806
-3.947891e-08,0.00818092
-3.942891e-08,-0.00187032
-3.937891e-08,-0.0136242
-3.932891e-08,-0.0197483
-3.927891e-08,-0.020023
-3.922891e-08,-0.0210665
-3.917891e-08,-0.0157114
-3.912891e-08,0.000216825
-3.907891e-08,0.0133164
-3.902891e-08,0.017628
-3.897891e-08,0.0190835
-3.892891e-08,0.0211432
-3.887891e-08,0.0199074
-3.882891e-08,0.0152388
-3.877891e-08,0.0151014
-3.872891e-08,0.0182871
-3.867891e-08,0.0158978
-3.862891e-08,0.0152388
-3.857891e-08,0.02529
-3.852891e-08,0.0253174
-3.847891e-08,0.0087027
-3.842891e-08,0.00362216
-3.837891e-08,0.0132615
-3.832891e-08,0.0162549
-3.827891e-08,0.00952657
-3.822891e-08,0.00172726
-3.817891e-08,-0.00876338
-3.812891e-08,-0.0229614
-3.807891e-08,-0.0260921
-3.802891e-08,-0.0153269
-3.797891e-08,-0.00936755
-3.792891e-08,-0.00804935
-3.787891e-08,0.00134278
-3.782891e-08,0.0114215
-3.777891e-08,0.0105701
-3.772891e-08,0.00238635
-3.767891e-08,-0.00112883
-3.762891e-08,0.00667049
-3.757891e-08,0.0134262
-3.752891e-08,0.00559945
-3.747891e-08,-0.00338075
-3.742891e-08,0.00142517
-3.737891e-08,0.0104878
-3.732891e-08,0.0102955
-3.727891e-08,0.00304545
-3.722891e-08,-0.00533058
-3.717891e-08,-0.0142559
-3.712891e-08,-0.0183203
-3.707891e-08,-0.0121138
-3.702891e-08,-0.00181539
-3.697891e-08,0.00277083
-3.692891e-08,-0.00187032
-3.687891e-08,-0.0107681
-3.682891e-08,-0.0144481
-3.677891e-08,-0.0162606
-3.672891e-08,-0.0203525
-3.667891e-08,-0.0202701
-3.662891e-08,-0.0235107
-3.657891e-08,-0.0306234
-3.652891e-08,-0.0313924
-3.647891e-08,-0.033507
-3.642891e-08,-0.0336168
-3.637891e-08,-0.0179907
-3.632891e-08,-0.000112723
-3.627891e-08,0.0052699
-3.622891e-08,0.00332008
-3.617891e-08,-0.00302374
-3.612891e-08,-0.00887322
-3.607891e-08,-0.00832398
-3.602891e-08,-0.00535804
-3.597891e-08,-0.00395746
-3.592891e-08,0.00246874
-3.587891e-08,0.0108448
-3.582891e-08,0.00546214
-3.577891e-08,-0.00384761
-3.572891e-08,-0.0037103
-3.567891e-08,-0.00140346
-3.562891e-08,-0.000579584
-3.557891e-08,-0.000140186
-3.552891e-08,-0.000689433
-3.547891e-08,-0.000112723
-3.542891e-08,0.00647825
-3.537891e-08,0.0140304
-3.532891e-08,0.00963642
-3.527891e-08,-0.00379268
-3.522891e-08,-0.00755503
-3.517891e-08,-0.00445178
-3.512891e-08,-0.0116744
-3.507891e-08,-0.0174964
-3.502891e-08,-0.0122511
-3.497891e-08,-0.00774727
-3.492891e-08,-0.00846129
-3.487891e-08,-0.0150248
-3.482891e-08,-0.0187871
-3.477891e-08,-0.00829651
-3.472891e-08,0.00386932
-3.467891e-08,0.00491289
-3.462891e-08,0.00557199
-3.457891e-08,0.0142501
-3.452891e-08,0.021253
-3.447891e-08,0.0163922
-3.442891e-08,0.00562692
-3.437891e-08,0.000216825
-3.432891e-08,-0.000826745
-3.427891e-08,-0.00651146
-3.422891e-08,-0.0138714
-3.417891e-08,-0.0083789
-3.412891e-08,0.0022765
-3.407891e-08,-0.00307866
-3.402891e-08,-0.0163705
-3.397891e-08,-0.0201877
-3.392891e-08,-0.0237578
-3.387891e-08,-0.0337267
-3.382891e-08,-0.031667
-3.377891e-08,-0.0154642
-3.372891e-08,-0.00123868
-3.367891e-08,0.00669795
-3.362891e-08,0.00450096
-3.357891e-08,-0.00398492
-3.352891e-08,-0.00483625
-3.347891e-08,-0.00365537
-3.342891e-08,-0.0077198
-3.337891e-08,-0.00291389
-3.332891e-08,0.0104878
-3.327891e-08,0.0135635
-3.322891e-08,0.00595646
-3.317891e-08,-0.00167808
-3.312891e-08,-0.00708817
-3.307891e-08,-0.0120039
-3.302891e-08,-0.0182654
-3.297891e-08,-0.0215059
-3.292891e-08,-0.0166725
-3.287891e-08,-0.00733533
-3.282891e-08,0.00208427
-3.277891e-08,0.00966389
-3.272891e-08,0.017628
-3.267891e-08,0.0233951
-3.262891e-08,0.0218297
-3.257891e-08,0.0193032
-3.252891e-08,0.0147444
-3.247891e-08,-0.00088167
-3.242891e-08,-0.0191716
-3.237891e-08,-0.0278497
-3.232891e-08,-0.0291679
-3.227891e-08,-0.0288384
-3.222891e-08,-0.0235107
-3.217891e-08,-0.0096971
-3.212891e-08,0.00208427
-3.207891e-08,0.0072472
-3.202891e-08,0.0098012
-3.197891e-08,0.00727466
-3.192891e-08,0.005929
-3.187891e-08,0.0129868
-3.182891e-08,0.0205115
-3.177891e-08,0.0170238
-3.172891e-08,0.00982866
-3.167891e-08,0.0100484
-3.162891e-08,0.0082633
-3.157891e-08,0.00650571
-3.152891e-08,0.011806
-3.147891e-08,0.012108
-3.142891e-08,0.00694511
-3.137891e-08,0.00326515
-3.132891e-08,-0.00143092
-3.127891e-08,-0.00651146
-3.122891e-08,-0.00994426
-3.117891e-08,-0.0079395
-3.112891e-08,0.000820998
-3.107891e-08,0.00705496
-3.102891e-08,0.0035947
-3.097891e-08,-0.000442272
-3.092891e-08,0.00908718
-3.087891e-08,0.0196877
-3.082891e-08,0.0173534
-3.077891e-08,0.017216
-3.072891e-08,0.0216924
-3.067891e-08,0.0158978
-3.062891e-08,0.00947165
-3.057891e-08,0.0112567
-3.052891e-08,0.00689019
-3.047891e-08,0.000354137
-3.042891e-08,0.00189203
-3.037891e-08,0.00472066
-3.032891e-08,0.00667049
-3.027891e-08,0.00798868
-3.022891e-08,0.00757675
-3.017891e-08,0.00397917
-3.012891e-08,-0.00376522
-3.007891e-08,-0.0103287
-3.002891e-08,-0.00898307
-2.997891e-08,-0.00640161
-2.992891e-08,-0.0159311
-2.987891e-08,-0.0269984
-2.982891e-08,-0.0206271
-2.977891e-08,-0.0109604
-2.972891e-08,-0.0124983
-2.967891e-08,-0.00774727
-2.962891e-08,0.00290814
-2.957891e-08,0.003375
-2.952891e-08,5.20511e-05
-2.947891e-08,0.00318276
-2.942891e-08,0.00927941
-2.937891e-08,0.00823584
-2.932891e-08,0.00395171
-2.927891e-08,0.00164487
-2.922891e-08,-0.00148584
-2.917891e-08,5.20511e-05
-2.912891e-08,0.00428126
-2.907891e-08,0.00191949
-2.902891e-08,-0.00318851
-2.897891e-08,-0.00329836
-2.892891e-08,-0.001733
-2.887891e-08,-0.00112883
-2.882891e-08,0.00200188
-2.877891e-08,0.00131532
-2.872891e-08,-0.00393
-2.867891e-08,-0.00170554
-2.862891e-08,0.000299213
-2.857891e-08,-0.00566013
-2.852891e-08,-0.00343567
-2.847891e-08,0.00581915
-2.842891e-08,0.00172726
-2.837891e-08,-0.00944993
-2.832891e-08,-0.0037103
-2.827891e-08,0.00845554
-2.822891e-08,0.0044735
-2.817891e-08,-0.00684101
-2.812891e-08,-0.0153543
-2.807891e-08,-0.0197483
-2.802891e-08,-0.0165078
-2.797891e-08,-0.0130475
-2.792891e-08,-0.0132947
-2.787891e-08,-0.00975202
-2.782891e-08,-0.00354552
-2.777891e-08,0.00233143
-2.772891e-08,0.00749436
-2.767891e-08,0.00351231
-2.762891e-08,-0.00431447
-2.757891e-08,-0.00269419
-2.752891e-08,-0.00252941
-2.747891e-08,-0.0134045
-2.742891e-08,-0.0243345
-2.737891e-08,-0.0243071
-2.732891e-08,-0.0149424
-2.727891e-08,-0.0119215
-2.722891e-08,-0.020325
-2.717891e-08,-0.0292503
-2.712891e-08,-0.0343309
-2.707891e-08,-0.0285088
-2.702891e-08,-0.0136517
-2.697891e-08,-0.00544043
-2.692891e-08,-0.00176047
-2.687891e-08,0.00952657
-2.682891e-08,0.0234775
-2.677891e-08,0.0269103
-2.672891e-08,0.0274046
-2.667891e-08,0.0328147
-2.662891e-08,0.0307825
-2.657891e-08,0.0257019
-2.652891e-08,0.0266906
-2.647891e-08,0.0169963
-2.642891e-08,-0.00258434
-2.637891e-08,-0.00596221
-2.632891e-08,0.00540722
-2.627891e-08,0.00675287
-2.622891e-08,-0.00203509
-2.617891e-08,-0.00425954
-2.612891e-08,-0.00365537
-2.607891e-08,-0.006484
-2.602891e-08,-0.00752757
-2.597891e-08,-0.00884576
-2.592891e-08,-0.0168099
-2.587891e-08,-0.0272181
-2.582891e-08,-0.0306509
-2.577891e-08,-0.0266963
-2.572891e-08,-0.0206546
-2.567891e-08,-0.0123609
-2.562891e-08,-0.00126614
-2.557891e-08,0.00378694
-2.552891e-08,0.00266098
-2.547891e-08,0.00340246
-2.542891e-08,-0.00134853
-2.537891e-08,-0.0125806
-2.532891e-08,-0.0202152
-2.527891e-08,-0.0233734
-2.522891e-08,-0.0171394
-2.517891e-08,-0.00379268
-2.512891e-08,0.00120547
-2.507891e-08,0.0022765
-2.502891e-08,0.00510513
-2.497891e-08,-0.00178793
-2.492891e-08,-0.00953232
-2.487891e-08,-0.00623684
-2.482891e-08,-0.00373776
-2.477891e-08,-0.00620937
-2.472891e-08,-0.00824159
-2.467891e-08,-0.00763742
-2.462891e-08,-0.00145838
-2.457891e-08,0.00897733
-2.452891e-08,0.0157331
-2.447891e-08,0.00952657
-2.442891e-08,-0.00351806
-2.437891e-08,-0.00791204
-2.432891e-08,-0.00288642
-2.427891e-08,0.00167233
-2.422891e-08,0.00233143
-2.417891e-08,0.00397917
-2.412891e-08,0.00590154
-2.407891e-08,0.00650571
-2.402891e-08,0.00776898
-2.397891e-08,0.00897733
-2.392891e-08,0.00867524
-2.387891e-08,0.00274337
-2.382891e-08,-0.00376522
-2.377891e-08,-0.00640161
-2.372891e-08,-0.00972456
-2.367891e-08,-0.00681355
-2.362891e-08,-0.00214494
-2.357891e-08,-0.00890069
-2.352891e-08,-0.0106857
-2.347891e-08,-0.00269419
-2.342891e-08,-0.00423208
-2.337891e-08,-0.00884576
-2.332891e-08,-0.00774727
-2.327891e-08,-0.00722548
-2.322891e-08,-0.00167808
-2.317891e-08,0.00620363
-2.312891e-08,0.00137025
-2.307891e-08,-0.00527565
-2.302891e-08,-0.00192524
-2.297891e-08,-0.0019527
-2.292891e-08,-0.00425954
-2.287891e-08,-0.000716896
-2.282891e-08,0.00189203
-2.277891e-08,0.00441857
-2.272891e-08,0.00625855
-2.267891e-08,0.000656224
-2.262891e-08,-0.00252941
-2.257891e-08,0.00115055
-2.252891e-08,-3.03361e-05
-2.247891e-08,-0.00497357
-2.242891e-08,-0.00280404
-2.237891e-08,0.00499528
-2.232891e-08,0.00933434
-2.227891e-08,0.0110919
-2.222891e-08,0.00941673
-2.217891e-08,0.000216825
-2.212891e-08,-0.00640161
-2.207891e-08,-0.0083789
-2.202891e-08,-0.0138714
-2.197891e-08,-0.0158487
-2.192891e-08,-0.0143932
-2.187891e-08,-0.0223298
-2.182891e-08,-0.0297172
-2.177891e-08,-0.0219179
-2.172891e-08,-0.00598967
-2.167891e-08,0.00469319
-2.162891e-08,0.0022765
-2.157891e-08,-0.0030512
-2.152891e-08,-0.00382015
-2.147891e-08,-0.00409477
-2.142891e-08,0.00189203
-2.137891e-08,0.0112567
-2.132891e-08,0.0126024
-2.127891e-08,0.00439111
-2.122891e-08,-0.00423208
-2.117891e-08,-0.00489118
-2.112891e-08,-0.00467148
-2.107891e-08,-0.00999918
-2.102891e-08,-0.0166176
-2.097891e-08,-0.024719
-2.092891e-08,-0.0306784
-2.087891e-08,-0.0232361
-2.082891e-08,-0.00983441
-2.077891e-08,-0.00782965
-2.072891e-08,-0.011592
-2.067891e-08,-0.00675862
-2.062891e-08,-0.00209002
-2.057891e-08,-0.00423208
-2.052891e-08,0.00191949
-2.047891e-08,0.0141952
-2.042891e-08,0.016859
-2.037891e-08,0.0114489
-2.032891e-08,0.00590154
-2.027891e-08,0.00367709
-2.022891e-08,0.00384186
-2.017891e-08,0.00645079
-2.012891e-08,0.0129594
-2.007891e-08,0.0213079
-2.002891e-08,0.0279538
-1.997891e-08,0.0294917
-1.992891e-08,0.0286679
-1.987891e-08,0.0282285
-1.982891e-08,0.0204291
-1.977891e-08,0.00691765
-1.972891e-08,0.00137025
-1.967891e-08,0.00230397
-1.962891e-08,0.00112308
-1.957891e-08,0.0012604
-1.952891e-08,0.00532483
-1.947891e-08,0.00793376
-1.942891e-08,0.0102681
-1.937891e-08,0.0138656
-1.932891e-08,0.0107349
-1.927891e-08,0.00189203
-1.922891e-08,-0.00181539
-1.917891e-08,0.00244128
-1.912891e-08,0.0105701
-1.907891e-08,0.0162823
-1.902891e-08,0.0169689
-1.897891e-08,0.0200172
-1.892891e-08,0.023093
-1.887891e-08,0.0146346
-1.882891e-08,0.00428126
-1.877891e-08,0.00274337
-1.872891e-08,0.000354137
-1.867891e-08,-0.00464402
-1.862891e-08,-0.00401238
-1.857891e-08,-0.00181539
-1.852891e-08,-0.00187032
-1.847891e-08,0.00095831
-1.842891e-08,0.00340246
-1.837891e-08,-0.000469734
-1.832891e-08,-0.00884576
-1.827891e-08,-0.0218355
-1.822891e-08,-0.0352646
-1.817891e-08,-0.0364729
-1.812891e-08,-0.0314198
-1.807891e-08,-0.0315572
-1.802891e-08,-0.0305136
-1.797891e-08,-0.0272456
-1.792891e-08,-0.0213137
-1.787891e-08,-0.00788458
-1.782891e-08,0.00463827
-1.777891e-08,0.00557199
-1.772891e-08,-0.00291389
-1.767891e-08,-0.0077198
-1.762891e-08,-0.00544043
-1.757891e-08,-0.00695086
-1.752891e-08,-0.0113448
-1.747891e-08,-0.00950486
-1.742891e-08,-0.00296881
-1.737891e-08,0.00189203
-1.732891e-08,0.00252367
-1.727891e-08,0.00362216
-1.722891e-08,0.00601139
-1.717891e-08,0.00686272
-1.712891e-08,0.0119982
-1.707891e-08,0.020182
-1.702891e-08,0.023093
-1.697891e-08,0.0213079
-1.692891e-08,0.0185617
-1.687891e-08,0.0145522
-1.682891e-08,0.00859285
-1.677891e-08,0.00562692
-1.672891e-08,0.005929
-1.667891e-08,0.00150756
-1.662891e-08,-0.00642907
-1.657891e-08,-0.00478133
-1.652891e-08,0.00683526
-1.647891e-08,0.0148817
-1.642891e-08,0.0122179
-1.637891e-08,0.0027159
-1.632891e-08,-0.000854208
-1.627891e-08,0.000820998
-1.622891e-08,-0.000909132
-1.617891e-08,-0.00500103
-1.612891e-08,-0.0136242
-1.607891e-08,-0.0190618
-1.602891e-08,-0.0137341
-1.597891e-08,-0.00780219
-1.592891e-08,-0.00857114
-1.587891e-08,-0.0141735
-1.582891e-08,-0.0154917
-1.577891e-08,-0.00934009
-1.572891e-08,-0.00634669
-1.567891e-08,-0.0060446
-1.562891e-08,0.00142517
-1.557891e-08,0.00639586
-1.552891e-08,0.000601299
-1.547891e-08,-0.00829651
-1.542891e-08,-0.0148051
-1.537891e-08,-0.006484
-1.532891e-08,0.015074
-1.527891e-08,0.030398
-1.522891e-08,0.0380051
-1.517891e-08,0.038417
-1.512891e-08,0.0334738
-1.507891e-08,0.0361102
-1.502891e-08,0.0377579
-1.497891e-08,0.0274046
-1.492891e-08,0.0162274
-1.487891e-08,0.0095815
-1.482891e-08,0.00930688
-1.477891e-08,0.0131791
-1.472891e-08,0.0129594
-1.467891e-08,0.0093618
-1.462891e-08,0.00233143
-1.457891e-08,-0.0083789
-1.452891e-08,-0.0194462
-1.447891e-08,-0.0261196
-1.442891e-08,-0.0250211
-1.437891e-08,-0.0211489
-1.432891e-08,-0.015217
-1.427891e-08,-0.00307866
-1.422891e-08,0.0087027
-1.417891e-08,0.017628
-1.412891e-08,0.0250703
-1.407891e-08,0.0200721
-1.402891e-08,0.00373201
-1.397891e-08,-0.00480879
-1.392891e-08,-0.00502849
-1.387891e-08,-0.0132123
-1.382891e-08,-0.0286736
-1.377891e-08,-0.0315846
-1.372891e-08,-0.0209018
-1.367891e-08,-0.0180731
-1.362891e-08,-0.0199955
-1.357891e-08,-0.0177161
-1.352891e-08,-0.022522
-1.347891e-08,-0.026202
-1.342891e-08,-0.0183203
-1.337891e-08,-0.0143657
-1.332891e-08,-0.0180182
-1.327891e-08,-0.0158212
-1.322891e-08,-0.0114547
-1.317891e-08,-0.0155191
-1.312891e-08,-0.0210665
-1.307891e-08,-0.0231537
-1.302891e-08,-0.0248289
-1.297891e-08,-0.0240325
-1.292891e-08,-0.0229889
-1.287891e-08,-0.025845
-1.282891e-08,-0.0311727
-1.277891e-08,-0.0336168
-1.272891e-08,-0.0295249
-1.267891e-08,-0.0249113
-1.262891e-08,-0.0251859
-1.257891e-08,-0.0309804
-1.252891e-08,-0.0352646
-1.247891e-08,-0.0276575
-1.242891e-08,-0.0187871
-1.237891e-08,-0.0147502
-1.232891e-08,-0.00774727
-1.227891e-08,-0.010109
-1.222891e-08,-0.0255704
-1.217891e-08,-0.0359511
-1.212891e-08,-0.0371595
-1.207891e-08,-0.0346329
-1.202891e-08,-0.0317769
-1.197891e-08,-0.0296897
-1.192891e-08,-0.023648
-1.187891e-08,-0.0131299
-1.182891e-08,-0.0028315
-1.177891e-08,0.00373201
-1.172891e-08,0.00502274
-1.167891e-08,0.00579169
-1.162891e-08,0.00853793
-1.157891e-08,0.005929
-1.152891e-08,-0.00310612
-1.147891e-08,-0.0132947
-1.142891e-08,-0.0199406
-1.137891e-08,-0.0205173
-1.132891e-08,-0.0221376
-1.127891e-08,-0.0267787
-1.122891e-08,-0.0277673
-1.117891e-08,-0.0205173
-1.112891e-08,-0.00436939
-1.107891e-08,0.0113666
-1.102891e-08,0.0158704
-1.097891e-08,0.0127122
-1.092891e-08,0.0132615
-1.087891e-08,0.0147444
-1.082891e-08,0.0124651
-1.077891e-08,0.0170238
-1.072891e-08,0.0218023
-1.067891e-08,0.0127946
-1.062891e-08,0.00559945
-1.057891e-08,0.00851047
-1.052891e-08,0.00749436
-1.047891e-08,0.00301799
-1.042891e-08,-2.87366e-06
-1.037891e-08,-0.00629176
-1.032891e-08,-0.00977948
-1.027891e-08,-0.00972456
-1.022891e-08,-0.0154093
-1.017891e-08,-0.0133221
-1.012891e-08,-0.000826745
-1.007891e-08,0.00123293
-1.002891e-08,-0.00343567
-9.978914e-09,-0.00799443
-9.928914e-09,-0.0216982
-9.878914e-09,-0.0361159
-9.828914e-09,-0.0402353
-9.778914e-09,-0.0401254
-9.728914e-09,-0.0333971
-9.678914e-09,-0.0198582
-9.628914e-09,-0.0077198
-9.578914e-09,0.00573677
-9.528914e-09,0.0151289
-9.478914e-09,0.00985612
-9.428914e-09,0.000820998
-9.378914e-09,-0.00464402
-9.328914e-09,-0.0123884
-9.278914e-09,-0.017469
-9.228914e-09,-0.0165902
-9.178914e-09,-0.0132947
-9.128914e-09,-0.0109604
-9.078914e-09,-0.00813174
-9.028914e-09,0.00131532
-8.978914e-09,0.00353977
-8.928914e-09,-0.00343567
-8.878914e-09,7.95135e-05
-8.828914e-09,0.00095831
-8.778914e-09,-0.00384761
-8.728914e-09,0.00535229
-8.678914e-09,0.015074
-8.628914e-09,0.0166943
-8.578914e-09,0.0173808
-8.528914e-09,0.0105976
-8.478914e-09,-0.00233718
-8.428914e-09,-0.0094774
-8.378914e-09,-0.00782965
-8.328914e-09,-0.0096971
-8.278914e-09,-0.0187871
-8.228914e-09,-0.0191716
-8.178914e-09,-0.0113174
-8.128914e-09,-0.0132397
-8.078914e-09,-0.0186498
-8.028914e-09,-0.00865353
-7.978914e-09,0.00255113
-7.928914e-09,-0.00145838
-7.878914e-09,-0.00252941
-7.828914e-09,0.00581915
-7.778914e-09,0.00705496
-7.728914e-09,0.000628761
-7.678914e-09,-0.0107956
-7.628914e-09,-0.0188146
-7.578914e-09,-0.0115096
-7.528914e-09,-0.0113998
-7.478914e-09,-0.023291
-7.428914e-09,-0.0200504
-7.378914e-09,-0.00988933
-7.328914e-09,-0.00631922
-7.278914e-09,0.00321023
-7.228914e-09,0.0123003
-7.178914e-09,0.00463827
-7.128914e-09,-0.00810428
-7.078914e-09,-0.00868099
-7.028914e-09,0.000134438
-6.978914e-09,0.00373201
-6.928914e-09,-0.00491864
-6.878914e-09,-0.0171943
-6.828914e-09,-0.0185674
-6.778914e-09,-0.00917531
-6.728914e-09,-0.00189778
-6.678914e-09,0.00321023
-6.628914e-09,0.00787883
-6.578914e-09,0.00700004
-6.528914e-09,0.00601139
-6.478914e-09,0.0100758
-6.428914e-09,0.0129868
-6.378914e-09,0.0149916
-6.328914e-09,0.0187814
-6.278914e-09,0.0153761
-6.228914e-09,0.00631348
-6.178914e-09,-0.000716896
-6.128914e-09,-0.0128278
-6.078914e-09,-0.018128
-6.028914e-09,-0.00258434
-5.978914e-09,0.0105427
-5.928914e-09,0.0137558
-5.878914e-09,0.019056
-5.828914e-09,0.0172984
-5.778914e-09,0.00505021
-5.728914e-09,-0.00313359
-5.678914e-09,-0.00486372
-5.628914e-09,-0.00936755
-5.578914e-09,-0.0132672
-5.528914e-09,-0.00513834
-5.478914e-09,0.0122454
-5.428914e-09,0.0225987
-5.378914e-09,0.0209509
-5.328914e-09,0.0224339
-5.278914e-09,0.0306177
-5.228914e-09,0.0253998
-5.178914e-09,0.0123003
-5.128914e-09,0.0115313
-5.078914e-09,0.00598393
-5.028914e-09,-0.00832398
-4.978914e-09,-0.00642907
-4.928914e-09,0.000793536
-4.878914e-09,-0.00695086
-4.828914e-09,-0.016343
-4.778914e-09,-0.0119215
-4.728914e-09,-0.000167648
-4.678914e-09,0.00441857
-4.628914e-09,0.00334754
-4.578914e-09,0.00700004
-4.528914e-09,0.0138107
-4.478914e-09,0.0122179
-4.428914e-09,0.00153502
-4.378914e-09,-0.00467148
-4.328914e-09,-0.00826905
-4.278914e-09,-0.0162331
-4.228914e-09,-0.0162057
-4.178914e-09,-0.00755503
-4.128914e-09,-0.00686847
-4.078914e-09,-0.011235
-4.028914e-09,-0.0118392
-3.978914e-09,-0.0193913
-3.928914e-09,-0.0298545
-3.878914e-09,-0.0271906
-3.828914e-09,-0.0204624
-3.778914e-09,-0.0157663
-3.728914e-09,-0.00700578
-3.678914e-09,0.000436525
-3.628914e-09,0.0044735
-3.578914e-09,0.0119982
-3.528914e-09,0.0191659
-3.478914e-09,0.0114764
-3.428914e-09,-0.0109604
-3.378914e-09,-0.0230164
-3.328914e-09,-0.0166176
-3.278914e-09,-0.0184851
-3.228914e-09,-0.0247739
-3.178914e-09,-0.0157663
-3.128914e-09,-0.00876338
-3.078914e-09,-0.00865353
-3.028914e-09,-0.00574251
-2.978914e-09,-0.00137599
-2.928914e-09,0.00345739
-2.878914e-09,0.00455588
-2.828914e-09,0.00708242
-2.778914e-09,0.013591
-2.728914e-09,0.0163922
-2.678914e-09,0.0146346
-2.628914e-09,0.00985612
-2.578914e-09,0.00656064
-2.528914e-09,0.00546214
-2.478914e-09,0.00197442
-2.428914e-09,-0.00255688
-2.378914e-09,-0.00535804
-2.328914e-09,-0.00475387
-2.278914e-09,0.00153502
-2.228914e-09,0.0107624
-2.178914e-09,0.0154859
-2.128914e-09,0.0176829
-2.078914e-09,0.0236422
-2.028914e-09,0.0209784
-1.978914e-09,0.00776898
-1.928914e-09,-0.000414809
-1.878914e-09,-0.0128553
-1.828914e-09,-0.0251035
-1.778914e-09,-0.0167824
-1.728914e-09,-0.00662131
-1.678914e-09,-0.00975202
-1.628914e-09,-0.0139263
-1.578914e-09,-0.0106034
-1.528914e-09,-0.0109878
-1.478914e-09,-0.0232361
-1.428914e-09,-0.0252408
-1.378914e-09,-0.014915
-1.328914e-09,-0.0106857
-1.278914e-09,-0.00821413
-1.228914e-09,-0.00272165
-1.178914e-09,-0.000552121
-1.128914e-09,-0.00324344
-1.078914e-09,-0.00796697
-1.028914e-09,-0.0160134
-9.789143e-10,-0.0208743
-9.289143e-10,-0.0183203
-8.789143e-10,-0.0180182
-8.289143e-10,-0.0167824
-7.789143e-10,-0.0096971
-7.289143e-10,-0.00491864
-6.789143e-10,-0.00425954
-6.289143e-10,-0.00225479
-5.789143e-10,0.000409062
-5.289143e-10,-0.00338075
-4.789143e-10,-0.0111801
-4.289143e-10,-0.0166176
-3.789143e-10,-0.0151896
-3.289143e-10,-0.00126614
-2.789143e-10,0.00991105
-2.289143e-10,0.00557199
-1.789143e-10,0.00732958
-1.289143e-10,0.0300135
-7.891426e-11,0.0663463
-2.891426e-11,0.117783
2.108574e-11,0.188444
7.108574e-11,0.270694
1.210857e-10,0.367361
1.710857e-10,0.487317
2.210857e-10,0.610459
2.710857e-10,0.710312
3.210857e-10,0.785394
3.710857e-10,0.844356
4.210857e-10,0.891179
4.710857e-10,0.921195
5.210857e-10,0.933032
5.710857e-10,0.938881
6.210857e-10,0.944923
6.710857e-10,0.947724
7.210857e-10,0.951953
7.710857e-10,0.959011
8.210857e-10,0.951184
8.710857e-10,0.924079
9.210857e-10,0.905789
9.710857e-10,0.912462
1.021086e-09,0.924326
1.071086e-09,0.917406
1.121086e-09,0.906503
1.171086e-09,0.913341
1.221086e-09,0.9218
1.271086e-09,0.922926
1.321086e-09,0.919603
1.371086e-09,0.908618
1.421086e-09,0.899857
1.471086e-09,0.891536
1.521086e-09,0.873246
1.571086e-09,0.860888
1.621086e-09,0.860998
1.671086e-09,0.855972
1.721086e-09,0.847514
1.771086e-09,0.837106
1.821086e-09,0.821425
1.871086e-09,0.811428
1.921086e-09,0.796489
1.971086e-09,0.781741
2.021086e-09,0.784515
2.071086e-09,0.781769
2.121086e-09,0.770784
2.171086e-09,0.763204
2.221086e-09,0.751945
2.271086e-09,0.742305
2.321086e-09,0.734506
2.371086e-09,0.722533
2.421086e-09,0.714816
2.471086e-09,0.712701
2.521086e-09,0.707209
2.571086e-09,0.698146
2.621086e-09,0.681229
2.671086e-09,0.663461
2.721086e-09,0.661264
2.771086e-09,0.652009
2.821086e-09,0.630753
2.871086e-09,0.629737
2.921086e-09,0.640475
2.971086e-09,0.64248
3.021086e-09,0.642123
3.071086e-09,0.650883
3.121086e-09,0.660852
3.171086e-09,0.651268
3.221086e-09,0.634131
3.271086e-09,0.624492
3.321086e-09,0.61282
3.371086e-09,0.602714
3.421086e-09,0.596865
3.471086e-09,0.591757
3.521086e-09,0.586044
3.571086e-09,0.575114
3.621086e-09,0.565695
3.671086e-09,0.554545
3.721086e-09,0.534662
3.771086e-09,0.520025
3.821086e-09,0.512473
3.871086e-09,0.50341
3.921086e-09,0.497396
3.971086e-09,0.500527
4.021086e-09,0.501982
4.071086e-09,0.492535
4.121086e-09,0.489294
4.171086e-09,0.493167
4.221086e-09,0.486356
4.271086e-09,0.474492
4.321086e-09,0.471362
4.371086e-09,0.477129
4.421086e-09,0.477074
4.471086e-09,0.469494
4.521086e-09,0.464825
4.571086e-09,0.457548
4.621086e-09,0.448568
4.671086e-09,0.443295
4.721086e-09,0.438901
4.771086e-09,0.430305
4.821086e-09,0.416766
4.871086e-09,0.415997
4.921086e-09,0.427889
4.971086e-09,0.42885
5.021086e-09,0.42517
5.071086e-09,0.422067
5.121086e-09,0.412015
5.171086e-09,0.407759
5.221086e-09,0.399163
5.271086e-09,0.380763
5.321086e-09,0.379857
5.371086e-09,0.38848
5.421086e-09,0.387629
5.471086e-09,0.384553
5.521086e-09,0.379033
5.571086e-09,0.372579
5.621086e-09,0.372277
5.671086e-09,0.379308
5.721086e-09,0.392242
5.771086e-09,0.390567
5.821086e-09,0.372305
5.871086e-09,0.365302
5.921086e-09,0.365769
5.971086e-09,0.360414
6.021086e-09,0.348522
6.071086e-09,0.327514
6.121086e-09,0.316693
6.171086e-09,0.323394
6.221086e-09,0.322351
6.271086e-09,0.314661
6.321086e-09,0.313508
6.371086e-09,0.313563
6.421086e-09,0.317929
6.471086e-09,0.319632
6.521086e-09,0.309196
6.571086e-09,0.309636
6.621086e-09,0.318286
6.671086e-09,0.306752
6.721086e-09,0.294229
6.771086e-09,0.304088
6.821086e-09,0.314084
6.871086e-09,0.312272
6.921086e-09,0.312821
6.971086e-09,0.314661
7.021086e-09,0.314167
7.071086e-09,0.31337
7.121086e-09,0.301919
7.171086e-09,0.278795
7.221086e-09,0.259874
7.271086e-09,0.24974
7.321086e-09,0.245731
7.371086e-09,0.25007
7.421086e-09,0.249658
7.471086e-09,0.242572
7.521086e-09,0.245621
7.571086e-09,0.242078
7.621086e-09,0.225353
7.671086e-09,0.222442
7.721086e-09,0.232604
7.771086e-09,0.242325
7.821086e-09,0.247873
7.871086e-09,0.251031
7.921086e-09,0.256056
7.971086e-09,0.25331
8.021086e-09,0.240348
8.071086e-09,0.227715
8.121086e-09,0.224859
8.171086e-09,0.230489
8.221086e-09,0.226754
8.271086e-09,0.219779
8.321086e-09,0.227248
8.371086e-09,0.235075
8.421086e-09,0.234746
8.471086e-09,0.227441
8.521086e-09,0.211046
8.571086e-09,0.203411
8.621086e-09,0.205169
8.671086e-09,0.20396
8.721086e-09,0.209535
8.771086e-09,0.212364
8.821086e-09,0.204839
8.871086e-09,0.2058
8.921086e-09,0.206569
8.971086e-09,0.194925
9.021086e-09,0.181963
9.071086e-09,0.169413
9.121086e-09,0.160625
9.171086e-09,0.158428
9.221086e-09,0.155791
9.271086e-09,0.149887
9.321086e-09,0.147964
9.371086e-09,0.155187
9.421086e-09,0.156725
9.471086e-09,0.150546
9.521086e-09,0.151315
9.571086e-09,0.160075
9.621086e-09,0.17139
9.671086e-09,0.175207
9.721086e-09,0.172955
9.771086e-09,0.177569
9.821086e-09,0.183006
9.871086e-09,0.180782
9.921086e-09,0.173779
9.971086e-09,0.155901
1.002109e-08,0.128411
1.007109e-08,0.11078
1.012109e-08,0.108666
1.017109e-08,0.111687
1.022109e-08,0.11284
1.027109e-08,0.112538
1.032109e-08,0.114762
1.037109e-08,0.122562
1.042109e-08,0.131295
1.047109e-08,0.129153
1.052109e-08,0.127011
1.057109e-08,0.136485
1.062109e-08,0.139012
1.067109e-08,0.132476
1.072109e-08,0.128329
1.077109e-08,0.124072
1.082109e-08,0.11803
1.087109e-08,0.115312
1.092109e-08,0.11468
1.097109e-08,0.108089
1.102109e-08,0.0960331
1.107109e-08,0.0816153
1.112109e-08,0.0749145
1.117109e-08,0.0812309
1.122109e-08,0.0866135
1.127109e-08,0.0861741
1.132109e-08,0.080407
1.137109e-08,0.0691474
1.142109e-08,0.0609636
1.147109e-08,0.0555261
1.152109e-08,0.047562
1.157109e-08,0.0470127
1.162109e-08,0.0547571
1.167109e-08,0.0547022
1.172109e-08,0.0545374
1.177109e-08,0.0671427
1.182109e-08,0.0765073
1.187109e-08,0.079336
1.192109e-08,0.0869156
1.197109e-08,0.0888929
1.202109e-08,0.0856798
1.207109e-08,0.0904308
1.212109e-08,0.0887281
1.217109e-08,0.0775509
1.222109e-08,0.073816
1.227109e-08,0.0724704
1.232109e-08,0.072388
1.237109e-08,0.0714268
1.242109e-08,0.0639021
1.247109e-08,0.0684334
1.252109e-08,0.0775509
1.257109e-08,0.0678018
1.262109e-08,0.0550318
1.267109e-08,0.0512969
1.272109e-08,0.048276
1.277109e-08,0.0461339
1.282109e-08,0.0482485
1.287109e-08,0.0553888
1.292109e-08,0.0655498
1.297109e-08,0.0709325
1.302109e-08,0.066566
1.307109e-08,0.057421
1.312109e-08,0.0486879
1.317109e-08,0.0411632
1.322109e-08,0.0331442
1.327109e-08,0.0226536
1.332109e-08,0.016502
1.337109e-08,0.0186166
1.342109e-08,0.0208411
1.347109e-08,0.0217748
1.352109e-08,0.024219
1.357109e-08,0.0264434
1.362109e-08,0.0376206
1.367109e-08,0.0585195
1.372109e-08,0.0664012
1.377109e-08,0.0579153
1.382109e-08,0.0529446
1.387109e-08,0.0580526
1.392109e-08,0.057421
1.397109e-08,0.0411632
1.402109e-08,0.0303705
1.407109e-08,0.0258392
1.412109e-08,0.0120806
1.417109e-08,0.00864778
1.422109e-08,0.0125474
1.427109e-08,0.00642333
1.432109e-08,0.00524244
1.437109e-08,0.0136459
1.442109e-08,0.0291622
1.447109e-08,0.0439919
1.452109e-08,0.0478641
1.457109e-08,0.046436
1.462109e-08,0.0311669
1.467109e-08,0.00823584
1.472109e-08,0.00342992
1.477109e-08,0.00741197
1.482109e-08,0.0109821
1.487109e-08,0.0214727
1.492109e-08,0.0283658
1.497109e-08,0.0291347
1.502109e-08,0.0341603
1.507109e-08,0.0414928
1.512109e-08,0.0405591
1.517109e-08,0.029272
1.522109e-08,0.0270476
1.527109e-08,0.034435
1.532109e-08,0.0290798
1.537109e-08,0.0199897
1.542109e-08,0.0209509
1.547109e-08,0.0230381
1.552109e-08,0.0229282
1.557109e-08,0.023093
1.562109e-08,0.0233951
1.567109e-08,0.0294093
1.572109e-08,0.0413829
1.577109e-08,0.0502808
1.582109e-08,0.0546198
1.587109e-08,0.0557183
1.592109e-08,0.0542903
1.597109e-08,0.0496766
1.602109e-08,0.0420146
1.607109e-08,0.0423441
1.612109e-08,0.047562
1.617109e-08,0.0487978
1.622109e-08,0.0514342
1.627109e-08,0.0479465
1.632109e-08,0.0367418
1.637109e-08,0.0266906
1.642109e-08,0.0142501
1.647109e-08,0.000793536
1.652109e-08,-0.0145854
1.657109e-08,-0.0244993
1.662109e-08,-0.0140911
1.667109e-08,-0.00104644
1.672109e-08,0.00164487
1.677109e-08,0.008483
1.682109e-08,0.0182322
1.687109e-08,0.0178751
1.692109e-08,0.0138931
1.697109e-08,0.0184244
1.702109e-08,0.0239993
1.707109e-08,0.0238894
1.712109e-08,0.0275419
1.717109e-08,0.0328421
1.722109e-08,0.0235049
1.727109e-08,0.00304545
1.732109e-08,-0.00810428
1.737109e-08,-0.00703324
1.742109e-08,-0.00901054
1.747109e-08,-0.0153543
1.752109e-08,-0.0102738
1.757109e-08,0.00095831
1.762109e-08,0.00134278
1.767109e-08,-0.00250195
1.772109e-08,0.00241382
1.777109e-08,0.0134537
1.782109e-08,0.0219121
1.787109e-08,0.0272398
1.792109e-08,0.0287502
1.797109e-08,0.0254273
1.802109e-08,0.0210608
1.807109e-08,0.017216
1.812109e-08,0.0177104
1.817109e-08,0.022022
1.822109e-08,0.0222417
1.827109e-08,0.0145247
1.832109e-08,0.00540722
1.837109e-08,0.00290814
1.842109e-08,0.00524244
1.847109e-08,0.00617616
1.852109e-08,0.00502274
1.857109e-08,0.00765913
1.862109e-08,0.0102955
1.867109e-08,0.0091421
1.872109e-08,0.00796122
1.877109e-08,0.00406156
1.882109e-08,-0.00192524
1.887109e-08,-0.00857114
1.892109e-08,-0.0138988
1.897109e-08,-0.0124983
1.902109e-08,-0.0119765
1.907109e-08,-0.0188695
1.912109e-08,-0.0258999
1.917109e-08,-0.0247739
1.922109e-08,-0.017469
1.927109e-08,-0.012306
1.932109e-08,-0.00901054
1.937109e-08,-0.0128827
1.942109e-08,-0.0251859
1.947109e-08,-0.025433
1.952109e-08,-0.0163705
1.957109e-08,-0.0151072
1.962109e-08,-0.0164803
1.967109e-08,-0.0167275
1.972109e-08,-0.012663
1.977109e-08,-0.00653892
1.982109e-08,-0.00587982
1.987109e-08,0.00279829
1.992109e-08,0.0151564
1.997109e-08,0.0124101
2.002109e-08,0.00631348
2.007109e-08,0.00678034
2.012109e-08,0.00853793
2.017109e-08,0.0117785
2.022109e-08,0.016145
2.027109e-08,0.0189187
2.032109e-08,0.0224064
2.037109e-08,0.0285855
2.042109e-08,0.0341329
2.047109e-08,0.0316338
2.052109e-08,0.0105427
2.057109e-08,-0.0134594
2.062109e-08,-0.0153269
2.067109e-08,-0.0139812
2.072109e-08,-0.0208468
2.077109e-08,-0.0180182
2.082109e-08,-0.0125806
2.087109e-08,-0.012663
2.092109e-08,-0.0157937
2.097109e-08,-0.0220277
2.102109e-08,-0.0206271
2.107109e-08,-0.0167275
2.112109e-08,-0.0178809
2.117109e-08,-0.0111801
2.122109e-08,-0.00288642
2.127109e-08,-0.00623684
2.132109e-08,-0.00931262
2.137109e-08,-0.0067037
2.142109e-08,-0.00656638
2.147109e-08,-0.00313359
2.152109e-08,0.00186457
2.157109e-08,-0.000332422
2.162109e-08,-0.00434193
2.167109e-08,-0.0106308
2.172109e-08,-0.0186498
2.177109e-08,-0.0237304
2.182109e-08,-0.0235656
2.187109e-08,-0.0135144
2.192109e-08,-0.00546789
2.197109e-08,-0.00785712
2.202109e-08,-0.00785712
2.207109e-08,-0.00219986
2.212109e-08,0.00312784
2.217109e-08,0.00598393
2.222109e-08,0.00356724
2.227109e-08,-0.00140346
2.232109e-08,-0.00343567
2.237109e-08,-0.00351806
2.242109e-08,0.00183711
2.247109e-08,0.0105427
2.252109e-08,0.00650571
2.257109e-08,-0.00379268
2.262109e-08,-0.00530311
2.267109e-08,-0.00717056
2.272109e-08,-0.00763742
2.277109e-08,0.00095831
2.282109e-08,0.00689019
2.287109e-08,0.00925195
2.292109e-08,0.0148817
2.297109e-08,0.0165844
2.302109e-08,0.011751
2.307109e-08,0.0117236
2.312109e-08,0.0123552
2.317109e-08,0.00205681
2.322109e-08,-0.00708817
2.327109e-08,-0.00467148
2.332109e-08,0.00386932
2.337109e-08,0.00977374
2.342109e-08,0.00875763
2.347109e-08,0.0061487
2.352109e-08,0.00356724
2.357109e-08,0.00115055
2.362109e-08,0.00375947
2.367109e-08,0.0105701
2.372109e-08,0.0185342
2.377109e-08,0.0209784
2.382109e-08,0.0152388
2.387109e-08,0.0095815
2.392109e-08,0.00419887
2.397109e-08,-0.00354552
2.402109e-08,-0.010164
2.407109e-08,-0.0125257
2.412109e-08,-0.00986187
2.417109e-08,-0.00568759
2.422109e-08,-0.00401238
2.427109e-08,-0.0047264
2.432109e-08,-0.00178793
2.437109e-08,0.00145263
2.442109e-08,-0.00703324
2.447109e-08,-0.0165078
2.452109e-08,-0.01854
2.457109e-08,-0.0221101
2.462109e-08,-0.0238128
2.467109e-08,-0.0239501
2.472109e-08,-0.0228516
2.477109e-08,-0.0171119
2.482109e-08,-0.0165627
2.487109e-08,-0.0217805
2.492109e-08,-0.0263393
2.497109e-08,-0.0266139
2.502109e-08,-0.0170845
2.507109e-08,-0.00354552
2.512109e-08,0.00167233
2.517109e-08,0.00235889
2.522109e-08,0.0089224
2.527109e-08,0.0139755
2.532109e-08,0.00823584
2.537109e-08,-0.000414809
2.542109e-08,-0.00228225
2.547109e-08,0.000161901
2.552109e-08,-0.00176047
2.557109e-08,-0.0051658
2.562109e-08,0.00353977
2.567109e-08,0.0156781
2.572109e-08,0.0146071
2.577109e-08,0.0148543
2.582109e-08,0.0223515
2.587109e-08,0.023093
2.592109e-08,0.0193306
2.597109e-08,0.0155958
2.602109e-08,0.0115313
2.607109e-08,0.00241382
2.612109e-08,-0.0118392
2.617109e-08,-0.0183203
2.622109e-08,-0.0161508
2.627109e-08,-0.0109054
2.632109e-08,-0.00382015
2.637109e-08,-0.000387347
2.642109e-08,-0.00813174
2.647109e-08,-0.0268336
2.652109e-08,-0.0389171
2.657109e-08,-0.0352371
2.662109e-08,-0.0290855
2.667109e-08,-0.0277673
2.672109e-08,-0.0259823
2.677109e-08,-0.0173042
2.682109e-08,-0.00566013
2.687109e-08,-0.00601714
2.692109e-08,-0.0168099
2.697109e-08,-0.0202976
2.702109e-08,-0.0212588
2.707109e-08,-0.0271357
2.712109e-08,-0.0210391
2.717109e-08,-0.00818667
2.722109e-08,-0.00568759
2.727109e-08,-0.000442272
2.732109e-08,0.0129594
2.737109e-08,0.0188912
2.742109e-08,0.0170238
2.747109e-08,0.0120806
2.752109e-08,0.00200188
2.757109e-08,-0.00662131
2.762109e-08,-0.0110977
2.767109e-08,-0.0132397
2.772109e-08,-0.00975202
2.777109e-08,-0.00447924
2.782109e-08,-0.00563266
2.787109e-08,-0.00766488
2.792109e-08,-0.000799283
2.797109e-08,0.00867524
2.802109e-08,0.0171886
2.807109e-08,0.0253174
2.812109e-08,0.0178202
2.817109e-08,0.00167233
2.822109e-08,-0.00143092
2.827109e-08,-0.00447924
2.832109e-08,-0.0116469
2.837109e-08,-0.0099168
2.842109e-08,-0.00425954
2.847109e-08,0.000299213
2.852109e-08,0.0044735
2.857109e-08,0.00919703
2.862109e-08,0.0106251
2.867109e-08,0.00488543
2.872109e-08,-0.00156823
2.877109e-08,-0.0079395
2.882109e-08,-0.0143108
2.887109e-08,-0.0140087
2.892109e-08,-0.0128003
2.897109e-08,-0.0135968
2.902109e-08,-0.00977948
2.907109e-08,-0.00546789
2.912109e-08,0.000106976
2.917109e-08,0.00785137
2.922109e-08,0.0129044
2.927109e-08,0.0181223
2.932109e-08,0.017271
2.937109e-08,0.00930688
2.942109e-08,0.00768659
2.947109e-08,0.0129868
2.952109e-08,0.0133164
2.957109e-08,0.00169979
2.962109e-08,-0.0104111
2.967109e-08,-0.0119215
2.972109e-08,-0.0132123
2.977109e-08,-0.0201877
2.982109e-08,-0.0249387
2.987109e-08,-0.0261745
2.992109e-08,-0.0229065
2.997109e-08,-0.010466
3.002109e-08,0.00222158
3.007109e-08,0.00661556
3.012109e-08,0.0130967
3.017109e-08,0.02345
3.022109e-08,0.0238619
3.027109e-08,0.016859
3.032109e-08,0.0165844
3.037109e-08,0.0195503
3.042109e-08,0.0144149
3.047109e-08,0.0135361
3.052109e-08,0.0261688
3.057109e-08,0.0335836
3.062109e-08,0.0316887
3.067109e-08,0.0293544
3.072109e-08,0.0237521
3.077109e-08,0.0185068
3.082109e-08,0.0183969
3.087109e-08,0.0185068
3.092109e-08,0.016914
3.097109e-08,0.0127397
3.102109e-08,0.00672541
3.107109e-08,0.00639586
3.112109e-08,0.0089224
3.117109e-08,0.00867524
3.122109e-08,0.0105976
3.127109e-08,0.0127946
3.132109e-08,0.0127671
3.137109e-08,0.0133164
3.142109e-08,0.0175456
3.147109e-08,0.0302058
3.152109e-08,0.0434152
3.157109e-08,0.0469029
3.162109e-08,0.0475345
3.167109e-08,0.0466557
3.172109e-08,0.0353687
3.177109e-08,0.0235873
3.182109e-08,0.0271574
3.187109e-08,0.0403394
3.192109e-08,0.0450904
3.197109e-08,0.0373185
3.202109e-08,0.0288326
3.207109e-08,0.020539
3.212109e-08,0.0130967
3.217109e-08,0.0103504
3.222109e-08,0.00474812
3.227109e-08,-0.00115629
3.232109e-08,-0.00428701
3.237109e-08,-0.0088183
3.242109e-08,-0.00307866
3.247109e-08,0.00873017
3.252109e-08,0.00433618
3.257109e-08,-0.00406731
3.262109e-08,-0.00263926
3.267109e-08,-0.0034906
3.272109e-08,-0.00310612
3.277109e-08,0.00584661
3.282109e-08,0.0121355
3.287109e-08,0.0101033
3.292109e-08,0.00628601
3.297109e-08,-0.00189778
3.302109e-08,-0.00912039
3.307109e-08,-0.00250195
3.312109e-08,-0.000222573
3.317109e-08,-0.00541296
3.322109e-08,0.00587408
3.327109e-08,0.0193306
3.332109e-08,0.0145797
3.337109e-08,0.000601299
3.342109e-08,-0.0103562
3.347109e-08,-0.0118117
3.352109e-08,-0.0122786
3.357109e-08,-0.0204624
3.362109e-08,-0.0261471
3.367109e-08,-0.0221925
3.372109e-08,-0.0139263
3.377109e-08,-0.0107132
3.382109e-08,-0.00934009
3.387109e-08,-0.00123868
3.392109e-08,0.000683686
3.397109e-08,-0.00513834
3.402109e-08,-0.00489118
3.407109e-08,-0.00288642
3.412109e-08,-0.00181539
3.417109e-08,-0.00711563
3.422109e-08,-0.017771
3.427109e-08,-0.0158212
3.432109e-08,-0.011592
3.437109e-08,-0.0164528
3.442109e-08,-0.0177436
3.447109e-08,-0.0193639
3.452109e-08,-0.0258175
3.457109e-08,-0.0248289
3.462109e-08,-0.0195286
3.467109e-08,-0.0224671
3.472109e-08,-0.0295524
3.477109e-08,-0.0326007
3.482109e-08,-0.0299094
3.487109e-08,-0.025845
3.492109e-08,-0.0261471
3.497109e-08,-0.0244993
3.502109e-08,-0.019254
3.507109e-08,-0.0215059
3.512109e-08,-0.0265865
3.517109e-08,-0.022879
3.522109e-08,-0.0117293
3.527109e-08,-0.00112883
3.532109e-08,0.00142517
3.537109e-08,-0.00099152
3.542109e-08,-0.000497197
3.547109e-08,-0.00126614
3.552109e-08,-0.00497357
3.557109e-08,-0.00640161
3.562109e-08,-0.0109054
3.567109e-08,-0.0140362
3.572109e-08,-0.010164
3.577109e-08,-0.00920277
3.582109e-08,-0.013075
3.587109e-08,-0.0200504
3.592109e-08,-0.0242796
3.597109e-08,-0.0215334
3.602109e-08,-0.0195012
3.607109e-08,-0.0216158
3.612109e-08,-0.0315572
3.617109e-08,-0.0425696
3.622109e-08,-0.0397684
3.627109e-08,-0.034221
3.632109e-08,-0.0354019
3.637109e-08,-0.0326557
3.642109e-08,-0.0354568
3.647109e-08,-0.0533074
3.652109e-08,-0.0592667
3.657109e-08,-0.0456454
3.662109e-08,-0.0401529
3.667109e-08,-0.0424048
3.672109e-08,-0.0347428
3.677109e-08,-0.0227417
3.682109e-08,-0.0177436
3.687109e-08,-0.0230438
3.692109e-08,-0.0317494
3.697109e-08,-0.0312551
3.702109e-08,-0.0285912
3.707109e-08,-0.0399881
3.712109e-08,-0.0552847
3.717109e-08,-0.0616559
3.722109e-08,-0.0608046
3.727109e-08,-0.0497922
3.732109e-08,-0.0405374
3.737109e-08,-0.0447116
3.742109e-08,-0.0442997
3.747109e-08,-0.0328204
3.752109e-08,-0.0287285
3.757109e-08,-0.0325458
3.762109e-08,-0.026202
3.767109e-08,-0.0224946
3.772109e-08,-0.0357314
3.777109e-08,-0.0421851
3.782109e-08,-0.042652
3.787109e-08,-0.0523187
3.792109e-08,-0.0581133
3.797109e-08,-0.0530327
3.802109e-08,-0.0432012
3.807109e-08,-0.0443821
3.812109e-08,-0.0609144
3.817109e-08,-0.0695102
3.822109e-08,-0.0611067
3.827109e-08,-0.0465242
3.832109e-08,-0.0399057
3.837109e-08,-0.0420753
3.842109e-08,-0.0392466
3.847109e-08,-0.0376538
3.852109e-08,-0.036061
3.857109e-08,-0.0306784
3.862109e-08,-0.0412788
3.867109e-08,-0.0550375
3.872109e-08,-0.0552023
3.877109e-08,-0.0585252
3.882109e-08,-0.0577837
3.887109e-08,-0.0458925
3.892109e-08,-0.040098
3.897109e-08,-0.0369947
3.902109e-08,-0.0315572
3.907109e-08,-0.0263668
3.912109e-08,-0.0193364
3.917109e-08,-0.017771
3.922109e-08,-0.0214785
3.927109e-08,-0.0277948
3.932109e-08,-0.035347
3.937109e-08,-0.0329028
3.942109e-08,-0.030541
3.947109e-08,-0.0382854
3.952109e-08,-0.0397959
3.957109e-08,-0.0364729
3.962109e-08,-0.0397684
3.967109e-08,-0.0511928
3.972109e-08,-0.065995
3.977109e-08,-0.0642923
3.982109e-08,-0.0484191
3.987109e-08,-0.0456454
3.992109e-08,-0.0540763
3.997109e-08,-0.057207
4.002109e-08,-0.0537742
4.007109e-08,-0.0459749
4.012109e-08,-0.0385875
4.017109e-08,-0.039329
4.022109e-08,-0.0401803
4.027109e-08,-0.0330676
4.032109e-08,-0.0282067
4.037109e-08,-0.0253232
4.042109e-08,-0.0189245
4.047109e-08,-0.0172767
4.052109e-08,-0.0216432
4.057109e-08,-0.0293052
4.062109e-08,-0.0395212
4.067109e-08,-0.0430364
4.072109e-08,-0.0436406
4.077109e-08,-0.0513301
4.082109e-08,-0.0530327
4.087109e-08,-0.0481719
4.092109e-08,-0.0486937
4.097109e-08,-0.0488859
4.102109e-08,-0.0439702
4.107109e-08,-0.0346329
4.112109e-08,-0.0268336
4.117109e-08,-0.0248014
4.122109e-08,-0.0206821
4.127109e-08,-0.0194188
4.132109e-08,-0.0280969
4.137109e-08,-0.0326557
4.142109e-08,-0.0343858
4.147109e-08,-0.0433111
4.152109e-08,-0.0489683
4.157109e-08,-0.0520166
4.162109e-08,-0.057564
4.167109e-08,-0.057564
4.172109e-08,-0.055065
4.177109e-08,-0.0542136
4.182109e-08,-0.0520716
4.187109e-08,-0.0522089
4.192109e-08,-0.0541038
4.197109e-08,-0.0567676
4.202109e-08,-0.0575915
4.207109e-08,-0.0527581
4.212109e-08,-0.0503689
4.217109e-08,-0.0504513
4.222109e-08,-0.0492979
4.227109e-08,-0.0541862
4.232109e-08,-0.061244
4.237109e-08,-0.0582231
4.242109e-08,-0.0500668
4.247109e-08,-0.0496549
4.252109e-08,-0.0534447
4.257109e-08,-0.0514674
4.262109e-08,-0.0451236
4.267109e-08,-0.0399057
4.272109e-08,-0.0383678
4.277109e-08,-0.0379559
4.282109e-08,-0.0348252
4.287109e-08,-0.0384502
4.292109e-08,-0.0464418
4.297109e-08,-0.0382854
4.302109e-08,-0.0248838
4.307109e-08,-0.0219179
4.312109e-08,-0.0199406
4.317109e-08,-0.0212313
4.322109e-08,-0.0268886
4.327109e-08,-0.0312825
4.332109e-08,-0.0375989
4.337109e-08,-0.0391368
4.342109e-08,-0.0378735
4.347109e-08,-0.0476501
4.352109e-08,-0.0584978
4.357109e-08,-0.0551199
4.362109e-08,-0.0428167
4.367109e-08,-0.0364729
4.372109e-08,-0.0397684
4.377109e-08,-0.0389445
4.382109e-08,-0.0311178
4.387109e-08,-0.0297446
4.392109e-08,-0.0346329
4.397109e-08,-0.038615
4.402109e-08,-0.0418556
4.407109e-08,-0.0431188
4.412109e-08,-0.0427893
4.417109e-08,-0.0394663
4.422109e-08,-0.0302115
4.427109e-08,-0.0229065
4.432109e-08,-0.0273554
4.437109e-08,-0.0320515
4.442109e-08,-0.0255154
4.447109e-08,-0.0235107
4.452109e-08,-0.0300193
4.457109e-08,-0.036775
4.462109e-08,-0.0406747
4.467109e-08,-0.0368025
4.472109e-08,-0.0343309
4.477109e-08,-0.0310628
4.482109e-08,-0.0186773
4.487109e-08,-0.0180457
4.492109e-08,-0.0313924
4.497109e-08,-0.0318318
4.502109e-08,-0.0224396
4.507109e-08,-0.0204624
4.512109e-08,-0.0223847
4.517109e-08,-0.029113
4.522109e-08,-0.0362807
4.527109e-08,-0.0330401
4.532109e-08,-0.0301017
4.537109e-08,-0.0277948
4.542109e-08,-0.01854
4.547109e-08,-0.0138439
4.552109e-08,-0.0169472
4.557109e-08,-0.0185674
4.562109e-08,-0.0144481
4.567109e-08,-0.00851621
4.572109e-08,-0.0100541
4.577109e-08,-0.0184576
4.582109e-08,-0.02038
4.587109e-08,-0.0207095
4.592109e-08,-0.0302939
4.597109e-08,-0.0380657
4.602109e-08,-0.038258
4.607109e-08,-0.0309255
4.612109e-08,-0.0194737
4.617109e-08,-0.0132397
4.622109e-08,-0.0103837
4.627109e-08,-0.00711563
4.632109e-08,-0.00469894
4.637109e-08,-0.00376522
4.642109e-08,-0.00574251
4.647109e-08,-0.0153269
4.652109e-08,-0.0275202
4.657109e-08,-0.0333422
4.662109e-08,-0.0308157
4.667109e-08,-0.0256527
4.672109e-08,-0.0269984
4.677109e-08,-0.0271357
4.682109e-08,-0.0224946
4.687109e-08,-0.0265315
4.692109e-08,-0.033864
4.697109e-08,-0.0333971
4.702109e-08,-0.0343583
4.707109e-08,-0.036418
4.712109e-08,-0.0273554
4.717109e-08,-0.0166451
4.722109e-08,-0.0195286
4.727109e-08,-0.0266689
4.732109e-08,-0.0258175
4.737109e-08,-0.0211489
4.742109e-08,-0.0168373
4.747109e-08,-0.012663
4.752109e-08,-0.00813174
4.757109e-08,-0.00280404
4.762109e-08,-0.00107391
4.767109e-08,-0.00524819
4.772109e-08,-0.00686847
4.777109e-08,-0.00760996
4.782109e-08,-0.0142559
4.787109e-08,-0.0155191
4.792109e-08,-0.0128553
4.797109e-08,-0.0179907
4.802109e-08,-0.0207644
4.807109e-08,-0.0170021
4.812109e-08,-0.0184576
4.817109e-08,-0.0206546
4.822109e-08,-0.0182379
4.827109e-08,-0.0224671
4.832109e-08,-0.0268611
4.837109e-08,-0.0194737
4.842109e-08,-0.0138439
4.847109e-08,-0.0136242
4.852109e-08,-0.00788458
4.857109e-08,-0.00209002
4.862109e-08,0.000683686
4.867109e-08,0.00351231
4.872109e-08,0.00186457
4.877109e-08,-0.00609952
4.882109e-08,-0.0140636
4.887109e-08,-0.0121138
4.892109e-08,-0.00950486
4.897109e-08,-0.0156015
4.902109e-08,-0.0191991
4.907109e-08,-0.0254056
4.912109e-08,-0.0333422
4.917109e-08,-0.0246366
4.922109e-08,-0.0129102
4.927109e-08,-0.0143108
4.932109e-08,-0.0166451
4.937109e-08,-0.0129102
4.942109e-08,-0.00912039
4.947109e-08,-0.0154093
4.952109e-08,-0.0308431
4.957109e-08,-0.0328754
4.962109e-08,-0.0206821
4.967109e-08,-0.0216432
4.972109e-08,-0.0315022
4.977109e-08,-0.0305136
4.982109e-08,-0.0226319
4.987109e-08,-0.0145854
4.992109e-08,-0.0125257
4.997109e-08,-0.0157388
5.002109e-08,-0.0199955
5.007109e-08,-0.0268611
5.012109e-08,-0.0303763
5.017109e-08,-0.0298545
5.022109e-08,-0.0297721
5.027109e-08,-0.027685
5.032109e-08,-0.022577
5.037109e-08,-0.0196659
5.042109e-08,-0.0174415
5.047109e-08,-0.0141735
5.052109e-08,-0.0189794
5.057109e-08,-0.0210665
5.062109e-08,-0.0121412
5.067109e-08,-0.0117842
5.072109e-08,-0.0198582
5.077109e-08,-0.0249662
5.082109e-08,-0.0288933
5.087109e-08,-0.0287835
5.092109e-08,-0.0274378
5.097109e-08,-0.0264766
5.102109e-08,-0.0220552
5.107109e-08,-0.0202976
5.112109e-08,-0.018128
5.117109e-08,-0.0127729
5.122109e-08,-0.014503
5.127109e-08,-0.0164803
5.132109e-08,-0.0121687
5.137109e-08,-0.0134045
5.142109e-08,-0.0194188
5.147109e-08,-0.015986
5.152109e-08,-0.00579744
5.157109e-08,-0.00706071
5.162109e-08,-0.0148051
5.167109e-08,-0.00955978
5.172109e-08,-0.00351806
5.177109e-08,-0.0110977
5.182109e-08,-0.0104935
5.187109e-08,0.00444603
5.192109e-08,0.0101582
5.197109e-08,0.00960896
5.202109e-08,0.0179026
5.207109e-08,0.0224064
5.212109e-08,0.0101307
5.217109e-08,-0.00802189
5.222109e-08,-0.0210391
5.227109e-08,-0.0278772
5.232109e-08,-0.0268886
5.237109e-08,-0.0186498
5.242109e-08,-0.0119765
5.247109e-08,-0.0126081
5.252109e-08,-0.00972456
5.257109e-08,-0.00857114
5.262109e-08,-0.0208194
5.267109e-08,-0.0296348
5.272109e-08,-0.0330401
5.277109e-08,-0.0366377
5.282109e-08,-0.0300742
5.287109e-08,-0.0196385
5.292109e-08,-0.0121138
5.297109e-08,-0.00467148
5.302109e-08,-0.00717056
5.307109e-08,-0.0235107
5.312109e-08,-0.0435857
5.317109e-08,-0.0551473
5.322109e-08,-0.0508907
5.327109e-08,-0.0421851
5.332109e-08,-0.0391642
5.337109e-08,-0.030541
5.342109e-08,-0.0157663
5.347109e-08,-0.0114822
5.352109e-08,-0.0136517
5.357109e-08,-0.0147776
5.362109e-08,-0.0165352
5.367109e-08,-0.0159036
5.372109e-08,-0.0169472
5.377109e-08,-0.0150248
5.382109e-08,-0.00656638
5.387109e-08,-0.00541296
5.392109e-08,-0.0102463
5.397109e-08,-0.0124708
5.402109e-08,-0.0198033
5.407109e-08,-0.0274378
5.412109e-08,-0.0204624
5.417109e-08,-0.0147776
5.422109e-08,-0.0200779
5.427109e-08,-0.021808
5.432109e-08,-0.0242796
5.437109e-08,-0.025433
5.442109e-08,-0.0144481
5.447109e-08,-0.00917531
5.452109e-08,-0.0175513
5.457109e-08,-0.021094
5.462109e-08,-0.0132397
5.467109e-08,0.00353977
5.472109e-08,0.0189187
5.477109e-08,0.0213903
5.482109e-08,0.0232028
5.487109e-08,0.0272673
5.492109e-08,0.0137558
5.497109e-08,-0.00620937
5.502109e-08,-0.00475387
5.507109e-08,0.00609378
5.512109e-08,0.00829077
5.517109e-08,0.00862032
5.522109e-08,0.0091421
5.527109e-08,0.00595646
5.532109e-08,0.00106816
5.537109e-08,-0.00101898
5.542109e-08,-0.00247449
5.547109e-08,-0.0047264
5.552109e-08,-0.00656638
5.557109e-08,-0.0135144
5.562109e-08,-0.020737
5.567109e-08,-0.0165078
5.572109e-08,-0.00401238
5.577109e-08,0.00323769
5.582109e-08,0.000546374
5.587109e-08,-0.000552121
5.592109e-08,0.000216825
5.597109e-08,-0.00189778
5.602109e-08,0.00246874
5.607109e-08,0.00562692
5.612109e-08,-0.00099152
5.617109e-08,-0.00656638
5.622109e-08,-0.00653892
5.627109e-08,-0.00167808
5.632109e-08,0.00332008
5.637109e-08,0.0027159
5.642109e-08,-0.000469734
5.647109e-08,-0.00266673
5.652109e-08,-0.00895561
5.657109e-08,-0.0172493
5.662109e-08,-0.0133771
5.667109e-08,-0.00250195
5.672109e-08,-0.000909132
5.677109e-08,-0.00296881
5.682109e-08,0.000573836
5.687109e-08,-0.00129361
5.692109e-08,-0.0104111
5.697109e-08,-0.0106034
5.702109e-08,-0.00409477
5.707109e-08,-0.00423208
5.712109e-08,-0.00596221
5.717109e-08,-0.00425954
5.722109e-08,-0.00747264
5.727109e-08,-0.0107407
5.732109e-08,-0.00780219
5.737109e-08,-0.00640161
5.742109e-08,-0.00398492
5.747109e-08,7.95135e-05
5.752109e-08,-0.00165062
5.757109e-08,2.45887e-05
5.762109e-08,0.00779644
5.767109e-08,0.00332008
5.772109e-08,-0.00851621
5.777109e-08,-0.00912039
5.782109e-08,-0.00788458
5.787109e-08,-0.0062643
5.792109e-08,0.00268844
5.797109e-08,0.00211173
5.802109e-08,-0.00585236
5.807109e-08,-0.00758249
5.812109e-08,-0.0159036
5.817109e-08,-0.0285638
5.822109e-08,-0.0237578
5.827109e-08,-0.0067037
5.832109e-08,-0.00178793
5.837109e-08,-0.00637415
5.842109e-08,-0.0032709
5.847109e-08,-0.00132107
5.852109e-08,-0.00862606
5.857109e-08,-0.0132947
5.862109e-08,-0.0109604
5.867109e-08,-0.00857114
5.872109e-08,-0.00777473
5.877109e-08,-0.0058249
5.882109e-08,-0.00461655
5.887109e-08,-0.0081592
5.892109e-08,-0.0138165
5.897109e-08,-0.0140362
5.902109e-08,-0.0116469
5.907109e-08,-0.012306
5.912109e-08,-0.0106583
5.917109e-08,-0.0069234
5.922109e-08,-0.00777473
5.927109e-08,-0.00914785
5.932109e-08,-0.00332582
5.937109e-08,0.000930848
5.942109e-08,-0.00335328
5.947109e-08,-0.00384761
5.952109e-08,-0.00214494
5.957109e-08,-0.00566013
5.962109e-08,-0.00747264
5.967109e-08,-0.00977948
5.972109e-08,-0.0125532
5.977109e-08,-0.013432
5.982109e-08,-0.0170021
5.987109e-08,-0.015217
5.992109e-08,-0.00892815
5.997109e-08,-0.00876338
6.002109e-08,-0.00799443
6.007109e-08,-0.00132107
6.012109e-08,-0.00241956
6.017109e-08,-0.0113448
6.022109e-08,-0.00489118
6.027109e-08,0.00905971
6.032109e-08,0.0102681
6.037109e-08,0.00576423
6.042109e-08,-0.00318851
6.047109e-08,-0.0158761
6.052109e-08,-0.0237304
6.057109e-08,-0.0273554
6.062109e-08,-0.0265041
6.067109e-08,-0.0195286
6.072109e-08,-0.0117568
6.077109e-08,-0.00475387
6.082109e-08,5.20511e-05
6.087109e-08,-0.00439686
6.092109e-08,-0.0100541
6.097109e-08,-0.00942247
6.102109e-08,-0.0126905
6.107109e-08,-0.0214785
6.112109e-08,-0.0319691
6.117109e-08,-0.0397684
6.122109e-08,-0.0387523
6.127109e-08,-0.0342759
6.132109e-08,-0.0293876
6.137109e-08,-0.0235656
6.142109e-08,-0.015986
6.147109e-08,-0.00360045
6.152109e-08,0.00183711
6.157109e-08,-0.0032709
6.162109e-08,-0.00483625
6.167109e-08,-0.00587982
6.172109e-08,-0.01302
6.177109e-08,-0.0200504
6.182109e-08,-0.0251584
6.187109e-08,-0.0307058
6.192109e-08,-0.0360335
6.197109e-08,-0.0333422
6.202109e-08,-0.0237029
6.207109e-08,-0.0171669
6.212109e-08,-0.00934009
6.217109e-08,-0.000799283
6.222109e-08,0.00169979
6.227109e-08,0.00213919
6.232109e-08,-0.00156823
6.237109e-08,-0.0117019
6.242109e-08,-0.0170296
6.247109e-08,-0.00870845
6.252109e-08,-0.000661971
6.257109e-08,-0.00475387
6.262109e-08,-0.00587982
6.267109e-08,-0.000442272
6.272109e-08,-0.000112723
6.277109e-08,-0.000909132
6.282109e-08,0.000573836
6.287109e-08,-0.0085986
6.292109e-08,-0.0242247
6.297109e-08,-0.0255154
6.302109e-08,-0.0189245
6.307109e-08,-0.0159311
6.312109e-08,-0.0138714
6.317109e-08,-0.0139538
6.322109e-08,-0.0153543
6.327109e-08,-0.0138714
6.332109e-08,-0.00750011
6.337109e-08,-0.00252941
6.342109e-08,-0.00412223
6.347109e-08,-0.00763742
6.352109e-08,-0.0106308
6.357109e-08,-0.00999918
6.362109e-08,-0.00552281
6.367109e-08,-0.00966963
6.372109e-08,-0.0260372
6.377109e-08,-0.0391642
6.382109e-08,-0.0404824
6.387109e-08,-0.0306509
6.392109e-08,-0.0110428
6.397109e-08,0.00419887
6.402109e-08,0.00930688
6.407109e-08,0.00669795
6.412109e-08,-0.00785712
6.417109e-08,-0.0210665
6.422109e-08,-0.0212313
6.427109e-08,-0.019254
6.432109e-08,-0.0187048
6.437109e-08,-0.0158761
6.442109e-08,-0.0178534
6.447109e-08,-0.0213137
6.452109e-08,-0.017826
6.457109e-08,-0.0202152
6.462109e-08,-0.0295249
6.467109e-08,-0.0279321
6.472109e-08,-0.0193913
6.477109e-08,-0.0158761
6.482109e-08,-0.00645653
6.487109e-08,0.0112018
6.492109e-08,0.0191384
6.497109e-08,0.0200996
6.502109e-08,0.0238619
6.507109e-08,0.0203193
6.512109e-08,0.01068
6.517109e-08,0.00400663
6.522109e-08,-0.00612699
6.527109e-08,-0.0141185
6.532109e-08,-0.0069234
6.537109e-08,0.00191949
6.542109e-08,-0.00187032
6.547109e-08,-0.0051658
6.552109e-08,0.000463987
6.557109e-08,0.00713735
6.562109e-08,0.0115588
6.567109e-08,0.011751
6.572109e-08,0.0108173
6.577109e-08,0.0104328
6.582109e-08,0.00499528
6.587109e-08,-0.00019511
6.592109e-08,0.00183711
6.597109e-08,0.0070275
6.602109e-08,0.00757675
6.607109e-08,0.00348485
6.612109e-08,0.00417141
6.617109e-08,0.00656064
6.622109e-08,0.00414395
6.627109e-08,0.0065881
6.632109e-08,0.0117785
6.637109e-08,0.0135635
6.642109e-08,0.0155958
6.647109e-08,0.0149367
6.652109e-08,0.0134812
6.657109e-08,0.0126847
6.662109e-08,0.00919703
6.667109e-08,0.00768659
6.672109e-08,0.00483051
6.677109e-08,-0.00667623
6.682109e-08,-0.0127729
6.687109e-08,-0.00368283
6.692109e-08,-0.000497197
6.697109e-08,-0.00994426
6.702109e-08,-0.00763742
6.707109e-08,0.00461081
6.712109e-08,0.00216665
6.717109e-08,-0.00961471
6.722109e-08,-0.00857114
6.727109e-08,-0.00255688
6.732109e-08,-0.00719802
6.737109e-08,-0.0115096
6.742109e-08,-0.0107407
6.747109e-08,-0.0103837
6.752109e-08,-0.0111251
6.757109e-08,-0.0118666
6.762109e-08,-0.00697832
6.767109e-08,-0.00686847
6.772109e-08,-0.017414
6.777109e-08,-0.022165
6.782109e-08,-0.0255429
6.787109e-08,-0.0357589
6.792109e-08,-0.0404275
6.797109e-08,-0.0323261
6.802109e-08,-0.0168648
6.807109e-08,-0.0112075
6.812109e-08,-0.0162881
6.817109e-08,-0.0163705
6.822109e-08,-0.0132672
6.827109e-08,-0.00799443
6.832109e-08,-0.00587982
6.837109e-08,-0.0167824
6.842109e-08,-0.0213686
6.847109e-08,-0.0121687
6.852109e-08,-0.00944993
6.857109e-08,-0.0120314
6.862109e-08,-0.00835144
6.867109e-08,-0.00291389
6.872109e-08,2.45887e-05
6.877109e-08,0.00494036
6.882109e-08,0.0128495
6.887109e-08,0.013948
6.892109e-08,0.00705496
6.897109e-08,0.0038144
6.902109e-08,0.00461081
6.907109e-08,-0.000579584
6.912109e-08,-0.0132947
6.917109e-08,-0.0234008
6.922109e-08,-0.0238952
6.927109e-08,-0.01854
6.932109e-08,-0.0190892
6.937109e-08,-0.0237029
6.942109e-08,-0.0198582
6.947109e-08,-0.0142559
6.952109e-08,-0.00791204
6.957109e-08,0.00474812
6.962109e-08,0.00867524
6.967109e-08,-0.000826745
6.972109e-08,-0.00936755
6.977109e-08,-0.0119765
6.982109e-08,-0.0143108
6.987109e-08,-0.0184851
6.992109e-08,-0.0124983
6.997109e-08,-0.000497197
7.002109e-08,-0.00596221
7.007109e-08,-0.0166725
7.012109e-08,-0.018183
7.017109e-08,-0.0187871
7.022109e-08,-0.0138714
7.027109e-08,-0.00513834
7.032109e-08,-0.00393
7.037109e-08,-0.00587982
7.042109e-08,-0.000964057
7.047109e-08,0.00587408
7.052109e-08,0.00603885
7.057109e-08,0.00634094
7.062109e-08,0.0142776
7.067109e-08,0.0155683
7.072109e-08,0.00277083
7.077109e-08,-0.00255688
7.082109e-08,0.00191949
7.087109e-08,-0.00590729
7.092109e-08,-0.0209567
7.097109e-08,-0.0265315
7.102109e-08,-0.0273279
7.107109e-08,-0.029113
7.112109e-08,-0.0268886
7.117109e-08,-0.0175513
7.122109e-08,-0.00942247
7.127109e-08,-0.00887322
7.132109e-08,-0.00651146
7.137109e-08,-0.000112723
7.142109e-08,-0.000799283
7.147109e-08,-0.0110977
7.152109e-08,-0.0218904
7.157109e-08,-0.0233459
7.162109e-08,-0.0226044
7.167109e-08,-0.0273554
7.172109e-08,-0.0222199
7.177109e-08,-0.00799443
7.182109e-08,-0.00176047
7.187109e-08,-0.00143092
7.192109e-08,-0.0032709
7.197109e-08,-0.00299627
7.202109e-08,0.00123293
7.207109e-08,0.000216825
7.212109e-08,-0.00244703
7.217109e-08,-0.00101898
7.222109e-08,0.000106976
7.227109e-08,0.00499528
7.232109e-08,0.0140029
7.237109e-08,0.0114489
7.242109e-08,-3.03361e-05
7.247109e-08,-0.00263926
7.252109e-08,-0.00467148
7.257109e-08,-0.0102463
7.262109e-08,-0.00524819
7.267109e-08,0.00348485
7.272109e-08,0.00285321
7.277109e-08,-0.00393
7.282109e-08,-0.010521
7.287109e-08,-0.0117842
7.292109e-08,-0.00376522
7.297109e-08,0.0052699
7.302109e-08,0.00581915
7.307109e-08,0.00488543
7.312109e-08,0.0108173
7.317109e-08,0.0205665
7.322109e-08,0.0249604
7.327109e-08,0.0191933
7.332109e-08,0.011037
7.337109e-08,0.00853793
7.342109e-08,0.00925195
7.347109e-08,0.00631348
7.352109e-08,-5.77984e-05
7.357109e-08,-0.00574251
7.362109e-08,-0.00791204
7.367109e-08,-0.00695086
7.372109e-08,-0.0085986
7.377109e-08,-0.0106308
7.382109e-08,-0.010109
7.387109e-08,-0.00653892
7.392109e-08,0.00208427
7.397109e-08,0.00123293
7.402109e-08,-0.00944993
7.407109e-08,-0.00318851
7.412109e-08,0.00944419
7.417109e-08,0.00260605
7.422109e-08,-0.00607206
7.427109e-08,-0.0099168
7.432109e-08,-0.0202701
7.437109e-08,-0.0214785
7.442109e-08,-0.0100266
7.447109e-08,-0.00524819
7.452109e-08,-0.00708817
7.457109e-08,-0.00656638
7.462109e-08,-0.0049461
7.467109e-08,-0.00250195
7.472109e-08,-0.00187032
7.477109e-08,-0.00533058
7.482109e-08,-0.00810428
7.487109e-08,-0.00467148
7.492109e-08,-3.03361e-05
7.497109e-08,-0.00134853
7.502109e-08,-0.000140186
7.507109e-08,0.000820998
7.512109e-08,-0.00469894
7.517109e-08,-0.00228225
7.522109e-08,0.00384186
7.527109e-08,-0.0030512
7.532109e-08,-0.0134045
7.537109e-08,-0.0179358
7.542109e-08,-0.0181555
7.547109e-08,-0.0121962
7.552109e-08,-0.00848875
7.557109e-08,-0.00986187
7.562109e-08,-0.0081592
7.567109e-08,-0.00920277
7.572109e-08,-0.0148326
7.577109e-08,-0.0129102
7.582109e-08,-0.00829651
7.587109e-08,-0.0142559
7.592109e-08,-0.0195561
7.597109e-08,-0.0124433
7.602109e-08,-0.00500103
7.607109e-08,-0.00505595
7.612109e-08,-0.00884576
7.617109e-08,-0.0113448
7.622109e-08,-0.0077198
7.627109e-08,-0.00332582
7.632109e-08,-0.00450671
7.637109e-08,-0.009038
7.642109e-08,-0.0117568
7.647109e-08,-0.00804935
7.652109e-08,-0.00294135
7.657109e-08,-0.00557774
7.662109e-08,-0.0113448
7.667109e-08,-0.0106308
7.672109e-08,-0.00393
7.677109e-08,0.00908718
7.682109e-08,0.0175456
7.687109e-08,0.00930688
7.692109e-08,0.00282575
7.697109e-08,0.00738451
7.702109e-08,0.0100758
7.707109e-08,0.00485797
7.712109e-08,-0.0062643
7.717109e-08,-0.00936755
7.722109e-08,-0.0019527
7.727109e-08,0.00461081
7.732109e-08,0.0132615
7.737109e-08,0.0175181
7.742109e-08,0.00691765
7.747109e-08,-0.0103287
7.752109e-08,-0.0222749
7.757109e-08,-0.0255429
7.762109e-08,-0.0251584
7.767109e-08,-0.0219453
7.772109e-08,-0.0197483
7.777109e-08,-0.0214785
7.782109e-08,-0.0169472
7.787109e-08,-0.00848875
7.792109e-08,-0.00659385
7.797109e-08,-0.00766488
7.802109e-08,-0.00890069
7.807109e-08,-0.0117568
7.812109e-08,-0.0114272
7.817109e-08,-0.00296881
7.822109e-08,0.00595646
7.827109e-08,0.00768659
7.832109e-08,0.0072472
7.837109e-08,0.00499528
7.842109e-08,0.00167233
7.847109e-08,0.00117801
7.852109e-08,-5.77984e-05
7.857109e-08,-0.00178793
7.862109e-08,0.00216665
7.867109e-08,0.00713735
7.872109e-08,0.00351231
7.877109e-08,0.00274337
7.882109e-08,0.015431
7.887109e-08,0.0252076
7.892109e-08,0.0218023
7.897109e-08,0.0157056
7.902109e-08,0.0137283
7.907109e-08,0.00697257
7.912109e-08,-0.00566013
7.917109e-08,-0.00804935
7.922109e-08,0.00689019
7.927109e-08,0.0271025
7.932109e-08,0.0341054
7.937109e-08,0.0307825
7.942109e-08,0.0328421
7.947109e-08,0.0348469
7.952109e-08,0.0264159
7.957109e-08,0.0111743
7.962109e-08,-0.00140346
7.967109e-08,-0.00351806
7.972109e-08,-0.00167808
7.977109e-08,-0.00360045
7.982109e-08,-0.0060446
7.987109e-08,-0.00835144
7.992109e-08,-0.0092577
7.997109e-08,-0.00511088
8.002109e-08,-0.000579584
8.007109e-08,-0.00546789
8.012109e-08,-0.0111801
8.017109e-08,-0.00769234
8.022109e-08,-0.0129926
8.027109e-08,-0.0287835
8.032109e-08,-0.0341112
8.037109e-08,-0.0327655
8.042109e-08,-0.0316395
8.047109e-08,-0.0234832
8.052109e-08,-0.0138439
8.057109e-08,-0.0060446
8.062109e-08,0.00754928
8.067109e-08,0.0142501
8.072109e-08,0.00452842
8.077109e-08,0.000985772
8.082109e-08,0.0095815
8.087109e-08,0.013591
8.092109e-08,0.011806
8.097109e-08,0.0116137
8.102109e-08,0.0162274
8.107109e-08,0.014305
8.112109e-08,-0.00362791
8.117109e-08,-0.0163979
8.122109e-08,-0.00744518
8.127109e-08,0.00304545
8.132109e-08,0.00244128
8.137109e-08,0.00186457
8.142109e-08,0.0027159
8.147109e-08,0.00436365
8.152109e-08,0.00568184
8.157109e-08,0.000793536
8.162109e-08,-0.00140346
8.167109e-08,0.000354137
8.172109e-08,-0.00219986
8.177109e-08,-0.00129361
8.182109e-08,0.00356724
8.187109e-08,0.00760421
8.192109e-08,0.0151014
8.197109e-08,0.0196877
8.202109e-08,0.0127946
8.207109e-08,-0.00112883
8.212109e-08,-0.0156015
8.217109e-08,-0.0261196
8.222109e-08,-0.0279321
8.227109e-08,-0.0198033
8.232109e-08,-0.00637415
8.237109e-08,0.00318276
8.242109e-08,0.00771406
8.247109e-08,0.0087027
8.252109e-08,0.00609378
8.257109e-08,0.0098012
8.262109e-08,0.0146895
8.267109e-08,0.00721973
8.272109e-08,-0.00148584
8.277109e-08,-0.000799283
8.282109e-08,0.00472066
8.287109e-08,0.00565438
8.292109e-08,-0.00566013
8.297109e-08,-0.0169746
8.302109e-08,-0.0190343
8.307109e-08,-0.0236205
8.312109e-08,-0.0280145
8.317109e-08,-0.0236205
8.322109e-08,-0.0160958
8.327109e-08,-0.00489118
8.332109e-08,0.0114764
8.337109e-08,0.0206214
8.342109e-08,0.0160077
8.347109e-08,0.00796122
8.352109e-08,0.00743943
8.357109e-08,0.0089224
8.362109e-08,0.00128786
8.367109e-08,-0.00972456
8.372109e-08,-0.0161233
8.377109e-08,-0.0131024
8.382109e-08,-0.00502849
8.387109e-08,-0.0114272
8.392109e-08,-0.01854
8.397109e-08,-0.0133221
8.402109e-08,-0.0198307
8.407109e-08,-0.0270808
8.412109e-08,-0.0218904
8.417109e-08,-0.0218629
8.422109e-08,-0.0212862
8.427109e-08,-0.0135144
8.432109e-08,-0.00376522
8.437109e-08,0.00537975
8.442109e-08,0.0101033
8.447109e-08,0.00908718
8.452109e-08,0.00263352
8.457109e-08,-0.00145838
8.462109e-08,0.0003816
8.467109e-08,0.0012604
8.472109e-08,-0.000607046
8.477109e-08,-0.00420462
8.482109e-08,-0.00983441
8.487109e-08,-0.0135144
8.492109e-08,-0.0103837
8.497109e-08,-0.00497357
8.502109e-08,0.000518912
8.507109e-08,0.00818092
8.512109e-08,0.0104878
8.517109e-08,0.00362216
8.522109e-08,-0.00403984
8.527109e-08,-0.00189778
8.532109e-08,0.00710988
8.537109e-08,0.00820838
8.542109e-08,0.00230397
8.547109e-08,-3.03361e-05
8.552109e-08,0.00312784
8.557109e-08,0.00809853
8.562109e-08,0.00400663
8.567109e-08,-0.0114547
8.572109e-08,-0.0237578
8.577109e-08,-0.0230164
8.582109e-08,-0.0173042
8.587109e-08,-0.0209567
8.592109e-08,-0.0282067
8.597109e-08,-0.0263668
8.602109e-08,-0.0210116
8.607109e-08,-0.0182928
8.612109e-08,-0.0188146
8.617109e-08,-0.0176063
8.622109e-08,-0.0118666
8.627109e-08,-0.0120863
8.632109e-08,-0.0191167
8.637109e-08,-0.0214785
8.642109e-08,-0.017469
8.647109e-08,-0.0170021
8.652109e-08,-0.018128
8.657109e-08,-0.0109604
8.662109e-08,-0.00165062
8.667109e-08,0.00439111
8.672109e-08,0.0115863
8.677109e-08,0.015074
8.682109e-08,0.00796122
8.687109e-08,0.00356724
8.692109e-08,0.0102406
8.697109e-08,0.0151289
8.702109e-08,0.0134262
8.707109e-08,0.00513259
8.712109e-08,-0.00500103
8.717109e-08,-0.00695086
8.722109e-08,-0.00500103
8.727109e-08,-0.00414969
8.732109e-08,-0.00730787
8.737109e-08,-0.014915
8.742109e-08,-0.0187871
8.747109e-08,-0.0206271
8.752109e-08,-0.025433
8.757109e-08,-0.0265315
8.762109e-08,-0.0212862
8.767109e-08,-0.0213411
8.772109e-08,-0.0226593
8.777109e-08,-0.0109329
8.782109e-08,-0.00123868
8.787109e-08,-0.00634669
8.792109e-08,-0.0189794
8.797109e-08,-0.0284539
8.802109e-08,-0.0252133
8.807109e-08,-0.0206546
8.812109e-08,-0.023291
8.817109e-08,-0.0222749
8.822109e-08,-0.0140911
8.827109e-08,-0.00225479
8.832109e-08,0.00796122
8.837109e-08,0.0136734
8.842109e-08,0.0148817
8.847109e-08,0.00551707
8.852109e-08,-0.00739026
8.857109e-08,-0.0047264
8.862109e-08,0.00406156
8.867109e-08,0.00356724
8.872109e-08,0.005929
8.877109e-08,0.0144973
8.882109e-08,0.0162274
8.887109e-08,0.0102131
8.892109e-08,0.00321023
8.897109e-08,0.0038144
8.902109e-08,0.0154035
8.907109e-08,0.0196053
8.912109e-08,0.00573677
8.917109e-08,-0.00651146
8.922109e-08,-0.0083789
8.927109e-08,-0.00673116
8.932109e-08,-0.00307866
8.937109e-08,-0.00425954
8.942109e-08,-0.00689593
8.947109e-08,-0.00431447
8.952109e-08,-0.00409477
8.957109e-08,-2.87366e-06
8.962109e-08,0.0089224
8.967109e-08,0.00296306
8.972109e-08,-0.0132947
8.977109e-08,-0.0182928
8.982109e-08,-0.016343
8.987109e-08,-0.0223023
8.992109e-08,-0.0280694
8.997109e-08,-0.0209018
9.002109e-08,-0.0116744
9.007109e-08,-0.00912039
9.012109e-08,-0.00758249
9.017109e-08,-0.00593475
9.022109e-08,-0.000497197
9.027109e-08,0.0068078
9.032109e-08,0.00235889
9.037109e-08,-0.00601714
9.042109e-08,-0.00318851
9.047109e-08,0.000189363
9.052109e-08,0.000463987
9.057109e-08,0.00801614
9.062109e-08,0.0111743
9.067109e-08,0.00477558
9.072109e-08,0.00864778
9.077109e-08,0.0161999
9.082109e-08,0.0116686
9.087109e-08,0.00375947
9.092109e-08,-0.00513834
9.097109e-08,-0.0109604
9.102109e-08,-0.00739026
9.107109e-08,-0.00579744
9.112109e-08,-0.00997172
9.117109e-08,-0.0136517
9.122109e-08,-0.0246641
9.127109e-08,-0.0384502
9.132109e-08,-0.0352097
9.137109e-08,-0.0258724
9.142109e-08,-0.0210116
9.147109e-08,-0.00906546
9.152109e-08,0.000903385
9.157109e-08,-0.00332582
9.162109e-08,-0.00500103
9.167109e-08,0.000985772
9.172109e-08,-0.00351806
9.177109e-08,-0.0106308
9.182109e-08,-0.00511088
9.187109e-08,0.00158994
9.192109e-08,0.00142517
9.197109e-08,0.0031553
9.202109e-08,0.00916956
9.207109e-08,0.00897733
9.212109e-08,0.00257859
9.217109e-08,0.00172726
9.222109e-08,0.000903385
9.227109e-08,-0.0136517
9.232109e-08,-0.0287835
9.237109e-08,-0.0257901
9.242109e-08,-0.0133771
9.247109e-08,-0.0115371
9.252109e-08,-0.017057
9.257109e-08,-0.0169746
9.262109e-08,-0.0146403
9.267109e-08,-0.00999918
9.272109e-08,-0.00725294
9.277109e-08,-0.00917531
9.282109e-08,-0.00802189
9.287109e-08,-0.010466
9.292109e-08,-0.0114547
9.297109e-08,0.000436525
9.302109e-08,0.0101307
9.307109e-08,0.00840062
9.312109e-08,0.00716481
9.317109e-08,0.00815346
9.322109e-08,0.00200188
9.327109e-08,-0.00420462
9.332109e-08,-0.00453417
9.337109e-08,-0.00782965
9.342109e-08,-0.0102463
9.347109e-08,-0.0106034
9.352109e-08,-0.0107681
9.357109e-08,0.00200188
9.362109e-08,0.0147444
9.367109e-08,0.00474812
9.372109e-08,-0.00722548
9.377109e-08,-0.00714309
9.382109e-08,-0.015629
9.387109e-08,-0.0290032
9.392109e-08,-0.0277399
9.397109e-08,-0.0185125
9.402109e-08,-0.0139812
9.407109e-08,-0.0136517
9.412109e-08,-0.0102738
9.417109e-08,-0.00118376
9.422109e-08,0.00411648
9.427109e-08,0.000711148
9.432109e-08,-0.00162315
9.437109e-08,0.00466573
9.442109e-08,0.0132065
9.447109e-08,0.0148817
9.452109e-08,0.0129868
9.457109e-08,0.0128495
9.462109e-08,0.0125474
9.467109e-08,0.0101857
9.472109e-08,0.00485797
9.477109e-08,0.00241382
9.482109e-08,0.00312784
9.487109e-08,-0.00211748
9.492109e-08,-0.00862606
9.497109e-08,-0.00840636
9.502109e-08,-0.00901054
9.507109e-08,-0.0206546
9.512109e-08,-0.02947
9.517109e-08,-0.0227417
9.522109e-08,-0.018183
9.527109e-08,-0.0197483
9.532109e-08,-0.0162331
9.537109e-08,-0.0105484
9.542109e-08,-0.00469894
9.547109e-08,-0.00137599
9.552109e-08,-0.000799283
9.557109e-08,0.00362216
9.562109e-08,0.0089224
9.567109e-08,0.0091421
9.572109e-08,0.00238635
9.577109e-08,-0.00895561
9.582109e-08,-0.0128003
9.587109e-08,-0.00478133
9.592109e-08,-0.00203509
9.597109e-08,-0.00777473
9.602109e-08,-0.0015133
9.607109e-08,0.0104328
9.612109e-08,0.00930688
9.617109e-08,0.00367709
9.622109e-08,-0.00294135
9.627109e-08,-0.0127454
9.632109e-08,-0.0114822
9.637109e-08,0.0003816
9.642109e-08,0.0052699
9.647109e-08,0.00433618
9.652109e-08,0.00686272
9.657109e-08,0.00683526
9.662109e-08,0.00120547
9.667109e-08,-0.00522073
9.672109e-08,-0.0145854
9.677109e-08,-0.0175513
9.682109e-08,-0.00656638
9.687109e-08,-0.00417716
9.692109e-08,-0.0125806
9.697109e-08,-0.0141185
9.702109e-08,-0.0124983
9.707109e-08,-0.00662131
9.712109e-08,0.00161741
9.717109e-08,0.00235889
9.722109e-08,0.00419887
9.727109e-08,0.0107075
9.732109e-08,0.00941673
9.737109e-08,-0.00178793
9.742109e-08,-0.0103013
9.747109e-08,-0.0114547
9.752109e-08,-0.0156015
9.757109e-08,-0.0199406
9.762109e-08,-0.0141185
9.767109e-08,-0.00942247
9.772109e-08,-0.0144481
9.777109e-08,-0.0200779
9.782109e-08,-0.0239226
9.787109e-08,-0.0337267
9.792109e-08,-0.0384777
9.797109e-08,-0.0246641
9.802109e-08,-0.0161233
9.807109e-08,-0.0135968
9.812109e-08,0.00342992
9.817109e-08,0.013591
9.822109e-08,0.0098012
9.827109e-08,0.00513259
9.832109e-08,-0.000854208
9.837109e-08,-0.00318851
9.842109e-08,-0.00107391
9.847109e-08,0.000875923
9.852109e-08,0.00123293
9.857109e-08,-5.77984e-05
9.862109e-08,-0.00436939
9.867109e-08,-0.0118117
9.872109e-08,-0.0129102
9.877109e-08,-0.00659385
9.882109e-08,-0.00244703
9.887109e-08,-0.00148584
9.892109e-08,0.00106816
9.897109e-08,0.00771406
9.902109e-08,0.00971881
9.907109e-08,0.00785137
9.912109e-08,0.0119433
9.917109e-08,0.0104054
9.922109e-08,0.00137025
9.927109e-08,-0.00436939
9.932109e-08,-0.00758249
9.937109e-08,-0.00758249
9.942109e-08,-0.00673116
9.947109e-08,-0.00464402
9.952109e-08,-0.000771821
9.957109e-08,-0.000222573
9.962109e-08,-0.000469734
9.967109e-08,-0.0032709
9.972109e-08,-0.00675862
9.977109e-08,-0.00483625
9.982109e-08,-0.00143092
9.987109e-08,0.000820998
9.992109e-08,0.00134278
9.997109e-08,-0.00110137
1.000211e-07,-0.00535804
1.000711e-07,-0.00192524
1.001211e-07,0.00180964
1.001711e-07,-0.0067037
1.002211e-07,-0.00549535
1.002711e-07,0.00565438
1.003211e-07,0.00197442
1.003711e-07,-0.010878
1.004211e-07,-0.0189245
1.004711e-07,-0.0246916
1.005211e-07,-0.0329028
1.005711e-07,-0.037544
1.006211e-07,-0.0341661
1.006711e-07,-0.0261745
1.007211e-07,-0.0198033
1.007711e-07,-0.0128278
1.008211e-07,-0.00417716
1.008711e-07,-0.00697832
1.009211e-07,-0.0112899
1.009711e-07,-0.00623684
1.010211e-07,-0.0102463
1.010711e-07,-0.0182104
1.011211e-07,-0.0144481
1.011711e-07,-0.00637415
1.012211e-07,0.00139771
1.012711e-07,0.0105427
1.013211e-07,0.0198799
1.013711e-07,0.0209235
1.014211e-07,0.0132615
1.014711e-07,0.0126024
1.015211e-07,0.0144149
1.015711e-07,0.00112308
1.016211e-07,-0.015217
1.016711e-07,-0.0128553
1.017211e-07,0.00211173
1.017711e-07,0.00845554
1.018211e-07,0.00634094
1.018711e-07,0.00499528
1.019211e-07,-0.00104644
1.019711e-07,-0.00285896
1.020211e-07,0.00397917
1.020711e-07,-0.00104644
1.021211e-07,-0.0129377
1.021711e-07,-0.0118392
1.022211e-07,-0.00483625
1.022711e-07,-0.00552281
1.023211e-07,-0.00813174
1.023711e-07,-0.00329836
1.024211e-07,0.00342992
1.024711e-07,-0.000826745
1.025211e-07,-0.0160684
1.025711e-07,-0.0216707
1.026211e-07,-0.0128553
1.026711e-07,-0.00923024
1.027211e-07,-0.0135418
1.027711e-07,-0.0105484
1.028211e-07,-0.00126614
1.028711e-07,0.00587408
1.029211e-07,0.0145522
1.029711e-07,0.0158704
1.030211e-07,0.00472066
1.030711e-07,-0.0037103
1.031211e-07,-0.000854208
1.031711e-07,0.00878509
1.032211e-07,0.0133164
1.032711e-07,0.0132889
1.033211e-07,0.0091421
1.033711e-07,-0.0028315
1.034211e-07,-0.00725294
1.034711e-07,-0.00140346
1.035211e-07,0.000134438
1.035711e-07,-0.00324344
1.036211e-07,-0.00480879
1.036711e-07,-0.00118376
1.037211e-07,0.00172726
1.037711e-07,-0.000607046
1.038211e-07,0.00406156
1.038711e-07,0.0153761
1.039211e-07,0.019413
1.039711e-07,0.021665
1.040211e-07,0.0205115
1.040711e-07,0.0133713
1.041211e-07,0.0167766
1.041711e-07,0.0208685
1.042211e-07,0.0166119
1.042711e-07,0.0141952
1.043211e-07,0.00938926
1.043711e-07,0.00837315
1.044211e-07,0.0135361
1.044711e-07,0.00873017
1.045211e-07,-0.00403984
1.045711e-07,-0.0100816
1.046211e-07,-0.00780219
1.046711e-07,-0.00524819
1.047211e-07,-0.0100266
1.047711e-07,-0.0209567
1.048211e-07,-0.0245268
1.048711e-07,-0.0167549
1.049211e-07,-0.00656638
1.049711e-07,-0.00170554
1.050211e-07,-0.00497357
1.050711e-07,-0.0085986
1.051211e-07,-0.00719802
1.051711e-07,-0.00425954
1.052211e-07,-0.00664877
1.052711e-07,-0.0142833
1.053211e-07,-0.0192265
1.053711e-07,-0.0206271
1.054211e-07,-0.0160958
1.054711e-07,-0.0127729
1.055211e-07,-0.0232086
1.055711e-07,-0.0361434
1.056211e-07,-0.0397135
1.056711e-07,-0.0333422
1.057211e-07,-0.0235931
1.057711e-07,-0.0217256
1.058211e-07,-0.0233459
1.058711e-07,-0.0224946
1.059211e-07,-0.0202152
1.059711e-07,-0.0151896
1.060211e-07,-0.0116469
1.060711e-07,-0.0103287
1.061211e-07,-0.00802189
1.061711e-07,-0.0051658
1.062211e-07,-0.001733
1.062711e-07,0.003375
1.063211e-07,0.00804361
1.063711e-07,0.00502274
1.064211e-07,-0.00247449
1.064711e-07,-0.0108505
1.065211e-07,-0.0242796
1.065711e-07,-0.0294151
1.066211e-07,-0.0223298
1.066711e-07,-0.0240599
1.067211e-07,-0.0257351
1.067711e-07,-0.00917531
1.068211e-07,0.00606631
1.068711e-07,0.0089224
1.069211e-07,0.00862032
1.069711e-07,0.0074669
1.070211e-07,0.00296306
1.070711e-07,-0.0121412
1.071211e-07,-0.0266963
1.071711e-07,-0.0245268
1.072211e-07,-0.021094
1.072711e-07,-0.0241972
1.073211e-07,-0.0236755
1.073711e-07,-0.0157388
1.074211e-07,-0.000332422
1.074711e-07,0.0102681
1.075211e-07,0.00812599
1.075711e-07,0.00238635
1.076211e-07,0.00233143
1.076711e-07,0.00301799
1.077211e-07,0.00095831
1.077711e-07,0.00697257
1.078211e-07,0.0112292
1.078711e-07,0.000106976
1.079211e-07,-0.00964217
1.079711e-07,-0.006484
1.080211e-07,-0.0049461
1.080711e-07,-0.00901054
1.081211e-07,-0.0069234
1.081711e-07,-0.00346313
1.082211e-07,-0.00156823
1.082711e-07,0.000546374
1.083211e-07,0.003375
1.083711e-07,0.0130692
1.084211e-07,0.0162823
1.084711e-07,0.00763167
1.085211e-07,0.00422633
1.085711e-07,0.00472066
1.086211e-07,-0.000744358
1.086711e-07,-0.0118941
1.087211e-07,-0.0239226
1.087711e-07,-0.025433
1.088211e-07,-0.0192815
1.088711e-07,-0.0269709
1.089211e-07,-0.0364455
1.089711e-07,-0.0246916
1.090211e-07,-0.012663
1.090711e-07,-0.0118666
1.091211e-07,-0.00983441
1.091711e-07,-0.00659385
1.092211e-07,-0.0049461
1.092711e-07,-0.0062643
1.093211e-07,-0.00865353
1.093711e-07,-0.00964217
1.094211e-07,-0.00667623
1.094711e-07,0.00180964
1.095211e-07,0.0068078
1.095711e-07,0.00678034
1.096211e-07,0.00540722
1.096711e-07,-0.00266673
1.097211e-07,-0.00865353
1.097711e-07,-0.0032709
1.098211e-07,0.00373201
1.098711e-07,0.00713735
1.099211e-07,0.00903225
1.099711e-07,0.00793376
1.100211e-07,0.00288068
1.100711e-07,-0.00107391
1.101211e-07,-0.00689593
1.101711e-07,-0.0157388
1.102211e-07,-0.0170296
1.102711e-07,-0.0195561
1.103211e-07,-0.029827
1.103711e-07,-0.0308981
1.104211e-07,-0.024719
1.104711e-07,-0.0184027
1.105211e-07,-0.00596221
1.105711e-07,0.00200188
1.106211e-07,0.00145263
1.106711e-07,0.00356724
1.107211e-07,0.00323769
1.107711e-07,-0.00340821
1.108211e-07,-0.00406731
1.108711e-07,0.00164487
1.109211e-07,0.00472066
1.109711e-07,0.00653317
1.110211e-07,0.00738451
1.110711e-07,0.0108722
1.111211e-07,0.01977
1.111711e-07,0.0243013
1.112211e-07,0.0233127
1.112711e-07,0.0220769
1.113211e-07,0.0228184
1.113711e-07,0.0237796
1.114211e-07,0.0207038
1.114711e-07,0.0162274
1.115211e-07,0.0102681
1.115711e-07,0.00408902
1.116211e-07,-0.00110137
1.116711e-07,-0.00862606
1.117211e-07,-0.0120314
1.117711e-07,-0.00527565
1.118211e-07,0.00873017
1.118711e-07,0.0195778
1.119211e-07,0.0214178
1.119711e-07,0.0191109
1.120211e-07,0.0105976
1.120711e-07,-0.00178793
1.121211e-07,-0.0101365
1.121711e-07,-0.0133771
1.122211e-07,-0.00478133
1.122711e-07,0.00738451
1.123211e-07,0.00809853
1.123711e-07,0.00966389
1.124211e-07,0.0124651
1.124711e-07,0.00672541
1.125211e-07,0.0065881
1.125711e-07,0.00862032
1.126211e-07,0.00158994
1.126711e-07,0.00137025
1.127211e-07,0.0102406
1.127711e-07,0.0174083
1.128211e-07,0.0217199
1.128711e-07,0.0144698
1.129211e-07,-0.00480879
1.129711e-07,-0.0208194
1.130211e-07,-0.0267787
1.130711e-07,-0.0247465
1.131211e-07,-0.0198582
1.131711e-07,-0.0188421
1.132211e-07,-0.0204074
1.132711e-07,-0.0181006
1.133211e-07,-0.0110153
1.133711e-07,-0.00332582
1.134211e-07,-0.00244703
1.134711e-07,-0.00456163
1.135211e-07,-0.00274911
1.135711e-07,-0.00522073
1.136211e-07,-0.0110153
1.136711e-07,-0.012718
1.137211e-07,-0.0136517
1.137711e-07,-0.0149424
1.138211e-07,-0.0134869
1.138711e-07,-0.0141185
1.139211e-07,-0.0190343
1.139711e-07,-0.0132672
1.140211e-07,0.00137025
1.140711e-07,0.0014801
1.141211e-07,-0.0110428
1.141711e-07,-0.0193639
1.142211e-07,-0.0232086
1.142711e-07,-0.0253781
1.143211e-07,-0.0305136
1.143711e-07,-0.037544
1.144211e-07,-0.0343858
1.144711e-07,-0.0277948
1.145211e-07,-0.0241972
1.145711e-07,-0.0132672
1.146211e-07,-0.00192524
1.146711e-07,-0.00346313
1.147211e-07,-0.0110977
1.147711e-07,-0.0132123
1.148211e-07,-0.00884576
1.148711e-07,-0.00928516
1.149211e-07,-0.0171669
1.149711e-07,-0.0142009
1.150211e-07,-0.000332422
1.150711e-07,0.00573677
1.151211e-07,0.00164487
1.151711e-07,0.00200188
1.152211e-07,0.0175181
1.152711e-07,0.0289425
1.153211e-07,0.0185068
1.153711e-07,0.00304545
1.154211e-07,-0.00236464
1.154711e-07,-0.000414809
1.155211e-07,5.20511e-05
1.155711e-07,-0.0056052
1.156211e-07,-0.00469894
1.156711e-07,0.0038144
1.157211e-07,0.00205681
1.157711e-07,-0.00244703
1.158211e-07,7.95135e-05
1.158711e-07,0.000546374
1.159211e-07,0.00395171
1.159711e-07,0.00834569
1.160211e-07,0.00422633
1.160711e-07,0.00183711
1.161211e-07,0.00323769
1.161711e-07,0.0027159
1.162211e-07,0.0052699
1.162711e-07,0.00510513
1.163211e-07,-0.00107391
1.163711e-07,-0.000167648
1.164211e-07,0.00428126
1.164711e-07,0.00620363
1.165211e-07,0.0091421
1.165711e-07,0.00691765
1.166211e-07,0.00384186
1.166711e-07,0.00790629
1.167211e-07,0.00815346
1.167711e-07,0.00222158
1.168211e-07,0.00395171
1.168711e-07,0.00886748
1.169211e-07,0.0082633
1.169711e-07,0.0106251
1.170211e-07,0.0160352
1.170711e-07,0.0148268
1.171211e-07,0.00796122
1.171711e-07,0.00252367
1.172211e-07,-0.00310612
1.172711e-07,-0.0118941
1.173211e-07,-0.0171394
1.173711e-07,-0.0161782
1.174211e-07,-0.0189794
1.174711e-07,-0.0234832
1.175211e-07,-0.0205722
1.175711e-07,-0.0140636
1.176211e-07,-0.00898307
1.176711e-07,-0.0115096
1.177211e-07,-0.0148326
1.177711e-07,-0.00895561
1.178211e-07,-0.00360045
1.178711e-07,-0.000112723
1.179211e-07,0.00378694
1.179711e-07,0.00433618
1.180211e-07,0.00524244
1.180711e-07,0.00620363
1.181211e-07,0.0027159
1.181711e-07,-0.00225479
1.182211e-07,-0.00346313
1.182711e-07,-0.0034906
1.183211e-07,-3.03361e-05
1.183711e-07,0.00955404
1.184211e-07,0.00897733
1.184711e-07,-0.000936595
1.185211e-07,-0.00382015
1.185711e-07,-0.00189778
1.186211e-07,0.00631348
1.186711e-07,0.0140853
1.187211e-07,0.00537975
1.187711e-07,-0.00258434
1.188211e-07,0.00400663
1.188711e-07,0.00675287
1.189211e-07,0.00238635
1.189711e-07,0.000463987
1.190211e-07,-0.00445178
1.190711e-07,-0.00804935
1.191211e-07,0.000738611
1.191711e-07,0.00985612
1.192211e-07,0.00765913
1.192711e-07,0.00469319
1.193211e-07,0.00691765
1.193711e-07,0.00765913
1.194211e-07,0.0108997
1.194711e-07,0.0181223
1.195211e-07,0.00991105
1.195711e-07,-0.00917531
1.196211e-07,-0.00936755
1.196711e-07,-0.00198017
1.197211e-07,-0.00736279
1.197711e-07,-0.00629176
1.198211e-07,0.00233143
1.198711e-07,-0.00134853
1.199211e-07,-0.00934009
1.199711e-07,-0.0129102
1.200211e-07,-0.0196659
1.200711e-07,-0.0263393
1.201211e-07,-0.0243071
1.201711e-07,-0.0179907
1.202211e-07,-0.013432
1.202711e-07,-0.00884576
1.203211e-07,-0.00895561
1.203711e-07,-0.0139263
1.204211e-07,-0.012306
1.204711e-07,-0.0094774
1.205211e-07,-0.0146953
1.205711e-07,-0.0180182
1.206211e-07,-0.0117842
1.206711e-07,0.00257859
1.207211e-07,0.0181498
1.207711e-07,0.0221318
1.208211e-07,0.022379
1.208711e-07,0.0348469
1.209211e-07,0.0427835
1.209711e-07,0.0321281
1.210211e-07,0.0118609
1.210711e-07,-0.010878
1.211211e-07,-0.0229889
1.211711e-07,-0.023291
1.212211e-07,-0.0265865
1.212711e-07,-0.0277673
1.213211e-07,-0.0185949
1.213711e-07,-0.00555028
1.214211e-07,0.00348485
1.214711e-07,0.00362216
1.215211e-07,-0.000716896
1.215711e-07,-0.00566013
1.216211e-07,-0.0114547
1.216711e-07,-0.0142284
1.217211e-07,-0.0179633
1.217711e-07,-0.0187871
1.218211e-07,-0.0168648
1.218711e-07,-0.0263118
1.219211e-07,-0.0324085
1.219711e-07,-0.0246641
1.220211e-07,-0.0197483
1.220711e-07,-0.0221101
1.221211e-07,-0.0182104
1.221711e-07,-0.00593475
1.222211e-07,-0.00019511
1.222711e-07,0.00153502
1.223211e-07,0.00488543
1.223711e-07,0.00419887
1.224211e-07,0.00342992
1.224711e-07,0.00557199
1.225211e-07,0.00916956
1.225711e-07,0.0127946
1.226211e-07,0.0141403
1.226711e-07,0.0196053
1.227211e-07,0.0275694
1.227711e-07,0.0282285
1.228211e-07,0.0277616
1.228711e-07,0.0284756
1.229211e-07,0.022736
1.229711e-07,0.0171062
1.230211e-07,0.0204291
1.230711e-07,0.0259491
1.231211e-07,0.0232578
1.231711e-07,0.0172435
1.232211e-07,0.0166119
1.232711e-07,0.0107075
1.233211e-07,-0.00184285
1.233711e-07,-0.00469894
1.234211e-07,-0.00387507
1.234711e-07,-0.00887322
1.235211e-07,-0.0108231
1.235711e-07,-0.00467148
1.236211e-07,0.00345739
1.236711e-07,0.00741197
1.237211e-07,0.0110919
1.237711e-07,0.0144149
1.238211e-07,0.0137832
1.238711e-07,0.0151014
1.239211e-07,0.0170238
1.239711e-07,0.0179301
1.240211e-07,0.0230106
1.240711e-07,0.0192208
1.241211e-07,0.00455588
1.241711e-07,0.00301799
1.242211e-07,0.00727466
1.242711e-07,0.00183711
1.243211e-07,-0.00351806
1.243711e-07,-0.00868099
1.244211e-07,-0.010521
1.244711e-07,-0.00338075
1.245211e-07,0.00285321
1.245711e-07,0.0027159
1.246211e-07,-0.00132107
1.246711e-07,-0.0037103
1.247211e-07,-0.00544043
1.247711e-07,-0.00920277
1.248211e-07,-0.0103287
1.248711e-07,-0.013789
1.249211e-07,-0.0188146
1.249711e-07,-0.0148326
1.250211e-07,-0.0102738
1.250711e-07,-0.0141735
1.251211e-07,-0.0167
1.251711e-07,-0.0137615
1.252211e-07,-0.0119765
1.252711e-07,-0.0165352
1.253211e-07,-0.0219179
1.253711e-07,-0.0192265
1.254211e-07,-0.0131299
1.254711e-07,-0.0102738
1.255211e-07,-0.0115371
1.255711e-07,-0.0107956
1.256211e-07,-0.00508342
1.256711e-07,-0.00549535
1.257211e-07,-0.0114547
1.257711e-07,-0.0140087
1.258211e-07,-0.0128278
1.258711e-07,-0.00857114
1.259211e-07,-0.00563266
1.259711e-07,-0.00445178
1.260211e-07,-0.00162315
1.260711e-07,0.00288068
1.261211e-07,0.00771406
1.261711e-07,0.00469319
1.262211e-07,-0.00505595
1.262711e-07,-0.0114822
1.263211e-07,-0.0138439
1.263711e-07,-0.0146953
1.264211e-07,-0.0145579
1.264711e-07,-0.0159036
1.265211e-07,-0.0168373
1.265711e-07,-0.00813174
1.266211e-07,0.00455588
1.266711e-07,0.00754928
1.267211e-07,0.00375947
1.267711e-07,0.00433618
1.268211e-07,0.0146071
1.268711e-07,0.0217473
1.269211e-07,0.0133713
1.269711e-07,0.00172726
1.270211e-07,-0.00258434
1.270711e-07,-0.00393
1.271211e-07,-0.00233718
1.271711e-07,0.00559945
1.272211e-07,0.0167766
1.272711e-07,0.0215551
1.273211e-07,0.0138931
1.273711e-07,0.00518752
1.274211e-07,0.00645079
1.274711e-07,0.0118883
1.275211e-07,0.01068
1.275711e-07,0.00164487
1.276211e-07,-0.00145838
1.276711e-07,0.00211173
1.277211e-07,-0.00272165
1.277711e-07,-0.0113723
1.278211e-07,-0.00914785
1.278711e-07,-0.00101898
1.279211e-07,0.000244288
1.279711e-07,-0.0030512
1.280211e-07,-0.00659385
1.280711e-07,-0.011592
1.281211e-07,-0.0159036
1.281711e-07,-0.0192815
1.282211e-07,-0.0181555
1.282711e-07,-0.0151346
1.283211e-07,-0.0166725
1.283711e-07,-0.0146678
1.284211e-07,-0.0112899
1.284711e-07,-0.0092577
1.285211e-07,0.00230397
1.285711e-07,0.01252
1.286211e-07,0.00743943
1.286711e-07,-3.03361e-05
1.287211e-07,0.00106816
1.287711e-07,-0.00099152
1.288211e-07,-0.00961471
1.288711e-07,-0.0104935
1.289211e-07,-0.0110428
1.289711e-07,-0.0168373
1.290211e-07,-0.0116469
1.290711e-07,-0.00785712
1.291211e-07,-0.0184576
1.291711e-07,-0.0251859
1.292211e-07,-0.025076
1.292711e-07,-0.026559
1.293211e-07,-0.0250211
1.293711e-07,-0.0211214
1.294211e-07,-0.0249662
1.294711e-07,-0.0342759
1.295211e-07,-0.0367201
1.295711e-07,-0.0318318
1.296211e-07,-0.0257901
1.296711e-07,-0.0230438
1.297211e-07,-0.0246366
1.297711e-07,-0.0291679
1.298211e-07,-0.0350723
1.298711e-07,-0.0321888
1.299211e-07,-0.0201877
1.299711e-07,-0.0155191
1.300211e-07,-0.0160409
1.300711e-07,-0.0130475
1.301211e-07,-0.0184576
1.301711e-07,-0.0242522
1.302211e-07,-0.0128553
1.302711e-07,-0.00566013
1.303211e-07,-0.0151346
1.303711e-07,-0.0215334
1.304211e-07,-0.0171119
1.304711e-07,-0.00923024
1.305211e-07,-0.00607206
1.305711e-07,-0.00953232
1.306211e-07,-0.0118392
1.306711e-07,-0.0085986
1.307211e-07,0.000875923
1.307711e-07,0.00927941
1.308211e-07,0.0057093
1.308711e-07,5.20511e-05
1.309211e-07,0.00109562
1.309711e-07,0.00145263
1.310211e-07,-0.00162315
1.310711e-07,-0.00596221
1.311211e-07,-0.00752757
1.311711e-07,-0.00530311
1.312211e-07,-0.0049461
1.312711e-07,-0.000964057
1.313211e-07,0.0104878
1.313711e-07,0.0136734
1.314211e-07,0.0100758
1.314711e-07,0.00996597
1.315211e-07,0.00757675
1.315711e-07,0.00645079
1.316211e-07,0.00587408
1.316711e-07,-0.00137599
1.317211e-07,-0.00134853
1.317711e-07,0.00765913
1.318211e-07,0.0057093
1.318711e-07,0.000628761
1.319211e-07,0.0040341
1.319711e-07,0.00584661
1.320211e-07,0.00554453
1.320711e-07,0.00411648
1.321211e-07,0.00222158
1.321711e-07,0.00246874
1.322211e-07,0.000299213
1.322711e-07,-0.00686847
1.323211e-07,-0.015272
1.323711e-07,-0.0149424
1.324211e-07,-0.00980695
1.324711e-07,-0.00955978
1.325211e-07,-0.00898307
1.325711e-07,-0.00623684
1.326211e-07,0.00158994
1.326711e-07,0.0144149
1.327211e-07,0.0209235
1.327711e-07,0.022379
1.328211e-07,0.0221043
1.328711e-07,0.0109821
1.329211e-07,0.00027175
1.329711e-07,0.00505021
1.330211e-07,0.00559945
1.330711e-07,0.00323769
1.331211e-07,0.0147719
1.331711e-07,0.0176554
1.332211e-07,0.0127946
1.332711e-07,0.0224614
1.333211e-07,0.0255921
1.333711e-07,0.00779644
1.334211e-07,-0.00739026
1.334711e-07,-0.0121412
1.335211e-07,-0.0154642
1.335711e-07,-0.0170296
1.336211e-07,-0.0197758
1.336711e-07,-0.0215059
1.337211e-07,-0.0155466
1.337711e-07,-0.00664877
1.338211e-07,-0.00123868
1.338711e-07,-0.00346313
1.339211e-07,-0.00975202
1.339711e-07,-0.01486
1.340211e-07,-0.0154367
1.340711e-07,-0.00601714
1.341211e-07,0.0024962
1.341711e-07,0.00183711
1.342211e-07,0.000189363
1.342711e-07,-0.00176047
1.343211e-07,-0.00519326
1.343711e-07,-0.00799443
1.344211e-07,-0.00736279
1.344711e-07,-0.00346313
1.345211e-07,-0.00252941
1.345711e-07,-0.00615445
1.346211e-07,-0.00972456
1.346711e-07,-0.00587982
1.347211e-07,0.0022765
1.347711e-07,0.00364962
1.348211e-07,0.00180964
1.348711e-07,0.00266098
1.349211e-07,0.00101323
1.349711e-07,-0.00189778
1.350211e-07,-0.00225479
1.350711e-07,-0.00384761
1.351211e-07,-0.00376522
1.351711e-07,0.000820998
1.352211e-07,-0.00316105
1.352711e-07,-0.0165902
1.353211e-07,-0.0205722
1.353711e-07,-0.0116195
1.354211e-07,-0.00384761
1.354711e-07,-0.00137599
1.355211e-07,0.000546374
1.355711e-07,0.00202934
1.356211e-07,0.00639586
1.356711e-07,0.00719227
1.357211e-07,-0.00192524
1.357711e-07,-0.00587982
1.358211e-07,-0.000799283
1.358711e-07,0.00167233
1.359211e-07,-0.0032709
1.359711e-07,-0.00673116
1.360211e-07,-0.00272165
1.360711e-07,-0.0030512
1.361211e-07,-0.00398492
1.361711e-07,0.00202934
1.362211e-07,0.000903385
1.362711e-07,-0.00456163
1.363211e-07,-0.00489118
1.363711e-07,-0.0060446
1.364211e-07,-0.00917531
1.364711e-07,-0.0120589
1.365211e-07,-0.0102463
1.365711e-07,-0.00656638
1.366211e-07,-0.00785712
1.366711e-07,-0.0114272
1.367211e-07,-0.0208194
1.367711e-07,-0.0286461
1.368211e-07,-0.0213137
1.368711e-07,-0.00887322
1.369211e-07,0.00117801
1.369711e-07,0.0115588
1.370211e-07,0.0210882
1.370711e-07,0.022379
1.371211e-07,0.00969135
1.371711e-07,-0.00236464
1.372211e-07,-0.00382015
1.372711e-07,-0.00206255
1.373211e-07,0.000326675
1.373711e-07,0.000546374
1.374211e-07,-0.0021724
1.374711e-07,-0.00403984
1.375211e-07,-0.00382015
1.375711e-07,-0.00129361
1.376211e-07,-0.00277657
1.376711e-07,-0.0123884
1.377211e-07,-0.0189245
1.377711e-07,-0.0143932
1.378211e-07,-0.00774727
1.378711e-07,-0.0051658
1.379211e-07,0.00235889
1.379711e-07,0.0102131
1.380211e-07,0.00916956
1.380711e-07,0.0112018
1.381211e-07,0.0131516
1.381711e-07,0.00768659
1.382211e-07,0.00299053
1.382711e-07,-2.87366e-06
1.383211e-07,-0.00101898
1.383711e-07,0.00137025
1.384211e-07,0.00444603
1.384711e-07,0.00378694
1.385211e-07,0.00106816
1.385711e-07,0.00101323
1.386211e-07,0.00128786
1.386711e-07,-0.000689433
1.387211e-07,-0.0047264
1.387711e-07,-0.00906546
1.388211e-07,-0.0107681
1.388711e-07,-0.00958725
1.389211e-07,-0.0124708
1.389711e-07,-0.0158487
1.390211e-07,-0.0062643
1.390711e-07,0.00505021
1.391211e-07,0.00491289
1.391711e-07,0.000628761
1.392211e-07,2.45887e-05
1.392711e-07,0.00881255
1.393211e-07,0.0173808
1.393711e-07,0.0142226
1.394211e-07,0.0137283
1.394711e-07,0.0179026
1.395211e-07,0.0116137
1.395711e-07,0.00469319
1.396211e-07,0.00713735
1.396711e-07,0.00818092
1.397211e-07,0.00796122
1.397711e-07,0.0127671
1.398211e-07,0.0180948
1.398711e-07,0.0190286
1.399211e-07,0.0129594
1.399711e-07,0.00452842
1.400211e-07,-0.00431447
1.400711e-07,-0.0173042
1.401211e-07,-0.0227692
1.401711e-07,-0.0166451
1.402211e-07,-0.015272
1.402711e-07,-0.0151346
1.403211e-07,-0.00747264
1.403711e-07,-0.00148584
1.404211e-07,0.0100484
1.404711e-07,0.0210608
1.405211e-07,0.0139755
1.405711e-07,0.00790629
1.406211e-07,0.00510513
1.406711e-07,-0.00274911
1.407211e-07,0.000766073
1.407711e-07,0.0107624
1.408211e-07,0.0157056
1.408711e-07,0.0154859
1.409211e-07,0.00716481
1.409711e-07,0.000491449
1.410211e-07,-0.00118376
1.410711e-07,-0.00651146
1.411211e-07,-0.0106308
1.411711e-07,-0.0103562
1.412211e-07,-0.00631922
1.412711e-07,-0.000469734
1.413211e-07,-0.00101898
1.413711e-07,-0.00247449
1.414211e-07,0.000573836
1.414711e-07,0.00153502
1.415211e-07,-0.000442272
1.415711e-07,-0.00346313
1.416211e-07,-0.00887322
1.416711e-07,-0.0132397
1.417211e-07,-0.00870845
1.417711e-07,-0.0030512
1.418211e-07,-0.00230971
1.418711e-07,0.00233143
1.419211e-07,0.00238635
1.419711e-07,-0.00159569
1.420211e-07,0.00590154
1.420711e-07,0.0101857
1.421211e-07,0.00106816
1.421711e-07,-0.00607206
1.422211e-07,-0.0094774
1.422711e-07,-0.0142833
1.423211e-07,-0.0135693
1.423711e-07,-0.00346313
1.424211e-07,0.00982866
1.424711e-07,0.0183695
1.425211e-07,0.0188912
1.425711e-07,0.014305
1.426211e-07,0.00686272
1.426711e-07,-0.00302374
1.427211e-07,-0.0117568
1.427711e-07,-0.0109878
1.428211e-07,-0.00140346
1.428711e-07,0.000244288
1.429211e-07,-0.00354552
1.429711e-07,0.00351231
1.430211e-07,0.0147719
1.430711e-07,0.0191384
1.431211e-07,0.0163372
1.431711e-07,0.0138107
1.432211e-07,0.0160077
1.432711e-07,0.0111194
1.433211e-07,0.000244288
1.433711e-07,-0.00269419
1.434211e-07,-0.00456163
1.434711e-07,-0.0127729
1.435211e-07,-0.0194462
1.435711e-07,-0.0184027
1.436211e-07,-0.0108505
1.436711e-07,-0.00384761
1.437211e-07,-0.00285896
1.437711e-07,-0.00802189
1.438211e-07,-0.017414
1.438711e-07,-0.025488
1.439211e-07,-0.0252133
1.439711e-07,-0.0167824
1.440211e-07,-0.0101365
1.440711e-07,-0.0120039
1.441211e-07,-0.0181555
1.441711e-07,-0.0176887
1.442211e-07,-0.00708817
1.442711e-07,-0.00351806
1.443211e-07,-0.00977948
1.443711e-07,-0.00879084
1.444211e-07,-0.00629176
1.444711e-07,-0.00656638
1.445211e-07,0.000546374
1.445711e-07,0.00469319
1.446211e-07,-0.00107391
1.446711e-07,0.00027175
1.447211e-07,0.00672541
1.447711e-07,0.00494036
1.448211e-07,0.00656064
1.448711e-07,0.00933434
1.449211e-07,0.003375
1.449711e-07,0.00334754
1.450211e-07,0.00551707
1.450711e-07,-0.00154077
1.451211e-07,-0.00799443
1.451711e-07,-0.00464402
1.452211e-07,0.00282575
1.452711e-07,-0.00181539
1.453211e-07,-0.0130475
1.453711e-07,-0.0136791
1.454211e-07,-0.00700578
1.454711e-07,0.00134278
1.455211e-07,0.00982866
1.455711e-07,0.0187539
1.456211e-07,0.0242464
1.456711e-07,0.0149641
1.457211e-07,0.00263352
1.457711e-07,0.00535229
1.458211e-07,0.00966389
1.458711e-07,0.00189203
1.459211e-07,-0.00601714
1.459711e-07,-0.00445178
1.460211e-07,-0.000332422
1.460711e-07,-0.000799283
1.461211e-07,-0.00739026
1.461711e-07,-0.0154093
1.462211e-07,-0.0154367
1.462711e-07,-0.00703324
1.463211e-07,0.00348485
1.463711e-07,0.00911464
1.464211e-07,0.0111469
1.464711e-07,0.0155408
1.465211e-07,0.0119707
1.465711e-07,0.00307291
1.466211e-07,0.00760421
1.466711e-07,0.0143874
1.467211e-07,0.0101307
1.467711e-07,0.00911464
1.468211e-07,0.0132615
1.468711e-07,0.00985612
1.469211e-07,0.000463987
1.469711e-07,-0.00296881
1.470211e-07,0.00573677
1.470711e-07,0.0142226
1.471211e-07,0.00678034
1.471711e-07,-0.00898307
1.472211e-07,-0.0151072
1.472711e-07,-0.0151346
1.473211e-07,-0.0185125
1.473711e-07,-0.0162606
1.474211e-07,-0.00750011
1.474711e-07,-0.00689593
1.475211e-07,-0.0136517
1.475711e-07,-0.0103562
1.476211e-07,0.00392425
1.476711e-07,0.00884002
1.477211e-07,-0.00200763
1.477711e-07,-0.0166176
1.478211e-07,-0.0235656
1.478711e-07,-0.0187322
1.479211e-07,-0.00953232
1.479711e-07,-0.00804935
1.480211e-07,-0.0120589
1.480711e-07,-0.00475387
1.481211e-07,0.00952657
1.481711e-07,0.0147719
1.482211e-07,0.0187814
1.482711e-07,0.0230106
1.483211e-07,0.0129868
1.483711e-07,-0.00469894
1.484211e-07,-0.0113174
1.484711e-07,-0.0149973
1.485211e-07,-0.0259274
1.485711e-07,-0.0279047
1.486211e-07,-0.0238402
1.486711e-07,-0.0258175
1.487211e-07,-0.0233734
1.487711e-07,-0.0165352
1.488211e-07,-0.0132123
1.488711e-07,-0.0146403
1.489211e-07,-0.0170845
1.489711e-07,-0.0113448
1.490211e-07,7.95135e-05
1.490711e-07,0.00609378
1.491211e-07,0.00774152
1.491711e-07,0.0115588
1.492211e-07,0.01068
1.492711e-07,0.00334754
1.493211e-07,-0.00167808
1.493711e-07,-0.00434193
1.494211e-07,0.00167233
1.494711e-07,0.0116412
1.495211e-07,0.00719227
1.495711e-07,-0.000799283
1.496211e-07,0.00472066
1.496711e-07,0.0125749
1.497211e-07,0.012108
1.497711e-07,0.0129594
1.498211e-07,0.0163372
1.498711e-07,0.0147994
1.499211e-07,0.00919703
1.499711e-07,0.00189203
1.500211e-07,-0.0053855
1.500711e-07,-0.0135144
1.501211e-07,-0.0182104
1.501711e-07,-0.0171394
1.502211e-07,-0.0158761
1.502711e-07,-0.0107956
1.503211e-07,-0.00316105
1.503711e-07,0.000436525
1.504211e-07,0.00719227
1.504711e-07,0.00960896
1.505211e-07,-0.00387507
1.505711e-07,-0.0125257
1.506211e-07,-0.00640161
1.506711e-07,-0.00618191
1.507211e-07,-0.0100541
1.507711e-07,-0.000771821
1.508211e-07,0.00524244
1.508711e-07,-0.00706071
1.509211e-07,-0.0224946
1.509711e-07,-0.031667
1.510211e-07,-0.0304312
1.510711e-07,-0.0156015
1.511211e-07,-3.03361e-05
1.511711e-07,0.00458335
1.512211e-07,0.00161741
1.512711e-07,0.000463987
1.513211e-07,0.00452842
1.513711e-07,0.0074669
1.514211e-07,0.00260605
1.514711e-07,-0.00868099
1.515211e-07,-0.0143657
1.515711e-07,-0.00640161
1.516211e-07,0.00686272
1.516711e-07,0.0138931
1.517211e-07,0.0101857
1.517711e-07,0.000628761
1.518211e-07,-0.00802189
1.518711e-07,-0.0160684
1.519211e-07,-0.0263118
1.519711e-07,-0.0329852
1.520211e-07,-0.0302664
1.520711e-07,-0.0281244
1.521211e-07,-0.0264492
1.521711e-07,-0.0123335
1.522211e-07,0.00307291
1.522711e-07,0.00274337
1.523211e-07,-0.00527565
1.523711e-07,-0.00640161
1.524211e-07,0.00285321
1.524711e-07,0.016145
1.525211e-07,0.0165844
1.525711e-07,0.00246874
1.526211e-07,0.000244288
1.526711e-07,0.0070275
1.527211e-07,-0.00170554
1.527711e-07,-0.0116469
1.528211e-07,-0.0131299
1.528711e-07,-0.0213411
1.529211e-07,-0.029827
1.529711e-07,-0.0229889
1.530211e-07,-0.00961471
1.530711e-07,-0.00697832
1.531211e-07,-0.0121687
1.531711e-07,-0.0138988
1.532211e-07,-0.010109
1.532711e-07,-0.0081592
1.533211e-07,-0.0153543
1.533711e-07,-0.0187322
1.534211e-07,-0.00637415
1.534711e-07,0.00721973
1.535211e-07,0.0138656
1.535711e-07,0.0208685
1.536211e-07,0.0284482
1.536711e-07,0.0291347
1.537211e-07,0.0177928
1.537711e-07,0.00400663
1.538211e-07,0.0010407
1.538711e-07,0.00419887
1.539211e-07,0.00230397
1.539711e-07,-0.00447924
1.540211e-07,-0.0116744
1.540711e-07,-0.0135144
1.541211e-07,-0.00318851
1.541711e-07,0.00518752
1.542211e-07,0.000656224
1.542711e-07,0.00318276
1.543211e-07,0.0137832
1.543711e-07,0.0145522
1.544211e-07,0.0127946
1.544711e-07,0.0112292
1.545211e-07,-0.000716896
1.545711e-07,-0.00909292
1.546211e-07,-0.00486372
1.546711e-07,-0.00739026
1.547211e-07,-0.0159311
1.547711e-07,-0.013789
1.548211e-07,-0.00522073
1.548711e-07,0.00150756
1.549211e-07,0.00428126
1.549711e-07,0.00367709
1.550211e-07,0.0012604
1.550711e-07,-0.00598967
1.551211e-07,-0.0104111
1.551711e-07,-0.00491864
1.552211e-07,-0.00505595
1.552711e-07,-0.0151621
1.553211e-07,-0.0157663
1.553711e-07,-0.00695086
1.554211e-07,-0.00428701
1.554711e-07,-0.00187032
1.555211e-07,0.00735705
1.555711e-07,0.00716481
1.556211e-07,-0.00412223
1.556711e-07,-0.00722548
1.557211e-07,-0.00513834
1.557711e-07,-0.0107681
1.558211e-07,-0.0147776
1.558711e-07,-0.00994426
1.559211e-07,-0.00914785
1.559711e-07,-0.0126081
1.560211e-07,-0.00923024
1.560711e-07,-0.00346313
1.561211e-07,0.000326675
1.561711e-07,0.00606631
1.562211e-07,0.0107898
1.562711e-07,0.0109272
1.563211e-07,0.0100758
1.563711e-07,0.0125749
1.564211e-07,0.0197426
1.564711e-07,0.0206488
1.565211e-07,0.0121904
1.565711e-07,0.0108173
1.566211e-07,0.0134262
1.566711e-07,0.00645079
1.567211e-07,-0.0019527
1.567711e-07,-0.00294135
1.568211e-07,-0.00324344
1.568711e-07,-0.00118376
1.569211e-07,0.00439111
1.569711e-07,-0.00189778
1.570211e-07,-0.0121412
1.570711e-07,-0.010878
1.571211e-07,-0.00695086
1.571711e-07,-0.00895561
1.572211e-07,-0.0150248
1.572711e-07,-0.0143657
1.573211e-07,-0.00802189
1.573711e-07,-0.00810428
1.574211e-07,-0.0100541
1.574711e-07,-0.00887322
1.575211e-07,-0.00563266
1.575711e-07,0.000409062
1.576211e-07,0.00279829
1.576711e-07,-0.000634509
1.577211e-07,-0.00747264
1.577711e-07,-0.0182654
1.578211e-07,-0.0252408
1.578711e-07,-0.0226593
1.579211e-07,-0.0202976
1.579711e-07,-0.0216982
1.580211e-07,-0.0164803
1.580711e-07,-0.00758249
1.581211e-07,-0.00804935
1.581711e-07,-0.0105759
1.582211e-07,-0.00544043
1.582711e-07,-0.00395746
1.583211e-07,-0.006484
1.583711e-07,-0.00285896
1.584211e-07,-0.00423208
1.584711e-07,-0.0140911
1.585211e-07,-0.0144481
1.585711e-07,-0.0069234
1.586211e-07,-0.00868099
1.586711e-07,-0.0140636
1.587211e-07,-0.00728041
1.587711e-07,0.0057093
1.588211e-07,0.00837315
1.588711e-07,0.00164487
1.589211e-07,-0.000607046
1.589711e-07,0.00576423
1.590211e-07,0.0112292
1.590711e-07,0.00829077
1.591211e-07,0.00397917
1.591711e-07,0.00741197
1.592211e-07,0.0114215
1.592711e-07,0.0093618
1.593211e-07,0.0065881
1.593711e-07,-0.000771821
1.594211e-07,-0.00870845
1.594711e-07,-0.00826905
1.595211e-07,-0.0106034
1.595711e-07,-0.0160134
1.596211e-07,-0.0171943
