LECROYWR640Zi,59892,Waveform
Segments,1,SegmentSize,4002
Segment,TrigTime,TimeSinceSegment1
#1,01-Nov-2023 13:36:54,0                 
Time,Ampl
-4.040796e-08,0.00274337
-4.035796e-08,0.00244128
-4.030796e-08,0.0068078
-4.025796e-08,0.0111194
-4.020796e-08,0.0113666
-4.015796e-08,0.00612124
-4.010796e-08,-0.00420462
-4.005796e-08,-0.00983441
-4.000796e-08,-0.00689593
-3.995796e-08,-0.00755503
-3.990796e-08,-0.0125532
-3.985796e-08,-0.00780219
-3.980796e-08,-0.00513834
-3.975796e-08,-0.0157937
-3.970796e-08,-0.0173866
-3.965796e-08,-0.00901054
-3.960796e-08,-0.00873591
-3.955796e-08,-0.0125257
-3.950796e-08,-0.00324344
-3.945796e-08,0.0142501
-3.940796e-08,0.0111743
-3.935796e-08,-0.00568759
-3.930796e-08,-0.00810428
-3.925796e-08,-0.00329836
-3.920796e-08,-0.00533058
-3.915796e-08,-0.0102189
-3.910796e-08,-0.015629
-3.905796e-08,-0.0202152
-3.900796e-08,-0.0181555
-3.895796e-08,-0.011592
-3.890796e-08,-0.00535804
-3.885796e-08,0.000134438
-3.880796e-08,-0.00294135
-3.875796e-08,-0.0139812
-3.870796e-08,-0.0140362
-3.865796e-08,-0.00475387
-3.860796e-08,-0.00758249
-3.855796e-08,-0.0188146
-3.850796e-08,-0.0210391
-3.845796e-08,-0.017771
-3.840796e-08,-0.0162606
-3.835796e-08,-0.0104111
-3.830796e-08,-0.000167648
-3.825796e-08,0.00455588
-3.820796e-08,-0.00263926
-3.815796e-08,-0.0138988
-3.810796e-08,-0.013789
-3.805796e-08,-0.00340821
-3.800796e-08,0.00329261
-3.795796e-08,0.00230397
-3.790796e-08,-0.000909132
-3.785796e-08,-0.00294135
-3.780796e-08,-0.0028315
-3.775796e-08,-0.00387507
-3.770796e-08,-0.00601714
-3.765796e-08,-0.00137599
-3.760796e-08,0.00496782
-3.755796e-08,0.00554453
-3.750796e-08,0.00650571
-3.745796e-08,0.0108722
-3.740796e-08,0.014305
-3.735796e-08,0.0102131
-3.730796e-08,0.00224904
-3.725796e-08,0.000354137
-3.720796e-08,0.00246874
-3.715796e-08,0.0027159
-3.710796e-08,0.00318276
-3.705796e-08,0.00601139
-3.700796e-08,0.00351231
-3.695796e-08,-0.00255688
-3.690796e-08,0.00216665
-3.685796e-08,0.0107075
-3.680796e-08,0.0095815
-3.675796e-08,0.00326515
-3.670796e-08,-0.00192524
-3.665796e-08,0.00145263
-3.660796e-08,0.00875763
-3.655796e-08,0.00933434
-3.650796e-08,0.00988359
-3.645796e-08,0.0102681
-3.640796e-08,0.00974627
-3.635796e-08,0.00859285
-3.630796e-08,0.00430872
-3.625796e-08,0.00543468
-3.620796e-08,0.00340246
-3.615796e-08,-0.00799443
-3.610796e-08,-0.01302
-3.605796e-08,-0.0121412
-3.600796e-08,-0.0122786
-3.595796e-08,-0.0107681
-3.590796e-08,-0.00906546
-3.585796e-08,-0.00914785
-3.580796e-08,-0.0143382
-3.575796e-08,-0.0269984
-3.570796e-08,-0.0378735
-3.565796e-08,-0.0393839
-3.560796e-08,-0.0340288
-3.555796e-08,-0.0262844
-3.550796e-08,-0.0179084
-3.545796e-08,-0.0147227
-3.540796e-08,-0.0223023
-3.535796e-08,-0.0261471
-3.530796e-08,-0.0139538
-3.525796e-08,0.00123293
-3.520796e-08,0.00982866
-3.515796e-08,0.0133988
-3.510796e-08,0.0116137
-3.505796e-08,0.0115588
-3.500796e-08,0.0152937
-3.495796e-08,0.0149092
-3.490796e-08,0.0137009
-3.485796e-08,0.0132065
-3.480796e-08,0.00974627
-3.475796e-08,0.00444603
-3.470796e-08,0.000134438
-3.465796e-08,0.00499528
-3.460796e-08,0.0141677
-3.455796e-08,0.013948
-3.450796e-08,0.00790629
-3.445796e-08,-0.00255688
-3.440796e-08,-0.0129102
-3.435796e-08,-0.0126081
-3.430796e-08,-0.0133496
-3.425796e-08,-0.0153543
-3.420796e-08,-0.0103013
-3.415796e-08,-0.0109329
-3.410796e-08,-0.00975202
-3.405796e-08,-0.00129361
-3.400796e-08,-0.00865353
-3.395796e-08,-0.0253507
-3.390796e-08,-0.0269709
-3.385796e-08,-0.0220002
-3.380796e-08,-0.0227692
-3.375796e-08,-0.0279047
-3.370796e-08,-0.0351273
-3.365796e-08,-0.036775
-3.360796e-08,-0.0333147
-3.355796e-08,-0.0303488
-3.350796e-08,-0.0246366
-3.345796e-08,-0.0134045
-3.340796e-08,-0.000524659
-3.335796e-08,0.00653317
-3.330796e-08,0.0112567
-3.325796e-08,0.0226811
-3.320796e-08,0.0293544
-3.315796e-08,0.0210882
-3.310796e-08,0.0152388
-3.305796e-08,0.0178477
-3.300796e-08,0.016145
-3.295796e-08,0.00524244
-3.290796e-08,-0.00662131
-3.285796e-08,-0.00645653
-3.280796e-08,-0.00360045
-3.275796e-08,-0.00609952
-3.270796e-08,-0.00340821
-3.265796e-08,2.45887e-05
-3.260796e-08,-0.00343567
-3.255796e-08,-0.00653892
-3.250796e-08,-0.000442272
-3.245796e-08,0.00441857
-3.240796e-08,0.00230397
-3.235796e-08,0.0105427
-3.230796e-08,0.0204841
-3.225796e-08,0.0175456
-3.220796e-08,0.0178202
-3.215796e-08,0.0198799
-3.210796e-08,0.0151564
-3.205796e-08,0.0151289
-3.200796e-08,0.0133164
-3.195796e-08,0.00469319
-3.190796e-08,0.00419887
-3.185796e-08,0.00430872
-3.180796e-08,-0.00766488
-3.175796e-08,-0.0183477
-3.170796e-08,-0.0164254
-3.165796e-08,-0.0110428
-3.160796e-08,-0.00936755
-3.155796e-08,-0.0083789
-3.150796e-08,-0.00593475
-3.145796e-08,-0.00110137
-3.140796e-08,0.00257859
-3.135796e-08,0.00134278
-3.130796e-08,0.00414395
-3.125796e-08,0.015074
-3.120796e-08,0.0183969
-3.115796e-08,0.0124101
-3.110796e-08,0.0119158
-3.105796e-08,0.017216
-3.100796e-08,0.0160077
-3.095796e-08,0.00573677
-3.090796e-08,-0.00241956
-3.085796e-08,-0.0110977
-3.080796e-08,-0.0226044
-3.075796e-08,-0.022934
-3.070796e-08,-0.017469
-3.065796e-08,-0.0171943
-3.060796e-08,-0.0151621
-3.055796e-08,-0.0113998
-3.050796e-08,-0.0109054
-3.045796e-08,-0.0124159
-3.040796e-08,-0.0110702
-3.035796e-08,-0.00156823
-3.030796e-08,0.00661556
-3.025796e-08,0.00625855
-3.020796e-08,0.00356724
-3.015796e-08,0.000354137
-3.010796e-08,0.000354137
-3.005796e-08,0.00326515
-3.000796e-08,0.00216665
-2.995796e-08,0.00321023
-2.990796e-08,0.00796122
-2.985796e-08,0.00664302
-2.980796e-08,0.00373201
-2.975796e-08,0.00463827
-2.970796e-08,0.0102955
-2.965796e-08,0.0170787
-2.960796e-08,0.00757675
-2.955796e-08,-0.00782965
-2.950796e-08,-0.00706071
-2.945796e-08,-0.00184285
-2.940796e-08,-0.00244703
-2.935796e-08,-0.00464402
-2.930796e-08,-0.00653892
-2.925796e-08,-0.00939501
-2.920796e-08,-0.0179907
-2.915796e-08,-0.0272181
-2.910796e-08,-0.0272181
-2.905796e-08,-0.0270808
-2.900796e-08,-0.0314473
-2.895796e-08,-0.0240325
-2.890796e-08,-0.00741772
-2.885796e-08,7.95135e-05
-2.880796e-08,-0.00178793
-2.875796e-08,-0.00695086
-2.870796e-08,-0.00942247
-2.865796e-08,-0.0124708
-2.860796e-08,-0.0187048
-2.855796e-08,-0.0167549
-2.850796e-08,-0.0122511
-2.845796e-08,-0.0113998
-2.840796e-08,-0.0115645
-2.835796e-08,-0.0222749
-2.830796e-08,-0.0338091
-2.825796e-08,-0.0281244
-2.820796e-08,-0.0183752
-2.815796e-08,-0.0167275
-2.810796e-08,-0.0138439
-2.805796e-08,-0.00934009
-2.800796e-08,-0.0100541
-2.795796e-08,-0.0112075
-2.790796e-08,-0.0135418
-2.785796e-08,-0.0164803
-2.780796e-08,-0.0108505
-2.775796e-08,-0.00535804
-2.770796e-08,-0.0053855
-2.765796e-08,-0.0060446
-2.760796e-08,-0.00653892
-2.755796e-08,-0.00467148
-2.750796e-08,-0.00524819
-2.745796e-08,-0.00977948
-2.740796e-08,-0.0144481
-2.735796e-08,-0.0203525
-2.730796e-08,-0.0249662
-2.725796e-08,-0.0221376
-2.720796e-08,-0.00741772
-2.715796e-08,0.0057093
-2.710796e-08,-0.000524659
-2.705796e-08,-0.0104935
-2.700796e-08,-0.00909292
-2.695796e-08,-0.00802189
-2.690796e-08,-0.00958725
-2.685796e-08,-0.00928516
-2.680796e-08,-0.00966963
-2.675796e-08,-0.0107132
-2.670796e-08,-0.0108231
-2.665796e-08,-0.00999918
-2.660796e-08,-0.0109054
-2.655796e-08,-0.012663
-2.650796e-08,-0.00986187
-2.645796e-08,-0.00382015
-2.640796e-08,0.00137025
-2.635796e-08,0.0044735
-2.630796e-08,0.00771406
-2.625796e-08,0.0140304
-2.620796e-08,0.0220769
-2.615796e-08,0.0282285
-2.610796e-08,0.0312493
-2.605796e-08,0.0296016
-2.600796e-08,0.0230381
-2.595796e-08,0.0216924
-2.590796e-08,0.0243013
-2.585796e-08,0.0159528
-2.580796e-08,-0.00088167
-2.575796e-08,-0.0171943
-2.570796e-08,-0.0270533
-2.565796e-08,-0.026202
-2.560796e-08,-0.0217531
-2.555796e-08,-0.015574
-2.550796e-08,-0.00733533
-2.545796e-08,-0.00178793
-2.540796e-08,0.00164487
-2.535796e-08,0.000766073
-2.530796e-08,0.000106976
-2.525796e-08,0.00101323
-2.520796e-08,-0.00491864
-2.515796e-08,-0.00873591
-2.510796e-08,-0.0104111
-2.505796e-08,-0.017826
-2.500796e-08,-0.0237029
-2.495796e-08,-0.0316945
-2.490796e-08,-0.0357314
-2.485796e-08,-0.0228241
-2.480796e-08,-0.00774727
-2.475796e-08,-0.000524659
-2.470796e-08,0.00656064
-2.465796e-08,0.0125474
-2.460796e-08,0.0122179
-2.455796e-08,0.010323
-2.450796e-08,0.00884002
-2.445796e-08,0.00743943
-2.440796e-08,0.0101857
-2.435796e-08,0.00988359
-2.430796e-08,0.00255113
-2.425796e-08,-0.000909132
-2.420796e-08,-0.000552121
-2.415796e-08,-0.00697832
-2.410796e-08,-0.0147227
-2.405796e-08,-0.0101365
-2.400796e-08,0.00260605
-2.395796e-08,0.014717
-2.390796e-08,0.0227085
-2.385796e-08,0.019468
-2.380796e-08,0.00700004
-2.375796e-08,-0.00673116
-2.370796e-08,-0.017771
-2.365796e-08,-0.022934
-2.360796e-08,-0.0262844
-2.355796e-08,-0.030184
-2.350796e-08,-0.0249113
-2.345796e-08,-0.00955978
-2.340796e-08,-0.00382015
-2.335796e-08,-0.0117019
-2.330796e-08,-0.0106857
-2.325796e-08,-0.000497197
-2.320796e-08,0.00145263
-2.315796e-08,-0.0032709
-2.310796e-08,-0.00478133
-2.305796e-08,-0.00637415
-2.300796e-08,-0.0201053
-2.295796e-08,-0.0318592
-2.290796e-08,-0.0227967
-2.285796e-08,-0.010466
-2.280796e-08,-0.00697832
-2.275796e-08,-0.00395746
-2.270796e-08,0.00419887
-2.265796e-08,0.0150191
-2.260796e-08,0.0153761
-2.255796e-08,0.0100209
-2.250796e-08,0.0129594
-2.245796e-08,0.0109546
-2.240796e-08,-8.52608e-05
-2.235796e-08,-0.00601714
-2.230796e-08,-0.00442432
-2.225796e-08,0.000354137
-2.220796e-08,-0.00527565
-2.215796e-08,-0.0161233
-2.210796e-08,-0.0138714
-2.205796e-08,-0.016343
-2.200796e-08,-0.0260372
-2.195796e-08,-0.0184027
-2.190796e-08,-0.00395746
-2.185796e-08,0.000216825
-2.180796e-08,-0.00294135
-2.175796e-08,-0.00393
-2.170796e-08,0.0042538
-2.165796e-08,0.00469319
-2.160796e-08,-0.00843383
-2.155796e-08,-0.0161508
-2.150796e-08,-0.0195286
-2.145796e-08,-0.0216982
-2.140796e-08,-0.0170021
-2.135796e-08,-0.00585236
-2.130796e-08,0.00175472
-2.125796e-08,-0.00365537
-2.120796e-08,-0.00593475
-2.115796e-08,-0.00288642
-2.110796e-08,-0.0103837
-2.105796e-08,-0.0192815
-2.100796e-08,-0.0241423
-2.095796e-08,-0.0288933
-2.090796e-08,-0.0255978
-2.085796e-08,-0.0120039
-2.080796e-08,-0.000826745
-2.075796e-08,-0.00030496
-2.070796e-08,-0.00447924
-2.065796e-08,-0.0099168
-2.060796e-08,-0.0171943
-2.055796e-08,-0.0186498
-2.050796e-08,-0.011949
-2.045796e-08,-0.0124159
-2.040796e-08,-0.0212313
-2.035796e-08,-0.0217256
-2.030796e-08,-0.0147227
-2.025796e-08,-0.0112625
-2.020796e-08,-0.0205447
-2.015796e-08,-0.0374066
-2.010796e-08,-0.0442173
-2.005796e-08,-0.0449863
-2.000796e-08,-0.0441624
-1.995796e-08,-0.0307058
-1.990796e-08,-0.014915
-1.985796e-08,-0.0164528
-1.980796e-08,-0.020737
-1.975796e-08,-0.00936755
-1.970796e-08,0.00255113
-1.965796e-08,0.00197442
-1.960796e-08,-0.00104644
-1.955796e-08,-0.00101898
-1.950796e-08,0.00282575
-1.945796e-08,0.0136185
-1.940796e-08,0.015788
-1.935796e-08,0.00307291
-1.930796e-08,-0.00744518
-1.925796e-08,-0.0101365
-1.920796e-08,-0.00587982
-1.915796e-08,-0.000442272
-1.910796e-08,-0.00277657
-1.905796e-08,-0.00425954
-1.900796e-08,-0.00332582
-1.895796e-08,-0.0111251
-1.890796e-08,-0.0151621
-1.885796e-08,-0.0129102
-1.880796e-08,-0.0206821
-1.875796e-08,-0.0204349
-1.870796e-08,0.0022765
-1.865796e-08,0.0232852
-1.860796e-08,0.0255097
-1.855796e-08,0.013591
-1.850796e-08,0.00161741
-1.845796e-08,-0.00563266
-1.840796e-08,-0.0153543
-1.835796e-08,-0.0188695
-1.830796e-08,-0.0125532
-1.825796e-08,-0.0109054
-1.820796e-08,-0.0117019
-1.815796e-08,-0.00458909
-1.810796e-08,0.00617616
-1.805796e-08,0.0091421
-1.800796e-08,0.0035947
-1.795796e-08,-0.00162315
-1.790796e-08,-0.00272165
-1.785796e-08,0.00321023
-1.780796e-08,0.00807107
-1.775796e-08,0.00356724
-1.770796e-08,0.00345739
-1.765796e-08,0.00669795
-1.760796e-08,-0.000497197
-1.755796e-08,-0.011592
-1.750796e-08,-0.0118666
-1.745796e-08,0.000573836
-1.740796e-08,0.00754928
-1.735796e-08,0.00362216
-1.730796e-08,0.00862032
-1.725796e-08,0.0207587
-1.720796e-08,0.021253
-1.715796e-08,0.0171886
-1.710796e-08,0.0182596
-1.705796e-08,0.0152388
-1.700796e-08,0.00922449
-1.695796e-08,0.0112292
-1.690796e-08,0.0205665
-1.685796e-08,0.0268279
-1.680796e-08,0.0189187
-1.675796e-08,0.000518912
-1.670796e-08,-0.0081592
-1.665796e-08,-0.000112723
-1.660796e-08,0.00499528
-1.655796e-08,-0.00777473
-1.650796e-08,-0.0233184
-1.645796e-08,-0.0270808
-1.640796e-08,-0.0290855
-1.635796e-08,-0.0322986
-1.630796e-08,-0.0226319
-1.625796e-08,-0.00717056
-1.620796e-08,-0.00846129
-1.615796e-08,-0.0154093
-1.610796e-08,-0.00659385
-1.605796e-08,0.00274337
-1.600796e-08,-0.00522073
-1.595796e-08,-0.0129102
-1.590796e-08,-0.00717056
-1.585796e-08,-0.0026118
-1.580796e-08,-0.0037103
-1.575796e-08,-0.00209002
-1.570796e-08,0.000930848
-1.565796e-08,-0.00376522
-1.560796e-08,-0.0139538
-1.555796e-08,-0.0148326
-1.550796e-08,-0.00879084
-1.545796e-08,-0.00774727
-1.540796e-08,-0.00835144
-1.535796e-08,-0.0099168
-1.530796e-08,-0.0137341
-1.525796e-08,-0.00966963
-1.520796e-08,-0.000414809
-1.515796e-08,-0.000689433
-1.510796e-08,-0.00310612
-1.505796e-08,0.00191949
-1.500796e-08,0.00211173
-1.495796e-08,-0.000634509
-1.490796e-08,0.00392425
-1.485796e-08,0.00782391
-1.480796e-08,0.00650571
-1.475796e-08,0.00312784
-1.470796e-08,-0.001733
-1.465796e-08,-0.00609952
-1.460796e-08,-0.00357298
-1.455796e-08,0.00499528
-1.450796e-08,0.00867524
-1.445796e-08,0.0112842
-1.440796e-08,0.0129044
-1.435796e-08,-0.00200763
-1.430796e-08,-0.0177161
-1.425796e-08,-0.0167824
-1.420796e-08,-0.0140911
-1.415796e-08,-0.0182379
-1.410796e-08,-0.0271632
-1.405796e-08,-0.0275202
-1.400796e-08,-0.0164803
-1.395796e-08,-0.0150797
-1.390796e-08,-0.0182654
-1.385796e-08,-0.00774727
-1.380796e-08,0.00647825
-1.375796e-08,0.00771406
-1.370796e-08,0.00312784
-1.365796e-08,0.00505021
-1.360796e-08,0.00603885
-1.355796e-08,-0.00272165
-1.350796e-08,-0.0178534
-1.345796e-08,-0.0259823
-1.340796e-08,-0.0211214
-1.335796e-08,-0.0165902
-1.330796e-08,-0.0130475
-1.325796e-08,-0.00535804
-1.320796e-08,-0.00571505
-1.315796e-08,-0.0124159
-1.310796e-08,-0.0134594
-1.305796e-08,-0.0138714
-1.300796e-08,-0.011949
-1.295796e-08,-0.00121122
-1.290796e-08,0.00485797
-1.285796e-08,0.00499528
-1.280796e-08,0.00897733
-1.275796e-08,0.00639586
-1.270796e-08,-0.00744518
-1.265796e-08,-0.0154642
-1.260796e-08,-0.00870845
-1.255796e-08,-0.00222733
-1.250796e-08,-0.00555028
-1.245796e-08,-0.0053855
-1.240796e-08,0.00367709
-1.235796e-08,0.00458335
-1.230796e-08,0.000656224
-1.225796e-08,0.0100209
-1.220796e-08,0.0126573
-1.215796e-08,0.00458335
-1.210796e-08,0.0118883
-1.205796e-08,0.0204841
-1.200796e-08,0.0166668
-1.195796e-08,0.0130967
-1.190796e-08,0.0120806
-1.185796e-08,0.0113116
-1.180796e-08,0.00889494
-1.175796e-08,0.00713735
-1.170796e-08,0.0136185
-1.165796e-08,0.0246034
-1.160796e-08,0.0258118
-1.155796e-08,0.0207862
-1.150796e-08,0.0215826
-1.145796e-08,0.0165844
-1.140796e-08,0.00191949
-1.135796e-08,-0.00717056
-1.130796e-08,-0.00890069
-1.125796e-08,-0.0100541
-1.120796e-08,-0.0190343
-1.115796e-08,-0.0312551
-1.110796e-08,-0.0268611
-1.105796e-08,-0.0165352
-1.100796e-08,-0.0200779
-1.095796e-08,-0.0244444
-1.090796e-08,-0.0165078
-1.085796e-08,-0.00236464
-1.080796e-08,0.00417141
-1.075796e-08,0.000601299
-1.070796e-08,-0.00222733
-1.065796e-08,-0.00376522
-1.060796e-08,-0.0081592
-1.055796e-08,-0.0128553
-1.050796e-08,-0.0156015
-1.045796e-08,-0.0142284
-1.040796e-08,-0.00892815
-1.035796e-08,-0.00206255
-1.030796e-08,0.00505021
-1.025796e-08,0.0146071
-1.020796e-08,0.0255921
-1.015796e-08,0.0244661
-1.010796e-08,0.0108722
-1.005796e-08,0.00172726
-1.000796e-08,-0.000414809
-9.957964e-09,-0.00384761
-9.907964e-09,-0.00944993
-9.857964e-09,-0.0171119
-9.807964e-09,-0.0268336
-9.757964e-09,-0.027273
-9.707964e-09,-0.0197209
-9.657964e-09,-0.0193913
-9.607964e-09,-0.0233459
-9.557964e-09,-0.0223847
-9.507964e-09,-0.0116195
-9.457964e-09,0.00991105
-9.407964e-09,0.0275694
-9.357964e-09,0.0298487
-9.307964e-09,0.0243563
-9.257964e-09,0.0209509
-9.207964e-09,0.016502
-9.157964e-09,0.00683526
-9.107964e-09,0.00169979
-9.057964e-09,-0.000826745
-9.007964e-09,-0.0104386
-8.957964e-09,-0.0118941
-8.907964e-09,0.00084846
-8.857964e-09,0.00587408
-8.807964e-09,-0.000854208
-8.757964e-09,-0.000744358
-8.707964e-09,0.00774152
-8.657964e-09,0.00988359
-8.607964e-09,0.0029356
-8.557964e-09,-0.00598967
-8.507964e-09,-0.0107407
-8.457964e-09,-0.012663
-8.407964e-09,-0.0169197
-8.357964e-09,-0.0203525
-8.307964e-09,-0.0207095
-8.257964e-09,-0.0221101
-8.207964e-09,-0.0235107
-8.157964e-09,-0.0216158
-8.107964e-09,-0.0164803
-8.057964e-09,-0.00774727
-8.007964e-09,0.00211173
-7.957964e-09,0.00647825
-7.907964e-09,0.00406156
-7.857964e-09,0.0003816
-7.807964e-09,-0.00681355
-7.757964e-09,-0.0150797
-7.707964e-09,-0.0172493
-7.657964e-09,-0.0185949
-7.607964e-09,-0.0173316
-7.557964e-09,-0.0051658
-7.507964e-09,0.00851047
-7.457964e-09,0.00645079
-7.407964e-09,-0.00395746
-7.357964e-09,-0.00439686
-7.307964e-09,-0.00030496
-7.257964e-09,-0.00500103
-7.207964e-09,-0.0172767
-7.157964e-09,-0.0258175
-7.107964e-09,-0.0235107
-7.057964e-09,-0.0148051
-7.007964e-09,-0.00637415
-6.957964e-09,0.00128786
-6.907964e-09,0.0115313
-6.857964e-09,0.0203468
-6.807964e-09,0.0232578
-6.757964e-09,0.0235324
-6.707964e-09,0.0198799
-6.657964e-09,0.0119982
-6.607964e-09,0.0068078
-6.557964e-09,0.00669795
-6.507964e-09,-0.000112723
-6.457964e-09,-0.0174415
-6.407964e-09,-0.0278497
-6.357964e-09,-0.0275476
-6.307964e-09,-0.0228516
-6.257964e-09,-0.0112625
-6.207964e-09,-0.00434193
-6.157964e-09,-0.00277657
-6.107964e-09,0.00639586
-6.057964e-09,0.00894986
-6.007964e-09,0.00194696
-5.957964e-09,-0.00269419
-5.907964e-09,-0.00782965
-5.857964e-09,-0.00780219
-5.807964e-09,-0.00233718
-5.757964e-09,-0.000250035
-5.707964e-09,0.000216825
-5.657964e-09,0.00106816
-5.607964e-09,-3.03361e-05
-5.557964e-09,-0.00107391
-5.507964e-09,0.00238635
-5.457964e-09,0.00274337
-5.407964e-09,-0.00445178
-5.357964e-09,-0.0096971
-5.307964e-09,-0.00997172
-5.257964e-09,-0.00601714
-5.207964e-09,-0.000771821
-5.157964e-09,-0.00145838
-5.107964e-09,-0.00310612
-5.057964e-09,0.00411648
-5.007964e-09,0.0131791
-4.957964e-09,0.0142776
-4.907964e-09,0.0123552
-4.857964e-09,0.0122728
-4.807964e-09,0.0174357
-4.757964e-09,0.0227634
-4.707964e-09,0.0192208
-4.657964e-09,0.016502
-4.607964e-09,0.014305
-4.557964e-09,0.00562692
-4.507964e-09,-0.000112723
-4.457964e-09,0.0003816
-4.407964e-09,0.00436365
-4.357964e-09,0.00908718
-4.307964e-09,0.00941673
-4.257964e-09,0.00919703
-4.207964e-09,0.0127671
-4.157964e-09,0.0163372
-4.107964e-09,0.0185342
-4.057964e-09,0.0194405
-4.007964e-09,0.0208136
-3.957964e-09,0.0173534
-3.907964e-09,0.000216825
-3.857964e-09,-0.0159585
-3.807964e-09,-0.0191442
-3.757964e-09,-0.0226319
-3.707964e-09,-0.028756
-3.657964e-09,-0.0268886
-3.607964e-09,-0.0176337
-3.557964e-09,-0.00750011
-3.507964e-09,-0.00263926
-3.457964e-09,-0.000442272
-3.407964e-09,0.00392425
-3.357964e-09,0.00576423
-3.307964e-09,0.00713735
-3.257964e-09,0.0118609
-3.207964e-09,0.0136185
-3.157964e-09,0.00999344
-3.107964e-09,0.0061487
-3.057964e-09,0.00433618
-3.007964e-09,0.00312784
-2.957964e-09,0.00364962
-2.907964e-09,0.00397917
-2.857964e-09,0.0014801
-2.807964e-09,0.00411648
-2.757964e-09,0.00776898
-2.707964e-09,0.00469319
-2.657964e-09,0.00477558
-2.607964e-09,-0.00123868
-2.557964e-09,-0.0176612
-2.507964e-09,-0.0247739
-2.457964e-09,-0.0221925
-2.407964e-09,-0.0176063
-2.357964e-09,-0.0125257
-2.307964e-09,-0.0102463
-2.257964e-09,-0.0102738
-2.207964e-09,-0.0102189
-2.157964e-09,-0.0096971
-2.107964e-09,-0.0101914
-2.057964e-09,-0.0118666
-2.007964e-09,-0.0102463
-1.957964e-09,-0.00382015
-1.907964e-09,0.00318276
-1.857964e-09,0.0089224
-1.807964e-09,0.0139206
-1.757964e-09,0.0182047
-1.707964e-09,0.0176005
-1.657964e-09,0.00809853
-1.607964e-09,-0.00546789
-1.557964e-09,-0.0142284
-1.507964e-09,-0.014503
-1.457964e-09,-0.00901054
-1.407964e-09,-0.000387347
-1.357964e-09,0.00279829
-1.307964e-09,-0.00601714
-1.257964e-09,-0.0120589
-1.207964e-09,-0.00541296
-1.157964e-09,-0.000689433
-1.107964e-09,-0.000661971
-1.057964e-09,0.00675287
-1.007964e-09,0.0184244
-9.579639e-10,0.024878
-9.079639e-10,0.0270476
-8.579639e-10,0.0241366
-8.079639e-10,0.0106251
-7.579639e-10,-0.00318851
-7.079639e-10,-0.00642907
-6.579639e-10,-0.00747264
-6.079639e-10,-0.00587982
-5.579639e-10,7.95135e-05
-5.079639e-10,0.000573836
-4.579639e-10,-0.00230971
-4.079639e-10,-0.00818667
-3.579639e-10,-0.0160958
-3.079639e-10,-0.0203525
-2.579639e-10,-0.0219728
-2.079639e-10,-0.0138165
-1.579639e-10,0.00689019
-1.079639e-10,0.0385818
-5.796394e-11,0.0846362
-7.963935e-12,0.142307
4.203606e-11,0.209892
9.203606e-11,0.285029
1.420361e-10,0.369668
1.920361e-10,0.468945
2.420361e-10,0.573769
2.920361e-10,0.677467
3.420361e-10,0.776002
3.920361e-10,0.851606
4.420361e-10,0.892854
4.920361e-10,0.910622
5.420361e-10,0.917845
5.920361e-10,0.917461
6.420361e-10,0.91271
6.920361e-10,0.90881
7.420361e-10,0.912572
7.920361e-10,0.919795
8.420361e-10,0.922349
8.920361e-10,0.931933
9.420361e-10,0.948521
9.920361e-10,0.954452
1.042036e-09,0.95459
1.092036e-09,0.959341
1.142036e-09,0.959203
1.192036e-09,0.946104
1.242036e-09,0.929819
1.292036e-09,0.922212
1.342036e-09,0.915401
1.392036e-09,0.903263
1.442036e-09,0.895106
1.492036e-09,0.893294
1.542036e-09,0.893568
1.592036e-09,0.887966
1.642036e-09,0.874729
1.692036e-09,0.864238
1.742036e-09,0.856192
1.792036e-09,0.843889
1.842036e-09,0.833975
1.892036e-09,0.82991
1.942036e-09,0.820051
1.992036e-09,0.802613
2.042036e-09,0.79031
2.092036e-09,0.779187
2.142036e-09,0.758151
2.192036e-09,0.746645
2.242036e-09,0.753428
2.292036e-09,0.748814
2.342036e-09,0.730606
2.392036e-09,0.727641
2.442036e-09,0.735714
2.492036e-09,0.727229
2.542036e-09,0.706604
2.592036e-09,0.68988
2.642036e-09,0.677577
2.692036e-09,0.672496
2.742036e-09,0.660825
2.792036e-09,0.637564
2.842036e-09,0.627018
2.892036e-09,0.623888
2.942036e-09,0.612408
2.992036e-09,0.604554
3.042036e-09,0.600627
3.092036e-09,0.592086
3.142036e-09,0.586511
3.192036e-09,0.583957
3.242036e-09,0.575499
3.292036e-09,0.567123
3.342036e-09,0.565667
3.392036e-09,0.566464
3.442036e-09,0.570391
3.492036e-09,0.573906
3.542036e-09,0.566903
3.592036e-09,0.555781
3.642036e-09,0.556797
3.692036e-09,0.569512
3.742036e-09,0.571654
3.792036e-09,0.554435
3.842036e-09,0.534443
3.892036e-09,0.522387
3.942036e-09,0.513983
3.992036e-09,0.508134
4.042036e-09,0.509067
4.092036e-09,0.511374
4.142036e-09,0.511731
4.192036e-09,0.514807
4.242036e-09,0.51607
4.292036e-09,0.513297
4.342036e-09,0.506211
4.392036e-09,0.495062
4.442036e-09,0.491299
4.492036e-09,0.495281
4.542036e-09,0.492727
4.592036e-09,0.479545
4.642036e-09,0.470757
4.692036e-09,0.468615
4.742036e-09,0.460541
4.792036e-09,0.451094
4.842036e-09,0.445547
4.892036e-09,0.441894
4.942036e-09,0.440439
4.992036e-09,0.434809
5.042036e-09,0.423138
5.092036e-09,0.41413
5.142036e-09,0.41067
5.192036e-09,0.411713
5.242036e-09,0.41196
5.292036e-09,0.409406
5.342036e-09,0.410615
5.392036e-09,0.407209
5.442036e-09,0.397131
5.492036e-09,0.386887
5.542036e-09,0.366977
5.592036e-09,0.34627
5.642036e-09,0.339322
5.692036e-09,0.339542
5.742036e-09,0.343359
5.792036e-09,0.350088
5.842036e-09,0.352944
5.892036e-09,0.351955
5.942036e-09,0.349044
5.992036e-09,0.339075
6.042036e-09,0.328585
6.092036e-09,0.324383
6.142036e-09,0.324163
6.192036e-09,0.324163
6.242036e-09,0.320456
6.292036e-09,0.323339
6.342036e-09,0.332045
6.392036e-09,0.328914
6.442036e-09,0.320154
6.492036e-09,0.322186
6.542036e-09,0.333336
6.592036e-09,0.334819
6.642036e-09,0.317792
6.692036e-09,0.307631
6.742036e-09,0.31013
6.792036e-09,0.307603
6.842036e-09,0.307109
6.892036e-09,0.306313
6.942036e-09,0.298651
6.992036e-09,0.290439
7.042036e-09,0.282036
7.092036e-09,0.275555
7.142036e-09,0.269376
7.192036e-09,0.263664
7.242036e-09,0.261467
7.292036e-09,0.255233
7.342036e-09,0.241089
7.392036e-09,0.232219
7.442036e-09,0.238838
7.492036e-09,0.248065
7.542036e-09,0.250015
7.592036e-09,0.252761
7.642036e-09,0.263938
7.692036e-09,0.27344
7.742036e-09,0.266355
7.792036e-09,0.249658
7.842036e-09,0.238508
7.892036e-09,0.233125
7.942036e-09,0.226068
7.992036e-09,0.220163
8.042036e-09,0.217389
8.092036e-09,0.216648
8.142036e-09,0.219312
8.192036e-09,0.215989
8.242036e-09,0.210853
8.292036e-09,0.220191
8.342036e-09,0.230983
8.392036e-09,0.224887
8.442036e-09,0.217746
8.492036e-09,0.219998
8.542036e-09,0.208601
8.592036e-09,0.181551
8.642036e-09,0.163179
8.692036e-09,0.161751
8.742036e-09,0.170017
8.792036e-09,0.178695
8.842036e-09,0.191465
8.892036e-09,0.206734
8.942036e-09,0.21132
8.992036e-09,0.206404
9.042036e-09,0.195062
9.092036e-09,0.185863
9.142036e-09,0.186934
9.192036e-09,0.187318
9.242036e-09,0.186384
9.292036e-09,0.193689
9.342036e-09,0.202807
9.392036e-09,0.206569
9.442036e-09,0.204619
9.492036e-09,0.19336
9.542036e-09,0.185066
9.592036e-09,0.188938
9.642036e-09,0.188114
9.692036e-09,0.182155
9.742036e-09,0.178667
9.792036e-09,0.165376
9.842036e-09,0.147003
9.892036e-09,0.141538
9.942036e-09,0.143076
9.992036e-09,0.140879
1.004204e-08,0.136403
1.009204e-08,0.135854
1.014204e-08,0.141126
1.019204e-08,0.142088
1.024204e-08,0.136211
1.029204e-08,0.133547
1.034204e-08,0.132421
1.039204e-08,0.127917
1.044204e-08,0.125253
1.049204e-08,0.123688
1.054204e-08,0.120282
1.059204e-08,0.123523
1.064204e-08,0.133602
1.069204e-08,0.137144
1.074204e-08,0.13113
1.079204e-08,0.121244
1.084204e-08,0.112071
1.089204e-08,0.0991913
1.094204e-08,0.0808739
1.099204e-08,0.0759306
1.104204e-08,0.0847735
1.109204e-08,0.0878218
1.114204e-08,0.0823568
1.119204e-08,0.0781002
1.124204e-08,0.0801873
1.129204e-08,0.0801873
1.134204e-08,0.073459
1.139204e-08,0.0633254
1.144204e-08,0.0560753
1.149204e-08,0.0576132
1.154204e-08,0.0609636
1.159204e-08,0.0637373
1.164204e-08,0.0738435
1.169204e-08,0.0903209
1.174204e-08,0.0975161
1.179204e-08,0.0895794
1.184204e-08,0.086998
1.189204e-08,0.0963901
1.194204e-08,0.0951818
1.199204e-08,0.0776333
1.204204e-08,0.0703832
1.209204e-08,0.0755736
1.214204e-08,0.0693946
1.219204e-08,0.0664286
1.224204e-08,0.0781276
1.229204e-08,0.0769193
1.234204e-08,0.0575583
1.239204e-08,0.0458044
1.244204e-08,0.051544
1.249204e-08,0.0561028
1.254204e-08,0.0522306
1.259204e-08,0.0569541
1.264204e-08,0.0702185
1.269204e-08,0.0734865
1.274204e-08,0.0654675
1.279204e-08,0.0580801
1.284204e-08,0.0539333
1.289204e-08,0.0533565
1.294204e-08,0.0552789
1.299204e-08,0.0524503
1.304204e-08,0.0456945
1.309204e-08,0.0421519
1.314204e-08,0.0400098
1.319204e-08,0.0323478
1.324204e-08,0.0236697
1.329204e-08,0.0169963
1.334204e-08,0.00494036
1.339204e-08,-0.00365537
1.344204e-08,-0.00165062
1.349204e-08,-0.000826745
1.354204e-08,-0.000387347
1.359204e-08,0.00518752
1.364204e-08,0.0144149
1.369204e-08,0.0239443
1.374204e-08,0.0224339
1.379204e-08,0.012877
1.384204e-08,0.00916956
1.389204e-08,0.00524244
1.394204e-08,-0.0023921
1.399204e-08,-0.000964057
1.404204e-08,0.00974627
1.409204e-08,0.016145
1.414204e-08,0.0166393
1.419204e-08,0.0265807
1.424204e-08,0.0488253
1.429204e-08,0.0628311
1.434204e-08,0.0591786
1.439204e-08,0.0492646
1.444204e-08,0.0350941
1.449204e-08,0.016859
1.454204e-08,0.0100758
1.459204e-08,0.0139755
1.464204e-08,0.0167766
1.469204e-08,0.0207587
1.474204e-08,0.0210333
1.479204e-08,0.0203193
1.484204e-08,0.0297664
1.489204e-08,0.036934
1.494204e-08,0.0367143
1.499204e-08,0.0379227
1.504204e-08,0.0380051
1.509204e-08,0.0355609
1.514204e-08,0.0309472
1.519204e-08,0.0257294
1.524204e-08,0.02713
1.529204e-08,0.0280088
1.534204e-08,0.0197151
1.539204e-08,0.0123827
1.544204e-08,0.0104328
1.549204e-08,0.0134262
1.554204e-08,0.020539
1.559204e-08,0.026361
1.564204e-08,0.029327
1.569204e-08,0.0288052
1.574204e-08,0.0279264
1.579204e-08,0.026361
1.584204e-08,0.0224339
1.589204e-08,0.020896
1.594204e-08,0.0219945
1.599204e-08,0.0260864
1.604204e-08,0.0316887
1.609204e-08,0.0320183
1.614204e-08,0.030398
1.619204e-08,0.0313317
1.624204e-08,0.0291073
1.629204e-08,0.0215551
1.634204e-08,0.0156232
1.639204e-08,0.0102131
1.644204e-08,0.00139771
1.649204e-08,-0.000607046
1.654204e-08,0.00732958
1.659204e-08,0.0166393
1.664204e-08,0.0230106
1.669204e-08,0.024878
1.674204e-08,0.0255097
1.679204e-08,0.0294093
1.684204e-08,0.0279538
1.689204e-08,0.0148268
1.694204e-08,0.0063684
1.699204e-08,0.00884002
1.704204e-08,0.00719227
1.709204e-08,0.000628761
1.714204e-08,-0.00143092
1.719204e-08,0.00175472
1.724204e-08,0.00441857
1.729204e-08,0.00559945
1.734204e-08,0.0095815
1.739204e-08,0.00974627
1.744204e-08,0.00323769
1.749204e-08,-0.000964057
1.754204e-08,-0.00255688
1.759204e-08,-0.00653892
1.764204e-08,-0.00719802
1.769204e-08,0.00562692
1.774204e-08,0.0212256
1.779204e-08,0.0208136
1.784204e-08,0.0114489
1.789204e-08,0.00809853
1.794204e-08,0.0115588
1.799204e-08,0.0136185
1.804204e-08,0.00765913
1.809204e-08,-0.000250035
1.814204e-08,-0.00453417
1.819204e-08,-0.00453417
1.824204e-08,0.00301799
1.829204e-08,0.00562692
1.834204e-08,5.20511e-05
1.839204e-08,0.00661556
1.844204e-08,0.0157056
1.849204e-08,0.0140853
1.854204e-08,0.0141403
1.859204e-08,0.0119158
1.864204e-08,0.0127397
1.869204e-08,0.0217748
1.874204e-08,0.0191659
1.879204e-08,0.019056
1.884204e-08,0.0334463
1.889204e-08,0.0397352
1.894204e-08,0.0356982
1.899204e-08,0.0304255
1.904204e-08,0.0281186
1.909204e-08,0.0322105
1.914204e-08,0.0343526
1.919204e-08,0.0289425
1.924204e-08,0.0228733
1.929204e-08,0.0164471
1.934204e-08,0.00966389
1.939204e-08,0.00971881
1.944204e-08,0.0115588
1.949204e-08,0.0125749
1.954204e-08,0.016914
1.959204e-08,0.014305
1.964204e-08,0.00730212
1.969204e-08,0.00919703
1.974204e-08,0.016145
1.979204e-08,0.0166119
1.984204e-08,0.00386932
1.989204e-08,-0.00824159
1.994204e-08,-0.0028315
1.999204e-08,0.00540722
2.004204e-08,0.00532483
2.009204e-08,0.0113116
2.014204e-08,0.0219945
2.019204e-08,0.0253998
2.024204e-08,0.0275144
2.029204e-08,0.0330344
2.034204e-08,0.0373734
2.039204e-08,0.0326499
2.044204e-08,0.0183695
2.049204e-08,0.0113666
2.054204e-08,0.0112018
2.059204e-08,0.00617616
2.064204e-08,0.00384186
2.069204e-08,0.00510513
2.074204e-08,0.0063684
2.079204e-08,0.00862032
2.084204e-08,0.00625855
2.089204e-08,0.000573836
2.094204e-08,-0.00390253
2.099204e-08,-0.00799443
2.104204e-08,-0.0112899
2.109204e-08,-0.0162057
2.114204e-08,-0.0209841
2.119204e-08,-0.0207095
2.124204e-08,-0.0233459
2.129204e-08,-0.0229065
2.134204e-08,-0.006484
2.139204e-08,0.0101033
2.144204e-08,0.0163372
2.149204e-08,0.0118883
2.154204e-08,-0.000469734
2.159204e-08,-0.00631922
2.164204e-08,-0.0135693
2.169204e-08,-0.0223573
2.174204e-08,-0.017469
2.179204e-08,-0.0143382
2.184204e-08,-0.0179907
2.189204e-08,-0.0136517
2.194204e-08,-0.00148584
2.199204e-08,0.00955404
2.204204e-08,0.0104328
2.209204e-08,0.00837315
2.214204e-08,0.0142776
2.219204e-08,0.0158704
2.224204e-08,0.0052699
2.229204e-08,-0.00519326
2.234204e-08,-0.00546789
2.239204e-08,0.000216825
2.244204e-08,0.00299053
2.249204e-08,0.00625855
2.254204e-08,0.0113666
2.259204e-08,0.0105152
2.264204e-08,0.0100209
2.269204e-08,0.0104328
2.274204e-08,0.00345739
2.279204e-08,0.000491449
2.284204e-08,0.00373201
2.289204e-08,0.00606631
2.294204e-08,0.0139206
2.299204e-08,0.0199623
2.304204e-08,0.0151289
2.309204e-08,0.00867524
2.314204e-08,0.00411648
2.319204e-08,-0.00200763
2.324204e-08,-0.0058249
2.329204e-08,-0.00681355
2.334204e-08,-0.00840636
2.339204e-08,-0.00813174
2.344204e-08,-0.00760996
2.349204e-08,-0.00579744
2.354204e-08,0.00595646
2.359204e-08,0.0165295
2.364204e-08,0.00625855
2.369204e-08,-0.0115645
2.374204e-08,-0.0120314
2.379204e-08,-0.00167808
2.384204e-08,-0.000387347
2.389204e-08,-0.00530311
2.394204e-08,-0.00546789
2.399204e-08,-0.00491864
2.404204e-08,-0.00719802
2.409204e-08,-0.00406731
2.414204e-08,0.00642333
2.419204e-08,0.0121355
2.424204e-08,0.00925195
2.429204e-08,0.00334754
2.434204e-08,-0.00486372
2.439204e-08,-0.0140087
2.444204e-08,-0.0204349
2.449204e-08,-0.0228516
2.454204e-08,-0.0216432
2.459204e-08,-0.0165352
2.464204e-08,-0.0128553
2.469204e-08,-0.0117842
2.474204e-08,-0.00689593
2.479204e-08,-0.00821413
2.484204e-08,-0.0175513
2.489204e-08,-0.0169746
2.494204e-08,-0.0102189
2.499204e-08,-0.0121962
2.504204e-08,-0.020325
2.509204e-08,-0.0186224
2.514204e-08,-0.00486372
2.519204e-08,0.00463827
2.524204e-08,0.00477558
2.529204e-08,0.00260605
2.534204e-08,0.00606631
2.539204e-08,0.0138382
2.544204e-08,0.0149916
2.549204e-08,0.0113116
2.554204e-08,0.0153211
2.559204e-08,0.0170513
2.564204e-08,0.00260605
2.569204e-08,-0.00618191
2.574204e-08,-0.00294135
2.579204e-08,-0.0103013
2.584204e-08,-0.0199406
2.589204e-08,-0.0191442
2.594204e-08,-0.0162606
2.599204e-08,-0.0153543
2.604204e-08,-0.0159311
2.609204e-08,-0.0134869
2.614204e-08,-0.00999918
2.619204e-08,-0.0114822
2.624204e-08,-0.0166176
2.629204e-08,-0.0189245
2.634204e-08,-0.0136791
2.639204e-08,-0.00931262
2.644204e-08,-0.0117019
2.649204e-08,-0.0190343
2.654204e-08,-0.0284539
2.659204e-08,-0.0329852
2.664204e-08,-0.0344682
2.669204e-08,-0.0392466
2.674204e-08,-0.0432561
2.679204e-08,-0.0391917
2.684204e-08,-0.0292778
2.689204e-08,-0.0151896
2.694204e-08,0.00518752
2.699204e-08,0.0185617
2.704204e-08,0.021665
2.709204e-08,0.0284482
2.714204e-08,0.0288876
2.719204e-08,0.0170238
2.724204e-08,0.00441857
2.729204e-08,-0.00527565
2.734204e-08,-0.00530311
2.739204e-08,-0.00912039
2.744204e-08,-0.0240325
2.749204e-08,-0.0232635
2.754204e-08,-0.0131848
2.759204e-08,-0.0107956
2.764204e-08,-0.00774727
2.769204e-08,-0.00497357
2.774204e-08,-0.00310612
2.779204e-08,-0.00118376
2.784204e-08,-0.00123868
2.789204e-08,0.0024962
2.794204e-08,0.0105152
2.799204e-08,0.0102955
2.804204e-08,-0.0028315
2.809204e-08,-0.0128553
2.814204e-08,-0.0108231
2.819204e-08,-0.00478133
2.824204e-08,0.00175472
2.829204e-08,0.00686272
2.834204e-08,0.00318276
2.839204e-08,-0.00546789
2.844204e-08,-0.00774727
2.849204e-08,-0.00329836
2.854204e-08,-0.00294135
2.859204e-08,-0.00788458
2.864204e-08,-0.00686847
2.869204e-08,-0.00338075
2.874204e-08,-0.000497197
2.879204e-08,0.0040341
2.884204e-08,0.000518912
2.889204e-08,-0.00697832
2.894204e-08,-0.0146678
2.899204e-08,-0.0246366
2.904204e-08,-0.0230438
2.909204e-08,-0.0114547
2.914204e-08,-0.00088167
2.919204e-08,0.00793376
2.924204e-08,0.00765913
2.929204e-08,0.00301799
2.934204e-08,0.00851047
2.939204e-08,0.0138656
2.944204e-08,0.00675287
2.949204e-08,0.000711148
2.954204e-08,0.00224904
2.959204e-08,-0.00390253
2.964204e-08,-0.0170296
2.969204e-08,-0.0197209
2.974204e-08,-0.0107132
2.979204e-08,-0.00763742
2.984204e-08,-0.0188146
2.989204e-08,-0.0283441
2.994204e-08,-0.0246092
2.999204e-08,-0.0166725
3.004204e-08,-0.0142284
3.009204e-08,-0.0158487
3.014204e-08,-0.0177436
3.019204e-08,-0.0192265
3.024204e-08,-0.0138439
3.029204e-08,0.000766073
3.034204e-08,0.00782391
3.039204e-08,0.00458335
3.044204e-08,0.0127122
3.049204e-08,0.0346547
3.054204e-08,0.0522306
3.059204e-08,0.0545649
3.064204e-08,0.0456945
3.069204e-08,0.044239
3.074204e-08,0.0508575
3.079204e-08,0.0480014
3.084204e-08,0.0450904
3.089204e-08,0.0494569
3.094204e-08,0.0471775
3.099204e-08,0.0366594
3.104204e-08,0.0268553
3.109204e-08,0.0238894
3.114204e-08,0.0220769
3.119204e-08,0.015788
3.124204e-08,0.0104603
3.129204e-08,0.0106251
3.134204e-08,0.0120257
3.139204e-08,0.00653317
3.144204e-08,0.000518912
3.149204e-08,0.00568184
3.154204e-08,0.0162549
3.159204e-08,0.0226261
3.164204e-08,0.0249879
3.169204e-08,0.0268553
3.174204e-08,0.0280362
3.179204e-08,0.0258392
3.184204e-08,0.0203742
3.189204e-08,0.0125474
3.194204e-08,0.00373201
3.199204e-08,-0.00365537
3.204204e-08,-0.00601714
3.209204e-08,-0.00316105
3.214204e-08,0.000161901
3.219204e-08,0.00444603
3.224204e-08,0.00444603
3.229204e-08,-0.00178793
3.234204e-08,0.000463987
3.239204e-08,0.00686272
3.244204e-08,0.00452842
3.249204e-08,0.00189203
3.254204e-08,0.00518752
3.259204e-08,0.0022765
3.264204e-08,-0.0114272
3.269204e-08,-0.0175513
3.274204e-08,-0.015217
3.279204e-08,-0.0212038
3.284204e-08,-0.0280694
3.289204e-08,-0.0263668
3.294204e-08,-0.0223023
3.299204e-08,-0.0227692
3.304204e-08,-0.0248563
3.309204e-08,-0.017414
3.314204e-08,-0.00997172
3.319204e-08,-0.0133221
3.324204e-08,-0.0205997
3.329204e-08,-0.0271632
3.334204e-08,-0.0237304
3.339204e-08,-0.0128278
3.344204e-08,-0.0104935
3.349204e-08,-0.0128827
3.354204e-08,-0.0102463
3.359204e-08,-0.0110977
3.364204e-08,-0.0187048
3.369204e-08,-0.0239501
3.374204e-08,-0.0227143
3.379204e-08,-0.0194462
3.384204e-08,-0.0182104
3.389204e-08,-0.011949
3.394204e-08,-0.0081592
3.399204e-08,-0.0168648
3.404204e-08,-0.0202701
3.409204e-08,-0.0140087
3.414204e-08,-0.0121687
3.419204e-08,-0.0152994
3.424204e-08,-0.0220552
3.429204e-08,-0.0315022
3.434204e-08,-0.0369123
3.439204e-08,-0.0394663
3.444204e-08,-0.042295
3.449204e-08,-0.0395487
3.454204e-08,-0.0307333
3.459204e-08,-0.0251035
3.464204e-08,-0.0255429
3.469204e-08,-0.0280694
3.474204e-08,-0.0297996
3.479204e-08,-0.0365004
3.484204e-08,-0.0450687
3.489204e-08,-0.040098
3.494204e-08,-0.0307058
3.499204e-08,-0.0295799
3.504204e-08,-0.0341935
3.509204e-08,-0.0372419
3.514204e-08,-0.0293052
3.519204e-08,-0.0246366
3.524204e-08,-0.0347703
3.529204e-08,-0.0458101
3.534204e-08,-0.0540214
3.539204e-08,-0.0626171
3.544204e-08,-0.0588822
3.549204e-08,-0.0382854
3.554204e-08,-0.0279596
3.559204e-08,-0.0371869
3.564204e-08,-0.0413063
3.569204e-08,-0.0366926
3.574204e-08,-0.030953
3.579204e-08,-0.0202701
3.584204e-08,-0.0116195
3.589204e-08,-0.00700578
3.594204e-08,-0.00321597
3.599204e-08,-0.0156564
3.604204e-08,-0.0370496
3.609204e-08,-0.0399606
3.614204e-08,-0.0392192
3.619204e-08,-0.0526208
3.624204e-08,-0.0598434
3.629204e-08,-0.0557241
3.634204e-08,-0.0537742
3.639204e-08,-0.0518519
3.644204e-08,-0.048117
3.649204e-08,-0.0450961
3.654204e-08,-0.0404275
3.659204e-08,-0.0355941
3.664204e-08,-0.0338365
3.669204e-08,-0.03499
3.674204e-08,-0.0315846
3.679204e-08,-0.0282617
3.684204e-08,-0.0400156
3.689204e-08,-0.0500668
3.694204e-08,-0.0475128
3.699204e-08,-0.04408
3.704204e-08,-0.0405648
3.709204e-08,-0.0465516
3.714204e-08,-0.0586625
3.719204e-08,-0.0583604
3.724204e-08,-0.0520441
3.729204e-08,-0.0511928
3.734204e-08,-0.052099
3.739204e-08,-0.0469361
3.744204e-08,-0.039686
3.749204e-08,-0.0408669
3.754204e-08,-0.0414436
3.759204e-08,-0.0310903
3.764204e-08,-0.0263393
3.769204e-08,-0.0296897
3.774204e-08,-0.0237853
3.779204e-08,-0.0172493
3.784204e-08,-0.0197758
3.789204e-08,-0.0206546
3.794204e-08,-0.0216707
3.799204e-08,-0.0265041
3.804204e-08,-0.0284814
3.809204e-08,-0.0318043
3.814204e-08,-0.036061
3.819204e-08,-0.0340288
3.824204e-08,-0.028756
3.829204e-08,-0.0273554
3.834204e-08,-0.0301017
3.839204e-08,-0.0321339
3.844204e-08,-0.0344956
3.849204e-08,-0.0367475
3.854204e-08,-0.0387248
3.859204e-08,-0.0415809
3.864204e-08,-0.0375714
3.869204e-08,-0.0294975
3.874204e-08,-0.028042
3.879204e-08,-0.0296073
3.884204e-08,-0.0302939
3.889204e-08,-0.0317494
3.894204e-08,-0.0307882
3.899204e-08,-0.0285912
3.904204e-08,-0.0337541
3.909204e-08,-0.0404824
3.914204e-08,-0.0352371
3.919204e-08,-0.0299369
3.924204e-08,-0.0337541
3.929204e-08,-0.0322163
3.934204e-08,-0.0252408
3.939204e-08,-0.0240325
3.944204e-08,-0.0257901
3.949204e-08,-0.0258724
3.954204e-08,-0.0314473
3.959204e-08,-0.0414436
3.964204e-08,-0.0432561
3.969204e-08,-0.0396311
3.974204e-08,-0.0356765
3.979204e-08,-0.0291954
3.984204e-08,-0.0268611
3.989204e-08,-0.0260921
3.994204e-08,-0.0184027
3.999204e-08,-0.0162606
4.004204e-08,-0.026916
4.009204e-08,-0.0343858
4.014204e-08,-0.0336992
4.019204e-08,-0.0389445
4.024204e-08,-0.0501492
4.029204e-08,-0.0541038
4.034204e-08,-0.0519892
4.039204e-08,-0.057262
4.044204e-08,-0.0729979
4.049204e-08,-0.0863995
4.054204e-08,-0.0860151
4.059204e-08,-0.0730803
4.064204e-08,-0.058333
4.069204e-08,-0.0514674
4.074204e-08,-0.0493253
4.079204e-08,-0.0456728
4.084204e-08,-0.0421576
4.089204e-08,-0.0403451
4.094204e-08,-0.0411141
4.099204e-08,-0.041526
4.104204e-08,-0.0389445
4.109204e-08,-0.0372144
4.114204e-08,-0.0325733
4.119204e-08,-0.0307058
4.124204e-08,-0.0399606
4.129204e-08,-0.0449313
4.134204e-08,-0.045206
4.139204e-08,-0.0510829
4.144204e-08,-0.0523462
4.149204e-08,-0.0446293
4.154204e-08,-0.0374341
4.159204e-08,-0.0392466
4.164204e-08,-0.0479247
4.169204e-08,-0.0509731
4.174204e-08,-0.0443821
4.179204e-08,-0.037846
4.184204e-08,-0.0405099
4.189204e-08,-0.0466065
4.194204e-08,-0.0421576
4.199204e-08,-0.0348526
4.204204e-08,-0.0394663
4.209204e-08,-0.0431463
4.214204e-08,-0.0359237
4.219204e-08,-0.0327106
4.224204e-08,-0.0320789
4.229204e-08,-0.0233459
4.234204e-08,-0.0134594
4.239204e-08,-0.0115645
4.244204e-08,-0.0195012
4.249204e-08,-0.0261745
4.254204e-08,-0.0319416
4.259204e-08,-0.0463594
4.264204e-08,-0.0573443
4.269204e-08,-0.0540489
4.274204e-08,-0.0458651
4.279204e-08,-0.0431737
4.284204e-08,-0.0383678
4.289204e-08,-0.0362807
4.294204e-08,-0.0490782
4.299204e-08,-0.0588273
4.304204e-08,-0.0596786
4.309204e-08,-0.0634685
4.314204e-08,-0.0649514
4.319204e-08,-0.0542136
4.324204e-08,-0.0308157
4.329204e-08,-0.014146
4.334204e-08,-0.0182104
4.339204e-08,-0.0235381
4.344204e-08,-0.0183752
4.349204e-08,-0.0210391
4.354204e-08,-0.0357314
4.359204e-08,-0.0447116
4.364204e-08,-0.0516047
4.369204e-08,-0.060887
4.374204e-08,-0.0577013
4.379204e-08,-0.0461671
4.384204e-08,-0.0424323
4.389204e-08,-0.0471283
4.394204e-08,-0.0489958
4.399204e-08,-0.0418281
4.404204e-08,-0.0307882
4.409204e-08,-0.0207919
4.414204e-08,-0.0115645
4.419204e-08,-0.0101914
4.424204e-08,-0.0184301
4.429204e-08,-0.017414
4.434204e-08,-0.00821413
4.439204e-08,-0.0069234
4.444204e-08,-0.00769234
4.449204e-08,-0.00585236
4.454204e-08,-0.0103562
4.459204e-08,-0.0190068
4.464204e-08,-0.0218629
4.469204e-08,-0.0216707
4.474204e-08,-0.0258724
4.479204e-08,-0.034935
4.484204e-08,-0.0498471
4.489204e-08,-0.0624523
4.494204e-08,-0.0541038
4.499204e-08,-0.0405374
4.504204e-08,-0.0419929
4.509204e-08,-0.0366926
4.514204e-08,-0.0234832
4.519204e-08,-0.0211489
4.524204e-08,-0.022934
4.529204e-08,-0.0206546
4.534204e-08,-0.0206271
4.539204e-08,-0.0268336
4.544204e-08,-0.030239
4.549204e-08,-0.0277948
4.554204e-08,-0.0273829
4.559204e-08,-0.0308981
4.564204e-08,-0.0342759
4.569204e-08,-0.0310079
4.574204e-08,-0.0231262
4.579204e-08,-0.0204074
4.584204e-08,-0.0244444
4.589204e-08,-0.0248838
4.594204e-08,-0.0184851
4.599204e-08,-0.0186773
4.604204e-08,-0.0269435
4.609204e-08,-0.0330401
4.614204e-08,-0.0353744
4.619204e-08,-0.0376538
4.624204e-08,-0.0350723
4.629204e-08,-0.0175513
4.634204e-08,0.00238635
4.639204e-08,0.00408902
4.644204e-08,-0.0049461
4.649204e-08,-0.00848875
4.654204e-08,-0.00939501
4.659204e-08,-0.0166725
4.664204e-08,-0.027685
4.669204e-08,-0.0289482
4.674204e-08,-0.0219453
4.679204e-08,-0.0219453
4.684204e-08,-0.0263393
4.689204e-08,-0.0277399
4.694204e-08,-0.02763
4.699204e-08,-0.0290581
4.704204e-08,-0.0312825
4.709204e-08,-0.0284814
4.714204e-08,-0.0216158
4.719204e-08,-0.0100816
4.724204e-08,0.00142517
4.729204e-08,0.00117801
4.734204e-08,-0.00434193
4.739204e-08,-0.012663
4.744204e-08,-0.0271083
4.749204e-08,-0.0342485
4.754204e-08,-0.0367201
4.759204e-08,-0.0454257
4.764204e-08,-0.048474
4.769204e-08,-0.0386699
4.774204e-08,-0.0205997
4.779204e-08,-0.0114272
4.784204e-08,-0.022165
4.789204e-08,-0.0301291
4.794204e-08,-0.0232635
4.799204e-08,-0.0159036
4.804204e-08,-0.0189519
4.809204e-08,-0.0267787
4.814204e-08,-0.0256802
4.819204e-08,-0.0176612
4.824204e-08,-0.019254
4.829204e-08,-0.0255978
4.834204e-08,-0.0169197
4.839204e-08,-0.00368283
4.844204e-08,-0.0019527
4.849204e-08,-0.00280404
4.854204e-08,0.00529737
4.859204e-08,0.0172984
4.864204e-08,0.0155683
4.869204e-08,0.00480304
4.874204e-08,-0.00206255
4.879204e-08,-0.0135693
4.884204e-08,-0.0205447
4.889204e-08,-0.0138714
4.894204e-08,-0.0171394
4.899204e-08,-0.0329852
4.904204e-08,-0.0386699
4.909204e-08,-0.0359511
4.914204e-08,-0.0348801
4.919204e-08,-0.0303763
4.924204e-08,-0.0220826
4.929204e-08,-0.0108231
4.934204e-08,0.00499528
4.939204e-08,0.0142501
4.944204e-08,0.00881255
4.949204e-08,0.00169979
4.954204e-08,0.00123293
4.959204e-08,-0.00222733
4.964204e-08,-0.00568759
4.969204e-08,-0.0077198
4.974204e-08,-0.0194188
4.979204e-08,-0.0289482
4.984204e-08,-0.0257626
4.989204e-08,-0.0206271
4.994204e-08,-0.0146129
4.999204e-08,-0.0062643
5.004204e-08,-0.00684101
5.009204e-08,-0.0124433
5.014204e-08,-0.00662131
5.019204e-08,7.95135e-05
5.024204e-08,-0.00346313
5.029204e-08,-0.0030512
5.034204e-08,-0.001733
5.039204e-08,-0.0081592
5.044204e-08,-0.00920277
5.049204e-08,0.000189363
5.054204e-08,0.00647825
5.059204e-08,-0.00417716
5.064204e-08,-0.0207095
5.069204e-08,-0.0241698
5.074204e-08,-0.0224396
5.079204e-08,-0.0209018
5.084204e-08,-0.0160684
5.089204e-08,-0.0128553
5.094204e-08,-0.00843383
5.099204e-08,-0.0077198
5.104204e-08,-0.0159311
5.109204e-08,-0.020023
5.114204e-08,-0.0185949
5.119204e-08,-0.011592
5.124204e-08,-0.00252941
5.129204e-08,-0.00895561
5.134204e-08,-0.0224671
5.139204e-08,-0.028042
5.144204e-08,-0.0284539
5.149204e-08,-0.0220552
5.154204e-08,-0.0145579
5.159204e-08,-0.0248838
5.164204e-08,-0.0444645
5.169204e-08,-0.0456179
5.174204e-08,-0.0369398
5.179204e-08,-0.040455
5.184204e-08,-0.0477874
5.189204e-08,-0.0397684
5.194204e-08,-0.020023
5.199204e-08,-0.00936755
5.204204e-08,-0.00901054
5.209204e-08,-0.010466
5.214204e-08,-0.0173316
5.219204e-08,-0.0244993
5.224204e-08,-0.0242247
5.229204e-08,-0.0176887
5.234204e-08,-0.00895561
5.239204e-08,-0.00944993
5.244204e-08,-0.0149699
5.249204e-08,-0.0140087
5.254204e-08,-0.0170021
5.259204e-08,-0.0228516
5.264204e-08,-0.0223847
5.269204e-08,-0.0243071
5.274204e-08,-0.0275751
5.279204e-08,-0.0269984
5.284204e-08,-0.0284814
5.289204e-08,-0.0295524
5.294204e-08,-0.0299918
5.299204e-08,-0.0350174
5.304204e-08,-0.0389995
5.309204e-08,-0.0343309
5.314204e-08,-0.0229889
5.319204e-08,-0.0120863
5.324204e-08,-0.00934009
5.329204e-08,-0.0137615
5.334204e-08,-0.00777473
5.339204e-08,0.00480304
5.344204e-08,0.00244128
5.349204e-08,-0.00469894
5.354204e-08,-0.0069234
5.359204e-08,-0.0124983
5.364204e-08,-0.0129651
5.369204e-08,-0.00620937
5.374204e-08,-0.0030512
5.379204e-08,-2.87366e-06
5.384204e-08,0.0027159
5.389204e-08,0.00095831
5.394204e-08,0.00356724
5.399204e-08,0.0130692
5.404204e-08,0.017985
5.409204e-08,0.0166943
5.414204e-08,0.016914
5.419204e-08,0.0130143
5.424204e-08,0.00205681
5.429204e-08,-0.0079395
5.434204e-08,-0.0126905
5.439204e-08,-0.010878
5.444204e-08,-0.00609952
5.449204e-08,0.000546374
5.454204e-08,0.0089224
5.459204e-08,0.00897733
5.464204e-08,-0.00184285
5.469204e-08,-0.0105484
5.474204e-08,-0.0125257
5.479204e-08,-0.0143932
5.484204e-08,-0.0164254
5.489204e-08,-0.018128
5.494204e-08,-0.0195836
5.499204e-08,-0.0168922
5.504204e-08,-0.0109604
5.509204e-08,-0.00972456
5.514204e-08,-0.0138714
5.519204e-08,-0.015272
5.524204e-08,-0.0127454
5.529204e-08,-0.00467148
5.534204e-08,0.00782391
5.539204e-08,0.0107624
5.544204e-08,0.00458335
5.549204e-08,-0.00340821
5.554204e-08,-0.0131574
5.559204e-08,-0.0195012
5.564204e-08,-0.0251859
5.569204e-08,-0.0344132
5.574204e-08,-0.0397684
5.579204e-08,-0.0348526
5.584204e-08,-0.0248838
5.589204e-08,-0.0173866
5.594204e-08,-0.00717056
5.599204e-08,0.0014801
5.604204e-08,-0.0060446
5.609204e-08,-0.016343
5.614204e-08,-0.015574
5.619204e-08,-0.0199406
5.624204e-08,-0.0294975
5.629204e-08,-0.0252957
5.634204e-08,-0.0161782
5.639204e-08,-0.0222749
5.644204e-08,-0.0302664
5.649204e-08,-0.0211764
5.654204e-08,-0.0131024
5.659204e-08,-0.0223023
5.664204e-08,-0.0278497
5.669204e-08,-0.0173591
5.674204e-08,-0.0034906
5.679204e-08,0.00700004
5.684204e-08,0.0105701
5.689204e-08,0.00864778
5.694204e-08,0.00266098
5.699204e-08,-0.0136242
5.704204e-08,-0.0258999
5.709204e-08,-0.018128
5.714204e-08,-0.0110428
5.719204e-08,-0.0187322
5.724204e-08,-0.0212038
5.729204e-08,-0.0136517
5.734204e-08,-0.0143108
5.739204e-08,-0.020737
5.744204e-08,-0.0209292
5.749204e-08,-0.0193913
5.754204e-08,-0.0135418
5.759204e-08,-0.0037103
5.764204e-08,-0.00373776
5.769204e-08,-0.00681355
5.774204e-08,0.000354137
5.779204e-08,0.00197442
5.784204e-08,-0.0123335
5.789204e-08,-0.0200779
5.794204e-08,-0.0154917
5.799204e-08,-0.00873591
5.804204e-08,-0.00121122
5.809204e-08,0.00131532
5.814204e-08,0.0052699
5.819204e-08,0.00763167
5.824204e-08,-0.00642907
5.829204e-08,-0.0237578
5.834204e-08,-0.0275751
5.839204e-08,-0.0252957
5.844204e-08,-0.0271632
5.849204e-08,-0.0282067
5.854204e-08,-0.025076
5.859204e-08,-0.025433
5.864204e-08,-0.0290581
5.869204e-08,-0.0244444
5.874204e-08,-0.0145854
5.879204e-08,-0.00931262
5.884204e-08,-0.00436939
5.889204e-08,-0.00165062
5.894204e-08,-0.00846129
5.899204e-08,-0.0184301
5.904204e-08,-0.0227143
5.909204e-08,-0.0202701
5.914204e-08,-0.00953232
5.919204e-08,-0.000250035
5.924204e-08,-0.00651146
5.929204e-08,-0.0179907
5.934204e-08,-0.0211214
5.939204e-08,-0.0144481
5.944204e-08,-0.00629176
5.949204e-08,-0.00362791
5.954204e-08,-0.0021724
5.959204e-08,-0.0056052
5.964204e-08,-0.0107956
5.969204e-08,-0.0110702
5.974204e-08,-0.0136517
5.979204e-08,-0.0205722
5.984204e-08,-0.0282891
5.989204e-08,-0.0308981
5.994204e-08,-0.0268886
5.999204e-08,-0.0211214
6.004204e-08,-0.0129377
6.009204e-08,-0.00299627
6.014204e-08,0.0091421
6.019204e-08,0.0189462
6.024204e-08,0.0142776
6.029204e-08,0.0031553
6.034204e-08,-0.00486372
6.039204e-08,-0.0174415
6.044204e-08,-0.0282617
6.049204e-08,-0.0284264
6.054204e-08,-0.0235931
6.059204e-08,-0.0161233
6.064204e-08,-0.0140911
6.069204e-08,-0.0161782
6.074204e-08,-0.00412223
6.079204e-08,0.00977374
6.084204e-08,0.000189363
6.089204e-08,-0.0216432
6.094204e-08,-0.0344132
6.099204e-08,-0.0381481
6.104204e-08,-0.0370771
6.109204e-08,-0.0302939
6.114204e-08,-0.0264217
6.119204e-08,-0.0285088
6.124204e-08,-0.0246641
6.129204e-08,-0.0160684
6.134204e-08,-0.00675862
6.139204e-08,-0.00101898
6.144204e-08,-0.00876338
6.149204e-08,-0.0180457
6.154204e-08,-0.0211214
6.159204e-08,-0.02763
6.164204e-08,-0.0325733
6.169204e-08,-0.0297172
6.174204e-08,-0.0257077
6.179204e-08,-0.0259274
6.184204e-08,-0.0296897
6.189204e-08,-0.0260098
6.194204e-08,-0.00799443
6.199204e-08,0.00444603
6.204204e-08,0.00282575
6.209204e-08,0.0057093
6.214204e-08,0.012163
6.219204e-08,0.0118334
6.224204e-08,0.00634094
6.229204e-08,-0.00192524
6.234204e-08,-0.00821413
6.239204e-08,-0.0100266
6.244204e-08,-0.0124159
6.249204e-08,-0.0135968
6.254204e-08,-0.00826905
6.259204e-08,-0.00324344
6.264204e-08,-0.0060446
6.269204e-08,-0.010109
6.274204e-08,-0.00755503
6.279204e-08,-0.00804935
6.284204e-08,-0.0165352
6.289204e-08,-0.0185949
6.294204e-08,-0.0156015
6.299204e-08,-0.0211489
6.304204e-08,-0.0285088
6.309204e-08,-0.022522
6.314204e-08,-0.00728041
6.319204e-08,-0.0049461
6.324204e-08,-0.0169746
6.329204e-08,-0.0184027
6.334204e-08,-0.00618191
6.339204e-08,-0.00475387
6.344204e-08,-0.0176337
6.349204e-08,-0.0204624
6.354204e-08,-0.00736279
6.359204e-08,0.00238635
6.364204e-08,0.000683686
6.369204e-08,-0.00568759
6.374204e-08,-0.0103837
6.379204e-08,-0.014146
6.384204e-08,-0.0179084
6.389204e-08,-0.0132672
6.394204e-08,-0.00401238
6.399204e-08,-0.00417716
6.404204e-08,-0.00917531
6.409204e-08,-0.00631922
6.414204e-08,0.00752182
6.419204e-08,0.0175181
6.424204e-08,0.0115588
6.429204e-08,0.0116412
6.434204e-08,0.0286129
6.439204e-08,0.0352039
6.444204e-08,0.0248506
6.449204e-08,0.0163372
6.454204e-08,0.0107349
6.459204e-08,0.0024962
6.464204e-08,-0.0125257
6.469204e-08,-0.0334795
6.474204e-08,-0.0415809
6.479204e-08,-0.0350998
6.484204e-08,-0.0304312
6.489204e-08,-0.0244719
6.494204e-08,-0.0132397
6.499204e-08,-0.00288642
6.504204e-08,0.00257859
6.509204e-08,0.00414395
6.514204e-08,0.00793376
6.519204e-08,0.00916956
6.524204e-08,-0.000359885
6.529204e-08,-0.00870845
6.534204e-08,-0.00088167
6.539204e-08,0.00944419
6.544204e-08,0.00205681
6.549204e-08,-0.0083789
6.554204e-08,-0.0051658
6.559204e-08,-0.00376522
6.564204e-08,-0.0103562
6.569204e-08,-0.0105759
6.574204e-08,-0.009038
6.579204e-08,-0.0197758
6.584204e-08,-0.0305685
6.589204e-08,-0.0256802
6.594204e-08,-0.0140636
6.599204e-08,-0.010466
6.604204e-08,-0.0145579
6.609204e-08,-0.0136517
6.614204e-08,-0.00766488
6.619204e-08,-0.00662131
6.624204e-08,-0.00799443
6.629204e-08,-0.00928516
6.634204e-08,-0.00986187
6.639204e-08,-0.00686847
6.644204e-08,-0.00898307
6.649204e-08,-0.0199131
6.654204e-08,-0.0277673
6.659204e-08,-0.0309804
6.664204e-08,-0.0365828
6.669204e-08,-0.0353744
6.674204e-08,-0.0206546
6.679204e-08,-0.0113174
6.684204e-08,-0.0158212
6.689204e-08,-0.0194188
6.694204e-08,-0.0165352
6.699204e-08,-0.01302
6.704204e-08,-0.0182928
6.709204e-08,-0.0321064
6.714204e-08,-0.0368025
6.719204e-08,-0.0349076
6.724204e-08,-0.0381481
6.729204e-08,-0.0285088
6.734204e-08,-0.0067037
6.739204e-08,-0.00121122
6.744204e-08,-0.00706071
6.749204e-08,-0.00255688
6.754204e-08,0.0054896
6.759204e-08,0.00450096
6.764204e-08,-0.00118376
6.769204e-08,-0.0109878
6.774204e-08,-0.0234832
6.779204e-08,-0.027273
6.784204e-08,-0.0219453
6.789204e-08,-0.0162881
6.794204e-08,-0.0132123
6.799204e-08,-0.0137341
6.804204e-08,-0.0200504
6.809204e-08,-0.0252133
6.814204e-08,-0.0220277
6.819204e-08,-0.0186224
6.824204e-08,-0.020737
6.829204e-08,-0.0189794
6.834204e-08,-0.0077198
6.839204e-08,0.00428126
6.844204e-08,0.00342992
6.849204e-08,-0.00587982
6.854204e-08,-0.00384761
6.859204e-08,0.00208427
6.864204e-08,-0.00458909
6.869204e-08,-0.0131848
6.874204e-08,-0.0123609
6.879204e-08,-0.00706071
6.884204e-08,-0.0028315
6.889204e-08,0.000628761
6.894204e-08,0.00200188
6.899204e-08,-0.000524659
6.904204e-08,-0.00464402
6.909204e-08,-0.00615445
6.914204e-08,-0.00928516
6.919204e-08,-0.0197758
6.924204e-08,-0.0264492
6.929204e-08,-0.0212588
6.934204e-08,-0.0146953
6.939204e-08,-0.0117019
6.944204e-08,-0.0094774
6.949204e-08,-0.010164
6.954204e-08,-0.0122511
6.959204e-08,-0.00980695
6.964204e-08,-0.00486372
6.969204e-08,0.00109562
6.974204e-08,0.0142501
6.979204e-08,0.0237521
6.984204e-08,0.0137283
6.989204e-08,-0.000222573
6.994204e-08,-0.00590729
6.999204e-08,-0.00917531
7.004204e-08,-0.00200763
7.009204e-08,0.00743943
7.014204e-08,0.00142517
7.019204e-08,-0.00192524
7.024204e-08,0.00878509
7.029204e-08,0.0152937
7.034204e-08,0.0102406
7.039204e-08,0.00411648
7.044204e-08,0.00211173
7.049204e-08,0.00101323
7.054204e-08,-0.00129361
7.059204e-08,-0.00431447
7.064204e-08,-0.00829651
7.069204e-08,-0.01486
7.074204e-08,-0.0128003
7.079204e-08,0.00180964
7.084204e-08,0.00697257
7.089204e-08,0.00142517
7.094204e-08,-0.00230971
7.099204e-08,-0.00876338
7.104204e-08,-0.00955978
7.109204e-08,0.000354137
7.114204e-08,0.00301799
7.119204e-08,-0.00414969
7.124204e-08,-0.0128278
7.129204e-08,-0.0209018
7.134204e-08,-0.0225495
7.139204e-08,-0.0189794
7.144204e-08,-0.0185674
7.149204e-08,-0.0202701
7.154204e-08,-0.0169746
7.159204e-08,-0.0100816
7.164204e-08,-0.00791204
7.169204e-08,-0.00478133
7.174204e-08,0.00985612
7.179204e-08,0.0159528
7.184204e-08,0.00219412
7.189204e-08,-0.00739026
7.194204e-08,-0.009038
7.199204e-08,-0.0116469
7.204204e-08,-0.0154642
7.209204e-08,-0.0216158
7.214204e-08,-0.0235107
7.219204e-08,-0.0187871
7.224204e-08,-0.0138439
7.229204e-08,-0.0112899
7.234204e-08,-0.00651146
7.239204e-08,0.00211173
7.244204e-08,0.00765913
7.249204e-08,0.00721973
7.254204e-08,0.0035947
7.259204e-08,5.20511e-05
7.264204e-08,-0.00338075
7.269204e-08,-0.00458909
7.274204e-08,-0.00184285
7.279204e-08,0.00191949
7.284204e-08,0.00496782
7.289204e-08,0.00348485
7.294204e-08,0.00241382
7.299204e-08,0.00417141
7.304204e-08,-0.0028315
7.309204e-08,-0.0092577
7.314204e-08,-0.00522073
7.319204e-08,-0.00571505
7.324204e-08,-0.0138714
7.329204e-08,-0.0170845
7.334204e-08,-0.0103562
7.339204e-08,-0.0023921
7.344204e-08,-0.00252941
7.349204e-08,-0.00219986
7.354204e-08,0.00721973
7.359204e-08,0.0132615
7.364204e-08,0.00691765
7.369204e-08,0.00101323
7.374204e-08,0.00137025
7.379204e-08,-0.00250195
7.384204e-08,-0.0117842
7.389204e-08,-0.0213686
7.394204e-08,-0.0277673
7.399204e-08,-0.0278497
7.404204e-08,-0.0286736
7.409204e-08,-0.0334521
7.414204e-08,-0.0321613
7.419204e-08,-0.0271357
7.424204e-08,-0.0291679
7.429204e-08,-0.0372968
7.434204e-08,-0.0423499
7.439204e-08,-0.0361159
7.444204e-08,-0.0241698
7.449204e-08,-0.0192815
7.454204e-08,-0.0246916
7.459204e-08,-0.0277673
7.464204e-08,-0.0182379
7.469204e-08,-0.00684101
7.474204e-08,-0.00351806
7.479204e-08,-0.00387507
7.484204e-08,-0.00099152
7.489204e-08,0.00458335
7.494204e-08,0.00933434
7.499204e-08,0.0146895
7.504204e-08,0.0148268
7.509204e-08,0.00356724
7.514204e-08,-0.00964217
7.519204e-08,-0.0164803
7.524204e-08,-0.0143108
7.529204e-08,-0.00810428
7.534204e-08,-0.00505595
7.539204e-08,0.0014801
7.544204e-08,0.00878509
7.549204e-08,0.0105427
7.554204e-08,0.0133713
7.559204e-08,0.011037
7.564204e-08,-0.000250035
7.569204e-08,-0.0143657
7.574204e-08,-0.0256527
7.579204e-08,-0.0277948
7.584204e-08,-0.0328204
7.589204e-08,-0.0428717
7.594204e-08,-0.0392466
7.599204e-08,-0.0244444
7.604204e-08,-0.0154917
7.609204e-08,-0.0139812
7.614204e-08,-0.00804935
7.619204e-08,0.00202934
7.624204e-08,0.00131532
7.629204e-08,-0.00365537
7.634204e-08,-0.00148584
7.639204e-08,-0.00535804
7.644204e-08,-0.0142284
7.649204e-08,-0.0128278
7.654204e-08,-0.00442432
7.659204e-08,-0.000936595
7.664204e-08,-0.00697832
7.669204e-08,-0.0148051
7.674204e-08,-0.0158761
7.679204e-08,-0.016343
7.684204e-08,-0.0233734
7.689204e-08,-0.0256527
7.694204e-08,-0.0157663
7.699204e-08,-0.00662131
7.704204e-08,-0.00209002
7.709204e-08,0.00757675
7.714204e-08,0.0211157
7.719204e-08,0.0225987
7.724204e-08,0.00743943
7.729204e-08,-0.00544043
7.734204e-08,-0.00574251
7.739204e-08,-0.00357298
7.744204e-08,-0.00964217
7.749204e-08,-0.0206271
7.754204e-08,-0.0277399
7.759204e-08,-0.030184
7.764204e-08,-0.0260098
7.769204e-08,-0.017469
7.774204e-08,-0.0117293
7.779204e-08,-0.0151896
7.784204e-08,-0.0245268
7.789204e-08,-0.0186224
7.794204e-08,-0.00439686
7.799204e-08,-0.00988933
7.804204e-08,-0.0246916
7.809204e-08,-0.0274378
7.814204e-08,-0.0192265
7.819204e-08,-0.0102738
7.824204e-08,-0.00832398
7.829204e-08,-0.00884576
7.834204e-08,-0.00274911
7.839204e-08,0.00678034
7.844204e-08,0.00903225
7.849204e-08,0.00436365
7.854204e-08,-0.000167648
7.859204e-08,-0.00269419
7.864204e-08,-0.00272165
7.869204e-08,-0.00280404
7.874204e-08,-0.00406731
7.879204e-08,-0.00697832
7.884204e-08,-0.0149973
7.889204e-08,-0.0196659
7.894204e-08,-0.0096971
7.899204e-08,0.00436365
7.904204e-08,0.00743943
7.909204e-08,0.00631348
7.914204e-08,0.00384186
7.919204e-08,-0.00777473
7.924204e-08,-0.0160684
7.929204e-08,-0.0124708
7.934204e-08,-0.0123335
7.939204e-08,-0.0196659
7.944204e-08,-0.0234558
7.949204e-08,-0.0248014
7.954204e-08,-0.0239501
7.959204e-08,-0.0138714
7.964204e-08,-0.00401238
7.969204e-08,-0.00384761
7.974204e-08,-0.00631922
7.979204e-08,-0.0128553
7.984204e-08,-0.0274103
7.989204e-08,-0.0369123
7.994204e-08,-0.0364455
7.999204e-08,-0.0366102
8.004204e-08,-0.0363356
8.009204e-08,-0.0259274
8.014204e-08,-0.0100816
8.019204e-08,0.000299213
8.024204e-08,0.00601139
8.029204e-08,0.00735705
8.034204e-08,0.00395171
8.039204e-08,0.00197442
8.044204e-08,-0.00115629
8.049204e-08,-0.0112625
8.054204e-08,-0.0196934
8.059204e-08,-0.0160409
8.064204e-08,-0.00469894
8.069204e-08,0.00246874
8.074204e-08,0.00167233
8.079204e-08,-0.000909132
8.084204e-08,-0.00219986
8.089204e-08,-0.00395746
8.094204e-08,-0.00475387
8.099204e-08,-0.00233718
8.104204e-08,0.00288068
8.109204e-08,0.00502274
8.114204e-08,0.00540722
8.119204e-08,0.0101857
8.124204e-08,0.0147444
8.129204e-08,0.0148268
8.134204e-08,0.00900479
8.139204e-08,0.0038144
8.144204e-08,0.00713735
8.149204e-08,0.00993851
8.154204e-08,0.00721973
8.159204e-08,0.00598393
8.164204e-08,0.00886748
8.169204e-08,0.0126847
8.174204e-08,0.0154035
8.179204e-08,0.0144698
8.184204e-08,0.00793376
8.189204e-08,0.00557199
8.194204e-08,0.00823584
8.199204e-08,0.00675287
8.204204e-08,0.000161901
8.209204e-08,-0.0079395
8.214204e-08,-0.00755503
8.219204e-08,-0.00332582
8.224204e-08,-0.00324344
8.229204e-08,0.00180964
8.234204e-08,0.00485797
8.239204e-08,-0.000277498
8.244204e-08,-0.00475387
8.249204e-08,-0.00777473
8.254204e-08,-0.00697832
8.259204e-08,-0.00522073
8.264204e-08,-0.00653892
8.269204e-08,-0.00225479
8.274204e-08,0.00543468
8.279204e-08,0.00831823
8.284204e-08,0.00708242
8.289204e-08,0.00326515
8.294204e-08,-0.000661971
8.299204e-08,-0.00475387
8.304204e-08,-0.00483625
8.309204e-08,0.00134278
8.314204e-08,0.00109562
8.319204e-08,-0.00524819
8.324204e-08,-0.00747264
8.329204e-08,-0.00524819
8.334204e-08,0.000409062
8.339204e-08,-0.00318851
8.344204e-08,-0.0169472
8.349204e-08,-0.0183203
8.354204e-08,-0.00983441
8.359204e-08,-0.00760996
8.364204e-08,-0.0102463
8.369204e-08,-0.0106857
8.374204e-08,-0.00782965
8.379204e-08,-0.00631922
8.384204e-08,-0.00480879
8.389204e-08,0.00106816
8.394204e-08,0.00375947
8.399204e-08,-0.00541296
8.404204e-08,-0.00928516
8.409204e-08,0.00738451
8.414204e-08,0.0210608
8.419204e-08,0.0170787
8.424204e-08,0.00738451
8.429204e-08,-0.001733
8.434204e-08,-0.00379268
8.439204e-08,-0.00112883
8.444204e-08,-0.00307866
8.449204e-08,-0.00088167
8.454204e-08,0.00612124
8.459204e-08,0.00683526
8.464204e-08,0.00472066
8.469204e-08,0.00408902
8.474204e-08,0.00463827
8.479204e-08,0.00612124
8.484204e-08,0.00419887
8.489204e-08,-0.00170554
8.494204e-08,-0.0079395
8.499204e-08,-0.0157388
8.504204e-08,-0.0263668
8.509204e-08,-0.0326831
8.514204e-08,-0.0311727
8.519204e-08,-0.0270808
8.524204e-08,-0.025488
8.529204e-08,-0.028399
8.534204e-08,-0.0261745
8.539204e-08,-0.0135693
8.544204e-08,-0.00590729
8.549204e-08,-0.00555028
8.554204e-08,-0.00365537
8.559204e-08,-0.00442432
8.564204e-08,-0.00890069
8.569204e-08,-0.0113448
8.574204e-08,-0.00977948
8.579204e-08,-0.00497357
8.584204e-08,0.00183711
8.589204e-08,0.0112292
8.594204e-08,0.0205665
8.599204e-08,0.0193581
8.604204e-08,0.0101307
8.609204e-08,0.00441857
8.614204e-08,-0.00420462
8.619204e-08,-0.0153543
8.624204e-08,-0.0151346
8.629204e-08,-0.0067037
8.634204e-08,0.00156248
8.639204e-08,0.0100758
8.644204e-08,0.0146071
8.649204e-08,0.0108997
8.654204e-08,0.000573836
8.659204e-08,-0.0131848
8.664204e-08,-0.0179633
8.669204e-08,-0.00725294
8.674204e-08,0.00142517
8.679204e-08,-5.77984e-05
8.684204e-08,0.00131532
8.689204e-08,0.000299213
8.694204e-08,-0.0109054
8.699204e-08,-0.0134594
8.704204e-08,-0.00689593
8.709204e-08,-0.00887322
8.714204e-08,-0.0119765
8.719204e-08,-0.00774727
8.724204e-08,7.95135e-05
8.729204e-08,0.00862032
8.734204e-08,0.00938926
8.739204e-08,-0.000497197
8.744204e-08,-0.0115645
8.749204e-08,-0.0145579
8.754204e-08,-0.0105759
8.759204e-08,-0.010521
8.764204e-08,-0.0157937
8.769204e-08,-0.015272
8.774204e-08,-0.00544043
8.779204e-08,0.00455588
8.784204e-08,0.00672541
8.789204e-08,0.00675287
8.794204e-08,0.00837315
8.799204e-08,0.00417141
8.804204e-08,-0.00524819
8.809204e-08,-0.00934009
8.814204e-08,-0.00505595
8.819204e-08,0.00194696
8.824204e-08,0.0140579
8.829204e-08,0.0254273
8.834204e-08,0.0250977
8.839204e-08,0.0207312
8.844204e-08,0.0129319
8.849204e-08,-0.0026118
8.854204e-08,-0.0190068
8.859204e-08,-0.0220277
8.864204e-08,-0.00596221
8.869204e-08,0.00675287
8.874204e-08,0.00483051
8.879204e-08,0.00139771
8.884204e-08,0.0010407
8.889204e-08,0.00598393
8.894204e-08,0.0117785
8.899204e-08,0.00878509
8.904204e-08,0.00452842
8.909204e-08,0.00840062
8.914204e-08,0.0141128
8.919204e-08,0.00562692
8.924204e-08,-0.0158212
8.929204e-08,-0.0253507
8.934204e-08,-0.0231811
8.939204e-08,-0.025076
8.944204e-08,-0.0240599
8.949204e-08,-0.0230164
8.954204e-08,-0.0265865
8.959204e-08,-0.0209018
8.964204e-08,-0.00747264
8.969204e-08,0.003375
8.974204e-08,0.0102406
8.979204e-08,0.0135361
8.984204e-08,0.0127671
8.989204e-08,0.00925195
8.994204e-08,0.0126024
8.999204e-08,0.0227085
9.004204e-08,0.0247407
9.009204e-08,0.0183969
9.014204e-08,0.0093618
9.019204e-08,0.000326675
9.024204e-08,-0.00629176
9.029204e-08,-0.010109
9.034204e-08,-0.00568759
9.039204e-08,-0.00357298
9.044204e-08,-0.0116744
9.049204e-08,-0.0147502
9.054204e-08,-0.00659385
9.059204e-08,0.00716481
9.064204e-08,0.0109546
9.069204e-08,-0.00112883
9.074204e-08,-0.00662131
9.079204e-08,0.00123293
9.084204e-08,0.0065881
9.089204e-08,0.00565438
9.094204e-08,0.0035947
9.099204e-08,0.000491449
9.104204e-08,-0.000359885
9.109204e-08,0.00326515
9.114204e-08,0.00101323
9.119204e-08,-0.010164
9.124204e-08,-0.0179358
9.129204e-08,-0.01486
9.134204e-08,-0.00983441
9.139204e-08,-0.0127729
9.144204e-08,-0.0218629
9.149204e-08,-0.0314748
9.154204e-08,-0.0375714
9.159204e-08,-0.0404275
9.164204e-08,-0.0412239
9.169204e-08,-0.0404
9.174204e-08,-0.0355392
9.179204e-08,-0.0234283
9.184204e-08,-0.0122236
9.189204e-08,-0.00640161
9.194204e-08,0.00145263
9.199204e-08,0.00603885
9.204204e-08,0.00318276
9.209204e-08,0.00128786
9.214204e-08,-0.00112883
9.219204e-08,-0.00497357
9.224204e-08,-0.00659385
9.229204e-08,-0.00508342
9.234204e-08,-0.00387507
9.239204e-08,-0.015272
9.244204e-08,-0.0291405
9.249204e-08,-0.0254056
9.254204e-08,-0.0144756
9.259204e-08,-0.0113723
9.264204e-08,-0.0134869
9.269204e-08,-0.0136791
9.274204e-08,-0.010521
9.279204e-08,-0.00917531
9.284204e-08,-0.0117019
9.289204e-08,-0.0145579
9.294204e-08,-0.0173042
9.299204e-08,-0.0186773
9.304204e-08,-0.0165352
9.309204e-08,-0.0127729
9.314204e-08,-0.00986187
9.319204e-08,-0.0056052
9.324204e-08,0.00131532
9.329204e-08,0.00282575
9.334204e-08,-0.00357298
9.339204e-08,-0.00975202
9.344204e-08,-0.0110977
9.349204e-08,-0.00398492
9.354204e-08,0.00642333
9.359204e-08,0.00661556
9.364204e-08,0.00134278
9.369204e-08,0.00601139
9.374204e-08,0.0188363
9.379204e-08,0.0252076
9.384204e-08,0.0242739
9.389204e-08,0.0193581
9.394204e-08,0.00710988
9.399204e-08,-0.00148584
9.404204e-08,-0.000552121
9.409204e-08,0.000244288
9.414204e-08,-0.00140346
9.419204e-08,-0.00505595
9.424204e-08,-0.0100541
9.429204e-08,-0.013432
9.434204e-08,-0.0125257
9.439204e-08,-0.00406731
9.444204e-08,0.00537975
9.449204e-08,0.00790629
9.454204e-08,0.00647825
9.459204e-08,0.00282575
9.464204e-08,0.00356724
9.469204e-08,0.0110919
9.474204e-08,0.00782391
9.479204e-08,-0.00566013
9.484204e-08,-0.00824159
9.489204e-08,-0.00143092
9.494204e-08,0.00441857
9.499204e-08,0.0089224
9.504204e-08,0.00905971
9.509204e-08,0.00169979
9.514204e-08,-0.00785712
9.519204e-08,-0.0117842
9.524204e-08,-0.0128553
9.529204e-08,-0.0183203
9.534204e-08,-0.0219728
9.539204e-08,-0.0145854
9.544204e-08,-0.00686847
9.549204e-08,-0.00324344
9.554204e-08,0.00787883
9.559204e-08,0.0186715
9.564204e-08,0.0209784
9.569204e-08,0.0260315
9.574204e-08,0.0301783
9.579204e-08,0.0146895
9.584204e-08,-0.0094774
9.589204e-08,-0.0201328
9.594204e-08,-0.0191991
9.599204e-08,-0.0150797
9.604204e-08,-0.0117293
9.609204e-08,-0.00706071
9.614204e-08,-0.00423208
9.619204e-08,-0.00557774
9.624204e-08,-0.00511088
9.629204e-08,-0.0110153
9.634204e-08,-0.0226319
9.639204e-08,-0.0195561
9.644204e-08,-0.00870845
9.649204e-08,-0.00972456
9.654204e-08,-0.0117842
9.659204e-08,-0.00360045
9.664204e-08,0.00334754
9.669204e-08,-0.0019527
9.674204e-08,-0.013075
9.679204e-08,-0.0162881
9.684204e-08,-0.0173866
9.689204e-08,-0.0263942
9.694204e-08,-0.0332873
9.699204e-08,-0.0351547
9.704204e-08,-0.0341661
9.709204e-08,-0.0261196
9.714204e-08,-0.0170021
9.719204e-08,-0.0140087
9.724204e-08,-0.0138714
9.729204e-08,-0.0124708
9.734204e-08,-0.0121412
9.739204e-08,-0.0100266
9.744204e-08,-0.00634669
9.749204e-08,-0.00631922
9.754204e-08,-0.00398492
9.759204e-08,-0.006484
9.764204e-08,-0.0213961
9.769204e-08,-0.0337267
9.774204e-08,-0.0388896
9.779204e-08,-0.0416084
9.784204e-08,-0.041526
9.789204e-08,-0.0364455
9.794204e-08,-0.0238677
9.799204e-08,-0.0127454
9.804204e-08,-0.009038
9.809204e-08,-0.000634509
9.814204e-08,0.01436
9.819204e-08,0.0191109
9.824204e-08,0.0161175
9.829204e-08,0.0159528
9.834204e-08,0.00815346
9.839204e-08,-0.00123868
9.844204e-08,-0.0019527
9.849204e-08,-0.012718
9.854204e-08,-0.0310354
9.859204e-08,-0.0323261
9.864204e-08,-0.0255154
9.869204e-08,-0.0304312
9.874204e-08,-0.0346055
9.879204e-08,-0.0319142
9.884204e-08,-0.033864
9.889204e-08,-0.0310628
9.894204e-08,-0.0226319
9.899204e-08,-0.0166725
9.904204e-08,-0.0103562
9.909204e-08,-0.0085986
9.914204e-08,-0.00777473
9.919204e-08,-0.000936595
9.924204e-08,0.00342992
9.929204e-08,0.00386932
9.934204e-08,0.00691765
9.939204e-08,0.00765913
9.944204e-08,0.00156248
9.949204e-08,-0.00645653
9.954204e-08,-0.0126905
9.959204e-08,-0.0161782
9.964204e-08,-0.0159585
9.969204e-08,-0.0113174
9.974204e-08,-0.00132107
9.979204e-08,0.0119433
9.984204e-08,0.0230381
9.989204e-08,0.0279264
9.994204e-08,0.0265533
9.999204e-08,0.0226811
1.00042e-07,0.0151564
1.00092e-07,0.00268844
1.00142e-07,-0.00755503
1.00192e-07,-0.0123884
1.00242e-07,-0.0132123
1.00292e-07,-0.00645653
1.00342e-07,0.00623109
1.00392e-07,0.00971881
1.00442e-07,0.00150756
1.00492e-07,-0.00601714
1.00542e-07,-0.0115371
1.00592e-07,-0.0120589
1.00642e-07,-0.00593475
1.00692e-07,-0.00780219
1.00742e-07,-0.0144206
1.00792e-07,-0.00695086
1.00842e-07,0.00664302
1.00892e-07,0.00721973
1.00942e-07,-0.00299627
1.00992e-07,-0.00807682
1.01042e-07,-0.00535804
1.01092e-07,-0.006484
1.01142e-07,-0.0119215
1.01192e-07,-0.0157388
1.01242e-07,-0.0140636
1.01292e-07,-0.00717056
1.01342e-07,-0.000826745
1.01392e-07,0.00095831
1.01442e-07,-0.00675862
1.01492e-07,-0.0129651
1.01542e-07,-0.00486372
1.01592e-07,0.00667049
1.01642e-07,0.0127671
1.01692e-07,0.0123003
1.01742e-07,0.00485797
1.01792e-07,-0.0026118
1.01842e-07,-0.00137599
1.01892e-07,0.000436525
1.01942e-07,-0.00868099
1.01992e-07,-0.0171669
1.02042e-07,-0.0157114
1.02092e-07,-0.00717056
1.02142e-07,0.000189363
1.02192e-07,-0.00206255
1.02242e-07,-0.00522073
1.02292e-07,-0.0067037
1.02342e-07,-0.013075
1.02392e-07,-0.0209567
1.02442e-07,-0.0279596
1.02492e-07,-0.0288658
1.02542e-07,-0.0240599
1.02592e-07,-0.0271906
1.02642e-07,-0.0308706
1.02692e-07,-0.0231537
1.02742e-07,-0.0181006
1.02792e-07,-0.0187048
1.02842e-07,-0.0113448
1.02892e-07,0.00172726
1.02942e-07,0.00796122
1.02992e-07,0.00436365
1.03042e-07,0.0022765
1.03092e-07,0.0114215
1.03142e-07,0.0191109
1.03192e-07,0.0108448
1.03242e-07,-0.00302374
1.03292e-07,-0.0114272
1.03342e-07,-0.0147227
1.03392e-07,-0.0144481
1.03442e-07,-0.0163979
1.03492e-07,-0.0186498
1.03542e-07,-0.0110977
1.03592e-07,0.000436525
1.03642e-07,-0.000112723
1.03692e-07,-0.00994426
1.03742e-07,-0.0147502
1.03792e-07,-0.0143108
1.03842e-07,-0.0145854
1.03892e-07,-0.0153269
1.03942e-07,-0.0117019
1.03992e-07,-0.00942247
1.04042e-07,-0.0186773
1.04092e-07,-0.029113
1.04142e-07,-0.0267512
1.04192e-07,-0.0162606
1.04242e-07,-0.0077198
1.04292e-07,-0.00165062
1.04342e-07,-0.000497197
1.04392e-07,-0.00689593
1.04442e-07,-0.00870845
1.04492e-07,-0.000634509
1.04542e-07,0.00307291
1.04592e-07,-2.87366e-06
1.04642e-07,0.00222158
1.04692e-07,0.0044735
1.04742e-07,0.000985772
1.04792e-07,0.000573836
1.04842e-07,-0.00274911
1.04892e-07,-0.00782965
1.04942e-07,-0.00115629
1.04992e-07,-0.0047264
1.05042e-07,-0.0217805
1.05092e-07,-0.0187871
1.05142e-07,-0.0110428
1.05192e-07,-0.0199955
1.05242e-07,-0.0224122
1.05292e-07,-0.0137066
1.05342e-07,-0.00739026
1.05392e-07,-0.00601714
1.05442e-07,-0.0128278
1.05492e-07,-0.0212038
1.05542e-07,-0.0223298
1.05592e-07,-0.0243895
1.05642e-07,-0.0285912
1.05692e-07,-0.0275751
1.05742e-07,-0.0274927
1.05792e-07,-0.0265865
1.05842e-07,-0.0197209
1.05892e-07,-0.020023
1.05942e-07,-0.0267512
1.05992e-07,-0.026559
1.06042e-07,-0.0259548
1.06092e-07,-0.0282342
1.06142e-07,-0.0227143
1.06192e-07,-0.0150248
1.06242e-07,-0.015629
1.06292e-07,-0.0162331
1.06342e-07,-0.0102738
1.06392e-07,-0.00156823
1.06442e-07,0.00557199
1.06492e-07,0.00167233
1.06542e-07,-0.0134045
1.06592e-07,-0.0261745
1.06642e-07,-0.0291405
1.06692e-07,-0.022577
1.06742e-07,-0.0141185
1.06792e-07,-0.010466
1.06842e-07,-0.0123609
1.06892e-07,-0.0142833
1.06942e-07,-0.00310612
1.06992e-07,0.0155134
1.07042e-07,0.0221867
1.07092e-07,0.0146895
1.07142e-07,0.0054896
1.07192e-07,0.00384186
1.07242e-07,-0.00104644
1.07292e-07,-0.0163155
1.07342e-07,-0.0264492
1.07392e-07,-0.0258175
1.07442e-07,-0.0259823
1.07492e-07,-0.0256802
1.07542e-07,-0.0179084
1.07592e-07,-0.0150797
1.07642e-07,-0.0207095
1.07692e-07,-0.0164528
1.07742e-07,-0.00681355
1.07792e-07,-0.00456163
1.07842e-07,0.00134278
1.07892e-07,0.00787883
1.07942e-07,0.00678034
1.07992e-07,0.00494036
1.08042e-07,0.00183711
1.08092e-07,-0.00623684
1.08142e-07,-0.01486
1.08192e-07,-0.0145579
1.08242e-07,-0.0102738
1.08292e-07,-0.00895561
1.08342e-07,-0.00752757
1.08392e-07,-0.00714309
1.08442e-07,-0.00145838
1.08492e-07,0.00156248
1.08542e-07,-0.00697832
1.08592e-07,-0.00766488
1.08642e-07,-0.00340821
1.08692e-07,-0.0083789
1.08742e-07,-0.0100541
1.08792e-07,-3.03361e-05
1.08842e-07,0.00647825
1.08892e-07,-0.0023921
1.08942e-07,-0.0094774
1.08992e-07,-0.0037103
1.09042e-07,0.000299213
1.09092e-07,-0.00184285
1.09142e-07,-0.00774727
1.09192e-07,-0.018183
1.09242e-07,-0.0246641
1.09292e-07,-0.0245542
1.09342e-07,-0.0222474
1.09392e-07,-0.0155466
1.09442e-07,-0.0120589
1.09492e-07,-0.0147502
1.09542e-07,-0.00854368
1.09592e-07,2.45887e-05
1.09642e-07,0.00266098
1.09692e-07,0.00801614
1.09742e-07,0.008483
1.09792e-07,0.000463987
1.09842e-07,-0.00796697
1.09892e-07,-0.0168099
1.09942e-07,-0.0249662
1.09992e-07,-0.0262295
1.10042e-07,-0.0213686
1.10092e-07,-0.0219453
1.10142e-07,-0.0285088
1.10192e-07,-0.0244719
1.10242e-07,-0.0136791
1.10292e-07,-0.012663
1.10342e-07,-0.00917531
1.10392e-07,0.00277083
1.10442e-07,0.00625855
1.10492e-07,0.00502274
1.10542e-07,0.0102955
1.10592e-07,0.00875763
1.10642e-07,-0.00711563
1.10692e-07,-0.0211214
1.10742e-07,-0.0251035
1.10792e-07,-0.0210391
1.10842e-07,-0.0101365
1.10892e-07,-0.00464402
1.10942e-07,-0.00750011
1.10992e-07,-0.00557774
1.11042e-07,-0.00307866
1.11092e-07,-0.0058249
1.11142e-07,-0.0069234
1.11192e-07,-0.00944993
1.11242e-07,-0.011949
1.11292e-07,-0.0109878
1.11342e-07,-0.01486
1.11392e-07,-0.022577
1.11442e-07,-0.0266689
1.11492e-07,-0.0242247
1.11542e-07,-0.0190068
1.11592e-07,-0.0143657
1.11642e-07,-0.00769234
1.11692e-07,-0.00423208
1.11742e-07,-0.00609952
1.11792e-07,-0.000442272
1.11842e-07,0.00661556
1.11892e-07,0.00532483
1.11942e-07,0.00963642
1.11992e-07,0.00949911
1.12042e-07,-5.77984e-05
1.12092e-07,-0.000689433
1.12142e-07,-0.00450671
1.12192e-07,-0.0159585
1.12242e-07,-0.0182654
1.12292e-07,-0.0146953
1.12342e-07,-0.0148051
1.12392e-07,-0.0179084
1.12442e-07,-0.0190343
1.12492e-07,-0.0157937
1.12542e-07,-0.0124983
1.12592e-07,-0.010521
1.12642e-07,-0.00873591
1.12692e-07,-0.0113448
1.12742e-07,-0.013075
1.12792e-07,-0.00651146
1.12842e-07,0.00150756
1.12892e-07,0.00573677
1.12942e-07,0.00639586
1.12992e-07,-0.00126614
1.13042e-07,-0.0132123
1.13092e-07,-0.0147227
1.13142e-07,-0.00873591
1.13192e-07,-0.00750011
1.13242e-07,-0.00923024
1.13292e-07,-0.0106583
1.13342e-07,-0.0100541
1.13392e-07,-0.00826905
1.13442e-07,-0.0138988
1.13492e-07,-0.0183752
1.13542e-07,-0.0110428
1.13592e-07,-0.0129377
1.13642e-07,-0.0212038
1.13692e-07,-0.0112075
1.13742e-07,-0.000387347
1.13792e-07,-0.00555028
1.13842e-07,-0.0125532
1.13892e-07,-0.00788458
1.13942e-07,0.00757675
1.13992e-07,0.0115588
1.14042e-07,-0.00230971
1.14092e-07,-0.00939501
1.14142e-07,-0.00840636
1.14192e-07,-0.00994426
1.14242e-07,-0.00607206
1.14292e-07,-0.0019527
1.14342e-07,-0.0120039
1.14392e-07,-0.0230438
1.14442e-07,-0.0176887
1.14492e-07,-0.00760996
1.14542e-07,-0.00601714
1.14592e-07,-0.00563266
1.14642e-07,-0.00107391
1.14692e-07,0.00683526
1.14742e-07,0.0208685
1.14792e-07,0.0290249
1.14842e-07,0.0223515
1.14892e-07,0.011806
1.14942e-07,0.00290814
1.14992e-07,-0.000799283
1.15042e-07,-0.00296881
1.15092e-07,-0.00879084
1.15142e-07,-0.00780219
1.15192e-07,-0.00343567
1.15242e-07,-0.00250195
1.15292e-07,0.0014801
1.15342e-07,0.00222158
1.15392e-07,-0.00316105
1.15442e-07,-0.00826905
1.15492e-07,-0.0132123
1.15542e-07,-0.0123884
1.15592e-07,-0.00250195
1.15642e-07,0.00974627
1.15692e-07,0.0142226
1.15742e-07,0.00749436
1.15792e-07,0.00222158
1.15842e-07,-0.000826745
1.15892e-07,-0.00873591
1.15942e-07,-0.0100541
1.15992e-07,-0.00209002
1.16042e-07,0.0065881
1.16092e-07,0.0128495
1.16142e-07,0.0154585
1.16192e-07,0.0158978
1.16242e-07,0.0103504
1.16292e-07,0.00260605
1.16342e-07,0.000518912
1.16392e-07,0.000601299
1.16442e-07,0.00436365
1.16492e-07,0.00603885
1.16542e-07,0.00367709
1.16592e-07,0.00697257
1.16642e-07,0.00603885
1.16692e-07,-0.00107391
1.16742e-07,-0.0062643
1.16792e-07,-0.0188421
1.16842e-07,-0.0302115
1.16892e-07,-0.0253507
1.16942e-07,-0.0181006
1.16992e-07,-0.0132397
1.17042e-07,-0.00299627
1.17092e-07,0.00444603
1.17142e-07,0.00743943
1.17192e-07,0.0110095
1.17242e-07,0.011037
1.17292e-07,0.00351231
1.17342e-07,-0.0132947
1.17392e-07,-0.0241423
1.17442e-07,-0.0198307
1.17492e-07,-0.0182654
1.17542e-07,-0.015574
1.17592e-07,-0.00423208
1.17642e-07,0.00244128
1.17692e-07,0.00719227
1.17742e-07,0.0119707
1.17792e-07,0.0111469
1.17842e-07,0.00776898
1.17892e-07,0.00375947
1.17942e-07,0.000656224
1.17992e-07,-0.0026118
1.18042e-07,-0.00958725
1.18092e-07,-0.017469
1.18142e-07,-0.0242247
1.18192e-07,-0.0280694
1.18242e-07,-0.0246641
1.18292e-07,-0.0196934
1.18342e-07,-0.0161233
1.18392e-07,-0.00714309
1.18442e-07,0.00307291
1.18492e-07,0.00433618
1.18542e-07,0.00164487
1.18592e-07,0.00474812
1.18642e-07,0.00367709
1.18692e-07,-0.00609952
1.18742e-07,-0.00579744
1.18792e-07,-0.0034906
1.18842e-07,-0.0161782
1.18892e-07,-0.0210665
1.18942e-07,-0.00769234
1.18992e-07,0.000766073
1.19042e-07,-0.00250195
1.19092e-07,-0.000497197
1.19142e-07,0.00905971
1.19192e-07,0.00919703
1.19242e-07,0.00178218
1.19292e-07,-0.00324344
1.19342e-07,-0.0077198
1.19392e-07,-0.00769234
1.19442e-07,-0.00277657
1.19492e-07,-0.0028315
1.19542e-07,-0.0103562
1.19592e-07,-0.017469
1.19642e-07,-0.0220002
1.19692e-07,-0.0218629
1.19742e-07,-0.0174964
1.19792e-07,-0.0226319
1.19842e-07,-0.0317494
1.19892e-07,-0.0329852
1.19942e-07,-0.0361434
1.19992e-07,-0.0401803
1.20042e-07,-0.0390819
1.20092e-07,-0.0348252
1.20142e-07,-0.0235107
1.20192e-07,-0.0152994
1.20242e-07,-0.0176612
1.20292e-07,-0.0176063
1.20342e-07,-0.0121962
1.20392e-07,-0.00848875
1.20442e-07,-0.00717056
1.20492e-07,-0.000854208
1.20542e-07,0.00749436
1.20592e-07,0.00678034
1.20642e-07,0.00540722
1.20692e-07,0.00864778
1.20742e-07,0.00776898
1.20792e-07,0.00598393
1.20842e-07,0.00406156
1.20892e-07,-2.87366e-06
1.20942e-07,0.00537975
1.20992e-07,0.0148543
1.21042e-07,0.0120531
1.21092e-07,0.00474812
1.21142e-07,0.00436365
1.21192e-07,0.00938926
1.21242e-07,0.0162274
1.21292e-07,0.0251527
1.21342e-07,0.0306452
1.21392e-07,0.0229282
1.21442e-07,0.0112567
1.21492e-07,0.00905971
1.21542e-07,0.0113116
1.21592e-07,0.00505021
1.21642e-07,-0.00873591
1.21692e-07,-0.0132947
1.21742e-07,-0.0103013
1.21792e-07,-0.0106308
1.21842e-07,-0.00890069
1.21892e-07,-0.00357298
1.21942e-07,-0.00222733
1.21992e-07,-0.00563266
1.22042e-07,-0.00804935
1.22092e-07,-0.0103837
1.22142e-07,-0.0132397
1.22192e-07,-0.00895561
1.22242e-07,-0.00154077
1.22292e-07,0.000738611
1.22342e-07,0.000161901
1.22392e-07,-0.00206255
1.22442e-07,-0.00760996
1.22492e-07,-0.0168099
1.22542e-07,-0.025488
1.22592e-07,-0.030596
1.22642e-07,-0.030239
1.22692e-07,-0.0222749
1.22742e-07,-0.0139263
1.22792e-07,-0.0107407
1.22842e-07,-0.0103287
1.22892e-07,-0.00934009
1.22942e-07,-0.0069234
1.22992e-07,-0.00999918
1.23042e-07,-0.0181555
1.23092e-07,-0.0195836
1.23142e-07,-0.0212313
1.23192e-07,-0.0316945
1.23242e-07,-0.0354568
1.23292e-07,-0.0309255
1.23342e-07,-0.0310628
1.23392e-07,-0.0267787
1.23442e-07,-0.0137066
1.23492e-07,-0.00788458
1.23542e-07,-0.00596221
1.23592e-07,0.00238635
1.23642e-07,0.00875763
1.23692e-07,0.0127671
1.23742e-07,0.015074
1.23792e-07,0.00873017
1.23842e-07,0.0052699
1.23892e-07,0.0112567
1.23942e-07,0.00963642
1.23992e-07,-0.00280404
1.24042e-07,-0.0142284
1.24092e-07,-0.025488
1.24142e-07,-0.0307333
1.24192e-07,-0.02038
1.24242e-07,-0.0131299
1.24292e-07,-0.0159585
1.24342e-07,-0.0168648
1.24392e-07,-0.0216982
1.24442e-07,-0.0268336
1.24492e-07,-0.0217531
1.24542e-07,-0.0132672
1.24592e-07,-0.00821413
1.24642e-07,-0.0056052
1.24692e-07,-0.00587982
1.24742e-07,-0.00717056
1.24792e-07,-0.00357298
1.24842e-07,-0.00354552
1.24892e-07,-0.0125257
1.24942e-07,-0.0147502
1.24992e-07,-0.0124708
1.25042e-07,-0.0188695
1.25092e-07,-0.0228241
1.25142e-07,-0.0160684
1.25192e-07,-0.00939501
1.25242e-07,-0.0129926
1.25292e-07,-0.0190892
1.25342e-07,-0.0173316
1.25392e-07,-0.0195012
1.25442e-07,-0.0286461
1.25492e-07,-0.0277124
1.25542e-07,-0.0226593
1.25592e-07,-0.0248563
1.25642e-07,-0.021808
1.25692e-07,-0.0149699
1.25742e-07,-0.0155466
1.25792e-07,-0.0164803
1.25842e-07,-0.010466
1.25892e-07,-0.00148584
1.25942e-07,0.00257859
1.25992e-07,0.00532483
1.26042e-07,0.00617616
1.26092e-07,-0.00744518
1.26142e-07,-0.0232361
1.26192e-07,-0.0255429
1.26242e-07,-0.0261196
1.26292e-07,-0.0347153
1.26342e-07,-0.0430639
1.26392e-07,-0.0381481
1.26442e-07,-0.0258175
1.26492e-07,-0.017771
1.26542e-07,-0.00862606
1.26592e-07,-0.000634509
1.26642e-07,0.000134438
1.26692e-07,0.00285321
1.26742e-07,0.00700004
1.26792e-07,-0.000661971
1.26842e-07,-0.0146129
1.26892e-07,-0.017414
1.26942e-07,-0.0113174
1.26992e-07,-0.0121687
1.27042e-07,-0.0166451
1.27092e-07,-0.0127454
1.27142e-07,-0.00739026
1.27192e-07,5.20511e-05
1.27242e-07,0.0101582
1.27292e-07,0.0122728
1.27342e-07,0.0115039
1.27392e-07,0.00573677
1.27442e-07,-0.00640161
1.27492e-07,-0.0105484
1.27542e-07,-0.0106583
1.27592e-07,-0.017414
1.27642e-07,-0.0274103
1.27692e-07,-0.0326282
1.27742e-07,-0.0249936
1.27792e-07,-0.0151896
1.27842e-07,-0.0175788
1.27892e-07,-0.0213411
1.27942e-07,-0.0217256
1.27992e-07,-0.0224946
1.28042e-07,-0.0224396
1.28092e-07,-0.0186773
1.28142e-07,-0.00294135
1.28192e-07,0.0115863
1.28242e-07,0.00807107
1.28292e-07,0.0012604
1.28342e-07,-0.00313359
1.28392e-07,-0.0142009
1.28442e-07,-0.0232086
1.28492e-07,-0.0251584
1.28542e-07,-0.0233734
1.28592e-07,-0.010164
1.28642e-07,0.00543468
1.28692e-07,0.00356724
1.28742e-07,0.00167233
1.28792e-07,0.0155958
1.28842e-07,0.0223515
1.28892e-07,0.0107624
1.28942e-07,-0.00184285
1.28992e-07,-0.00442432
1.29042e-07,-0.00431447
1.29092e-07,-0.00552281
1.29142e-07,-0.00719802
1.29192e-07,-0.0131024
1.29242e-07,-0.0187048
1.29292e-07,-0.0171394
1.29342e-07,-0.0115096
1.29392e-07,-0.00986187
1.29442e-07,-0.0140087
1.29492e-07,-0.0154367
1.29542e-07,-0.0118941
1.29592e-07,-0.00651146
1.29642e-07,0.00332008
1.29692e-07,0.0134537
1.29742e-07,0.0163922
1.29792e-07,0.015074
1.29842e-07,0.0118334
1.29892e-07,0.00595646
1.29942e-07,0.00312784
1.29992e-07,0.00205681
1.30042e-07,-0.00162315
1.30092e-07,-0.00579744
1.30142e-07,-0.00944993
1.30192e-07,-0.0069234
1.30242e-07,-0.00425954
1.30292e-07,-0.00758249
1.30342e-07,-0.0047264
1.30392e-07,-0.00758249
1.30442e-07,-0.0217256
1.30492e-07,-0.0235381
1.30542e-07,-0.0156564
1.30592e-07,-0.00741772
1.30642e-07,0.00463827
1.30692e-07,0.0158429
1.30742e-07,0.0210059
1.30792e-07,0.0220494
1.30842e-07,0.024164
1.30892e-07,0.0271574
1.30942e-07,0.0221593
1.30992e-07,0.00859285
1.31042e-07,-0.000387347
1.31092e-07,-0.00206255
1.31142e-07,-0.000716896
1.31192e-07,0.000134438
1.31242e-07,-0.0021724
1.31292e-07,-0.00513834
1.31342e-07,-0.00999918
1.31392e-07,-0.0100816
1.31442e-07,-0.00214494
1.31492e-07,0.00183711
1.31542e-07,0.00323769
1.31592e-07,0.00216665
1.31642e-07,-0.00313359
1.31692e-07,-0.00456163
1.31742e-07,-0.0021724
1.31792e-07,0.00691765
1.31842e-07,0.0133438
1.31892e-07,0.00867524
1.31942e-07,0.012877
1.31992e-07,0.0205115
1.32042e-07,0.0114489
1.32092e-07,0.00581915
1.32142e-07,0.0139755
1.32192e-07,0.00782391
1.32242e-07,-0.00986187
1.32292e-07,-0.0158761
1.32342e-07,-0.0170021
1.32392e-07,-0.0142559
1.32442e-07,-0.00250195
1.32492e-07,0.00804361
1.32542e-07,0.0123277
1.32592e-07,0.0119982
1.32642e-07,0.00749436
1.32692e-07,-0.00148584
1.32742e-07,-0.011949
1.32792e-07,-0.0146953
1.32842e-07,-0.00953232
1.32892e-07,-0.0102738
1.32942e-07,-0.017057
1.32992e-07,-0.0176063
1.33042e-07,-0.0143382
1.33092e-07,-0.0171669
1.33142e-07,-0.0179633
1.33192e-07,-0.0079395
1.33242e-07,-0.00269419
1.33292e-07,-0.00475387
1.33342e-07,-0.000936595
1.33392e-07,0.00529737
1.33442e-07,0.0112018
1.33492e-07,0.00988359
1.33542e-07,-0.00263926
1.33592e-07,-0.00912039
1.33642e-07,-0.0103837
1.33692e-07,-0.0150523
1.33742e-07,-0.0150797
1.33792e-07,-0.0109878
1.33842e-07,-0.0113998
1.33892e-07,-0.014915
1.33942e-07,-0.0106308
1.33992e-07,-0.000936595
1.34042e-07,0.00516006
1.34092e-07,0.00938926
1.34142e-07,0.00982866
1.34192e-07,0.00535229
1.34242e-07,0.00332008
1.34292e-07,0.00551707
1.34342e-07,0.0101307
1.34392e-07,0.0142501
1.34442e-07,0.00974627
1.34492e-07,0.00205681
1.34542e-07,0.00304545
1.34592e-07,0.00252367
1.34642e-07,-0.0069234
1.34692e-07,-0.00879084
1.34742e-07,-0.00379268
1.34792e-07,-0.0120314
1.34842e-07,-0.0215608
1.34892e-07,-0.0132123
1.34942e-07,0.000463987
1.34992e-07,0.00845554
1.35042e-07,0.0117785
1.35092e-07,0.0112292
1.35142e-07,0.0138107
1.35192e-07,0.0156781
1.35242e-07,0.00675287
1.35292e-07,-0.000909132
1.35342e-07,0.00145263
1.35392e-07,0.00301799
1.35442e-07,-0.00447924
1.35492e-07,-0.0131574
1.35542e-07,-0.0123335
1.35592e-07,-0.0123609
1.35642e-07,-0.0182104
1.35692e-07,-0.0143657
1.35742e-07,-0.00387507
1.35792e-07,-8.52608e-05
1.35842e-07,0.00351231
1.35892e-07,0.00845554
1.35942e-07,0.00801614
1.35992e-07,0.00743943
1.36042e-07,0.00532483
1.36092e-07,0.00095831
1.36142e-07,0.00323769
1.36192e-07,0.00307291
1.36242e-07,-0.00607206
1.36292e-07,-0.00870845
1.36342e-07,-0.00571505
1.36392e-07,-0.00890069
1.36442e-07,-0.0154642
1.36492e-07,-0.0212313
1.36542e-07,-0.0181006
1.36592e-07,-0.00826905
1.36642e-07,-0.00351806
1.36692e-07,0.000354137
1.36742e-07,0.00540722
1.36792e-07,0.00601139
1.36842e-07,-0.000112723
1.36892e-07,-0.0109878
1.36942e-07,-0.0189794
1.36992e-07,-0.025076
1.37042e-07,-0.0341661
1.37092e-07,-0.0343583
1.37142e-07,-0.0244444
1.37192e-07,-0.0258175
1.37242e-07,-0.0355667
1.37292e-07,-0.0300742
1.37342e-07,-0.0137341
1.37392e-07,-0.00846129
1.37442e-07,-0.0116195
1.37492e-07,-0.00975202
1.37542e-07,-0.00785712
1.37592e-07,-0.0179633
1.37642e-07,-0.0308981
1.37692e-07,-0.024719
1.37742e-07,-0.00955978
1.37792e-07,-0.00936755
1.37842e-07,-0.0111801
1.37892e-07,-0.00777473
1.37942e-07,-0.0125532
1.37992e-07,-0.0140362
1.38042e-07,-0.00741772
1.38092e-07,-0.0058249
1.38142e-07,-0.00950486
1.38192e-07,-0.0126905
1.38242e-07,-0.00826905
1.38292e-07,-0.00247449
1.38342e-07,-0.00219986
1.38392e-07,0.00301799
1.38442e-07,0.00587408
1.38492e-07,-0.00162315
1.38542e-07,-0.00491864
1.38592e-07,-0.00409477
1.38642e-07,-0.00398492
1.38692e-07,-0.00159569
1.38742e-07,-0.00346313
1.38792e-07,-0.00730787
1.38842e-07,-0.00579744
1.38892e-07,-0.000689433
1.38942e-07,0.0024962
1.38992e-07,-0.00099152
1.39042e-07,-0.00601714
1.39092e-07,-0.00944993
1.39142e-07,-0.0123335
1.39192e-07,-0.0156015
1.39242e-07,-0.0158761
1.39292e-07,-0.0106583
1.39342e-07,-0.00986187
1.39392e-07,-0.00975202
1.39442e-07,-0.00664877
1.39492e-07,-0.0094774
1.39542e-07,-0.00818667
1.39592e-07,0.000573836
1.39642e-07,0.00153502
1.39692e-07,-0.00263926
1.39742e-07,-0.00563266
1.39792e-07,-0.0124159
1.39842e-07,-0.0184301
1.39892e-07,-0.0160409
1.39942e-07,-0.0104111
1.39992e-07,-0.0118666
1.40042e-07,-0.0146678
1.40092e-07,-0.010466
1.40142e-07,-0.00804935
1.40192e-07,-0.00939501
1.40242e-07,-0.00972456
1.40292e-07,-0.00966963
1.40342e-07,-0.00986187
1.40392e-07,-0.0116469
1.40442e-07,-0.0110428
1.40492e-07,-0.00653892
1.40542e-07,-0.0058249
1.40592e-07,-0.00972456
1.40642e-07,-0.0116195
1.40692e-07,-0.00832398
1.40742e-07,-0.00436939
1.40792e-07,-0.00453417
1.40842e-07,-0.00390253
1.40892e-07,0.000793536
1.40942e-07,0.00334754
1.40992e-07,5.20511e-05
1.41042e-07,-0.00890069
1.41092e-07,-0.0224946
1.41142e-07,-0.0329303
1.41192e-07,-0.0365828
1.41242e-07,-0.0392741
1.41292e-07,-0.036418
1.41342e-07,-0.0191442
1.41392e-07,0.00345739
1.41442e-07,0.0153486
1.41492e-07,0.0191659
1.41542e-07,0.01977
1.41592e-07,0.0107075
1.41642e-07,-0.0019527
1.41692e-07,-0.00736279
1.41742e-07,-0.00428701
1.41792e-07,0.000436525
1.41842e-07,-0.00101898
1.41892e-07,-0.00637415
1.41942e-07,-0.0122236
1.41992e-07,-0.0173316
1.42042e-07,-0.0183752
1.42092e-07,-0.0170296
1.42142e-07,-0.0201877
1.42192e-07,-0.0207095
1.42242e-07,-0.0128278
1.42292e-07,-0.00942247
1.42342e-07,-0.0049461
1.42392e-07,0.00480304
1.42442e-07,0.00466573
1.42492e-07,0.00112308
1.42542e-07,0.000106976
1.42592e-07,-0.00458909
1.42642e-07,-0.00760996
1.42692e-07,-0.00928516
1.42742e-07,-0.0109878
1.42792e-07,-0.0123609
1.42842e-07,-0.0222749
1.42892e-07,-0.0348801
1.42942e-07,-0.0324634
1.42992e-07,-0.0161782
1.43042e-07,-0.00620937
1.43092e-07,-0.00843383
1.43142e-07,-0.00662131
1.43192e-07,0.00246874
1.43242e-07,0.00419887
1.43292e-07,-0.00810428
1.43342e-07,-0.0242247
1.43392e-07,-0.0340288
1.43442e-07,-0.0360335
1.43492e-07,-0.030239
1.43542e-07,-0.0260647
1.43592e-07,-0.0287285
1.43642e-07,-0.0282067
1.43692e-07,-0.0248838
1.43742e-07,-0.0274378
1.43792e-07,-0.0275751
1.43842e-07,-0.0195012
1.43892e-07,-0.0138988
1.43942e-07,-0.0104386
1.43992e-07,-0.00631922
1.44042e-07,-0.00637415
1.44092e-07,-0.00780219
1.44142e-07,-0.00491864
1.44192e-07,0.00202934
1.44242e-07,0.00230397
1.44292e-07,-0.00406731
1.44342e-07,-0.00478133
1.44392e-07,-0.00909292
1.44442e-07,-0.0176063
1.44492e-07,-0.014915
1.44542e-07,-0.0147227
1.44592e-07,-0.0214785
1.44642e-07,-0.019968
1.44692e-07,-0.0189519
1.44742e-07,-0.0208194
1.44792e-07,-0.0189794
1.44842e-07,-0.0217256
1.44892e-07,-0.0235656
1.44942e-07,-0.0211214
1.44992e-07,-0.0229614
1.45042e-07,-0.0232086
1.45092e-07,-0.0173866
1.45142e-07,-0.009038
1.45192e-07,-0.0077198
1.45242e-07,-0.0159585
1.45292e-07,-0.0171669
1.45342e-07,-0.0141735
1.45392e-07,-0.022165
1.45442e-07,-0.0312825
1.45492e-07,-0.0304587
1.45542e-07,-0.0254056
1.45592e-07,-0.0214785
1.45642e-07,-0.0193913
1.45692e-07,-0.0134594
1.45742e-07,0.00095831
1.45792e-07,0.00977374
1.45842e-07,0.00686272
1.45892e-07,0.00823584
1.45942e-07,0.0150191
1.45992e-07,0.0160352
1.46042e-07,0.0115039
1.46092e-07,0.0108448
1.46142e-07,0.0163922
1.46192e-07,0.0168316
1.46242e-07,0.0104603
1.46292e-07,0.00191949
1.46342e-07,-0.00714309
1.46392e-07,-0.0132397
1.46442e-07,-0.0161233
1.46492e-07,-0.0161233
1.46542e-07,-0.0133221
1.46592e-07,-0.00942247
1.46642e-07,-0.0110428
1.46692e-07,-0.0158761
1.46742e-07,-0.0121138
1.46792e-07,-0.00544043
1.46842e-07,-0.00467148
1.46892e-07,-0.00329836
1.46942e-07,-0.000964057
1.46992e-07,0.00027175
1.47042e-07,0.00559945
1.47092e-07,0.0108997
1.47142e-07,0.0170787
1.47192e-07,0.0193581
1.47242e-07,0.00812599
1.47292e-07,0.00408902
1.47342e-07,0.00768659
1.47392e-07,0.00189203
1.47442e-07,0.000656224
1.47492e-07,0.00430872
1.47542e-07,0.00606631
1.47592e-07,0.0105152
1.47642e-07,0.00672541
1.47692e-07,-0.00198017
1.47742e-07,-0.00445178
1.47792e-07,-0.0132123
1.47842e-07,-0.0218904
1.47892e-07,-0.0167275
1.47942e-07,-0.0148326
1.47992e-07,-0.0212038
1.48042e-07,-0.0213686
1.48092e-07,-0.0175239
1.48142e-07,-0.0184027
1.48192e-07,-0.0195561
1.48242e-07,-0.019254
1.48292e-07,-0.022934
1.48342e-07,-0.0229889
1.48392e-07,-0.0160134
1.48442e-07,-0.0126356
1.48492e-07,-0.0123609
1.48542e-07,-0.00766488
1.48592e-07,-0.00134853
1.48642e-07,-0.00099152
1.48692e-07,-0.00887322
1.48742e-07,-0.0231537
1.48792e-07,-0.0345231
1.48842e-07,-0.0312551
1.48892e-07,-0.0191991
1.48942e-07,-0.00890069
1.48992e-07,7.95135e-05
1.49042e-07,0.00480304
1.49092e-07,0.000354137
1.49142e-07,-0.0102189
1.49192e-07,-0.0222199
1.49242e-07,-0.0279047
1.49292e-07,-0.0201053
1.49342e-07,-0.0119215
1.49392e-07,-0.0143657
1.49442e-07,-0.0161508
1.49492e-07,-0.0140911
1.49542e-07,-0.0144481
1.49592e-07,-0.0168922
1.49642e-07,-0.0140636
1.49692e-07,-0.00338075
1.49742e-07,0.000683686
1.49792e-07,-0.0051658
1.49842e-07,-0.00818667
1.49892e-07,-0.00398492
1.49942e-07,0.00463827
1.49992e-07,0.0104328
1.50042e-07,0.0105976
1.50092e-07,0.00785137
1.50142e-07,0.00296306
1.50192e-07,-0.00107391
1.50242e-07,-0.00393
1.50292e-07,-0.00533058
1.50342e-07,-0.00200763
1.50392e-07,0.00244128
1.50442e-07,0.00189203
1.50492e-07,0.0014801
1.50542e-07,0.00754928
1.50592e-07,0.0105427
1.50642e-07,0.00691765
1.50692e-07,0.00834569
1.50742e-07,0.0120806
1.50792e-07,0.0109546
1.50842e-07,0.00485797
1.50892e-07,-0.00522073
1.50942e-07,-0.00447924
1.50992e-07,0.00362216
1.51042e-07,0.00505021
1.51092e-07,0.00787883
1.51142e-07,0.00743943
1.51192e-07,-0.000607046
1.51242e-07,-0.00758249
1.51292e-07,-0.0168922
1.51342e-07,-0.0274378
1.51392e-07,-0.030184
1.51442e-07,-0.0256527
1.51492e-07,-0.0224396
1.51542e-07,-0.0279321
1.51592e-07,-0.0403726
1.51642e-07,-0.0427893
1.51692e-07,-0.0261196
1.51742e-07,-0.012663
1.51792e-07,-0.0160958
1.51842e-07,-0.020737
1.51892e-07,-0.0164803
1.51942e-07,-0.00722548
1.51992e-07,-0.00387507
1.52042e-07,-0.0114822
1.52092e-07,-0.0149973
1.52142e-07,-0.00950486
1.52192e-07,-0.0133771
1.52242e-07,-0.0259274
1.52292e-07,-0.0315572
1.52342e-07,-0.0382854
1.52392e-07,-0.0521539
1.52442e-07,-0.0550375
1.52492e-07,-0.0440251
1.52542e-07,-0.0335344
1.52592e-07,-0.0254605
1.52642e-07,-0.0137615
1.52692e-07,0.0031553
1.52742e-07,0.0126573
1.52792e-07,0.00353977
1.52842e-07,-0.00730787
1.52892e-07,-0.00791204
1.52942e-07,-0.0133221
1.52992e-07,-0.0209841
1.53042e-07,-0.0194462
1.53092e-07,-0.0161233
1.53142e-07,-0.0109329
1.53192e-07,-0.00447924
1.53242e-07,-3.03361e-05
1.53292e-07,0.00790629
1.53342e-07,0.0102681
1.53392e-07,0.005929
1.53442e-07,0.0106251
1.53492e-07,0.0182322
1.53542e-07,0.0180948
1.53592e-07,0.0141403
1.53642e-07,0.00581915
1.53692e-07,-0.00351806
1.53742e-07,-0.00796697
1.53792e-07,-0.0138165
1.53842e-07,-0.0160684
1.53892e-07,-0.00653892
1.53942e-07,0.00455588
1.53992e-07,0.0107349
1.54042e-07,0.0151289
1.54092e-07,0.0204566
1.54142e-07,0.0268553
1.54192e-07,0.0291347
1.54242e-07,0.0203193
1.54292e-07,0.00433618
1.54342e-07,-0.00695086
1.54392e-07,-0.0102738
1.54442e-07,-0.0121962
1.54492e-07,-0.015272
1.54542e-07,-0.0126081
1.54592e-07,-0.00343567
1.54642e-07,0.00584661
1.54692e-07,0.0124651
1.54742e-07,0.017628
1.54792e-07,0.0175181
1.54842e-07,0.00689019
1.54892e-07,-0.000442272
1.54942e-07,0.00197442
1.54992e-07,-0.00140346
1.55042e-07,-0.006484
1.55092e-07,-0.00115629
1.55142e-07,0.00864778
1.55192e-07,0.0169414
1.55242e-07,0.0197151
1.55292e-07,0.0185342
1.55342e-07,0.0123277
1.55392e-07,-0.00338075
1.55442e-07,-0.0139263
1.55492e-07,-0.00980695
1.55542e-07,-0.00338075
1.55592e-07,-0.00552281
1.55642e-07,-0.0128827
1.55692e-07,-0.0147227
1.55742e-07,-0.0105484
1.55792e-07,-0.0117019
1.55842e-07,-0.0158212
1.55892e-07,-0.0110428
1.55942e-07,-0.00574251
1.55992e-07,-0.00706071
1.56042e-07,-0.00439686
1.56092e-07,0.00595646
1.56142e-07,0.0177928
1.56192e-07,0.020896
1.56242e-07,0.0142226
1.56292e-07,0.0100484
1.56342e-07,0.0102406
1.56392e-07,0.0106251
1.56442e-07,0.0132065
1.56492e-07,0.0129594
1.56542e-07,0.00260605
1.56592e-07,-0.00631922
1.56642e-07,-0.0049461
1.56692e-07,-0.00187032
1.56742e-07,-0.000387347
1.56792e-07,-0.00307866
1.56842e-07,-0.01302
1.56892e-07,-0.01854
1.56942e-07,-0.00939501
1.56992e-07,0.000491449
1.57042e-07,-0.00368283
1.57092e-07,-0.0133771
1.57142e-07,-0.0139263
1.57192e-07,-0.00585236
1.57242e-07,0.003375
1.57292e-07,0.0116412
1.57342e-07,0.0102681
1.57392e-07,-0.00294135
1.57442e-07,-0.0109329
1.57492e-07,-0.00763742
1.57542e-07,-0.00181539
1.57592e-07,0.00466573
1.57642e-07,0.0112018
1.57692e-07,0.0120531
1.57742e-07,0.00974627
1.57792e-07,0.00886748
1.57842e-07,0.00084846
1.57892e-07,-0.00725294
1.57942e-07,0.00282575
1.57992e-07,0.0118334
1.58042e-07,0.00721973
1.58092e-07,0.00694511
1.58142e-07,0.00787883
1.58192e-07,0.00364962
1.58242e-07,0.00436365
1.58292e-07,0.00738451
1.58342e-07,0.00172726
1.58392e-07,-0.00637415
1.58442e-07,-0.00695086
1.58492e-07,0.00027175
1.58542e-07,0.00859285
1.58592e-07,0.00735705
1.58642e-07,-0.00143092
1.58692e-07,-0.00774727
1.58742e-07,-0.009038
1.58792e-07,-0.0157114
1.58842e-07,-0.027273
1.58892e-07,-0.0248563
1.58942e-07,-0.0132947
1.58992e-07,-0.00736279
1.59042e-07,-0.00302374
1.59092e-07,7.95135e-05
1.59142e-07,-0.00417716
1.59192e-07,-0.0116195
1.59242e-07,-0.0108505
1.59292e-07,-0.00143092
1.59342e-07,0.00845554
1.59392e-07,0.0136459
1.59442e-07,0.011806
1.59492e-07,0.00532483
1.59542e-07,-0.00088167
1.59592e-07,-0.00425954
1.59642e-07,-0.00906546
