LECROYWR640Zi,59892,Waveform
Segments,1,SegmentSize,4002
Segment,TrigTime,TimeSinceSegment1
#1,01-Nov-2023 13:36:58,0                 
Time,Ampl
-4.041686e-08,0.0238619
-4.036686e-08,0.0271849
-4.031686e-08,0.0353412
-4.026686e-08,0.0352863
-4.021686e-08,0.0340779
-4.016686e-08,0.036632
-4.011686e-08,0.0301234
-4.006686e-08,0.0226261
-4.001686e-08,0.0259216
-3.996686e-08,0.0236697
-3.991686e-08,0.0151014
-3.986686e-08,0.00494036
-3.981686e-08,-0.00879084
-3.976686e-08,-0.00944993
-3.971686e-08,-0.00123868
-3.966686e-08,0.000161901
-3.961686e-08,0.00241382
-3.956686e-08,0.00697257
-3.951686e-08,0.00829077
-3.946686e-08,0.00738451
-3.941686e-08,0.00186457
-3.936686e-08,-0.00277657
-3.931686e-08,-0.000607046
-3.926686e-08,0.00131532
-3.921686e-08,0.00224904
-3.916686e-08,0.00455588
-3.911686e-08,0.00815346
-3.906686e-08,0.0156507
-3.901686e-08,0.0171611
-3.896686e-08,0.00820838
-3.891686e-08,0.00667049
-3.886686e-08,0.011806
-3.881686e-08,0.00400663
-3.876686e-08,-0.0112075
-3.871686e-08,-0.0119765
-3.866686e-08,0.00156248
-3.861686e-08,0.0104328
-3.856686e-08,0.00991105
-3.851686e-08,0.0114764
-3.846686e-08,0.0160901
-3.841686e-08,0.0135361
-3.836686e-08,0.0106251
-3.831686e-08,0.0158429
-3.826686e-08,0.0166393
-3.821686e-08,0.0137009
-3.816686e-08,0.017271
-3.811686e-08,0.0215551
-3.806686e-08,0.0227909
-3.801686e-08,0.0178751
-3.796686e-08,0.00483051
-3.791686e-08,-0.00296881
-3.786686e-08,-0.00453417
-3.781686e-08,-0.0123609
-3.776686e-08,-0.0170021
-3.771686e-08,-0.0083789
-3.766686e-08,-0.00250195
-3.761686e-08,-0.009038
-3.756686e-08,-0.0155191
-3.751686e-08,-0.016343
-3.746686e-08,-0.0132397
-3.741686e-08,-0.00728041
-3.736686e-08,-0.00535804
-3.731686e-08,-0.00964217
-3.726686e-08,-0.0107407
-3.721686e-08,-0.00728041
-3.716686e-08,-0.00782965
-3.711686e-08,-0.00428701
-3.706686e-08,0.00422633
-3.701686e-08,0.00260605
-3.696686e-08,-0.000771821
-3.691686e-08,0.00389679
-3.686686e-08,0.0101857
-3.681686e-08,0.0183695
-3.676686e-08,0.022736
-3.671686e-08,0.0139755
-3.666686e-08,0.00617616
-3.661686e-08,0.00669795
-3.656686e-08,0.00609378
-3.651686e-08,0.0119982
-3.646686e-08,0.0178751
-3.641686e-08,0.00749436
-3.636686e-08,0.00213919
-3.631686e-08,0.00741197
-3.626686e-08,0.00351231
-3.621686e-08,0.00288068
-3.616686e-08,0.0117236
-3.611686e-08,0.011751
-3.606686e-08,0.00483051
-3.601686e-08,0.00321023
-3.596686e-08,0.0063684
-3.591686e-08,0.00763167
-3.586686e-08,0.00982866
-3.581686e-08,0.0149641
-3.576686e-08,0.016145
-3.571686e-08,0.0141677
-3.566686e-08,0.00721973
-3.561686e-08,-0.00711563
-3.556686e-08,-0.0159585
-3.551686e-08,-0.0112625
-3.546686e-08,-0.00321597
-3.541686e-08,-0.00118376
-3.536686e-08,-0.00112883
-3.531686e-08,-0.00310612
-3.526686e-08,-0.00703324
-3.521686e-08,-0.0015133
-3.516686e-08,0.00779644
-3.511686e-08,0.00573677
-3.506686e-08,-3.03361e-05
-3.501686e-08,-0.00104644
-3.496686e-08,-0.00244703
-3.491686e-08,-0.00403984
-3.486686e-08,-0.00722548
-3.481686e-08,-0.0154367
-3.476686e-08,-0.0158487
-3.471686e-08,-0.00717056
-3.466686e-08,-0.00747264
-3.461686e-08,-0.0141735
-3.456686e-08,-0.0131574
-3.451686e-08,-0.00491864
-3.446686e-08,-0.00088167
-3.441686e-08,-0.00379268
-3.436686e-08,-0.00420462
-3.431686e-08,0.000299213
-3.426686e-08,0.00823584
-3.421686e-08,0.0113391
-3.416686e-08,0.000985772
-3.411686e-08,-0.00464402
-3.406686e-08,0.00439111
-3.401686e-08,0.011037
-3.396686e-08,0.012163
-3.391686e-08,0.0113116
-3.386686e-08,0.00952657
-3.381686e-08,0.0133438
-3.376686e-08,0.0182047
-3.371686e-08,0.0164196
-3.366686e-08,0.0119982
-3.361686e-08,0.0104603
-3.356686e-08,0.0133988
-3.351686e-08,0.0170238
-3.346686e-08,0.0119707
-3.341686e-08,0.00623109
-3.336686e-08,0.00938926
-3.331686e-08,0.00485797
-3.326686e-08,-0.0110702
-3.321686e-08,-0.018897
-3.316686e-08,-0.0146403
-3.311686e-08,-0.00804935
-3.306686e-08,-0.00332582
-3.301686e-08,-0.0053855
-3.296686e-08,-0.00686847
-3.291686e-08,0.00318276
-3.286686e-08,0.00705496
-3.281686e-08,0.00318276
-3.276686e-08,0.0133713
-3.271686e-08,0.0250703
-3.266686e-08,0.0203193
-3.261686e-08,0.0178751
-3.256686e-08,0.0264983
-3.251686e-08,0.0277616
-3.246686e-08,0.0235873
-3.241686e-08,0.0240542
-3.236686e-08,0.0218572
-3.231686e-08,0.0186441
-3.226686e-08,0.0185892
-3.221686e-08,0.0160901
-3.216686e-08,0.0161175
-3.211686e-08,0.0219396
-3.206686e-08,0.0225437
-3.201686e-08,0.0169963
-3.196686e-08,0.014305
-3.191686e-08,0.0130418
-3.186686e-08,0.00491289
-3.181686e-08,-0.0069234
-3.176686e-08,-0.0118117
-3.171686e-08,-0.0123609
-3.166686e-08,-0.0186773
-3.161686e-08,-0.0233734
-3.156686e-08,-0.0168099
-3.151686e-08,-0.0150248
-3.146686e-08,-0.0216982
-3.141686e-08,-0.0209841
-3.136686e-08,-0.0187322
-3.131686e-08,-0.0179633
-3.126686e-08,-0.00700578
-3.121686e-08,0.00807107
-3.116686e-08,0.0175181
-3.111686e-08,0.0243288
-3.106686e-08,0.029684
-3.101686e-08,0.0323478
-3.096686e-08,0.0309472
-3.091686e-08,0.0236972
-3.086686e-08,0.0158155
-3.081686e-08,0.0112292
-3.076686e-08,0.00488543
-3.071686e-08,-0.00255688
-3.066686e-08,-0.00244703
-3.061686e-08,0.00559945
-3.056686e-08,0.0164196
-3.051686e-08,0.029327
-3.046686e-08,0.0363848
-3.041686e-08,0.0331442
-3.036686e-08,0.0339132
-3.031686e-08,0.0359729
-3.026686e-08,0.0247133
-3.021686e-08,0.0113666
-3.016686e-08,0.00408902
-3.011686e-08,-0.00252941
-3.006686e-08,-0.00700578
-3.001686e-08,-0.00944993
-2.996686e-08,-0.00884576
-2.991686e-08,-0.00527565
-2.986686e-08,-0.00513834
-2.981686e-08,-0.00642907
-2.976686e-08,-0.00266673
-2.971686e-08,0.00279829
-2.966686e-08,0.00875763
-2.961686e-08,0.0147444
-2.956686e-08,0.0160352
-2.951686e-08,0.0136459
-2.946686e-08,0.0102681
-2.941686e-08,0.0112018
-2.936686e-08,0.0163647
-2.931686e-08,0.0145797
-2.926686e-08,0.0042538
-2.921686e-08,-0.000854208
-2.916686e-08,0.00842808
-2.911686e-08,0.0210333
-2.906686e-08,0.0237521
-2.901686e-08,0.0234775
-2.896686e-08,0.0266631
-2.891686e-08,0.022324
-2.886686e-08,0.0101857
-2.881686e-08,0.00513259
-2.876686e-08,0.00752182
-2.871686e-08,0.00691765
-2.866686e-08,0.00362216
-2.861686e-08,0.00205681
-2.856686e-08,0.00386932
-2.851686e-08,0.00900479
-2.846686e-08,0.0110919
-2.841686e-08,0.0134537
-2.836686e-08,0.0195503
-2.831686e-08,0.0189736
-2.826686e-08,0.0145522
-2.821686e-08,0.0108997
-2.816686e-08,0.00886748
-2.811686e-08,0.0144423
-2.806686e-08,0.0166119
-2.801686e-08,0.0114764
-2.796686e-08,0.014662
-2.791686e-08,0.0236972
-2.786686e-08,0.030398
-2.781686e-08,0.0349842
-2.776686e-08,0.0326499
-2.771686e-08,0.0260315
-2.766686e-08,0.0217199
-2.761686e-08,0.0163372
-2.756686e-08,0.0102681
-2.751686e-08,0.0102131
-2.746686e-08,0.0127397
-2.741686e-08,0.0124101
-2.736686e-08,0.0123003
-2.731686e-08,0.0146346
-2.726686e-08,0.0195229
-2.721686e-08,0.0233127
-2.716686e-08,0.024933
-2.711686e-08,0.0270476
-2.706686e-08,0.0255921
-2.701686e-08,0.0230655
-2.696686e-08,0.024521
-2.691686e-08,0.0241915
-2.686686e-08,0.0152388
-2.681686e-08,-0.00189778
-2.676686e-08,-0.0100266
-2.671686e-08,-0.000826745
-2.666686e-08,0.00645079
-2.661686e-08,0.00620363
-2.656686e-08,0.00743943
-2.651686e-08,0.00878509
-2.646686e-08,0.012108
-2.641686e-08,0.0133164
-2.636686e-08,0.00820838
-2.631686e-08,0.00389679
-2.626686e-08,-0.00439686
-2.621686e-08,-0.0142284
-2.616686e-08,-0.0139812
-2.611686e-08,-0.00777473
-2.606686e-08,-0.00313359
-2.601686e-08,-0.000854208
-2.596686e-08,0.00496782
-2.591686e-08,0.0130418
-2.586686e-08,0.0150465
-2.581686e-08,0.0130692
-2.576686e-08,0.0121355
-2.571686e-08,0.0131241
-2.566686e-08,0.012163
-2.561686e-08,0.00752182
-2.556686e-08,0.00601139
-2.551686e-08,0.0113391
-2.546686e-08,0.0144149
-2.541686e-08,0.00562692
-2.536686e-08,-0.00214494
-2.531686e-08,0.00106816
-2.526686e-08,-0.000222573
-2.521686e-08,-0.00099152
-2.516686e-08,0.00743943
-2.511686e-08,0.0035947
-2.506686e-08,-0.00527565
-2.501686e-08,-0.0023921
-2.496686e-08,-0.00236464
-2.491686e-08,-0.00360045
-2.486686e-08,0.000106976
-2.481686e-08,0.00202934
-2.476686e-08,0.000409062
-2.471686e-08,-0.00697832
-2.466686e-08,-0.0105484
-2.461686e-08,-0.00618191
-2.456686e-08,-0.00280404
-2.451686e-08,0.000299213
-2.446686e-08,0.000738611
-2.441686e-08,0.00183711
-2.436686e-08,0.00878509
-2.431686e-08,0.0123003
-2.426686e-08,0.013234
-2.421686e-08,0.0175731
-2.416686e-08,0.0202369
-2.411686e-08,0.0217199
-2.406686e-08,0.0252351
-2.401686e-08,0.0225987
-2.396686e-08,0.0108173
-2.391686e-08,0.0068078
-2.386686e-08,0.0188912
-2.381686e-08,0.026361
-2.376686e-08,0.0221593
-2.371686e-08,0.0231205
-2.366686e-08,0.0223515
-2.361686e-08,0.00875763
-2.356686e-08,0.0061487
-2.351686e-08,0.0184793
-2.346686e-08,0.017271
-2.341686e-08,0.00927941
-2.336686e-08,0.0122728
-2.331686e-08,0.0093618
-2.326686e-08,-0.00129361
-2.321686e-08,-0.00456163
-2.316686e-08,-0.00700578
-2.311686e-08,-0.0067037
-2.306686e-08,0.000601299
-2.301686e-08,0.00384186
-2.296686e-08,0.00617616
-2.291686e-08,0.0117236
-2.286686e-08,0.0115313
-2.281686e-08,0.00878509
-2.276686e-08,0.00875763
-2.271686e-08,0.00840062
-2.266686e-08,0.00837315
-2.261686e-08,0.00326515
-2.256686e-08,-0.00601714
-2.251686e-08,-0.00620937
-2.246686e-08,-0.00294135
-2.241686e-08,-0.00829651
-2.236686e-08,-0.0107407
-2.231686e-08,-0.0049461
-2.226686e-08,-0.00697832
-2.221686e-08,-0.0146678
-2.216686e-08,-0.0143932
-2.211686e-08,-0.00835144
-2.206686e-08,0.00255113
-2.201686e-08,0.0183695
-2.196686e-08,0.0280911
-2.191686e-08,0.0254273
-2.186686e-08,0.0155408
-2.181686e-08,0.00516006
-2.176686e-08,-0.000964057
-2.171686e-08,-0.00379268
-2.166686e-08,-0.00574251
-2.161686e-08,-0.00513834
-2.156686e-08,0.00142517
-2.151686e-08,0.0127397
-2.146686e-08,0.0190011
-2.141686e-08,0.0108173
-2.136686e-08,-0.00527565
-2.131686e-08,-0.00846129
-2.126686e-08,0.000518912
-2.121686e-08,0.00326515
-2.116686e-08,0.00499528
-2.111686e-08,0.00823584
-2.106686e-08,0.00488543
-2.101686e-08,0.00557199
-2.096686e-08,0.0129319
-2.091686e-08,0.0158978
-2.086686e-08,0.0135361
-2.081686e-08,0.00938926
-2.076686e-08,0.00760421
-2.071686e-08,0.0109546
-2.066686e-08,0.00809853
-2.061686e-08,-0.00318851
-2.056686e-08,-0.00782965
-2.051686e-08,-0.0129926
-2.046686e-08,-0.0245817
-2.041686e-08,-0.0248838
-2.036686e-08,-0.0108505
-2.031686e-08,0.00084846
-2.026686e-08,0.00587408
-2.021686e-08,0.0138656
-2.016686e-08,0.0215002
-2.011686e-08,0.0230106
-2.006686e-08,0.020182
-2.001686e-08,0.00859285
-1.996686e-08,-0.00596221
-1.991686e-08,-0.00920277
-1.986686e-08,-0.0121687
-1.981686e-08,-0.0240874
-1.976686e-08,-0.026559
-1.971686e-08,-0.0139538
-1.966686e-08,-0.00118376
-1.961686e-08,-0.000387347
-1.956686e-08,-0.00944993
-1.951686e-08,-0.0160958
-1.946686e-08,-0.0158761
-1.941686e-08,-0.0115645
-1.936686e-08,-0.00766488
-1.931686e-08,-0.0124433
-1.926686e-08,-0.0202427
-1.921686e-08,-0.0166176
-1.916686e-08,-0.00420462
-1.911686e-08,0.00749436
-1.906686e-08,0.012877
-1.901686e-08,0.0147994
-1.896686e-08,0.0181498
-1.891686e-08,0.0196053
-1.886686e-08,0.0218572
-1.881686e-08,0.0251527
-1.876686e-08,0.0246309
-1.871686e-08,0.0268004
-1.866686e-08,0.0299311
-1.861686e-08,0.022022
-1.856686e-08,0.0103779
-1.851686e-08,0.00667049
-1.846686e-08,0.00996597
-1.841686e-08,0.0117236
-1.836686e-08,0.00535229
-1.831686e-08,0.00340246
-1.826686e-08,0.00985612
-1.821686e-08,0.00991105
-1.816686e-08,0.00461081
-1.811686e-08,0.00873017
-1.806686e-08,0.0189187
-1.801686e-08,0.016914
-1.796686e-08,0.00947165
-1.791686e-08,0.0145247
-1.786686e-08,0.0247957
-1.781686e-08,0.0288876
-1.776686e-08,0.0310845
-1.771686e-08,0.0368791
-1.766686e-08,0.040614
-1.761686e-08,0.032952
-1.756686e-08,0.0233676
-1.751686e-08,0.0207312
-1.746686e-08,0.0126024
-1.741686e-08,0.00296306
-1.736686e-08,-3.03361e-05
-1.731686e-08,-0.00272165
-1.726686e-08,-0.0019527
-1.721686e-08,0.000985772
-1.716686e-08,0.00235889
-1.711686e-08,0.00507767
-1.706686e-08,0.00312784
-1.701686e-08,0.000106976
-1.696686e-08,0.00290814
-1.691686e-08,0.00502274
-1.686686e-08,0.0070275
-1.681686e-08,0.00955404
-1.676686e-08,0.0115588
-1.671686e-08,0.0143325
-1.666686e-08,0.0100209
-1.661686e-08,0.00235889
-1.656686e-08,0.000628761
-1.651686e-08,0.00106816
-1.646686e-08,0.00304545
-1.641686e-08,0.00414395
-1.636686e-08,0.00579169
-1.631686e-08,0.011751
-1.626686e-08,0.0124651
-1.621686e-08,0.00543468
-1.616686e-08,0.00137025
-1.611686e-08,0.00815346
-1.606686e-08,0.0148543
-1.601686e-08,0.00537975
-1.596686e-08,-0.010109
-1.591686e-08,-0.00923024
-1.586686e-08,0.00230397
-1.581686e-08,0.00172726
-1.576686e-08,-0.00585236
-1.571686e-08,0.000106976
-1.566686e-08,0.0141677
-1.561686e-08,0.0148268
-1.556686e-08,0.0065881
-1.551686e-08,0.0061487
-1.546686e-08,0.00944419
-1.541686e-08,0.00450096
-1.536686e-08,-0.0032709
-1.531686e-08,0.00299053
-1.526686e-08,0.0121904
-1.521686e-08,0.00952657
-1.516686e-08,0.00960896
-1.511686e-08,0.0129868
-1.506686e-08,0.00774152
-1.501686e-08,0.00274337
-1.496686e-08,0.00730212
-1.491686e-08,0.0113666
-1.486686e-08,0.00713735
-1.481686e-08,0.00469319
-1.476686e-08,0.00776898
-1.471686e-08,0.00735705
-1.466686e-08,0.00419887
-1.461686e-08,0.00296306
-1.456686e-08,0.00378694
-1.451686e-08,0.00993851
-1.446686e-08,0.0140304
-1.441686e-08,0.0121355
-1.436686e-08,0.0118883
-1.431686e-08,0.00801614
-1.426686e-08,0.00392425
-1.421686e-08,0.0027159
-1.416686e-08,-0.00533058
-1.411686e-08,-0.00994426
-1.406686e-08,0.00106816
-1.401686e-08,0.020182
-1.396686e-08,0.0316063
-1.391686e-08,0.0264709
-1.386686e-08,0.0136459
-1.381686e-08,0.00137025
-1.376686e-08,-0.00681355
-1.371686e-08,-0.00714309
-1.366686e-08,-0.00760996
-1.361686e-08,-0.00609952
-1.356686e-08,-0.000359885
-1.351686e-08,-0.000140186
-1.346686e-08,0.0106251
-1.341686e-08,0.0318535
-1.336686e-08,0.0373734
-1.331686e-08,0.0360552
-1.326686e-08,0.0371263
-1.321686e-08,0.0361926
-1.316686e-08,0.0383072
-1.311686e-08,0.0379776
-1.306686e-08,0.0339406
-1.301686e-08,0.0297664
-1.296686e-08,0.0217473
-1.291686e-08,0.0134812
-1.286686e-08,0.00886748
-1.281686e-08,0.00557199
-1.276686e-08,0.00142517
-1.271686e-08,-0.00436939
-1.266686e-08,-0.00612699
-1.261686e-08,-0.00187032
-1.256686e-08,-0.000854208
-1.251686e-08,-0.000167648
-1.246686e-08,0.00933434
-1.241686e-08,0.0179575
-1.236686e-08,0.0122728
-1.231686e-08,-0.000250035
-1.226686e-08,-0.00373776
-1.221686e-08,0.00301799
-1.216686e-08,0.00738451
-1.211686e-08,-0.00211748
-1.206686e-08,-0.0106857
-1.201686e-08,-0.00475387
-1.196686e-08,-0.000909132
-1.191686e-08,-0.00162315
-1.186686e-08,0.00304545
-1.181686e-08,0.00647825
-1.176686e-08,0.00647825
-1.171686e-08,0.0082633
-1.166686e-08,0.00966389
-1.161686e-08,0.00639586
-1.156686e-08,0.000601299
-1.151686e-08,0.000711148
-1.146686e-08,0.00334754
-1.141686e-08,7.95135e-05
-1.136686e-08,0.00101323
-1.131686e-08,0.00864778
-1.126686e-08,0.0150191
-1.121686e-08,0.0239169
-1.116686e-08,0.0353687
-1.111686e-08,0.0402295
-1.106686e-08,0.032952
-1.101686e-08,0.0241091
-1.096686e-08,0.0268828
-1.091686e-08,0.024933
-1.086686e-08,0.00864778
-1.081686e-08,0.00579169
-1.076686e-08,0.0209784
-1.071686e-08,0.0302881
-1.066686e-08,0.0379776
-1.061686e-08,0.0461339
-1.056686e-08,0.0422892
-1.051686e-08,0.0371537
-1.046686e-08,0.0305628
-1.041686e-08,0.0171611
-1.036686e-08,0.0120806
-1.031686e-08,0.0148543
-1.026686e-08,0.0135361
-1.021686e-08,0.00675287
-1.016686e-08,-0.00230971
-1.011686e-08,-0.00662131
-1.006686e-08,-0.00088167
-1.001686e-08,0.00172726
-9.966855e-09,-0.0037103
-9.916855e-09,-0.000744358
-9.866855e-09,0.0104054
-9.816855e-09,0.0209235
-9.766855e-09,0.0296016
-9.716855e-09,0.0330344
-9.666855e-09,0.0258942
-9.616855e-09,0.00754928
-9.566855e-09,-0.00730787
-9.516855e-09,-0.0101914
-9.466855e-09,-0.00829651
-9.416855e-09,0.000573836
-9.366855e-09,0.0134262
-9.316855e-09,0.0179575
-9.266855e-09,0.0191384
-9.216855e-09,0.0265533
-9.166855e-09,0.0313042
-9.116855e-09,0.0225987
-9.066855e-09,0.00732958
-9.016855e-09,-0.0030512
-8.966855e-09,-0.00365537
-8.916855e-09,0.00246874
-8.866855e-09,0.00837315
-8.816855e-09,0.0111194
-8.766855e-09,0.00944419
-8.716855e-09,0.00925195
-8.666855e-09,0.0152113
-8.616855e-09,0.0163647
-8.566855e-09,0.0104328
-8.516855e-09,0.00790629
-8.466855e-09,0.00559945
-8.416855e-09,-0.000854208
-8.366855e-09,-0.00343567
-8.316855e-09,0.00244128
-8.266855e-09,0.0111469
-8.216855e-09,0.0145247
-8.166855e-09,0.0172435
-8.116855e-09,0.0227909
-8.066855e-09,0.0233676
-8.016855e-09,0.0207587
-7.966855e-09,0.0130143
-7.916855e-09,0.00321023
-7.866855e-09,0.00933434
-7.816855e-09,0.0237246
-7.766855e-09,0.0283658
-7.716855e-09,0.0248231
-7.666855e-09,0.0252625
-7.616855e-09,0.0331992
-7.566855e-09,0.0310845
-7.516855e-09,0.0161175
-7.466855e-09,0.00414395
-7.416855e-09,-0.00530311
-7.366855e-09,-0.0115371
-7.316855e-09,-0.00986187
-7.266855e-09,-0.0120039
-7.216855e-09,-0.0190343
-7.166855e-09,-0.0148875
-7.116855e-09,0.00106816
-7.066855e-09,0.01252
-7.016855e-09,0.0115039
-6.966855e-09,0.00955404
-6.916855e-09,0.0134262
-6.866855e-09,0.0141403
-6.816855e-09,0.00705496
-6.766855e-09,-0.000854208
-6.716855e-09,0.00244128
-6.666855e-09,0.0119158
-6.616855e-09,0.0093618
-6.566855e-09,-0.00110137
-6.516855e-09,-0.00285896
-6.466855e-09,0.00095831
-6.416855e-09,-0.00321597
-6.366855e-09,-0.00552281
-6.316855e-09,0.00384186
-6.266855e-09,0.00716481
-6.216855e-09,0.000134438
-6.166855e-09,-0.00154077
-6.116855e-09,0.00551707
-6.066855e-09,0.0119707
-6.016855e-09,0.00793376
-5.966855e-09,0.000820998
-5.916855e-09,0.00853793
-5.866855e-09,0.020896
-5.816855e-09,0.0182596
-5.766855e-09,0.01252
-5.716855e-09,0.0158155
-5.666855e-09,0.0171886
-5.616855e-09,0.0138656
-5.566855e-09,0.0138382
-5.516855e-09,0.0160626
-5.466855e-09,0.0173259
-5.416855e-09,0.0234225
-5.366855e-09,0.0308099
-5.316855e-09,0.0276243
-5.266855e-09,0.0219121
-5.216855e-09,0.015431
-5.166855e-09,0.00491289
-5.116855e-09,0.00219412
-5.066855e-09,0.00202934
-5.016855e-09,-0.00187032
-4.966855e-09,-0.00118376
-4.916855e-09,0.0052699
-4.866855e-09,0.0144973
-4.816855e-09,0.0194405
-4.766855e-09,0.0182322
-4.716855e-09,0.0242464
-4.666855e-09,0.0341878
-4.616855e-09,0.0316887
-4.566855e-09,0.0244936
-4.516855e-09,0.0216924
-4.466855e-09,0.0138656
-4.416855e-09,0.000216825
-4.366855e-09,-0.00750011
-4.316855e-09,-0.00912039
-4.266855e-09,-0.0142559
-4.216855e-09,-0.0212313
-4.166855e-09,-0.0192265
-4.116855e-09,-0.0105484
-4.066855e-09,-0.00225479
-4.016855e-09,0.0061487
-3.966855e-09,0.0103779
-3.916855e-09,0.0125474
-3.866855e-09,0.0121904
-3.816855e-09,-0.000964057
-3.766855e-09,-0.0149699
-3.716855e-09,-0.0148875
-3.666855e-09,-0.0121138
-3.616855e-09,-0.0110977
-3.566855e-09,-0.000277498
-3.516855e-09,0.0113391
-3.466855e-09,0.0116137
-3.416855e-09,0.0126024
-3.366855e-09,0.0208411
-3.316855e-09,0.025647
-3.266855e-09,0.0237246
-3.216855e-09,0.0214453
-3.166855e-09,0.0187265
-3.116855e-09,0.0157056
-3.066855e-09,0.0177928
-3.016855e-09,0.0247682
-2.966855e-09,0.0320732
-2.916855e-09,0.0319633
-2.866855e-09,0.0289425
-2.816855e-09,0.0333639
-2.766855e-09,0.0305902
-2.716855e-09,0.0191933
-2.666855e-09,0.0183145
-2.616855e-09,0.0214453
-2.566855e-09,0.023093
-2.516855e-09,0.0280362
-2.466855e-09,0.0258667
-2.416855e-09,0.0147719
-2.366855e-09,0.00642333
-2.316855e-09,0.00710988
-2.266855e-09,0.0139755
-2.216855e-09,0.0182322
-2.166855e-09,0.0197426
-2.116855e-09,0.0232852
-2.066855e-09,0.0276518
-2.016855e-09,0.0306177
-1.966855e-09,0.0288326
-1.916855e-09,0.024219
-1.866855e-09,0.0182322
-1.816855e-09,0.00581915
-1.766855e-09,-0.0023921
-1.716855e-09,0.000573836
-1.666855e-09,-0.000250035
-1.616855e-09,-0.00423208
-1.566855e-09,-0.00653892
-1.516855e-09,-0.0158761
-1.466855e-09,-0.0195012
-1.416855e-09,-0.0116744
-1.366855e-09,-0.0119765
-1.316855e-09,-0.0102738
-1.266855e-09,-0.00225479
-1.216855e-09,-0.00675862
-1.166855e-09,-0.00780219
-1.116855e-09,0.00158994
-1.066855e-09,0.00422633
-1.016855e-09,0.00529737
-9.668552e-10,0.0118609
-9.168552e-10,0.0203742
-8.668552e-10,0.0197151
-8.168552e-10,0.0111469
-7.668552e-10,0.0137558
-7.168552e-10,0.0181498
-6.668552e-10,0.0123003
-6.168552e-10,0.0074669
-5.668552e-10,0.00787883
-5.168552e-10,0.0130418
-4.668552e-10,0.0166393
-4.168552e-10,0.0142501
-3.668552e-10,0.0140304
-3.168552e-10,0.0155134
-2.668552e-10,0.0146895
-2.168552e-10,0.0196053
-1.668552e-10,0.0292995
-1.168552e-10,0.0423441
-6.685522e-11,0.0719211
-1.685522e-11,0.125006
3.314478e-11,0.197973
8.314478e-11,0.287309
1.331448e-10,0.392352
1.831448e-10,0.499428
2.331448e-10,0.596782
2.831448e-10,0.692269
3.331448e-10,0.777485
3.831448e-10,0.833343
4.331448e-10,0.871077
4.831448e-10,0.902906
5.331448e-10,0.915264
5.831448e-10,0.913204
6.331448e-10,0.917598
6.831448e-10,0.923502
7.331448e-10,0.923063
7.831448e-10,0.92688
8.331448e-10,0.935668
8.831448e-10,0.936822
9.331448e-10,0.930258
9.831448e-10,0.927484
1.033145e-09,0.927512
1.083145e-09,0.922871
1.133145e-09,0.91963
1.183145e-09,0.9179
1.233145e-09,0.909139
1.283145e-09,0.895518
1.333145e-09,0.881045
1.383145e-09,0.872203
1.433145e-09,0.87028
1.483145e-09,0.862234
1.533145e-09,0.849876
1.583145e-09,0.841609
1.633145e-09,0.83414
1.683145e-09,0.82505
1.733145e-09,0.814477
1.783145e-09,0.804013
1.833145e-09,0.788992
1.883145e-09,0.773256
1.933145e-09,0.766692
1.983145e-09,0.764907
2.033145e-09,0.765539
2.083145e-09,0.762023
2.133145e-09,0.752851
2.183145e-09,0.755323
2.233145e-09,0.756696
2.283145e-09,0.741207
2.333145e-09,0.726927
2.383145e-09,0.716024
2.433145e-09,0.70221
2.483145e-09,0.688699
2.533145e-09,0.678043
2.583145e-09,0.67137
2.633145e-09,0.662335
2.683145e-09,0.651652
2.733145e-09,0.646352
2.783145e-09,0.646324
2.833145e-09,0.642233
2.883145e-09,0.628364
2.933145e-09,0.6165
2.983145e-09,0.607822
3.033145e-09,0.591647
3.083145e-09,0.580085
3.133145e-09,0.586786
3.183145e-09,0.597798
3.233145e-09,0.595766
3.283145e-09,0.584946
3.333145e-09,0.575197
3.383145e-09,0.563882
3.433145e-09,0.55449
3.483145e-09,0.54952
3.533145e-09,0.53826
3.583145e-09,0.520354
3.633145e-09,0.510743
3.683145e-09,0.517141
3.733145e-09,0.520382
3.783145e-09,0.510495
3.833145e-09,0.506843
3.883145e-09,0.512912
3.933145e-09,0.515823
3.983145e-09,0.511292
4.033145e-09,0.501982
4.083145e-09,0.498028
4.133145e-09,0.505635
4.183145e-09,0.512583
4.233145e-09,0.506239
4.283145e-09,0.497066
4.333145e-09,0.49995
4.383145e-09,0.505717
4.433145e-09,0.506678
4.483145e-09,0.503932
4.533145e-09,0.493991
4.583145e-09,0.486933
4.633145e-09,0.481935
4.683145e-09,0.469329
4.733145e-09,0.455104
4.783145e-09,0.440302
4.833145e-09,0.432859
4.883145e-09,0.442773
4.933145e-09,0.447771
4.983145e-09,0.433656
5.033145e-09,0.423632
5.083145e-09,0.420556
5.133145e-09,0.411411
5.183145e-09,0.399602
5.233145e-09,0.384416
5.283145e-09,0.370767
5.333145e-09,0.372195
5.383145e-09,0.386942
5.433145e-09,0.395456
5.483145e-09,0.389112
5.533145e-09,0.380763
5.583145e-09,0.374502
5.633145e-09,0.367526
5.683145e-09,0.359178
5.733145e-09,0.34822
5.783145e-09,0.350143
5.833145e-09,0.366538
5.883145e-09,0.372387
5.933145e-09,0.367224
5.983145e-09,0.363297
6.033145e-09,0.361677
6.083145e-09,0.358189
6.133145e-09,0.344046
6.183145e-09,0.325619
6.233145e-09,0.314469
6.283145e-09,0.307164
6.333145e-09,0.300765
6.383145e-09,0.298513
6.433145e-09,0.304061
6.483145e-09,0.308043
6.533145e-09,0.302111
6.583145e-09,0.308043
6.633145e-09,0.328447
6.683145e-09,0.333693
6.733145e-09,0.327871
6.783145e-09,0.333061
6.833145e-09,0.341684
6.883145e-09,0.339103
6.933145e-09,0.325536
6.983145e-09,0.312904
7.033145e-09,0.309114
7.083145e-09,0.301122
7.133145e-09,0.290329
7.183145e-09,0.291263
7.233145e-09,0.287666
7.283145e-09,0.270337
7.333145e-09,0.253612
7.383145e-09,0.247928
7.433145e-09,0.261467
7.483145e-09,0.278631
7.533145e-09,0.274044
7.583145e-09,0.256221
7.633145e-09,0.252212
7.683145e-09,0.264323
7.733145e-09,0.268909
7.783145e-09,0.257567
7.833145e-09,0.241337
7.883145e-09,0.228924
7.933145e-09,0.221619
7.983145e-09,0.221481
8.033145e-09,0.232549
8.083145e-09,0.241392
8.133145e-09,0.23881
8.183145e-09,0.240238
8.233145e-09,0.241803
8.283145e-09,0.229693
8.333145e-09,0.218021
8.383145e-09,0.217664
8.433145e-09,0.221399
8.483145e-09,0.220822
8.533145e-09,0.217884
8.583145e-09,0.221399
8.633145e-09,0.223074
8.683145e-09,0.21338
8.733145e-09,0.202999
8.783145e-09,0.197259
8.833145e-09,0.191053
8.883145e-09,0.186604
8.933145e-09,0.186494
8.983145e-09,0.187703
9.033145e-09,0.187455
9.083145e-09,0.179793
9.133145e-09,0.167985
9.183145e-09,0.169495
9.233145e-09,0.175235
9.283145e-09,0.170511
9.333145e-09,0.171088
9.383145e-09,0.174081
9.433145e-09,0.171362
9.483145e-09,0.179299
9.533145e-09,0.189131
9.583145e-09,0.182018
9.633145e-09,0.174191
9.683145e-09,0.17875
9.733145e-09,0.179079
9.783145e-09,0.175317
9.833145e-09,0.176608
9.883145e-09,0.167902
9.933145e-09,0.155489
9.983145e-09,0.158235
1.003314e-08,0.163508
1.008314e-08,0.157082
1.013314e-08,0.147058
1.018314e-08,0.147964
1.023314e-08,0.158153
1.028314e-08,0.163618
1.033314e-08,0.162629
1.038314e-08,0.163645
1.043314e-08,0.168863
1.048314e-08,0.164799
1.053314e-08,0.14585
1.058314e-08,0.130169
1.063314e-08,0.12561
1.068314e-08,0.121765
1.073314e-08,0.111714
1.078314e-08,0.109023
1.083314e-08,0.123825
1.088314e-08,0.137996
1.093314e-08,0.140275
1.098314e-08,0.131707
1.103314e-08,0.117124
1.108314e-08,0.111934
1.113314e-08,0.113142
1.118314e-08,0.10938
1.123314e-08,0.106331
1.128314e-08,0.106029
1.133314e-08,0.108638
1.138314e-08,0.115312
1.143314e-08,0.122452
1.148314e-08,0.126077
1.153314e-08,0.123495
1.158314e-08,0.121298
1.163314e-08,0.115888
1.168314e-08,0.0979005
1.173314e-08,0.0850481
1.178314e-08,0.0791163
1.183314e-08,0.0688728
1.188314e-08,0.0715641
1.193314e-08,0.0801598
1.198314e-08,0.0766996
1.203314e-08,0.0830159
1.208314e-08,0.102349
1.213314e-08,0.106084
1.218314e-08,0.0946051
1.223314e-08,0.0878218
1.228314e-08,0.0847186
1.233314e-08,0.0781276
1.238314e-08,0.0739259
1.243314e-08,0.0756835
1.248314e-08,0.0795831
1.253314e-08,0.0843616
1.258314e-08,0.0841144
1.263314e-08,0.0672251
1.268314e-08,0.0464635
1.273314e-08,0.047919
1.278314e-08,0.0581899
1.283314e-08,0.0535213
1.288314e-08,0.0503357
1.293314e-08,0.0552789
1.298314e-08,0.0550318
1.303314e-08,0.058492
1.308314e-08,0.0657146
1.313314e-08,0.0666758
1.318314e-08,0.0678841
1.323314e-08,0.068708
1.328314e-08,0.0690101
1.333314e-08,0.0801324
1.338314e-08,0.0908427
1.343314e-08,0.0860093
1.348314e-08,0.0779628
1.353314e-08,0.0737336
1.358314e-08,0.0641493
1.363314e-08,0.0516539
1.368314e-08,0.052313
1.373314e-08,0.0611009
1.378314e-08,0.057009
1.383314e-08,0.0477817
1.388314e-08,0.0489626
1.393314e-08,0.0473148
1.398314e-08,0.03806
1.403314e-08,0.0389663
1.408314e-08,0.0411632
1.413314e-08,0.0308648
1.418314e-08,0.0262237
1.423314e-08,0.0337759
1.428314e-08,0.0417674
1.433314e-08,0.0452002
1.438314e-08,0.0493745
1.443314e-08,0.0590962
1.448314e-08,0.0627212
1.453314e-08,0.0638746
1.458314e-08,0.0774136
1.463314e-08,0.0830983
1.468314e-08,0.0706853
1.473314e-08,0.0604418
1.478314e-08,0.0539882
1.483314e-08,0.0500336
1.488314e-08,0.0506927
1.493314e-08,0.0485506
1.498314e-08,0.0425638
1.503314e-08,0.0356708
1.508314e-08,0.0313866
1.513314e-08,0.0317436
1.518314e-08,0.0367693
1.523314e-08,0.0372087
1.528314e-08,0.0295467
1.533314e-08,0.0272947
1.538314e-08,0.0280362
1.543314e-08,0.024521
1.548314e-08,0.0236148
1.553314e-08,0.0268828
1.558314e-08,0.0305353
1.563314e-08,0.034023
1.568314e-08,0.0330618
1.573314e-08,0.0246858
1.578314e-08,0.020539
1.583314e-08,0.0191109
1.588314e-08,0.00282575
1.593314e-08,-0.0138165
1.598314e-08,-0.00804935
1.603314e-08,0.00752182
1.608314e-08,0.0176005
1.613314e-08,0.0266082
1.618314e-08,0.0337484
1.623314e-08,0.0324577
1.628314e-08,0.0298213
1.633314e-08,0.0310022
1.638314e-08,0.0336386
1.643314e-08,0.0389388
1.648314e-08,0.0414104
1.653314e-08,0.0407238
1.658314e-08,0.0459966
1.663314e-08,0.0511046
1.668314e-08,0.0464909
1.673314e-08,0.0430307
1.678314e-08,0.0479739
1.683314e-08,0.0494569
1.688314e-08,0.0430307
1.693314e-08,0.0313317
1.698314e-08,0.0180948
1.703314e-08,0.0157056
1.708314e-08,0.0218572
1.713314e-08,0.0229008
1.718314e-08,0.0215826
1.723314e-08,0.023093
1.728314e-08,0.019825
1.733314e-08,0.0156507
1.738314e-08,0.0256195
1.743314e-08,0.0378403
1.748314e-08,0.036934
1.753314e-08,0.0337484
1.758314e-08,0.030398
1.763314e-08,0.0256745
1.768314e-08,0.0264983
1.773314e-08,0.0257568
1.778314e-08,0.0211432
1.783314e-08,0.0217748
1.788314e-08,0.0221043
1.793314e-08,0.0211432
1.798314e-08,0.0283108
1.803314e-08,0.0332266
1.808314e-08,0.0291073
1.813314e-08,0.02345
1.818314e-08,0.0148543
1.823314e-08,0.0109546
1.828314e-08,0.0149367
1.833314e-08,0.0122728
1.838314e-08,0.00894986
1.843314e-08,0.0138656
1.848314e-08,0.0191933
1.853314e-08,0.0262786
1.858314e-08,0.0334738
1.863314e-08,0.0330618
1.868314e-08,0.0264434
1.873314e-08,0.0180399
1.878314e-08,0.016859
1.883314e-08,0.0213354
1.888314e-08,0.0224614
1.893314e-08,0.0306452
1.898314e-08,0.0407238
1.903314e-08,0.0343526
1.908314e-08,0.0300684
1.913314e-08,0.036632
1.918314e-08,0.0361926
1.923314e-08,0.0312219
1.928314e-08,0.0286404
1.933314e-08,0.0278989
1.938314e-08,0.0294368
1.943314e-08,0.0325675
1.948314e-08,0.0327598
1.953314e-08,0.0305902
1.958314e-08,0.0295741
1.963314e-08,0.024576
1.968314e-08,0.0188363
1.973314e-08,0.010323
1.978314e-08,-0.00593475
1.983314e-08,-0.0132672
1.988314e-08,-0.00500103
1.993314e-08,0.00392425
1.998314e-08,-0.000744358
2.003314e-08,-0.0085986
2.008314e-08,-0.00241956
2.013314e-08,0.00601139
2.018314e-08,0.00700004
2.023314e-08,0.0119158
2.028314e-08,0.0214727
2.033314e-08,0.0240542
2.038314e-08,0.0231205
2.043314e-08,0.0264709
2.048314e-08,0.0246034
2.053314e-08,0.0116412
2.058314e-08,0.00175472
2.063314e-08,0.00282575
2.068314e-08,0.00554453
2.073314e-08,0.00524244
2.078314e-08,0.00244128
2.083314e-08,-0.00313359
2.088314e-08,-0.0058249
2.093314e-08,-0.00170554
2.098314e-08,0.00115055
2.103314e-08,0.000573836
2.108314e-08,0.00554453
2.113314e-08,0.0130143
2.118314e-08,0.0157056
2.123314e-08,0.0145797
2.128314e-08,0.0103779
2.133314e-08,0.00661556
2.138314e-08,0.00375947
2.143314e-08,0.00084846
2.148314e-08,0.00436365
2.153314e-08,0.0110645
2.158314e-08,0.0126024
2.163314e-08,0.0190011
2.168314e-08,0.0295467
2.173314e-08,0.0271574
2.178314e-08,0.0247682
2.183314e-08,0.0289974
2.188314e-08,0.0238619
2.193314e-08,0.0184244
2.198314e-08,0.0136185
2.203314e-08,0.000601299
2.208314e-08,-0.00936755
2.213314e-08,-0.0120039
2.218314e-08,-0.00717056
2.223314e-08,-0.000497197
2.228314e-08,0.00131532
2.233314e-08,0.00444603
2.238314e-08,0.00647825
2.243314e-08,0.00595646
2.248314e-08,0.00557199
2.253314e-08,0.00356724
2.258314e-08,0.000656224
2.263314e-08,-0.00505595
2.268314e-08,-0.0111251
2.273314e-08,-0.011235
2.278314e-08,-0.00522073
2.283314e-08,0.00351231
2.288314e-08,0.00977374
2.293314e-08,0.0104878
2.298314e-08,0.00996597
2.303314e-08,0.0128221
2.308314e-08,0.0180125
2.313314e-08,0.0202644
2.318314e-08,0.0162823
2.323314e-08,0.0136185
2.328314e-08,0.0143325
2.333314e-08,0.0089224
2.338314e-08,0.00200188
2.343314e-08,0.00183711
2.348314e-08,0.00109562
2.353314e-08,-0.00483625
2.358314e-08,-0.00739026
2.363314e-08,5.20511e-05
2.368314e-08,0.00829077
2.373314e-08,0.00812599
2.378314e-08,0.00911464
2.383314e-08,0.0166119
2.388314e-08,0.0215551
2.393314e-08,0.0207587
2.398314e-08,0.0177104
2.403314e-08,0.0160077
2.408314e-08,0.0123003
2.413314e-08,0.00134278
2.418314e-08,-0.00574251
2.423314e-08,0.000601299
2.428314e-08,0.00683526
2.433314e-08,0.0054896
2.438314e-08,0.0102406
2.443314e-08,0.0221867
2.448314e-08,0.0273771
2.453314e-08,0.0259491
2.458314e-08,0.0257019
2.463314e-08,0.0268279
2.468314e-08,0.0294643
2.473314e-08,0.0357806
2.478314e-08,0.0405041
2.483314e-08,0.0339406
2.488314e-08,0.0226811
2.493314e-08,0.0180948
2.498314e-08,0.013591
2.503314e-08,0.00812599
2.508314e-08,0.0103779
2.513314e-08,0.017216
2.518314e-08,0.0220769
2.523314e-08,0.0265533
2.528314e-08,0.0274595
2.533314e-08,0.0163647
2.538314e-08,0.00691765
2.543314e-08,0.0117236
2.548314e-08,0.0192757
2.553314e-08,0.0208411
2.558314e-08,0.0146895
2.563314e-08,0.0103779
2.568314e-08,0.0156781
2.573314e-08,0.0204017
2.578314e-08,0.0195503
2.583314e-08,0.0176829
2.588314e-08,0.0148543
2.593314e-08,0.00840062
2.598314e-08,0.0024962
2.603314e-08,0.0035947
2.608314e-08,0.00845554
2.613314e-08,0.0144423
2.618314e-08,0.0250703
2.623314e-08,0.0327048
2.628314e-08,0.034435
2.633314e-08,0.0400098
2.638314e-08,0.0408612
2.643314e-08,0.0306452
2.648314e-08,0.0221318
2.653314e-08,0.0181223
2.658314e-08,0.0165844
2.663314e-08,0.0198799
2.668314e-08,0.0195503
2.673314e-08,0.00905971
2.678314e-08,-0.00206255
2.683314e-08,-0.00824159
2.688314e-08,-0.0129377
2.693314e-08,-0.0182379
2.698314e-08,-0.0232086
2.703314e-08,-0.0186498
2.708314e-08,-0.00414969
2.713314e-08,0.00609378
2.718314e-08,0.0145522
2.723314e-08,0.0266356
2.728314e-08,0.0306452
2.733314e-08,0.0237796
2.738314e-08,0.0120806
2.743314e-08,-0.000826745
2.748314e-08,-0.00566013
2.753314e-08,-0.000661971
2.758314e-08,0.00419887
2.763314e-08,0.00974627
2.768314e-08,0.0184519
2.773314e-08,0.0226261
2.778314e-08,0.0246034
2.783314e-08,0.0294643
2.788314e-08,0.0290798
2.793314e-08,0.0190011
2.798314e-08,0.00186457
2.803314e-08,-0.0151072
2.808314e-08,-0.0207644
2.813314e-08,-0.0149973
2.818314e-08,-0.0101914
2.823314e-08,-0.0099168
2.828314e-08,-0.00782965
2.833314e-08,-0.00659385
2.838314e-08,-0.000716896
2.843314e-08,0.0116961
2.848314e-08,0.0171611
2.853314e-08,0.0187814
2.858314e-08,0.0170787
2.863314e-08,0.0104603
2.868314e-08,0.0138931
2.873314e-08,0.016502
2.878314e-08,0.00661556
2.883314e-08,0.00664302
2.888314e-08,0.0125474
2.893314e-08,0.00491289
2.898314e-08,-0.00340821
2.903314e-08,-0.00187032
2.908314e-08,0.00158994
2.913314e-08,0.00768659
2.918314e-08,0.0141952
2.923314e-08,0.0134537
2.928314e-08,0.0129868
2.933314e-08,0.0146071
2.938314e-08,0.0155134
2.943314e-08,0.0116961
2.948314e-08,0.00128786
2.953314e-08,-0.000359885
2.958314e-08,0.00480304
2.963314e-08,-0.00329836
2.968314e-08,-0.0224122
2.973314e-08,-0.0300467
2.978314e-08,-0.0215059
2.983314e-08,-0.0183477
2.988314e-08,-0.0183477
2.993314e-08,-0.00390253
2.998314e-08,0.00851047
3.003314e-08,0.0112018
3.008314e-08,0.0178477
3.013314e-08,0.0232028
3.018314e-08,0.0258392
3.023314e-08,0.028915
3.028314e-08,0.0294917
3.033314e-08,0.0310845
3.038314e-08,0.0301783
3.043314e-08,0.0253724
3.048314e-08,0.0253998
3.053314e-08,0.026718
3.058314e-08,0.0253724
3.063314e-08,0.0273771
3.068314e-08,0.0357532
3.073314e-08,0.0448707
3.078314e-08,0.0426188
3.083314e-08,0.0315239
3.088314e-08,0.026718
3.093314e-08,0.0304804
3.098314e-08,0.0393233
3.103314e-08,0.0483859
3.108314e-08,0.0412731
3.113314e-08,0.0244936
3.118314e-08,0.0205665
3.123314e-08,0.0243013
3.128314e-08,0.0305628
3.133314e-08,0.0404218
3.138314e-08,0.045008
3.143314e-08,0.0407513
3.148314e-08,0.0342702
3.153314e-08,0.0355884
3.158314e-08,0.0458593
3.163314e-08,0.0507751
3.168314e-08,0.0415477
3.173314e-08,0.0291073
3.178314e-08,0.0232028
3.183314e-08,0.0250977
3.188314e-08,0.0304804
3.193314e-08,0.0310571
3.198314e-08,0.0305902
3.203314e-08,0.0305628
3.208314e-08,0.0243563
3.213314e-08,0.0209235
3.218314e-08,0.025647
3.223314e-08,0.0269927
3.228314e-08,0.0226536
3.233314e-08,0.0165844
3.238314e-08,0.00768659
3.243314e-08,-0.000524659
3.248314e-08,-0.00420462
3.253314e-08,-0.00870845
3.258314e-08,-0.0161782
3.263314e-08,-0.0162606
3.268314e-08,-0.0112625
3.273314e-08,-0.00966963
3.278314e-08,-0.00390253
3.283314e-08,0.00598393
3.288314e-08,0.0147994
3.293314e-08,0.0193856
3.298314e-08,0.0112567
3.303314e-08,0.00128786
3.308314e-08,0.0063684
3.313314e-08,0.0108722
3.318314e-08,0.00134278
3.323314e-08,-0.00851621
3.328314e-08,-0.0142009
3.333314e-08,-0.0171394
3.338314e-08,-0.0135968
3.343314e-08,-0.00920277
3.348314e-08,-0.00708817
3.353314e-08,-0.00645653
3.358314e-08,-0.00810428
3.363314e-08,-0.00656638
3.368314e-08,-0.00445178
3.373314e-08,-0.00566013
3.378314e-08,-0.00198017
3.383314e-08,0.00661556
3.388314e-08,0.0110645
3.393314e-08,0.00713735
3.398314e-08,-0.00321597
3.403314e-08,-0.0129926
3.408314e-08,-0.0168099
3.413314e-08,-0.0212862
3.418314e-08,-0.0310903
3.423314e-08,-0.0367201
3.428314e-08,-0.034935
3.433314e-08,-0.0271632
3.438314e-08,-0.0159311
3.443314e-08,-0.0113723
3.448314e-08,-0.0166725
3.453314e-08,-0.0256253
3.458314e-08,-0.0253781
3.463314e-08,-0.0114547
3.468314e-08,-0.00398492
3.473314e-08,-0.0128278
3.478314e-08,-0.0205173
3.483314e-08,-0.0218904
3.488314e-08,-0.022879
3.493314e-08,-0.017057
3.498314e-08,-0.0077198
3.503314e-08,-0.00618191
3.508314e-08,-0.00848875
3.513314e-08,-0.0094774
3.518314e-08,-0.010164
3.523314e-08,-0.0101365
3.528314e-08,-0.00994426
3.533314e-08,-0.0094774
3.538314e-08,-0.010466
3.543314e-08,-0.012306
3.548314e-08,-0.00686847
3.553314e-08,-0.00557774
3.558314e-08,-0.0185949
3.563314e-08,-0.0253232
3.568314e-08,-0.022577
3.573314e-08,-0.0238128
3.578314e-08,-0.0234832
3.583314e-08,-0.0179084
3.588314e-08,-0.0163155
3.593314e-08,-0.015986
3.598314e-08,-0.0105484
3.603314e-08,-0.00725294
3.608314e-08,-0.00829651
3.613314e-08,-0.0102738
3.618314e-08,-0.0103562
3.623314e-08,-0.00714309
3.628314e-08,-0.00483625
3.633314e-08,-0.00774727
3.638314e-08,-0.0140362
3.643314e-08,-0.0134594
3.648314e-08,-0.00821413
3.653314e-08,-0.0136791
3.658314e-08,-0.0208194
3.663314e-08,-0.0163155
3.668314e-08,-0.0136242
3.673314e-08,-0.0188695
3.678314e-08,-0.0236205
3.683314e-08,-0.022934
3.688314e-08,-0.0221376
3.693314e-08,-0.0296348
3.698314e-08,-0.0337541
3.703314e-08,-0.026559
3.708314e-08,-0.0161233
3.713314e-08,-0.00961471
3.718314e-08,-0.0156839
3.723314e-08,-0.0275476
3.728314e-08,-0.030953
3.733314e-08,-0.0290855
3.738314e-08,-0.0293327
3.743314e-08,-0.030596
3.748314e-08,-0.0270808
3.753314e-08,-0.0208743
3.758314e-08,-0.0166451
3.763314e-08,-0.0115645
3.768314e-08,-0.0106583
3.773314e-08,-0.017057
3.778314e-08,-0.0223573
3.783314e-08,-0.0233184
3.788314e-08,-0.0248014
3.793314e-08,-0.0279047
3.798314e-08,-0.0252133
3.803314e-08,-0.0166451
3.808314e-08,-0.00760996
3.813314e-08,0.000546374
3.818314e-08,0.00167233
3.823314e-08,-0.00252941
3.828314e-08,0.00139771
3.833314e-08,0.00296306
3.838314e-08,-0.0107681
3.843314e-08,-0.018183
3.848314e-08,-0.0190892
3.853314e-08,-0.0298545
3.858314e-08,-0.0295524
3.863314e-08,-0.0135144
3.868314e-08,-0.00887322
3.873314e-08,-0.0131299
3.878314e-08,-0.0123884
3.883314e-08,-0.0100541
3.888314e-08,-0.00920277
3.893314e-08,-0.0162057
3.898314e-08,-0.0224396
3.903314e-08,-0.0184027
3.908314e-08,-0.0195012
3.913314e-08,-0.0272456
3.918314e-08,-0.0319416
3.923314e-08,-0.0370496
3.928314e-08,-0.0438328
3.933314e-08,-0.0399332
3.938314e-08,-0.0271632
3.943314e-08,-0.0252133
3.948314e-08,-0.0260647
3.953314e-08,-0.0163979
3.958314e-08,-0.0129377
3.963314e-08,-0.0189519
3.968314e-08,-0.0191167
3.973314e-08,-0.0202427
3.978314e-08,-0.0299643
3.983314e-08,-0.0363631
3.988314e-08,-0.0331774
3.993314e-08,-0.0232635
3.998314e-08,-0.0183752
4.003314e-08,-0.022879
4.008314e-08,-0.0198033
4.013314e-08,-0.0133771
4.018314e-08,-0.01854
4.023314e-08,-0.020737
4.028314e-08,-0.014915
4.033314e-08,-0.0129377
4.038314e-08,-0.0110428
4.043314e-08,-0.00758249
4.048314e-08,-0.00409477
4.053314e-08,-0.00343567
4.058314e-08,-0.0165352
4.063314e-08,-0.0258724
4.068314e-08,-0.0152994
4.073314e-08,-0.00958725
4.078314e-08,-0.0143108
4.083314e-08,-0.0117019
4.088314e-08,-0.00961471
4.093314e-08,-0.0140911
4.098314e-08,-0.0139812
4.103314e-08,-0.0144206
4.108314e-08,-0.0217805
4.113314e-08,-0.0286187
4.118314e-08,-0.0288658
4.123314e-08,-0.0216707
4.128314e-08,-0.0144756
4.133314e-08,-0.00980695
4.138314e-08,-0.00717056
4.143314e-08,-0.0108231
4.148314e-08,-0.0152445
4.153314e-08,-0.0199131
4.158314e-08,-0.0290855
4.163314e-08,-0.0347977
4.168314e-08,-0.0342759
4.173314e-08,-0.031667
4.178314e-08,-0.0282067
4.183314e-08,-0.0246916
4.188314e-08,-0.0186773
4.193314e-08,-0.0148051
4.198314e-08,-0.0157388
4.203314e-08,-0.0110153
4.208314e-08,-0.00796697
4.213314e-08,-0.0153269
4.218314e-08,-0.0189794
4.223314e-08,-0.0164254
4.228314e-08,-0.0190892
4.233314e-08,-0.022934
4.238314e-08,-0.0144756
4.243314e-08,7.95135e-05
4.248314e-08,0.00257859
4.253314e-08,-0.0085986
4.258314e-08,-0.022522
4.263314e-08,-0.0283166
4.268314e-08,-0.0302664
4.273314e-08,-0.0369123
4.278314e-08,-0.0384777
4.283314e-08,-0.0371046
4.288314e-08,-0.034935
4.293314e-08,-0.0224671
4.298314e-08,-0.0160409
4.303314e-08,-0.0189245
4.308314e-08,-0.0165352
4.313314e-08,-0.0181006
4.318314e-08,-0.0262295
4.323314e-08,-0.0292778
4.328314e-08,-0.0241148
4.333314e-08,-0.0211764
4.338314e-08,-0.0248014
4.343314e-08,-0.0222749
4.348314e-08,-0.0242247
4.353314e-08,-0.0388072
4.358314e-08,-0.0413612
4.363314e-08,-0.0350723
4.368314e-08,-0.0346604
4.373314e-08,-0.0310628
4.378314e-08,-0.0299369
4.383314e-08,-0.0329577
4.388314e-08,-0.0245542
4.393314e-08,-0.0131848
4.398314e-08,-0.0103287
4.403314e-08,-0.00730787
4.408314e-08,-0.00994426
4.413314e-08,-0.024005
4.418314e-08,-0.0310903
4.423314e-08,-0.0315297
4.428314e-08,-0.0374066
4.433314e-08,-0.0347153
4.438314e-08,-0.0192815
4.443314e-08,-0.00977948
4.448314e-08,-0.00868099
4.453314e-08,-0.0081592
4.458314e-08,-0.0122511
4.463314e-08,-0.0216158
4.468314e-08,-0.0251035
4.473314e-08,-0.0248838
4.478314e-08,-0.0310628
4.483314e-08,-0.0347977
4.488314e-08,-0.0344407
4.493314e-08,-0.043009
4.498314e-08,-0.0552847
4.503314e-08,-0.0531701
4.508314e-08,-0.0421576
4.513314e-08,-0.0400705
4.518314e-08,-0.037901
4.523314e-08,-0.0340013
4.528314e-08,-0.0350998
4.533314e-08,-0.0249936
4.538314e-08,-0.00994426
4.543314e-08,-0.0062643
4.548314e-08,-0.00593475
4.553314e-08,-0.00717056
4.558314e-08,-0.0114272
4.563314e-08,-0.0138439
4.568314e-08,-0.0120589
4.573314e-08,-0.0113174
4.578314e-08,-0.0176337
4.583314e-08,-0.0212588
4.588314e-08,-0.0202701
4.593314e-08,-0.0167275
4.598314e-08,-0.000359885
4.603314e-08,0.0142776
4.608314e-08,0.0119707
4.613314e-08,0.00705496
4.618314e-08,7.95135e-05
4.623314e-08,-0.017771
4.628314e-08,-0.0321064
4.633314e-08,-0.0337541
4.638314e-08,-0.0365278
4.643314e-08,-0.0397135
4.648314e-08,-0.0293052
4.653314e-08,-0.0127454
4.658314e-08,-0.00483625
4.663314e-08,-0.00346313
4.668314e-08,-0.00489118
4.673314e-08,-0.00983441
4.678314e-08,-0.014503
4.683314e-08,-0.0220826
4.688314e-08,-0.0281518
4.693314e-08,-0.0294151
4.698314e-08,-0.0365004
4.703314e-08,-0.037901
4.708314e-08,-0.0233459
4.713314e-08,-0.0116195
4.718314e-08,-0.0144206
4.723314e-08,-0.0187322
4.728314e-08,-0.0109054
4.733314e-08,-0.00351806
4.738314e-08,-0.00802189
4.743314e-08,-0.00791204
4.748314e-08,-0.00338075
4.753314e-08,-0.00601714
4.758314e-08,-0.00486372
4.763314e-08,0.00290814
4.768314e-08,0.00617616
4.773314e-08,0.00112308
4.778314e-08,-0.00302374
4.783314e-08,0.00255113
4.788314e-08,0.00433618
4.793314e-08,-0.00788458
4.798314e-08,-0.0166451
4.803314e-08,-0.0143932
4.808314e-08,-0.00988933
4.813314e-08,-0.00214494
4.818314e-08,0.00441857
4.823314e-08,0.00219412
4.828314e-08,-0.00162315
4.833314e-08,-0.00121122
4.838314e-08,-0.0026118
4.843314e-08,-0.0060446
4.848314e-08,-0.00769234
4.853314e-08,-0.00651146
4.858314e-08,-0.00099152
4.863314e-08,0.00304545
4.868314e-08,0.00161741
4.873314e-08,-0.00252941
4.878314e-08,0.000354137
4.883314e-08,0.0128221
4.888314e-08,0.0136734
4.893314e-08,0.00156248
4.898314e-08,-0.00428701
4.903314e-08,-0.00395746
4.908314e-08,-0.00434193
4.913314e-08,-0.00576998
4.918314e-08,-0.00329836
4.923314e-08,0.000985772
4.928314e-08,-0.000579584
4.933314e-08,-0.00620937
4.938314e-08,-0.0140911
4.943314e-08,-0.0173042
4.948314e-08,-0.0092577
4.953314e-08,-0.0049461
4.958314e-08,-0.0053855
4.963314e-08,0.00672541
4.968314e-08,0.0180948
4.973314e-08,0.0104328
4.978314e-08,-0.00316105
4.983314e-08,-0.010164
4.988314e-08,-0.0138439
4.993314e-08,-0.0181555
4.998314e-08,-0.0175513
5.003314e-08,-0.00546789
5.008314e-08,0.00713735
5.013314e-08,0.00840062
5.018314e-08,0.00779644
5.023314e-08,0.0161999
5.028314e-08,0.0251527
5.033314e-08,0.0254548
5.038314e-08,0.0197975
5.043314e-08,0.0125474
5.048314e-08,0.0107624
5.053314e-08,0.0140853
5.058314e-08,0.0130143
5.063314e-08,0.0129319
5.068314e-08,0.0142776
5.073314e-08,0.00507767
5.078314e-08,0.000573836
5.083314e-08,0.0107349
5.088314e-08,0.0176829
5.093314e-08,0.0199348
5.098314e-08,0.0198524
5.103314e-08,0.0152662
5.108314e-08,0.0130143
5.113314e-08,0.0166119
5.118314e-08,0.0223515
5.123314e-08,0.0175456
5.128314e-08,0.00609378
5.133314e-08,0.00568184
5.138314e-08,0.00834569
5.143314e-08,0.00279829
5.148314e-08,-0.00357298
5.153314e-08,-0.00612699
5.158314e-08,-0.0113723
5.163314e-08,-0.0202701
5.168314e-08,-0.0246366
5.173314e-08,-0.0251859
5.178314e-08,-0.022934
5.183314e-08,-0.0149973
5.188314e-08,-0.00769234
5.193314e-08,-0.00491864
5.198314e-08,0.000601299
5.203314e-08,0.0151014
5.208314e-08,0.0283383
5.213314e-08,0.0257568
5.218314e-08,0.0132889
5.223314e-08,0.00288068
5.228314e-08,-0.00316105
5.233314e-08,-0.00868099
5.238314e-08,-0.015217
5.243314e-08,-0.0170021
5.248314e-08,-0.0116744
5.253314e-08,-0.00436939
5.258314e-08,-0.0051658
5.263314e-08,-0.00835144
5.268314e-08,-0.00296881
5.273314e-08,-0.000414809
5.278314e-08,0.00200188
5.283314e-08,0.0061487
5.288314e-08,7.95135e-05
5.293314e-08,-0.00228225
5.298314e-08,0.00342992
5.303314e-08,0.00362216
5.308314e-08,0.00266098
5.313314e-08,0.000216825
5.318314e-08,-0.00313359
5.323314e-08,0.00491289
5.328314e-08,0.0123003
5.333314e-08,0.00202934
5.338314e-08,-0.0165902
5.343314e-08,-0.0248014
5.348314e-08,-0.0202152
5.353314e-08,-0.0175239
5.358314e-08,-0.0194462
5.363314e-08,-0.0176887
5.368314e-08,-0.010878
5.373314e-08,-0.00467148
5.378314e-08,0.000244288
5.383314e-08,0.00796122
5.388314e-08,0.0119158
5.393314e-08,0.00922449
5.398314e-08,0.00689019
5.403314e-08,0.00944419
5.408314e-08,0.0155408
5.413314e-08,0.0162823
5.418314e-08,0.0120531
5.423314e-08,0.00763167
5.428314e-08,0.00109562
5.433314e-08,-0.00162315
5.438314e-08,-0.00198017
5.443314e-08,-0.00708817
5.448314e-08,-0.00939501
5.453314e-08,-0.0094774
5.458314e-08,-0.00997172
5.463314e-08,-0.0051658
5.468314e-08,-0.00134853
5.473314e-08,-0.00302374
5.478314e-08,0.00106816
5.483314e-08,0.0116412
5.488314e-08,0.0141403
5.493314e-08,0.00749436
5.498314e-08,-0.00192524
5.503314e-08,-0.00950486
5.508314e-08,-0.00780219
5.513314e-08,-0.00843383
5.518314e-08,-0.0207919
5.523314e-08,-0.0214235
5.528314e-08,-0.00601714
5.533314e-08,-0.00228225
5.538314e-08,-0.00928516
5.543314e-08,-0.00483625
5.548314e-08,0.00595646
5.553314e-08,0.00807107
5.558314e-08,0.00496782
5.563314e-08,0.000903385
5.568314e-08,-0.00354552
5.573314e-08,-0.00615445
5.578314e-08,-0.0129651
5.583314e-08,-0.0215608
5.588314e-08,-0.017414
5.593314e-08,-0.00310612
5.598314e-08,0.00650571
5.603314e-08,0.0102955
5.608314e-08,0.0137832
5.613314e-08,0.0128221
5.618314e-08,0.00807107
5.623314e-08,0.00793376
5.628314e-08,0.00996597
5.633314e-08,0.0112842
5.638314e-08,0.011394
5.643314e-08,0.00919703
5.648314e-08,0.0118609
5.653314e-08,0.0141403
5.658314e-08,0.0098012
5.663314e-08,0.00955404
5.668314e-08,0.0138656
5.673314e-08,0.0185617
5.678314e-08,0.0243837
5.683314e-08,0.026773
5.688314e-08,0.0246584
5.693314e-08,0.0211706
5.698314e-08,0.0174907
5.703314e-08,0.0130418
5.708314e-08,0.00884002
5.713314e-08,0.00818092
5.718314e-08,0.00299053
5.723314e-08,-0.00835144
5.728314e-08,-0.00934009
5.733314e-08,-0.00250195
5.738314e-08,0.00235889
5.743314e-08,0.00831823
5.748314e-08,0.0136734
5.753314e-08,0.0151014
5.758314e-08,0.0138107
5.763314e-08,0.0142501
5.768314e-08,0.0184793
5.773314e-08,0.0200721
5.778314e-08,0.0158704
5.783314e-08,0.0139755
5.788314e-08,0.0127946
5.793314e-08,0.0074669
5.798314e-08,0.00532483
5.803314e-08,0.00351231
5.808314e-08,0.00595646
5.813314e-08,0.014305
5.818314e-08,0.0087027
5.823314e-08,-0.000414809
5.828314e-08,-0.00360045
5.833314e-08,-0.0120863
5.838314e-08,-0.0134594
5.843314e-08,-0.0104935
5.848314e-08,-0.0131024
5.853314e-08,-0.00631922
5.858314e-08,0.00763167
5.863314e-08,0.0160077
5.868314e-08,0.0252076
5.873314e-08,0.0356982
5.878314e-08,0.0254548
5.883314e-08,-0.000332422
5.888314e-08,-0.00722548
5.893314e-08,-0.00662131
5.898314e-08,-0.0169746
5.903314e-08,-0.0177161
5.908314e-08,-0.0133221
5.913314e-08,-0.0135144
5.918314e-08,-0.00145838
5.923314e-08,0.0189462
5.928314e-08,0.0259216
5.933314e-08,0.0155683
5.938314e-08,0.00584661
5.943314e-08,0.00908718
5.948314e-08,0.0154035
5.953314e-08,0.0165295
5.958314e-08,0.0178202
5.963314e-08,0.0223515
5.968314e-08,0.0250428
5.973314e-08,0.0201271
5.978314e-08,0.00930688
5.983314e-08,0.00153502
5.988314e-08,-0.00121122
5.993314e-08,-0.00939501
5.998314e-08,-0.0231811
6.003314e-08,-0.0293602
6.008314e-08,-0.0288384
6.013314e-08,-0.023291
6.018314e-08,-0.0101914
6.023314e-08,-0.000359885
6.028314e-08,0.00818092
6.033314e-08,0.0189187
6.038314e-08,0.0206763
6.043314e-08,0.0174907
6.048314e-08,0.0144698
6.053314e-08,0.00595646
6.058314e-08,-0.00313359
6.063314e-08,-0.00642907
6.068314e-08,-0.0104386
6.073314e-08,-0.0200504
6.078314e-08,-0.0281518
6.083314e-08,-0.0247739
6.088314e-08,-0.012306
6.093314e-08,-0.006484
6.098314e-08,-0.00373776
6.103314e-08,0.008483
6.108314e-08,0.0146895
6.113314e-08,0.00444603
6.118314e-08,-0.00403984
6.123314e-08,-0.00200763
6.128314e-08,-0.000469734
6.133314e-08,-0.00272165
6.138314e-08,-0.00475387
6.143314e-08,-0.00362791
6.148314e-08,0.00241382
6.153314e-08,0.0098012
6.158314e-08,0.0161999
6.163314e-08,0.0186441
6.168314e-08,0.0199623
6.173314e-08,0.0313042
6.178314e-08,0.0410259
6.183314e-08,0.0346547
6.188314e-08,0.0283383
6.193314e-08,0.0306726
6.198314e-08,0.030398
6.203314e-08,0.0260864
6.208314e-08,0.0196327
6.213314e-08,0.012163
6.218314e-08,0.00623109
6.223314e-08,-0.00313359
6.228314e-08,-0.0134869
6.233314e-08,-0.0216707
6.238314e-08,-0.0265041
6.243314e-08,-0.0186224
6.248314e-08,-0.01486
6.253314e-08,-0.0217256
6.258314e-08,-0.0107407
6.263314e-08,0.00765913
6.268314e-08,0.00927941
6.273314e-08,0.00307291
6.278314e-08,0.00161741
6.283314e-08,0.00620363
6.288314e-08,0.00743943
6.293314e-08,-0.000524659
6.298314e-08,-0.0103013
6.303314e-08,-0.0136517
6.308314e-08,-0.0175239
6.313314e-08,-0.0260098
6.318314e-08,-0.0237853
6.323314e-08,-0.00986187
6.328314e-08,-0.000909132
6.333314e-08,0.00312784
6.338314e-08,0.00705496
6.343314e-08,0.00353977
6.348314e-08,0.00120547
6.353314e-08,0.00705496
6.358314e-08,0.0040341
6.363314e-08,-0.00263926
6.368314e-08,0.00186457
6.373314e-08,0.00310038
6.378314e-08,-0.00379268
6.383314e-08,0.000463987
6.388314e-08,0.0141403
6.393314e-08,0.0162823
6.398314e-08,0.00749436
6.403314e-08,0.00194696
6.408314e-08,0.00153502
6.413314e-08,0.00428126
6.418314e-08,0.00763167
6.423314e-08,0.0110919
6.428314e-08,0.0180674
6.433314e-08,0.0202918
6.438314e-08,0.0182871
6.443314e-08,0.0214453
6.448314e-08,0.0215551
6.453314e-08,0.0153486
6.458314e-08,0.00452842
6.463314e-08,-0.00719802
6.468314e-08,-0.0088183
6.473314e-08,-0.000579584
6.478314e-08,0.0106251
6.483314e-08,0.0169414
6.488314e-08,0.0165569
6.493314e-08,0.0159528
6.498314e-08,0.0109272
6.503314e-08,0.000903385
6.508314e-08,-0.00137599
6.513314e-08,0.0054896
6.518314e-08,0.00790629
6.523314e-08,0.00625855
6.528314e-08,0.01436
6.533314e-08,0.022022
6.538314e-08,0.0174357
6.543314e-08,0.0113666
6.548314e-08,0.00782391
6.553314e-08,0.00573677
6.558314e-08,0.00735705
6.563314e-08,0.0117785
6.568314e-08,0.0174083
6.573314e-08,0.0196877
6.578314e-08,0.0155958
6.583314e-08,0.0124376
6.588314e-08,0.0140853
6.593314e-08,0.0107349
6.598314e-08,-0.000222573
6.603314e-08,-0.00324344
6.608314e-08,0.00628601
6.613314e-08,0.0150465
6.618314e-08,0.0168316
6.623314e-08,0.0126298
6.628314e-08,0.00809853
6.633314e-08,0.00834569
6.638314e-08,0.0114764
6.643314e-08,0.015074
6.648314e-08,0.0190835
6.653314e-08,0.0239443
6.658314e-08,0.0272124
6.663314e-08,0.0287777
6.668314e-08,0.0313592
6.673314e-08,0.0302332
6.678314e-08,0.0215002
6.683314e-08,0.0143325
6.688314e-08,0.0129594
6.693314e-08,0.0105701
6.698314e-08,0.00408902
6.703314e-08,-0.00428701
6.708314e-08,-0.00980695
6.713314e-08,-0.0112075
6.718314e-08,-0.0134594
6.723314e-08,-0.0129926
6.728314e-08,-0.00774727
6.733314e-08,-0.00807682
6.738314e-08,-0.00533058
6.743314e-08,0.00557199
6.748314e-08,0.00502274
6.753314e-08,-0.00233718
6.758314e-08,-0.00445178
6.763314e-08,-0.00722548
6.768314e-08,-0.00865353
6.773314e-08,-0.00533058
6.778314e-08,-0.00255688
6.783314e-08,0.000189363
6.788314e-08,0.00719227
6.793314e-08,0.0104054
6.798314e-08,0.0074669
6.803314e-08,0.00790629
6.808314e-08,0.00999344
6.813314e-08,0.0111194
6.818314e-08,0.0116961
6.823314e-08,0.00925195
6.828314e-08,0.0118609
6.833314e-08,0.0162274
6.838314e-08,0.00922449
6.843314e-08,0.00678034
6.848314e-08,0.0165295
6.853314e-08,0.0149641
6.858314e-08,0.00576423
6.863314e-08,0.00598393
6.868314e-08,0.00639586
6.873314e-08,0.00392425
6.878314e-08,0.00356724
6.883314e-08,0.00367709
6.888314e-08,0.00419887
6.893314e-08,0.00255113
6.898314e-08,-0.000469734
6.903314e-08,0.00474812
6.908314e-08,0.0171337
6.913314e-08,0.0239169
6.918314e-08,0.0286129
6.923314e-08,0.0341603
6.928314e-08,0.0311944
6.933314e-08,0.0309747
6.938314e-08,0.0357257
6.943314e-08,0.028558
6.948314e-08,0.0242464
6.953314e-08,0.0289425
6.958314e-08,0.0222417
6.963314e-08,0.0127397
6.968314e-08,0.0114489
6.973314e-08,0.014305
6.978314e-08,0.0207038
6.983314e-08,0.0204841
6.988314e-08,0.013948
6.993314e-08,0.0182322
6.998314e-08,0.0330893
7.003314e-08,0.0448432
7.008314e-08,0.0474521
7.013314e-08,0.0419047
7.018314e-08,0.0342976
7.023314e-08,0.027844
7.028314e-08,0.0232028
7.033314e-08,0.0222142
7.038314e-08,0.0166668
7.043314e-08,0.00672541
7.048314e-08,0.00710988
7.053314e-08,0.0122454
7.058314e-08,0.00661556
7.063314e-08,-0.00338075
7.068314e-08,-0.00755503
7.073314e-08,-0.0107132
7.078314e-08,-0.0148326
7.083314e-08,-0.0160409
7.088314e-08,-0.0154642
7.093314e-08,-0.0108231
7.098314e-08,0.000738611
7.103314e-08,0.0118609
7.108314e-08,0.0219396
7.113314e-08,0.0285855
7.118314e-08,0.0188638
7.123314e-08,0.00730212
7.128314e-08,0.0114764
7.133314e-08,0.0132889
7.138314e-08,-0.000936595
7.143314e-08,-0.0173316
7.148314e-08,-0.0173042
7.153314e-08,-0.00634669
7.158314e-08,-0.00596221
7.163314e-08,-0.0113723
7.168314e-08,-0.00750011
7.173314e-08,-0.00313359
7.178314e-08,-0.00307866
7.183314e-08,0.000711148
7.188314e-08,0.0070275
7.193314e-08,0.0123277
7.198314e-08,0.0217473
7.203314e-08,0.0323204
7.208314e-08,0.0346547
7.213314e-08,0.0316338
7.218314e-08,0.0252351
7.223314e-08,0.0171886
7.228314e-08,0.0185617
7.233314e-08,0.0278714
7.238314e-08,0.0296016
7.243314e-08,0.0232852
7.248314e-08,0.0213354
7.253314e-08,0.0212256
7.258314e-08,0.0133713
7.263314e-08,0.00408902
7.268314e-08,0.00436365
7.273314e-08,0.00700004
7.278314e-08,0.00334754
7.283314e-08,-0.00019511
7.288314e-08,0.000601299
7.293314e-08,0.00562692
7.298314e-08,0.00886748
7.303314e-08,0.00710988
7.308314e-08,0.0111743
7.313314e-08,0.0210333
7.318314e-08,0.0272673
7.323314e-08,0.0310022
7.328314e-08,0.0323204
7.333314e-08,0.0239993
7.338314e-08,0.0120257
7.343314e-08,0.00661556
7.348314e-08,0.00332008
7.353314e-08,0.000628761
7.358314e-08,-0.000579584
7.363314e-08,-0.00368283
7.368314e-08,-0.00104644
7.373314e-08,0.0087027
7.378314e-08,0.0109821
7.383314e-08,0.0107075
7.388314e-08,0.0167492
7.393314e-08,0.016859
7.398314e-08,0.00834569
7.403314e-08,0.00463827
7.408314e-08,0.0124651
7.413314e-08,0.0207038
7.418314e-08,0.0184244
7.423314e-08,0.0141677
7.428314e-08,0.0181498
7.433314e-08,0.0216375
7.438314e-08,0.0180399
7.443314e-08,0.0160352
7.448314e-08,0.0166668
7.453314e-08,0.0183695
7.458314e-08,0.0196327
7.463314e-08,0.0148268
7.468314e-08,0.0107624
7.473314e-08,0.01436
7.478314e-08,0.0178477
7.483314e-08,0.0123003
7.488314e-08,0.000601299
7.493314e-08,-0.00703324
7.498314e-08,-0.0053855
7.503314e-08,-0.00178793
7.508314e-08,-0.00294135
7.513314e-08,-0.00176047
7.518314e-08,0.00436365
7.523314e-08,0.0072472
7.528314e-08,0.0082633
7.533314e-08,0.0179301
7.538314e-08,0.0303156
7.543314e-08,0.0347645
7.548314e-08,0.0332815
7.553314e-08,0.0243837
7.558314e-08,0.0134537
7.563314e-08,0.00765913
7.568314e-08,0.00106816
7.573314e-08,-0.00508342
7.578314e-08,-0.00513834
7.583314e-08,0.00106816
7.588314e-08,0.0102131
7.593314e-08,0.0146346
7.598314e-08,0.0165295
7.603314e-08,0.0213629
7.608314e-08,0.0226536
7.613314e-08,0.0239993
7.618314e-08,0.0312493
7.623314e-08,0.0309198
7.628314e-08,0.022324
7.633314e-08,0.0236697
7.638314e-08,0.0286679
7.643314e-08,0.0221043
7.648314e-08,0.0135361
7.653314e-08,0.00332008
7.658314e-08,-0.0125806
7.663314e-08,-0.0193364
7.668314e-08,-0.0158212
7.673314e-08,-0.0113448
7.678314e-08,-0.00799443
7.683314e-08,-0.00513834
7.688314e-08,0.00260605
7.693314e-08,0.0137009
7.698314e-08,0.016914
7.703314e-08,0.0117785
7.708314e-08,0.00738451
7.713314e-08,0.00581915
7.718314e-08,0.00282575
7.723314e-08,0.00172726
7.728314e-08,0.00705496
7.733314e-08,0.0104603
7.738314e-08,0.00721973
7.743314e-08,0.00516006
7.748314e-08,0.0100484
7.753314e-08,0.0147444
7.758314e-08,0.0117236
7.763314e-08,0.00760421
7.768314e-08,0.00925195
7.773314e-08,0.0141128
7.778314e-08,0.014662
7.783314e-08,0.01068
7.788314e-08,0.0113391
7.793314e-08,0.0160077
7.798314e-08,0.0142226
7.803314e-08,0.00559945
7.808314e-08,0.00150756
7.813314e-08,0.00373201
7.818314e-08,0.0035947
7.823314e-08,0.000546374
7.828314e-08,-0.00167808
7.833314e-08,-0.000826745
7.838314e-08,0.00551707
7.843314e-08,0.0141128
7.848314e-08,0.0205665
7.853314e-08,0.0225712
7.858314e-08,0.0210608
7.863314e-08,0.0228184
7.868314e-08,0.0253724
7.873314e-08,0.024521
7.878314e-08,0.0215002
7.883314e-08,0.0162549
7.888314e-08,0.0135086
7.893314e-08,0.0109821
7.898314e-08,0.0065881
7.903314e-08,0.0068078
7.908314e-08,0.00809853
7.913314e-08,0.00884002
7.918314e-08,0.0109546
7.923314e-08,0.0144149
7.928314e-08,0.0208685
7.933314e-08,0.0235324
7.938314e-08,0.0242739
7.943314e-08,0.0252076
7.948314e-08,0.017985
7.953314e-08,0.0137009
7.958314e-08,0.0198524
7.963314e-08,0.0236422
7.968314e-08,0.0244112
7.973314e-08,0.0233402
7.978314e-08,0.0145247
7.983314e-08,0.00551707
7.988314e-08,0.00419887
7.993314e-08,0.00529737
7.998314e-08,0.000161901
8.003314e-08,-0.00593475
8.008314e-08,-0.00101898
8.013314e-08,0.00477558
8.018314e-08,0.00235889
8.023314e-08,0.00115055
8.028314e-08,0.00634094
8.033314e-08,0.0161175
8.038314e-08,0.0207862
8.043314e-08,0.0180948
8.048314e-08,0.0202094
8.053314e-08,0.0231754
8.058314e-08,0.0189736
8.063314e-08,0.0155958
8.068314e-08,0.0146895
8.073314e-08,0.0171337
8.078314e-08,0.0259765
8.083314e-08,0.0316613
8.088314e-08,0.0305902
8.093314e-08,0.0293544
8.098314e-08,0.0262512
8.103314e-08,0.0184244
8.108314e-08,0.0113391
8.113314e-08,0.00612124
8.118314e-08,0.00145263
8.123314e-08,-0.000826745
8.128314e-08,-0.00368283
8.133314e-08,-0.0118666
8.138314e-08,-0.0209841
8.143314e-08,-0.0183203
8.148314e-08,-0.00796697
8.153314e-08,-0.00491864
8.158314e-08,-0.00189778
8.163314e-08,0.00664302
8.168314e-08,0.00859285
8.173314e-08,0.00757675
8.178314e-08,0.0141677
8.183314e-08,0.0242739
8.188314e-08,0.0336111
8.193314e-08,0.0350391
8.198314e-08,0.0287777
8.203314e-08,0.0278714
8.208314e-08,0.0268279
8.213314e-08,0.0116412
8.218314e-08,-0.00791204
8.223314e-08,-0.0138439
8.228314e-08,-0.00747264
8.233314e-08,5.20511e-05
8.238314e-08,0.00634094
8.243314e-08,0.0127122
8.248314e-08,0.0161999
8.253314e-08,0.0184793
8.258314e-08,0.020896
8.263314e-08,0.0188363
8.268314e-08,0.0127122
8.273314e-08,0.00458335
8.278314e-08,0.0010407
8.283314e-08,0.00672541
8.288314e-08,0.0139755
8.293314e-08,0.0186715
8.298314e-08,0.0186166
8.303314e-08,0.0156232
8.308314e-08,0.0156232
8.313314e-08,0.0155134
8.318314e-08,0.0115588
8.323314e-08,0.0082633
8.328314e-08,0.0123552
8.333314e-08,0.0190011
8.338314e-08,0.0191659
8.343314e-08,0.0193032
8.348314e-08,0.0279264
8.353314e-08,0.0297114
8.358314e-08,0.015788
8.363314e-08,0.0113116
8.368314e-08,0.0155683
8.373314e-08,0.00971881
8.378314e-08,0.00697257
8.383314e-08,0.00708242
8.388314e-08,0.00266098
8.393314e-08,0.00345739
8.398314e-08,0.00392425
8.403314e-08,0.00299053
8.408314e-08,0.0107075
8.413314e-08,0.019825
8.418314e-08,0.0219396
8.423314e-08,0.0218023
8.428314e-08,0.020539
8.433314e-08,0.0138382
8.438314e-08,0.00356724
8.443314e-08,-0.00744518
8.448314e-08,-0.0150797
8.453314e-08,-0.015272
8.458314e-08,-0.010521
8.463314e-08,-0.00244703
8.468314e-08,0.00719227
8.473314e-08,0.0125749
8.478314e-08,0.0149367
8.483314e-08,0.0164471
8.488314e-08,0.013234
8.493314e-08,0.0124101
8.498314e-08,0.0211157
8.503314e-08,0.026004
8.508314e-08,0.0194405
8.513314e-08,0.0193306
8.518314e-08,0.0306177
8.523314e-08,0.0348744
8.528314e-08,0.0318535
8.533314e-08,0.0302607
8.538314e-08,0.0253174
8.543314e-08,0.0181498
8.548314e-08,0.0106525
8.553314e-08,0.00716481
8.558314e-08,0.0157605
8.563314e-08,0.0178202
8.568314e-08,0.00675287
8.573314e-08,0.00491289
8.578314e-08,0.0131241
8.583314e-08,0.0201271
8.588314e-08,0.0210059
8.593314e-08,0.0201545
8.598314e-08,0.0233951
8.603314e-08,0.0182871
8.608314e-08,0.0044735
8.613314e-08,0.00178218
8.618314e-08,0.00873017
8.623314e-08,0.0127397
8.628314e-08,0.0210882
8.633314e-08,0.0384445
8.638314e-08,0.0453101
8.643314e-08,0.0356708
8.648314e-08,0.031826
8.653314e-08,0.0336386
8.658314e-08,0.0192757
8.663314e-08,0.000683686
8.668314e-08,0.00186457
8.673314e-08,0.0121904
8.678314e-08,0.0111194
8.683314e-08,0.00183711
8.688314e-08,0.00444603
8.693314e-08,0.0133713
8.698314e-08,0.00612124
8.703314e-08,-0.00549535
8.708314e-08,-0.00752757
8.713314e-08,-0.00999918
8.718314e-08,-0.0143932
8.723314e-08,-0.0160409
8.728314e-08,-0.0136517
8.733314e-08,-0.00596221
8.738314e-08,-0.00541296
8.743314e-08,-0.0145579
8.748314e-08,-0.0149699
8.753314e-08,-0.00826905
8.758314e-08,-0.00272165
8.763314e-08,0.00213919
8.768314e-08,0.00364962
8.773314e-08,0.00938926
8.778314e-08,0.0192208
8.783314e-08,0.0193032
8.788314e-08,0.0106251
8.793314e-08,0.0022765
8.798314e-08,-0.00458909
8.803314e-08,-0.0111526
8.808314e-08,-0.00890069
8.813314e-08,0.00235889
8.818314e-08,0.00856539
8.823314e-08,0.0140853
8.828314e-08,0.0207312
8.833314e-08,0.0161175
8.838314e-08,0.00911464
8.843314e-08,0.00991105
8.848314e-08,0.0142501
8.853314e-08,0.0170787
8.858314e-08,0.011394
8.863314e-08,0.00524244
8.868314e-08,0.011751
8.873314e-08,0.0200447
8.878314e-08,0.0203468
8.883314e-08,0.0160352
8.888314e-08,0.00864778
8.893314e-08,0.00581915
8.898314e-08,0.00472066
8.903314e-08,0.00142517
8.908314e-08,0.00790629
8.913314e-08,0.0225987
8.918314e-08,0.0335562
8.923314e-08,0.0323204
8.928314e-08,0.0232028
8.933314e-08,0.0188363
8.938314e-08,0.0158978
8.943314e-08,0.0104328
8.948314e-08,0.0100209
8.953314e-08,0.0137832
8.958314e-08,0.0142501
8.963314e-08,0.0127397
8.968314e-08,0.0107624
8.973314e-08,0.00414395
8.978314e-08,-0.000359885
8.983314e-08,0.00222158
8.988314e-08,0.00378694
8.993314e-08,0.00606631
8.998314e-08,0.0103779
9.003314e-08,0.0116137
9.008314e-08,0.0119433
9.013314e-08,0.00661556
9.018314e-08,-0.0023921
9.023314e-08,-0.00209002
9.028314e-08,0.000106976
9.033314e-08,-0.00486372
9.038314e-08,-0.00574251
9.043314e-08,0.000189363
9.048314e-08,0.00400663
9.053314e-08,0.0114215
9.058314e-08,0.0210608
9.063314e-08,0.0208136
9.068314e-08,0.0196877
9.073314e-08,0.0225437
9.078314e-08,0.0219121
9.083314e-08,0.0229831
9.088314e-08,0.022022
9.093314e-08,0.00683526
9.098314e-08,-0.00571505
9.103314e-08,0.0035947
9.108314e-08,0.00999344
9.113314e-08,0.000985772
9.118314e-08,-0.00272165
9.123314e-08,-0.00566013
9.128314e-08,-0.00428701
9.133314e-08,0.00782391
9.138314e-08,0.0112018
9.143314e-08,0.0101307
9.148314e-08,0.0159253
9.153314e-08,0.022022
9.158314e-08,0.0220769
9.163314e-08,0.0184793
9.168314e-08,0.0206214
9.173314e-08,0.022324
9.178314e-08,0.0163922
9.183314e-08,0.0160901
9.188314e-08,0.0247957
9.193314e-08,0.0275968
9.198314e-08,0.0183969
9.203314e-08,0.0130692
9.208314e-08,0.0213903
9.213314e-08,0.0260864
9.218314e-08,0.0186715
9.223314e-08,0.00996597
9.228314e-08,0.00716481
9.233314e-08,0.00705496
9.238314e-08,0.00911464
9.243314e-08,0.0163372
9.248314e-08,0.0195503
9.253314e-08,0.0229008
9.258314e-08,0.032952
9.263314e-08,0.0350391
9.268314e-08,0.0287502
9.273314e-08,0.0215826
9.278314e-08,0.0106525
9.283314e-08,0.00216665
9.288314e-08,0.00395171
9.293314e-08,0.00840062
9.298314e-08,0.0134537
9.303314e-08,0.0226261
9.308314e-08,0.024521
9.313314e-08,0.0166393
9.318314e-08,0.00796122
9.323314e-08,0.00285321
9.328314e-08,0.00175472
9.333314e-08,-0.00675862
9.338314e-08,-0.0165078
9.343314e-08,-0.0103562
9.348314e-08,-0.00219986
9.353314e-08,-0.000552121
9.358314e-08,0.00480304
9.363314e-08,0.0107075
9.368314e-08,0.015788
9.373314e-08,0.0224888
9.378314e-08,0.0227909
9.383314e-08,0.0198524
9.388314e-08,0.0217748
9.393314e-08,0.01977
9.398314e-08,0.0149092
9.403314e-08,0.0112567
9.408314e-08,0.00356724
9.413314e-08,-0.000442272
9.418314e-08,0.00117801
9.423314e-08,0.00793376
9.428314e-08,0.0189462
9.433314e-08,0.0145247
9.438314e-08,-0.00519326
9.443314e-08,-0.0166725
9.448314e-08,-0.0106034
9.453314e-08,0.00494036
9.458314e-08,0.00947165
9.463314e-08,-0.00101898
9.468314e-08,-0.00412223
9.473314e-08,-0.00121122
9.478314e-08,-0.00431447
9.483314e-08,-2.87366e-06
9.488314e-08,0.00842808
9.493314e-08,0.00672541
9.498314e-08,-0.000497197
9.503314e-08,-0.00673116
9.508314e-08,-0.00255688
9.513314e-08,0.00735705
9.518314e-08,0.0104878
9.523314e-08,0.0126298
9.528314e-08,0.0102406
9.533314e-08,-0.00329836
9.538314e-08,-0.0118666
9.543314e-08,-0.0115096
9.548314e-08,-0.0130475
9.553314e-08,-0.00851621
9.558314e-08,0.00384186
9.563314e-08,0.00955404
9.568314e-08,0.00804361
9.573314e-08,0.00623109
9.578314e-08,0.0104603
9.583314e-08,0.0177104
9.588314e-08,0.0137558
9.593314e-08,0.00450096
9.598314e-08,0.00255113
9.603314e-08,0.00194696
9.608314e-08,-0.00266673
9.613314e-08,-0.00590729
9.618314e-08,-0.00615445
9.623314e-08,-0.00711563
9.628314e-08,-0.0092577
9.633314e-08,-0.0129926
9.638314e-08,-0.012306
9.643314e-08,-0.00607206
9.648314e-08,-0.00450671
9.653314e-08,-0.00280404
9.658314e-08,0.00947165
9.663314e-08,0.0224339
9.668314e-08,0.0259765
9.673314e-08,0.0246034
9.678314e-08,0.0232578
9.683314e-08,0.0239443
9.688314e-08,0.0228184
9.693314e-08,0.0185892
9.698314e-08,0.0173534
9.703314e-08,0.0204017
9.708314e-08,0.0240267
9.713314e-08,0.019468
9.718314e-08,0.0113391
9.723314e-08,0.0127946
9.728314e-08,0.0135635
9.733314e-08,0.0100758
9.738314e-08,0.00790629
9.743314e-08,-0.00030496
9.748314e-08,-0.00533058
9.753314e-08,0.00169979
9.758314e-08,0.00565438
9.763314e-08,0.00296306
9.768314e-08,0.00378694
9.773314e-08,0.00697257
9.778314e-08,0.00815346
9.783314e-08,0.00719227
9.788314e-08,0.0024962
9.793314e-08,-0.00291389
9.798314e-08,-0.00483625
9.803314e-08,0.000244288
9.808314e-08,0.0126024
9.813314e-08,0.021665
9.818314e-08,0.0246309
9.823314e-08,0.0296565
9.828314e-08,0.0307825
9.833314e-08,0.0180399
9.838314e-08,-0.001733
9.843314e-08,-0.0151072
9.848314e-08,-0.017469
9.853314e-08,-0.0195836
9.858314e-08,-0.020325
9.863314e-08,-0.00936755
9.868314e-08,-0.00123868
9.873314e-08,-0.00544043
9.878314e-08,-0.00873591
9.883314e-08,-0.00714309
9.888314e-08,-0.0107681
9.893314e-08,-0.0163979
9.898314e-08,-0.013789
9.903314e-08,-0.00200763
9.908314e-08,0.0164471
9.913314e-08,0.0247957
9.918314e-08,0.0132889
9.923314e-08,0.00631348
9.928314e-08,0.0171886
9.933314e-08,0.0236148
9.938314e-08,0.0193032
9.943314e-08,0.0204017
9.948314e-08,0.0202369
9.953314e-08,0.00873017
9.958314e-08,-0.00214494
9.963314e-08,-0.00686847
9.968314e-08,-0.0135693
9.973314e-08,-0.0208743
9.978314e-08,-0.0196659
9.983314e-08,-0.0107681
9.988314e-08,-0.000552121
9.993314e-08,0.00537975
9.998314e-08,0.00796122
1.000331e-07,0.0104328
1.000831e-07,0.00716481
1.001331e-07,0.0042538
1.001831e-07,0.00974627
1.002331e-07,0.0104603
1.002831e-07,0.000683686
1.003331e-07,-0.00379268
1.003831e-07,0.00584661
1.004331e-07,0.0166119
1.004831e-07,0.0192483
1.005331e-07,0.0209235
1.005831e-07,0.026361
1.006331e-07,0.0283383
1.006831e-07,0.0237521
1.007331e-07,0.0166668
1.007831e-07,0.00362216
1.008331e-07,-0.00862606
1.008831e-07,-0.00656638
1.009331e-07,0.00587408
1.009831e-07,0.0129319
1.010331e-07,0.00993851
1.010831e-07,0.0108997
1.011331e-07,0.0134812
1.011831e-07,0.00656064
1.012331e-07,-0.000277498
1.012831e-07,-0.0019527
1.013331e-07,-0.00365537
1.013831e-07,-0.0062643
1.014331e-07,-0.00555028
1.014831e-07,0.00433618
1.015331e-07,0.0134537
1.015831e-07,0.0108448
1.016331e-07,0.00873017
1.016831e-07,0.0127122
1.017331e-07,0.0105701
1.017831e-07,0.005929
1.018331e-07,0.00949911
1.018831e-07,0.0157605
1.019331e-07,0.0177378
1.019831e-07,0.016145
1.020331e-07,0.0185068
1.020831e-07,0.0231754
1.021331e-07,0.0200721
1.021831e-07,0.0138656
1.022331e-07,0.0114489
1.022831e-07,0.0111743
1.023331e-07,0.0115039
1.023831e-07,0.0100758
1.024331e-07,0.00452842
1.024831e-07,0.00167233
1.025331e-07,0.00340246
1.025831e-07,-0.00266673
1.026331e-07,-0.011235
1.026831e-07,-0.00843383
1.027331e-07,-0.00343567
1.027831e-07,-0.00129361
1.028331e-07,0.00194696
1.028831e-07,0.0003816
1.029331e-07,-0.00294135
1.029831e-07,-0.00222733
1.030331e-07,0.00095831
1.030831e-07,0.00776898
1.031331e-07,0.0111469
1.031831e-07,0.00419887
1.032331e-07,-0.00313359
1.032831e-07,-0.00609952
1.033331e-07,-0.00813174
1.033831e-07,-0.00824159
1.034331e-07,-0.00782965
1.034831e-07,-0.00357298
1.035331e-07,0.00645079
1.035831e-07,0.0100484
1.036331e-07,0.00208427
1.036831e-07,-0.00401238
1.037331e-07,0.000766073
1.037831e-07,0.00864778
1.038331e-07,0.0113391
1.038831e-07,0.00894986
1.039331e-07,0.0063684
1.039831e-07,0.00818092
1.040331e-07,0.0128495
1.040831e-07,0.0217748
1.041331e-07,0.0288052
1.041831e-07,0.0191933
1.042331e-07,0.00137025
1.042831e-07,-0.00961471
1.043331e-07,-0.010521
1.043831e-07,-0.0101365
1.044331e-07,-0.0144206
1.044831e-07,-0.00826905
1.045331e-07,0.01068
1.045831e-07,0.0228733
1.046331e-07,0.0220769
1.046831e-07,0.0206488
1.047331e-07,0.0231754
1.047831e-07,0.0251527
1.048331e-07,0.0235599
1.048831e-07,0.00996597
1.049331e-07,-0.00673116
1.049831e-07,-0.00467148
1.050331e-07,0.00373201
1.050831e-07,0.00208427
1.051331e-07,-0.000112723
1.051831e-07,0.00131532
1.052331e-07,0.00414395
1.052831e-07,0.00873017
1.053331e-07,0.0137283
1.053831e-07,0.0123277
1.054331e-07,0.00197442
1.054831e-07,-0.00343567
1.055331e-07,0.00101323
1.055831e-07,0.00477558
1.056331e-07,0.00496782
1.056831e-07,0.00653317
1.057331e-07,0.0148268
1.057831e-07,0.0250977
1.058331e-07,0.0262786
1.058831e-07,0.0195229
1.059331e-07,0.0108448
1.059831e-07,-0.00294135
1.060331e-07,-0.018897
1.060831e-07,-0.0237029
1.061331e-07,-0.0234283
1.061831e-07,-0.0281793
1.062331e-07,-0.0234832
1.062831e-07,-0.0104111
1.063331e-07,-0.00442432
1.063831e-07,0.00537975
1.064331e-07,0.0174083
1.064831e-07,0.0141128
1.065331e-07,0.0072472
1.065831e-07,0.00342992
1.066331e-07,-0.000442272
1.066831e-07,-0.000964057
1.067331e-07,-0.00961471
1.067831e-07,-0.0213961
1.068331e-07,-0.0147227
1.068831e-07,0.00252367
1.069331e-07,0.00886748
1.069831e-07,0.0057093
1.070331e-07,0.00386932
1.070831e-07,0.00829077
1.071331e-07,0.012108
1.071831e-07,0.00263352
1.072331e-07,-0.00601714
1.072831e-07,-0.00450671
1.073331e-07,-0.00920277
1.073831e-07,-0.0139812
1.074331e-07,-0.00593475
1.074831e-07,0.00101323
1.075331e-07,-0.00129361
1.075831e-07,0.00334754
1.076331e-07,0.0174632
1.076831e-07,0.0200996
1.077331e-07,0.0149641
1.077831e-07,0.0180674
1.078331e-07,0.0229557
1.078831e-07,0.02529
1.079331e-07,0.0270476
1.079831e-07,0.0258392
1.080331e-07,0.0192208
1.080831e-07,0.0155683
1.081331e-07,0.0195503
1.081831e-07,0.0137558
1.082331e-07,0.00156248
1.082831e-07,-0.00296881
1.083331e-07,-0.00972456
1.083831e-07,-0.0132397
1.084331e-07,-0.00689593
1.084831e-07,-0.00316105
1.085331e-07,-0.00181539
1.085831e-07,0.00134278
1.086331e-07,0.00419887
1.086831e-07,0.0110919
1.087331e-07,0.016914
1.087831e-07,0.00752182
1.088331e-07,-0.00351806
1.088831e-07,-0.0023921
1.089331e-07,-0.00123868
1.089831e-07,-0.00508342
1.090331e-07,-0.00596221
1.090831e-07,0.00444603
1.091331e-07,0.0151014
1.091831e-07,0.0140029
1.092331e-07,0.0127122
1.092831e-07,0.014305
1.093331e-07,0.0148543
1.093831e-07,0.0148543
1.094331e-07,0.0132065
1.094831e-07,0.0155408
1.095331e-07,0.0174357
1.095831e-07,0.0162549
1.096331e-07,0.0163647
1.096831e-07,0.00955404
1.097331e-07,0.00197442
1.097831e-07,-0.00225479
1.098331e-07,-0.0083789
1.098831e-07,-0.00843383
1.099331e-07,-0.0062643
1.099831e-07,-0.00302374
1.100331e-07,0.00938926
1.100831e-07,0.0213079
1.101331e-07,0.0214178
1.101831e-07,0.0144698
1.102331e-07,0.011394
1.102831e-07,0.0126573
1.103331e-07,0.00606631
1.103831e-07,-0.00807682
1.104331e-07,-0.0135144
1.104831e-07,-0.00942247
1.105331e-07,-0.00686847
1.105831e-07,-0.0105484
1.106331e-07,-0.0150797
1.106831e-07,-0.0131299
1.107331e-07,-0.00873591
1.107831e-07,-0.00442432
1.108331e-07,0.00216665
1.108831e-07,0.0105427
1.109331e-07,0.0188363
1.109831e-07,0.0247682
1.110331e-07,0.0284482
1.110831e-07,0.027844
1.111331e-07,0.0192208
1.111831e-07,0.0107898
1.112331e-07,0.00916956
1.112831e-07,0.0074669
1.113331e-07,0.00395171
1.113831e-07,0.00161741
1.114331e-07,0.00117801
1.114831e-07,0.0089224
1.115331e-07,0.0225712
1.115831e-07,0.0233676
1.116331e-07,0.00903225
1.116831e-07,0.000244288
1.117331e-07,0.00120547
1.117831e-07,-0.000964057
1.118331e-07,-0.00544043
1.118831e-07,-0.00236464
1.119331e-07,0.00439111
1.119831e-07,0.0063684
1.120331e-07,0.01068
1.120831e-07,0.0171886
1.121331e-07,0.0127397
1.121831e-07,0.00664302
1.122331e-07,0.00971881
1.122831e-07,0.00557199
1.123331e-07,-0.00843383
1.123831e-07,-0.0189519
1.124331e-07,-0.0241972
1.124831e-07,-0.0188146
1.125331e-07,-0.00489118
1.125831e-07,0.00529737
1.126331e-07,0.0118334
1.126831e-07,0.0190011
1.127331e-07,0.0218297
1.127831e-07,0.0148543
1.128331e-07,0.0114215
1.128831e-07,0.0181223
1.129331e-07,0.0197426
1.129831e-07,0.0174632
1.130331e-07,0.020539
1.130831e-07,0.0239443
1.131331e-07,0.0261413
1.131831e-07,0.0276792
1.132331e-07,0.0193581
1.132831e-07,0.00760421
1.133331e-07,0.00494036
1.133831e-07,-0.00118376
1.134331e-07,-0.00766488
1.134831e-07,-0.00382015
1.135331e-07,-0.00316105
1.135831e-07,-0.00395746
1.136331e-07,-0.00099152
1.136831e-07,-0.00107391
1.137331e-07,-0.000552121
1.137831e-07,0.00117801
1.138331e-07,0.00268844
1.138831e-07,0.0108722
1.139331e-07,0.0214178
1.139831e-07,0.0211706
1.140331e-07,0.0177928
1.140831e-07,0.0236697
1.141331e-07,0.0261413
1.141831e-07,0.0198799
1.142331e-07,0.0177378
1.142831e-07,0.0188363
1.143331e-07,0.0133988
1.143831e-07,0.000628761
1.144331e-07,-0.00988933
1.144831e-07,-0.0114272
1.145331e-07,-0.00733533
1.145831e-07,0.000189363
1.146331e-07,0.0105427
1.146831e-07,0.0191109
1.147331e-07,0.019413
1.147831e-07,0.0095815
1.148331e-07,0.003375
1.148831e-07,0.00881255
1.149331e-07,0.0132889
1.149831e-07,0.0169414
1.150331e-07,0.0230655
1.150831e-07,0.0207038
1.151331e-07,0.0182596
1.151831e-07,0.0235599
1.152331e-07,0.0220494
1.152831e-07,0.0162823
1.153331e-07,0.0165844
1.153831e-07,0.0149916
1.154331e-07,0.00988359
1.154831e-07,0.00988359
1.155331e-07,0.0137558
1.155831e-07,0.0144698
1.156331e-07,0.0129868
1.156831e-07,0.0109821
1.157331e-07,0.00452842
1.157831e-07,-0.000909132
1.158331e-07,0.00288068
1.158831e-07,0.00768659
1.159331e-07,0.0044735
1.159831e-07,-0.000689433
1.160331e-07,0.000436525
1.160831e-07,0.00741197
1.161331e-07,0.0130143
1.161831e-07,0.0127671
1.162331e-07,0.0148543
1.162831e-07,0.0211706
1.163331e-07,0.0189462
1.163831e-07,0.00749436
1.164331e-07,0.000601299
1.164831e-07,0.00373201
1.165331e-07,0.00557199
1.165831e-07,0.00235889
1.166331e-07,0.00348485
1.166831e-07,0.00829077
1.167331e-07,0.00771406
1.167831e-07,-0.000552121
1.168331e-07,-0.00653892
1.168831e-07,-0.00741772
1.169331e-07,-0.0138988
1.169831e-07,-0.0217531
1.170331e-07,-0.0173866
1.170831e-07,-0.00373776
1.171331e-07,0.00864778
1.171831e-07,0.0115313
1.172331e-07,0.00842808
1.172831e-07,0.0102681
1.173331e-07,0.0104878
1.173831e-07,0.00639586
1.174331e-07,0.00842808
1.174831e-07,0.0159802
1.175331e-07,0.0204291
1.175831e-07,0.019468
1.176331e-07,0.0224614
1.176831e-07,0.0271849
1.177331e-07,0.0224888
1.177831e-07,0.0185892
1.178331e-07,0.0192757
1.178831e-07,0.0127671
1.179331e-07,-5.77984e-05
1.179831e-07,-0.00813174
1.180331e-07,-0.00596221
1.180831e-07,-0.001733
1.181331e-07,0.00131532
1.181831e-07,0.0040341
1.182331e-07,0.00683526
1.182831e-07,0.0153486
1.183331e-07,0.0187265
1.183831e-07,0.0123003
1.184331e-07,0.0102955
1.184831e-07,0.0153486
1.185331e-07,0.0210608
1.185831e-07,0.0230655
1.186331e-07,0.0225712
1.186831e-07,0.013948
1.187331e-07,-0.00181539
1.187831e-07,-0.00502849
1.188331e-07,-0.00214494
1.188831e-07,-0.00612699
1.189331e-07,-0.00574251
1.189831e-07,-0.00030496
1.190331e-07,0.00397917
1.190831e-07,0.0068078
1.191331e-07,0.00988359
1.191831e-07,0.0183145
1.192331e-07,0.0277341
1.192831e-07,0.0297114
1.193331e-07,0.0279813
1.193831e-07,0.0259491
1.194331e-07,0.0262786
1.194831e-07,0.0290249
1.195331e-07,0.0232303
1.195831e-07,0.0140853
1.196331e-07,0.0163098
1.196831e-07,0.0210882
1.197331e-07,0.0224064
1.197831e-07,0.0273497
1.198331e-07,0.0270201
1.198831e-07,0.0200447
1.199331e-07,0.0182047
1.199831e-07,0.0138931
1.200331e-07,0.00631348
1.200831e-07,0.0111743
1.201331e-07,0.0251252
1.201831e-07,0.0357806
1.202331e-07,0.0408612
1.202831e-07,0.0410809
1.203331e-07,0.0375382
1.203831e-07,0.0279813
1.204331e-07,0.0116137
1.204831e-07,-0.00203509
1.205331e-07,-0.00708817
1.205831e-07,-0.012306
1.206331e-07,-0.0209841
1.206831e-07,-0.0255154
1.207331e-07,-0.0260921
1.207831e-07,-0.023648
1.208331e-07,-0.0169472
1.208831e-07,-0.00802189
1.209331e-07,0.00161741
1.209831e-07,0.0027159
1.210331e-07,-0.00431447
1.210831e-07,-0.00681355
1.211331e-07,-0.00491864
1.211831e-07,0.000656224
1.212331e-07,0.0130967
1.212831e-07,0.0248231
1.213331e-07,0.02529
1.213831e-07,0.0231754
1.214331e-07,0.0291347
1.214831e-07,0.02529
1.215331e-07,0.0065881
1.215831e-07,-0.00631922
1.216331e-07,-0.00519326
1.216831e-07,0.00406156
1.217331e-07,0.00664302
1.217831e-07,0.00329261
1.218331e-07,0.0108997
1.218831e-07,0.0219396
1.219331e-07,0.023807
1.219831e-07,0.0248231
1.220331e-07,0.0250428
1.220831e-07,0.0201271
1.221331e-07,0.017985
1.221831e-07,0.0159528
1.222331e-07,0.00993851
1.222831e-07,0.0109546
1.223331e-07,0.0156232
1.223831e-07,0.0120806
1.224331e-07,0.00587408
1.224831e-07,0.00340246
1.225331e-07,0.00461081
1.225831e-07,0.00408902
1.226331e-07,-0.00104644
1.226831e-07,-0.00129361
1.227331e-07,0.00329261
1.227831e-07,0.0063684
1.228331e-07,0.0121355
1.228831e-07,0.020182
1.229331e-07,0.0206763
1.229831e-07,0.0108997
1.230331e-07,2.45887e-05
1.230831e-07,-0.00934009
1.231331e-07,-0.0159311
1.231831e-07,-0.0107407
1.232331e-07,0.00224904
1.232831e-07,0.0137558
1.233331e-07,0.0200721
1.233831e-07,0.020539
1.234331e-07,0.0246309
1.234831e-07,0.0288601
1.235331e-07,0.0182322
1.235831e-07,0.00158994
1.236331e-07,-0.00491864
1.236831e-07,-0.00118376
1.237331e-07,0.00474812
1.237831e-07,0.00996597
1.238331e-07,0.0168865
1.238831e-07,0.0214178
1.239331e-07,0.020539
1.239831e-07,0.0172435
1.240331e-07,0.0126573
1.240831e-07,0.00916956
1.241331e-07,0.0112292
1.241831e-07,0.0177928
1.242331e-07,0.0238894
1.242831e-07,0.0259765
1.243331e-07,0.0250154
1.243831e-07,0.0208136
1.244331e-07,0.0155683
1.244831e-07,0.0171886
1.245331e-07,0.0135361
1.245831e-07,-0.00360045
1.246331e-07,-0.0124159
1.246831e-07,-0.0105759
1.247331e-07,-0.0106857
1.247831e-07,-0.00519326
1.248331e-07,0.0031553
1.248831e-07,0.0110919
1.249331e-07,0.0257843
1.249831e-07,0.0306452
1.250331e-07,0.022022
1.250831e-07,0.0207312
1.251331e-07,0.0214178
1.251831e-07,0.00933434
1.252331e-07,-0.00508342
1.252831e-07,-0.00728041
1.253331e-07,-0.00357298
1.253831e-07,-0.00214494
1.254331e-07,-0.00230971
1.254831e-07,-0.00206255
1.255331e-07,0.00546214
1.255831e-07,0.0163647
1.256331e-07,0.022379
1.256831e-07,0.0280362
1.257331e-07,0.0297114
1.257831e-07,0.0212256
1.258331e-07,0.0139755
1.258831e-07,0.019056
1.259331e-07,0.0234775
1.259831e-07,0.0160626
1.260331e-07,0.0105976
1.260831e-07,0.00952657
1.261331e-07,0.00853793
1.261831e-07,0.0127397
1.262331e-07,0.0110919
1.262831e-07,0.00472066
1.263331e-07,0.00727466
1.263831e-07,0.00606631
1.264331e-07,-0.00379268
1.264831e-07,-0.0108231
1.265331e-07,-0.0114547
1.265831e-07,-0.00406731
1.266331e-07,0.00345739
1.266831e-07,0.00579169
1.267331e-07,0.0102955
1.267831e-07,0.0109546
1.268331e-07,0.00205681
1.268831e-07,-0.00156823
1.269331e-07,0.00131532
1.269831e-07,-0.00143092
1.270331e-07,-0.0026118
1.270831e-07,0.00027175
1.271331e-07,-0.00184285
1.271831e-07,-0.00332582
1.272331e-07,0.00277083
1.272831e-07,0.0115588
1.273331e-07,0.0155683
1.273831e-07,0.0163922
1.274331e-07,0.0213629
1.274831e-07,0.0268004
1.275331e-07,0.0255371
1.275831e-07,0.0189187
1.276331e-07,0.0119982
1.276831e-07,0.0106251
1.277331e-07,0.0127671
1.277831e-07,0.0127671
1.278331e-07,0.0128495
1.278831e-07,0.0152662
1.279331e-07,0.0189187
1.279831e-07,0.0228733
1.280331e-07,0.0279538
1.280831e-07,0.0281735
1.281331e-07,0.0168316
1.281831e-07,0.00494036
1.282331e-07,-0.000826745
1.282831e-07,-0.00382015
1.283331e-07,0.00485797
1.283831e-07,0.0198799
1.284331e-07,0.0204291
1.284831e-07,0.0151564
1.285331e-07,0.0183969
1.285831e-07,0.0212805
1.286331e-07,0.0199074
1.286831e-07,0.0184519
1.287331e-07,0.0145522
1.287831e-07,0.0070275
1.288331e-07,0.00329261
1.288831e-07,0.0102681
1.289331e-07,0.0189462
1.289831e-07,0.019825
1.290331e-07,0.0221043
1.290831e-07,0.0217473
1.291331e-07,0.0107349
1.291831e-07,0.00642333
1.292331e-07,0.0115863
1.292831e-07,0.0183145
1.293331e-07,0.0303431
1.293831e-07,0.0373185
1.294331e-07,0.0326499
1.294831e-07,0.0273771
1.295331e-07,0.0226261
1.295831e-07,0.0160901
1.296331e-07,0.00974627
1.296831e-07,-0.00112883
1.297331e-07,-0.012306
1.297831e-07,-0.00664877
1.298331e-07,0.00851047
1.298831e-07,0.0129594
1.299331e-07,0.0153211
1.299831e-07,0.0214727
1.300331e-07,0.0168865
1.300831e-07,0.00732958
1.301331e-07,0.0112018
1.301831e-07,0.0151289
1.302331e-07,0.00450096
1.302831e-07,-0.00508342
1.303331e-07,-0.00804935
1.303831e-07,-0.0135693
1.304331e-07,-0.0193364
1.304831e-07,-0.017469
1.305331e-07,-0.0152994
1.305831e-07,-0.0205173
1.306331e-07,-0.0156564
1.306831e-07,0.000656224
1.307331e-07,0.00590154
1.307831e-07,0.00367709
1.308331e-07,0.00318276
1.308831e-07,-0.000167648
1.309331e-07,-0.000414809
1.309831e-07,0.00408902
1.310331e-07,0.00551707
1.310831e-07,0.00213919
1.311331e-07,-0.00255688
1.311831e-07,0.000161901
1.312331e-07,0.00845554
1.312831e-07,0.0167217
1.313331e-07,0.0212256
1.313831e-07,0.0164196
1.314331e-07,0.0116686
1.314831e-07,0.00834569
1.315331e-07,0.00672541
1.315831e-07,0.0159802
1.316331e-07,0.022736
1.316831e-07,0.0216375
1.317331e-07,0.0238894
1.317831e-07,0.0245485
1.318331e-07,0.0191933
1.318831e-07,0.0128221
1.319331e-07,0.00721973
1.319831e-07,-0.00255688
1.320331e-07,-0.014915
1.320831e-07,-0.0177436
1.321331e-07,-0.0118117
1.321831e-07,-0.00302374
1.322331e-07,0.00721973
1.322831e-07,0.0127122
1.323331e-07,0.0127946
1.323831e-07,0.0156507
1.324331e-07,0.0248231
1.324831e-07,0.0258942
1.325331e-07,0.0140029
1.325831e-07,0.00873017
1.326331e-07,0.0138107
1.326831e-07,0.0163647
1.327331e-07,0.0111743
1.327831e-07,0.0012604
1.328331e-07,-0.0021724
1.328831e-07,0.00450096
1.329331e-07,0.0087027
1.329831e-07,0.00667049
1.330331e-07,0.00661556
1.330831e-07,0.0107349
1.331331e-07,0.0148268
1.331831e-07,0.00969135
1.332331e-07,-0.00502849
1.332831e-07,-0.0088183
1.333331e-07,-0.00376522
1.333831e-07,-0.00799443
1.334331e-07,-0.00774727
1.334831e-07,-0.00088167
1.335331e-07,0.00244128
1.335831e-07,0.0108448
1.336331e-07,0.0163647
1.336831e-07,0.00982866
1.337331e-07,0.00480304
1.337831e-07,0.00661556
1.338331e-07,0.00955404
1.338831e-07,0.0103504
1.339331e-07,0.0105427
1.339831e-07,0.0135086
1.340331e-07,0.0124651
1.340831e-07,0.00686272
1.341331e-07,0.00255113
1.341831e-07,-0.00228225
1.342331e-07,-0.00115629
1.342831e-07,0.00458335
1.343331e-07,0.00598393
1.343831e-07,0.00573677
1.344331e-07,0.00785137
1.344831e-07,0.013948
1.345331e-07,0.0174632
1.345831e-07,0.0148268
1.346331e-07,0.0142501
1.346831e-07,0.0185617
1.347331e-07,0.0202644
1.347831e-07,0.014305
1.348331e-07,0.0124101
1.348831e-07,0.0179301
1.349331e-07,0.0132889
1.349831e-07,0.00164487
1.350331e-07,-0.000744358
1.350831e-07,0.00219412
1.351331e-07,0.00710988
1.351831e-07,0.0138107
1.352331e-07,0.0148543
1.352831e-07,0.0124101
1.353331e-07,0.0117785
1.353831e-07,0.0101307
1.354331e-07,0.0106251
1.354831e-07,0.0155134
1.355331e-07,0.011037
1.355831e-07,-0.000359885
1.356331e-07,-0.00129361
1.356831e-07,-0.00406731
1.357331e-07,-0.0165902
1.357831e-07,-0.0215883
1.358331e-07,-0.018183
1.358831e-07,-0.0145854
1.359331e-07,-0.0114272
1.359831e-07,-0.00750011
1.360331e-07,-0.000689433
1.360831e-07,0.00776898
1.361331e-07,0.0144698
1.361831e-07,0.0168041
1.362331e-07,0.0148543
1.362831e-07,0.011394
1.363331e-07,0.00779644
1.363831e-07,0.0027159
1.364331e-07,-0.0019527
1.364831e-07,-0.00505595
1.365331e-07,-0.00618191
1.365831e-07,0.00128786
1.366331e-07,0.0131241
1.366831e-07,0.0181772
1.367331e-07,0.0209235
1.367831e-07,0.0260589
1.368331e-07,0.0272947
1.368831e-07,0.0233951
1.369331e-07,0.0212256
1.369831e-07,0.0204841
1.370331e-07,0.0168041
1.370831e-07,0.0111743
1.371331e-07,0.00859285
1.371831e-07,0.0128221
1.372331e-07,0.0171337
1.372831e-07,0.0160901
1.373331e-07,0.0120257
1.373831e-07,0.00776898
1.374331e-07,0.0116137
1.374831e-07,0.0199897
1.375331e-07,0.0199348
1.375831e-07,0.0188912
1.376331e-07,0.0221318
1.376831e-07,0.0221867
1.377331e-07,0.0193856
1.377831e-07,0.0149367
1.378331e-07,0.0163922
1.378831e-07,0.0285031
1.379331e-07,0.03622
1.379831e-07,0.0366594
1.380331e-07,0.0373185
1.380831e-07,0.0369615
1.381331e-07,0.0385543
1.381831e-07,0.0352588
1.382331e-07,0.0180125
1.382831e-07,-0.000689433
1.383331e-07,-0.0145579
1.383831e-07,-0.0257626
1.384331e-07,-0.0244444
1.384831e-07,-0.0143382
1.385331e-07,-0.00870845
1.385831e-07,0.00112308
1.386331e-07,0.0114489
1.386831e-07,0.00787883
1.387331e-07,0.00458335
1.387831e-07,0.00472066
1.388331e-07,0.000491449
1.388831e-07,0.00472066
1.389331e-07,0.0137832
1.389831e-07,0.017271
1.390331e-07,0.0227634
1.390831e-07,0.0304804
1.391331e-07,0.0359179
1.391831e-07,0.0337759
1.392331e-07,0.0242464
1.392831e-07,0.0169963
1.393331e-07,0.0108722
1.393831e-07,0.0031553
1.394331e-07,-0.00406731
1.394831e-07,-0.00651146
1.395331e-07,-0.00099152
1.395831e-07,-0.00030496
1.396331e-07,-0.00228225
1.396831e-07,0.00557199
1.397331e-07,0.00647825
1.397831e-07,-0.000826745
1.398331e-07,0.00334754
1.398831e-07,0.0113116
1.399331e-07,0.0104603
1.399831e-07,0.00375947
1.400331e-07,-0.00129361
1.400831e-07,-0.000689433
1.401331e-07,-0.00414969
1.401831e-07,-0.0117568
1.402331e-07,-0.00555028
1.402831e-07,0.0102406
1.403331e-07,0.0152388
1.403831e-07,0.0131241
1.404331e-07,0.017216
1.404831e-07,0.0232303
1.405331e-07,0.0266631
1.405831e-07,0.027487
1.406331e-07,0.0208685
1.406831e-07,0.0120806
1.407331e-07,0.00268844
1.407831e-07,-0.0104386
1.408331e-07,-0.0143932
1.408831e-07,-0.0102463
1.409331e-07,-0.00950486
1.409831e-07,-0.00964217
1.410331e-07,-0.00722548
1.410831e-07,-0.000469734
1.411331e-07,0.00288068
1.411831e-07,0.000134438
1.412331e-07,0.00266098
1.412831e-07,0.00406156
1.413331e-07,-3.03361e-05
1.413831e-07,0.00117801
1.414331e-07,0.00430872
1.414831e-07,0.00367709
1.415331e-07,-0.00137599
1.415831e-07,-0.00782965
1.416331e-07,-0.0077198
1.416831e-07,-0.00299627
1.417331e-07,0.00845554
1.417831e-07,0.0273771
1.418331e-07,0.0374009
1.418831e-07,0.0368242
1.419331e-07,0.0390486
1.419831e-07,0.0415752
1.420331e-07,0.0342153
1.420831e-07,0.0229557
1.421331e-07,0.0185617
1.421831e-07,0.0147994
1.422331e-07,0.00840062
1.422831e-07,0.0107075
1.423331e-07,0.0145797
1.423831e-07,0.008483
1.424331e-07,0.00689019
1.424831e-07,0.0123552
1.425331e-07,0.0139206
1.425831e-07,0.0139755
1.426331e-07,0.0116412
1.426831e-07,0.005929
1.427331e-07,-2.87366e-06
1.427831e-07,-0.0130475
1.428331e-07,-0.0243071
1.428831e-07,-0.0131574
1.429331e-07,0.00117801
1.429831e-07,0.00466573
1.430331e-07,0.0190011
1.430831e-07,0.0339132
1.431331e-07,0.0326499
1.431831e-07,0.0310022
1.432331e-07,0.0336386
1.432831e-07,0.0350666
1.433331e-07,0.0334738
1.433831e-07,0.0260589
1.434331e-07,0.0193032
1.434831e-07,0.0156507
1.435331e-07,0.00856539
1.435831e-07,-0.001733
1.436331e-07,-0.0106583
1.436831e-07,-0.016343
1.437331e-07,-0.0270533
1.437831e-07,-0.0354568
1.438331e-07,-0.0235381
1.438831e-07,-0.00804935
1.439331e-07,-0.00719802
1.439831e-07,-0.0105759
1.440331e-07,-0.00848875
1.440831e-07,-0.00247449
1.441331e-07,0.00266098
1.441831e-07,0.00524244
1.442331e-07,0.00587408
1.442831e-07,0.00458335
1.443331e-07,0.00491289
1.443831e-07,0.00672541
1.444331e-07,0.00304545
1.444831e-07,-0.00263926
1.445331e-07,-0.00585236
1.445831e-07,-0.0142559
1.446331e-07,-0.0212313
1.446831e-07,-0.0157937
1.447331e-07,-0.00631922
1.447831e-07,0.000820998
1.448331e-07,0.00568184
1.448831e-07,0.00908718
1.449331e-07,0.0093618
1.449831e-07,0.00603885
1.450331e-07,0.00422633
1.450831e-07,0.00178218
1.451331e-07,-0.00313359
1.451831e-07,-0.00541296
1.452331e-07,0.00266098
1.452831e-07,0.0134812
1.453331e-07,0.0161999
1.453831e-07,0.0231754
1.454331e-07,0.0299586
1.454831e-07,0.0253998
1.455331e-07,0.0206214
1.455831e-07,0.0154035
1.456331e-07,0.00763167
1.456831e-07,0.00169979
1.457331e-07,-0.00450671
1.457831e-07,-0.0015133
1.458331e-07,0.0102955
1.458831e-07,0.0142501
1.459331e-07,0.0151014
1.459831e-07,0.0176554
1.460331e-07,0.0177104
1.460831e-07,0.0194954
1.461331e-07,0.01977
1.461831e-07,0.0149367
1.462331e-07,0.0136185
1.462831e-07,0.0187539
1.463331e-07,0.019825
1.463831e-07,0.0143874
1.464331e-07,0.0100209
1.464831e-07,0.00268844
1.465331e-07,-0.00587982
1.465831e-07,-0.00769234
1.466331e-07,-0.0085986
1.466831e-07,-0.00695086
1.467331e-07,0.00364962
1.467831e-07,0.0159802
1.468331e-07,0.0237796
1.468831e-07,0.0273497
1.469331e-07,0.0262512
1.469831e-07,0.0203468
1.470331e-07,0.0173808
1.470831e-07,0.0182871
1.471331e-07,0.0133438
1.471831e-07,0.00389679
1.472331e-07,0.00150756
1.472831e-07,0.0130967
1.473331e-07,0.0191659
1.473831e-07,0.0110919
1.474331e-07,0.0151289
1.474831e-07,0.0265533
1.475331e-07,0.0213629
1.475831e-07,0.00900479
1.476331e-07,0.00798868
1.476831e-07,0.0132889
1.477331e-07,0.01252
1.477831e-07,0.0101307
1.478331e-07,0.0127671
1.478831e-07,0.016914
1.479331e-07,0.0190835
1.479831e-07,0.0173808
1.480331e-07,0.0113391
1.480831e-07,0.00743943
1.481331e-07,0.0140853
1.481831e-07,0.024164
1.482331e-07,0.0224064
1.482831e-07,0.0200172
1.483331e-07,0.0297114
1.483831e-07,0.0334463
1.484331e-07,0.0266356
1.484831e-07,0.0208136
1.485331e-07,0.0127122
1.485831e-07,0.00590154
1.486331e-07,0.0087027
1.486831e-07,0.0141403
1.487331e-07,0.0138107
1.487831e-07,0.00782391
1.488331e-07,0.00120547
1.488831e-07,-0.00505595
1.489331e-07,-0.0113998
1.489831e-07,-0.011949
1.490331e-07,-0.00750011
1.490831e-07,-0.00656638
1.491331e-07,-0.0104386
1.491831e-07,-0.012306
1.492331e-07,-0.0079395
1.492831e-07,-0.00362791
1.493331e-07,-0.00393
1.493831e-07,-0.0088183
1.494331e-07,-0.0150248
1.494831e-07,-0.00972456
1.495331e-07,0.0065881
1.495831e-07,0.0158704
1.496331e-07,0.0124101
1.496831e-07,0.00406156
1.497331e-07,-0.000964057
1.497831e-07,0.00307291
1.498331e-07,0.00686272
1.498831e-07,0.00433618
1.499331e-07,0.00565438
1.499831e-07,0.00367709
1.500331e-07,-0.00552281
1.500831e-07,-0.0122786
1.501331e-07,-0.0211489
1.501831e-07,-0.0269435
1.502331e-07,-0.0220277
1.502831e-07,-0.0165902
1.503331e-07,-0.0117293
1.503831e-07,-0.00442432
1.504331e-07,0.00189203
1.504831e-07,0.0107349
1.505331e-07,0.021665
1.505831e-07,0.0254548
1.506331e-07,0.0209784
1.506831e-07,0.0131791
1.507331e-07,0.00499528
1.507831e-07,0.00351231
1.508331e-07,0.00713735
1.508831e-07,0.00625855
1.509331e-07,0.00375947
1.509831e-07,0.00296306
1.510331e-07,0.00686272
1.510831e-07,0.0146071
1.511331e-07,0.0176829
1.511831e-07,0.0221867
1.512331e-07,0.029327
1.512831e-07,0.0259491
1.513331e-07,0.0120257
1.513831e-07,-0.000936595
1.514331e-07,-0.0085986
1.514831e-07,-0.0126081
1.515331e-07,-0.0122786
1.515831e-07,-0.0113174
1.516331e-07,-0.0111801
1.516831e-07,-0.00453417
1.517331e-07,0.0140579
1.517831e-07,0.0358905
1.518331e-07,0.0437996
1.518831e-07,0.0422343
1.519331e-07,0.037703
1.519831e-07,0.0212256
1.520331e-07,-0.000524659
1.520831e-07,-0.00637415
1.521331e-07,0.00318276
1.521831e-07,0.00801614
1.522331e-07,0.00952657
1.522831e-07,0.0144423
1.523331e-07,0.013591
1.523831e-07,0.0109546
1.524331e-07,0.0150191
1.524831e-07,0.0135635
1.525331e-07,-0.000936595
1.525831e-07,-0.00892815
1.526331e-07,-0.0053855
1.526831e-07,-0.00500103
1.527331e-07,-0.00274911
1.527831e-07,0.00458335
1.528331e-07,0.00867524
1.528831e-07,0.0115313
1.529331e-07,0.0126024
1.529831e-07,0.0102681
1.530331e-07,0.0087027
1.530831e-07,0.00433618
1.531331e-07,-0.00329836
1.531831e-07,-0.00906546
1.532331e-07,-0.0137615
1.532831e-07,-0.0141735
1.533331e-07,-0.00403984
1.533831e-07,0.0107075
1.534331e-07,0.0161725
1.534831e-07,0.0156232
1.535331e-07,0.0187814
1.535831e-07,0.0165844
1.536331e-07,0.00911464
1.536831e-07,0.0082633
1.537331e-07,0.0101307
1.537831e-07,0.00960896
1.538331e-07,0.0110645
1.538831e-07,0.0133438
1.539331e-07,0.0104878
1.539831e-07,0.00367709
1.540331e-07,-0.00225479
1.540831e-07,-0.00508342
1.541331e-07,-0.00519326
1.541831e-07,-0.00143092
1.542331e-07,0.0115313
1.542831e-07,0.0264434
1.543331e-07,0.030041
1.543831e-07,0.0266631
1.544331e-07,0.0243288
1.544831e-07,0.0202094
1.545331e-07,0.00631348
1.545831e-07,-0.0106583
1.546331e-07,-0.0110428
1.546831e-07,-0.00140346
1.547331e-07,0.00568184
1.547831e-07,0.0187265
1.548331e-07,0.0243837
1.548831e-07,0.0134537
1.549331e-07,0.00903225
1.549831e-07,0.00952657
1.550331e-07,0.00290814
1.550831e-07,-0.00469894
1.551331e-07,-0.00535804
1.551831e-07,0.00483051
1.552331e-07,0.0159528
1.552831e-07,0.0210333
1.553331e-07,0.021967
1.553831e-07,0.0217748
1.554331e-07,0.0249879
1.554831e-07,0.0229282
1.555331e-07,0.0161175
1.555831e-07,0.0164471
1.556331e-07,0.0166668
1.556831e-07,0.0155134
1.557331e-07,0.0163922
1.557831e-07,0.0112567
1.558331e-07,0.00554453
1.558831e-07,0.00999344
1.559331e-07,0.014662
1.559831e-07,0.0102681
1.560331e-07,0.00700004
1.560831e-07,0.0087027
1.561331e-07,0.0157605
1.561831e-07,0.0287777
1.562331e-07,0.0316338
1.562831e-07,0.0217748
1.563331e-07,0.0166668
1.563831e-07,0.0180125
1.564331e-07,0.0180948
1.564831e-07,0.0172984
1.565331e-07,0.0141403
1.565831e-07,0.00678034
1.566331e-07,0.00375947
1.566831e-07,0.0091421
1.567331e-07,0.0156781
1.567831e-07,0.0221318
1.568331e-07,0.0291347
1.568831e-07,0.0299586
1.569331e-07,0.0255097
1.569831e-07,0.0250977
1.570331e-07,0.0287228
1.570831e-07,0.029684
1.571331e-07,0.0279264
1.571831e-07,0.024878
1.572331e-07,0.0195503
1.572831e-07,0.0152937
1.573331e-07,0.0137558
1.573831e-07,0.0141128
1.574331e-07,0.0140853
1.574831e-07,0.0117236
1.575331e-07,0.0144698
1.575831e-07,0.0182871
1.576331e-07,0.013591
1.576831e-07,0.0124651
1.577331e-07,0.0166119
1.577831e-07,0.012877
1.578331e-07,0.00546214
1.578831e-07,0.0024962
1.579331e-07,0.00516006
1.579831e-07,0.00974627
1.580331e-07,0.0105701
1.580831e-07,0.00993851
1.581331e-07,0.00801614
1.581831e-07,0.0052699
1.582331e-07,0.003375
1.582831e-07,0.0029356
1.583331e-07,0.00609378
1.583831e-07,0.0052699
1.584331e-07,-0.00192524
1.584831e-07,-0.00502849
1.585331e-07,-0.000936595
1.585831e-07,0.00263352
1.586331e-07,0.00310038
1.586831e-07,-0.00030496
1.587331e-07,-0.00703324
1.587831e-07,-0.00854368
1.588331e-07,-0.00439686
1.588831e-07,0.00137025
1.589331e-07,0.00683526
1.589831e-07,0.00694511
1.590331e-07,0.00565438
1.590831e-07,0.0105427
1.591331e-07,0.0149916
1.591831e-07,0.0129868
1.592331e-07,0.00963642
1.592831e-07,0.00864778
1.593331e-07,0.00765913
1.593831e-07,0.00505021
1.594331e-07,0.00743943
1.594831e-07,0.012163
1.595331e-07,0.0093618
1.595831e-07,0.00483051
1.596331e-07,0.00175472
