LECROYWR640Zi,59892,Waveform
Segments,1,SegmentSize,4002
Segment,TrigTime,TimeSinceSegment1
#1,01-Nov-2023 13:34:16,0                 
Time,Ampl
-4.041358e-08,0.011394
-4.036358e-08,0.0140579
-4.031358e-08,0.0175456
-4.026358e-08,0.0194405
-4.021358e-08,0.0153761
-4.016358e-08,0.00428126
-4.011358e-08,-0.00934009
-4.006358e-08,-0.0175239
-4.001358e-08,-0.017771
-3.996358e-08,-0.012663
-3.991358e-08,-0.0116744
-3.986358e-08,-0.0117019
-3.981358e-08,-0.00211748
-3.976358e-08,0.00540722
-3.971358e-08,0.00332008
-3.966358e-08,0.00406156
-3.961358e-08,0.00991105
-3.956358e-08,0.00851047
-3.951358e-08,0.00417141
-3.946358e-08,0.00408902
-3.941358e-08,-0.00651146
-3.936358e-08,-0.0177436
-3.931358e-08,-0.00873591
-3.926358e-08,0.00419887
-3.921358e-08,0.00894986
-3.916358e-08,0.0116412
-3.911358e-08,0.0121355
-3.906358e-08,0.0111469
-3.901358e-08,0.0113116
-3.896358e-08,0.0112842
-3.891358e-08,0.0108173
-3.886358e-08,0.0118883
-3.881358e-08,0.0129868
-3.876358e-08,0.00925195
-3.871358e-08,0.00321023
-3.866358e-08,0.00463827
-3.861358e-08,0.00771406
-3.856358e-08,0.00323769
-3.851358e-08,0.000930848
-3.846358e-08,0.00353977
-3.841358e-08,0.00208427
-3.836358e-08,0.000573836
-3.831358e-08,0.00801614
-3.826358e-08,0.0124651
-3.821358e-08,0.00598393
-3.816358e-08,0.00238635
-3.811358e-08,-0.000936595
-3.806358e-08,-0.00782965
-3.801358e-08,-0.010878
-3.796358e-08,-0.0172767
-3.791358e-08,-0.0193089
-3.786358e-08,-0.00659385
-3.781358e-08,0.00131532
-3.776358e-08,-5.77984e-05
-3.771358e-08,-0.00233718
-3.766358e-08,-0.0079395
-3.761358e-08,-0.0135968
-3.756358e-08,-0.0150797
-3.751358e-08,-0.00824159
-3.746358e-08,-0.000607046
-3.741358e-08,-0.00247449
-3.736358e-08,-0.00574251
-3.731358e-08,-0.00593475
-3.726358e-08,-0.00362791
-3.721358e-08,0.00175472
-3.716358e-08,0.00873017
-3.711358e-08,0.0204566
-3.706358e-08,0.0289974
-3.701358e-08,0.0226811
-3.696358e-08,0.0130143
-3.691358e-08,0.0089224
-3.686358e-08,0.00686272
-3.681358e-08,0.00705496
-3.676358e-08,0.00798868
-3.671358e-08,0.0074669
-3.666358e-08,0.00101323
-3.661358e-08,-0.00780219
-3.656358e-08,-0.00313359
-3.651358e-08,0.0129868
-3.646358e-08,0.0220769
-3.641358e-08,0.0186441
-3.636358e-08,0.0107898
-3.631358e-08,0.00672541
-3.626358e-08,0.0093618
-3.621358e-08,0.0125749
-3.616358e-08,0.0137283
-3.611358e-08,0.0169414
-3.606358e-08,0.0166393
-3.601358e-08,0.0104328
-3.596358e-08,0.00430872
-3.591358e-08,0.00266098
-3.586358e-08,0.00505021
-3.581358e-08,0.00757675
-3.576358e-08,0.0123827
-3.571358e-08,0.0138931
-3.566358e-08,0.00461081
-3.561358e-08,-0.00115629
-3.556358e-08,0.00612124
-3.551358e-08,0.0125749
-3.546358e-08,0.00650571
-3.541358e-08,-0.00387507
-3.536358e-08,-0.00244703
-3.531358e-08,0.00603885
-3.526358e-08,0.0101582
-3.521358e-08,0.0151289
-3.516358e-08,0.0187265
-3.511358e-08,0.0172435
-3.506358e-08,0.0145522
-3.501358e-08,0.00878509
-3.496358e-08,0.00417141
-3.491358e-08,0.00513259
-3.486358e-08,0.00779644
-3.481358e-08,0.0108722
-3.476358e-08,0.0152113
-3.471358e-08,0.0186715
-3.466358e-08,0.0215551
-3.461358e-08,0.0282559
-3.456358e-08,0.0329245
-3.451358e-08,0.0302332
-3.446358e-08,0.0280637
-3.441358e-08,0.0277616
-3.436358e-08,0.0237246
-3.431358e-08,0.0178477
-3.426358e-08,0.0171337
-3.421358e-08,0.0209784
-3.416358e-08,0.0208136
-3.411358e-08,0.0174357
-3.406358e-08,0.019468
-3.401358e-08,0.021665
-3.396358e-08,0.015074
-3.391358e-08,0.005929
-3.386358e-08,-0.00129361
-3.381358e-08,-0.00620937
-3.376358e-08,-0.00846129
-3.371358e-08,-0.00802189
-3.366358e-08,-0.00620937
-3.361358e-08,-0.00807682
-3.356358e-08,-0.00994426
-3.351358e-08,-0.00887322
-3.346358e-08,-0.00607206
-3.341358e-08,-0.00502849
-3.336358e-08,-0.00936755
-3.331358e-08,-0.0120589
-3.326358e-08,-0.0121962
-3.321358e-08,-0.0118392
-3.316358e-08,-0.00955978
-3.311358e-08,-0.006484
-3.306358e-08,-0.00088167
-3.301358e-08,0.00477558
-3.296358e-08,0.00321023
-3.291358e-08,-0.00409477
-3.286358e-08,-0.00318851
-3.281358e-08,0.00367709
-3.276358e-08,0.00150756
-3.271358e-08,-0.000112723
-3.266358e-08,0.00521498
-3.261358e-08,0.0089224
-3.256358e-08,0.0114215
-3.251358e-08,0.0122728
-3.246358e-08,0.0113116
-3.241358e-08,0.00933434
-3.236358e-08,0.000683686
-3.231358e-08,-0.00914785
-3.226358e-08,-0.00944993
-3.221358e-08,-0.00975202
-3.216358e-08,-0.013432
-3.211358e-08,-0.00623684
-3.206358e-08,0.00856539
-3.201358e-08,0.0182047
-3.196358e-08,0.0185068
-3.191358e-08,0.0115588
-3.186358e-08,0.0074669
-3.181358e-08,0.00763167
-3.176358e-08,0.000326675
-3.171358e-08,-0.00678608
-3.166358e-08,0.0012604
-3.161358e-08,0.0104878
-3.156358e-08,0.012108
-3.151358e-08,0.0113391
-3.146358e-08,0.00502274
-3.141358e-08,0.000711148
-3.136358e-08,0.00375947
-3.131358e-08,0.0042538
-3.126358e-08,0.000326675
-3.121358e-08,-0.00110137
-3.116358e-08,0.00277083
-3.111358e-08,0.00502274
-3.106358e-08,0.00301799
-3.101358e-08,0.00911464
-3.096358e-08,0.0201271
-3.091358e-08,0.0167492
-3.086358e-08,0.00749436
-3.081358e-08,0.005929
-3.076358e-08,0.00417141
-3.071358e-08,0.00417141
-3.066358e-08,0.0107624
-3.061358e-08,0.0180125
-3.056358e-08,0.0180674
-3.051358e-08,0.0137832
-3.046358e-08,0.0170513
-3.041358e-08,0.0188363
-3.036358e-08,0.0124376
-3.031358e-08,0.0115039
-3.026358e-08,0.0111194
-3.021358e-08,0.0003816
-3.016358e-08,-0.0062643
-3.011358e-08,0.00186457
-3.006358e-08,0.00752182
-3.001358e-08,0.00516006
-2.996358e-08,0.00905971
-2.991358e-08,0.0132065
-2.986358e-08,0.00760421
-2.981358e-08,-0.00121122
-2.976358e-08,-0.00615445
-2.971358e-08,-0.00233718
-2.966358e-08,0.00787883
-2.961358e-08,0.0162549
-2.956358e-08,0.0231479
-2.951358e-08,0.0289974
-2.946358e-08,0.0303705
-2.941358e-08,0.0292995
-2.936358e-08,0.0264434
-2.931358e-08,0.0207587
-2.926358e-08,0.0124925
-2.921358e-08,0.00326515
-2.916358e-08,-0.00263926
-2.911358e-08,-0.00447924
-2.906358e-08,-0.00508342
-2.901358e-08,-0.00464402
-2.896358e-08,-0.00390253
-2.891358e-08,-0.0051658
-2.886358e-08,-0.00491864
-2.881358e-08,-0.00189778
-2.876358e-08,-8.52608e-05
-2.871358e-08,0.0042538
-2.866358e-08,0.011806
-2.861358e-08,0.0170513
-2.856358e-08,0.0192483
-2.851358e-08,0.0178751
-2.846358e-08,0.0173808
-2.841358e-08,0.0232303
-2.836358e-08,0.0251527
-2.831358e-08,0.0152937
-2.826358e-08,0.00993851
-2.821358e-08,0.0179575
-2.816358e-08,0.0205665
-2.811358e-08,0.0132889
-2.806358e-08,0.0136459
-2.801358e-08,0.0203742
-2.796358e-08,0.0219945
-2.791358e-08,0.0205939
-2.786358e-08,0.0141952
-2.781358e-08,0.00241382
-2.776358e-08,-0.00686847
-2.771358e-08,-0.015272
-2.766358e-08,-0.015986
-2.761358e-08,0.000546374
-2.756358e-08,0.0154585
-2.751358e-08,0.0129594
-2.746358e-08,0.0107624
-2.741358e-08,0.0185892
-2.736358e-08,0.0218023
-2.731358e-08,0.0184793
-2.726358e-08,0.0152113
-2.721358e-08,0.0117236
-2.716358e-08,0.00590154
-2.711358e-08,-0.000771821
-2.706358e-08,-8.52608e-05
-2.701358e-08,0.00458335
-2.696358e-08,0.0010407
-2.691358e-08,-0.00307866
-2.686358e-08,-0.00335328
-2.681358e-08,-0.0152445
-2.676358e-08,-0.0297172
-2.671358e-08,-0.0268611
-2.666358e-08,-0.0158487
-2.661358e-08,-0.00502849
-2.656358e-08,0.00386932
-2.651358e-08,0.00392425
-2.646358e-08,0.00233143
-2.641358e-08,0.00367709
-2.636358e-08,0.00491289
-2.631358e-08,0.00510513
-2.626358e-08,0.00329261
-2.621358e-08,0.0031553
-2.616358e-08,0.00496782
-2.611358e-08,0.0120806
-2.606358e-08,0.0218023
-2.601358e-08,0.0213629
-2.596358e-08,0.0123827
-2.591358e-08,0.00842808
-2.586358e-08,0.015074
-2.581358e-08,0.0215276
-2.576358e-08,0.021253
-2.571358e-08,0.0266631
-2.566358e-08,0.0381973
-2.561358e-08,0.0395979
-2.556358e-08,0.0258667
-2.551358e-08,0.00584661
-2.546358e-08,-0.00274911
-2.541358e-08,-0.00244703
-2.536358e-08,-0.0107407
-2.531358e-08,-0.0141185
-2.526358e-08,-0.00395746
-2.521358e-08,0.00095831
-2.516358e-08,0.00263352
-2.511358e-08,0.0104878
-2.506358e-08,0.0198524
-2.501358e-08,0.0251801
-2.496358e-08,0.0202094
-2.491358e-08,0.013948
-2.486358e-08,0.0160901
-2.481358e-08,0.0177378
-2.476358e-08,0.0121355
-2.471358e-08,0.00235889
-2.466358e-08,-0.00222733
-2.461358e-08,-0.00181539
-2.456358e-08,-0.00269419
-2.451358e-08,-0.00112883
-2.446358e-08,0.00208427
-2.441358e-08,0.00384186
-2.436358e-08,0.0035947
-2.431358e-08,0.000463987
-2.426358e-08,0.00211173
-2.421358e-08,0.0129044
-2.416358e-08,0.0236422
-2.411358e-08,0.0259765
-2.406358e-08,0.0236148
-2.401358e-08,0.0233402
-2.396358e-08,0.0263061
-2.391358e-08,0.0247682
-2.386358e-08,0.00752182
-2.381358e-08,-0.0116469
-2.376358e-08,-0.0133221
-2.371358e-08,-0.00835144
-2.366358e-08,-0.00338075
-2.361358e-08,0.00590154
-2.356358e-08,0.0134262
-2.351358e-08,0.0190835
-2.346358e-08,0.0250154
-2.341358e-08,0.0260589
-2.336358e-08,0.0262512
-2.331358e-08,0.0255097
-2.326358e-08,0.0137832
-2.321358e-08,0.00310038
-2.316358e-08,0.00815346
-2.311358e-08,0.0163647
-2.306358e-08,0.0164471
-2.301358e-08,0.0112292
-2.296358e-08,0.00414395
-2.291358e-08,0.00205681
-2.286358e-08,0.00678034
-2.281358e-08,0.00738451
-2.276358e-08,0.000793536
-2.271358e-08,0.00299053
-2.266358e-08,0.016502
-2.261358e-08,0.021253
-2.256358e-08,0.0159528
-2.251358e-08,0.0095815
-2.246358e-08,0.00562692
-2.241358e-08,0.0108997
-2.236358e-08,0.0153211
-2.231358e-08,0.00908718
-2.226358e-08,0.00422633
-2.221358e-08,0.00710988
-2.216358e-08,0.00752182
-2.211358e-08,0.00656064
-2.206358e-08,0.0155134
-2.201358e-08,0.0215826
-2.196358e-08,0.0124376
-2.191358e-08,0.00134278
-2.186358e-08,-0.0028315
-2.181358e-08,-0.00214494
-2.176358e-08,-0.00458909
-2.171358e-08,-0.00887322
-2.166358e-08,-0.00513834
-2.161358e-08,-0.000332422
-2.156358e-08,0.000820998
-2.151358e-08,0.00507767
-2.146358e-08,0.012108
-2.141358e-08,0.0123277
-2.136358e-08,0.00603885
-2.131358e-08,0.00922449
-2.126358e-08,0.0137832
-2.121358e-08,0.00831823
-2.116358e-08,0.00971881
-2.111358e-08,0.0174083
-2.106358e-08,0.0204841
-2.101358e-08,0.0268828
-2.096358e-08,0.0348194
-2.091358e-08,0.0331168
-2.086358e-08,0.026004
-2.081358e-08,0.0165295
-2.076358e-08,0.00650571
-2.071358e-08,0.00290814
-2.066358e-08,-0.0015133
-2.061358e-08,-0.00557774
-2.056358e-08,-0.000524659
-2.051358e-08,0.0010407
-2.046358e-08,-0.00203509
-2.041358e-08,0.000683686
-2.036358e-08,0.0063684
-2.031358e-08,0.0129319
-2.026358e-08,0.0176829
-2.021358e-08,0.0195503
-2.016358e-08,0.0156781
-2.011358e-08,0.00606631
-2.006358e-08,0.00321023
-2.001358e-08,0.00362216
-1.996358e-08,-0.000936595
-1.991358e-08,-0.00104644
-1.986358e-08,0.00444603
-1.981358e-08,0.00255113
-1.976358e-08,-0.00269419
-1.971358e-08,0.00362216
-1.966358e-08,0.00941673
-1.961358e-08,0.00505021
-1.956358e-08,0.00529737
-1.951358e-08,0.0110919
-1.946358e-08,0.020182
-1.941358e-08,0.0324577
-1.936358e-08,0.0338857
-1.931358e-08,0.0280088
-1.926358e-08,0.0288052
-1.921358e-08,0.0282834
-1.916358e-08,0.0213079
-1.911358e-08,0.0168041
-1.906358e-08,0.0114489
-1.901358e-08,0.00115055
-1.896358e-08,-0.00236464
-1.891358e-08,0.00095831
-1.886358e-08,-0.00566013
-1.881358e-08,-0.0216982
-1.876358e-08,-0.029882
-1.871358e-08,-0.0257901
-1.866358e-08,-0.0210391
-1.861358e-08,-0.0170021
-1.856358e-08,-0.00708817
-1.851358e-08,0.00117801
-1.846358e-08,0.00776898
-1.841358e-08,0.0167492
-1.836358e-08,0.0202644
-1.831358e-08,0.0222417
-1.826358e-08,0.0277616
-1.821358e-08,0.0261962
-1.816358e-08,0.0225712
-1.811358e-08,0.0265533
-1.806358e-08,0.0229282
-1.801358e-08,0.0141677
-1.796358e-08,0.01068
-1.791358e-08,0.00738451
-1.786358e-08,0.014662
-1.781358e-08,0.0261139
-1.776358e-08,0.0239718
-1.771358e-08,0.0222966
-1.766358e-08,0.0283658
-1.761358e-08,0.0280088
-1.756358e-08,0.0170787
-1.751358e-08,0.000518912
-1.746358e-08,-0.0139538
-1.741358e-08,-0.0161782
-1.736358e-08,-0.00868099
-1.731358e-08,-0.00137599
-1.726358e-08,0.01252
-1.721358e-08,0.0333365
-1.716358e-08,0.0403119
-1.711358e-08,0.0357532
-1.706358e-08,0.0319084
-1.701358e-08,0.01977
-1.696358e-08,0.00765913
-1.691358e-08,0.00689019
-1.686358e-08,0.00400663
-1.681358e-08,-0.00250195
-1.676358e-08,-0.00447924
-1.671358e-08,-0.00310612
-1.666358e-08,-0.00456163
-1.661358e-08,-0.00804935
-1.656358e-08,-0.0062643
-1.651358e-08,-0.00631922
-1.646358e-08,-0.00868099
-1.641358e-08,0.000463987
-1.636358e-08,0.0112292
-1.631358e-08,0.0120531
-1.626358e-08,0.0156781
-1.621358e-08,0.0214453
-1.616358e-08,0.0164746
-1.611358e-08,0.00925195
-1.606358e-08,0.00782391
-1.601358e-08,0.0125474
-1.596358e-08,0.0239993
-1.591358e-08,0.0285031
-1.586358e-08,0.0230655
-1.581358e-08,0.0210059
-1.576358e-08,0.0249055
-1.571358e-08,0.0284756
-1.566358e-08,0.0236422
-1.561358e-08,0.0110645
-1.556358e-08,0.0042538
-1.551358e-08,0.00763167
-1.546358e-08,0.00815346
-1.541358e-08,0.000766073
-1.536358e-08,-0.00244703
-1.531358e-08,-0.000387347
-1.526358e-08,-0.000909132
-1.521358e-08,-0.0021724
-1.516358e-08,-0.00393
-1.511358e-08,-0.00607206
-1.506358e-08,-0.00417716
-1.501358e-08,0.00776898
-1.496358e-08,0.0241366
-1.491358e-08,0.0271025
-1.486358e-08,0.0206214
-1.481358e-08,0.0170238
-1.476358e-08,0.0113666
-1.471358e-08,0.00373201
-1.466358e-08,-0.00222733
-1.461358e-08,-0.00615445
-1.456358e-08,-0.00291389
-1.451358e-08,0.00169979
-1.446358e-08,0.003375
-1.441358e-08,0.0131791
-1.436358e-08,0.0262512
-1.431358e-08,0.0287228
-1.426358e-08,0.0265533
-1.421358e-08,0.0288326
-1.416358e-08,0.0285855
-1.411358e-08,0.0229008
-1.406358e-08,0.0168041
-1.401358e-08,0.00818092
-1.396358e-08,0.00348485
-1.391358e-08,0.0063684
-1.386358e-08,0.00752182
-1.381358e-08,0.00694511
-1.376358e-08,-0.00176047
-1.371358e-08,-0.0178534
-1.366358e-08,-0.0189519
-1.361358e-08,-0.0110977
-1.356358e-08,-0.0112625
-1.351358e-08,-0.00906546
-1.346358e-08,-0.00203509
-1.341358e-08,0.00139771
-1.336358e-08,0.00477558
-1.331358e-08,0.00661556
-1.326358e-08,0.0024962
-1.321358e-08,-2.87366e-06
-1.316358e-08,-0.000112723
-1.311358e-08,-0.00571505
-1.306358e-08,-0.0115371
-1.301358e-08,-0.00972456
-1.296358e-08,-0.00431447
-1.291358e-08,0.00084846
-1.286358e-08,0.00356724
-1.281358e-08,0.00645079
-1.276358e-08,0.0147994
-1.271358e-08,0.0229831
-1.266358e-08,0.0255371
-1.261358e-08,0.0258667
-1.256358e-08,0.0280088
-1.251358e-08,0.0273497
-1.246358e-08,0.0203468
-1.241358e-08,0.0200996
-1.236358e-08,0.0293819
-1.231358e-08,0.0306177
-1.226358e-08,0.0237246
-1.221358e-08,0.0180948
-1.216358e-08,0.00982866
-1.211358e-08,-0.00200763
-1.206358e-08,-0.0115371
-1.201358e-08,-0.0167549
-1.196358e-08,-0.0199406
-1.191358e-08,-0.0208743
-1.186358e-08,-0.0179084
-1.181358e-08,-0.0118941
-1.176358e-08,-0.00824159
-1.171358e-08,-0.0137615
-1.166358e-08,-0.0187048
-1.161358e-08,-0.0130475
-1.156358e-08,-0.00612699
-1.151358e-08,-0.00332582
-1.146358e-08,-0.0021724
-1.141358e-08,-0.00181539
-1.136358e-08,-0.00214494
-1.131358e-08,-0.00464402
-1.126358e-08,-0.00360045
-1.121358e-08,0.0010407
-1.116358e-08,-0.000607046
-1.111358e-08,-0.00269419
-1.106358e-08,0.000436525
-1.101358e-08,0.0010407
-1.096358e-08,-0.00099152
-1.091358e-08,-0.00316105
-1.086358e-08,-0.00870845
-1.081358e-08,-0.0133771
-1.076358e-08,-0.012663
-1.071358e-08,-0.0138165
-1.066358e-08,-0.0189519
-1.061358e-08,-0.0204624
-1.056358e-08,-0.0116195
-1.051358e-08,0.00411648
-1.046358e-08,0.0148268
-1.041358e-08,0.0185068
-1.036358e-08,0.021253
-1.031358e-08,0.0209509
-1.026358e-08,0.0170787
-1.021358e-08,0.0163922
-1.016358e-08,0.0137009
-1.011358e-08,0.00406156
-1.006358e-08,-0.00846129
-1.001358e-08,-0.0216982
-9.963579e-09,-0.0227967
-9.913579e-09,-0.00870845
-9.863579e-09,0.00752182
-9.813579e-09,0.0224888
-9.763579e-09,0.0305353
-9.713579e-09,0.028558
-9.663579e-09,0.0207587
-9.613579e-09,0.011806
-9.563579e-09,0.00763167
-9.513579e-09,0.00389679
-9.463579e-09,0.00153502
-9.413579e-09,0.00150756
-9.363579e-09,-0.00491864
-9.313579e-09,-0.00469894
-9.263579e-09,0.00774152
-9.213579e-09,0.0170238
-9.163579e-09,0.0225712
-9.113579e-09,0.0227634
-9.063579e-09,0.0190835
-9.013579e-09,0.0217748
-8.963579e-09,0.0200996
-8.913579e-09,0.0111194
-8.863579e-09,0.01068
-8.813579e-09,0.0168041
-8.763579e-09,0.0196877
-8.713579e-09,0.0101582
-8.663579e-09,-0.0028315
-8.613579e-09,0.000601299
-8.563579e-09,0.00650571
-8.513579e-09,0.000189363
-8.463579e-09,-0.00563266
-8.413579e-09,-0.00214494
-8.363579e-09,0.00815346
-8.313579e-09,0.0178477
-8.263579e-09,0.0232028
-8.213579e-09,0.024878
-8.163579e-09,0.0177928
-8.113579e-09,0.00472066
-8.063579e-09,-0.00266673
-8.013579e-09,-0.00250195
-7.963579e-09,0.000820998
-7.913579e-09,0.00318276
-7.863579e-09,0.00540722
-7.813579e-09,0.0137558
-7.763579e-09,0.0230655
-7.713579e-09,0.0246858
-7.663579e-09,0.0250977
-7.613579e-09,0.0241915
-7.563579e-09,0.0200172
-7.513579e-09,0.0184519
-7.463579e-09,0.0130143
-7.413579e-09,0.00886748
-7.363579e-09,0.0167766
-7.313579e-09,0.0219121
-7.263579e-09,0.0175181
-7.213579e-09,0.0126024
-7.163579e-09,0.00557199
-7.113579e-09,-0.00148584
-7.063579e-09,-0.000112723
-7.013579e-09,0.00705496
-6.963579e-09,0.0120806
-6.913579e-09,0.015074
-6.863579e-09,0.0182596
-6.813579e-09,0.0105701
-6.763579e-09,-0.00714309
-6.713579e-09,-0.0129102
-6.663579e-09,-0.00821413
-6.613579e-09,-0.00865353
-6.563579e-09,-0.0111251
-6.513579e-09,-0.0117842
-6.463579e-09,-0.00697832
-6.413579e-09,0.00603885
-6.363579e-09,0.0155134
-6.313579e-09,0.0182871
-6.263579e-09,0.017216
-6.213579e-09,0.00938926
-6.163579e-09,-0.000332422
-6.113579e-09,-0.00486372
-6.063579e-09,-0.00296881
-6.013579e-09,0.00255113
-5.963579e-09,0.00834569
-5.913579e-09,0.0118883
-5.863579e-09,0.0151838
-5.813579e-09,0.0171611
-5.763579e-09,0.0114215
-5.713579e-09,0.00823584
-5.663579e-09,0.0135635
-5.613579e-09,0.0108448
-5.563579e-09,0.00334754
-5.513579e-09,0.00543468
-5.463579e-09,0.0113391
-5.413579e-09,0.0161725
-5.363579e-09,0.0164471
-5.313579e-09,0.00749436
-5.263579e-09,-0.00266673
-5.213579e-09,-0.0134594
-5.163579e-09,-0.0264492
-5.113579e-09,-0.0233734
-5.063579e-09,-0.00928516
-5.013579e-09,-0.000579584
-4.963579e-09,0.0108722
-4.913579e-09,0.0186441
-4.863579e-09,0.0110645
-4.813579e-09,-0.000964057
-4.763579e-09,-0.00876338
-4.713579e-09,-0.0115645
-4.663579e-09,-0.00631922
-4.613579e-09,0.00450096
-4.563579e-09,0.013591
-4.513579e-09,0.0207312
-4.463579e-09,0.0254548
-4.413579e-09,0.0204841
-4.363579e-09,0.0138107
-4.313579e-09,0.0144149
-4.263579e-09,0.0117236
-4.213579e-09,0.00672541
-4.163579e-09,0.00408902
-4.113579e-09,0.000326675
-4.063579e-09,0.00307291
-4.013579e-09,0.0129594
-3.963579e-09,0.0159528
-3.913579e-09,0.00916956
-3.863579e-09,0.00444603
-3.813579e-09,0.0068078
-3.763579e-09,0.00809853
-3.713579e-09,0.00867524
-3.663579e-09,0.0141952
-3.613579e-09,0.0176554
-3.563579e-09,0.017216
-3.513579e-09,0.01436
-3.463579e-09,0.005929
-3.413579e-09,0.00400663
-3.363579e-09,0.013591
-3.313579e-09,0.0204017
-3.263579e-09,0.0253449
-3.213579e-09,0.0312219
-3.163579e-09,0.0249055
-3.113579e-09,0.0098012
-3.063579e-09,0.00290814
-3.013579e-09,-0.000359885
-2.963579e-09,-0.0134594
-2.913579e-09,-0.0286461
-2.863579e-09,-0.0312001
-2.813579e-09,-0.0229065
-2.763579e-09,-0.00997172
-2.713579e-09,0.00908718
-2.663579e-09,0.0277067
-2.613579e-09,0.0325401
-2.563579e-09,0.0264434
-2.513579e-09,0.0186166
-2.463579e-09,0.0119158
-2.413579e-09,0.0029356
-2.363579e-09,-0.0092577
-2.313579e-09,-0.0115645
-2.263579e-09,-0.00835144
-2.213579e-09,-0.0177161
-2.163579e-09,-0.0279047
-2.113579e-09,-0.0220277
-2.063579e-09,-0.0115645
-2.013579e-09,-0.00769234
-1.963579e-09,-0.00868099
-1.913579e-09,-0.0124708
-1.863579e-09,-0.0110153
-1.813579e-09,-0.00123868
-1.763579e-09,0.00678034
-1.713579e-09,0.0118334
-1.663579e-09,0.0189462
-1.613579e-09,0.0217748
-1.563579e-09,0.0218023
-1.513579e-09,0.0228184
-1.463579e-09,0.0119707
-1.413579e-09,-0.00219986
-1.363579e-09,0.0003816
-1.313579e-09,0.00428126
-1.263579e-09,5.20511e-05
-1.213579e-09,0.00353977
-1.163579e-09,0.00779644
-1.113579e-09,0.00625855
-1.063579e-09,0.0126847
-1.013579e-09,0.0207587
-9.635795e-10,0.0221043
-9.135795e-10,0.0182322
-8.635795e-10,0.00689019
-8.135795e-10,0.000766073
-7.635795e-10,0.000161901
-7.135795e-10,-0.00354552
-6.635795e-10,-0.00291389
-6.135795e-10,-0.00651146
-5.635795e-10,-0.0155466
-5.135795e-10,-0.0129377
-4.635795e-10,-0.00566013
-4.135795e-10,-0.00695086
-3.635795e-10,-0.00637415
-3.135795e-10,0.00194696
-2.635795e-10,0.00455588
-2.135795e-10,0.00189203
-1.635795e-10,0.0121904
-1.135795e-10,0.043882
-6.357949e-11,0.0873275
-1.357949e-11,0.132558
3.642051e-11,0.185011
8.642051e-11,0.258089
1.364205e-10,0.345144
1.864205e-10,0.420693
2.364205e-10,0.483335
2.864205e-10,0.543725
3.364205e-10,0.579344
3.864205e-10,0.579591
4.364205e-10,0.575142
4.864205e-10,0.572203
5.364205e-10,0.563361
5.864205e-10,0.569622
6.364205e-10,0.597716
6.864205e-10,0.620949
7.364205e-10,0.627952
7.864205e-10,0.64215
8.364205e-10,0.664202
8.864205e-10,0.663241
9.364205e-10,0.640914
9.864205e-10,0.623256
1.036421e-09,0.612793
1.086421e-09,0.608124
1.136421e-09,0.61705
1.186421e-09,0.633829
1.236421e-09,0.650142
1.286421e-09,0.660028
1.336421e-09,0.662692
1.386421e-09,0.666976
1.436421e-09,0.666729
1.486421e-09,0.658435
1.536421e-09,0.657502
1.586421e-09,0.658298
1.636421e-09,0.644787
1.686421e-09,0.630863
1.736421e-09,0.631742
1.786421e-09,0.636191
1.836421e-09,0.638196
1.886421e-09,0.640475
1.936421e-09,0.638745
1.986421e-09,0.644484
2.036421e-09,0.658957
2.086421e-09,0.660522
2.136421e-09,0.653574
2.186421e-09,0.650334
2.236421e-09,0.650306
2.286421e-09,0.650471
2.336421e-09,0.646324
2.386421e-09,0.642974
2.436421e-09,0.645034
2.486421e-09,0.648384
2.536421e-09,0.64432
2.586421e-09,0.634461
2.636421e-09,0.635559
2.686421e-09,0.640722
2.736421e-09,0.634378
2.786421e-09,0.639294
2.836421e-09,0.662472
2.886421e-09,0.670684
2.936421e-09,0.660907
2.986421e-09,0.651158
3.036421e-09,0.637482
3.086421e-09,0.619137
3.136421e-09,0.593624
3.186421e-09,0.553447
3.236421e-09,0.509232
3.286421e-09,0.45958
3.336421e-09,0.401552
3.386421e-09,0.353713
3.436421e-09,0.311448
3.486421e-09,0.268524
3.536421e-09,0.237629
3.586421e-09,0.209563
3.636421e-09,0.178228
3.686421e-09,0.154226
3.736421e-09,0.131981
3.786421e-09,0.10592
3.836421e-09,0.0895794
3.886421e-09,0.0859269
3.936421e-09,0.0788691
3.986421e-09,0.0712895
4.036421e-09,0.0776882
4.086421e-09,0.0859819
4.136421e-09,0.0793085
4.186421e-09,0.0652478
4.236421e-09,0.0511046
4.286421e-09,0.0380875
4.336421e-09,0.0355609
4.386421e-09,0.0355884
4.436421e-09,0.0246034
4.486421e-09,0.0190286
4.536421e-09,0.0285855
4.586421e-09,0.0373185
4.636421e-09,0.0383621
4.686421e-09,0.0345997
4.736421e-09,0.0330618
4.786421e-09,0.0404218
4.836421e-09,0.0409161
4.886421e-09,0.0285305
4.936421e-09,0.0263885
4.986421e-09,0.0317986
5.036421e-09,0.0272673
5.086421e-09,0.0224614
5.136421e-09,0.0231205
5.186421e-09,0.0197975
5.236421e-09,0.0112567
5.286421e-09,0.00463827
5.336421e-09,0.00518752
5.386421e-09,0.0112018
5.436421e-09,0.0185342
5.486421e-09,0.0207587
5.536421e-09,0.0152937
5.586421e-09,0.0141403
5.636421e-09,0.0217473
5.686421e-09,0.0248231
5.736421e-09,0.0243013
5.786421e-09,0.026004
5.836421e-09,0.0225163
5.886421e-09,0.0196053
5.936421e-09,0.0225163
5.986421e-09,0.0233127
6.036421e-09,0.0214178
6.086421e-09,0.0200996
6.136421e-09,0.0157605
6.186421e-09,0.00480304
6.236421e-09,-0.00846129
6.286421e-09,-0.0226868
6.336421e-09,-0.0308431
6.386421e-09,-0.0268336
6.436421e-09,-0.0207644
6.486421e-09,-0.0118392
6.536421e-09,0.00414395
6.586421e-09,0.019825
6.636421e-09,0.024219
6.686421e-09,0.00952657
6.736421e-09,-0.00615445
6.786421e-09,-0.00848875
6.836421e-09,-0.0135968
6.886421e-09,-0.0214785
6.936421e-09,-0.0199955
6.986421e-09,-0.0140911
7.036421e-09,-0.011235
7.086421e-09,-0.00854368
7.136421e-09,0.00233143
7.186421e-09,0.00697257
7.236421e-09,-0.00420462
7.286421e-09,-0.00700578
7.336421e-09,-0.00714309
7.386421e-09,-0.0190892
7.436421e-09,-0.0196385
7.486421e-09,-0.0136791
7.536421e-09,-0.0158212
7.586421e-09,-0.0103287
7.636421e-09,0.000711148
7.686421e-09,0.00623109
7.736421e-09,0.00417141
7.786421e-09,-0.00219986
7.836421e-09,-0.0051658
7.886421e-09,-0.0114547
7.936421e-09,-0.0167
7.986421e-09,-0.009038
8.036421e-09,-0.00209002
8.086421e-09,-0.00316105
8.136421e-09,-0.00483625
8.186421e-09,-0.00313359
8.236421e-09,0.00299053
8.286421e-09,0.00947165
8.336421e-09,0.017271
8.386421e-09,0.0240542
8.436421e-09,0.0216924
8.486421e-09,0.0145247
8.536421e-09,0.00894986
8.586421e-09,0.0110919
8.636421e-09,0.0217199
8.686421e-09,0.0240816
8.736421e-09,0.0160901
8.786421e-09,0.0105701
8.836421e-09,0.00260605
8.886421e-09,-0.00634669
8.936421e-09,-0.00739026
8.986421e-09,-0.00700578
9.036421e-09,-0.00469894
9.086421e-09,-0.00187032
9.136421e-09,-0.0023921
9.186421e-09,0.00216665
9.236421e-09,0.00351231
9.286421e-09,0.00095831
9.336421e-09,0.00142517
9.386421e-09,-0.00958725
9.436421e-09,-0.0233184
9.486421e-09,-0.024005
9.536421e-09,-0.0267238
9.586421e-09,-0.0401803
9.636421e-09,-0.0487486
9.686421e-09,-0.0467439
9.736421e-09,-0.0463868
9.786421e-09,-0.0464418
9.836421e-09,-0.0457277
9.886421e-09,-0.0444096
9.936421e-09,-0.0329852
9.986421e-09,-0.0241148
1.003642e-08,-0.0290581
1.008642e-08,-0.0351822
1.013642e-08,-0.0335344
1.018642e-08,-0.0226868
1.023642e-08,-0.0109054
1.028642e-08,-0.00354552
1.033642e-08,-0.00280404
1.038642e-08,-0.0143108
1.043642e-08,-0.022577
1.048642e-08,-0.0191716
1.053642e-08,-0.0172493
1.058642e-08,-0.0151896
1.063642e-08,-0.0100816
1.068642e-08,-0.0094774
1.073642e-08,-0.0116195
1.078642e-08,-0.0129651
1.083642e-08,-0.0200504
1.088642e-08,-0.025845
1.093642e-08,-0.0188146
1.098642e-08,-0.0182928
1.103642e-08,-0.028399
1.108642e-08,-0.0226319
1.113642e-08,-0.0107681
1.118642e-08,-0.0105759
1.123642e-08,-0.00766488
1.128642e-08,0.000518912
1.133642e-08,0.00255113
1.138642e-08,-0.00379268
1.143642e-08,-0.00725294
1.148642e-08,0.00370455
1.153642e-08,0.0166393
1.158642e-08,0.0164746
1.163642e-08,0.012108
1.168642e-08,0.0117236
1.173642e-08,0.00474812
1.178642e-08,-0.0135144
1.183642e-08,-0.0253232
1.188642e-08,-0.0204074
1.193642e-08,-0.0139263
1.198642e-08,-0.014146
1.203642e-08,-0.0159036
1.208642e-08,-0.0189794
1.213642e-08,-0.0180182
1.218642e-08,-0.0149424
1.223642e-08,-0.0170296
1.228642e-08,-0.0133221
1.233642e-08,-0.0083789
1.238642e-08,-0.0118117
1.243642e-08,-0.00541296
1.248642e-08,0.00911464
1.253642e-08,0.00689019
1.258642e-08,-0.00502849
1.263642e-08,-0.00478133
1.268642e-08,-0.000469734
1.273642e-08,-0.00302374
1.278642e-08,-0.00656638
1.283642e-08,-0.00799443
1.288642e-08,-0.00252941
1.293642e-08,0.0104878
1.298642e-08,0.0171337
1.303642e-08,0.0137009
1.308642e-08,0.0140579
1.313642e-08,0.0200172
1.318642e-08,0.0221318
1.323642e-08,0.0243837
1.328642e-08,0.0301508
1.333642e-08,0.0299861
1.338642e-08,0.0247133
1.343642e-08,0.0261139
1.348642e-08,0.0292446
1.353642e-08,0.0250977
1.358642e-08,0.0219121
1.363642e-08,0.0228458
1.368642e-08,0.0240542
1.373642e-08,0.0302607
1.378642e-08,0.0361376
1.383642e-08,0.034737
1.388642e-08,0.0309198
1.393642e-08,0.0232852
1.398642e-08,0.0176829
1.403642e-08,0.0161175
1.408642e-08,0.010323
1.413642e-08,0.00667049
1.418642e-08,0.00601139
1.423642e-08,0.0123827
1.428642e-08,0.0306452
1.433642e-08,0.0404492
1.438642e-08,0.0397352
1.443642e-08,0.0388015
1.448642e-08,0.0298762
1.453642e-08,0.0261962
1.458642e-08,0.0299311
1.463642e-08,0.0161999
1.468642e-08,-0.00250195
1.473642e-08,-0.00730787
1.478642e-08,-0.00346313
1.483642e-08,0.00499528
1.488642e-08,0.0109272
1.493642e-08,0.0121355
1.498642e-08,0.0165295
1.503642e-08,0.0212256
1.508642e-08,0.0207038
1.513642e-08,0.0225987
1.518642e-08,0.0218297
1.523642e-08,0.0127122
1.528642e-08,0.00949911
1.533642e-08,0.0110645
1.538642e-08,0.00859285
1.543642e-08,0.00450096
1.548642e-08,0.000766073
1.553642e-08,0.00422633
1.558642e-08,0.0124925
1.563642e-08,0.0131241
1.568642e-08,0.0104603
1.573642e-08,0.0130143
1.578642e-08,0.0184244
1.583642e-08,0.0182047
1.588642e-08,0.0138107
1.593642e-08,0.0171062
1.598642e-08,0.0199348
1.603642e-08,0.0116412
1.608642e-08,0.00779644
1.613642e-08,0.013948
1.618642e-08,0.00988359
1.623642e-08,7.95135e-05
1.628642e-08,0.00609378
1.633642e-08,0.0203742
1.638642e-08,0.0275968
1.643642e-08,0.0234225
1.648642e-08,0.0136459
1.653642e-08,0.00631348
1.658642e-08,0.00219412
1.663642e-08,0.00323769
1.668642e-08,0.00433618
1.673642e-08,0.00480304
1.678642e-08,0.0110645
1.683642e-08,0.0119158
1.688642e-08,0.0091421
1.693642e-08,0.0157605
1.698642e-08,0.0182871
1.703642e-08,0.0140579
1.708642e-08,0.0133988
1.713642e-08,0.00617616
1.718642e-08,-0.00475387
1.723642e-08,-0.00121122
1.728642e-08,0.00743943
1.733642e-08,0.00411648
1.738642e-08,-0.00291389
1.743642e-08,-0.0032709
1.748642e-08,0.00348485
1.753642e-08,0.0124376
1.758642e-08,0.0110919
1.763642e-08,0.0022765
1.768642e-08,-0.00324344
1.773642e-08,-0.0088183
1.778642e-08,-0.0105484
1.783642e-08,-0.00445178
1.788642e-08,0.00211173
1.793642e-08,0.00974627
1.798642e-08,0.0153761
1.803642e-08,0.0123827
1.808642e-08,0.00919703
1.813642e-08,0.012108
1.818642e-08,0.0095815
1.823642e-08,-0.00307866
1.828642e-08,-0.0110428
1.833642e-08,-0.0129926
1.838642e-08,-0.0155466
1.843642e-08,-0.00667623
1.848642e-08,0.00933434
1.853642e-08,0.015788
1.858642e-08,0.0175181
1.863642e-08,0.0164746
1.868642e-08,0.0122728
1.873642e-08,0.0132889
1.878642e-08,0.0136734
1.883642e-08,0.00625855
1.888642e-08,0.00345739
1.893642e-08,0.0129044
1.898642e-08,0.0248231
1.903642e-08,0.0254822
1.908642e-08,0.0164746
1.913642e-08,0.00982866
1.918642e-08,0.00277083
1.923642e-08,-0.000964057
1.928642e-08,0.00461081
1.933642e-08,0.00444603
1.938642e-08,-0.0026118
1.943642e-08,-0.0037103
1.948642e-08,-0.00107391
1.953642e-08,-0.00159569
1.958642e-08,-0.00294135
1.963642e-08,0.00208427
1.968642e-08,0.00875763
1.973642e-08,0.0116412
1.978642e-08,0.0126298
1.983642e-08,0.00628601
1.988642e-08,-0.00143092
1.993642e-08,-0.001733
1.998642e-08,0.00233143
2.003642e-08,0.00625855
2.008642e-08,0.00208427
2.013642e-08,-0.00615445
2.018642e-08,-0.00686847
2.023642e-08,7.95135e-05
2.028642e-08,0.00804361
2.033642e-08,0.00853793
2.038642e-08,-8.52608e-05
2.043642e-08,-0.0108505
2.048642e-08,-0.01486
2.053642e-08,-0.0157114
2.058642e-08,-0.0235656
2.063642e-08,-0.0284539
2.068642e-08,-0.0146678
2.073642e-08,0.00436365
2.078642e-08,0.00477558
2.083642e-08,0.000299213
2.088642e-08,0.00834569
2.093642e-08,0.0140304
2.098642e-08,0.0123552
2.103642e-08,0.00617616
2.108642e-08,0.000409062
2.113642e-08,0.00513259
2.118642e-08,0.0074669
2.123642e-08,-0.000140186
2.128642e-08,-0.00176047
2.133642e-08,0.00543468
2.138642e-08,0.00927941
2.143642e-08,0.00840062
2.148642e-08,0.00933434
2.153642e-08,0.00450096
2.158642e-08,-0.00829651
2.163642e-08,-0.00857114
2.168642e-08,0.00191949
2.173642e-08,0.00304545
2.178642e-08,-0.000716896
2.183642e-08,-0.00241956
2.188642e-08,-0.0030512
2.193642e-08,-0.00277657
2.198642e-08,-0.00612699
2.203642e-08,-0.00442432
2.208642e-08,0.00364962
2.213642e-08,0.00430872
2.218642e-08,0.000299213
2.223642e-08,-0.00458909
2.228642e-08,-0.00549535
2.233642e-08,0.00169979
2.238642e-08,0.00590154
2.243642e-08,0.00540722
2.248642e-08,0.00458335
2.253642e-08,0.00172726
2.258642e-08,0.0029356
2.263642e-08,0.0126573
2.268642e-08,0.020182
2.273642e-08,0.0171886
2.278642e-08,0.00735705
2.283642e-08,-0.00299627
2.288642e-08,-0.00857114
2.293642e-08,-0.0116469
2.298642e-08,-0.0138988
2.303642e-08,-0.010521
2.308642e-08,-0.00291389
2.313642e-08,0.00290814
2.318642e-08,-0.00230971
2.323642e-08,-0.010164
2.328642e-08,-0.00593475
2.333642e-08,-0.00387507
2.338642e-08,-0.00382015
2.343642e-08,0.00274337
2.348642e-08,0.000546374
2.353642e-08,-0.0051658
2.358642e-08,-0.00417716
2.363642e-08,-0.00431447
2.368642e-08,2.45887e-05
2.373642e-08,0.0110645
2.378642e-08,0.0122728
2.383642e-08,0.00678034
2.388642e-08,0.00606631
2.393642e-08,-0.000140186
2.398642e-08,-0.00522073
2.403642e-08,-0.00230971
2.408642e-08,-0.0056052
2.413642e-08,-0.00818667
2.418642e-08,-0.00332582
2.423642e-08,0.0003816
2.428642e-08,0.0038144
2.433642e-08,0.0100209
2.438642e-08,0.0133713
2.443642e-08,0.0139755
2.448642e-08,0.0171611
2.453642e-08,0.0174357
2.458642e-08,0.0115313
2.463642e-08,0.00439111
2.468642e-08,0.00351231
2.473642e-08,0.00760421
2.478642e-08,0.00499528
2.483642e-08,0.00186457
2.488642e-08,0.00691765
2.493642e-08,0.0129044
2.498642e-08,0.0187539
2.503642e-08,0.0244387
2.508642e-08,0.0264983
2.513642e-08,0.028201
2.518642e-08,0.0239443
2.523642e-08,0.0068078
2.528642e-08,-0.00810428
2.533642e-08,-0.00983441
2.538642e-08,-0.00620937
2.543642e-08,0.000106976
2.548642e-08,0.00543468
2.553642e-08,0.00551707
2.558642e-08,0.00749436
2.563642e-08,0.00930688
2.568642e-08,0.00793376
2.573642e-08,0.0119982
2.578642e-08,0.0210333
2.583642e-08,0.0235049
2.588642e-08,0.017985
2.593642e-08,0.0185617
2.598642e-08,0.0200996
2.603642e-08,0.0137283
2.608642e-08,0.00867524
2.613642e-08,0.00255113
2.618642e-08,-0.00143092
2.623642e-08,0.00279829
2.628642e-08,0.00878509
2.633642e-08,0.0131516
2.638642e-08,0.00988359
2.643642e-08,0.00202934
2.648642e-08,-0.000112723
2.653642e-08,0.0012604
2.658642e-08,0.00466573
2.663642e-08,0.00513259
2.668642e-08,-0.000689433
2.673642e-08,5.20511e-05
2.678642e-08,0.00466573
2.683642e-08,0.00521498
2.688642e-08,0.00815346
2.693642e-08,0.00856539
2.698642e-08,0.00771406
2.703642e-08,0.0146346
2.708642e-08,0.0222417
2.713642e-08,0.0257019
2.718642e-08,0.0269652
2.723642e-08,0.0266356
2.728642e-08,0.0217199
2.733642e-08,0.0135086
2.738642e-08,0.0101033
2.743642e-08,0.00815346
2.748642e-08,0.00285321
2.753642e-08,0.00161741
2.758642e-08,0.00754928
2.763642e-08,0.00933434
2.768642e-08,0.000299213
2.773642e-08,-0.00489118
2.778642e-08,0.00312784
2.783642e-08,0.00812599
2.788642e-08,0.000326675
2.793642e-08,-0.00393
2.798642e-08,0.00375947
2.803642e-08,0.00776898
2.808642e-08,0.00183711
2.813642e-08,-0.00247449
2.818642e-08,-0.000716896
2.823642e-08,0.00164487
2.828642e-08,0.00312784
2.833642e-08,0.00472066
2.838642e-08,0.0035947
2.843642e-08,0.00145263
2.848642e-08,0.00631348
2.853642e-08,0.0127397
2.858642e-08,0.00820838
2.863642e-08,0.00224904
2.868642e-08,0.00266098
2.873642e-08,0.00494036
2.878642e-08,0.00894986
2.883642e-08,0.00823584
2.888642e-08,0.00411648
2.893642e-08,0.000189363
2.898642e-08,-0.00368283
2.903642e-08,0.00274337
2.908642e-08,0.00919703
2.913642e-08,0.00483051
2.918642e-08,0.00820838
2.923642e-08,0.0151014
2.928642e-08,0.0112292
2.933642e-08,0.00969135
2.938642e-08,0.00691765
2.943642e-08,-0.0034906
2.948642e-08,-0.00453417
2.953642e-08,0.00235889
2.958642e-08,0.00288068
2.963642e-08,0.0003816
2.968642e-08,0.00200188
2.973642e-08,0.00400663
2.978642e-08,-0.00118376
2.983642e-08,-0.0124983
2.988642e-08,-0.0210116
2.993642e-08,-0.025433
2.998642e-08,-0.0270259
3.003642e-08,-0.0263668
3.008642e-08,-0.0231811
3.013642e-08,-0.0107132
3.018642e-08,0.00491289
3.023642e-08,0.0127122
3.028642e-08,0.0160352
3.033642e-08,0.0186441
3.038642e-08,0.0182322
3.043642e-08,0.00856539
3.048642e-08,-0.00351806
3.053642e-08,-0.00123868
3.058642e-08,0.00672541
3.063642e-08,0.00823584
3.068642e-08,0.00969135
3.073642e-08,0.0133713
3.078642e-08,0.0171886
3.083642e-08,0.0160077
3.088642e-08,0.00587408
3.093642e-08,-0.00486372
3.098642e-08,-0.00642907
3.103642e-08,-0.00544043
3.108642e-08,-0.00708817
3.113642e-08,-0.00159569
3.118642e-08,0.00139771
3.123642e-08,-0.00673116
3.128642e-08,-0.00824159
3.133642e-08,-0.00321597
3.138642e-08,-0.0085986
3.143642e-08,-0.0221101
3.148642e-08,-0.027685
3.153642e-08,-0.024005
3.158642e-08,-0.0215334
3.163642e-08,-0.0193639
3.168642e-08,-0.0162331
3.173642e-08,-0.0139263
3.178642e-08,-0.00741772
3.183642e-08,-0.00258434
3.188642e-08,-0.00544043
3.193642e-08,-0.00612699
3.198642e-08,-0.00552281
3.203642e-08,-0.0125257
3.208642e-08,-0.0242522
3.213642e-08,-0.0269984
3.218642e-08,-0.0181555
3.223642e-08,-0.0160409
3.228642e-08,-0.0212862
3.233642e-08,-0.0205447
3.238642e-08,-0.0131848
3.243642e-08,-0.00585236
3.248642e-08,-0.00593475
3.253642e-08,-0.0121962
3.258642e-08,-0.0227692
3.263642e-08,-0.0336443
3.268642e-08,-0.0352097
3.273642e-08,-0.0340013
3.278642e-08,-0.0352646
3.283642e-08,-0.0325733
3.288642e-08,-0.025845
3.293642e-08,-0.0128553
3.298642e-08,-0.00255688
3.303642e-08,-0.0056052
3.308642e-08,-0.0127729
3.313642e-08,-0.0161782
3.318642e-08,-0.0151072
3.323642e-08,-0.0148875
3.328642e-08,-0.0218904
3.333642e-08,-0.0265865
3.338642e-08,-0.0243895
3.343642e-08,-0.0299643
3.348642e-08,-0.0370222
3.353642e-08,-0.0311727
3.358642e-08,-0.0237029
3.363642e-08,-0.0228516
3.368642e-08,-0.0218355
3.373642e-08,-0.0183477
3.378642e-08,-0.0149699
3.383642e-08,-0.0130475
3.388642e-08,-0.0120863
3.393642e-08,-0.0114272
3.398642e-08,-0.0182654
3.403642e-08,-0.028399
3.408642e-08,-0.0259823
3.413642e-08,-0.0168648
3.418642e-08,-0.0189245
3.423642e-08,-0.0288933
3.428642e-08,-0.0266139
3.433642e-08,-0.0191716
3.438642e-08,-0.0257351
3.443642e-08,-0.0365553
3.448642e-08,-0.0386425
3.453642e-08,-0.0312276
3.458642e-08,-0.0247739
3.463642e-08,-0.0260921
3.468642e-08,-0.0193913
3.473642e-08,-0.00675862
3.478642e-08,-0.00892815
3.483642e-08,-0.0138988
3.488642e-08,-0.0021724
3.493642e-08,0.0108173
3.498642e-08,0.00864778
3.503642e-08,0.00348485
3.508642e-08,0.00364962
3.513642e-08,0.00603885
3.518642e-08,0.00999344
3.523642e-08,0.00903225
3.528642e-08,-0.000661971
3.533642e-08,-0.0109878
3.538642e-08,-0.0144756
3.543642e-08,-0.0183477
3.548642e-08,-0.0249936
3.553642e-08,-0.0215608
3.558642e-08,-0.0118392
3.563642e-08,-0.00730787
3.568642e-08,-0.00250195
3.573642e-08,0.00213919
3.578642e-08,-0.00447924
3.583642e-08,-0.0165078
3.588642e-08,-0.0201603
3.593642e-08,-0.0212588
3.598642e-08,-0.0287835
3.603642e-08,-0.0367201
3.608642e-08,-0.0400705
3.613642e-08,-0.0410317
3.618642e-08,-0.0375165
3.623642e-08,-0.0240325
3.628642e-08,-0.00964217
3.633642e-08,-0.00653892
3.638642e-08,-0.00942247
3.643642e-08,-0.00936755
3.648642e-08,-0.00307866
3.653642e-08,0.00639586
3.658642e-08,0.0119158
3.663642e-08,0.0072472
3.668642e-08,-0.00686847
3.673642e-08,-0.0113998
3.678642e-08,0.0029356
3.683642e-08,0.0140853
3.688642e-08,0.00884002
3.693642e-08,0.00551707
3.698642e-08,0.00765913
3.703642e-08,-0.00458909
3.708642e-08,-0.0184027
3.713642e-08,-0.0188146
3.718642e-08,-0.0177985
3.723642e-08,-0.0119765
3.728642e-08,-0.00222733
3.733642e-08,0.00348485
3.738642e-08,0.00991105
3.743642e-08,0.0153761
3.748642e-08,0.0159528
3.753642e-08,0.0109821
3.758642e-08,0.00419887
3.763642e-08,7.95135e-05
3.768642e-08,0.00134278
3.773642e-08,0.00290814
3.778642e-08,-0.00467148
3.783642e-08,-0.00986187
3.788642e-08,-0.00170554
3.793642e-08,0.00840062
3.798642e-08,0.0091421
3.803642e-08,0.00727466
3.808642e-08,0.0114215
3.813642e-08,0.0144973
3.818642e-08,0.01252
3.823642e-08,0.0114764
3.828642e-08,0.00938926
3.833642e-08,0.000354137
3.838642e-08,-0.0085986
3.843642e-08,-0.0109878
3.848642e-08,-0.0118392
3.853642e-08,-0.0103287
3.858642e-08,-0.00121122
3.863642e-08,0.0148268
3.868642e-08,0.0253998
3.873642e-08,0.0206488
3.878642e-08,0.00642333
3.883642e-08,-0.0128003
3.888642e-08,-0.0245542
3.893642e-08,-0.0215883
3.898642e-08,-0.0182654
3.903642e-08,-0.0135693
3.908642e-08,-0.00140346
3.913642e-08,0.00801614
3.918642e-08,0.0101857
3.923642e-08,0.00949911
3.928642e-08,0.0118334
3.933642e-08,0.0202644
3.938642e-08,0.0266356
3.943642e-08,0.0233676
3.948642e-08,0.0187814
3.953642e-08,0.0213354
3.958642e-08,0.0260589
3.963642e-08,0.0242739
3.968642e-08,0.0185892
3.973642e-08,0.0161999
3.978642e-08,0.00620363
3.983642e-08,-0.0118117
3.988642e-08,-0.0170296
3.993642e-08,-0.0137341
3.998642e-08,-0.0144206
4.003642e-08,-0.0123335
4.008642e-08,-0.00810428
4.013642e-08,-0.00851621
4.018642e-08,-0.00958725
4.023642e-08,-0.00376522
4.028642e-08,0.00285321
4.033642e-08,-0.00134853
4.038642e-08,-0.00821413
4.043642e-08,-0.00774727
4.048642e-08,-0.00390253
4.053642e-08,-0.00214494
4.058642e-08,-0.00475387
4.063642e-08,-0.00840636
4.068642e-08,-0.0102738
4.073642e-08,-0.0112075
4.078642e-08,-0.0102738
4.083642e-08,-0.0101365
4.088642e-08,-0.0139538
4.093642e-08,-0.0118666
4.098642e-08,-0.000442272
4.103642e-08,0.00584661
4.108642e-08,0.0091421
4.113642e-08,0.0183145
4.118642e-08,0.0187265
4.123642e-08,0.00730212
4.128642e-08,0.00257859
4.133642e-08,0.00513259
4.138642e-08,0.00235889
4.143642e-08,-0.000112723
4.148642e-08,0.00268844
4.153642e-08,0.00392425
4.158642e-08,0.0065881
4.163642e-08,0.00933434
4.168642e-08,0.00782391
4.173642e-08,0.011394
4.178642e-08,0.0215276
4.183642e-08,0.024576
4.188642e-08,0.0156507
4.193642e-08,0.0108997
4.198642e-08,0.0175731
4.203642e-08,0.020539
4.208642e-08,0.0200447
4.213642e-08,0.0174907
4.218642e-08,-0.000359885
4.223642e-08,-0.0151346
4.228642e-08,-0.00914785
4.233642e-08,0.00137025
4.238642e-08,0.00634094
4.243642e-08,0.00494036
4.248642e-08,0.00546214
4.253642e-08,0.0146895
4.258642e-08,0.0174907
4.263642e-08,0.00897733
4.268642e-08,0.00161741
4.273642e-08,-0.00263926
4.278642e-08,-0.0053855
4.283642e-08,-0.00590729
4.288642e-08,-0.000579584
4.293642e-08,0.0143874
4.298642e-08,0.0255646
4.303642e-08,0.0217473
4.308642e-08,0.0134262
4.313642e-08,0.0119707
4.318642e-08,0.0136185
4.323642e-08,0.0129868
4.328642e-08,0.0135635
4.333642e-08,0.0178202
4.338642e-08,0.0204841
4.343642e-08,0.0137283
4.348642e-08,0.00768659
4.353642e-08,0.017271
4.358642e-08,0.024878
4.363642e-08,0.017271
4.368642e-08,0.0150465
4.373642e-08,0.0224339
4.378642e-08,0.0216375
4.383642e-08,0.0155408
4.388642e-08,0.0149367
4.393642e-08,0.016502
4.398642e-08,0.0175181
4.403642e-08,0.0166393
4.408642e-08,0.0158155
4.413642e-08,0.0208411
4.418642e-08,0.0252625
4.423642e-08,0.0232028
4.428642e-08,0.0193581
4.433642e-08,0.0177378
4.438642e-08,0.0196602
4.443642e-08,0.0173808
4.448642e-08,0.012163
4.453642e-08,0.0167492
4.458642e-08,0.0236972
4.463642e-08,0.0229557
4.468642e-08,0.0181498
4.473642e-08,0.0165569
4.478642e-08,0.0232578
4.483642e-08,0.0252076
4.488642e-08,0.0134262
4.493642e-08,0.00678034
4.498642e-08,0.0101033
4.503642e-08,0.00639586
4.508642e-08,-0.00362791
4.513642e-08,-0.010878
4.518642e-08,-0.0121962
4.523642e-08,-0.00508342
4.528642e-08,0.00378694
4.533642e-08,0.00642333
4.538642e-08,0.00557199
4.543642e-08,0.00796122
4.548642e-08,0.0154585
4.553642e-08,0.0227634
4.558642e-08,0.0228184
4.563642e-08,0.0145797
4.568642e-08,0.00785137
4.573642e-08,0.0104878
4.578642e-08,0.013591
4.583642e-08,0.0121355
4.588642e-08,0.0103504
4.593642e-08,0.00499528
4.598642e-08,0.00345739
4.603642e-08,0.0150191
4.608642e-08,0.020182
4.613642e-08,0.00474812
4.618642e-08,-0.0085986
4.623642e-08,-0.0053855
4.628642e-08,0.0003816
4.633642e-08,0.00175472
4.638642e-08,-0.00137599
4.643642e-08,-0.00500103
4.648642e-08,-0.00464402
4.653642e-08,-0.00873591
4.658642e-08,-0.0129377
4.663642e-08,-0.00675862
4.668642e-08,0.00211173
4.673642e-08,0.00450096
4.678642e-08,0.00263352
4.683642e-08,0.000436525
4.688642e-08,-0.00522073
4.693642e-08,-0.0077198
4.698642e-08,0.00123293
4.703642e-08,0.0127397
4.708642e-08,0.0201271
4.713642e-08,0.0244112
4.718642e-08,0.0235049
4.723642e-08,0.016914
4.728642e-08,0.00754928
4.733642e-08,0.00164487
4.738642e-08,0.00167233
4.743642e-08,-0.000469734
4.748642e-08,-0.00541296
4.753642e-08,-0.00423208
4.758642e-08,0.00477558
4.763642e-08,0.0105701
4.768642e-08,0.0068078
4.773642e-08,0.0063684
4.778642e-08,0.00900479
4.783642e-08,0.00535229
4.788642e-08,0.00353977
4.793642e-08,-0.000936595
4.798642e-08,-0.0148326
4.803642e-08,-0.0225495
4.808642e-08,-0.0185674
4.813642e-08,-0.0134045
4.818642e-08,-0.00714309
4.823642e-08,0.00145263
4.828642e-08,0.00189203
4.833642e-08,-0.00280404
4.838642e-08,-0.00486372
4.843642e-08,-0.0116469
4.848642e-08,-0.0179907
4.853642e-08,-0.0191716
4.858642e-08,-0.0246641
4.863642e-08,-0.0251035
4.868642e-08,-0.0157388
4.873642e-08,-0.00966963
4.878642e-08,-0.00316105
4.883642e-08,0.00581915
4.888642e-08,0.00851047
4.893642e-08,0.0116686
4.898642e-08,0.0172435
4.903642e-08,0.0155683
4.908642e-08,0.00790629
4.913642e-08,0.00257859
4.918642e-08,0.00213919
4.923642e-08,-0.000387347
4.928642e-08,-0.00382015
4.933642e-08,-0.000414809
4.938642e-08,-0.00222733
4.943642e-08,-0.0117293
4.948642e-08,-0.0104111
4.953642e-08,-0.00409477
4.958642e-08,-0.00662131
4.963642e-08,-0.0116195
4.968642e-08,-0.00994426
4.973642e-08,-0.00170554
4.978642e-08,0.00268844
4.983642e-08,0.000326675
4.988642e-08,0.00161741
4.993642e-08,0.00408902
4.998642e-08,0.00128786
5.003642e-08,0.00441857
5.008642e-08,0.0125474
5.013642e-08,0.0061487
5.018642e-08,-0.00955978
5.023642e-08,-0.0146129
5.028642e-08,-0.0139538
5.033642e-08,-0.0179358
5.038642e-08,-0.0223573
5.043642e-08,-0.0226868
5.048642e-08,-0.0148051
5.053642e-08,-0.00500103
5.058642e-08,-0.00719802
5.063642e-08,-0.0092577
5.068642e-08,0.00499528
5.073642e-08,0.0213903
5.078642e-08,0.0251801
5.083642e-08,0.0241366
5.088642e-08,0.0265807
5.093642e-08,0.0246584
5.098642e-08,0.0174357
5.103642e-08,0.0144423
5.108642e-08,0.0119982
5.113642e-08,0.00713735
5.118642e-08,0.0052699
5.123642e-08,0.00721973
5.128642e-08,0.0112292
5.133642e-08,0.0153211
5.138642e-08,0.0190286
5.143642e-08,0.0186715
5.148642e-08,0.0147719
5.153642e-08,0.014305
5.158642e-08,0.0161725
5.163642e-08,0.0192757
5.168642e-08,0.019825
5.173642e-08,0.0133438
5.178642e-08,0.0125474
5.183642e-08,0.0214453
5.188642e-08,0.024576
5.193642e-08,0.0166943
5.198642e-08,0.00472066
5.203642e-08,0.00202934
5.208642e-08,0.0103504
5.213642e-08,0.0117785
5.218642e-08,0.00406156
5.223642e-08,-0.00167808
5.228642e-08,-0.00272165
5.233642e-08,-0.00280404
5.238642e-08,-0.00640161
5.243642e-08,-0.0109604
5.248642e-08,-0.0116744
5.253642e-08,-0.00453417
5.258642e-08,0.00650571
5.263642e-08,0.00741197
5.268642e-08,0.0035947
5.273642e-08,0.00334754
5.278642e-08,-0.000222573
5.283642e-08,-0.00222733
5.288642e-08,-0.00107391
5.293642e-08,-0.00159569
5.298642e-08,-0.00019511
5.303642e-08,0.00507767
5.308642e-08,0.0141403
5.313642e-08,0.0219121
5.318642e-08,0.0257019
5.323642e-08,0.0284207
5.328642e-08,0.0267455
5.333642e-08,0.0193581
5.338642e-08,0.0129044
5.343642e-08,0.00612124
5.348642e-08,-0.000607046
5.353642e-08,0.000656224
5.358642e-08,0.00150756
5.363642e-08,-0.00110137
5.368642e-08,0.00235889
5.373642e-08,0.00194696
5.378642e-08,-0.00725294
5.383642e-08,-0.0105759
5.388642e-08,-0.00398492
5.393642e-08,0.00812599
5.398642e-08,0.0198799
5.403642e-08,0.0225437
5.408642e-08,0.020182
5.413642e-08,0.0209235
5.418642e-08,0.0194954
5.423642e-08,0.0145797
5.428642e-08,0.014717
5.433642e-08,0.0182322
5.438642e-08,0.0163098
5.443642e-08,0.0131241
5.448642e-08,0.0196602
5.453642e-08,0.0330893
5.458642e-08,0.0401197
5.463642e-08,0.0337209
5.468642e-08,0.0188638
5.473642e-08,0.00612124
5.478642e-08,0.00241382
5.483642e-08,0.00518752
5.488642e-08,0.00796122
5.493642e-08,0.00565438
5.498642e-08,-0.00115629
5.503642e-08,-0.00211748
5.508642e-08,0.00307291
5.513642e-08,0.00590154
5.518642e-08,0.0107898
5.523642e-08,0.0202644
5.528642e-08,0.0250154
5.533642e-08,0.0246584
5.538642e-08,0.0224614
5.543642e-08,0.0164196
5.548642e-08,0.0131791
5.553642e-08,0.0159253
5.558642e-08,0.0113666
5.563642e-08,-0.00530311
5.568642e-08,-0.0160958
5.573642e-08,-0.0182928
5.578642e-08,-0.0258999
5.583642e-08,-0.0315022
5.588642e-08,-0.0297446
5.593642e-08,-0.0296897
5.598642e-08,-0.0325458
5.603642e-08,-0.0310079
5.608642e-08,-0.020023
5.613642e-08,-0.00722548
5.618642e-08,-0.00354552
5.623642e-08,-0.00129361
5.628642e-08,0.0115588
5.633642e-08,0.024933
5.638642e-08,0.0260589
5.643642e-08,0.01977
5.648642e-08,0.0152388
5.653642e-08,0.0139206
5.658642e-08,0.011037
5.663642e-08,0.00463827
5.668642e-08,-0.00247449
5.673642e-08,-0.0110977
5.678642e-08,-0.0158212
5.683642e-08,-0.00909292
5.688642e-08,-0.00112883
5.693642e-08,0.00573677
5.698642e-08,0.0168041
5.703642e-08,0.0213629
5.708642e-08,0.0187539
5.713642e-08,0.0210882
5.718642e-08,0.0236422
5.723642e-08,0.0160626
5.728642e-08,0.00664302
5.733642e-08,0.00142517
5.738642e-08,-0.00659385
5.743642e-08,-0.012663
5.748642e-08,-0.00824159
5.753642e-08,-0.00393
5.758642e-08,-0.00788458
5.763642e-08,-0.00988933
5.768642e-08,-0.00780219
5.773642e-08,-0.00796697
5.778642e-08,-0.00953232
5.783642e-08,-0.00653892
5.788642e-08,0.000189363
5.793642e-08,0.00422633
5.798642e-08,0.0134262
5.803642e-08,0.0231479
5.808642e-08,0.0191659
5.813642e-08,0.0155683
5.818642e-08,0.0164471
5.823642e-08,0.0129319
5.828642e-08,0.00897733
5.833642e-08,0.00590154
5.838642e-08,0.00796122
5.843642e-08,0.0101033
5.848642e-08,0.0068078
5.853642e-08,0.00840062
5.858642e-08,0.00584661
5.863642e-08,-0.00376522
5.868642e-08,-0.00651146
5.873642e-08,-0.0110428
5.878642e-08,-0.0188146
5.883642e-08,-0.0121412
5.888642e-08,0.00268844
5.893642e-08,0.00430872
5.898642e-08,-0.00162315
5.903642e-08,-0.00442432
5.908642e-08,-0.0108505
5.913642e-08,-0.0191991
5.918642e-08,-0.0226044
5.923642e-08,-0.021094
5.928642e-08,-0.0171669
5.933642e-08,-0.00892815
5.938642e-08,0.00219412
5.943642e-08,0.00491289
5.948642e-08,0.00496782
5.953642e-08,0.00966389
5.958642e-08,0.00735705
5.963642e-08,0.00329261
5.968642e-08,0.00908718
5.973642e-08,0.0103779
5.978642e-08,0.00417141
5.983642e-08,0.00851047
5.988642e-08,0.0190835
5.993642e-08,0.0210608
5.998642e-08,0.0182871
6.003642e-08,0.0190286
6.008642e-08,0.0203742
6.013642e-08,0.0209784
6.018642e-08,0.0232578
6.023642e-08,0.0219945
6.028642e-08,0.0189736
6.033642e-08,0.020896
6.038642e-08,0.0208136
6.043642e-08,0.00862032
6.048642e-08,-0.00497357
6.053642e-08,-0.00475387
6.058642e-08,-0.00373776
6.063642e-08,-0.0107132
6.068642e-08,-0.012718
6.073642e-08,-0.0125257
6.078642e-08,-0.0141735
6.083642e-08,-0.010521
6.088642e-08,-0.00502849
6.093642e-08,0.00224904
6.098642e-08,0.00963642
6.103642e-08,0.00678034
6.108642e-08,2.45887e-05
6.113642e-08,-0.00099152
6.118642e-08,-0.00159569
6.123642e-08,-0.00447924
6.128642e-08,-0.00936755
6.133642e-08,-0.0139812
6.138642e-08,-0.00848875
6.143642e-08,-0.00140346
6.148642e-08,-0.00362791
6.153642e-08,-0.00500103
6.158642e-08,-0.00453417
6.163642e-08,-0.0051658
6.168642e-08,-0.00233718
6.173642e-08,0.00169979
6.178642e-08,0.00389679
6.183642e-08,0.00974627
6.188642e-08,0.0175181
6.193642e-08,0.0151838
6.198642e-08,0.00521498
6.203642e-08,-0.000497197
6.208642e-08,-0.00176047
6.213642e-08,-0.0060446
6.218642e-08,-0.00774727
6.223642e-08,0.00164487
6.228642e-08,0.00837315
6.233642e-08,0.00576423
6.238642e-08,0.00812599
6.243642e-08,0.0133713
6.248642e-08,0.00886748
6.253642e-08,0.00310038
6.258642e-08,0.00307291
6.263642e-08,2.45887e-05
6.268642e-08,-0.00434193
6.273642e-08,-0.00233718
6.278642e-08,0.00428126
6.283642e-08,0.0052699
6.288642e-08,-0.00121122
6.293642e-08,-0.00555028
6.298642e-08,-0.00645653
6.303642e-08,-0.00642907
6.308642e-08,-0.000359885
6.313642e-08,0.0177653
6.318642e-08,0.0356982
6.323642e-08,0.0387191
6.328642e-08,0.0371812
6.333642e-08,0.0421794
6.338642e-08,0.0440193
6.343642e-08,0.0350391
6.348642e-08,0.0277341
6.353642e-08,0.0297938
6.358642e-08,0.0310296
6.363642e-08,0.0244387
6.368642e-08,0.0148268
6.373642e-08,0.0131241
6.378642e-08,0.0193856
6.383642e-08,0.0175731
6.388642e-08,0.00823584
6.393642e-08,-0.00219986
6.398642e-08,-0.0182104
6.403642e-08,-0.0262295
6.408642e-08,-0.0166725
6.413642e-08,-0.00112883
6.418642e-08,0.0057093
6.423642e-08,0.00216665
6.428642e-08,0.00524244
6.433642e-08,0.011806
6.438642e-08,0.00664302
6.443642e-08,0.00392425
6.448642e-08,0.0116686
6.453642e-08,0.0131791
6.458642e-08,0.00853793
6.463642e-08,0.0123827
6.468642e-08,0.0209509
6.473642e-08,0.0226536
6.478642e-08,0.019056
6.483642e-08,0.0133988
6.488642e-08,0.00886748
6.493642e-08,0.00719227
6.498642e-08,0.00573677
6.503642e-08,0.00647825
6.508642e-08,0.00875763
6.513642e-08,0.011037
6.518642e-08,0.0119982
6.523642e-08,0.00884002
6.528642e-08,0.00557199
6.533642e-08,0.00406156
6.538642e-08,0.00351231
6.543642e-08,0.00474812
6.548642e-08,0.00406156
6.553642e-08,0.00180964
6.558642e-08,0.000106976
6.563642e-08,-0.00211748
6.568642e-08,-0.000854208
6.573642e-08,0.00647825
6.578642e-08,0.0134262
6.583642e-08,0.0188089
6.588642e-08,0.0247407
6.593642e-08,0.0264709
6.598642e-08,0.028558
6.603642e-08,0.0352863
6.608642e-08,0.0349018
6.613642e-08,0.0222417
6.618642e-08,0.0126024
6.623642e-08,0.0142776
6.628642e-08,0.0155134
6.633642e-08,0.0140579
6.638642e-08,0.0150191
6.643642e-08,0.0149916
6.648642e-08,0.013591
6.653642e-08,0.00845554
6.658642e-08,0.00115055
6.663642e-08,0.00353977
6.668642e-08,0.0125474
6.673642e-08,0.0196053
6.678642e-08,0.0240267
6.683642e-08,0.0219121
6.688642e-08,0.0154585
6.693642e-08,0.0107349
6.698642e-08,0.00653317
6.703642e-08,0.00233143
6.708642e-08,-0.00192524
6.713642e-08,-0.00780219
6.718642e-08,-0.00519326
6.723642e-08,0.00763167
6.728642e-08,0.0132889
6.733642e-08,0.0112567
6.738642e-08,0.00779644
6.743642e-08,0.00175472
6.748642e-08,7.95135e-05
6.753642e-08,-0.00313359
6.758642e-08,-0.00977948
6.763642e-08,-0.00475387
6.768642e-08,0.00158994
6.773642e-08,0.00419887
6.778642e-08,0.0115588
6.783642e-08,0.0112842
6.788642e-08,0.0107624
6.793642e-08,0.0193856
6.798642e-08,0.0190835
6.803642e-08,0.0127397
6.808642e-08,0.0142501
6.813642e-08,0.014662
6.818642e-08,0.00669795
6.823642e-08,-0.000909132
6.828642e-08,-0.00288642
6.833642e-08,-0.00252941
6.838642e-08,-0.00351806
6.843642e-08,-0.00986187
6.848642e-08,-0.0188421
6.853642e-08,-0.0215883
6.858642e-08,-0.0241698
6.863642e-08,-0.03315
6.868642e-08,-0.0311178
6.873642e-08,-0.0143932
6.878642e-08,-0.00760996
6.883642e-08,-0.0110428
6.888642e-08,-0.00360045
6.893642e-08,0.0107075
6.898642e-08,0.0185342
6.903642e-08,0.0181772
6.908642e-08,0.0135361
6.913642e-08,0.0121904
6.918642e-08,0.0142226
6.923642e-08,0.0138931
6.928642e-08,0.0121904
6.933642e-08,0.0163922
6.938642e-08,0.0244387
6.943642e-08,0.0222417
6.948642e-08,0.0110919
6.953642e-08,0.00117801
6.958642e-08,-0.0067037
6.963642e-08,-0.00917531
6.968642e-08,-0.00673116
6.973642e-08,-0.00478133
6.978642e-08,-0.000167648
6.983642e-08,0.00642333
6.988642e-08,0.0137009
6.993642e-08,0.0183145
6.998642e-08,0.011751
7.003642e-08,0.00713735
7.008642e-08,0.00779644
7.013642e-08,0.0072472
7.018642e-08,0.0187265
7.023642e-08,0.032238
7.028642e-08,0.0306726
7.033642e-08,0.0221593
7.038642e-08,0.0112567
7.043642e-08,0.0022765
7.048642e-08,0.00367709
7.053642e-08,0.00944419
7.058642e-08,0.013948
7.063642e-08,0.0194405
7.068642e-08,0.0232852
7.073642e-08,0.024521
7.078642e-08,0.0274595
7.083642e-08,0.0280637
7.088642e-08,0.0166119
7.093642e-08,0.0063684
7.098642e-08,0.0131791
7.103642e-08,0.0204017
7.108642e-08,0.0176005
7.113642e-08,0.0125749
7.118642e-08,0.00557199
7.123642e-08,0.00095831
7.128642e-08,0.0012604
7.133642e-08,-0.000716896
7.138642e-08,-0.00681355
7.143642e-08,-0.0146953
7.148642e-08,-0.0162606
7.153642e-08,-0.0107132
7.158642e-08,-0.00728041
7.163642e-08,-0.00417716
7.168642e-08,-0.000744358
7.173642e-08,0.00084846
7.178642e-08,0.000766073
7.183642e-08,-0.00088167
7.188642e-08,0.00233143
7.193642e-08,0.00417141
7.198642e-08,-0.000332422
7.203642e-08,0.0014801
7.208642e-08,0.00645079
7.213642e-08,0.00255113
7.218642e-08,-0.00879084
7.223642e-08,-0.0181555
7.228642e-08,-0.0211489
7.233642e-08,-0.0242522
7.238642e-08,-0.0204624
7.243642e-08,-0.00461655
7.248642e-08,0.000985772
7.253642e-08,-0.00714309
7.258642e-08,-0.0114547
7.263642e-08,-0.0112625
7.268642e-08,-0.00955978
7.273642e-08,-0.00939501
7.278642e-08,-0.0123335
7.283642e-08,-0.0142284
7.288642e-08,-0.0140636
7.293642e-08,-0.00961471
7.298642e-08,-0.00464402
7.303642e-08,-0.00101898
7.308642e-08,0.00837315
7.313642e-08,0.0163098
7.318642e-08,0.0162823
7.323642e-08,0.0198524
7.328642e-08,0.0247407
7.333642e-08,0.0186715
7.338642e-08,0.012877
7.343642e-08,0.019413
7.348642e-08,0.02713
7.353642e-08,0.0283108
7.358642e-08,0.0239718
7.363642e-08,0.0157056
7.368642e-08,0.00952657
7.373642e-08,0.00230397
7.378642e-08,-0.00686847
7.383642e-08,-0.00788458
7.388642e-08,-0.00491864
7.393642e-08,-0.00678608
7.398642e-08,-0.00651146
7.403642e-08,-0.00162315
7.408642e-08,0.0044735
7.413642e-08,0.0134812
7.418642e-08,0.0238619
7.423642e-08,0.0286404
7.428642e-08,0.0246034
7.433642e-08,0.0204017
7.438642e-08,0.0162549
7.443642e-08,0.0110095
7.448642e-08,0.0117236
7.453642e-08,0.0123003
7.458642e-08,0.0124376
7.463642e-08,0.0138107
7.468642e-08,0.0093618
7.473642e-08,-0.000387347
7.478642e-08,-0.0128553
7.483642e-08,-0.0189794
7.488642e-08,-0.016343
7.493642e-08,-0.0129926
7.498642e-08,-0.00140346
7.503642e-08,0.0126024
7.508642e-08,0.0119707
7.513642e-08,0.0116961
7.518642e-08,0.0192757
7.523642e-08,0.0200721
7.528642e-08,0.0158429
7.533642e-08,0.011394
7.538642e-08,0.00573677
7.543642e-08,0.00169979
7.548642e-08,0.00178218
7.553642e-08,0.00985612
7.558642e-08,0.0198799
7.563642e-08,0.0197151
7.568642e-08,0.0185342
7.573642e-08,0.0229557
7.578642e-08,0.0224064
7.583642e-08,0.0199074
7.588642e-08,0.0158429
7.593642e-08,0.00568184
7.598642e-08,0.0010407
7.603642e-08,0.00222158
7.608642e-08,0.000903385
7.613642e-08,0.00255113
7.618642e-08,0.00675287
7.623642e-08,0.00559945
7.628642e-08,0.00524244
7.633642e-08,0.0105976
7.638642e-08,0.0130143
7.643642e-08,0.0130692
7.648642e-08,0.0133438
7.653642e-08,0.0102131
7.658642e-08,0.00452842
7.663642e-08,0.00117801
7.668642e-08,0.00505021
7.673642e-08,0.0105976
7.678642e-08,0.01436
7.683642e-08,0.0177928
7.688642e-08,0.0119433
7.693642e-08,0.00290814
7.698642e-08,0.0104878
7.703642e-08,0.0232852
7.708642e-08,0.0281186
7.713642e-08,0.0308923
7.718642e-08,0.0262786
7.723642e-08,0.0170787
7.728642e-08,0.0100758
7.733642e-08,0.00329261
7.738642e-08,0.00282575
7.743642e-08,0.00793376
7.748642e-08,0.0068078
7.753642e-08,-0.00236464
7.758642e-08,-0.00890069
7.763642e-08,-0.00519326
7.768642e-08,0.00595646
7.773642e-08,0.0114489
7.778642e-08,0.00246874
7.783642e-08,-0.00923024
7.788642e-08,-0.0145579
7.793642e-08,-0.0149973
7.798642e-08,-0.00752757
7.803642e-08,-0.00368283
7.808642e-08,-0.00953232
7.813642e-08,-0.00461655
7.818642e-08,0.000903385
7.823642e-08,-0.00846129
7.828642e-08,-0.00955978
7.833642e-08,-0.00159569
7.838642e-08,0.00095831
7.843642e-08,-0.000579584
7.848642e-08,-0.00519326
7.853642e-08,-0.00810428
7.858642e-08,-0.0103562
7.863642e-08,-0.00898307
7.868642e-08,-0.0023921
7.873642e-08,0.000189363
7.878642e-08,0.00260605
7.883642e-08,0.00650571
7.888642e-08,0.0111194
7.893642e-08,0.0196327
7.898642e-08,0.0251527
7.903642e-08,0.0278989
7.908642e-08,0.0258118
7.913642e-08,0.00754928
7.918642e-08,-0.0106034
7.923642e-08,-0.0118117
7.928642e-08,-0.00843383
7.933642e-08,-0.00623684
7.938642e-08,-0.00420462
7.943642e-08,-0.00104644
7.948642e-08,0.00787883
7.953642e-08,0.0165844
7.958642e-08,0.0149367
7.963642e-08,0.00128786
7.968642e-08,-0.00758249
7.973642e-08,-0.0037103
7.978642e-08,-0.00686847
7.983642e-08,-0.0154093
7.988642e-08,-0.0144206
7.993642e-08,-0.0148051
7.998642e-08,-0.0245268
8.003642e-08,-0.0308706
8.008642e-08,-0.0268611
8.013642e-08,-0.0183752
8.018642e-08,-0.00854368
8.023642e-08,0.000573836
8.028642e-08,0.0057093
8.033642e-08,0.00831823
8.038642e-08,0.0143874
8.043642e-08,0.0208685
8.048642e-08,0.0180399
8.053642e-08,0.011037
8.058642e-08,0.00765913
8.063642e-08,0.00735705
8.068642e-08,0.0129044
8.073642e-08,0.0188089
8.078642e-08,0.0149367
8.083642e-08,0.0100758
8.088642e-08,0.0145247
8.093642e-08,0.0163098
8.098642e-08,0.0125474
8.103642e-08,0.0168316
8.108642e-08,0.0204841
8.113642e-08,0.0115313
8.118642e-08,0.00494036
8.123642e-08,0.0122728
8.128642e-08,0.019825
8.133642e-08,0.0180948
8.138642e-08,0.0153486
8.143642e-08,0.0159802
8.148642e-08,0.0186715
8.153642e-08,0.0238345
8.158642e-08,0.0277616
8.163642e-08,0.0250154
8.168642e-08,0.019056
8.173642e-08,0.0135635
8.178642e-08,0.00886748
8.183642e-08,0.00672541
8.188642e-08,0.00318276
8.193642e-08,-0.00398492
8.198642e-08,-0.0105759
8.203642e-08,-0.0129377
8.208642e-08,-0.0104111
8.213642e-08,-0.00695086
8.218642e-08,-0.00637415
8.223642e-08,0.000766073
8.228642e-08,0.0178202
8.233642e-08,0.0221867
8.238642e-08,0.0124925
8.243642e-08,0.0130967
8.248642e-08,0.0200172
8.253642e-08,0.0160901
8.258642e-08,0.00894986
8.263642e-08,0.00944419
8.268642e-08,0.00955404
8.273642e-08,0.00752182
8.278642e-08,0.00757675
8.283642e-08,0.00623109
8.288642e-08,0.00535229
8.293642e-08,0.0082633
8.298642e-08,0.0110095
8.303642e-08,0.0140304
8.308642e-08,0.0216375
8.313642e-08,0.0246309
8.318642e-08,0.0217199
8.323642e-08,0.0233676
8.328642e-08,0.0241366
8.333642e-08,0.0235599
8.338642e-08,0.0243013
8.343642e-08,0.0193306
8.348642e-08,0.0140304
8.353642e-08,0.0158704
8.358642e-08,0.0202094
8.363642e-08,0.0217199
8.368642e-08,0.0202918
8.373642e-08,0.0177104
8.378642e-08,0.0129319
8.383642e-08,0.00683526
8.388642e-08,0.005929
8.393642e-08,0.0103504
8.398642e-08,0.0115588
8.403642e-08,0.00664302
8.408642e-08,0.00395171
8.413642e-08,0.0107898
8.418642e-08,0.0188089
8.423642e-08,0.0209784
8.428642e-08,0.0239718
8.433642e-08,0.0226536
8.438642e-08,0.00971881
8.443642e-08,-0.00623684
8.448642e-08,-0.017469
8.453642e-08,-0.0235656
8.458642e-08,-0.02763
8.463642e-08,-0.0293602
8.468642e-08,-0.0249662
8.473642e-08,-0.0132947
8.478642e-08,-0.00508342
8.483642e-08,-0.0114547
8.488642e-08,-0.0193089
8.493642e-08,-0.0158487
8.498642e-08,-0.014503
8.503642e-08,-0.0204349
8.508642e-08,-0.0190343
8.513642e-08,-0.00722548
8.518642e-08,0.00689019
8.523642e-08,0.0149367
8.528642e-08,0.0134537
8.533642e-08,0.0111194
8.538642e-08,0.0110645
8.543642e-08,0.00796122
8.548642e-08,0.0010407
8.553642e-08,-0.00697832
8.558642e-08,-0.00846129
8.563642e-08,-0.00387507
8.568642e-08,-0.00176047
8.573642e-08,0.00241382
8.578642e-08,0.0130418
8.583642e-08,0.0178477
8.588642e-08,0.0133713
8.593642e-08,0.0146071
8.598642e-08,0.0216375
8.603642e-08,0.0219121
8.608642e-08,0.0190835
8.613642e-08,0.0210333
8.618642e-08,0.0209509
8.623642e-08,0.0148268
8.628642e-08,0.0082633
8.633642e-08,0.00230397
8.638642e-08,-0.00258434
8.643642e-08,-0.0049461
8.648642e-08,-0.00362791
8.653642e-08,-0.0015133
8.658642e-08,-0.00760996
8.663642e-08,-0.0133221
8.668642e-08,-0.00766488
8.673642e-08,-0.000826745
8.678642e-08,0.00749436
8.683642e-08,0.0176554
8.688642e-08,0.0188912
8.693642e-08,0.0157056
8.698642e-08,0.0155134
8.703642e-08,0.0217748
8.708642e-08,0.0282285
8.713642e-08,0.0229831
8.718642e-08,0.0135635
8.723642e-08,0.00771406
8.728642e-08,0.00095831
8.733642e-08,-0.00335328
8.738642e-08,-0.0028315
8.743642e-08,-0.00574251
8.748642e-08,-0.00890069
8.753642e-08,-0.00132107
8.758642e-08,0.00807107
8.763642e-08,0.0125474
8.768642e-08,0.0229282
8.773642e-08,0.0304255
8.778642e-08,0.0223515
8.783642e-08,0.0100209
8.788642e-08,-0.000414809
8.793642e-08,-0.010521
8.798642e-08,-0.0171669
8.803642e-08,-0.0204074
8.808642e-08,-0.0196385
8.813642e-08,-0.0135693
8.818642e-08,-0.00412223
8.823642e-08,0.00263352
8.828642e-08,0.00200188
8.833642e-08,0.00224904
8.838642e-08,0.0093618
8.843642e-08,0.0153761
8.848642e-08,0.0152388
8.853642e-08,0.0109821
8.858642e-08,0.00310038
8.863642e-08,-0.0069234
8.868642e-08,-0.0136242
8.873642e-08,-0.0133221
8.878642e-08,-0.0133496
8.883642e-08,-0.0196385
8.888642e-08,-0.0220002
8.893642e-08,-0.0146129
8.898642e-08,-0.00395746
8.903642e-08,0.00735705
8.908642e-08,0.0146895
8.913642e-08,0.0138107
8.918642e-08,0.0138382
8.923642e-08,0.0191659
8.928642e-08,0.025647
8.933642e-08,0.027844
8.938642e-08,0.0232852
8.943642e-08,0.0223515
8.948642e-08,0.0243563
8.953642e-08,0.0142501
8.958642e-08,-0.00288642
8.963642e-08,-0.0107407
8.968642e-08,-0.0103013
8.973642e-08,-0.00475387
8.978642e-08,0.00796122
8.983642e-08,0.0156232
8.988642e-08,0.00911464
8.993642e-08,0.00139771
8.998642e-08,0.00691765
9.003642e-08,0.0189187
9.008642e-08,0.0236422
9.013642e-08,0.019056
9.018642e-08,0.0115313
9.023642e-08,0.0148268
9.028642e-08,0.0197426
9.033642e-08,0.00120547
9.038642e-08,-0.017414
9.043642e-08,-0.0140362
9.048642e-08,-0.0134045
9.053642e-08,-0.0162057
9.058642e-08,-0.00631922
9.063642e-08,0.00329261
9.068642e-08,0.00219412
9.073642e-08,-0.0021724
9.078642e-08,-0.00681355
9.083642e-08,-0.0128827
9.088642e-08,-0.0185125
9.093642e-08,-0.0153269
9.098642e-08,0.00142517
9.103642e-08,0.0157605
9.108642e-08,0.0153211
9.113642e-08,0.0117785
9.118642e-08,0.0154585
9.123642e-08,0.018699
9.128642e-08,0.0157605
9.133642e-08,0.0135361
9.138642e-08,0.014662
9.143642e-08,0.0109272
9.148642e-08,0.00156248
9.153642e-08,-0.00241956
9.158642e-08,-0.00112883
9.163642e-08,-0.00192524
9.168642e-08,-0.00272165
9.173642e-08,0.00115055
9.178642e-08,0.00738451
9.183642e-08,0.00738451
9.188642e-08,0.00238635
9.193642e-08,0.00535229
9.198642e-08,0.014717
9.203642e-08,0.0149367
9.208642e-08,0.00911464
9.213642e-08,0.00903225
9.218642e-08,0.00919703
9.223642e-08,0.00815346
9.228642e-08,0.0132615
9.233642e-08,0.019413
9.238642e-08,0.0174083
9.243642e-08,0.0107349
9.248642e-08,0.00617616
9.253642e-08,0.00252367
9.258642e-08,0.00145263
9.263642e-08,0.00518752
9.268642e-08,0.00845554
9.273642e-08,0.0108448
9.278642e-08,0.0134262
9.283642e-08,0.00919703
9.288642e-08,0.00109562
9.293642e-08,0.00458335
9.298642e-08,0.0151014
9.303642e-08,0.019413
9.308642e-08,0.0179026
9.313642e-08,0.00837315
9.318642e-08,-0.00346313
9.323642e-08,-0.00228225
9.328642e-08,0.00581915
9.333642e-08,0.00496782
9.338642e-08,0.00200188
9.343642e-08,0.0052699
9.348642e-08,0.0116961
9.353642e-08,0.0250428
9.358642e-08,0.041685
9.363642e-08,0.0460516
9.368642e-08,0.0389388
9.373642e-08,0.0367693
9.378642e-08,0.0400922
9.383642e-08,0.030755
9.388642e-08,0.00919703
9.393642e-08,-0.000909132
9.398642e-08,0.00137025
9.403642e-08,0.00205681
9.408642e-08,0.00172726
9.413642e-08,-0.00555028
9.418642e-08,-0.0207095
9.423642e-08,-0.0257351
9.428642e-08,-0.0167275
9.433642e-08,-0.00733533
9.438642e-08,-0.00489118
9.443642e-08,-0.00598967
9.448642e-08,-0.00222733
9.453642e-08,0.0110095
9.458642e-08,0.0206214
9.463642e-08,0.0196327
9.468642e-08,0.0191109
9.473642e-08,0.016502
9.478642e-08,0.0144973
9.483642e-08,0.024878
9.488642e-08,0.0326224
9.493642e-08,0.0236972
9.498642e-08,0.0111469
9.503642e-08,0.00716481
9.508642e-08,0.00862032
9.513642e-08,0.00966389
9.518642e-08,0.011037
9.523642e-08,0.00601139
9.528642e-08,-0.0049461
9.533642e-08,0.000573836
9.538642e-08,0.0151289
9.543642e-08,0.0148268
9.548642e-08,0.00812599
9.553642e-08,0.00903225
9.558642e-08,0.0159528
9.563642e-08,0.0204566
9.568642e-08,0.0188638
9.573642e-08,0.0170513
9.578642e-08,0.0220494
9.583642e-08,0.0259491
9.588642e-08,0.019825
9.593642e-08,0.0204291
9.598642e-08,0.0272124
9.603642e-08,0.017216
9.608642e-08,0.00384186
9.613642e-08,0.0024962
9.618642e-08,0.00480304
9.623642e-08,0.00639586
9.628642e-08,0.0040341
9.633642e-08,0.00535229
9.638642e-08,0.0143874
9.643642e-08,0.0145522
9.648642e-08,0.00804361
9.653642e-08,0.0098012
9.658642e-08,0.0104878
9.663642e-08,0.0070275
9.668642e-08,0.00837315
9.673642e-08,0.00776898
9.678642e-08,0.00771406
9.683642e-08,0.0159802
9.688642e-08,0.021967
9.693642e-08,0.0186166
9.698642e-08,0.0165295
9.703642e-08,0.0195778
9.708642e-08,0.0139755
9.713642e-08,0.00183711
9.718642e-08,-0.000689433
9.723642e-08,0.00332008
9.728642e-08,0.00587408
9.733642e-08,0.00927941
9.738642e-08,0.0162549
9.743642e-08,0.0261962
9.748642e-08,0.0327598
9.753642e-08,0.0307825
9.758642e-08,0.0276792
9.763642e-08,0.0277067
9.768642e-08,0.024933
9.773642e-08,0.023807
9.778642e-08,0.0246584
9.783642e-08,0.0173534
9.788642e-08,0.011806
9.793642e-08,0.0199348
9.798642e-08,0.0269103
9.803642e-08,0.0183695
9.808642e-08,0.0102406
9.813642e-08,0.0166393
9.818642e-08,0.0221593
9.823642e-08,0.0194405
9.828642e-08,0.0218023
9.833642e-08,0.0283658
9.838642e-08,0.0247682
9.843642e-08,0.0147444
9.848642e-08,0.0103779
9.853642e-08,0.00875763
9.858642e-08,0.00507767
9.863642e-08,0.000903385
9.868642e-08,-0.00288642
9.873642e-08,-0.000497197
9.878642e-08,0.00710988
9.883642e-08,0.0124101
9.888642e-08,0.0165569
9.893642e-08,0.0114489
9.898642e-08,-0.00118376
9.903642e-08,-0.00376522
9.908642e-08,0.00112308
9.913642e-08,0.00386932
9.918642e-08,0.0014801
9.923642e-08,0.00137025
9.928642e-08,0.0102131
9.933642e-08,0.0136734
9.938642e-08,0.0100209
9.943642e-08,0.0102955
9.948642e-08,0.00537975
9.953642e-08,-0.0067037
9.958642e-08,-0.0139538
9.963642e-08,-0.0148051
9.968642e-08,-0.0124433
9.973642e-08,-0.00165062
9.978642e-08,0.0174083
9.983642e-08,0.0216375
9.988642e-08,0.0119158
9.993642e-08,0.014662
9.998642e-08,0.019056
1.000364e-07,0.0125749
1.000864e-07,0.00856539
1.001364e-07,0.0115039
1.001864e-07,0.0141403
1.002364e-07,0.00689019
1.002864e-07,2.45887e-05
1.003364e-07,0.0035947
1.003864e-07,0.0101857
1.004364e-07,0.0163372
1.004864e-07,0.0140029
1.005364e-07,0.00905971
1.005864e-07,0.0128495
1.006364e-07,0.0127671
1.006864e-07,0.00422633
1.007364e-07,0.000463987
1.007864e-07,0.00862032
1.008364e-07,0.0164196
1.008864e-07,0.0135361
1.009364e-07,0.0126573
1.009864e-07,0.017628
1.010364e-07,0.0155958
1.010864e-07,0.00537975
1.011364e-07,-0.00263926
1.011864e-07,-0.0053855
1.012364e-07,-0.0132947
1.012864e-07,-0.0229065
1.013364e-07,-0.0199131
1.013864e-07,-0.0115645
1.014364e-07,-0.0122236
1.014864e-07,-0.0188695
1.015364e-07,-0.0227692
1.015864e-07,-0.0253507
1.016364e-07,-0.0238402
1.016864e-07,-0.0138988
1.017364e-07,-0.000661971
1.017864e-07,0.00859285
1.018364e-07,0.00691765
1.018864e-07,0.00433618
1.019364e-07,0.0101307
1.019864e-07,0.0151289
1.020364e-07,0.0142776
1.020864e-07,0.00999344
1.021364e-07,0.00730212
1.021864e-07,0.00543468
1.022364e-07,-0.000579584
1.022864e-07,-0.00423208
1.023364e-07,0.00417141
1.023864e-07,0.0141403
1.024364e-07,0.0110095
1.024864e-07,0.00516006
1.025364e-07,0.00675287
1.025864e-07,0.0093618
1.026364e-07,0.0105701
1.026864e-07,0.0112842
1.027364e-07,0.0115039
1.027864e-07,0.0116412
1.028364e-07,0.00933434
1.028864e-07,0.00988359
1.029364e-07,0.0151289
1.029864e-07,0.0163922
1.030364e-07,0.0120257
1.030864e-07,0.00469319
1.031364e-07,0.00131532
1.031864e-07,0.00216665
1.032364e-07,0.00183711
1.032864e-07,0.00329261
1.033364e-07,0.00474812
1.033864e-07,0.00595646
1.034364e-07,0.00930688
1.034864e-07,0.0129868
1.035364e-07,0.0129868
1.035864e-07,0.00329261
1.036364e-07,-0.00533058
1.036864e-07,-0.00373776
1.037364e-07,-0.00236464
1.037864e-07,-0.00121122
1.038364e-07,-0.00255688
1.038864e-07,-0.00769234
1.039364e-07,-0.00467148
1.039864e-07,-0.00403984
1.040364e-07,-0.0101365
1.040864e-07,-0.00914785
1.041364e-07,-0.00711563
1.041864e-07,-0.00953232
1.042364e-07,-0.0114822
1.042864e-07,-0.010521
1.043364e-07,-0.00854368
1.043864e-07,-0.0069234
1.044364e-07,-0.00574251
1.044864e-07,-0.00788458
1.045364e-07,-0.00966963
1.045864e-07,-0.00445178
1.046364e-07,0.00554453
1.046864e-07,0.00971881
1.047364e-07,0.0106251
1.047864e-07,0.0130967
1.048364e-07,0.00158994
1.048864e-07,-0.0159311
1.049364e-07,-0.0159311
1.049864e-07,-0.00876338
1.050364e-07,-0.00813174
1.050864e-07,-0.00121122
1.051364e-07,0.0167492
1.051864e-07,0.0272673
1.052364e-07,0.0304255
1.052864e-07,0.0341054
1.053364e-07,0.030398
1.053864e-07,0.0241091
1.054364e-07,0.0145797
1.054864e-07,-0.00107391
1.055364e-07,-0.00631922
1.055864e-07,-0.0034906
1.056364e-07,-0.00228225
1.056864e-07,-0.000167648
1.057364e-07,-0.000607046
1.057864e-07,-0.00129361
1.058364e-07,-0.00288642
1.058864e-07,-0.00744518
1.059364e-07,-0.0060446
1.059864e-07,-0.00307866
1.060364e-07,-0.00555028
1.060864e-07,-0.00634669
1.061364e-07,-0.00865353
1.061864e-07,-0.0202427
1.062364e-07,-0.0285912
1.062864e-07,-0.0217805
1.063364e-07,-0.00774727
1.063864e-07,0.00255113
1.064364e-07,0.00774152
1.064864e-07,0.0131241
1.065364e-07,0.0183969
1.065864e-07,0.0227634
1.066364e-07,0.0305078
1.066864e-07,0.0333639
1.067364e-07,0.0247957
1.067864e-07,0.0204291
1.068364e-07,0.0196602
1.068864e-07,0.00779644
1.069364e-07,-0.000250035
1.069864e-07,0.00595646
1.070364e-07,0.00834569
1.070864e-07,0.00408902
1.071364e-07,0.00837315
1.071864e-07,0.0138931
1.072364e-07,0.00518752
1.072864e-07,-0.00491864
1.073364e-07,-3.03361e-05
1.073864e-07,0.0114764
1.074364e-07,0.0141677
1.074864e-07,0.00809853
1.075364e-07,0.00996597
1.075864e-07,0.0237521
1.076364e-07,0.0338033
1.076864e-07,0.0343526
1.077364e-07,0.0329245
1.077864e-07,0.0331442
1.078364e-07,0.0255371
1.078864e-07,0.00851047
1.079364e-07,-0.00123868
1.079864e-07,-0.000607046
1.080364e-07,-0.000497197
1.080864e-07,-0.00511088
1.081364e-07,-0.00901054
1.081864e-07,-0.00206255
1.082364e-07,0.011394
1.082864e-07,0.0154585
1.083364e-07,0.0104603
1.083864e-07,0.00763167
1.084364e-07,0.00653317
1.084864e-07,0.00197442
1.085364e-07,-0.00403984
1.085864e-07,-0.00601714
1.086364e-07,0.00257859
1.086864e-07,0.0182322
1.087364e-07,0.0281186
1.087864e-07,0.0323478
1.088364e-07,0.0371812
1.088864e-07,0.0356982
1.089364e-07,0.0232303
1.089864e-07,0.0116961
1.090364e-07,0.0120531
1.090864e-07,0.019056
1.091364e-07,0.0215826
1.091864e-07,0.0164196
1.092364e-07,0.0151564
1.092864e-07,0.0238345
1.093364e-07,0.0277341
1.093864e-07,0.023807
1.094364e-07,0.0231754
1.094864e-07,0.0217199
1.095364e-07,0.00982866
1.095864e-07,-0.00566013
1.096364e-07,-0.0101365
1.096864e-07,-0.00379268
1.097364e-07,0.00590154
1.097864e-07,0.0121904
1.098364e-07,0.0124925
1.098864e-07,0.015788
1.099364e-07,0.0185617
1.099864e-07,0.0154585
1.100364e-07,0.0160077
1.100864e-07,0.0130967
1.101364e-07,0.00419887
1.101864e-07,0.00496782
1.102364e-07,0.00754928
1.102864e-07,0.000656224
1.103364e-07,0.000354137
1.103864e-07,0.0101857
1.104364e-07,0.0158978
1.104864e-07,0.0206763
1.105364e-07,0.0269103
1.105864e-07,0.0266356
1.106364e-07,0.019468
1.106864e-07,0.011751
1.107364e-07,0.00798868
1.107864e-07,0.00356724
1.108364e-07,-0.00491864
1.108864e-07,-0.0112075
1.109364e-07,-0.012306
1.109864e-07,-0.00623684
1.110364e-07,0.00494036
1.110864e-07,0.00735705
1.111364e-07,0.00793376
1.111864e-07,0.0142776
1.112364e-07,0.0098012
1.112864e-07,0.00419887
1.113364e-07,0.0104603
1.113864e-07,0.0145247
1.114364e-07,0.0114489
1.114864e-07,0.00834569
1.115364e-07,0.0131516
1.115864e-07,0.020896
1.116364e-07,0.0207038
1.116864e-07,0.0151014
1.117364e-07,0.0105152
1.117864e-07,0.00823584
1.118364e-07,0.00178218
1.118864e-07,-0.00593475
1.119364e-07,-0.00645653
1.119864e-07,-0.00722548
1.120364e-07,-0.00755503
1.120864e-07,-0.00132107
1.121364e-07,0.00628601
1.121864e-07,0.0123003
1.122364e-07,0.0161999
1.122864e-07,0.0213079
1.123364e-07,0.0222142
1.123864e-07,0.0136734
1.124364e-07,0.0109821
1.124864e-07,0.00853793
1.125364e-07,-0.00398492
1.125864e-07,-0.0104111
1.126364e-07,-0.0137615
1.126864e-07,-0.0165627
1.127364e-07,-0.00645653
1.127864e-07,0.00299053
1.128364e-07,0.000573836
1.128864e-07,-0.00618191
1.129364e-07,-0.0128003
1.129864e-07,-0.0146129
1.130364e-07,-0.0121687
1.130864e-07,-0.0100816
1.131364e-07,-0.0104386
1.131864e-07,-0.0125257
1.132364e-07,-0.010164
1.132864e-07,-0.00277657
1.133364e-07,0.0022765
1.133864e-07,0.00400663
1.134364e-07,0.00603885
1.134864e-07,0.00565438
1.135364e-07,0.00279829
1.135864e-07,0.00153502
1.136364e-07,-0.00450671
1.136864e-07,-0.0156564
1.137364e-07,-0.0114272
1.137864e-07,0.00875763
1.138364e-07,0.0180399
1.138864e-07,0.0158429
1.139364e-07,0.0168865
1.139864e-07,0.0174083
1.140364e-07,0.0156232
1.140864e-07,0.0200447
1.141364e-07,0.0269103
1.141864e-07,0.0249055
1.142364e-07,0.0233951
1.142864e-07,0.0221043
1.143364e-07,0.0124651
1.143864e-07,0.00785137
1.144364e-07,0.00524244
1.144864e-07,0.00164487
1.145364e-07,0.00834569
1.145864e-07,0.0107898
1.146364e-07,-0.00115629
1.146864e-07,-0.00777473
1.147364e-07,-0.00645653
1.147864e-07,-0.00950486
1.148364e-07,-0.00964217
1.148864e-07,-0.00846129
1.149364e-07,-0.0110153
1.149864e-07,-0.00447924
1.150364e-07,0.00323769
1.150864e-07,0.000161901
1.151364e-07,-0.000442272
1.151864e-07,-0.000250035
1.152364e-07,-0.00395746
1.152864e-07,0.00279829
1.153364e-07,0.0129044
1.153864e-07,0.0093618
1.154364e-07,-0.0026118
1.154864e-07,-0.00928516
1.155364e-07,-0.00832398
1.155864e-07,-0.00758249
1.156364e-07,-0.0067037
1.156864e-07,-0.00162315
1.157364e-07,0.00653317
1.157864e-07,0.0136734
1.158364e-07,0.0182596
1.158864e-07,0.0248231
1.159364e-07,0.0306177
1.159864e-07,0.0297938
1.160364e-07,0.0250154
1.160864e-07,0.0167492
1.161364e-07,0.00697257
1.161864e-07,0.00238635
1.162364e-07,0.000436525
1.162864e-07,-0.00143092
1.163364e-07,-0.00478133
1.163864e-07,-0.0131574
1.164364e-07,-0.0151346
1.164864e-07,-0.00579744
1.165364e-07,0.00332008
1.165864e-07,0.00793376
1.166364e-07,0.00661556
1.166864e-07,0.00491289
1.167364e-07,0.0117236
1.167864e-07,0.0191384
1.168364e-07,0.0212256
1.168864e-07,0.0239169
1.169364e-07,0.0251801
1.169864e-07,0.0190835
1.170364e-07,0.0141677
1.170864e-07,0.0171886
1.171364e-07,0.0212805
1.171864e-07,0.0208136
1.172364e-07,0.0146895
1.172864e-07,0.0112842
1.173364e-07,0.0139755
1.173864e-07,0.0129319
1.174364e-07,0.0119433
1.174864e-07,0.0147994
1.175364e-07,0.0089224
1.175864e-07,-0.000826745
1.176364e-07,-5.77984e-05
1.176864e-07,0.00606631
1.177364e-07,0.0160352
1.177864e-07,0.0289425
1.178364e-07,0.0293544
1.178864e-07,0.0243013
1.179364e-07,0.0259491
1.179864e-07,0.0217473
1.180364e-07,0.0160626
1.180864e-07,0.0165844
1.181364e-07,0.0171062
1.181864e-07,0.0217748
1.182364e-07,0.0284756
1.182864e-07,0.0319908
1.183364e-07,0.0345448
1.183864e-07,0.0317986
1.184364e-07,0.0221043
1.184864e-07,0.0213629
1.185364e-07,0.0376755
1.185864e-07,0.0492921
1.186364e-07,0.0481662
1.186864e-07,0.0527249
1.187364e-07,0.0594532
1.187864e-07,0.0517912
1.188364e-07,0.0338033
1.188864e-07,0.0206763
1.189364e-07,0.0151014
1.189864e-07,0.0070275
1.190364e-07,-0.00115629
1.190864e-07,-0.00198017
1.191364e-07,0.00373201
1.191864e-07,0.0131516
1.192364e-07,0.0199348
1.192864e-07,0.0213079
1.193364e-07,0.0166393
1.193864e-07,0.00974627
1.194364e-07,0.012877
1.194864e-07,0.020896
1.195364e-07,0.0198799
1.195864e-07,0.0196327
1.196364e-07,0.0240816
1.196864e-07,0.0221318
1.197364e-07,0.0146071
1.197864e-07,0.0014801
1.198364e-07,-0.00612699
1.198864e-07,0.00516006
1.199364e-07,0.00837315
1.199864e-07,-0.00664877
1.200364e-07,-0.00964217
1.200864e-07,-0.00291389
1.201364e-07,-0.00176047
1.201864e-07,-0.00121122
1.202364e-07,-0.00508342
1.202864e-07,-0.00739026
1.203364e-07,0.00167233
1.203864e-07,0.0113116
1.204364e-07,0.020182
1.204864e-07,0.028558
1.205364e-07,0.0249879
1.205864e-07,0.0172435
1.206364e-07,0.0176554
1.206864e-07,0.0175181
1.207364e-07,0.00949911
1.207864e-07,0.00282575
1.208364e-07,0.00631348
1.208864e-07,0.00933434
1.209364e-07,0.00949911
1.209864e-07,0.0192483
1.210364e-07,0.0244661
1.210864e-07,0.0139755
1.211364e-07,0.00667049
1.211864e-07,0.00749436
1.212364e-07,0.00801614
1.212864e-07,0.00601139
1.213364e-07,0.00175472
1.213864e-07,0.000656224
1.214364e-07,-0.00379268
1.214864e-07,-0.012718
1.215364e-07,-0.00739026
1.215864e-07,0.00974627
1.216364e-07,0.022324
1.216864e-07,0.0261139
1.217364e-07,0.0257843
1.217864e-07,0.0258392
1.218364e-07,0.0190011
1.218864e-07,0.00329261
1.219364e-07,-0.00901054
1.219864e-07,-0.0116195
1.220364e-07,-0.00417716
1.220864e-07,0.00617616
1.221364e-07,0.00205681
1.221864e-07,-0.0135968
1.222364e-07,-0.0204074
1.222864e-07,-0.0186773
1.223364e-07,-0.015574
1.223864e-07,-0.00906546
1.224364e-07,-0.00428701
1.224864e-07,-0.00346313
1.225364e-07,-0.00118376
1.225864e-07,-0.00192524
1.226364e-07,-0.00653892
1.226864e-07,-0.00571505
1.227364e-07,-0.00376522
1.227864e-07,-0.00708817
1.228364e-07,-0.0047264
1.228864e-07,0.00719227
1.229364e-07,0.0148817
1.229864e-07,0.0150465
1.230364e-07,0.0199897
1.230864e-07,0.0289974
1.231364e-07,0.0297114
1.231864e-07,0.0264159
1.232364e-07,0.023807
1.232864e-07,0.014662
1.233364e-07,0.00960896
1.233864e-07,0.0162823
1.234364e-07,0.0192208
1.234864e-07,0.0170513
1.235364e-07,0.020182
1.235864e-07,0.0208411
1.236364e-07,0.0136459
1.236864e-07,0.00774152
1.237364e-07,0.00238635
1.237864e-07,-0.00030496
1.238364e-07,0.00686272
1.238864e-07,0.01436
1.239364e-07,0.0167217
1.239864e-07,0.0192208
1.240364e-07,0.0197975
1.240864e-07,0.0174357
1.241364e-07,0.0137009
1.241864e-07,0.00991105
1.242364e-07,0.00851047
1.242864e-07,0.00266098
1.243364e-07,-0.00664877
1.243864e-07,-0.00681355
1.244364e-07,-0.00335328
1.244864e-07,-0.00750011
1.245364e-07,-0.0122786
1.245864e-07,-0.00758249
1.246364e-07,-0.00178793
1.246864e-07,-0.00936755
1.247364e-07,-0.0137615
1.247864e-07,0.000656224
1.248364e-07,0.00631348
1.248864e-07,-0.00338075
1.249364e-07,-0.0032709
1.249864e-07,0.00296306
1.250364e-07,0.00730212
1.250864e-07,0.0129044
1.251364e-07,0.0163647
1.251864e-07,0.0214727
1.252364e-07,0.0231205
1.252864e-07,0.0138107
1.253364e-07,0.00389679
1.253864e-07,-0.0053855
1.254364e-07,-0.0122511
1.254864e-07,-0.00818667
1.255364e-07,-0.00478133
1.255864e-07,-0.0092577
1.256364e-07,-0.00835144
1.256864e-07,-0.00324344
1.257364e-07,-0.00165062
1.257864e-07,0.00474812
1.258364e-07,0.0139755
1.258864e-07,0.0149641
1.259364e-07,0.0134537
1.259864e-07,0.0135361
1.260364e-07,0.00952657
1.260864e-07,0.00873017
1.261364e-07,0.0160077
1.261864e-07,0.0222142
1.262364e-07,0.0195229
1.262864e-07,0.0137283
1.263364e-07,0.0176554
1.263864e-07,0.0202644
1.264364e-07,0.0108173
1.264864e-07,0.0038144
1.265364e-07,0.00282575
1.265864e-07,-0.00088167
1.266364e-07,-0.00810428
1.266864e-07,-0.0167275
1.267364e-07,-0.016343
1.267864e-07,-0.00354552
1.268364e-07,0.00224904
1.268864e-07,0.00186457
1.269364e-07,0.011394
1.269864e-07,0.014662
1.270364e-07,-0.00203509
1.270864e-07,-0.0150523
1.271364e-07,-0.0120314
1.271864e-07,-0.00796697
1.272364e-07,-0.00686847
1.272864e-07,-0.00129361
1.273364e-07,0.00463827
1.273864e-07,0.00191949
1.274364e-07,0.000628761
1.274864e-07,0.00809853
1.275364e-07,0.00650571
1.275864e-07,-0.00944993
1.276364e-07,-0.017826
1.276864e-07,-0.0158761
1.277364e-07,-0.019968
1.277864e-07,-0.0227143
1.278364e-07,-0.0219179
1.278864e-07,-0.025845
1.279364e-07,-0.0222199
1.279864e-07,-0.0109054
1.280364e-07,-0.00596221
1.280864e-07,-0.00447924
1.281364e-07,0.000875923
1.281864e-07,0.00400663
1.282364e-07,0.00175472
1.282864e-07,0.00609378
1.283364e-07,0.0116961
1.283864e-07,0.0042538
1.284364e-07,-0.00497357
1.284864e-07,-0.00788458
1.285364e-07,-0.0110428
1.285864e-07,-0.0180457
1.286364e-07,-0.021451
1.286864e-07,-0.0184027
1.287364e-07,-0.019254
1.287864e-07,-0.0189245
1.288364e-07,-0.00944993
1.288864e-07,0.00307291
1.289364e-07,0.00752182
1.289864e-07,-0.00178793
1.290364e-07,-0.00791204
1.290864e-07,0.00095831
1.291364e-07,0.0101033
1.291864e-07,0.00864778
1.292364e-07,0.00373201
1.292864e-07,0.00609378
1.293364e-07,0.0131241
1.293864e-07,0.0137832
1.294364e-07,0.0112842
1.294864e-07,0.0148268
1.295364e-07,0.0138931
1.295864e-07,0.00169979
1.296364e-07,-0.000661971
1.296864e-07,0.0113116
1.297364e-07,0.0191659
1.297864e-07,0.0292171
1.298364e-07,0.0425913
1.298864e-07,0.0397901
1.299364e-07,0.0297114
1.299864e-07,0.0223515
1.300364e-07,0.0136734
1.300864e-07,0.0147444
1.301364e-07,0.0211157
1.301864e-07,0.0138656
1.302364e-07,0.00169979
1.302864e-07,0.000766073
1.303364e-07,0.00301799
1.303864e-07,-0.000607046
1.304364e-07,-0.00420462
1.304864e-07,-0.00263926
1.305364e-07,0.00362216
1.305864e-07,0.00606631
1.306364e-07,-0.00192524
1.306864e-07,-0.00821413
1.307364e-07,-0.00236464
1.307864e-07,0.0044735
1.308364e-07,0.00422633
1.308864e-07,0.00653317
1.309364e-07,0.0116686
1.309864e-07,0.0144973
1.310364e-07,0.0205115
1.310864e-07,0.0270476
1.311364e-07,0.0254548
1.311864e-07,0.0184244
1.312364e-07,0.0126024
1.312864e-07,0.011037
1.313364e-07,0.0127397
1.313864e-07,0.0107075
1.314364e-07,0.00219412
1.314864e-07,-0.00406731
1.315364e-07,-0.00189778
1.315864e-07,0.00109562
1.316364e-07,0.000766073
1.316864e-07,0.00483051
1.317364e-07,0.00779644
1.317864e-07,0.0024962
1.318364e-07,0.00139771
1.318864e-07,0.00988359
1.319364e-07,0.0141677
1.319864e-07,0.010323
1.320364e-07,0.00985612
1.320864e-07,0.0157331
1.321364e-07,0.019825
1.321864e-07,0.0206763
1.322364e-07,0.0218846
1.322864e-07,0.02345
1.323364e-07,0.0272673
1.323864e-07,0.0277616
1.324364e-07,0.0194954
1.324864e-07,0.0154585
1.325364e-07,0.0187814
1.325864e-07,0.0166393
1.326364e-07,0.0123277
1.326864e-07,0.0165569
1.327364e-07,0.0249055
1.327864e-07,0.022022
1.328364e-07,0.00334754
1.328864e-07,-0.0081592
1.329364e-07,0.00260605
1.329864e-07,0.011806
1.330364e-07,-0.00299627
1.330864e-07,-0.0196659
1.331364e-07,-0.015272
1.331864e-07,-0.00851621
1.332364e-07,-0.00999918
1.332864e-07,-0.00634669
1.333364e-07,-0.00088167
1.333864e-07,-0.00379268
1.334364e-07,-0.0124159
1.334864e-07,-0.017771
1.335364e-07,-0.0111251
1.335864e-07,0.0010407
1.336364e-07,0.00439111
1.336864e-07,-2.87366e-06
1.337364e-07,0.00164487
1.337864e-07,0.00686272
1.338364e-07,0.000463987
1.338864e-07,-0.00697832
1.339364e-07,-0.00162315
1.339864e-07,0.00444603
1.340364e-07,0.00499528
1.340864e-07,0.00719227
1.341364e-07,0.010323
1.341864e-07,0.0116686
1.342364e-07,0.010323
1.342864e-07,0.0091421
1.343364e-07,0.0137283
1.343864e-07,0.0184793
1.344364e-07,0.0166119
1.344864e-07,0.0123277
1.345364e-07,0.0104054
1.345864e-07,0.0112018
1.346364e-07,0.0156781
1.346864e-07,0.0195778
1.347364e-07,0.0225987
1.347864e-07,0.0266631
1.348364e-07,0.0155958
1.348864e-07,-0.00299627
1.349364e-07,-0.000250035
1.349864e-07,0.00993851
1.350364e-07,0.00650571
1.350864e-07,-0.00176047
1.351364e-07,-0.00920277
1.351864e-07,-0.013075
1.352364e-07,-0.00934009
1.352864e-07,-0.00640161
1.353364e-07,-0.00607206
1.353864e-07,2.45887e-05
1.354364e-07,0.00458335
1.354864e-07,0.000106976
1.355364e-07,-0.00159569
1.355864e-07,0.00120547
1.356364e-07,-0.00129361
1.356864e-07,-0.00321597
1.357364e-07,0.00408902
1.357864e-07,0.0126847
1.358364e-07,0.0139755
1.358864e-07,0.0137283
1.359364e-07,0.0145522
1.359864e-07,0.00941673
1.360364e-07,0.00120547
1.360864e-07,0.0035947
1.361364e-07,0.0138107
1.361864e-07,0.01977
1.362364e-07,0.0225437
1.362864e-07,0.0187539
1.363364e-07,0.00741197
1.363864e-07,0.00584661
1.364364e-07,0.0148817
1.364864e-07,0.0136734
1.365364e-07,0.00675287
1.365864e-07,0.0102131
1.366364e-07,0.0162274
1.366864e-07,0.0182871
1.367364e-07,0.0145797
1.367864e-07,0.00167233
1.368364e-07,-0.00898307
1.368864e-07,-0.00966963
1.369364e-07,-0.00563266
1.369864e-07,-0.0021724
1.370364e-07,-0.00585236
1.370864e-07,-0.0118117
1.371364e-07,-0.00854368
1.371864e-07,-0.00409477
1.372364e-07,-0.00280404
1.372864e-07,0.00180964
1.373364e-07,0.00474812
1.373864e-07,0.0093618
1.374364e-07,0.0262786
1.374864e-07,0.0433053
1.375364e-07,0.0434152
1.375864e-07,0.0354785
1.376364e-07,0.0317162
1.376864e-07,0.0271574
1.377364e-07,0.0185617
1.377864e-07,0.0061487
1.378364e-07,-0.00870845
1.378864e-07,-0.0116195
1.379364e-07,0.00282575
1.379864e-07,0.0154859
1.380364e-07,0.0191659
1.380864e-07,0.0182047
1.381364e-07,0.0127397
1.381864e-07,0.0101857
1.382364e-07,0.0108173
1.382864e-07,0.00573677
1.383364e-07,-0.00475387
1.383864e-07,-0.0088183
1.384364e-07,-0.00725294
1.384864e-07,-0.0103287
1.385364e-07,-0.00848875
1.385864e-07,-0.00637415
1.386364e-07,-0.0141735
1.386864e-07,-0.0112625
1.387364e-07,-0.000552121
1.387864e-07,-0.00236464
1.388364e-07,-0.00714309
1.388864e-07,-0.00807682
1.389364e-07,-0.0116744
1.389864e-07,-0.0120863
1.390364e-07,-0.00843383
1.390864e-07,-0.00711563
1.391364e-07,-0.000964057
1.391864e-07,0.00164487
1.392364e-07,-0.00544043
1.392864e-07,-0.00593475
1.393364e-07,-0.00846129
1.393864e-07,-0.0148051
1.394364e-07,-0.00593475
1.394864e-07,0.00450096
1.395364e-07,0.00494036
1.395864e-07,0.00340246
1.396364e-07,-0.00134853
1.396864e-07,-5.77984e-05
1.397364e-07,0.00634094
1.397864e-07,0.00353977
1.398364e-07,0.00499528
1.398864e-07,0.0155958
1.399364e-07,0.0203193
1.399864e-07,0.0200996
1.400364e-07,0.0176005
1.400864e-07,0.0175731
1.401364e-07,0.0251252
1.401864e-07,0.0244112
1.402364e-07,0.00812599
1.402864e-07,-0.00299627
1.403364e-07,0.00109562
1.403864e-07,0.00598393
1.404364e-07,0.00579169
1.404864e-07,0.0116137
1.405364e-07,0.0216375
1.405864e-07,0.0211432
1.406364e-07,0.0171337
1.406864e-07,0.0178202
1.407364e-07,0.0131791
1.407864e-07,0.0118609
1.408364e-07,0.0181223
1.408864e-07,0.0124651
1.409364e-07,0.00326515
1.409864e-07,0.00345739
1.410364e-07,-0.000359885
1.410864e-07,-0.00478133
1.411364e-07,-0.0051658
1.411864e-07,-0.00961471
1.412364e-07,-0.0148326
1.412864e-07,-0.0163705
1.413364e-07,-0.011592
1.413864e-07,0.00115055
1.414364e-07,0.0163922
1.414864e-07,0.0253724
1.415364e-07,0.0304255
1.415864e-07,0.0339406
1.416364e-07,0.0281735
1.416864e-07,0.0204291
1.417364e-07,0.0209784
1.417864e-07,0.0246034
1.418364e-07,0.0259765
1.418864e-07,0.0237521
1.419364e-07,0.0183145
1.419864e-07,0.0153761
1.420364e-07,0.0197151
1.420864e-07,0.0246034
1.421364e-07,0.0224339
1.421864e-07,0.0184244
1.422364e-07,0.0199897
1.422864e-07,0.0208685
1.423364e-07,0.0138931
1.423864e-07,0.00623109
1.424364e-07,0.00422633
1.424864e-07,0.0054896
1.425364e-07,0.00299053
1.425864e-07,-0.00587982
1.426364e-07,-0.0094774
1.426864e-07,-0.00684101
1.427364e-07,-0.00898307
1.427864e-07,-0.0101365
1.428364e-07,-0.0081592
1.428864e-07,-0.00782965
1.429364e-07,-0.00598967
1.429864e-07,-0.00574251
1.430364e-07,-0.00934009
1.430864e-07,-0.0114822
1.431364e-07,-0.0110702
1.431864e-07,-0.00557774
1.432364e-07,0.00631348
1.432864e-07,0.0115039
1.433364e-07,0.00771406
1.433864e-07,0.00411648
1.434364e-07,-0.00112883
1.434864e-07,-0.00187032
1.435364e-07,0.00469319
1.435864e-07,0.00840062
1.436364e-07,0.0104328
1.436864e-07,0.0115039
1.437364e-07,0.0129319
1.437864e-07,0.0222966
1.438364e-07,0.0315789
1.438864e-07,0.0312219
1.439364e-07,0.0263061
1.439864e-07,0.0256745
1.440364e-07,0.0288052
1.440864e-07,0.0282285
1.441364e-07,0.026718
1.441864e-07,0.0286404
1.442364e-07,0.0249879
1.442864e-07,0.0147444
1.443364e-07,0.0127671
1.443864e-07,0.0146346
1.444364e-07,0.0093618
1.444864e-07,0.00862032
1.445364e-07,0.0118334
1.445864e-07,0.00689019
1.446364e-07,0.00205681
1.446864e-07,0.00678034
1.447364e-07,0.0111194
1.447864e-07,0.00691765
1.448364e-07,0.00455588
1.448864e-07,0.00831823
1.449364e-07,0.0074669
1.449864e-07,0.00153502
1.450364e-07,0.0024962
1.450864e-07,0.0134262
1.451364e-07,0.0239993
1.451864e-07,0.0254273
1.452364e-07,0.0178202
1.452864e-07,0.0109546
1.453364e-07,0.0142226
1.453864e-07,0.0199897
1.454364e-07,0.0163647
1.454864e-07,0.00551707
1.455364e-07,-0.00140346
1.455864e-07,-0.00566013
1.456364e-07,-0.0167
1.456864e-07,-0.0263393
1.457364e-07,-0.0249936
1.457864e-07,-0.0139812
1.458364e-07,0.000216825
1.458864e-07,0.00222158
1.459364e-07,-0.0108231
1.459864e-07,-0.0224946
1.460364e-07,-0.0233184
1.460864e-07,-0.0181555
1.461364e-07,-0.0141185
1.461864e-07,-0.0115371
1.462364e-07,-0.00461655
1.462864e-07,0.00521498
1.463364e-07,0.0134812
1.463864e-07,0.0233127
1.464364e-07,0.0286404
1.464864e-07,0.0200447
1.465364e-07,0.00603885
1.465864e-07,-0.00571505
1.466364e-07,-0.0142559
1.466864e-07,-0.0148326
1.467364e-07,-0.013075
1.467864e-07,-0.0148051
1.468364e-07,-0.0113723
1.468864e-07,-0.00272165
1.469364e-07,-0.000332422
1.469864e-07,0.000656224
1.470364e-07,0.00905971
1.470864e-07,0.0161725
1.471364e-07,0.0178477
1.471864e-07,0.020539
1.472364e-07,0.020896
1.472864e-07,0.0167492
1.473364e-07,0.0141952
1.473864e-07,0.0118609
1.474364e-07,0.00881255
1.474864e-07,0.00628601
1.475364e-07,0.00513259
1.475864e-07,0.00845554
1.476364e-07,0.013234
1.476864e-07,0.0127397
1.477364e-07,0.0117236
1.477864e-07,0.0179301
1.478364e-07,0.0226811
1.478864e-07,0.0191109
1.479364e-07,0.011806
1.479864e-07,0.00483051
1.480364e-07,0.00340246
1.480864e-07,0.00518752
1.481364e-07,0.00576423
1.481864e-07,0.00840062
1.482364e-07,0.00878509
1.482864e-07,0.00224904
1.483364e-07,0.0012604
1.483864e-07,0.00938926
1.484364e-07,0.01252
1.484864e-07,0.0104054
1.485364e-07,0.0103779
1.485864e-07,0.0169963
1.486364e-07,0.029327
1.486864e-07,0.0302058
1.487364e-07,0.0229557
1.487864e-07,0.0224339
1.488364e-07,0.0154859
1.488864e-07,0.00323769
1.489364e-07,-0.00277657
1.489864e-07,-0.0138439
1.490364e-07,-0.0263393
1.490864e-07,-0.0301291
1.491364e-07,-0.030596
1.491864e-07,-0.0264766
1.492364e-07,-0.0189245
1.492864e-07,-0.0141185
1.493364e-07,-0.0092577
1.493864e-07,-0.00263926
1.494364e-07,-0.00019511
1.494864e-07,-0.00711563
1.495364e-07,-0.0105759
1.495864e-07,0.00142517
1.496364e-07,0.0108997
1.496864e-07,0.0108448
1.497364e-07,0.013234
1.497864e-07,0.0130143
1.498364e-07,0.011037
1.498864e-07,0.0175456
1.499364e-07,0.0277616
1.499864e-07,0.0316613
1.500364e-07,0.0269377
1.500864e-07,0.0170787
1.501364e-07,0.00985612
1.501864e-07,0.0162549
1.502364e-07,0.0297389
1.502864e-07,0.0320732
1.503364e-07,0.0274046
1.503864e-07,0.0272398
1.504364e-07,0.0268828
1.504864e-07,0.0219121
1.505364e-07,0.0185342
1.505864e-07,0.0187265
1.506364e-07,0.0227085
1.506864e-07,0.02713
1.507364e-07,0.0275968
1.507864e-07,0.0294368
1.508364e-07,0.0261688
1.508864e-07,0.0191109
1.509364e-07,0.0217199
1.509864e-07,0.0202369
1.510364e-07,0.00944419
1.510864e-07,0.00518752
1.511364e-07,0.00502274
1.511864e-07,0.0061487
1.512364e-07,0.00930688
1.512864e-07,0.00513259
1.513364e-07,-0.00112883
1.513864e-07,-0.0019527
1.514364e-07,-0.00576998
1.514864e-07,-0.00807682
1.515364e-07,0.00169979
1.515864e-07,0.00938926
1.516364e-07,0.00710988
1.516864e-07,0.00837315
1.517364e-07,0.00919703
1.517864e-07,0.000244288
1.518364e-07,-0.0130475
1.518864e-07,-0.0220002
1.519364e-07,-0.0201053
1.519864e-07,-0.0141185
1.520364e-07,-0.0144756
1.520864e-07,-0.0140087
1.521364e-07,-0.00294135
1.521864e-07,0.0111194
1.522364e-07,0.0209235
1.522864e-07,0.0243563
1.523364e-07,0.0214727
1.523864e-07,0.0195778
1.524364e-07,0.0160077
1.524864e-07,0.00969135
1.525364e-07,0.0116137
1.525864e-07,0.0212805
1.526364e-07,0.0239169
1.526864e-07,0.0140853
1.527364e-07,0.0109272
1.527864e-07,0.0192757
1.528364e-07,0.017985
1.528864e-07,0.0104054
1.529364e-07,0.00908718
1.529864e-07,0.00905971
1.530364e-07,0.00505021
1.530864e-07,-0.00137599
1.531364e-07,-0.00101898
1.531864e-07,0.00510513
1.532364e-07,0.00721973
1.532864e-07,0.00697257
1.533364e-07,0.00326515
1.533864e-07,-0.00425954
1.534364e-07,-0.00332582
1.534864e-07,0.000491449
1.535364e-07,0.00153502
1.535864e-07,0.00812599
1.536364e-07,0.00612124
1.536864e-07,-0.00722548
1.537364e-07,-0.00923024
1.537864e-07,0.00348485
1.538364e-07,0.017628
1.538864e-07,0.0239993
1.539364e-07,0.0213903
1.539864e-07,0.0116412
1.540364e-07,0.00213919
1.540864e-07,0.00551707
1.541364e-07,0.0150465
1.541864e-07,0.0119433
1.542364e-07,0.00332008
1.542864e-07,0.0063684
1.543364e-07,0.0132889
1.543864e-07,0.0126298
1.544364e-07,0.00782391
1.544864e-07,0.00408902
1.545364e-07,0.000766073
1.545864e-07,-0.00777473
1.546364e-07,-0.0136517
1.546864e-07,-0.00576998
1.547364e-07,0.00180964
1.547864e-07,0.000903385
1.548364e-07,-0.000140186
1.548864e-07,-0.00332582
1.549364e-07,-0.00464402
1.549864e-07,-0.00395746
1.550364e-07,-0.0113723
1.550864e-07,-0.0132672
1.551364e-07,-0.00659385
1.551864e-07,-0.0101914
1.552364e-07,-0.0119215
1.552864e-07,-0.00302374
1.553364e-07,-0.00335328
1.553864e-07,-0.00530311
1.554364e-07,0.00414395
1.554864e-07,0.00785137
1.555364e-07,0.00329261
1.555864e-07,0.000683686
1.556364e-07,-0.00428701
1.556864e-07,-0.00609952
1.557364e-07,-3.03361e-05
1.557864e-07,0.00397917
1.558364e-07,0.0115588
1.558864e-07,0.0239443
1.559364e-07,0.0221043
1.559864e-07,0.00933434
1.560364e-07,0.005929
1.560864e-07,0.0120806
1.561364e-07,0.0206763
1.561864e-07,0.0277616
1.562364e-07,0.0294093
1.562864e-07,0.0305353
1.563364e-07,0.0277616
1.563864e-07,0.0147444
1.564364e-07,0.00524244
1.564864e-07,0.00631348
1.565364e-07,0.00721973
1.565864e-07,0.00774152
1.566364e-07,0.0120531
1.566864e-07,0.016145
1.567364e-07,0.0182596
1.567864e-07,0.0164746
1.568364e-07,0.0162823
1.568864e-07,0.0243563
1.569364e-07,0.0240816
1.569864e-07,0.0132889
1.570364e-07,0.0117785
1.570864e-07,0.0119158
1.571364e-07,0.00540722
1.571864e-07,0.00200188
1.572364e-07,-0.00088167
1.572864e-07,-0.00329836
1.573364e-07,0.00224904
1.573864e-07,0.0070275
1.574364e-07,0.00386932
1.574864e-07,0.00321023
1.575364e-07,0.00499528
1.575864e-07,-0.0019527
1.576364e-07,-0.0134869
1.576864e-07,-0.0206271
1.577364e-07,-0.0231811
1.577864e-07,-0.018183
1.578364e-07,-0.00530311
1.578864e-07,0.0038144
1.579364e-07,0.00697257
1.579864e-07,0.0106525
1.580364e-07,0.00862032
1.580864e-07,0.00241382
1.581364e-07,0.00598393
1.581864e-07,0.0159802
1.582364e-07,0.0164746
1.582864e-07,0.00406156
1.583364e-07,-0.00423208
1.583864e-07,-0.0015133
1.584364e-07,-0.00398492
1.584864e-07,-0.0116195
1.585364e-07,-0.011949
1.585864e-07,-0.00456163
1.586364e-07,0.00768659
1.586864e-07,0.0191659
1.587364e-07,0.0234775
1.587864e-07,0.0223515
1.588364e-07,0.0185892
1.588864e-07,0.0139755
1.589364e-07,0.0111743
1.589864e-07,0.00760421
1.590364e-07,0.00282575
1.590864e-07,-0.00483625
1.591364e-07,-0.0169746
1.591864e-07,-0.0224946
1.592364e-07,-0.0191991
1.592864e-07,-0.0149699
1.593364e-07,-0.010878
1.593864e-07,-0.00607206
1.594364e-07,-0.00129361
1.594864e-07,0.000134438
1.595364e-07,0.00137025
1.595864e-07,0.0125474
1.596364e-07,0.0288052
