LECROYWR640Zi,59892,Waveform
Segments,1,SegmentSize,4002
Segment,TrigTime,TimeSinceSegment1
#1,01-Nov-2023 13:34:15,0                 
Time,Ampl
-4.043068e-08,-0.00318851
-4.038068e-08,0.00463827
-4.033068e-08,0.00798868
-4.028068e-08,0.00439111
-4.023068e-08,5.20511e-05
-4.018068e-08,-0.00423208
-4.013068e-08,-0.00497357
-4.008068e-08,-0.00999918
-4.003068e-08,-0.0212038
-3.998068e-08,-0.0257626
-3.993068e-08,-0.0263668
-3.988068e-08,-0.0325733
-3.983068e-08,-0.0361159
-3.978068e-08,-0.0331225
-3.973068e-08,-0.0321888
-3.968068e-08,-0.0307607
-3.963068e-08,-0.0274378
-3.958068e-08,-0.0203525
-3.953068e-08,-0.00656638
-3.948068e-08,0.00246874
-3.943068e-08,0.00348485
-3.938068e-08,0.000820998
-3.933068e-08,0.000738611
-3.928068e-08,0.00661556
-3.923068e-08,0.00496782
-3.918068e-08,-0.0028315
-3.913068e-08,-0.00134853
-3.908068e-08,0.00559945
-3.903068e-08,0.00944419
-3.898068e-08,0.00732958
-3.893068e-08,-0.00313359
-3.888068e-08,-0.0160134
-3.883068e-08,-0.0237029
-3.878068e-08,-0.0274378
-3.873068e-08,-0.0281518
-3.868068e-08,-0.0202701
-3.863068e-08,-0.00760996
-3.858068e-08,-0.000854208
-3.853068e-08,0.000134438
-3.848068e-08,-0.00159569
-3.843068e-08,-0.00656638
-3.838068e-08,-0.0162057
-3.833068e-08,-0.0258175
-3.828068e-08,-0.0275476
-3.823068e-08,-0.0284539
-3.818068e-08,-0.0309255
-3.813068e-08,-0.0184301
-3.808068e-08,0.00137025
-3.803068e-08,0.00785137
-3.798068e-08,0.00842808
-3.793068e-08,0.0124651
-3.788068e-08,0.0151014
-3.783068e-08,0.0104054
-3.778068e-08,0.00406156
-3.773068e-08,0.00142517
-3.768068e-08,-0.00206255
-3.763068e-08,0.00307291
-3.758068e-08,0.0160077
-3.753068e-08,0.0178202
-3.748068e-08,0.013234
-3.743068e-08,0.0132889
-3.738068e-08,0.0123003
-3.733068e-08,0.00873017
-3.728068e-08,0.00768659
-3.723068e-08,0.00521498
-3.718068e-08,-0.00393
-3.713068e-08,-0.0114822
-3.708068e-08,-0.0142284
-3.703068e-08,-0.0168922
-3.698068e-08,-0.0148875
-3.693068e-08,-0.0117293
-3.688068e-08,-0.0148051
-3.683068e-08,-0.0124983
-3.678068e-08,0.00216665
-3.673068e-08,0.0110645
-3.668068e-08,0.00213919
-3.663068e-08,-0.0103837
-3.658068e-08,-0.0126905
-3.653068e-08,-0.0062643
-3.648068e-08,-0.000497197
-3.643068e-08,-0.00110137
-3.638068e-08,-0.00500103
-3.633068e-08,-0.00645653
-3.628068e-08,-0.00393
-3.623068e-08,-0.0060446
-3.618068e-08,-0.0161782
-3.613068e-08,-0.0248289
-3.608068e-08,-0.0283441
-3.603068e-08,-0.0285638
-3.598068e-08,-0.0300193
-3.593068e-08,-0.0322437
-3.588068e-08,-0.0249662
-3.583068e-08,-0.0193089
-3.578068e-08,-0.023291
-3.573068e-08,-0.0200504
-3.568068e-08,-0.0142284
-3.563068e-08,-0.0154093
-3.558068e-08,-0.0160958
-3.553068e-08,-0.018897
-3.548068e-08,-0.0285363
-3.543068e-08,-0.0362258
-3.538068e-08,-0.0345506
-3.533068e-08,-0.0273829
-3.528068e-08,-0.0224396
-3.523068e-08,-0.0273554
-3.518068e-08,-0.0350998
-3.513068e-08,-0.0273279
-3.508068e-08,-0.0145579
-3.503068e-08,-0.0174964
-3.498068e-08,-0.0222474
-3.493068e-08,-0.0171119
-3.488068e-08,-0.0172493
-3.483068e-08,-0.0284814
-3.478068e-08,-0.0382031
-3.473068e-08,-0.032738
-3.468068e-08,-0.0195836
-3.463068e-08,-0.0142009
-3.458068e-08,-0.0130475
-3.453068e-08,-0.00766488
-3.448068e-08,0.00373201
-3.443068e-08,0.0095815
-3.438068e-08,0.00200188
-3.433068e-08,-0.00167808
-3.428068e-08,0.00329261
-3.423068e-08,0.00332008
-3.418068e-08,0.00483051
-3.413068e-08,0.0132615
-3.408068e-08,0.0173259
-3.403068e-08,0.0181223
-3.398068e-08,0.0160626
-3.393068e-08,0.00719227
-3.388068e-08,0.00117801
-3.383068e-08,-0.00296881
-3.378068e-08,-0.00722548
-3.373068e-08,-0.00500103
-3.368068e-08,-0.00615445
-3.363068e-08,-0.0136791
-3.358068e-08,-0.0157663
-3.353068e-08,-0.0106034
-3.348068e-08,-0.00769234
-3.343068e-08,-0.0146129
-3.338068e-08,-0.0239226
-3.333068e-08,-0.0238128
-3.328068e-08,-0.0172218
-3.323068e-08,-0.0134869
-3.318068e-08,-0.0118117
-3.313068e-08,-0.00807682
-3.308068e-08,-0.00398492
-3.303068e-08,-0.00126614
-3.298068e-08,-0.00189778
-3.293068e-08,-0.00821413
-3.288068e-08,-0.0165902
-3.283068e-08,-0.0227417
-3.278068e-08,-0.0260647
-3.273068e-08,-0.024362
-3.268068e-08,-0.0216432
-3.263068e-08,-0.0271906
-3.258068e-08,-0.0413063
-3.253068e-08,-0.0453433
-3.248068e-08,-0.0244719
-3.243068e-08,-0.00379268
-3.238068e-08,-0.00862606
-3.233068e-08,-0.0209841
-3.228068e-08,-0.0251859
-3.223068e-08,-0.0274927
-3.218068e-08,-0.0256802
-3.213068e-08,-0.0213686
-3.208068e-08,-0.0215059
-3.203068e-08,-0.0208743
-3.198068e-08,-0.0190343
-3.193068e-08,-0.0175513
-3.188068e-08,-0.0146953
-3.183068e-08,-0.0161782
-3.178068e-08,-0.0245542
-3.173068e-08,-0.0326282
-3.168068e-08,-0.031667
-3.163068e-08,-0.0238128
-3.158068e-08,-0.0212313
-3.153068e-08,-0.0206271
-3.148068e-08,-0.0122236
-3.143068e-08,-0.00574251
-3.138068e-08,-0.00675862
-3.133068e-08,-0.00368283
-3.128068e-08,0.00735705
-3.123068e-08,0.017271
-3.118068e-08,0.0196877
-3.113068e-08,0.0171611
-3.108068e-08,0.0152662
-3.103068e-08,0.0184793
-3.098068e-08,0.0190835
-3.093068e-08,0.00697257
-3.088068e-08,-0.0117568
-3.083068e-08,-0.0277399
-3.078068e-08,-0.0332873
-3.073068e-08,-0.028399
-3.068068e-08,-0.0174964
-3.063068e-08,-0.00143092
-3.058068e-08,0.00884002
-3.053068e-08,0.00947165
-3.048068e-08,0.00908718
-3.043068e-08,0.00518752
-3.038068e-08,-0.00255688
-3.033068e-08,-0.00689593
-3.028068e-08,-0.0105759
-3.023068e-08,-0.01302
-3.018068e-08,-0.00821413
-3.013068e-08,-0.0037103
-3.008068e-08,-0.00574251
-3.003068e-08,-0.00870845
-2.998068e-08,-0.0109604
-2.993068e-08,-0.010466
-2.988068e-08,-0.00766488
-2.983068e-08,-0.0121138
-2.978068e-08,-0.0183203
-2.973068e-08,-0.0188146
-2.968068e-08,-0.0220277
-2.963068e-08,-0.0255704
-2.958068e-08,-0.0238128
-2.953068e-08,-0.0201053
-2.948068e-08,-0.0169746
-2.943068e-08,-0.0139263
-2.938068e-08,-0.00645653
-2.933068e-08,-0.00192524
-2.928068e-08,-0.00848875
-2.923068e-08,-0.00876338
-2.918068e-08,0.00260605
-2.913068e-08,0.00694511
-2.908068e-08,0.00469319
-2.903068e-08,0.00158994
-2.898068e-08,-0.00544043
-2.893068e-08,-0.00725294
-2.888068e-08,-0.00642907
-2.883068e-08,-0.0160958
-2.878068e-08,-0.0238402
-2.873068e-08,-0.0195561
-2.868068e-08,-0.0199131
-2.863068e-08,-0.0309804
-2.858068e-08,-0.032381
-2.853068e-08,-0.0210391
-2.848068e-08,-0.0115371
-2.843068e-08,-0.00228225
-2.838068e-08,0.00559945
-2.833068e-08,0.00911464
-2.828068e-08,0.0114489
-2.823068e-08,0.00859285
-2.818068e-08,0.00156248
-2.813068e-08,-0.00250195
-2.808068e-08,-0.00642907
-2.803068e-08,-0.0144756
-2.798068e-08,-0.0167549
-2.793068e-08,-0.0127454
-2.788068e-08,-0.0163155
-2.783068e-08,-0.0242247
-2.778068e-08,-0.0249662
-2.773068e-08,-0.0225495
-2.768068e-08,-0.0229889
-2.763068e-08,-0.0246641
-2.758068e-08,-0.0216982
-2.753068e-08,-0.00758249
-2.748068e-08,0.00551707
-2.743068e-08,0.00494036
-2.738068e-08,0.00211173
-2.733068e-08,0.00444603
-2.728068e-08,0.00612124
-2.723068e-08,0.00807107
-2.718068e-08,0.0109272
-2.713068e-08,0.00820838
-2.708068e-08,0.000161901
-2.703068e-08,-0.00598967
-2.698068e-08,-0.00609952
-2.693068e-08,-0.00590729
-2.688068e-08,-0.012718
-2.683068e-08,-0.0156839
-2.678068e-08,-0.00535804
-2.673068e-08,0.00535229
-2.668068e-08,0.0100484
-2.663068e-08,0.0129594
-2.658068e-08,0.0109546
-2.653068e-08,0.00955404
-2.648068e-08,0.016859
-2.643068e-08,0.0192208
-2.638068e-08,0.0074669
-2.633068e-08,-0.000414809
-2.628068e-08,0.00230397
-2.623068e-08,-2.87366e-06
-2.618068e-08,-0.00684101
-2.613068e-08,-0.00711563
-2.608068e-08,-0.00456163
-2.603068e-08,-0.00555028
-2.598068e-08,-0.0062643
-2.593068e-08,-0.00101898
-2.588068e-08,0.00477558
-2.583068e-08,0.00266098
-2.578068e-08,-0.00143092
-2.573068e-08,-0.006484
-2.568068e-08,-0.0161233
-2.563068e-08,-0.0166451
-2.558068e-08,-0.00744518
-2.553068e-08,-0.00294135
-2.548068e-08,-0.00140346
-2.543068e-08,0.00222158
-2.538068e-08,0.00559945
-2.533068e-08,0.00694511
-2.528068e-08,0.0114215
-2.523068e-08,0.0200172
-2.518068e-08,0.0249604
-2.513068e-08,0.0259491
-2.508068e-08,0.0228733
-2.503068e-08,0.0149092
-2.498068e-08,0.00686272
-2.493068e-08,0.00518752
-2.488068e-08,0.0157331
-2.483068e-08,0.0236697
-2.478068e-08,0.0204291
-2.473068e-08,0.0190286
-2.468068e-08,0.0108448
-2.463068e-08,-0.00299627
-2.458068e-08,-0.000387347
-2.453068e-08,0.00279829
-2.448068e-08,-0.00966963
-2.443068e-08,-0.0162606
-2.438068e-08,-0.0135418
-2.433068e-08,-0.0132672
-2.428068e-08,-0.00769234
-2.423068e-08,0.00375947
-2.418068e-08,0.00612124
-2.413068e-08,-0.00121122
-2.408068e-08,-0.00450671
-2.403068e-08,-0.00373776
-2.398068e-08,-0.00398492
-2.393068e-08,-0.00390253
-2.388068e-08,-0.0034906
-2.383068e-08,0.00178218
-2.378068e-08,0.00787883
-2.373068e-08,0.00916956
-2.368068e-08,0.0135635
-2.363068e-08,0.0167766
-2.358068e-08,0.00927941
-2.353068e-08,-0.00406731
-2.348068e-08,-0.0201877
-2.343068e-08,-0.0333147
-2.338068e-08,-0.0275202
-2.333068e-08,-0.012718
-2.328068e-08,-0.0112075
-2.323068e-08,-0.00620937
-2.318068e-08,0.00886748
-2.313068e-08,0.00919703
-2.308068e-08,0.00101323
-2.303068e-08,-0.00500103
-2.298068e-08,-0.0135144
-2.293068e-08,-0.0151621
-2.288068e-08,-0.0110977
-2.283068e-08,-0.00928516
-2.278068e-08,-0.00272165
-2.273068e-08,0.00944419
-2.268068e-08,0.0188912
-2.263068e-08,0.0239993
-2.258068e-08,0.0236697
-2.253068e-08,0.0168041
-2.248068e-08,0.00916956
-2.243068e-08,0.00348485
-2.238068e-08,-0.00115629
-2.233068e-08,-0.00365537
-2.228068e-08,-0.00961471
-2.223068e-08,-0.0176063
-2.218068e-08,-0.0143382
-2.213068e-08,-0.00640161
-2.208068e-08,-0.00203509
-2.203068e-08,0.00837315
-2.198068e-08,0.0135635
-2.193068e-08,0.00370455
-2.188068e-08,0.00296306
-2.183068e-08,0.0100209
-2.178068e-08,0.00268844
-2.173068e-08,-0.00250195
-2.168068e-08,0.00562692
-2.163068e-08,0.00672541
-2.158068e-08,-0.00307866
-2.153068e-08,-0.010164
-2.148068e-08,-0.0128553
-2.143068e-08,-0.0166725
-2.138068e-08,-0.0165352
-2.133068e-08,-0.00939501
-2.128068e-08,-0.00983441
-2.123068e-08,-0.0177436
-2.118068e-08,-0.0169472
-2.113068e-08,-0.0138714
-2.108068e-08,-0.0134594
-2.103068e-08,-0.00741772
-2.098068e-08,-0.0021724
-2.093068e-08,-0.00447924
-2.088068e-08,-0.00909292
-2.083068e-08,-0.0101365
-2.078068e-08,-0.00928516
-2.073068e-08,-0.00739026
-2.068068e-08,0.000820998
-2.063068e-08,0.00513259
-2.058068e-08,0.000161901
-2.053068e-08,-0.00241956
-2.048068e-08,-0.00997172
-2.043068e-08,-0.0225495
-2.038068e-08,-0.0256253
-2.033068e-08,-0.0253781
-2.028068e-08,-0.0208194
-2.023068e-08,-0.00294135
-2.018068e-08,0.0127397
-2.013068e-08,0.0130967
-2.008068e-08,0.0102406
-2.003068e-08,0.00864778
-1.998068e-08,-0.0023921
-1.993068e-08,-0.013075
-1.988068e-08,-0.0164254
-1.983068e-08,-0.0212588
-1.978068e-08,-0.0155191
-1.973068e-08,-0.000250035
-1.968068e-08,0.00485797
-1.963068e-08,-0.00030496
-1.958068e-08,-0.00557774
-1.953068e-08,-0.0049461
-1.948068e-08,-0.00533058
-1.943068e-08,-0.00722548
-1.938068e-08,-0.00412223
-1.933068e-08,-0.000936595
-1.928068e-08,0.000161901
-1.923068e-08,0.00175472
-1.918068e-08,0.00244128
-1.913068e-08,-0.00387507
-1.908068e-08,-0.0179633
-1.903068e-08,-0.0261196
-1.898068e-08,-0.0212038
-1.893068e-08,-0.0145579
-1.888068e-08,-0.0119215
-1.883068e-08,-0.00917531
-1.878068e-08,-0.00857114
-1.873068e-08,-0.0117842
-1.868068e-08,-0.0163155
-1.863068e-08,-0.0198856
-1.858068e-08,-0.0167549
-1.853068e-08,-0.00788458
-1.848068e-08,-0.00321597
-1.843068e-08,-0.0092577
-1.838068e-08,-0.0198307
-1.833068e-08,-0.0211214
-1.828068e-08,-0.0167275
-1.823068e-08,-0.0155466
-1.818068e-08,-0.0154367
-1.813068e-08,-0.0129102
-1.808068e-08,-0.00706071
-1.803068e-08,-0.00497357
-1.798068e-08,-0.00475387
-1.793068e-08,-0.00222733
-1.788068e-08,-0.00769234
-1.783068e-08,-0.0177161
-1.778068e-08,-0.0172218
-1.773068e-08,-0.0067037
-1.768068e-08,-0.00296881
-1.763068e-08,-0.0140911
-1.758068e-08,-0.023291
-1.753068e-08,-0.0214235
-1.748068e-08,-0.0163155
-1.743068e-08,-0.00986187
-1.738068e-08,-0.00390253
-1.733068e-08,-0.00272165
-1.728068e-08,-0.00291389
-1.723068e-08,-0.00123868
-1.718068e-08,-0.0026118
-1.713068e-08,-0.00524819
-1.708068e-08,-0.00467148
-1.703068e-08,-0.0060446
-1.698068e-08,-0.00923024
-1.693068e-08,-0.0111251
-1.688068e-08,-0.0099168
-1.683068e-08,-0.0077198
-1.678068e-08,-0.0122786
-1.673068e-08,-0.0177161
-1.668068e-08,-0.020325
-1.663068e-08,-0.0257626
-1.658068e-08,-0.0244719
-1.653068e-08,-0.0116469
-1.648068e-08,0.00282575
-1.643068e-08,0.011394
-1.638068e-08,0.0124376
-1.633068e-08,0.00812599
-1.628068e-08,-0.00129361
-1.623068e-08,-0.0116195
-1.618068e-08,-0.0143382
-1.613068e-08,-0.0107681
-1.608068e-08,-0.00977948
-1.603068e-08,-0.01486
-1.598068e-08,-0.018128
-1.593068e-08,-0.0102189
-1.588068e-08,-0.000552121
-1.583068e-08,-0.00181539
-1.578068e-08,-0.0067037
-1.573068e-08,-0.0092577
-1.568068e-08,-0.0104386
-1.563068e-08,-0.0092577
-1.558068e-08,-0.0117019
-1.553068e-08,-0.0146129
-1.548068e-08,-0.00483625
-1.543068e-08,0.00480304
-1.538068e-08,-0.000661971
-1.533068e-08,-0.00574251
-1.528068e-08,-0.00890069
-1.523068e-08,-0.0234558
-1.518068e-08,-0.0369672
-1.513068e-08,-0.0389445
-1.508068e-08,-0.0352371
-1.503068e-08,-0.0278223
-1.498068e-08,-0.01854
-1.493068e-08,-0.0103287
-1.488068e-08,-0.00870845
-1.483068e-08,-0.0142833
-1.478068e-08,-0.0136517
-1.473068e-08,-0.00722548
-1.468068e-08,-0.00593475
-1.463068e-08,-0.00810428
-1.458068e-08,-0.00950486
-1.453068e-08,-0.0101365
-1.448068e-08,-0.0122786
-1.443068e-08,-0.0081592
-1.438068e-08,0.00510513
-1.433068e-08,0.0117236
-1.428068e-08,0.00700004
-1.423068e-08,0.00219412
-1.418068e-08,0.00348485
-1.413068e-08,0.00241382
-1.408068e-08,-0.00475387
-1.403068e-08,-0.00890069
-1.398068e-08,-0.0110428
-1.393068e-08,-0.00895561
-1.388068e-08,0.00241382
-1.383068e-08,0.00760421
-1.378068e-08,0.00101323
-1.373068e-08,-0.0015133
-1.368068e-08,0.00645079
-1.363068e-08,0.0123827
-1.358068e-08,0.00867524
-1.353068e-08,0.0012604
-1.348068e-08,-0.00958725
-1.343068e-08,-0.0155466
-1.338068e-08,-0.0096971
-1.333068e-08,-0.00475387
-1.328068e-08,-0.00708817
-1.323068e-08,-0.00917531
-1.318068e-08,-0.00489118
-1.313068e-08,-0.000524659
-1.308068e-08,0.00175472
-1.303068e-08,0.00620363
-1.298068e-08,0.0100758
-1.293068e-08,0.0126847
-1.288068e-08,0.0117785
-1.283068e-08,0.00875763
-1.278068e-08,0.00927941
-1.273068e-08,0.00878509
-1.268068e-08,0.00430872
-1.263068e-08,0.00150756
-1.258068e-08,0.00579169
-1.253068e-08,0.0119158
-1.248068e-08,0.00886748
-1.243068e-08,0.00216665
-1.238068e-08,0.00263352
-1.233068e-08,0.00288068
-1.228068e-08,-0.00382015
-1.223068e-08,-0.0115371
-1.218068e-08,-0.0163979
-1.213068e-08,-0.0145579
-1.208068e-08,-0.00706071
-1.203068e-08,-0.0028315
-1.198068e-08,-0.00104644
-1.193068e-08,0.00216665
-1.188068e-08,0.00483051
-1.183068e-08,0.00840062
-1.178068e-08,0.0151838
-1.173068e-08,0.0190835
-1.168068e-08,0.0137832
-1.163068e-08,0.00441857
-1.158068e-08,-0.00434193
-1.153068e-08,-0.0126905
-1.148068e-08,-0.0216158
-1.143068e-08,-0.0304312
-1.138068e-08,-0.030239
-1.133068e-08,-0.0243071
-1.128068e-08,-0.0244169
-1.123068e-08,-0.0254605
-1.118068e-08,-0.0177161
-1.113068e-08,-0.00717056
-1.108068e-08,-0.0062643
-1.103068e-08,-0.00983441
-1.098068e-08,-0.0117293
-1.093068e-08,-0.014146
-1.088068e-08,-0.0133496
-1.083068e-08,-0.0122511
-1.078068e-08,-0.0116195
-1.073068e-08,-0.00598967
-1.068068e-08,-0.00318851
-1.063068e-08,-0.0108505
-1.058068e-08,-0.0179084
-1.053068e-08,-0.0187322
-1.048068e-08,-0.0218355
-1.043068e-08,-0.0252408
-1.038068e-08,-0.0241423
-1.033068e-08,-0.0195836
-1.028068e-08,-0.0153818
-1.023068e-08,-0.0152994
-1.018068e-08,-0.0142009
-1.013068e-08,-0.0100266
-1.008068e-08,-0.00884576
-1.003068e-08,-0.0108505
-9.980678e-09,-0.0131574
-9.930678e-09,-0.0179358
-9.880678e-09,-0.0240599
-9.830678e-09,-0.0255154
-9.780678e-09,-0.0217805
-9.730678e-09,-0.0193089
-9.680678e-09,-0.0242796
-9.630678e-09,-0.0285088
-9.580678e-09,-0.0243345
-9.530678e-09,-0.0227692
-9.480678e-09,-0.025488
-9.430678e-09,-0.0243895
-9.380678e-09,-0.0187322
-9.330678e-09,-0.00931262
-9.280678e-09,-0.00263926
-9.230678e-09,-0.00395746
-9.180678e-09,-0.0081592
-9.130678e-09,-0.00840636
-9.080678e-09,-0.00686847
-9.030678e-09,-0.0122236
-8.980678e-09,-0.0177161
-8.930678e-09,-0.0184576
-8.880678e-09,-0.0248563
-8.830678e-09,-0.0277948
-8.780678e-09,-0.0159311
-8.730678e-09,-0.00104644
-8.680678e-09,0.00966389
-8.630678e-09,0.0190286
-8.580678e-09,0.0233676
-8.530678e-09,0.0185342
-8.480678e-09,0.00807107
-8.430678e-09,-0.00225479
-8.380678e-09,-0.00788458
-8.330678e-09,-0.0110702
-8.280678e-09,-0.0147227
-8.230678e-09,-0.0110153
-8.180678e-09,-0.000909132
-8.130678e-09,0.000683686
-8.080678e-09,-0.00579744
-8.030678e-09,-0.00931262
-7.980678e-09,-0.00458909
-7.930678e-09,0.00540722
-7.880678e-09,0.00831823
-7.830678e-09,0.00853793
-7.780678e-09,0.0129594
-7.730678e-09,0.0127671
-7.680678e-09,0.00908718
-7.630678e-09,0.00334754
-7.580678e-09,-0.00170554
-7.530678e-09,-0.00522073
-7.480678e-09,-0.0140636
-7.430678e-09,-0.0210665
-7.380678e-09,-0.0295524
-7.330678e-09,-0.042652
-7.280678e-09,-0.0409493
-7.230678e-09,-0.02763
-7.180678e-09,-0.0214785
-7.130678e-09,-0.021094
-7.080678e-09,-0.015574
-7.030678e-09,-0.00640161
-6.980678e-09,-0.00524819
-6.930678e-09,-0.00862606
-6.880678e-09,-0.0106857
-6.830678e-09,-0.019968
-6.780678e-09,-0.0289482
-6.730678e-09,-0.0215334
-6.680678e-09,-0.00461655
-6.630678e-09,0.00474812
-6.580678e-09,0.00153502
-6.530678e-09,-0.00722548
-6.480678e-09,-0.0107407
-6.430678e-09,-0.00824159
-6.380678e-09,-0.00741772
-6.330678e-09,-0.00384761
-6.280678e-09,0.000299213
-6.230678e-09,0.000738611
-6.180678e-09,0.0104328
-6.130678e-09,0.0246034
-6.080678e-09,0.0262512
-6.030678e-09,0.0203742
-5.980678e-09,0.012108
-5.930678e-09,-0.00522073
-5.880678e-09,-0.0193913
-5.830678e-09,-0.020737
-5.780678e-09,-0.0175788
-5.730678e-09,-0.00972456
-5.680678e-09,-0.00508342
-5.630678e-09,-0.00511088
-5.580678e-09,0.00477558
-5.530678e-09,0.0160901
-5.480678e-09,0.0132889
-5.430678e-09,0.00356724
-5.380678e-09,-0.00222733
-5.330678e-09,-0.009038
-5.280678e-09,-0.0187322
-5.230678e-09,-0.029113
-5.180678e-09,-0.035704
-5.130678e-09,-0.0340288
-5.080678e-09,-0.0379284
-5.030678e-09,-0.0395212
-4.980678e-09,-0.027685
-4.930678e-09,-0.0226593
-4.880678e-09,-0.0213686
-4.830678e-09,-0.0162331
-4.780678e-09,-0.0139538
-4.730678e-09,-0.00585236
-4.680678e-09,0.0003816
-4.630678e-09,-0.00914785
-4.580678e-09,-0.0156564
-4.530678e-09,-0.00530311
-4.480678e-09,0.00532483
-4.430678e-09,0.000985772
-4.380678e-09,-0.0103837
-4.330678e-09,-0.0144481
-4.280678e-09,-0.0108231
-4.230678e-09,-0.00571505
-4.180678e-09,-0.00225479
-4.130678e-09,-0.00299627
-4.080678e-09,-0.0103837
-4.030678e-09,-0.0165902
-3.980678e-09,-0.00681355
-3.930678e-09,0.00949911
-3.880678e-09,0.0148268
-3.830678e-09,0.0180674
-3.780678e-09,0.0196053
-3.730678e-09,0.0159802
-3.680678e-09,0.0181772
-3.630678e-09,0.0138656
-3.580678e-09,-0.00318851
-3.530678e-09,-0.010521
-3.480678e-09,-0.00409477
-3.430678e-09,-0.000634509
-3.380678e-09,-0.00964217
-3.330678e-09,-0.0219453
-3.280678e-09,-0.0259548
-3.230678e-09,-0.0242796
-3.180678e-09,-0.0184027
-3.130678e-09,-0.0125257
-3.080678e-09,-0.00785712
-3.030678e-09,0.00164487
-2.980678e-09,0.00807107
-2.930678e-09,0.00927941
-2.880678e-09,0.0147994
-2.830678e-09,0.0201545
-2.780678e-09,0.0193032
-2.730678e-09,0.0140853
-2.680678e-09,0.00584661
-2.630678e-09,-0.00192524
-2.580678e-09,-0.00917531
-2.530678e-09,-0.0139538
-2.480678e-09,-0.0135418
-2.430678e-09,-0.0151896
-2.380678e-09,-0.0197758
-2.330678e-09,-0.0193364
-2.280678e-09,-0.0115645
-2.230678e-09,-0.00244703
-2.180678e-09,0.00161741
-2.130678e-09,0.000216825
-2.080678e-09,-0.00343567
-2.030678e-09,-0.00596221
-1.980678e-09,-0.00914785
-1.930678e-09,-0.0179084
-1.880678e-09,-0.0260098
-1.830678e-09,-0.0242522
-1.780678e-09,-0.0184301
-1.730678e-09,-0.00865353
-1.680678e-09,0.000573836
-1.630678e-09,-0.0069234
-1.580678e-09,-0.0183203
-1.530678e-09,-0.0167549
-1.480678e-09,-0.0145579
-1.430678e-09,-0.0171394
-1.380678e-09,-0.0170845
-1.330678e-09,-0.020325
-1.280678e-09,-0.0262295
-1.230678e-09,-0.0240325
-1.180678e-09,-0.0182379
-1.130678e-09,-0.014146
-1.080678e-09,-0.00788458
-1.030678e-09,-0.00340821
-9.806781e-10,-0.00409477
-9.306781e-10,-0.00252941
-8.806781e-10,0.000189363
-8.306781e-10,0.000106976
-7.806781e-10,0.00178218
-7.306781e-10,0.00483051
-6.806781e-10,0.000820998
-6.306781e-10,-0.014503
-5.806781e-10,-0.0246641
-5.306781e-10,-0.0195286
-4.806781e-10,-0.0171943
-4.306781e-10,-0.0170296
-3.806781e-10,-0.00686847
-3.306781e-10,0.00312784
-2.806781e-10,0.0137009
-2.306781e-10,0.0301508
-1.806781e-10,0.0451453
-1.306781e-10,0.0679665
-8.067812e-11,0.0998229
-3.067812e-11,0.135002
1.932188e-11,0.186961
6.932188e-11,0.24455
1.193219e-10,0.298623
1.693219e-10,0.357365
2.193219e-10,0.399438
2.693219e-10,0.409544
3.193219e-10,0.385185
3.693219e-10,0.331194
4.193219e-10,0.27745
4.693219e-10,0.228045
5.193219e-10,0.177596
5.693219e-10,0.150628
6.193219e-10,0.141648
6.693219e-10,0.127011
7.193219e-10,0.11457
7.693219e-10,0.106084
8.193219e-10,0.0855974
8.693219e-10,0.0587666
9.193219e-10,0.0434975
9.693219e-10,0.0350391
1.019322e-09,0.0272124
1.069322e-09,0.0241091
1.119322e-09,0.0243837
1.169322e-09,0.0239993
1.219322e-09,0.0170238
1.269322e-09,0.0136734
1.319322e-09,0.0169414
1.369322e-09,0.00634094
1.419322e-09,-0.00766488
1.469322e-09,-0.00791204
1.519322e-09,-0.00502849
1.569322e-09,-0.00489118
1.619322e-09,-0.00906546
1.669322e-09,-0.0192815
1.719322e-09,-0.0317769
1.769322e-09,-0.0385326
1.819322e-09,-0.032024
1.869322e-09,-0.0162606
1.919322e-09,0.0022765
1.969322e-09,0.0188912
2.019322e-09,0.0261139
2.069322e-09,0.0273497
2.119322e-09,0.0258118
2.169322e-09,0.0166668
2.219322e-09,0.00818092
2.269322e-09,0.00796122
2.319322e-09,0.00389679
2.369322e-09,-0.00198017
2.419322e-09,0.00342992
2.469322e-09,0.00796122
2.519322e-09,0.00689019
2.569322e-09,0.00889494
2.619322e-09,0.00944419
2.669322e-09,0.00771406
2.719322e-09,-0.000744358
2.769322e-09,-0.0160134
2.819322e-09,-0.0190618
2.869322e-09,-0.0108505
2.919322e-09,-0.00714309
2.969322e-09,-0.00552281
3.019322e-09,-0.000222573
3.069322e-09,0.00282575
3.119322e-09,0.00304545
3.169322e-09,0.00757675
3.219322e-09,0.00815346
3.269322e-09,-0.00134853
3.319322e-09,-0.00557774
3.369322e-09,-0.00316105
3.419322e-09,-0.000414809
3.469322e-09,0.00617616
3.519322e-09,0.0104603
3.569322e-09,0.011037
3.619322e-09,0.00985612
3.669322e-09,0.000106976
3.719322e-09,-0.00994426
3.769322e-09,-0.0069234
3.819322e-09,-0.001733
3.869322e-09,-0.00975202
3.919322e-09,-0.0133496
3.969322e-09,-0.00110137
4.019322e-09,0.00321023
4.069322e-09,0.000656224
4.119322e-09,0.00452842
4.169322e-09,0.00554453
4.219322e-09,0.00634094
4.269322e-09,0.0120531
4.319322e-09,0.011751
4.369322e-09,0.00801614
4.419322e-09,0.0107624
4.469322e-09,0.011751
4.519322e-09,0.00375947
4.569322e-09,-0.00826905
4.619322e-09,-0.018128
4.669322e-09,-0.0240599
4.719322e-09,-0.0233184
4.769322e-09,-0.0154367
4.819322e-09,-0.00813174
4.869322e-09,-0.00203509
4.919322e-09,-0.000167648
4.969322e-09,-0.00623684
5.019322e-09,-0.0108505
5.069322e-09,-0.0165078
5.119322e-09,-0.027685
5.169322e-09,-0.0320789
5.219322e-09,-0.0248838
5.269322e-09,-0.0135968
5.319322e-09,-0.00500103
5.369322e-09,0.00137025
5.419322e-09,0.00919703
5.469322e-09,0.0115588
5.519322e-09,0.00263352
5.569322e-09,-0.00398492
5.619322e-09,0.00224904
5.669322e-09,0.00974627
5.719322e-09,0.0112292
5.769322e-09,0.00689019
5.819322e-09,-0.00393
5.869322e-09,-0.00868099
5.919322e-09,-0.0120039
5.969322e-09,-0.0222199
6.019322e-09,-0.0223847
6.069322e-09,-0.0203525
6.119322e-09,-0.0244719
6.169322e-09,-0.0201603
6.219322e-09,-0.011235
6.269322e-09,-0.00865353
6.319322e-09,-0.0166451
6.369322e-09,-0.026916
6.419322e-09,-0.0297446
6.469322e-09,-0.0306784
6.519322e-09,-0.0352646
6.569322e-09,-0.0372419
6.619322e-09,-0.0326007
6.669322e-09,-0.0306234
6.719322e-09,-0.0268062
6.769322e-09,-0.0178809
6.819322e-09,-0.0159585
6.869322e-09,-0.0183203
6.919322e-09,-0.0231262
6.969322e-09,-0.0325458
7.019322e-09,-0.0391917
7.069322e-09,-0.0340837
7.119322e-09,-0.020023
7.169322e-09,-0.0140636
7.219322e-09,-0.0196659
7.269322e-09,-0.022934
7.319322e-09,-0.0171394
7.369322e-09,-0.00848875
7.419322e-09,-0.00555028
7.469322e-09,-0.00813174
7.519322e-09,-0.0105484
7.569322e-09,-0.00840636
7.619322e-09,-0.00335328
7.669322e-09,-0.00321597
7.719322e-09,-0.00491864
7.769322e-09,-0.00406731
7.819322e-09,-0.00763742
7.869322e-09,-0.0100266
7.919322e-09,-0.00730787
7.969322e-09,-0.00598967
8.019322e-09,-0.0060446
8.069322e-09,-0.0112899
8.119322e-09,-0.0191167
8.169322e-09,-0.0205997
8.219322e-09,-0.0191716
8.269322e-09,-0.0237029
8.319322e-09,-0.0303488
8.369322e-09,-0.0278223
8.419322e-09,-0.0199955
8.469322e-09,-0.0133496
8.519322e-09,-0.00955978
8.569322e-09,-0.00802189
8.619322e-09,-3.03361e-05
8.669322e-09,0.012108
8.719322e-09,0.018699
8.769322e-09,0.0155408
8.819322e-09,0.00364962
8.869322e-09,-0.00777473
8.919322e-09,-0.0120314
8.969322e-09,-0.00642907
9.019322e-09,0.00521498
9.069322e-09,0.0147719
9.119322e-09,0.015788
9.169322e-09,0.00603885
9.219322e-09,0.00178218
9.269322e-09,0.00397917
9.319322e-09,-0.00722548
9.369322e-09,-0.0240325
9.419322e-09,-0.0340288
9.469322e-09,-0.0382854
9.519322e-09,-0.0358688
9.569322e-09,-0.0316945
9.619322e-09,-0.0282891
9.669322e-09,-0.0258724
9.719322e-09,-0.0302664
9.769322e-09,-0.0369672
9.819322e-09,-0.0337267
9.869322e-09,-0.0249113
9.919322e-09,-0.0243345
9.969322e-09,-0.0290306
1.001932e-08,-0.0256527
1.006932e-08,-0.0183203
1.011932e-08,-0.0184851
1.016932e-08,-0.0201053
1.021932e-08,-0.0178809
1.026932e-08,-0.0167824
1.031932e-08,-0.0146129
1.036932e-08,-0.00769234
1.041932e-08,0.0010407
1.046932e-08,0.00741197
1.051932e-08,0.00738451
1.056932e-08,0.00587408
1.061932e-08,0.0116137
1.066932e-08,0.016859
1.071932e-08,0.0115588
1.076932e-08,0.00444603
1.081932e-08,0.00373201
1.086932e-08,-0.00340821
1.091932e-08,-0.0178809
1.096932e-08,-0.0201328
1.101932e-08,-0.0119765
1.106932e-08,-0.00695086
1.111932e-08,-0.00453417
1.116932e-08,-0.00206255
1.121932e-08,-0.00189778
1.126932e-08,-0.00376522
1.131932e-08,-0.00686847
1.136932e-08,-0.0133221
1.141932e-08,-0.0176337
1.146932e-08,-0.0120314
1.151932e-08,-0.00192524
1.156932e-08,0.00642333
1.161932e-08,0.00974627
1.166932e-08,0.00551707
1.171932e-08,0.00370455
1.176932e-08,0.00557199
1.181932e-08,-0.00252941
1.186932e-08,-0.0146403
1.191932e-08,-0.0186498
1.196932e-08,-0.0181006
1.201932e-08,-0.0109054
1.206932e-08,0.00274337
1.211932e-08,0.0109546
1.216932e-08,0.00933434
1.221932e-08,0.00551707
1.226932e-08,0.00650571
1.231932e-08,0.0072472
1.236932e-08,0.00120547
1.241932e-08,-0.0058249
1.246932e-08,-0.0096971
1.251932e-08,-0.0149424
1.256932e-08,-0.021451
1.261932e-08,-0.0291405
1.266932e-08,-0.0331225
1.271932e-08,-0.0256253
1.276932e-08,-0.0186498
1.281932e-08,-0.0145854
1.286932e-08,-0.000744358
1.291932e-08,0.0125474
1.296932e-08,0.0127946
1.301932e-08,0.0127671
1.306932e-08,0.0232852
1.311932e-08,0.0299861
1.316932e-08,0.0203468
1.321932e-08,0.00862032
1.326932e-08,0.00774152
1.331932e-08,0.00804361
1.336932e-08,-0.00123868
1.341932e-08,-0.0155191
1.346932e-08,-0.0197209
1.351932e-08,-0.0173042
1.356932e-08,-0.022934
1.361932e-08,-0.0270533
1.366932e-08,-0.0251859
1.371932e-08,-0.0273005
1.376932e-08,-0.0263393
1.381932e-08,-0.0197758
1.386932e-08,-0.0220277
1.391932e-08,-0.0273829
1.396932e-08,-0.0205722
1.401932e-08,-0.00961471
1.406932e-08,-0.00549535
1.411932e-08,-0.00722548
1.416932e-08,-0.0104111
1.421932e-08,-0.0134594
1.426932e-08,-0.0134594
1.431932e-08,-0.0119215
1.436932e-08,-0.0177161
1.441932e-08,-0.0192265
1.446932e-08,-0.00623684
1.451932e-08,0.00625855
1.456932e-08,0.00974627
1.461932e-08,0.0115588
1.466932e-08,0.0158155
1.471932e-08,0.0120531
1.476932e-08,0.00351231
1.481932e-08,0.00667049
1.486932e-08,0.0145797
1.491932e-08,0.0143874
1.496932e-08,0.00656064
1.501932e-08,-0.000359885
1.506932e-08,0.00318276
1.511932e-08,0.0087027
1.516932e-08,0.00488543
1.521932e-08,-0.00486372
1.526932e-08,-0.0145305
1.531932e-08,-0.0152445
1.536932e-08,-0.0108231
1.541932e-08,-0.00914785
1.546932e-08,-0.00662131
1.551932e-08,-0.00645653
1.556932e-08,-0.00511088
1.561932e-08,-2.87366e-06
1.566932e-08,0.0038144
1.571932e-08,0.00905971
1.576932e-08,0.0138382
1.581932e-08,0.0190835
1.586932e-08,0.0279538
1.591932e-08,0.0329795
1.596932e-08,0.0282834
1.601932e-08,0.0185068
1.606932e-08,0.0082633
1.611932e-08,0.00169979
1.616932e-08,0.00128786
1.621932e-08,-0.00511088
1.626932e-08,-0.0166725
1.631932e-08,-0.0175239
1.636932e-08,-0.0146953
1.641932e-08,-0.0189245
1.646932e-08,-0.0220002
1.651932e-08,-0.0196659
1.656932e-08,-0.0154917
1.661932e-08,-0.0121687
1.666932e-08,-0.0131024
1.671932e-08,-0.020023
1.676932e-08,-0.0286736
1.681932e-08,-0.026202
1.686932e-08,-0.0204898
1.691932e-08,-0.0331225
1.696932e-08,-0.0419379
1.701932e-08,-0.0271632
1.706932e-08,-0.0180731
1.711932e-08,-0.0222199
1.716932e-08,-0.018183
1.721932e-08,-0.0127729
1.726932e-08,-0.0203525
1.731932e-08,-0.0319691
1.736932e-08,-0.0355117
1.741932e-08,-0.0303213
1.746932e-08,-0.0297996
1.751932e-08,-0.0399881
1.756932e-08,-0.0430914
1.761932e-08,-0.0322437
1.766932e-08,-0.0198307
1.771932e-08,-0.0117019
1.776932e-08,-0.00892815
1.781932e-08,-0.00950486
1.786932e-08,-0.00659385
1.791932e-08,-0.00706071
1.796932e-08,-0.0146129
1.801932e-08,-0.0182928
1.806932e-08,-0.0186773
1.811932e-08,-0.0188421
1.816932e-08,-0.0176063
1.821932e-08,-0.0154093
1.826932e-08,-0.00802189
1.831932e-08,0.00397917
1.836932e-08,0.00617616
1.841932e-08,-0.00156823
1.846932e-08,-0.00181539
1.851932e-08,-0.00178793
1.856932e-08,-0.0088183
1.861932e-08,-0.00988933
1.866932e-08,-0.0104935
1.871932e-08,-0.0198582
1.876932e-08,-0.0259274
1.881932e-08,-0.0212038
1.886932e-08,-0.018897
1.891932e-08,-0.0246916
1.896932e-08,-0.0241148
1.901932e-08,-0.00977948
1.906932e-08,0.00375947
1.911932e-08,0.00639586
1.916932e-08,0.00738451
1.921932e-08,0.00730212
1.926932e-08,0.00562692
1.931932e-08,0.0115588
1.936932e-08,0.0149641
1.941932e-08,0.00963642
1.946932e-08,0.0118883
1.951932e-08,0.0173808
1.956932e-08,0.017271
1.961932e-08,0.014717
1.966932e-08,0.00364962
1.971932e-08,-0.0053855
1.976932e-08,-0.00593475
1.981932e-08,-0.01486
1.986932e-08,-0.0271632
1.991932e-08,-0.0280145
1.996932e-08,-0.0268886
2.001932e-08,-0.0310079
2.006932e-08,-0.0277399
2.011932e-08,-0.0150523
2.016932e-08,-0.00395746
2.021932e-08,0.00559945
2.026932e-08,0.0177653
2.031932e-08,0.0243837
2.036932e-08,0.0194954
2.041932e-08,0.0175456
2.046932e-08,0.023093
2.051932e-08,0.0180674
2.056932e-08,0.00568184
2.061932e-08,0.00356724
2.066932e-08,0.00787883
2.071932e-08,0.0110095
2.076932e-08,0.0106251
2.081932e-08,0.00439111
2.086932e-08,-0.00258434
2.091932e-08,-0.00890069
2.096932e-08,-0.0149699
2.101932e-08,-0.0153818
2.106932e-08,-0.0124708
2.111932e-08,-0.0107407
2.116932e-08,-0.0109604
2.121932e-08,-0.0129926
2.126932e-08,-0.0106583
2.131932e-08,-0.0019527
2.136932e-08,0.00436365
2.141932e-08,0.00345739
2.146932e-08,-0.00222733
2.151932e-08,-0.00354552
2.156932e-08,0.00266098
2.161932e-08,0.0003816
2.166932e-08,-0.00796697
2.171932e-08,-0.0030512
2.176932e-08,0.00422633
2.181932e-08,0.000738611
2.186932e-08,-0.00629176
2.191932e-08,-0.0160409
2.196932e-08,-0.026202
2.201932e-08,-0.0301566
2.206932e-08,-0.0303213
2.211932e-08,-0.0267787
2.216932e-08,-0.0134594
2.221932e-08,0.00145263
2.226932e-08,0.00502274
2.231932e-08,0.00263352
2.236932e-08,-0.000277498
2.241932e-08,-0.00722548
2.246932e-08,-0.0181006
2.251932e-08,-0.0247739
2.256932e-08,-0.0211764
2.261932e-08,-0.0186773
2.266932e-08,-0.0228241
2.271932e-08,-0.0223573
2.276932e-08,-0.0188695
2.281932e-08,-0.0139263
2.286932e-08,-0.00522073
2.291932e-08,-0.00587982
2.296932e-08,-0.0128827
2.301932e-08,-0.011949
2.306932e-08,-0.00659385
2.311932e-08,-0.00228225
2.316932e-08,0.000518912
2.321932e-08,0.00488543
2.326932e-08,0.0119982
2.331932e-08,0.0166943
2.336932e-08,0.0193032
2.341932e-08,0.0191109
2.346932e-08,0.0171062
2.351932e-08,0.0230381
2.356932e-08,0.0231754
2.361932e-08,0.00894986
2.366932e-08,0.00117801
2.371932e-08,-0.00552281
2.376932e-08,-0.0179633
2.381932e-08,-0.0148051
2.386932e-08,-0.00170554
2.391932e-08,-0.00211748
2.396932e-08,-0.00631922
2.401932e-08,-0.00346313
2.406932e-08,-0.000964057
2.411932e-08,0.00120547
2.416932e-08,-0.00222733
2.421932e-08,-0.011949
2.426932e-08,-0.0190343
2.431932e-08,-0.0221376
2.436932e-08,-0.0198033
2.441932e-08,-0.0190892
2.446932e-08,-0.0261471
2.451932e-08,-0.0317219
2.456932e-08,-0.0308157
2.461932e-08,-0.0276575
2.466932e-08,-0.0263942
2.471932e-08,-0.0204074
2.476932e-08,-0.00939501
2.481932e-08,-0.00744518
2.486932e-08,-0.0147227
2.491932e-08,-0.0244993
2.496932e-08,-0.0260647
2.501932e-08,-0.0154367
2.506932e-08,-0.0163155
2.511932e-08,-0.0291954
2.516932e-08,-0.027273
2.521932e-08,-0.0156839
2.526932e-08,-0.0105484
2.531932e-08,-0.00868099
2.536932e-08,-0.00360045
2.541932e-08,0.00202934
2.546932e-08,-0.000909132
2.551932e-08,-0.00442432
2.556932e-08,0.00191949
2.561932e-08,0.0082633
2.566932e-08,0.0111194
2.571932e-08,0.0146346
2.576932e-08,0.0117785
2.581932e-08,0.00235889
2.586932e-08,-0.00154077
2.591932e-08,-0.00115629
2.596932e-08,-0.000799283
2.601932e-08,0.000985772
2.606932e-08,-2.87366e-06
2.611932e-08,-0.00123868
2.616932e-08,-0.00247449
2.621932e-08,-0.00566013
2.626932e-08,-0.0049461
2.631932e-08,-0.00997172
2.636932e-08,-0.0224396
2.641932e-08,-0.0251584
2.646932e-08,-0.0259274
2.651932e-08,-0.0317219
2.656932e-08,-0.0288109
2.661932e-08,-0.0205997
2.666932e-08,-0.0138988
2.671932e-08,-0.00376522
2.676932e-08,0.00562692
2.681932e-08,0.0107349
2.686932e-08,0.0101582
2.691932e-08,0.00156248
2.696932e-08,-0.00511088
2.701932e-08,-0.00780219
2.706932e-08,-0.0149699
2.711932e-08,-0.0185125
2.716932e-08,-0.00873591
2.721932e-08,-0.00255688
2.726932e-08,-0.00678608
2.731932e-08,-0.00170554
2.736932e-08,0.00518752
2.741932e-08,-0.000936595
2.746932e-08,-0.00681355
2.751932e-08,-0.00640161
2.756932e-08,-0.0096971
2.761932e-08,-0.0202701
2.766932e-08,-0.0261745
2.771932e-08,-0.0208194
2.776932e-08,-0.0150797
2.781932e-08,-0.0124983
2.786932e-08,-0.00983441
2.791932e-08,-0.00442432
2.796932e-08,0.000930848
2.801932e-08,-0.00123868
2.806932e-08,5.20511e-05
2.811932e-08,0.00450096
2.816932e-08,-0.00181539
2.821932e-08,-0.013075
2.826932e-08,-0.0208194
2.831932e-08,-0.0172493
2.836932e-08,-0.00747264
2.841932e-08,-0.00412223
2.846932e-08,-0.00403984
2.851932e-08,-0.00656638
2.856932e-08,-0.0079395
2.861932e-08,-0.00623684
2.866932e-08,-0.0116195
2.871932e-08,-0.0239226
2.876932e-08,-0.032024
2.881932e-08,-0.0312001
2.886932e-08,-0.0271357
2.891932e-08,-0.0227692
2.896932e-08,-0.0157388
2.901932e-08,-0.00546789
2.906932e-08,0.00205681
2.911932e-08,-0.000469734
2.916932e-08,-0.00609952
2.921932e-08,-0.00824159
2.926932e-08,-0.010521
2.931932e-08,-0.00977948
2.936932e-08,-0.00662131
2.941932e-08,-0.0124433
2.946932e-08,-0.0207919
2.951932e-08,-0.0199406
2.956932e-08,-0.0162057
2.961932e-08,-0.0100266
2.966932e-08,-0.000607046
2.971932e-08,-0.00198017
2.976932e-08,-0.0136242
2.981932e-08,-0.0211764
2.986932e-08,-0.0203525
2.991932e-08,-0.00958725
2.996932e-08,-0.0015133
3.001932e-08,-0.00500103
3.006932e-08,-0.00266673
3.011932e-08,0.00518752
3.016932e-08,0.00211173
3.021932e-08,-0.00428701
3.026932e-08,-0.00524819
3.031932e-08,-0.00574251
3.036932e-08,-0.0037103
3.041932e-08,-0.00230971
3.046932e-08,-0.00272165
3.051932e-08,0.00472066
3.056932e-08,0.00894986
3.061932e-08,0.000930848
3.066932e-08,-0.00140346
3.071932e-08,0.0031553
3.076932e-08,-0.000524659
3.081932e-08,-0.00821413
3.086932e-08,-0.0150248
3.091932e-08,-0.0198307
3.096932e-08,-0.0212588
3.101932e-08,-0.0240325
3.106932e-08,-0.0242522
3.111932e-08,-0.017469
3.116932e-08,-0.0110153
3.121932e-08,-0.0111801
3.126932e-08,-0.0106857
3.131932e-08,-0.010164
3.136932e-08,-0.0184576
3.141932e-08,-0.0201053
3.146932e-08,-0.0131574
3.151932e-08,-0.0172767
3.156932e-08,-0.0197209
3.161932e-08,-0.0105759
3.166932e-08,-0.00398492
3.171932e-08,0.00142517
3.176932e-08,0.00513259
3.181932e-08,-0.00233718
3.186932e-08,-0.0111801
3.191932e-08,-0.0128003
3.196932e-08,-0.0147502
3.201932e-08,-0.0106308
3.206932e-08,-0.00198017
3.211932e-08,-0.00966963
3.216932e-08,-0.0240874
3.221932e-08,-0.027273
3.226932e-08,-0.026916
3.231932e-08,-0.0281518
3.236932e-08,-0.0262295
3.241932e-08,-0.0168922
3.246932e-08,-0.00846129
3.251932e-08,-0.0106034
3.256932e-08,-0.00846129
3.261932e-08,0.00216665
3.266932e-08,0.00634094
3.271932e-08,0.00675287
3.276932e-08,0.00689019
3.281932e-08,0.00370455
3.286932e-08,0.000546374
3.291932e-08,-0.00393
3.296932e-08,-0.0107132
3.301932e-08,-0.0107407
3.306932e-08,-0.00739026
3.311932e-08,-0.0113998
3.316932e-08,-0.0112625
3.321932e-08,0.000985772
3.326932e-08,0.0112567
3.331932e-08,0.00708242
3.336932e-08,-0.00980695
3.341932e-08,-0.0275751
3.346932e-08,-0.0385326
3.351932e-08,-0.040812
3.356932e-08,-0.0392466
3.361932e-08,-0.0393016
3.366932e-08,-0.032024
3.371932e-08,-0.0169197
3.376932e-08,-0.0077198
3.381932e-08,-0.00241956
3.386932e-08,0.00274337
3.391932e-08,-0.0030512
3.396932e-08,-0.0133496
3.401932e-08,-0.0107132
3.406932e-08,-0.00255688
3.411932e-08,-0.00406731
3.416932e-08,-0.0126905
3.421932e-08,-0.0157663
3.426932e-08,-0.0085986
3.431932e-08,-0.00530311
3.436932e-08,-0.00898307
3.441932e-08,-0.00511088
3.446932e-08,-0.00156823
3.451932e-08,-0.00307866
3.456932e-08,-0.00123868
3.461932e-08,-0.00143092
3.466932e-08,-0.00409477
3.471932e-08,-0.0115096
3.476932e-08,-0.021451
3.481932e-08,-0.0197758
3.486932e-08,-0.0123884
3.491932e-08,-0.0131574
3.496932e-08,-0.0145305
3.501932e-08,-0.0047264
3.506932e-08,0.00499528
3.511932e-08,0.00142517
3.516932e-08,-0.00810428
3.521932e-08,-0.0149973
3.526932e-08,-0.0166725
3.531932e-08,-0.0159036
3.536932e-08,-0.0186498
3.541932e-08,-0.0228516
3.546932e-08,-0.0306509
3.551932e-08,-0.0377637
3.556932e-08,-0.0331774
3.561932e-08,-0.0282342
3.566932e-08,-0.0290306
3.571932e-08,-0.0290855
3.576932e-08,-0.0242796
3.581932e-08,-0.0102738
3.586932e-08,0.00128786
3.591932e-08,-0.00159569
3.596932e-08,-0.0104935
3.601932e-08,-0.0140362
3.606932e-08,-0.0121138
3.611932e-08,-0.00593475
3.616932e-08,0.0057093
3.621932e-08,0.0141677
3.626932e-08,0.0106251
3.631932e-08,-0.000414809
3.636932e-08,-0.00879084
3.641932e-08,-0.0143657
3.646932e-08,-0.0215334
3.651932e-08,-0.0232361
3.656932e-08,-0.0234283
3.661932e-08,-0.0266414
3.666932e-08,-0.0187048
3.671932e-08,-0.00942247
3.676932e-08,-0.0160958
3.681932e-08,-0.022577
3.686932e-08,-0.0183752
3.691932e-08,-0.0185949
3.696932e-08,-0.0292503
3.701932e-08,-0.0333971
3.706932e-08,-0.0207095
3.711932e-08,-0.00500103
3.716932e-08,0.00115055
3.721932e-08,-0.00104644
3.726932e-08,-0.00266673
3.731932e-08,-0.00332582
3.736932e-08,-0.00966963
3.741932e-08,-0.0147776
3.746932e-08,-0.0119215
3.751932e-08,-0.00200763
3.756932e-08,0.00634094
3.761932e-08,0.000903385
3.766932e-08,-0.0103562
3.771932e-08,-0.0139538
3.776932e-08,-0.0113998
3.781932e-08,-0.00934009
3.786932e-08,-0.0130475
3.791932e-08,-0.0172493
3.796932e-08,-0.0170021
3.801932e-08,-0.0150797
3.806932e-08,-0.00467148
3.811932e-08,0.00873017
3.816932e-08,0.0100209
3.821932e-08,0.00905971
3.826932e-08,0.0127122
3.831932e-08,0.0115863
3.836932e-08,0.00938926
3.841932e-08,0.00966389
3.846932e-08,0.00623109
3.851932e-08,0.0040341
3.856932e-08,0.0093618
3.861932e-08,0.0173534
3.866932e-08,0.0235049
3.871932e-08,0.0256745
3.876932e-08,0.0240542
3.881932e-08,0.0277891
3.886932e-08,0.0317986
3.891932e-08,0.0198524
3.896932e-08,0.00524244
3.901932e-08,0.00332008
3.906932e-08,0.00131532
3.911932e-08,-0.00667623
3.916932e-08,-0.0114547
3.921932e-08,-0.00994426
3.926932e-08,-0.00469894
3.931932e-08,-0.00316105
3.936932e-08,-0.00848875
3.941932e-08,-0.00826905
3.946932e-08,-0.000359885
3.951932e-08,0.00260605
3.956932e-08,-0.00398492
3.961932e-08,-0.0115096
3.966932e-08,-0.00777473
3.971932e-08,0.00180964
3.976932e-08,0.000161901
3.981932e-08,-0.0133221
3.986932e-08,-0.0261745
3.991932e-08,-0.0348252
3.996932e-08,-0.0338091
4.001932e-08,-0.022577
4.006932e-08,-0.0203525
4.011932e-08,-0.0235931
4.016932e-08,-0.0194462
4.021932e-08,-0.0187322
4.026932e-08,-0.0255154
4.031932e-08,-0.0318592
4.036932e-08,-0.032436
4.041932e-08,-0.0255154
4.046932e-08,-0.0124708
4.051932e-08,-0.00110137
4.056932e-08,0.00137025
4.061932e-08,-2.87366e-06
4.066932e-08,0.000463987
4.071932e-08,-0.000524659
4.076932e-08,-0.010164
4.081932e-08,-0.0212038
4.086932e-08,-0.0195836
4.091932e-08,-0.0135418
4.096932e-08,-0.00966963
4.101932e-08,-0.000332422
4.106932e-08,0.00977374
4.111932e-08,0.0115863
4.116932e-08,0.00878509
4.121932e-08,0.00749436
4.126932e-08,0.0093618
4.131932e-08,0.0124376
4.136932e-08,0.0166119
4.141932e-08,0.0237246
4.146932e-08,0.0202094
4.151932e-08,0.00524244
4.156932e-08,-0.000387347
4.161932e-08,-0.00307866
4.166932e-08,-0.0145305
4.171932e-08,-0.0230713
4.176932e-08,-0.0235656
4.181932e-08,-0.0251584
4.186932e-08,-0.0302664
4.191932e-08,-0.0312825
4.196932e-08,-0.0265865
4.201932e-08,-0.0207095
4.206932e-08,-0.0124433
4.211932e-08,-0.00143092
4.216932e-08,0.00461081
4.221932e-08,0.00452842
4.226932e-08,0.00178218
4.231932e-08,-0.00340821
4.236932e-08,-0.0077198
4.241932e-08,-0.0107132
4.246932e-08,-0.0125806
4.251932e-08,-0.00917531
4.256932e-08,-0.0034906
4.261932e-08,-0.00546789
4.266932e-08,-0.00975202
4.271932e-08,-0.00115629
4.276932e-08,0.0163647
4.281932e-08,0.0319633
4.286932e-08,0.0380051
4.291932e-08,0.0265533
4.296932e-08,0.00689019
4.301932e-08,-0.00653892
4.306932e-08,-0.0128827
4.311932e-08,-0.0125806
4.316932e-08,-0.00566013
4.321932e-08,0.00260605
4.326932e-08,0.00862032
4.331932e-08,0.0127122
4.336932e-08,0.0114215
4.341932e-08,0.00543468
4.346932e-08,-0.000442272
4.351932e-08,-0.00997172
4.356932e-08,-0.0161508
4.361932e-08,-0.0107681
4.366932e-08,-0.00390253
4.371932e-08,0.000354137
4.376932e-08,0.00164487
4.381932e-08,-0.00110137
4.386932e-08,-0.00269419
4.391932e-08,-0.00645653
4.396932e-08,-0.0166176
4.401932e-08,-0.0231811
4.406932e-08,-0.0136242
4.411932e-08,0.00197442
4.416932e-08,0.00697257
4.421932e-08,0.00933434
4.426932e-08,0.013234
4.431932e-08,0.00991105
4.436932e-08,0.00362216
4.441932e-08,0.00565438
4.446932e-08,0.00916956
4.451932e-08,0.00345739
4.456932e-08,-0.000442272
4.461932e-08,0.00411648
4.466932e-08,0.0115588
4.471932e-08,0.0133164
4.476932e-08,0.00109562
4.481932e-08,-0.0104111
4.486932e-08,-0.0117842
4.491932e-08,-0.0111251
4.496932e-08,-0.00659385
4.501932e-08,-0.00491864
4.506932e-08,-0.00799443
4.511932e-08,-0.00401238
4.516932e-08,0.000463987
4.521932e-08,-0.0032709
4.526932e-08,-0.00398492
4.531932e-08,-0.00154077
4.536932e-08,-0.0102189
4.541932e-08,-0.0178534
4.546932e-08,-0.0111801
4.551932e-08,-0.00549535
4.556932e-08,-0.0111526
4.561932e-08,-0.0189794
4.566932e-08,-0.0205173
4.571932e-08,-0.0199406
4.576932e-08,-0.0207644
4.581932e-08,-0.0178534
4.586932e-08,-0.010521
4.591932e-08,-0.00458909
4.596932e-08,0.00189203
4.601932e-08,0.0102955
4.606932e-08,0.00993851
4.611932e-08,-0.00156823
4.616932e-08,-0.00901054
4.621932e-08,-0.0096971
4.626932e-08,-0.0162881
4.631932e-08,-0.0248838
4.636932e-08,-0.0245542
4.641932e-08,-0.0176612
4.646932e-08,-0.0114822
4.651932e-08,-0.00986187
4.656932e-08,-0.0162606
4.661932e-08,-0.0254605
4.666932e-08,-0.0266139
4.671932e-08,-0.0304861
4.676932e-08,-0.0413612
4.681932e-08,-0.0400156
4.686932e-08,-0.027273
4.691932e-08,-0.0198033
4.696932e-08,-0.0168648
4.701932e-08,-0.00601714
4.706932e-08,0.00647825
4.711932e-08,0.00697257
4.716932e-08,0.00595646
4.721932e-08,0.0107075
4.726932e-08,0.0101307
4.731932e-08,0.00488543
4.736932e-08,0.000326675
4.741932e-08,-0.00403984
4.746932e-08,-0.00744518
4.751932e-08,-0.0132947
4.756932e-08,-0.0193639
4.761932e-08,-0.0180731
4.766932e-08,-0.0113723
4.771932e-08,-0.00489118
4.776932e-08,-0.00250195
4.781932e-08,-0.00373776
4.786932e-08,-0.0062643
4.791932e-08,-0.0120314
4.796932e-08,-0.0179358
4.801932e-08,-0.0176612
4.806932e-08,-0.0117568
4.811932e-08,-0.00351806
4.816932e-08,0.00353977
4.821932e-08,0.00485797
4.826932e-08,0.0040341
4.831932e-08,0.00362216
4.836932e-08,-0.0049461
4.841932e-08,-0.0186498
4.846932e-08,-0.0231537
4.851932e-08,-0.0187048
4.856932e-08,-0.0136791
4.861932e-08,-0.00681355
4.866932e-08,-0.000771821
4.871932e-08,0.00411648
4.876932e-08,0.0132615
4.881932e-08,0.0149367
4.886932e-08,0.00386932
4.891932e-08,-0.00156823
4.896932e-08,0.00342992
4.901932e-08,0.00200188
4.906932e-08,-0.00607206
4.911932e-08,-0.0120314
4.916932e-08,-0.0153818
4.921932e-08,-0.012718
4.926932e-08,-0.0128553
4.931932e-08,-0.0218904
4.936932e-08,-0.0247739
4.941932e-08,-0.0158761
4.946932e-08,-0.00508342
4.951932e-08,-0.00379268
4.956932e-08,-0.00851621
4.961932e-08,-0.0028315
4.966932e-08,0.0061487
4.971932e-08,0.00106816
4.976932e-08,-0.0103287
4.981932e-08,-0.0146678
4.986932e-08,-0.0118117
4.991932e-08,-0.00398492
4.996932e-08,0.00310038
5.001932e-08,0.00323769
5.006932e-08,0.00450096
5.011932e-08,0.00373201
5.016932e-08,-0.0047264
5.021932e-08,-0.00766488
5.026932e-08,-0.0110702
5.031932e-08,-0.019968
5.036932e-08,-0.0271083
5.041932e-08,-0.032436
5.046932e-08,-0.0286736
5.051932e-08,-0.0210116
5.056932e-08,-0.0168373
5.061932e-08,-0.00637415
5.066932e-08,0.00524244
5.071932e-08,0.00323769
5.076932e-08,-0.00505595
5.081932e-08,-0.00277657
5.086932e-08,5.20511e-05
5.091932e-08,-0.00879084
5.096932e-08,-0.0139263
5.101932e-08,-0.0126356
5.106932e-08,-0.0148326
5.111932e-08,-0.0194737
5.116932e-08,-0.02763
5.121932e-08,-0.0369123
5.126932e-08,-0.0411965
5.131932e-08,-0.040098
5.136932e-08,-0.0369672
5.141932e-08,-0.0289482
5.146932e-08,-0.00983441
5.151932e-08,0.00532483
5.156932e-08,0.0104328
5.161932e-08,0.0170238
5.166932e-08,0.0155408
5.171932e-08,0.00653317
5.176932e-08,0.00373201
5.181932e-08,-0.00269419
5.186932e-08,-0.0140911
5.191932e-08,-0.0143932
5.196932e-08,-0.0103287
5.201932e-08,-0.00999918
5.206932e-08,-0.00711563
5.211932e-08,-0.00697832
5.216932e-08,-0.00645653
5.221932e-08,0.00167233
5.226932e-08,0.0070275
5.231932e-08,0.00686272
5.236932e-08,0.00480304
5.241932e-08,-0.00143092
5.246932e-08,-0.00382015
5.251932e-08,-0.00412223
5.256932e-08,-0.0123335
5.261932e-08,-0.0129377
5.266932e-08,-0.00566013
5.271932e-08,-0.0106034
5.276932e-08,-0.0169472
5.281932e-08,-0.0134869
5.286932e-08,-0.0142009
5.291932e-08,-0.0158212
5.296932e-08,-0.00497357
5.301932e-08,0.00483051
5.306932e-08,0.000106976
5.311932e-08,-0.00961471
5.316932e-08,-0.0113448
5.321932e-08,-5.77984e-05
5.326932e-08,0.0107349
5.331932e-08,0.00590154
5.336932e-08,0.00260605
5.341932e-08,0.0122728
5.346932e-08,0.0182322
5.351932e-08,0.0189187
5.356932e-08,0.0215002
5.361932e-08,0.0210882
5.366932e-08,0.0109546
5.371932e-08,-0.00115629
5.376932e-08,0.000875923
5.381932e-08,0.0105152
5.386932e-08,0.0134262
5.391932e-08,0.0136734
5.396932e-08,0.0136734
5.401932e-08,0.00499528
5.406932e-08,-0.00714309
5.411932e-08,-0.0108505
5.416932e-08,-0.0113174
5.421932e-08,-0.0171669
5.426932e-08,-0.0264492
5.431932e-08,-0.0320789
5.436932e-08,-0.0319691
5.441932e-08,-0.0286187
5.446932e-08,-0.0239775
5.451932e-08,-0.020737
5.456932e-08,-0.018183
5.461932e-08,-0.0114822
5.466932e-08,-0.00126614
5.471932e-08,0.00384186
5.476932e-08,0.00477558
5.481932e-08,0.00469319
5.486932e-08,-0.00420462
5.491932e-08,-0.0181555
5.496932e-08,-0.0239226
5.501932e-08,-0.0182928
5.506932e-08,-0.00934009
5.511932e-08,-0.00763742
5.516932e-08,-0.00934009
5.521932e-08,-0.00807682
5.526932e-08,-0.0110977
5.531932e-08,-0.0149699
5.536932e-08,-0.0109329
5.541932e-08,-0.00587982
5.546932e-08,-0.00796697
5.551932e-08,-0.0146678
5.556932e-08,-0.0141735
5.561932e-08,-0.00824159
5.566932e-08,-0.00744518
5.571932e-08,-0.00717056
5.576932e-08,-0.00898307
5.581932e-08,-0.0135144
5.586932e-08,-0.0133771
5.591932e-08,-0.0136517
5.596932e-08,-0.0122511
5.601932e-08,-0.00651146
5.606932e-08,-0.00181539
5.611932e-08,0.00411648
5.616932e-08,0.00395171
5.621932e-08,-0.00917531
5.626932e-08,-0.0244993
5.631932e-08,-0.0310079
5.636932e-08,-0.0254056
5.641932e-08,-0.0172767
5.646932e-08,-0.0168922
5.651932e-08,-0.0162606
5.656932e-08,-0.00917531
5.661932e-08,-0.00236464
5.666932e-08,-0.00307866
5.671932e-08,-0.010466
5.676932e-08,-0.0151346
5.681932e-08,-0.0161508
5.686932e-08,-0.0162331
5.691932e-08,-0.00928516
5.696932e-08,0.00367709
5.701932e-08,0.0119707
5.706932e-08,0.0103504
5.711932e-08,0.00631348
5.716932e-08,0.00095831
5.721932e-08,-0.00909292
5.726932e-08,-0.00857114
5.731932e-08,0.00213919
5.736932e-08,0.0042538
5.741932e-08,0.000161901
5.746932e-08,-0.00307866
5.751932e-08,-0.00829651
5.756932e-08,-0.0140362
5.761932e-08,-0.0162331
5.766932e-08,-0.0118666
5.771932e-08,-0.00807682
5.776932e-08,-0.0102189
5.781932e-08,-0.00659385
5.786932e-08,-5.77984e-05
5.791932e-08,-0.00184285
5.796932e-08,-0.00576998
5.801932e-08,-0.00447924
5.806932e-08,-0.0047264
5.811932e-08,-0.0110702
5.816932e-08,-0.0113174
5.821932e-08,-0.00697832
5.826932e-08,-0.0125532
5.831932e-08,-0.0240874
5.836932e-08,-0.0322163
5.841932e-08,-0.0333971
5.846932e-08,-0.0263393
5.851932e-08,-0.0191442
5.856932e-08,-0.0158487
5.861932e-08,-0.00884576
5.866932e-08,0.00392425
5.871932e-08,0.0155134
5.876932e-08,0.01252
5.881932e-08,-0.0062643
5.886932e-08,-0.015574
5.891932e-08,-0.00568759
5.896932e-08,0.00513259
5.901932e-08,0.0100758
5.906932e-08,0.0125474
5.911932e-08,0.0116137
5.916932e-08,0.0104603
5.921932e-08,0.0137283
5.926932e-08,0.0140579
5.931932e-08,0.00202934
5.936932e-08,-0.0101365
5.941932e-08,-0.0109604
5.946932e-08,-0.0138439
5.951932e-08,-0.0225495
5.956932e-08,-0.0227692
5.961932e-08,-0.0171394
5.966932e-08,-0.0172767
5.971932e-08,-0.0131024
5.976932e-08,0.00120547
5.981932e-08,0.00798868
5.986932e-08,0.00738451
5.991932e-08,0.0119433
5.996932e-08,0.0163647
6.001932e-08,0.0155134
6.006932e-08,0.0102681
6.011932e-08,0.000189363
6.016932e-08,-0.00714309
6.021932e-08,-0.00511088
6.026932e-08,-8.52608e-05
6.031932e-08,-0.000524659
6.036932e-08,-0.00634669
6.041932e-08,-0.0123335
6.046932e-08,-0.0203525
6.051932e-08,-0.0273554
6.056932e-08,-0.0236755
6.061932e-08,-0.0174964
6.066932e-08,-0.0158212
6.071932e-08,-0.011949
6.076932e-08,-0.0107132
6.081932e-08,-0.0162057
6.086932e-08,-0.0224946
6.091932e-08,-0.0315572
6.096932e-08,-0.0374066
6.101932e-08,-0.0283715
6.106932e-08,-0.0133221
6.111932e-08,-0.0047264
6.116932e-08,-0.00382015
6.121932e-08,-0.00307866
6.126932e-08,0.00288068
6.131932e-08,0.00230397
6.136932e-08,-0.006484
6.141932e-08,-0.00579744
6.146932e-08,-0.000250035
6.151932e-08,-0.00343567
6.156932e-08,-0.0032709
6.161932e-08,0.0061487
6.166932e-08,0.0154859
6.171932e-08,0.019825
6.176932e-08,0.0179026
6.181932e-08,0.0143874
6.186932e-08,0.0070275
6.191932e-08,-0.00176047
6.196932e-08,-0.00241956
6.201932e-08,-0.0015133
6.206932e-08,-0.00192524
6.211932e-08,-0.00302374
6.216932e-08,-0.0067037
6.221932e-08,-0.00873591
6.226932e-08,-0.00717056
6.231932e-08,-0.00107391
6.236932e-08,0.00408902
6.241932e-08,0.00208427
6.246932e-08,-0.00129361
6.251932e-08,-0.00211748
6.256932e-08,-0.00384761
6.261932e-08,-0.00544043
6.266932e-08,-0.00313359
6.271932e-08,0.00142517
6.276932e-08,0.00919703
6.281932e-08,0.019413
6.286932e-08,0.0240542
6.291932e-08,0.027075
6.296932e-08,0.0262512
6.301932e-08,0.0120531
6.306932e-08,0.000573836
6.311932e-08,-0.000250035
6.316932e-08,0.000106976
6.321932e-08,-0.000661971
6.326932e-08,-0.00700578
6.331932e-08,-0.0131299
6.336932e-08,-0.00840636
6.341932e-08,0.00137025
6.346932e-08,0.00378694
6.351932e-08,-0.000854208
6.356932e-08,0.00106816
6.361932e-08,0.00713735
6.366932e-08,0.00708242
6.371932e-08,0.00277083
6.376932e-08,-0.00423208
6.381932e-08,-0.013075
6.386932e-08,-0.0212588
6.391932e-08,-0.0251035
6.396932e-08,-0.021808
6.401932e-08,-0.0121412
6.406932e-08,0.00139771
6.411932e-08,0.0122454
6.416932e-08,0.0163098
6.421932e-08,0.0154859
6.426932e-08,0.0100758
6.431932e-08,0.00631348
6.436932e-08,0.00823584
6.441932e-08,0.00480304
6.446932e-08,-0.00447924
6.451932e-08,-0.0121412
6.456932e-08,-0.0212313
6.461932e-08,-0.0255978
6.466932e-08,-0.0216982
6.471932e-08,-0.0224671
6.476932e-08,-0.0269435
6.481932e-08,-0.0241148
6.486932e-08,-0.0179633
6.491932e-08,-0.012718
6.496932e-08,-0.00733533
6.501932e-08,-0.0106308
6.506932e-08,-0.0154093
6.511932e-08,-0.00802189
6.516932e-08,-0.00167808
6.521932e-08,-0.00200763
6.526932e-08,-0.00316105
6.531932e-08,-0.00417716
6.536932e-08,0.00279829
6.541932e-08,0.0148817
6.546932e-08,0.0213354
6.551932e-08,0.0190286
6.556932e-08,0.00801614
6.561932e-08,-0.00401238
6.566932e-08,-0.0115645
6.571932e-08,-0.0175788
6.576932e-08,-0.0213411
6.581932e-08,-0.0177161
6.586932e-08,-0.0108231
6.591932e-08,-0.00950486
6.596932e-08,-0.00579744
6.601932e-08,0.00738451
6.606932e-08,0.0173534
6.611932e-08,0.0173259
6.616932e-08,0.0133438
6.621932e-08,0.0127671
6.626932e-08,0.0177928
6.631932e-08,0.013234
6.636932e-08,-0.00719802
6.641932e-08,-0.0199955
6.646932e-08,-0.0206271
6.651932e-08,-0.0257901
6.656932e-08,-0.0272456
6.661932e-08,-0.0210665
6.666932e-08,-0.0176337
6.671932e-08,-0.0129926
6.676932e-08,-0.0104935
6.681932e-08,-0.0195286
6.686932e-08,-0.0266414
6.691932e-08,-0.0198033
6.696932e-08,-0.0142284
6.701932e-08,-0.0109329
6.706932e-08,0.00417141
6.711932e-08,0.0190011
6.716932e-08,0.0183695
6.721932e-08,0.00554453
6.726932e-08,-0.00272165
6.731932e-08,-0.00140346
6.736932e-08,-0.00412223
6.741932e-08,-0.00681355
6.746932e-08,-0.0081592
6.751932e-08,-0.0164254
6.756932e-08,-0.0176337
6.761932e-08,-0.00994426
6.766932e-08,-0.00373776
6.771932e-08,0.00842808
6.776932e-08,0.0144973
6.781932e-08,0.00378694
6.786932e-08,-0.00189778
6.791932e-08,-0.00134853
6.796932e-08,-0.00623684
6.801932e-08,-0.00804935
6.806932e-08,-0.00741772
6.811932e-08,-0.0139538
6.816932e-08,-0.0190618
6.821932e-08,-0.0142559
6.826932e-08,-0.0117842
6.831932e-08,-0.0148051
6.836932e-08,-0.0129102
6.841932e-08,-0.0106857
6.846932e-08,-0.0115645
6.851932e-08,-0.0137066
6.856932e-08,-0.022165
6.861932e-08,-0.0256253
6.866932e-08,-0.0127454
6.871932e-08,-0.00387507
6.876932e-08,-0.0101914
6.881932e-08,-0.0128278
6.886932e-08,-0.00799443
6.891932e-08,-0.006484
6.896932e-08,-0.00406731
6.901932e-08,0.000573836
6.906932e-08,0.00205681
6.911932e-08,0.000738611
6.916932e-08,-0.00533058
6.921932e-08,-0.0107132
6.926932e-08,-0.00796697
6.931932e-08,-0.00302374
6.936932e-08,-0.00409477
6.941932e-08,-0.0128278
6.946932e-08,-0.0130475
6.951932e-08,-0.00140346
6.956932e-08,0.000656224
6.961932e-08,-0.000771821
6.966932e-08,0.00150756
6.971932e-08,-0.00198017
6.976932e-08,-0.00137599
6.981932e-08,0.00598393
6.986932e-08,0.00911464
6.991932e-08,0.00650571
6.996932e-08,0.00164487
7.001932e-08,-0.000414809
7.006932e-08,0.00208427
7.011932e-08,0.00661556
7.016932e-08,0.00395171
7.021932e-08,-0.00774727
7.026932e-08,-0.00892815
7.031932e-08,0.00205681
7.036932e-08,0.00562692
7.041932e-08,-0.00126614
7.046932e-08,-0.00961471
7.051932e-08,-0.014503
7.056932e-08,-0.0179907
7.061932e-08,-0.020737
7.066932e-08,-0.0216432
7.071932e-08,-0.0209018
7.076932e-08,-0.020737
7.081932e-08,-0.0235381
7.086932e-08,-0.022522
7.091932e-08,-0.01854
7.096932e-08,-0.0135418
7.101932e-08,-0.00417716
7.106932e-08,-0.00382015
7.111932e-08,-0.0125532
7.116932e-08,-0.0167275
7.121932e-08,-0.0207644
7.126932e-08,-0.0226319
7.131932e-08,-0.0216432
7.136932e-08,-0.0290306
7.141932e-08,-0.03315
7.146932e-08,-0.0258999
7.151932e-08,-0.0236205
7.156932e-08,-0.026202
7.161932e-08,-0.0218355
7.166932e-08,-0.0145854
7.171932e-08,-0.0167549
7.176932e-08,-0.0274103
7.181932e-08,-0.0358688
7.186932e-08,-0.0352371
7.191932e-08,-0.0232086
7.196932e-08,-0.011592
7.201932e-08,-0.00681355
7.206932e-08,-0.00579744
7.211932e-08,-0.00892815
7.216932e-08,0.000161901
7.221932e-08,0.0133164
7.226932e-08,0.00529737
7.231932e-08,-0.00228225
7.236932e-08,0.00194696
7.241932e-08,-0.00140346
7.246932e-08,-0.00469894
7.251932e-08,0.000903385
7.256932e-08,0.00180964
7.261932e-08,0.00158994
7.266932e-08,0.00411648
7.271932e-08,-0.00316105
7.276932e-08,-0.00898307
7.281932e-08,-0.00316105
7.286932e-08,-0.00412223
7.291932e-08,-0.0184301
7.296932e-08,-0.0312825
7.301932e-08,-0.0363631
7.306932e-08,-0.0368025
7.311932e-08,-0.0329852
7.316932e-08,-0.0277673
7.321932e-08,-0.0210391
7.326932e-08,-0.00892815
7.331932e-08,0.00494036
7.336932e-08,0.0093618
7.341932e-08,-0.00393
7.346932e-08,-0.0228241
7.351932e-08,-0.0275751
7.356932e-08,-0.022934
7.361932e-08,-0.0226044
7.366932e-08,-0.0248014
7.371932e-08,-0.0263393
7.376932e-08,-0.0206271
7.381932e-08,-0.00590729
7.386932e-08,-0.00088167
7.391932e-08,-0.00497357
7.396932e-08,-0.00365537
7.401932e-08,-0.00395746
7.406932e-08,-0.00450671
7.411932e-08,-0.00321597
7.416932e-08,-0.0107407
7.421932e-08,-0.0138714
7.426932e-08,-0.0060446
7.431932e-08,-0.00758249
7.436932e-08,-0.0136242
7.441932e-08,-0.00870845
7.446932e-08,-0.0107681
7.451932e-08,-0.0255704
7.456932e-08,-0.027987
7.461932e-08,-0.0166725
7.466932e-08,-0.0077198
7.471932e-08,-0.00351806
7.476932e-08,-0.00335328
7.481932e-08,-0.00140346
7.486932e-08,0.00282575
7.491932e-08,-0.00464402
7.496932e-08,-0.0178809
7.501932e-08,-0.0239501
7.506932e-08,-0.0306509
7.511932e-08,-0.0327106
7.516932e-08,-0.0239775
7.521932e-08,-0.0207095
7.526932e-08,-0.0184301
7.531932e-08,-0.00752757
7.536932e-08,0.00084846
7.541932e-08,0.00419887
7.546932e-08,0.00730212
7.551932e-08,0.00587408
7.556932e-08,-0.00291389
7.561932e-08,-0.00546789
7.566932e-08,-0.000744358
7.571932e-08,-0.000442272
7.576932e-08,-0.000936595
7.581932e-08,-0.00203509
7.586932e-08,-0.00618191
7.591932e-08,-0.0079395
7.596932e-08,-0.00343567
7.601932e-08,-0.00362791
7.606932e-08,-0.0202976
7.611932e-08,-0.0307607
7.616932e-08,-0.0197483
7.621932e-08,-0.00846129
7.626932e-08,-0.00524819
7.631932e-08,-0.00684101
7.636932e-08,-0.0127454
7.641932e-08,-0.0137066
7.646932e-08,-0.0113448
7.651932e-08,-0.0123609
7.656932e-08,-0.00934009
7.661932e-08,-0.00513834
7.666932e-08,-0.00876338
7.671932e-08,-0.0154367
7.676932e-08,-0.0142833
7.681932e-08,-0.00351806
7.686932e-08,-0.000661971
7.691932e-08,-0.00634669
7.696932e-08,-0.00307866
7.701932e-08,-0.00274911
7.706932e-08,-0.0109878
7.711932e-08,-0.0104386
7.716932e-08,-0.00533058
7.721932e-08,-0.00423208
7.726932e-08,-0.00340821
7.731932e-08,-0.0028315
7.736932e-08,-0.00357298
7.741932e-08,-0.0028315
7.746932e-08,-0.00184285
7.751932e-08,-0.00522073
7.756932e-08,-0.00563266
7.761932e-08,0.00172726
7.766932e-08,0.00683526
7.771932e-08,0.00620363
7.776932e-08,0.00389679
7.781932e-08,0.000354137
7.786932e-08,-0.00453417
7.791932e-08,-0.00944993
7.796932e-08,-0.0131024
7.801932e-08,-0.011235
7.806932e-08,-0.00236464
7.811932e-08,0.00332008
7.816932e-08,0.00134278
7.821932e-08,-0.000332422
7.826932e-08,-0.00154077
7.831932e-08,-0.00417716
7.836932e-08,-0.00717056
7.841932e-08,-0.0123884
7.846932e-08,-0.015574
7.851932e-08,-0.0152445
7.856932e-08,-0.0199955
7.861932e-08,-0.0277399
7.866932e-08,-0.024719
7.871932e-08,-0.0151621
7.876932e-08,-0.0105759
7.881932e-08,-0.00703324
7.886932e-08,-0.00390253
7.891932e-08,-0.00219986
7.896932e-08,-8.52608e-05
7.901932e-08,-0.00244703
7.906932e-08,-0.00950486
7.911932e-08,-0.0164528
7.916932e-08,-0.0183477
7.921932e-08,-0.0161233
7.926932e-08,-0.0161233
7.931932e-08,-0.0120314
7.936932e-08,0.000683686
7.941932e-08,0.00985612
7.946932e-08,0.00601139
7.951932e-08,-0.00552281
7.956932e-08,-0.0120589
7.961932e-08,-0.0118941
7.966932e-08,-0.0125257
7.971932e-08,-0.00662131
7.976932e-08,0.00494036
7.981932e-08,0.00400663
7.986932e-08,-0.000964057
7.991932e-08,-0.00439686
7.996932e-08,-0.0118117
8.001932e-08,-0.0106583
8.006932e-08,-0.0047264
8.011932e-08,-0.00403984
8.016932e-08,-0.00843383
8.021932e-08,-0.0143108
8.026932e-08,-0.0115645
8.031932e-08,-0.010521
8.036932e-08,-0.0180457
8.041932e-08,-0.0180731
8.046932e-08,-0.0126356
8.051932e-08,-0.00986187
8.056932e-08,-0.00840636
8.061932e-08,-0.0145854
8.066932e-08,-0.0263942
8.071932e-08,-0.0360061
8.076932e-08,-0.037544
8.081932e-08,-0.0269435
8.086932e-08,-0.0215608
8.091932e-08,-0.0254056
8.096932e-08,-0.0184027
8.101932e-08,-0.00442432
8.106932e-08,0.00150756
8.111932e-08,0.00364962
8.116932e-08,0.0093618
8.121932e-08,0.00840062
8.126932e-08,-0.000854208
8.131932e-08,-0.00686847
8.136932e-08,-0.0140636
8.141932e-08,-0.0234008
8.146932e-08,-0.0257901
8.151932e-08,-0.0244169
8.156932e-08,-0.0238128
8.161932e-08,-0.0154093
8.166932e-08,-0.00596221
8.171932e-08,-0.0161508
8.176932e-08,-0.0277948
8.181932e-08,-0.0186773
8.186932e-08,-0.0173042
8.191932e-08,-0.0266963
8.196932e-08,-0.0160409
8.201932e-08,-0.00280404
8.206932e-08,-0.000634509
8.211932e-08,0.00749436
8.216932e-08,0.013591
8.221932e-08,0.0153761
8.226932e-08,0.0167766
8.231932e-08,0.00397917
8.236932e-08,-0.0124159
8.241932e-08,-0.0165078
8.246932e-08,-0.0176063
8.251932e-08,-0.0171943
8.256932e-08,-0.0117019
8.261932e-08,-0.00912039
8.266932e-08,-0.0139538
8.271932e-08,-0.0178534
8.276932e-08,-0.015629
8.281932e-08,-0.0120039
8.286932e-08,-0.0099168
8.291932e-08,-0.0103013
8.296932e-08,-0.0117019
8.301932e-08,-0.00870845
8.306932e-08,-0.00255688
8.311932e-08,-0.00307866
8.316932e-08,-0.00766488
8.321932e-08,-0.00483625
8.326932e-08,0.00197442
8.331932e-08,0.00518752
8.336932e-08,0.00282575
8.341932e-08,-0.00225479
8.346932e-08,-0.00230971
8.351932e-08,-0.00187032
8.356932e-08,-0.00395746
8.361932e-08,0.00200188
8.366932e-08,0.0102406
8.371932e-08,0.0110645
8.376932e-08,0.00612124
8.381932e-08,-0.00187032
8.386932e-08,-0.00799443
8.391932e-08,-0.0154367
8.396932e-08,-0.0232086
8.401932e-08,-0.0255978
8.406932e-08,-0.0267787
8.411932e-08,-0.0229614
8.416932e-08,-0.0139263
8.421932e-08,-0.00673116
8.426932e-08,0.00367709
8.431932e-08,0.0144973
8.436932e-08,0.0149916
8.441932e-08,0.0123277
8.446932e-08,0.0141403
8.451932e-08,0.0180399
8.456932e-08,0.0215002
8.461932e-08,0.0180399
8.466932e-08,0.00949911
8.471932e-08,0.00642333
8.476932e-08,0.00999344
8.481932e-08,0.013234
8.486932e-08,0.00977374
8.491932e-08,-0.00145838
8.496932e-08,-0.0126356
8.501932e-08,-0.0151621
8.506932e-08,-0.0130475
8.511932e-08,-0.0126081
8.516932e-08,-0.0120863
8.521932e-08,-0.0101914
8.526932e-08,-0.00508342
8.531932e-08,-0.00110137
8.536932e-08,-0.00184285
8.541932e-08,0.00310038
8.546932e-08,0.00686272
8.551932e-08,-0.000552121
8.556932e-08,-0.00453417
8.561932e-08,-0.00730787
8.566932e-08,-0.0154093
8.571932e-08,-0.020325
8.576932e-08,-0.0227143
8.581932e-08,-0.0186498
8.586932e-08,-0.00942247
8.591932e-08,-0.0026118
8.596932e-08,0.00477558
8.601932e-08,0.00406156
8.606932e-08,-0.0108231
8.611932e-08,-0.0240874
8.616932e-08,-0.0227417
8.621932e-08,-0.0138714
8.626932e-08,-0.0152445
8.631932e-08,-0.0279321
8.636932e-08,-0.0263393
8.641932e-08,-0.0092577
8.646932e-08,-0.00030496
8.651932e-08,0.00197442
8.656932e-08,-0.00233718
8.661932e-08,-0.00774727
8.666932e-08,-0.000689433
8.671932e-08,0.00384186
8.676932e-08,0.00329261
8.681932e-08,0.00985612
8.686932e-08,0.0127671
8.691932e-08,0.00546214
8.696932e-08,-0.00755503
8.701932e-08,-0.0255978
8.706932e-08,-0.0354843
8.711932e-08,-0.0281244
8.716932e-08,-0.0157937
8.721932e-08,-0.00920277
8.726932e-08,-0.0140636
8.731932e-08,-0.0198582
8.736932e-08,-0.0110153
8.741932e-08,-0.00395746
8.746932e-08,-0.00898307
8.751932e-08,-0.0101914
8.756932e-08,-0.0104111
8.761932e-08,-0.0143657
8.766932e-08,-0.00810428
8.771932e-08,0.00101323
8.776932e-08,-0.00167808
8.781932e-08,-0.00590729
8.786932e-08,-0.0083789
8.791932e-08,-0.0124708
8.796932e-08,-0.0134869
8.801932e-08,-0.0175788
8.806932e-08,-0.026916
8.811932e-08,-0.0314473
8.816932e-08,-0.0264766
8.821932e-08,-0.0176887
8.826932e-08,-0.014915
8.831932e-08,-0.0123609
8.836932e-08,-0.00425954
8.841932e-08,0.000601299
8.846932e-08,-0.00112883
8.851932e-08,-0.00612699
8.856932e-08,-0.00200763
8.861932e-08,0.0110095
8.866932e-08,0.0127671
8.871932e-08,0.00576423
8.876932e-08,0.00131532
8.881932e-08,-0.00187032
8.886932e-08,-0.00818667
8.891932e-08,-0.0221376
8.896932e-08,-0.0267512
8.901932e-08,-0.0153543
8.906932e-08,-0.0142559
8.911932e-08,-0.0209841
8.916932e-08,-0.0141735
8.921932e-08,-0.00203509
8.926932e-08,0.00117801
8.931932e-08,-0.000854208
8.936932e-08,-0.00497357
8.941932e-08,-0.0172493
8.946932e-08,-0.0293602
8.951932e-08,-0.0280694
8.956932e-08,-0.0166725
8.961932e-08,-0.0023921
8.966932e-08,0.00760421
8.971932e-08,0.0118883
8.976932e-08,0.0140029
8.981932e-08,0.0126573
8.986932e-08,0.00683526
8.991932e-08,-0.0030512
8.996932e-08,-0.010878
9.001932e-08,-0.00906546
9.006932e-08,-0.00590729
9.011932e-08,-0.0032709
9.016932e-08,0.00908718
9.021932e-08,0.0179301
9.026932e-08,0.0141128
9.031932e-08,0.0110095
9.036932e-08,0.00466573
9.041932e-08,-0.00747264
9.046932e-08,-0.00667623
9.051932e-08,0.00101323
9.056932e-08,-0.00346313
9.061932e-08,-0.00961471
9.066932e-08,-0.00821413
9.071932e-08,-0.00607206
9.076932e-08,-0.00368283
9.081932e-08,-0.00184285
9.086932e-08,-0.00294135
9.091932e-08,-0.00813174
9.096932e-08,-0.0142009
9.101932e-08,-0.0110428
9.106932e-08,-0.0088183
9.111932e-08,-0.0215883
9.116932e-08,-0.0308981
9.121932e-08,-0.0316121
9.126932e-08,-0.0361434
9.131932e-08,-0.0357589
9.136932e-08,-0.0279321
9.141932e-08,-0.0190343
9.146932e-08,-0.00851621
9.151932e-08,-0.0019527
9.156932e-08,-0.00763742
9.161932e-08,-0.0190068
9.166932e-08,-0.0257351
9.171932e-08,-0.0285912
9.176932e-08,-0.0240874
9.181932e-08,-0.0149424
9.186932e-08,-0.0143108
9.191932e-08,-0.0182104
9.196932e-08,-0.0151621
9.201932e-08,-0.00766488
9.206932e-08,-0.00980695
9.211932e-08,-0.0215334
9.216932e-08,-0.0261745
9.221932e-08,-0.0254605
9.226932e-08,-0.0238128
9.231932e-08,-0.0135968
9.236932e-08,-0.00365537
9.241932e-08,-0.00318851
9.246932e-08,-0.00667623
9.251932e-08,-0.0152445
9.256932e-08,-0.0279596
9.261932e-08,-0.0292229
9.266932e-08,-0.0204624
9.271932e-08,-0.0218629
9.276932e-08,-0.0277399
9.281932e-08,-0.0266963
9.286932e-08,-0.0241423
9.291932e-08,-0.0152445
9.296932e-08,-0.0103013
9.301932e-08,-0.0135418
9.306932e-08,2.45887e-05
9.311932e-08,0.014662
9.316932e-08,0.00949911
9.321932e-08,0.00115055
9.326932e-08,-0.00395746
9.331932e-08,-0.0100266
9.336932e-08,-0.0215059
9.341932e-08,-0.0321888
9.346932e-08,-0.0337541
9.351932e-08,-0.0367201
9.356932e-08,-0.0414985
9.361932e-08,-0.0388896
9.366932e-08,-0.0331774
9.371932e-08,-0.0282617
9.376932e-08,-0.0220826
9.381932e-08,-0.017057
9.386932e-08,-0.0213686
9.391932e-08,-0.0292229
9.396932e-08,-0.0289208
9.401932e-08,-0.0284539
9.406932e-08,-0.0325733
9.411932e-08,-0.0326282
9.416932e-08,-0.0238677
9.421932e-08,-0.0142833
9.426932e-08,-0.014503
9.431932e-08,-0.0216432
9.436932e-08,-0.0274653
9.441932e-08,-0.0231262
9.446932e-08,-0.00912039
9.451932e-08,-0.00362791
9.456932e-08,-0.00722548
9.461932e-08,-0.00598967
9.466932e-08,-0.0106583
9.471932e-08,-0.0265315
9.476932e-08,-0.0372693
9.481932e-08,-0.0370771
9.486932e-08,-0.0324909
9.491932e-08,-0.0333422
9.496932e-08,-0.0363631
9.501932e-08,-0.0338091
9.506932e-08,-0.0312825
9.511932e-08,-0.0238402
9.516932e-08,-0.0117568
9.521932e-08,-0.0133771
9.526932e-08,-0.0247739
9.531932e-08,-0.0280694
9.536932e-08,-0.0248289
9.541932e-08,-0.0218355
9.546932e-08,-0.011949
9.551932e-08,0.00375947
9.556932e-08,0.00779644
9.561932e-08,-0.00187032
9.566932e-08,-0.0088183
9.571932e-08,-0.0100816
9.576932e-08,-0.014915
9.581932e-08,-0.0209018
9.586932e-08,-0.0239775
9.591932e-08,-0.0312551
9.596932e-08,-0.0385875
9.601932e-08,-0.0336992
9.606932e-08,-0.0267512
9.611932e-08,-0.0275476
9.616932e-08,-0.0292778
9.621932e-08,-0.0320789
9.626932e-08,-0.0333147
9.631932e-08,-0.028399
9.636932e-08,-0.0274103
9.641932e-08,-0.0270259
9.646932e-08,-0.0194188
9.651932e-08,-0.0147776
9.656932e-08,-0.010466
9.661932e-08,-0.00387507
9.666932e-08,-0.00642907
9.671932e-08,-0.0144756
9.676932e-08,-0.0175788
9.681932e-08,-0.0158487
9.686932e-08,-0.0121687
9.691932e-08,-0.00986187
9.696932e-08,-0.0124433
9.701932e-08,-0.0103837
9.706932e-08,-0.00354552
9.711932e-08,-0.00912039
9.716932e-08,-0.0184851
9.721932e-08,-0.0181555
9.726932e-08,-0.0146129
9.731932e-08,-0.0149699
9.736932e-08,-0.0180731
9.741932e-08,-0.0126905
9.746932e-08,-0.00294135
9.751932e-08,0.000106976
9.756932e-08,0.00120547
9.761932e-08,0.000299213
9.766932e-08,-0.00829651
9.771932e-08,-0.0239226
9.776932e-08,-0.0335344
9.781932e-08,-0.0322986
9.786932e-08,-0.0340562
9.791932e-08,-0.0336168
9.796932e-08,-0.0223573
9.801932e-08,-0.0124159
9.806932e-08,-0.00958725
9.811932e-08,-0.0138165
9.816932e-08,-0.0240874
9.821932e-08,-0.0340288
9.826932e-08,-0.0409493
9.831932e-08,-0.0450687
9.836932e-08,-0.0427618
9.841932e-08,-0.0370496
9.846932e-08,-0.0327106
9.851932e-08,-0.0220002
9.856932e-08,-0.00936755
9.861932e-08,-0.00598967
9.866932e-08,-0.00695086
9.871932e-08,-0.00879084
9.876932e-08,-0.0103287
9.881932e-08,-0.00832398
9.886932e-08,-0.0056052
9.891932e-08,-0.00203509
9.896932e-08,0.00296306
9.901932e-08,0.0042538
9.906932e-08,0.00760421
9.911932e-08,0.0129868
9.916932e-08,0.0098012
9.921932e-08,0.00400663
9.926932e-08,0.00101323
9.931932e-08,-0.00165062
9.936932e-08,-0.0015133
9.941932e-08,0.00472066
9.946932e-08,0.0178751
9.951932e-08,0.0251527
9.956932e-08,0.0115039
9.961932e-08,-0.00901054
9.966932e-08,-0.0085986
9.971932e-08,0.00516006
9.976932e-08,0.000491449
9.981932e-08,-0.0126081
9.986932e-08,-0.00826905
9.991932e-08,-0.00489118
9.996932e-08,-0.0120863
1.000193e-07,-0.0106857
1.000693e-07,-0.00813174
1.001193e-07,-0.015986
1.001693e-07,-0.0223023
1.002193e-07,-0.0179633
1.002693e-07,-0.0129377
1.003193e-07,-0.0193089
1.003693e-07,-0.0232361
1.004193e-07,-0.0137615
1.004693e-07,-0.00555028
1.005193e-07,-0.00502849
1.005693e-07,-0.0088183
1.006193e-07,-0.0113448
1.006693e-07,-0.00585236
1.007193e-07,-0.00277657
1.007693e-07,-0.00728041
1.008193e-07,-0.0111801
1.008693e-07,-0.01486
1.009193e-07,-0.01486
1.009693e-07,-0.0112075
1.010193e-07,-0.0126905
1.010693e-07,-0.0128003
1.011193e-07,-0.00717056
1.011693e-07,-0.00211748
1.012193e-07,0.00732958
1.012693e-07,0.0142776
1.013193e-07,0.00664302
1.013693e-07,0.000216825
1.014193e-07,0.00153502
1.014693e-07,-0.000359885
1.015193e-07,-0.00140346
1.015693e-07,-0.000936595
1.016193e-07,-0.00519326
1.016693e-07,-0.00939501
1.017193e-07,-0.0107681
1.017693e-07,-0.0113174
1.018193e-07,-0.0103562
1.018693e-07,-0.0111801
1.019193e-07,-0.0127454
1.019693e-07,-0.0100541
1.020193e-07,-0.00464402
1.020693e-07,0.00285321
1.021193e-07,0.00760421
1.021693e-07,0.00713735
1.022193e-07,0.00485797
1.022693e-07,0.000216825
1.023193e-07,-0.00420462
1.023693e-07,-0.0114547
1.024193e-07,-0.0194737
1.024693e-07,-0.0189794
1.025193e-07,-0.0194737
1.025693e-07,-0.0276026
1.026193e-07,-0.0316395
1.026693e-07,-0.0307882
1.027193e-07,-0.0301017
1.027693e-07,-0.0237029
1.028193e-07,-0.0167824
1.028693e-07,-0.0142559
1.029193e-07,-0.0111251
1.029693e-07,-0.01302
1.030193e-07,-0.0176063
1.030693e-07,-0.0140911
1.031193e-07,-0.00854368
1.031693e-07,-0.0111251
1.032193e-07,-0.0163705
1.032693e-07,-0.0209292
1.033193e-07,-0.0302664
1.033693e-07,-0.0292229
1.034193e-07,-0.0101365
1.034693e-07,0.00323769
1.035193e-07,0.00326515
1.035693e-07,0.00466573
1.036193e-07,0.00963642
1.036693e-07,0.00925195
1.037193e-07,0.00496782
1.037693e-07,0.0014801
1.038193e-07,-0.00379268
1.038693e-07,-0.00997172
1.039193e-07,-0.0126081
1.039693e-07,-0.00977948
1.040193e-07,-0.00390253
1.040693e-07,-0.00329836
1.041193e-07,-0.006484
1.041693e-07,-0.00673116
1.042193e-07,-0.00651146
1.042693e-07,-0.00316105
1.043193e-07,0.000903385
1.043693e-07,-0.00088167
1.044193e-07,-0.00478133
1.044693e-07,-0.00733533
1.045193e-07,-0.00719802
1.045693e-07,-0.00634669
1.046193e-07,-0.00338075
1.046693e-07,-0.000661971
1.047193e-07,-0.00148584
1.047693e-07,0.00158994
1.048193e-07,0.00342992
1.048693e-07,-0.00145838
1.049193e-07,-0.00165062
1.049693e-07,0.0087027
1.050193e-07,0.0201271
1.050693e-07,0.0253449
1.051193e-07,0.0317436
1.051693e-07,0.0364123
1.052193e-07,0.0253174
1.052693e-07,0.00985612
1.053193e-07,0.0052699
1.053693e-07,0.000518912
1.054193e-07,-0.006484
1.054693e-07,-0.00887322
1.055193e-07,-0.00848875
1.055693e-07,-0.00156823
1.056193e-07,0.00474812
1.056693e-07,-0.000634509
1.057193e-07,-0.00766488
1.057693e-07,-0.00876338
1.058193e-07,-0.00955978
1.058693e-07,-0.0121138
1.059193e-07,-0.0142559
1.059693e-07,-0.0177985
1.060193e-07,-0.0238402
1.060693e-07,-0.0256527
1.061193e-07,-0.0271083
1.061693e-07,-0.0339464
1.062193e-07,-0.0344407
1.062693e-07,-0.0281244
1.063193e-07,-0.0201603
1.063693e-07,-0.00832398
1.064193e-07,-0.00379268
1.064693e-07,-0.00587982
1.065193e-07,-0.00154077
1.065693e-07,-0.0028315
1.066193e-07,-0.0140911
1.066693e-07,-0.0187597
1.067193e-07,-0.0173316
1.067693e-07,-0.0190068
1.068193e-07,-0.0203525
1.068693e-07,-0.0163155
1.069193e-07,-0.0121687
1.069693e-07,-0.00791204
1.070193e-07,-0.000387347
1.070693e-07,0.00661556
1.071193e-07,0.0138656
1.071693e-07,0.019825
1.072193e-07,0.0188912
1.072693e-07,0.0110645
1.073193e-07,0.00963642
1.073693e-07,0.0185068
1.074193e-07,0.0191659
1.074693e-07,0.0157056
1.075193e-07,0.019413
1.075693e-07,0.0204291
1.076193e-07,0.0156507
1.076693e-07,0.00873017
1.077193e-07,0.000683686
1.077693e-07,-0.0053855
1.078193e-07,-0.00766488
1.078693e-07,-0.0112075
1.079193e-07,-0.0197758
1.079693e-07,-0.0263668
1.080193e-07,-0.0231811
1.080693e-07,-0.0163979
1.081193e-07,-0.0207644
1.081693e-07,-0.0285363
1.082193e-07,-0.024362
1.082693e-07,-0.0203525
1.083193e-07,-0.0205173
1.083693e-07,-0.0191442
1.084193e-07,-0.0204624
1.084693e-07,-0.0202701
1.085193e-07,-0.0227417
1.085693e-07,-0.0306784
1.086193e-07,-0.0314473
1.086693e-07,-0.0264492
1.087193e-07,-0.0285363
1.087693e-07,-0.0369123
1.088193e-07,-0.0423499
1.088693e-07,-0.0431737
1.089193e-07,-0.03315
1.089693e-07,-0.0193913
1.090193e-07,-0.0200504
1.090693e-07,-0.0216432
1.091193e-07,-0.0140636
1.091693e-07,-0.00750011
1.092193e-07,-0.000661971
1.092693e-07,0.00419887
1.093193e-07,0.00483051
1.093693e-07,0.00732958
1.094193e-07,0.00642333
1.094693e-07,0.0010407
1.095193e-07,-0.00302374
1.095693e-07,-0.00722548
1.096193e-07,-0.013432
1.096693e-07,-0.0177436
1.097193e-07,-0.0134045
1.097693e-07,-0.00456163
1.098193e-07,-0.00321597
1.098693e-07,-0.0110153
1.099193e-07,-0.0157937
1.099693e-07,-0.0189794
1.100193e-07,-0.0281244
1.100693e-07,-0.0268336
1.101193e-07,-0.0150797
1.101693e-07,-0.0135968
1.102193e-07,-0.0190892
1.102693e-07,-0.0213411
1.103193e-07,-0.0194462
1.103693e-07,-0.0162606
1.104193e-07,-0.0153818
1.104693e-07,-0.0094774
1.105193e-07,-0.00030496
1.105693e-07,0.00375947
1.106193e-07,0.00807107
1.106693e-07,0.0155958
1.107193e-07,0.0226811
1.107693e-07,0.0245485
1.108193e-07,0.02161
1.108693e-07,0.0138931
1.109193e-07,0.00120547
1.109693e-07,-0.00099152
1.110193e-07,0.00411648
1.110693e-07,-0.00574251
1.111193e-07,-0.0186224
1.111693e-07,-0.0152994
1.112193e-07,-0.00609952
1.112693e-07,-0.00118376
1.113193e-07,0.00513259
1.113693e-07,0.00949911
1.114193e-07,0.00150756
1.114693e-07,-0.00994426
1.115193e-07,-0.0142009
1.115693e-07,-0.0136517
1.116193e-07,-0.00914785
1.116693e-07,-0.00475387
1.117193e-07,-0.00423208
1.117693e-07,-0.00222733
1.118193e-07,-0.000964057
1.118693e-07,-0.00645653
1.119193e-07,-0.0092577
1.119693e-07,-0.00631922
1.120193e-07,-0.00686847
1.120693e-07,-0.00942247
1.121193e-07,-0.0106308
1.121693e-07,-0.00999918
1.122193e-07,-0.00840636
1.122693e-07,-0.0106034
1.123193e-07,-0.0170021
1.123693e-07,-0.0247739
1.124193e-07,-0.0274927
1.124693e-07,-0.0225495
1.125193e-07,-0.0153818
1.125693e-07,-0.00832398
1.126193e-07,-0.0049461
1.126693e-07,-0.00445178
1.127193e-07,-0.000524659
1.127693e-07,0.0029356
1.128193e-07,0.00417141
1.128693e-07,0.00634094
1.129193e-07,0.00532483
1.129693e-07,0.00230397
1.130193e-07,0.000354137
1.130693e-07,0.000106976
1.131193e-07,0.00183711
1.131693e-07,-0.000964057
1.132193e-07,-0.00318851
1.132693e-07,0.000628761
1.133193e-07,0.000189363
1.133693e-07,-0.00519326
1.134193e-07,-0.00431447
1.134693e-07,0.00922449
1.135193e-07,0.0160352
1.135693e-07,-0.00365537
1.136193e-07,-0.0231537
1.136693e-07,-0.0226319
1.137193e-07,-0.0193639
1.137693e-07,-0.0180182
1.138193e-07,-0.011949
1.138693e-07,-0.00695086
1.139193e-07,-0.00722548
1.139693e-07,-0.00769234
1.140193e-07,-0.0096971
1.140693e-07,-0.0118117
1.141193e-07,-0.0122236
1.141693e-07,-0.0166725
1.142193e-07,-0.0151072
1.142693e-07,-0.00711563
1.143193e-07,-0.00895561
1.143693e-07,-0.0115371
1.144193e-07,-0.00445178
1.144693e-07,0.000766073
1.145193e-07,-0.0023921
1.145693e-07,-0.00703324
1.146193e-07,-0.0058249
1.146693e-07,0.00134278
1.147193e-07,0.0057093
1.147693e-07,0.00590154
1.148193e-07,0.0100484
1.148693e-07,0.00919703
1.149193e-07,0.00551707
1.149693e-07,0.0135635
1.150193e-07,0.0157331
1.150693e-07,0.00721973
1.151193e-07,0.00491289
1.151693e-07,0.00233143
1.152193e-07,-0.00401238
1.152693e-07,-0.00848875
1.153193e-07,-0.0115371
1.153693e-07,-0.0144206
1.154193e-07,-0.0220002
1.154693e-07,-0.0270259
1.155193e-07,-0.0217531
1.155693e-07,-0.015986
1.156193e-07,-0.0124983
1.156693e-07,-0.0034906
1.157193e-07,0.00735705
1.157693e-07,0.0095815
1.158193e-07,0.00466573
1.158693e-07,0.00153502
1.159193e-07,0.000683686
1.159693e-07,-0.00901054
1.160193e-07,-0.0227143
1.160693e-07,-0.0263942
1.161193e-07,-0.0246641
1.161693e-07,-0.0140911
1.162193e-07,0.000711148
1.162693e-07,0.0070275
1.163193e-07,0.0135086
1.163693e-07,0.0153761
1.164193e-07,0.0118334
1.164693e-07,0.0129319
1.165193e-07,0.00345739
1.165693e-07,-0.0148051
1.166193e-07,-0.0175788
1.166693e-07,-0.00999918
1.167193e-07,-0.0120039
1.167693e-07,-0.0224122
1.168193e-07,-0.0270259
1.168693e-07,-0.0248289
1.169193e-07,-0.0261745
1.169693e-07,-0.0301017
1.170193e-07,-0.0282891
1.170693e-07,-0.0195012
1.171193e-07,-0.0132397
1.171693e-07,-0.0169472
1.172193e-07,-0.0217256
1.172693e-07,-0.0177985
1.173193e-07,-0.00818667
1.173693e-07,-0.00458909
1.174193e-07,-0.0053855
1.174693e-07,-0.00225479
1.175193e-07,-0.00475387
1.175693e-07,-0.0138988
1.176193e-07,-0.0162881
1.176693e-07,-0.00557774
1.177193e-07,0.00878509
1.177693e-07,0.0103779
1.178193e-07,0.00713735
1.178693e-07,0.0100758
1.179193e-07,0.00414395
1.179693e-07,-0.00936755
1.180193e-07,-0.0106308
1.180693e-07,-0.00263926
1.181193e-07,-0.00230971
1.181693e-07,-0.0146953
1.182193e-07,-0.025131
1.182693e-07,-0.0208743
1.183193e-07,-0.0114272
1.183693e-07,-0.0119765
1.184193e-07,-0.0205173
1.184693e-07,-0.023291
1.185193e-07,-0.0173042
1.185693e-07,-0.00623684
1.186193e-07,0.00095831
1.186693e-07,-0.00219986
1.187193e-07,-0.00313359
1.187693e-07,-0.00187032
1.188193e-07,-0.0067037
1.188693e-07,-0.00697832
1.189193e-07,-0.00513834
1.189693e-07,-0.0148875
1.190193e-07,-0.0245542
1.190693e-07,-0.0211764
1.191193e-07,-0.0170296
1.191693e-07,-0.0220277
1.192193e-07,-0.0290581
1.192693e-07,-0.0343309
1.193193e-07,-0.0361983
1.193693e-07,-0.022879
1.194193e-07,0.000903385
1.194693e-07,0.0169963
1.195193e-07,0.0246584
1.195693e-07,0.0252076
1.196193e-07,0.0203742
1.196693e-07,0.0209784
1.197193e-07,0.0241366
1.197693e-07,0.0162549
1.198193e-07,0.00499528
1.198693e-07,0.00351231
1.199193e-07,-0.00206255
1.199693e-07,-0.0183752
1.200193e-07,-0.0271632
1.200693e-07,-0.0252133
1.201193e-07,-0.0263118
1.201693e-07,-0.0329303
1.202193e-07,-0.0320515
1.202693e-07,-0.0195836
1.203193e-07,-0.00601714
1.203693e-07,0.00732958
1.204193e-07,0.0176554
1.204693e-07,0.0197426
1.205193e-07,0.021967
1.205693e-07,0.0186441
1.206193e-07,0.00238635
1.206693e-07,-0.00324344
1.207193e-07,0.00625855
1.207693e-07,0.00807107
1.208193e-07,0.00598393
1.208693e-07,0.0063684
1.209193e-07,0.00109562
1.209693e-07,-0.00486372
1.210193e-07,-0.00497357
1.210693e-07,0.00200188
1.211193e-07,0.0133438
1.211693e-07,0.0162549
1.212193e-07,0.00991105
1.212693e-07,0.00807107
1.213193e-07,0.00804361
1.213693e-07,-0.000524659
1.214193e-07,-0.00854368
1.214693e-07,-0.00739026
1.215193e-07,-0.00890069
1.215693e-07,-0.0180731
1.216193e-07,-0.0229065
1.216693e-07,-0.0138714
1.217193e-07,0.00274337
1.217693e-07,0.00455588
1.218193e-07,-0.00593475
1.218693e-07,-0.00395746
1.219193e-07,0.00117801
1.219693e-07,-0.00439686
1.220193e-07,-0.00917531
1.220693e-07,-0.013432
1.221193e-07,-0.0188695
1.221693e-07,-0.0128827
1.222193e-07,-0.000167648
1.222693e-07,0.00461081
1.223193e-07,0.00694511
1.223693e-07,0.0091421
1.224193e-07,0.00310038
1.224693e-07,-0.00736279
1.225193e-07,-0.0165078
1.225693e-07,-0.0243071
1.226193e-07,-0.0262295
1.226693e-07,-0.0239501
1.227193e-07,-0.0237304
1.227693e-07,-0.0187048
1.228193e-07,-0.00975202
1.228693e-07,-0.00382015
1.229193e-07,0.00878509
1.229693e-07,0.0222691
1.230193e-07,0.0175731
1.230693e-07,0.00414395
1.231193e-07,-0.00228225
1.231693e-07,-0.00450671
1.232193e-07,-0.0085986
1.232693e-07,-0.0149699
1.233193e-07,-0.0162606
1.233693e-07,-0.0108231
1.234193e-07,-0.00623684
1.234693e-07,-0.00409477
1.235193e-07,-0.00288642
1.235693e-07,-0.00277657
1.236193e-07,-0.0030512
1.236693e-07,-0.00307866
1.237193e-07,-0.00294135
1.237693e-07,-0.00307866
1.238193e-07,-0.00250195
1.238693e-07,-0.00255688
1.239193e-07,-0.00475387
1.239693e-07,-0.00340821
1.240193e-07,0.00095831
1.240693e-07,0.00142517
1.241193e-07,-0.00574251
1.241693e-07,-0.016343
1.242193e-07,-0.0189245
1.242693e-07,-0.0147227
1.243193e-07,-0.011592
1.243693e-07,-0.00733533
1.244193e-07,-0.00156823
1.244693e-07,0.00573677
1.245193e-07,0.0158429
1.245693e-07,0.022379
1.246193e-07,0.021665
1.246693e-07,0.0184793
1.247193e-07,0.0162549
1.247693e-07,0.0111194
1.248193e-07,0.00345739
1.248693e-07,-0.00148584
1.249193e-07,-0.00436939
1.249693e-07,-0.00552281
1.250193e-07,-0.00458909
1.250693e-07,0.000683686
1.251193e-07,0.00930688
1.251693e-07,0.00776898
1.252193e-07,-0.00403984
1.252693e-07,-0.00802189
1.253193e-07,-0.00486372
1.253693e-07,-0.00936755
1.254193e-07,-0.0162331
1.254693e-07,-0.0160684
1.255193e-07,-0.0176612
1.255693e-07,-0.0184576
1.256193e-07,-0.00983441
1.256693e-07,-0.00343567
1.257193e-07,-0.00198017
1.257693e-07,0.00348485
1.258193e-07,0.00881255
1.258693e-07,0.00864778
1.259193e-07,0.00224904
1.259693e-07,-0.00637415
1.260193e-07,-0.0103562
1.260693e-07,-0.0142284
1.261193e-07,-0.0192265
1.261693e-07,-0.0182104
1.262193e-07,-0.0129926
1.262693e-07,-0.00467148
1.263193e-07,0.00727466
1.263693e-07,0.00625855
1.264193e-07,-0.00931262
1.264693e-07,-0.0148326
1.265193e-07,-0.0149699
1.265693e-07,-0.0249113
1.266193e-07,-0.0295799
1.266693e-07,-0.0232361
1.267193e-07,-0.0221925
1.267693e-07,-0.0174415
1.268193e-07,0.000985772
1.268693e-07,0.00787883
1.269193e-07,-0.00329836
1.269693e-07,-0.0188421
1.270193e-07,-0.0278223
1.270693e-07,-0.0232361
1.271193e-07,-0.0233459
1.271693e-07,-0.0309804
1.272193e-07,-0.0268062
1.272693e-07,-0.0143932
1.273193e-07,-0.00491864
1.273693e-07,0.00153502
1.274193e-07,0.00793376
1.274693e-07,0.00743943
1.275193e-07,0.0003816
1.275693e-07,-0.00187032
1.276193e-07,-0.00445178
1.276693e-07,-0.0103287
1.277193e-07,-0.0134869
1.277693e-07,-0.0192265
1.278193e-07,-0.0276575
1.278693e-07,-0.027273
1.279193e-07,-0.0157388
1.279693e-07,-0.00678608
1.280193e-07,-0.00601714
1.280693e-07,-0.000716896
1.281193e-07,0.00450096
1.281693e-07,-0.00480879
1.282193e-07,-0.0143932
1.282693e-07,-0.0081592
1.283193e-07,0.000738611
1.283693e-07,-0.00294135
1.284193e-07,-0.0085986
1.284693e-07,-0.00664877
1.285193e-07,-0.00598967
1.285693e-07,-0.0062643
1.286193e-07,-0.000167648
1.286693e-07,0.00441857
1.287193e-07,0.00137025
1.287693e-07,-0.00156823
1.288193e-07,0.000189363
1.288693e-07,-0.00233718
1.289193e-07,-0.0137615
1.289693e-07,-0.0184851
1.290193e-07,-0.0135968
1.290693e-07,-0.0058249
1.291193e-07,0.00562692
1.291693e-07,0.00581915
1.292193e-07,-0.00393
1.292693e-07,-0.00414969
1.293193e-07,-0.00346313
1.293693e-07,-0.00879084
1.294193e-07,-0.00541296
1.294693e-07,-0.000744358
1.295193e-07,-0.00966963
1.295693e-07,-0.011949
1.296193e-07,0.000106976
1.296693e-07,0.00450096
1.297193e-07,-0.00566013
1.297693e-07,-0.0213137
1.298193e-07,-0.0267787
1.298693e-07,-0.0236755
1.299193e-07,-0.0251035
1.299693e-07,-0.0249662
1.300193e-07,-0.0190618
1.300693e-07,-0.00708817
1.301193e-07,0.00963642
1.301693e-07,0.0140029
1.302193e-07,0.00664302
1.302693e-07,0.00323769
1.303193e-07,-0.00590729
1.303693e-07,-0.0186224
1.304193e-07,-0.0211489
1.304693e-07,-0.0223023
1.305193e-07,-0.0140362
1.305693e-07,0.000134438
1.306193e-07,-0.00393
1.306693e-07,-0.00892815
1.307193e-07,-0.00796697
1.307693e-07,-0.0148326
1.308193e-07,-0.0167
1.308693e-07,-0.0135968
1.309193e-07,-0.0112075
1.309693e-07,-0.00697832
1.310193e-07,-0.00884576
1.310693e-07,-0.0102463
1.311193e-07,0.00027175
1.311693e-07,0.00587408
1.312193e-07,-0.00357298
1.312693e-07,-0.00664877
1.313193e-07,0.00106816
1.313693e-07,0.00653317
1.314193e-07,0.00757675
1.314693e-07,0.00142517
1.315193e-07,-0.00398492
1.315693e-07,-0.000634509
1.316193e-07,0.00499528
1.316693e-07,0.0127671
1.317193e-07,0.0192483
1.317693e-07,0.0166119
1.318193e-07,0.0127122
1.318693e-07,0.013591
1.319193e-07,0.00988359
1.319693e-07,0.00634094
1.320193e-07,0.0116961
1.320693e-07,0.012163
1.321193e-07,0.00873017
1.321693e-07,0.0147444
1.322193e-07,0.019468
1.322693e-07,0.0146895
1.323193e-07,0.00831823
1.323693e-07,0.00348485
1.324193e-07,-0.00099152
1.324693e-07,-0.00609952
1.325193e-07,-0.00955978
1.325693e-07,-0.010521
1.326193e-07,-0.0120039
1.326693e-07,-0.0122786
1.327193e-07,-0.0106034
1.327693e-07,-0.00675862
1.328193e-07,0.00095831
1.328693e-07,0.00310038
1.329193e-07,-0.00458909
1.329693e-07,-0.00876338
1.330193e-07,-0.00615445
1.330693e-07,-0.00662131
1.331193e-07,-0.00999918
1.331693e-07,-0.0106583
1.332193e-07,-0.0101914
1.332693e-07,-0.00664877
1.333193e-07,0.00139771
1.333693e-07,0.00153502
1.334193e-07,-0.00568759
1.334693e-07,-0.0049461
1.335193e-07,-0.0023921
1.335693e-07,-0.00728041
1.336193e-07,-0.009038
1.336693e-07,-0.00725294
1.337193e-07,-0.00785712
1.337693e-07,-0.0079395
1.338193e-07,-0.00766488
1.338693e-07,-0.00203509
1.339193e-07,0.00590154
1.339693e-07,0.00672541
1.340193e-07,0.00842808
1.340693e-07,0.00735705
1.341193e-07,-0.00170554
1.341693e-07,-0.00373776
1.342193e-07,-0.00338075
1.342693e-07,-0.00821413
1.343193e-07,-0.00642907
1.343693e-07,-0.00280404
1.344193e-07,-0.00667623
1.344693e-07,-0.00890069
1.345193e-07,-0.0069234
1.345693e-07,-0.0110977
1.346193e-07,-0.0208743
1.346693e-07,-0.0232086
1.347193e-07,-0.0159036
1.347693e-07,-0.0121687
1.348193e-07,-0.0138988
1.348693e-07,-0.013789
1.349193e-07,-0.0114272
1.349693e-07,-0.00865353
1.350193e-07,-0.0113998
1.350693e-07,-0.0131574
1.351193e-07,-0.0077198
1.351693e-07,-0.00977948
1.352193e-07,-0.017469
1.352693e-07,-0.016343
1.353193e-07,-0.00997172
1.353693e-07,-0.00555028
1.354193e-07,-0.0030512
1.354693e-07,-0.00244703
1.355193e-07,-0.00346313
1.355693e-07,-0.00184285
1.356193e-07,-0.000689433
1.356693e-07,-0.0060446
1.357193e-07,-0.00953232
1.357693e-07,-0.0062643
1.358193e-07,-0.00598967
1.358693e-07,-0.0120314
1.359193e-07,-0.0120314
1.359693e-07,-0.00505595
1.360193e-07,-0.00258434
1.360693e-07,0.000134438
1.361193e-07,0.000738611
1.361693e-07,-0.00895561
1.362193e-07,-0.0146403
1.362693e-07,-0.00920277
1.363193e-07,-0.00296881
1.363693e-07,-0.00340821
1.364193e-07,-0.0109878
1.364693e-07,-0.0172493
1.365193e-07,-0.0157388
1.365693e-07,-0.0122511
1.366193e-07,-0.0116469
1.366693e-07,-0.0112075
1.367193e-07,-0.00920277
1.367693e-07,-0.00568759
1.368193e-07,-0.00123868
1.368693e-07,0.00353977
1.369193e-07,0.00186457
1.369693e-07,-0.00887322
1.370193e-07,-0.0132672
1.370693e-07,-0.00802189
1.371193e-07,-0.00659385
1.371693e-07,-0.0111526
1.372193e-07,-0.0121138
1.372693e-07,-0.00730787
1.373193e-07,-0.0026118
1.373693e-07,0.00584661
1.374193e-07,0.0152937
1.374693e-07,0.0112018
1.375193e-07,-0.00280404
1.375693e-07,-0.0120863
1.376193e-07,-0.0144481
1.376693e-07,-0.0239226
1.377193e-07,-0.0399881
1.377693e-07,-0.0412788
1.378193e-07,-0.0325733
1.378693e-07,-0.0269984
1.379193e-07,-0.0201877
1.379693e-07,-0.0143932
1.380193e-07,-0.0134869
1.380693e-07,-0.0135418
1.381193e-07,-0.0116469
1.381693e-07,-0.0116469
1.382193e-07,-0.0162057
1.382693e-07,-0.0201877
1.383193e-07,-0.0160134
1.383693e-07,-0.00480879
1.384193e-07,0.00375947
1.384693e-07,0.00823584
1.385193e-07,0.0108448
1.385693e-07,0.00851047
1.386193e-07,0.00310038
1.386693e-07,-0.00412223
1.387193e-07,-0.0154093
1.387693e-07,-0.0211764
1.388193e-07,-0.0185125
1.388693e-07,-0.0202152
1.389193e-07,-0.0183752
1.389693e-07,-0.00818667
1.390193e-07,-0.00318851
1.390693e-07,0.00252367
1.391193e-07,0.0153486
1.391693e-07,0.024219
1.392193e-07,0.0210882
1.392693e-07,0.0151014
1.393193e-07,0.0147444
1.393693e-07,0.013234
1.394193e-07,0.00771406
1.394693e-07,0.00219412
1.395193e-07,-0.00129361
1.395693e-07,-0.00362791
1.396193e-07,-0.00450671
1.396693e-07,-0.00678608
1.397193e-07,-0.0146129
1.397693e-07,-0.0220552
1.398193e-07,-0.0260372
1.398693e-07,-0.0271083
1.399193e-07,-0.0248014
1.399693e-07,-0.0210116
1.400193e-07,-0.0160409
1.400693e-07,-0.0115645
1.401193e-07,-0.00920277
1.401693e-07,-0.0107956
1.402193e-07,-0.0113448
1.402693e-07,-0.0056052
1.403193e-07,-0.0047264
1.403693e-07,-0.00714309
1.404193e-07,-0.00258434
1.404693e-07,-0.000579584
1.405193e-07,-0.00181539
1.405693e-07,-0.00209002
1.406193e-07,-0.00541296
1.406693e-07,-0.00258434
1.407193e-07,0.00348485
1.407693e-07,-0.00274911
1.408193e-07,-0.0142833
1.408693e-07,-0.0182654
1.409193e-07,-0.0152994
1.409693e-07,-0.0143932
1.410193e-07,-0.0150523
1.410693e-07,-0.00832398
1.411193e-07,0.00282575
1.411693e-07,0.00991105
1.412193e-07,0.0115863
1.412693e-07,0.0141677
1.413193e-07,0.0112292
1.413693e-07,-0.00362791
1.414193e-07,-0.0116469
1.414693e-07,-0.00862606
1.415193e-07,-0.00615445
1.415693e-07,-0.00884576
1.416193e-07,-0.0157114
1.416693e-07,-0.0141185
1.417193e-07,-0.00788458
1.417693e-07,-0.0117019
1.418193e-07,-0.0140087
1.418693e-07,-0.00719802
1.419193e-07,-0.00983441
1.419693e-07,-0.0201328
1.420193e-07,-0.0150797
1.420693e-07,-0.00365537
1.421193e-07,-0.00618191
1.421693e-07,-0.0131848
1.422193e-07,-0.0116744
1.422693e-07,-0.00678608
1.423193e-07,-0.00439686
1.423693e-07,0.0003816
1.424193e-07,0.00966389
1.424693e-07,0.0155134
1.425193e-07,0.0129868
1.425693e-07,0.00889494
1.426193e-07,0.00982866
1.426693e-07,0.0105427
1.427193e-07,0.00524244
1.427693e-07,-0.00395746
1.428193e-07,-0.00931262
1.428693e-07,-0.00700578
1.429193e-07,-0.0106308
1.429693e-07,-0.0239775
1.430193e-07,-0.0274653
1.430693e-07,-0.0229065
1.431193e-07,-0.0257077
1.431693e-07,-0.0264217
1.432193e-07,-0.0164803
1.432693e-07,-0.00434193
1.433193e-07,0.00299053
1.433693e-07,0.00362216
1.434193e-07,0.00433618
1.434693e-07,0.00949911
1.435193e-07,0.0101582
1.435693e-07,0.00513259
1.436193e-07,-0.00167808
1.436693e-07,-0.00533058
1.437193e-07,0.00101323
1.437693e-07,0.00290814
1.438193e-07,-0.00368283
1.438693e-07,-0.0030512
1.439193e-07,-0.000826745
1.439693e-07,0.00211173
1.440193e-07,0.00889494
1.440693e-07,0.00845554
1.441193e-07,0.000985772
1.441693e-07,-0.00942247
1.442193e-07,-0.0183203
1.442693e-07,-0.0210116
1.443193e-07,-0.022522
1.443693e-07,-0.0244993
1.444193e-07,-0.019611
1.444693e-07,-0.0114822
1.445193e-07,-0.0153269
1.445693e-07,-0.025131
1.446193e-07,-0.0267512
1.446693e-07,-0.0262569
1.447193e-07,-0.0273005
1.447693e-07,-0.0252408
1.448193e-07,-0.0187048
1.448693e-07,-0.00931262
1.449193e-07,-0.00291389
1.449693e-07,-0.00343567
1.450193e-07,-0.00681355
1.450693e-07,-0.0101914
1.451193e-07,-0.0164528
1.451693e-07,-0.0153269
1.452193e-07,-0.00557774
1.452693e-07,-0.0079395
1.453193e-07,-0.0154093
1.453693e-07,-0.00868099
1.454193e-07,0.00027175
1.454693e-07,-0.00252941
1.455193e-07,-0.00857114
1.455693e-07,-0.010164
1.456193e-07,-0.00464402
1.456693e-07,0.00732958
1.457193e-07,0.0104603
1.457693e-07,0.0027159
1.458193e-07,-0.00294135
1.458693e-07,-0.010466
1.459193e-07,-0.020737
1.459693e-07,-0.0237029
1.460193e-07,-0.02038
1.460693e-07,-0.0123884
1.461193e-07,-0.00148584
1.461693e-07,0.00285321
1.462193e-07,-0.00176047
1.462693e-07,-0.00920277
1.463193e-07,-0.0155191
1.463693e-07,-0.019611
1.464193e-07,-0.0184576
1.464693e-07,-0.0110702
1.465193e-07,-0.00439686
1.465693e-07,0.0003816
1.466193e-07,0.00922449
1.466693e-07,0.0131516
1.467193e-07,0.00260605
1.467693e-07,-0.00950486
1.468193e-07,-0.0118666
1.468693e-07,-0.010466
1.469193e-07,-0.0152445
1.469693e-07,-0.0291679
1.470193e-07,-0.0397959
1.470693e-07,-0.0329028
1.471193e-07,-0.0171394
1.471693e-07,-0.00994426
1.472193e-07,-0.009038
1.472693e-07,-0.00744518
1.473193e-07,-0.00818667
1.473693e-07,-0.0126356
1.474193e-07,-0.0159585
1.474693e-07,-0.0109604
1.475193e-07,-0.00549535
1.475693e-07,-0.00576998
1.476193e-07,-0.00107391
1.476693e-07,0.00156248
1.477193e-07,-0.00439686
1.477693e-07,-0.0067037
1.478193e-07,-0.00821413
1.478693e-07,-0.0147227
1.479193e-07,-0.0168922
1.479693e-07,-0.0121138
1.480193e-07,-0.00379268
1.480693e-07,0.00351231
1.481193e-07,0.00268844
1.481693e-07,0.00373201
1.482193e-07,0.00916956
1.482693e-07,-0.00269419
1.483193e-07,-0.0248014
1.483693e-07,-0.0285638
1.484193e-07,-0.0195286
1.484693e-07,-0.0187597
1.485193e-07,-0.0240874
1.485693e-07,-0.0249662
1.486193e-07,-0.0212313
1.486693e-07,-0.0211214
1.487193e-07,-0.0256253
1.487693e-07,-0.0247739
1.488193e-07,-0.0213686
1.488693e-07,-0.018897
1.489193e-07,-0.0121962
1.489693e-07,-0.0032709
1.490193e-07,0.00834569
1.490693e-07,0.0183695
1.491193e-07,0.0197151
1.491693e-07,0.0147994
1.492193e-07,0.0057093
1.492693e-07,-0.00101898
1.493193e-07,-0.0049461
1.493693e-07,-0.0146953
1.494193e-07,-0.0247739
1.494693e-07,-0.0261745
1.495193e-07,-0.019968
1.495693e-07,-0.0132123
1.496193e-07,-0.00777473
1.496693e-07,0.000546374
1.497193e-07,0.0031553
1.497693e-07,0.000656224
1.498193e-07,0.00551707
1.498693e-07,0.0040341
1.499193e-07,-0.00722548
1.499693e-07,-0.00961471
1.500193e-07,-0.0109054
1.500693e-07,-0.0176337
1.501193e-07,-0.0134594
1.501693e-07,-0.000964057
1.502193e-07,-0.0028315
1.502693e-07,-0.0158212
1.503193e-07,-0.0206546
1.503693e-07,-0.0276575
1.504193e-07,-0.0385326
1.504693e-07,-0.0340288
1.505193e-07,-0.0252408
1.505693e-07,-0.0258724
1.506193e-07,-0.0234008
1.506693e-07,-0.0103013
1.507193e-07,0.0010407
1.507693e-07,-0.00203509
1.508193e-07,-0.0069234
1.508693e-07,-0.00321597
1.509193e-07,-0.00439686
1.509693e-07,-0.0135968
1.510193e-07,-0.015629
1.510693e-07,-0.00725294
1.511193e-07,-0.00365537
1.511693e-07,-0.00799443
1.512193e-07,-0.0114272
1.512693e-07,-0.0143932
1.513193e-07,-0.0163155
1.513693e-07,-0.0128278
1.514193e-07,-0.00703324
1.514693e-07,-0.00598967
1.515193e-07,-0.00958725
1.515693e-07,-0.0115645
1.516193e-07,-0.00835144
1.516693e-07,-0.00450671
1.517193e-07,-0.0037103
1.517693e-07,-0.00360045
1.518193e-07,-0.0028315
1.518693e-07,0.00299053
1.519193e-07,0.00922449
1.519693e-07,0.00532483
1.520193e-07,0.00137025
1.520693e-07,0.00213919
1.521193e-07,-0.00519326
1.521693e-07,-0.0185674
1.522193e-07,-0.0238677
1.522693e-07,-0.0212588
1.523193e-07,-0.0221376
1.523693e-07,-0.0270533
1.524193e-07,-0.0270808
1.524693e-07,-0.0182928
1.525193e-07,-0.00406731
1.525693e-07,0.00458335
1.526193e-07,0.00128786
1.526693e-07,-0.000387347
1.527193e-07,0.00441857
1.527693e-07,0.00128786
1.528193e-07,-0.00953232
1.528693e-07,-0.0166176
1.529193e-07,-0.0157388
1.529693e-07,-0.0107956
1.530193e-07,-0.0131574
1.530693e-07,-0.01486
1.531193e-07,-0.00620937
1.531693e-07,-0.00980695
1.532193e-07,-0.0246092
1.532693e-07,-0.0195286
1.533193e-07,-0.00129361
1.533693e-07,0.00581915
1.534193e-07,0.00474812
1.534693e-07,0.00230397
1.535193e-07,-0.00373776
1.535693e-07,-0.0100816
1.536193e-07,-0.00961471
1.536693e-07,-0.00456163
1.537193e-07,-0.0107681
1.537693e-07,-0.0288933
1.538193e-07,-0.0364729
1.538693e-07,-0.0314198
1.539193e-07,-0.0247465
1.539693e-07,-0.0153818
1.540193e-07,-0.0107132
1.540693e-07,-0.0132397
1.541193e-07,-0.0132947
1.541693e-07,-0.0139538
1.542193e-07,-0.0127454
1.542693e-07,-0.000716896
1.543193e-07,0.0120531
1.543693e-07,0.0159253
1.544193e-07,0.0148268
1.544693e-07,0.0116686
1.545193e-07,0.00727466
1.545693e-07,0.0035947
1.546193e-07,2.45887e-05
1.546693e-07,-0.00522073
1.547193e-07,-0.00983441
1.547693e-07,-0.0111801
1.548193e-07,-0.010878
1.548693e-07,-0.0123884
1.549193e-07,-0.0124433
1.549693e-07,-0.00843383
1.550193e-07,-0.00686847
1.550693e-07,-0.00403984
1.551193e-07,0.00112308
1.551693e-07,-0.000689433
1.552193e-07,0.000903385
1.552693e-07,0.00521498
1.553193e-07,-0.00901054
1.553693e-07,-0.0274378
1.554193e-07,-0.0264492
1.554693e-07,-0.0149699
1.555193e-07,-0.0058249
1.555693e-07,-8.52608e-05
1.556193e-07,0.00708242
1.556693e-07,0.0130967
1.557193e-07,0.00944419
1.557693e-07,0.00400663
1.558193e-07,0.00299053
1.558693e-07,-0.00148584
1.559193e-07,-0.00307866
1.559693e-07,0.00603885
1.560193e-07,0.0124651
1.560693e-07,0.0070275
1.561193e-07,-0.00088167
1.561693e-07,-0.00143092
1.562193e-07,0.000436525
1.562693e-07,-0.00651146
1.563193e-07,-0.0183477
1.563693e-07,-0.0240874
1.564193e-07,-0.0191442
1.564693e-07,-0.00846129
1.565193e-07,-0.00662131
1.565693e-07,-0.0128278
1.566193e-07,-0.0129926
1.566693e-07,-0.0092577
1.567193e-07,-0.0104386
1.567693e-07,-0.017826
1.568193e-07,-0.0251035
1.568693e-07,-0.0224671
1.569193e-07,-0.0164254
1.569693e-07,-0.0171669
1.570193e-07,-0.0157937
1.570693e-07,-0.00931262
1.571193e-07,-0.00458909
1.571693e-07,-0.00285896
1.572193e-07,-0.00354552
1.572693e-07,-0.00244703
1.573193e-07,-0.000579584
1.573693e-07,0.000326675
1.574193e-07,0.0022765
1.574693e-07,0.000518912
1.575193e-07,-0.00332582
1.575693e-07,-0.00233718
1.576193e-07,0.0024962
1.576693e-07,0.00477558
1.577193e-07,0.00576423
1.577693e-07,0.00991105
1.578193e-07,0.0145247
1.578693e-07,0.017216
1.579193e-07,0.0110095
1.579693e-07,-0.00307866
1.580193e-07,-0.0137615
1.580693e-07,-0.0211489
1.581193e-07,-0.0213961
1.581693e-07,-0.00988933
1.582193e-07,-0.000634509
1.582693e-07,0.00595646
1.583193e-07,0.017628
1.583693e-07,0.0224614
1.584193e-07,0.0189187
1.584693e-07,0.0155134
1.585193e-07,0.0116686
1.585693e-07,0.00631348
1.586193e-07,0.00312784
1.586693e-07,0.00134278
1.587193e-07,-0.00840636
1.587693e-07,-0.015217
1.588193e-07,-0.00480879
1.588693e-07,0.0061487
1.589193e-07,0.00834569
1.589693e-07,0.00749436
1.590193e-07,0.00312784
1.590693e-07,-0.00107391
1.591193e-07,-0.00387507
1.591693e-07,-0.00549535
1.592193e-07,-0.00137599
1.592693e-07,0.00450096
1.593193e-07,0.00441857
1.593693e-07,-0.00434193
1.594193e-07,-0.0138714
1.594693e-07,-0.00895561
1.595193e-07,0.00516006
1.595693e-07,0.0132889
1.596193e-07,0.0141952
