LECROYWR640Zi,59892,Waveform
Segments,1,SegmentSize,4002
Segment,TrigTime,TimeSinceSegment1
#1,01-Nov-2023 13:34:13,0                 
Time,Ampl
-4.040559e-08,0.0459417
-4.035559e-08,0.0440743
-4.030559e-08,0.0425913
-4.025559e-08,0.0419047
-4.020559e-08,0.0330069
-4.015559e-08,0.0196877
-4.010559e-08,0.0151838
-4.005559e-08,0.0213079
-4.000559e-08,0.0280637
-3.995559e-08,0.0262237
-3.990559e-08,0.0200172
-3.985559e-08,0.0179026
-3.980559e-08,0.0204841
-3.975559e-08,0.0187539
-3.970559e-08,0.00807107
-3.965559e-08,-0.00222733
-3.960559e-08,-0.00464402
-3.955559e-08,0.00183711
-3.950559e-08,0.0115588
-3.945559e-08,0.0145247
-3.940559e-08,0.0120806
-3.935559e-08,0.0102131
-3.930559e-08,0.011037
-3.925559e-08,0.0168316
-3.920559e-08,0.0213903
-3.915559e-08,0.0215551
-3.910559e-08,0.0192208
-3.905559e-08,0.011037
-3.900559e-08,0.00809853
-3.895559e-08,0.0136459
-3.890559e-08,0.00908718
-3.885559e-08,-8.52608e-05
-3.880559e-08,-0.00324344
-3.875559e-08,-0.00585236
-3.870559e-08,-0.000744358
-3.865559e-08,0.00845554
-3.860559e-08,0.0137558
-3.855559e-08,0.0224339
-3.850559e-08,0.0261413
-3.845559e-08,0.0217473
-3.840559e-08,0.0193581
-3.835559e-08,0.0160626
-3.830559e-08,0.00771406
-3.825559e-08,-0.000552121
-3.820559e-08,0.00164487
-3.815559e-08,0.00590154
-3.810559e-08,-0.00393
-3.805559e-08,-0.0102189
-3.800559e-08,-0.00398492
-3.795559e-08,-0.00423208
-3.790559e-08,-0.00535804
-3.785559e-08,-0.000222573
-3.780559e-08,0.00345739
-3.775559e-08,0.0134537
-3.770559e-08,0.0267455
-3.765559e-08,0.0295741
-3.760559e-08,0.0272947
-3.755559e-08,0.0277067
-3.750559e-08,0.0283932
-3.745559e-08,0.0235599
-3.740559e-08,0.0161999
-3.735559e-08,0.0184519
-3.730559e-08,0.0273222
-3.725559e-08,0.0324027
-3.720559e-08,0.0361651
-3.715559e-08,0.0378128
-3.710559e-08,0.0339406
-3.705559e-08,0.0302607
-3.700559e-08,0.0285855
-3.695559e-08,0.0278989
-3.690559e-08,0.0297114
-3.685559e-08,0.0286953
-3.680559e-08,0.0254548
-3.675559e-08,0.0260589
-3.670559e-08,0.0255097
-3.665559e-08,0.0210608
-3.660559e-08,0.0196327
-3.655559e-08,0.0236422
-3.650559e-08,0.0260864
-3.645559e-08,0.0258667
-3.640559e-08,0.0289425
-3.635559e-08,0.0352039
-3.630559e-08,0.0431955
-3.625559e-08,0.0454748
-3.620559e-08,0.0394606
-3.615559e-08,0.0362749
-3.610559e-08,0.0298487
-3.605559e-08,0.0161725
-3.600559e-08,0.0122728
-3.595559e-08,0.0154859
-3.590559e-08,0.00900479
-3.585559e-08,0.00205681
-3.580559e-08,0.0108173
-3.575559e-08,0.0216924
-3.570559e-08,0.0204566
-3.565559e-08,0.0182596
-3.560559e-08,0.0217748
-3.555559e-08,0.0224888
-3.550559e-08,0.0228458
-3.545559e-08,0.0288601
-3.540559e-08,0.0318535
-3.535559e-08,0.0298487
-3.530559e-08,0.0293819
-3.525559e-08,0.0296565
-3.520559e-08,0.0266906
-3.515559e-08,0.0268004
-3.510559e-08,0.0344075
-3.505559e-08,0.0343251
-3.500559e-08,0.024933
-3.495559e-08,0.0189462
-3.490559e-08,0.0167766
-3.485559e-08,0.0216924
-3.480559e-08,0.0288326
-3.475559e-08,0.0299861
-3.470559e-08,0.0323753
-3.465559e-08,0.0361102
-3.460559e-08,0.0355884
-3.455559e-08,0.029629
-3.450559e-08,0.0251252
-3.445559e-08,0.0285305
-3.440559e-08,0.0302881
-3.435559e-08,0.028915
-3.430559e-08,0.0302058
-3.425559e-08,0.0266906
-3.420559e-08,0.0235324
-3.415559e-08,0.0345173
-3.410559e-08,0.0424265
-3.405559e-08,0.0350666
-3.400559e-08,0.0332266
-3.395559e-08,0.0396254
-3.390559e-08,0.0374284
-3.385559e-08,0.0340779
-3.380559e-08,0.0407238
-3.375559e-08,0.0429208
-3.370559e-08,0.0374284
-3.365559e-08,0.0355335
-3.360559e-08,0.0323478
-3.355559e-08,0.0269927
-3.350559e-08,0.0276518
-3.345559e-08,0.0340505
-3.340559e-08,0.0412731
-3.335559e-08,0.0486056
-3.330559e-08,0.0529171
-3.325559e-08,0.0483859
-3.320559e-08,0.0432229
-3.315559e-08,0.0421519
-3.310559e-08,0.0371812
-3.305559e-08,0.0294917
-3.300559e-08,0.0317162
-3.295559e-08,0.0437447
-3.290559e-08,0.0448432
-3.285559e-08,0.0330069
-3.280559e-08,0.0247407
-3.275559e-08,0.0272673
-3.270559e-08,0.032238
-3.265559e-08,0.0281461
-3.260559e-08,0.0239169
-3.255559e-08,0.0246584
-3.250559e-08,0.0232852
-3.245559e-08,0.0227634
-3.240559e-08,0.0253998
-3.235559e-08,0.0300684
-3.230559e-08,0.0339681
-3.225559e-08,0.0370164
-3.220559e-08,0.039488
-3.215559e-08,0.0305353
-3.210559e-08,0.0169689
-3.205559e-08,0.0129594
-3.200559e-08,0.00793376
-3.195559e-08,-0.00541296
-3.190559e-08,-0.0145579
-3.185559e-08,-0.010878
-3.180559e-08,0.000354137
-3.175559e-08,0.0133164
-3.170559e-08,0.0181223
-3.165559e-08,0.0227085
-3.160559e-08,0.0405316
-3.155559e-08,0.0469303
-3.150559e-08,0.0385543
-3.145559e-08,0.0349842
-3.140559e-08,0.0295192
-3.135559e-08,0.0256745
-3.130559e-08,0.0284207
-3.125559e-08,0.0264709
-3.120559e-08,0.0244387
-3.115559e-08,0.0316338
-3.110559e-08,0.0404492
-3.105559e-08,0.0419871
-3.100559e-08,0.0404218
-3.095559e-08,0.0410809
-3.090559e-08,0.0404492
-3.085559e-08,0.0377579
-3.080559e-08,0.0360003
-3.075559e-08,0.0306177
-3.070559e-08,0.0220494
-3.065559e-08,0.0238619
-3.060559e-08,0.0354785
-3.055559e-08,0.0404492
-3.050559e-08,0.0386916
-3.045559e-08,0.0423167
-3.040559e-08,0.0454748
-3.035559e-08,0.0354236
-3.030559e-08,0.0197975
-3.025559e-08,0.011751
-3.020559e-08,0.0107075
-3.015559e-08,0.0135086
-3.010559e-08,0.0172984
-3.005559e-08,0.0206214
-3.000559e-08,0.0273497
-2.995559e-08,0.0321007
-2.990559e-08,0.0297938
-2.985559e-08,0.0278714
-2.980559e-08,0.027075
-2.975559e-08,0.0243837
-2.970559e-08,0.0210059
-2.965559e-08,0.0147444
-2.960559e-08,0.00927941
-2.955559e-08,0.0160901
-2.950559e-08,0.029327
-2.945559e-08,0.032952
-2.940559e-08,0.0265533
-2.935559e-08,0.0219945
-2.930559e-08,0.0279813
-2.925559e-08,0.0382522
-2.920559e-08,0.0452826
-2.915559e-08,0.0438546
-2.910559e-08,0.0346547
-2.905559e-08,0.0315789
-2.900559e-08,0.0314141
-2.895559e-08,0.0269927
-2.890559e-08,0.0284756
-2.885559e-08,0.0334189
-2.880559e-08,0.0311944
-2.875559e-08,0.0236972
-2.870559e-08,0.0187265
-2.865559e-08,0.0193306
-2.860559e-08,0.0174907
-2.855559e-08,0.0114764
-2.850559e-08,0.0131241
-2.845559e-08,0.022324
-2.840559e-08,0.0300135
-2.835559e-08,0.0371263
-2.830559e-08,0.0433328
-2.825559e-08,0.044651
-2.820559e-08,0.0433602
-2.815559e-08,0.0402844
-2.810559e-08,0.0349018
-2.805559e-08,0.0264983
-2.800559e-08,0.0171611
-2.795559e-08,0.0128495
-2.790559e-08,0.0102406
-2.785559e-08,0.00634094
-2.780559e-08,0.00463827
-2.775559e-08,0.00463827
-2.770559e-08,0.00966389
-2.765559e-08,0.0233951
-2.760559e-08,0.0349293
-2.755559e-08,0.0353412
-2.750559e-08,0.0312768
-2.745559e-08,0.0254822
-2.740559e-08,0.0185068
-2.735559e-08,0.0177378
-2.730559e-08,0.0206763
-2.725559e-08,0.0202918
-2.720559e-08,0.0193581
-2.715559e-08,0.0228184
-2.710559e-08,0.0283932
-2.705559e-08,0.0275419
-2.700559e-08,0.0260864
-2.695559e-08,0.0307825
-2.690559e-08,0.0257843
-2.685559e-08,0.0119707
-2.680559e-08,0.00485797
-2.675559e-08,0.00323769
-2.670559e-08,0.00628601
-2.665559e-08,0.0124651
-2.660559e-08,0.0184519
-2.655559e-08,0.0248506
-2.650559e-08,0.0261139
-2.645559e-08,0.021967
-2.640559e-08,0.0219945
-2.635559e-08,0.0250703
-2.630559e-08,0.025647
-2.625559e-08,0.0264159
-2.620559e-08,0.0213354
-2.615559e-08,0.0109821
-2.610559e-08,0.0101857
-2.605559e-08,0.0146071
-2.600559e-08,0.0162274
-2.595559e-08,0.0182596
-2.590559e-08,0.0187539
-2.585559e-08,0.0183145
-2.580559e-08,0.0141952
-2.575559e-08,0.00551707
-2.570559e-08,0.00422633
-2.565559e-08,0.00329261
-2.560559e-08,-0.00804935
-2.555559e-08,-0.0121962
-2.550559e-08,-0.00571505
-2.545559e-08,-0.00110137
-2.540559e-08,0.00743943
-2.535559e-08,0.0228458
-2.530559e-08,0.0311395
-2.525559e-08,0.0269927
-2.520559e-08,0.0213629
-2.515559e-08,0.0120806
-2.510559e-08,-0.00513834
-2.505559e-08,-0.0119215
-2.500559e-08,-0.00555028
-2.495559e-08,0.000106976
-2.490559e-08,0.00617616
-2.485559e-08,0.0137832
-2.480559e-08,0.0194405
-2.475559e-08,0.0233676
-2.470559e-08,0.0271849
-2.465559e-08,0.0270201
-2.460559e-08,0.0237521
-2.455559e-08,0.0253998
-2.450559e-08,0.0201545
-2.445559e-08,0.00590154
-2.440559e-08,-0.00148584
-2.435559e-08,-0.00813174
-2.430559e-08,-0.01486
-2.425559e-08,-0.0107681
-2.420559e-08,0.000216825
-2.415559e-08,0.00971881
-2.410559e-08,0.0153211
-2.405559e-08,0.0210059
-2.400559e-08,0.0221318
-2.395559e-08,0.0128221
-2.390559e-08,0.00708242
-2.385559e-08,0.0117785
-2.380559e-08,0.0155408
-2.375559e-08,0.020896
-2.370559e-08,0.0312768
-2.365559e-08,0.035149
-2.360559e-08,0.0317711
-2.355559e-08,0.0308648
-2.350559e-08,0.0405591
-2.345559e-08,0.0523679
-2.340559e-08,0.0483309
-2.335559e-08,0.0352588
-2.330559e-08,0.0283383
-2.325559e-08,0.0247407
-2.320559e-08,0.02161
-2.315559e-08,0.0247407
-2.310559e-08,0.0276518
-2.305559e-08,0.0253449
-2.300559e-08,0.0256195
-2.295559e-08,0.0226536
-2.290559e-08,0.0116137
-2.285559e-08,0.00310038
-2.280559e-08,-0.000140186
-2.275559e-08,-0.000661971
-2.270559e-08,-0.00132107
-2.265559e-08,-0.00354552
-2.260559e-08,-0.00192524
-2.255559e-08,0.00760421
-2.250559e-08,0.0203193
-2.245559e-08,0.0222691
-2.240559e-08,0.0196053
-2.235559e-08,0.0283108
-2.230559e-08,0.0366869
-2.225559e-08,0.0336386
-2.220559e-08,0.0256745
-2.215559e-08,0.019468
-2.210559e-08,0.0180125
-2.205559e-08,0.0229557
-2.200559e-08,0.0264709
-2.195559e-08,0.0236148
-2.190559e-08,0.0288876
-2.185559e-08,0.0415477
-2.180559e-08,0.042454
-2.175559e-08,0.0374009
-2.170559e-08,0.039186
-2.165559e-08,0.0401746
-2.160559e-08,0.0350391
-2.155559e-08,0.0206763
-2.150559e-08,-0.000442272
-2.145559e-08,-0.0085986
-2.140559e-08,-0.00395746
-2.135559e-08,0.000354137
-2.130559e-08,0.0112292
-2.125559e-08,0.0262512
-2.120559e-08,0.0305902
-2.115559e-08,0.0247957
-2.110559e-08,0.0180948
-2.105559e-08,0.019413
-2.100559e-08,0.0269103
-2.095559e-08,0.0280911
-2.090559e-08,0.0302607
-2.085559e-08,0.0394057
-2.080559e-08,0.0397077
-2.075559e-08,0.0372361
-2.070559e-08,0.0455023
-2.065559e-08,0.0527798
-2.060559e-08,0.0480288
-2.055559e-08,0.0364672
-2.050559e-08,0.0291347
-2.045559e-08,0.029684
-2.040559e-08,0.0330618
-2.035559e-08,0.0345997
-2.030559e-08,0.0338308
-2.025559e-08,0.036632
-2.020559e-08,0.039186
-2.015559e-08,0.032183
-2.010559e-08,0.0225437
-2.005559e-08,0.0168316
-2.000559e-08,0.0179575
-1.995559e-08,0.0206763
-1.990559e-08,0.0174632
-1.985559e-08,0.0153211
-1.980559e-08,0.0152388
-1.975559e-08,0.0166943
-1.970559e-08,0.0202094
-1.965559e-08,0.0201271
-1.960559e-08,0.0201545
-1.955559e-08,0.02529
-1.950559e-08,0.0291896
-1.945559e-08,0.0235873
-1.940559e-08,0.0117785
-1.935559e-08,0.0038144
-1.930559e-08,0.00433618
-1.925559e-08,0.0101033
-1.920559e-08,0.00947165
-1.915559e-08,0.00488543
-1.910559e-08,0.0104603
-1.905559e-08,0.0162274
-1.900559e-08,0.0127671
-1.895559e-08,0.012108
-1.890559e-08,0.0196877
-1.885559e-08,0.0272124
-1.880559e-08,0.023093
-1.875559e-08,0.0145522
-1.870559e-08,0.0182871
-1.865559e-08,0.0239993
-1.860559e-08,0.0210608
-1.855559e-08,0.02161
-1.850559e-08,0.0226536
-1.845559e-08,0.0125749
-1.840559e-08,0.00461081
-1.835559e-08,0.00686272
-1.830559e-08,0.00667049
-1.825559e-08,0.00623109
-1.820559e-08,0.0146071
-1.815559e-08,0.022379
-1.810559e-08,0.0229557
-1.805559e-08,0.0249055
-1.800559e-08,0.0297664
-1.795559e-08,0.0295741
-1.790559e-08,0.0263885
-1.785559e-08,0.0253449
-1.780559e-08,0.0245485
-1.775559e-08,0.0292171
-1.770559e-08,0.0377854
-1.765559e-08,0.040971
-1.760559e-08,0.0399824
-1.755559e-08,0.0301783
-1.750559e-08,0.0158704
-1.745559e-08,0.0155408
-1.740559e-08,0.0202094
-1.735559e-08,0.0110645
-1.730559e-08,0.0014801
-1.725559e-08,0.00765913
-1.720559e-08,0.0140304
-1.715559e-08,0.0127671
-1.710559e-08,0.0288326
-1.705559e-08,0.0551416
-1.700559e-08,0.0543727
-1.695559e-08,0.0382797
-1.690559e-08,0.0309472
-1.685559e-08,0.0270201
-1.680559e-08,0.0222691
-1.675559e-08,0.0166393
-1.670559e-08,0.0194954
-1.665559e-08,0.0317436
-1.660559e-08,0.0405041
-1.655559e-08,0.0478091
-1.650559e-08,0.049402
-1.645559e-08,0.041685
-1.640559e-08,0.0387466
-1.635559e-08,0.0367693
-1.630559e-08,0.0336386
-1.625559e-08,0.0425638
-1.620559e-08,0.0525601
-1.615559e-08,0.0552789
-1.610559e-08,0.0595081
-1.605559e-08,0.0591786
-1.600559e-08,0.0530545
-1.595559e-08,0.0501984
-1.590559e-08,0.0473697
-1.585559e-08,0.0396254
-1.580559e-08,0.0316613
-1.575559e-08,0.0257843
-1.570559e-08,0.0217199
-1.565559e-08,0.0239443
-1.560559e-08,0.0264434
-1.555559e-08,0.0243013
-1.550559e-08,0.0230381
-1.545559e-08,0.0250154
-1.540559e-08,0.0305628
-1.535559e-08,0.0348194
-1.530559e-08,0.0357257
-1.525559e-08,0.0341878
-1.520559e-08,0.026004
-1.515559e-08,0.0154585
-1.510559e-08,0.0135086
-1.505559e-08,0.0177928
-1.500559e-08,0.016145
-1.495559e-08,0.0131516
-1.490559e-08,0.0173259
-1.485559e-08,0.0203193
-1.480559e-08,0.0180674
-1.475559e-08,0.0151838
-1.470559e-08,0.0184244
-1.465559e-08,0.0277891
-1.460559e-08,0.032238
-1.455559e-08,0.026718
-1.450559e-08,0.0124925
-1.445559e-08,0.00164487
-1.440559e-08,0.00191949
-1.435559e-08,0.00169979
-1.430559e-08,0.00760421
-1.425559e-08,0.0231205
-1.420559e-08,0.0302607
-1.415559e-08,0.0335562
-1.410559e-08,0.040971
-1.405559e-08,0.0461065
-1.400559e-08,0.0493745
-1.395559e-08,0.0490724
-1.390559e-08,0.0403943
-1.385559e-08,0.0315789
-1.380559e-08,0.029684
-1.375559e-08,0.0295741
-1.370559e-08,0.0260864
-1.365559e-08,0.0210059
-1.360559e-08,0.0200721
-1.355559e-08,0.0225987
-1.350559e-08,0.0249879
-1.345559e-08,0.0263336
-1.340559e-08,0.0209235
-1.335559e-08,0.00694511
-1.330559e-08,-0.00258434
-1.325559e-08,0.00191949
-1.320559e-08,0.0109546
-1.315559e-08,0.017216
-1.310559e-08,0.0236422
-1.305559e-08,0.0282285
-1.300559e-08,0.0285305
-1.295559e-08,0.029272
-1.290559e-08,0.0308648
-1.285559e-08,0.0284756
-1.280559e-08,0.0292446
-1.275559e-08,0.029272
-1.270559e-08,0.018342
-1.265559e-08,0.0149367
-1.260559e-08,0.0174357
-1.255559e-08,0.00691765
-1.250559e-08,5.20511e-05
-1.245559e-08,0.00488543
-1.240559e-08,0.00620363
-1.235559e-08,0.00787883
-1.230559e-08,0.0157605
-1.225559e-08,0.0168041
-1.220559e-08,0.00884002
-1.215559e-08,0.00647825
-1.210559e-08,0.00603885
-1.205559e-08,0.00296306
-1.200559e-08,0.00837315
-1.195559e-08,0.0152937
-1.190559e-08,0.0201545
-1.185559e-08,0.0315239
-1.180559e-08,0.0381698
-1.175559e-08,0.0308374
-1.170559e-08,0.0249604
-1.165559e-08,0.0316613
-1.160559e-08,0.0330344
-1.155559e-08,0.0241915
-1.150559e-08,0.0204291
-1.145559e-08,0.019056
-1.140559e-08,0.0188912
-1.135559e-08,0.0241091
-1.130559e-08,0.0256745
-1.125559e-08,0.0207587
-1.120559e-08,0.018699
-1.115559e-08,0.0237521
-1.110559e-08,0.0318535
-1.105559e-08,0.0374833
-1.100559e-08,0.0401197
-1.095559e-08,0.0406964
-1.090559e-08,0.0383895
-1.085559e-08,0.0388015
-1.080559e-08,0.0422343
-1.075559e-08,0.0435799
-1.070559e-08,0.043882
-1.065559e-08,0.0385543
-1.060559e-08,0.0299586
-1.055559e-08,0.0275694
-1.050559e-08,0.0295467
-1.045559e-08,0.0322929
-1.040559e-08,0.0310022
-1.035559e-08,0.0291347
-1.030559e-08,0.0328147
-1.025559e-08,0.0278165
-1.020559e-08,0.0144149
-1.015559e-08,0.0147994
-1.010559e-08,0.0219396
-1.005559e-08,0.0167217
-1.000559e-08,0.0116686
-9.955588e-09,0.0160352
-9.905588e-09,0.0154585
-9.855588e-09,0.00884002
-9.805588e-09,0.0070275
-9.755588e-09,0.00510513
-9.705588e-09,-0.00121122
-9.655588e-09,-0.00285896
-9.605588e-09,0.00353977
-9.555588e-09,0.0124101
-9.505588e-09,0.0124651
-9.455588e-09,-0.00115629
-9.405588e-09,-0.00972456
-9.355588e-09,-0.000607046
-9.305588e-09,0.00831823
-9.255588e-09,0.0104603
-9.205588e-09,0.0178751
-9.155588e-09,0.0231205
-9.105588e-09,0.0219396
-9.055588e-09,0.0269103
-9.005588e-09,0.0346547
-8.955588e-09,0.037346
-8.905588e-09,0.0370713
-8.855588e-09,0.0305902
-8.805588e-09,0.0241091
-8.755588e-09,0.0288326
-8.705588e-09,0.0328696
-8.655588e-09,0.0283383
-8.605588e-09,0.0239443
-8.555588e-09,0.0153211
-8.505588e-09,0.00510513
-8.455588e-09,0.0120257
-8.405588e-09,0.0258667
-8.355588e-09,0.0298213
-8.305588e-09,0.0380875
-8.255588e-09,0.045365
-8.205588e-09,0.0337759
-8.155588e-09,0.0208685
-8.105588e-09,0.0180674
-8.055588e-09,0.0152388
-8.005588e-09,0.00683526
-7.955588e-09,-0.0030512
-7.905588e-09,-0.00527565
-7.855588e-09,-0.00258434
-7.805588e-09,0.00123293
-7.755588e-09,0.00851047
-7.705588e-09,0.0176005
-7.655588e-09,0.0254822
-7.605588e-09,0.0253449
-7.555588e-09,0.0210059
-7.505588e-09,0.0244661
-7.455588e-09,0.0303431
-7.405588e-09,0.0324577
-7.355588e-09,0.0325401
-7.305588e-09,0.0325126
-7.255588e-09,0.0338583
-7.205588e-09,0.031826
-7.155588e-09,0.0282559
-7.105588e-09,0.0295741
-7.055588e-09,0.0359454
-7.005588e-09,0.037291
-6.955588e-09,0.0270476
-6.905588e-09,0.0297389
-6.855588e-09,0.0475894
-6.805588e-09,0.0462163
-6.755588e-09,0.0302607
-6.705588e-09,0.0248506
-6.655588e-09,0.0259765
-6.605588e-09,0.0233402
-6.555588e-09,0.0163922
-6.505588e-09,0.010323
-6.455588e-09,0.0101033
-6.405588e-09,0.0160626
-6.355588e-09,0.024521
-6.305588e-09,0.0255921
-6.255588e-09,0.0205115
-6.205588e-09,0.0174632
-6.155588e-09,0.0182047
-6.105588e-09,0.0240267
-6.055588e-09,0.0273497
-6.005588e-09,0.0261962
-5.955588e-09,0.0273497
-5.905588e-09,0.02529
-5.855588e-09,0.0219945
-5.805588e-09,0.0233951
-5.755588e-09,0.0207312
-5.705588e-09,0.0173534
-5.655588e-09,0.0203742
-5.605588e-09,0.0217473
-5.555588e-09,0.0229831
-5.505588e-09,0.028915
-5.455588e-09,0.030041
-5.405588e-09,0.0231754
-5.355588e-09,0.0242464
-5.305588e-09,0.0324577
-5.255588e-09,0.0307275
-5.205588e-09,0.0277616
-5.155588e-09,0.0288876
-5.105588e-09,0.0266631
-5.055588e-09,0.0284207
-5.005588e-09,0.0319359
-4.955588e-09,0.0307001
-4.905588e-09,0.0281735
-4.855588e-09,0.0238345
-4.805588e-09,0.0182322
-4.755588e-09,0.017271
-4.705588e-09,0.0211981
-4.655588e-09,0.0183695
-4.605588e-09,0.00617616
-4.555588e-09,-0.00140346
-4.505588e-09,0.00183711
-4.455588e-09,0.00974627
-4.405588e-09,0.0154859
-4.355588e-09,0.0160352
-4.305588e-09,0.0167492
-4.255588e-09,0.0264434
-4.205588e-09,0.0358081
-4.155588e-09,0.0319359
-4.105588e-09,0.0286404
-4.055588e-09,0.0360278
-4.005588e-09,0.0408337
-3.955588e-09,0.0360003
-3.905588e-09,0.0289699
-3.855588e-09,0.0263061
-3.805588e-09,0.0238894
-3.755588e-09,0.0131241
-3.705588e-09,-0.00332582
-3.655588e-09,-0.00857114
-3.605588e-09,0.00312784
-3.555588e-09,0.0098012
-3.505588e-09,0.00395171
-3.455588e-09,0.00886748
-3.405588e-09,0.0287777
-3.355588e-09,0.0475345
-3.305588e-09,0.0587666
-3.255588e-09,0.0565422
-3.205588e-09,0.0410534
-3.155588e-09,0.0288601
-3.105588e-09,0.0288876
-3.055588e-09,0.0255097
-3.005588e-09,0.0160077
-2.955588e-09,0.0193856
-2.905588e-09,0.0243837
-2.855588e-09,0.0159253
-2.805588e-09,0.0123277
-2.755588e-09,0.0197151
-2.705588e-09,0.0232852
-2.655588e-09,0.0211432
-2.605588e-09,0.0205115
-2.555588e-09,0.0231479
-2.505588e-09,0.0269927
-2.455588e-09,0.0310296
-2.405588e-09,0.0302332
-2.355588e-09,0.0213903
-2.305588e-09,0.0152662
-2.255588e-09,0.0130967
-2.205588e-09,0.00474812
-2.155588e-09,0.00150756
-2.105588e-09,0.0142501
-2.055588e-09,0.0218846
-2.005588e-09,0.0208685
-1.955588e-09,0.0348744
-1.905588e-09,0.0485232
-1.855588e-09,0.0410259
-1.805588e-09,0.0316063
-1.755588e-09,0.0239443
-1.705588e-09,0.0123277
-1.655588e-09,0.00834569
-1.605588e-09,0.00809853
-1.555588e-09,0.0054896
-1.505588e-09,0.00977374
-1.455588e-09,0.0233676
-1.405588e-09,0.0345448
-1.355588e-09,0.0326499
-1.305588e-09,0.0256745
-1.255588e-09,0.0330893
-1.205588e-09,0.0480838
-1.155588e-09,0.0456671
-1.105588e-09,0.0338857
-1.055588e-09,0.0304529
-1.005588e-09,0.0308648
-9.555881e-10,0.0303431
-9.055881e-10,0.0306726
-8.555881e-10,0.0337209
-8.055881e-10,0.0345997
-7.555881e-10,0.0291622
-7.055881e-10,0.021665
-6.555881e-10,0.0140029
-6.055881e-10,0.0115588
-5.555881e-10,0.0192208
-5.055881e-10,0.0198799
-4.555881e-10,0.00859285
-4.055881e-10,0.00241382
-3.555881e-10,0.00323769
-3.055881e-10,0.0152937
-2.555881e-10,0.0329795
-2.055881e-10,0.0394606
-1.555881e-10,0.0510222
-1.055881e-10,0.074942
-5.558813e-11,0.106112
-5.588125e-12,0.16197
4.441187e-11,0.226836
9.441187e-11,0.277175
1.444119e-10,0.330205
1.944119e-10,0.385047
2.444119e-10,0.418744
2.944119e-10,0.420886
3.444119e-10,0.394549
3.944119e-10,0.35602
4.444119e-10,0.309993
4.944119e-10,0.243286
5.444119e-10,0.178558
5.944119e-10,0.156972
6.444119e-10,0.15277
6.944119e-10,0.133382
7.444119e-10,0.124264
7.944119e-10,0.124512
8.444119e-10,0.106222
8.944119e-10,0.0801324
9.444119e-10,0.0629409
9.944119e-10,0.045722
1.044412e-09,0.0291896
1.094412e-09,0.0286129
1.144412e-09,0.0370439
1.194412e-09,0.0370713
1.244412e-09,0.0301783
1.294412e-09,0.0213354
1.344412e-09,0.0137283
1.394412e-09,0.0130967
1.444412e-09,0.0143874
1.494412e-09,0.0152388
1.544412e-09,0.0189462
1.594412e-09,0.0222966
1.644412e-09,0.0248506
1.694412e-09,0.0250154
1.744412e-09,0.0220769
1.794412e-09,0.019413
1.844412e-09,0.0220769
1.894412e-09,0.0312219
1.944412e-09,0.0308648
1.994412e-09,0.0202369
2.044412e-09,0.0178751
2.094412e-09,0.0239169
2.144412e-09,0.0263061
2.194412e-09,0.0207862
2.244412e-09,0.0191109
2.294412e-09,0.0226811
2.344412e-09,0.0232578
2.394412e-09,0.0292446
2.444412e-09,0.0380051
2.494412e-09,0.0438271
2.544412e-09,0.0523954
2.594412e-09,0.0531918
2.644412e-09,0.0424814
2.694412e-09,0.0433602
2.744412e-09,0.0560753
2.794412e-09,0.0511046
2.844412e-09,0.0284207
2.894412e-09,0.0164471
2.944412e-09,0.0199623
2.994412e-09,0.0203742
3.044412e-09,0.017985
3.094412e-09,0.0240267
3.144412e-09,0.0277341
3.194412e-09,0.0284756
3.244412e-09,0.0370439
3.294412e-09,0.0389113
3.344412e-09,0.0344075
3.394412e-09,0.0372361
3.444412e-09,0.0334189
3.494412e-09,0.02345
3.544412e-09,0.0276243
3.594412e-09,0.0366869
3.644412e-09,0.0321281
3.694412e-09,0.0258118
3.744412e-09,0.0294917
3.794412e-09,0.0305628
3.844412e-09,0.0253724
3.894412e-09,0.0268553
3.944412e-09,0.0388015
3.994412e-09,0.0488253
4.044412e-09,0.0484133
4.094412e-09,0.0453101
4.144412e-09,0.0410809
4.194412e-09,0.0325126
4.244412e-09,0.0264434
4.294412e-09,0.0221593
4.344412e-09,0.0127397
4.394412e-09,0.00375947
4.444412e-09,0.00840062
4.494412e-09,0.0175731
4.544412e-09,0.0120806
4.594412e-09,0.00765913
4.644412e-09,0.014305
4.694412e-09,0.0132889
4.744412e-09,0.0142501
4.794412e-09,0.02529
4.844412e-09,0.0198799
4.894412e-09,-0.0023921
4.944412e-09,-0.0174415
4.994412e-09,-0.0163979
5.044412e-09,-0.00651146
5.094412e-09,-0.00340821
5.144412e-09,0.00208427
5.194412e-09,0.0256195
5.244412e-09,0.0461889
5.294412e-09,0.057009
5.344412e-09,0.0715916
5.394412e-09,0.0736238
5.444412e-09,0.0533016
5.494412e-09,0.0305902
5.544412e-09,0.0191384
5.594412e-09,0.0179026
5.644412e-09,0.0219396
5.694412e-09,0.024219
5.744412e-09,0.0195778
5.794412e-09,0.0192483
5.844412e-09,0.035506
5.894412e-09,0.0529995
5.944412e-09,0.0521482
5.994412e-09,0.0408886
6.044412e-09,0.0327048
6.094412e-09,0.0249879
6.144412e-09,0.0168865
6.194412e-09,0.0119158
6.244412e-09,0.00776898
6.294412e-09,0.00873017
6.344412e-09,0.0190835
6.394412e-09,0.024521
6.444412e-09,0.0191109
6.494412e-09,0.0160352
6.544412e-09,0.0178477
6.594412e-09,0.0191933
6.644412e-09,0.0184793
6.694412e-09,0.0119982
6.744412e-09,0.00290814
6.794412e-09,2.45887e-05
6.844412e-09,-0.00390253
6.894412e-09,-0.0102189
6.944412e-09,-0.00728041
6.994412e-09,0.000409062
7.044412e-09,0.00886748
7.094412e-09,0.0149641
7.144412e-09,0.0119982
7.194412e-09,0.01068
7.244412e-09,0.0138382
7.294412e-09,0.00463827
7.344412e-09,-0.0112625
7.394412e-09,-0.00988933
7.444412e-09,0.000326675
7.494412e-09,0.00263352
7.544412e-09,0.0145797
7.594412e-09,0.0355884
7.644412e-09,0.0422068
7.694412e-09,0.0390212
7.744412e-09,0.0382797
7.794412e-09,0.0386642
7.844412e-09,0.0356708
7.894412e-09,0.0348194
7.944412e-09,0.0367967
7.994412e-09,0.0288052
8.044412e-09,0.0205665
8.094412e-09,0.0242464
8.144412e-09,0.0317436
8.194412e-09,0.037346
8.244412e-09,0.0358355
8.294412e-09,0.0293544
8.344412e-09,0.0213629
8.394412e-09,0.0101857
8.444412e-09,0.000134438
8.494412e-09,-0.0103287
8.544412e-09,-0.0229065
8.594412e-09,-0.0276575
8.644412e-09,-0.0157663
8.694412e-09,0.00510513
8.744412e-09,0.0192483
8.794412e-09,0.0214727
8.844412e-09,0.0162549
8.894412e-09,0.0138107
8.944412e-09,0.0177928
8.994412e-09,0.0224888
9.044412e-09,0.0303156
9.094412e-09,0.0424265
9.144412e-09,0.051187
9.194412e-09,0.0563774
9.244412e-09,0.0571738
9.294412e-09,0.0489076
9.344412e-09,0.0353687
9.394412e-09,0.0200721
9.444412e-09,0.00796122
9.494412e-09,0.00532483
9.544412e-09,0.00634094
9.594412e-09,0.00900479
9.644412e-09,0.0129319
9.694412e-09,0.00738451
9.744412e-09,-0.000359885
9.794412e-09,0.00255113
9.844412e-09,0.00760421
9.894412e-09,0.00507767
9.944412e-09,-0.00088167
9.994412e-09,0.000326675
1.004441e-08,0.00851047
1.009441e-08,0.0162549
1.014441e-08,0.0235599
1.019441e-08,0.0283108
1.024441e-08,0.0289699
1.029441e-08,0.0307825
1.034441e-08,0.0308648
1.039441e-08,0.0255097
1.044441e-08,0.0222966
1.049441e-08,0.0282559
1.054441e-08,0.0377579
1.059441e-08,0.0396254
1.064441e-08,0.0361102
1.069441e-08,0.0324577
1.074441e-08,0.0264434
1.079441e-08,0.0222142
1.084441e-08,0.0240816
1.089441e-08,0.021967
1.094441e-08,0.0102406
1.099441e-08,0.00529737
1.104441e-08,0.011751
1.109441e-08,0.0179575
1.114441e-08,0.0264709
1.119441e-08,0.0340779
1.124441e-08,0.0305628
1.129441e-08,0.0274046
1.134441e-08,0.0274046
1.139441e-08,0.0131241
1.144441e-08,-0.00505595
1.149441e-08,-0.00673116
1.154441e-08,0.00134278
1.159441e-08,0.0070275
1.164441e-08,0.0082633
1.169441e-08,0.0108997
1.174441e-08,0.0141128
1.179441e-08,0.0120531
1.184441e-08,0.0120806
1.189441e-08,0.0196327
1.194441e-08,0.024521
1.199441e-08,0.0228733
1.204441e-08,0.0253449
1.209441e-08,0.0302058
1.214441e-08,0.0317986
1.219441e-08,0.0328147
1.224441e-08,0.0345448
1.229441e-08,0.0329795
1.234441e-08,0.0247957
1.239441e-08,0.0251527
1.244441e-08,0.0248506
1.249441e-08,0.00496782
1.254441e-08,-0.00598967
1.259441e-08,-0.00143092
1.264441e-08,0.00537975
1.269441e-08,0.0182322
1.274441e-08,0.0213903
1.279441e-08,0.0226811
1.284441e-08,0.0420146
1.289441e-08,0.0520109
1.294441e-08,0.0432778
1.299441e-08,0.0350666
1.304441e-08,0.0251527
1.309441e-08,0.0181498
1.314441e-08,0.0156232
1.319441e-08,0.00804361
1.324441e-08,0.00653317
1.329441e-08,0.0167217
1.334441e-08,0.0250703
1.339441e-08,0.0218023
1.344441e-08,0.0147994
1.349441e-08,0.0159802
1.354441e-08,0.0208136
1.359441e-08,0.0240267
1.364441e-08,0.0312493
1.369441e-08,0.0380051
1.374441e-08,0.0345997
1.379441e-08,0.0286679
1.384441e-08,0.0255646
1.389441e-08,0.0249055
1.394441e-08,0.0262786
1.399441e-08,0.0232578
1.404441e-08,0.0230381
1.409441e-08,0.0261139
1.414441e-08,0.020896
1.419441e-08,0.0157331
1.424441e-08,0.0199623
1.429441e-08,0.0291073
1.434441e-08,0.034435
1.439441e-08,0.0338583
1.444441e-08,0.0338583
1.449441e-08,0.0309198
1.454441e-08,0.022022
1.459441e-08,0.0108722
1.464441e-08,-0.00159569
1.469441e-08,-0.00920277
1.474441e-08,-0.00750011
1.479441e-08,0.00211173
1.484441e-08,0.0103779
1.489441e-08,0.0119433
1.494441e-08,0.0162823
1.499441e-08,0.0177378
1.504441e-08,0.0132889
1.509441e-08,0.0177928
1.514441e-08,0.0196602
1.519441e-08,0.010323
1.524441e-08,0.00927941
1.529441e-08,0.0171611
1.534441e-08,0.02345
1.539441e-08,0.0258942
1.544441e-08,0.0244936
1.549441e-08,0.0222966
1.554441e-08,0.0180399
1.559441e-08,0.0105701
1.564441e-08,0.00428126
1.569441e-08,0.00252367
1.574441e-08,0.00356724
1.579441e-08,0.00716481
1.584441e-08,0.0118334
1.589441e-08,0.0142226
1.594441e-08,0.0195503
1.599441e-08,0.0213354
1.604441e-08,0.0151564
1.609441e-08,0.0193856
1.614441e-08,0.0309198
1.619441e-08,0.0324851
1.624441e-08,0.0312493
1.629441e-08,0.0276518
1.634441e-08,0.0149641
1.639441e-08,0.0101582
1.644441e-08,0.0176829
1.649441e-08,0.0182322
1.654441e-08,0.0107624
1.659441e-08,0.0087027
1.664441e-08,0.0147444
1.669441e-08,0.0213354
1.674441e-08,0.0204841
1.679441e-08,0.0131241
1.684441e-08,0.00735705
1.689441e-08,0.0116686
1.694441e-08,0.0253998
1.699441e-08,0.031469
1.704441e-08,0.0246858
1.709441e-08,0.0292995
1.714441e-08,0.0464909
1.719441e-08,0.0478641
1.724441e-08,0.0379501
1.729441e-08,0.0338308
1.734441e-08,0.029629
1.739441e-08,0.0254273
1.744441e-08,0.0241091
1.749441e-08,0.0239718
1.754441e-08,0.0262237
1.759441e-08,0.0233127
1.764441e-08,0.0196877
1.769441e-08,0.0251527
1.774441e-08,0.0256195
1.779441e-08,0.0215551
1.784441e-08,0.0275419
1.789441e-08,0.03806
1.794441e-08,0.0450904
1.799441e-08,0.0473697
1.804441e-08,0.0474796
1.809441e-08,0.0451453
1.814441e-08,0.0360827
1.819441e-08,0.0256745
1.824441e-08,0.0232852
1.829441e-08,0.0326774
1.834441e-08,0.0398176
1.839441e-08,0.0380875
1.844441e-08,0.0415752
1.849441e-08,0.0399549
1.854441e-08,0.0260589
1.859441e-08,0.0180948
1.864441e-08,0.0161725
1.869441e-08,0.0113116
1.874441e-08,0.00689019
1.879441e-08,0.00573677
1.884441e-08,0.00603885
1.889441e-08,0.0110919
1.894441e-08,0.0202094
1.899441e-08,0.0180125
1.904441e-08,0.00603885
1.909441e-08,0.00474812
1.914441e-08,0.00529737
1.919441e-08,-0.00346313
1.924441e-08,-0.00612699
1.929441e-08,-0.00434193
1.934441e-08,-0.00206255
1.939441e-08,0.0068078
1.944441e-08,0.013591
1.949441e-08,0.0176554
1.954441e-08,0.021665
1.959441e-08,0.0215002
1.964441e-08,0.0217473
1.969441e-08,0.0242464
1.974441e-08,0.0269377
1.979441e-08,0.0262786
1.984441e-08,0.0221593
1.989441e-08,0.0215551
1.994441e-08,0.0229557
1.999441e-08,0.0248231
2.004441e-08,0.0275968
2.009441e-08,0.024219
2.014441e-08,0.0184793
2.019441e-08,0.0151564
2.024441e-08,0.00664302
2.029441e-08,0.00084846
2.034441e-08,0.00741197
2.039441e-08,0.0137558
2.044441e-08,0.0146895
2.049441e-08,0.0176554
2.054441e-08,0.0244112
2.059441e-08,0.0321556
2.064441e-08,0.0388015
2.069441e-08,0.0425089
2.074441e-08,0.0407513
2.079441e-08,0.0349567
2.084441e-08,0.0275694
2.089441e-08,0.0191659
2.094441e-08,0.0118334
2.099441e-08,0.0022765
2.104441e-08,-0.00420462
2.109441e-08,0.00691765
2.114441e-08,0.0228733
2.119441e-08,0.0257294
2.124441e-08,0.0261962
2.129441e-08,0.029629
2.134441e-08,0.0294917
2.139441e-08,0.0284482
2.144441e-08,0.0268004
2.149441e-08,0.0203193
2.154441e-08,0.0105152
2.159441e-08,0.00307291
2.164441e-08,0.00222158
2.169441e-08,0.00807107
2.174441e-08,0.0170238
2.179441e-08,0.0239443
2.184441e-08,0.0237796
2.189441e-08,0.0231754
2.194441e-08,0.0297389
2.199441e-08,0.0317436
2.204441e-08,0.029684
2.209441e-08,0.029327
2.214441e-08,0.0183969
2.219441e-08,0.00461081
2.224441e-08,0.00463827
2.229441e-08,0.00969135
2.234441e-08,0.0116412
2.239441e-08,0.0184793
2.244441e-08,0.027487
2.249441e-08,0.0281735
2.254441e-08,0.0246309
2.259441e-08,0.0246858
2.264441e-08,0.0326224
2.269441e-08,0.0417674
2.274441e-08,0.0414928
2.279441e-08,0.0416576
2.284441e-08,0.0447059
2.289441e-08,0.0422343
2.294441e-08,0.0375931
2.299441e-08,0.0295467
2.304441e-08,0.0220769
2.309441e-08,0.0277616
2.314441e-08,0.0375657
2.319441e-08,0.0348469
2.324441e-08,0.0352588
2.329441e-08,0.0451453
2.334441e-08,0.0418223
2.339441e-08,0.0340505
2.344441e-08,0.036934
2.349441e-08,0.0390486
2.354441e-08,0.0322654
2.359441e-08,0.0219121
2.364441e-08,0.0187814
2.369441e-08,0.0235049
2.374441e-08,0.0337759
2.379441e-08,0.0439369
2.384441e-08,0.0455847
2.389441e-08,0.0464086
2.394441e-08,0.0469853
2.399441e-08,0.039543
2.404441e-08,0.0310571
2.409441e-08,0.0287228
2.414441e-08,0.0321007
2.419441e-08,0.0287777
2.424441e-08,0.0144149
2.429441e-08,0.00952657
2.434441e-08,0.0162549
2.439441e-08,0.0207312
2.444441e-08,0.0246584
2.449441e-08,0.0275144
2.454441e-08,0.0228184
2.459441e-08,0.0183145
2.464441e-08,0.021665
2.469441e-08,0.0183695
2.474441e-08,0.00911464
2.479441e-08,0.0125749
2.484441e-08,0.0202094
2.489441e-08,0.0236697
2.494441e-08,0.0262237
2.499441e-08,0.0232578
2.504441e-08,0.0238345
2.509441e-08,0.0319633
2.514441e-08,0.0330069
2.519441e-08,0.0290249
2.524441e-08,0.0263061
2.529441e-08,0.0190286
2.534441e-08,0.0134262
2.539441e-08,0.0163647
2.544441e-08,0.0190011
2.549441e-08,0.0178477
2.554441e-08,0.0213354
2.559441e-08,0.029684
2.564441e-08,0.0344624
2.569441e-08,0.0357532
2.574441e-08,0.0341603
2.579441e-08,0.0264434
2.584441e-08,0.0185342
2.589441e-08,0.0148817
2.594441e-08,0.00774152
2.599441e-08,0.000711148
2.604441e-08,0.00598393
2.609441e-08,0.0119982
2.614441e-08,0.00815346
2.619441e-08,0.00820838
2.624441e-08,0.0167766
2.629441e-08,0.0199348
2.634441e-08,0.0180674
2.639441e-08,0.01977
2.644441e-08,0.0190835
2.649441e-08,0.0188912
2.654441e-08,0.0248231
2.659441e-08,0.0302881
2.664441e-08,0.0391036
2.669441e-08,0.046079
2.674441e-08,0.0403668
2.679441e-08,0.0330069
2.684441e-08,0.0256745
2.689441e-08,0.0148817
2.694441e-08,0.0116137
2.699441e-08,0.0154859
2.704441e-08,0.0208136
2.709441e-08,0.0305902
2.714441e-08,0.0401197
2.719441e-08,0.0436349
2.724441e-08,0.0447059
2.729441e-08,0.0425638
2.734441e-08,0.0305902
2.739441e-08,0.00873017
2.744441e-08,-0.00928516
2.749441e-08,-0.0116744
2.754441e-08,-0.0062643
2.759441e-08,0.00285321
2.764441e-08,0.0156232
2.769441e-08,0.0188363
2.774441e-08,0.0152662
2.779441e-08,0.0196327
2.784441e-08,0.0310296
2.789441e-08,0.0411632
2.794441e-08,0.0457769
2.799441e-08,0.0434152
2.804441e-08,0.0390212
2.809441e-08,0.0377304
2.814441e-08,0.0324851
2.819441e-08,0.0229282
2.824441e-08,0.014662
2.829441e-08,0.0116412
2.834441e-08,0.0161175
2.839441e-08,0.0178477
2.844441e-08,0.0163098
2.849441e-08,0.0213354
2.854441e-08,0.0262786
2.859441e-08,0.0174083
2.864441e-08,0.00370455
2.869441e-08,0.00461081
2.874441e-08,0.013948
2.879441e-08,0.0151564
2.884441e-08,0.0165844
2.889441e-08,0.033309
2.894441e-08,0.0516539
2.899441e-08,0.0532192
2.904441e-08,0.0457769
2.909441e-08,0.0395704
2.914441e-08,0.03622
2.919441e-08,0.0366594
2.924441e-08,0.0354236
2.929441e-08,0.0334189
2.934441e-08,0.0330893
2.939441e-08,0.0284207
2.944441e-08,0.0286679
2.949441e-08,0.0385543
2.954441e-08,0.0413006
2.959441e-08,0.0342427
2.964441e-08,0.0259491
2.969441e-08,0.0188638
2.974441e-08,0.0155683
2.979441e-08,0.0175456
2.984441e-08,0.0233127
2.989441e-08,0.0249879
2.994441e-08,0.0262237
2.999441e-08,0.0331442
3.004441e-08,0.0317986
3.009441e-08,0.0289974
3.014441e-08,0.0398451
3.019441e-08,0.0514891
3.024441e-08,0.0513793
3.029441e-08,0.0379776
3.034441e-08,0.0209509
3.039441e-08,0.013234
3.044441e-08,0.0111743
3.049441e-08,0.00691765
3.054441e-08,0.00351231
3.059441e-08,0.00348485
3.064441e-08,0.00342992
3.069441e-08,0.00197442
3.074441e-08,-0.00247449
3.079441e-08,-0.00607206
3.084441e-08,-0.00511088
3.089441e-08,-0.0079395
3.094441e-08,-0.0117293
3.099441e-08,-0.00760996
3.104441e-08,-0.00296881
3.109441e-08,-0.00406731
3.114441e-08,-0.00999918
3.119441e-08,-0.0137341
3.124441e-08,-0.00631922
3.129441e-08,0.00373201
3.134441e-08,0.000985772
3.139441e-08,-0.00703324
3.144441e-08,0.000930848
3.149441e-08,0.0147994
3.154441e-08,0.0144698
3.159441e-08,0.0151564
3.164441e-08,0.0235324
3.169441e-08,0.0230655
3.174441e-08,0.0163647
3.179441e-08,0.0140853
3.184441e-08,0.0168041
3.189441e-08,0.0201271
3.194441e-08,0.0207312
3.199441e-08,0.0204841
3.204441e-08,0.0217199
3.209441e-08,0.026718
3.214441e-08,0.0333639
3.219441e-08,0.0327048
3.224441e-08,0.0237521
3.229441e-08,0.019468
3.234441e-08,0.021967
3.239441e-08,0.0201271
3.244441e-08,0.0170513
3.249441e-08,0.0196877
3.254441e-08,0.0241366
3.259441e-08,0.0253724
3.264441e-08,0.0233127
3.269441e-08,0.02161
3.274441e-08,0.0191659
3.279441e-08,0.0122454
3.284441e-08,0.000738611
3.289441e-08,-0.00491864
3.294441e-08,0.00590154
3.299441e-08,0.014305
3.304441e-08,0.0063684
3.309441e-08,-0.000909132
3.314441e-08,-0.00159569
3.319441e-08,-0.000771821
3.324441e-08,0.00480304
3.329441e-08,0.0103779
3.334441e-08,0.00999344
3.339441e-08,0.00884002
3.344441e-08,0.0117785
3.349441e-08,0.022324
3.354441e-08,0.0317986
3.359441e-08,0.0296016
3.364441e-08,0.0268828
3.369441e-08,0.0301783
3.374441e-08,0.0291347
3.379441e-08,0.0239169
3.384441e-08,0.0268828
3.389441e-08,0.0305078
3.394441e-08,0.0207312
3.399441e-08,0.0169414
3.404441e-08,0.0351215
3.409441e-08,0.0526151
3.414441e-08,0.054455
3.419441e-08,0.0532742
3.424441e-08,0.0518187
3.429441e-08,0.0404492
3.434441e-08,0.0233127
3.439441e-08,0.0148543
3.444441e-08,0.0129594
3.449441e-08,0.00537975
3.454441e-08,-0.000964057
3.459441e-08,0.00653317
3.464441e-08,0.0167766
3.469441e-08,0.0137832
3.474441e-08,0.00790629
3.479441e-08,0.0114215
3.484441e-08,0.013948
3.489441e-08,0.00955404
3.494441e-08,0.00867524
3.499441e-08,0.0151838
3.504441e-08,0.0202369
3.509441e-08,0.0229831
3.514441e-08,0.0325675
3.519441e-08,0.0445411
3.524441e-08,0.0438546
3.529441e-08,0.0327872
3.534441e-08,0.0276792
3.539441e-08,0.0288326
3.544441e-08,0.0270201
3.549441e-08,0.0272673
3.554441e-08,0.0269377
3.559441e-08,0.0185617
3.564441e-08,0.0170238
3.569441e-08,0.0288601
3.574441e-08,0.0361102
3.579441e-08,0.0316338
3.584441e-08,0.0254548
3.589441e-08,0.0223515
3.594441e-08,0.0208411
3.599441e-08,0.0205665
3.604441e-08,0.0217473
3.609441e-08,0.0218572
3.614441e-08,0.0192757
3.619441e-08,0.0215551
3.624441e-08,0.0258392
3.629441e-08,0.0213629
3.634441e-08,0.0177653
3.639441e-08,0.0236972
3.644441e-08,0.0252625
3.649441e-08,0.0144149
3.654441e-08,0.00406156
3.659441e-08,0.00510513
3.664441e-08,0.0109821
3.669441e-08,0.0141952
3.674441e-08,0.0141952
3.679441e-08,0.00864778
3.684441e-08,0.00326515
3.689441e-08,0.00543468
3.694441e-08,0.00955404
3.699441e-08,0.00941673
3.704441e-08,0.0095815
3.709441e-08,0.0138931
3.714441e-08,0.0151014
3.719441e-08,0.0157331
3.724441e-08,0.0225163
3.729441e-08,0.0235324
3.734441e-08,0.0207862
3.739441e-08,0.026361
3.744441e-08,0.0271849
3.749441e-08,0.0228184
3.754441e-08,0.0283108
3.759441e-08,0.0340779
3.764441e-08,0.0344075
3.769441e-08,0.0339956
3.774441e-08,0.0278165
3.779441e-08,0.0172984
3.784441e-08,0.00721973
3.789441e-08,-0.00219986
3.794441e-08,-0.00307866
3.799441e-08,0.00675287
3.804441e-08,0.0168865
3.809441e-08,0.026773
3.814441e-08,0.0334463
3.819441e-08,0.0296016
3.824441e-08,0.026773
3.829441e-08,0.0298762
3.834441e-08,0.0292171
3.839441e-08,0.0267455
3.844441e-08,0.0262512
3.849441e-08,0.0246309
3.854441e-08,0.0240816
3.859441e-08,0.0279538
3.864441e-08,0.0271849
3.869441e-08,0.0138382
3.874441e-08,0.00233143
3.879441e-08,0.00598393
3.884441e-08,0.0141128
3.889441e-08,0.0205115
3.894441e-08,0.0274595
3.899441e-08,0.0296565
3.904441e-08,0.0321007
3.909441e-08,0.0359729
3.914441e-08,0.0326224
3.919441e-08,0.035149
3.924441e-08,0.0466557
3.929441e-08,0.0438546
3.934441e-08,0.0296016
3.939441e-08,0.0240267
3.944441e-08,0.0239169
3.949441e-08,0.0216375
3.954441e-08,0.0233402
3.959441e-08,0.0277616
3.964441e-08,0.0278165
3.969441e-08,0.0266356
3.974441e-08,0.0241366
3.979441e-08,0.0206488
3.984441e-08,0.025647
3.989441e-08,0.0398451
3.994441e-08,0.0478366
3.999441e-08,0.0421794
4.004441e-08,0.0350941
4.009441e-08,0.0335562
4.014441e-08,0.037346
4.019441e-08,0.0419322
4.024441e-08,0.0399824
4.029441e-08,0.0414104
4.034441e-08,0.0491273
4.039441e-08,0.0508025
4.044441e-08,0.0466557
4.049441e-08,0.0414379
4.054441e-08,0.0381973
4.059441e-08,0.0358355
4.064441e-08,0.0331992
4.069441e-08,0.0324851
4.074441e-08,0.0262512
4.079441e-08,0.0188363
4.084441e-08,0.0206488
4.089441e-08,0.017271
4.094441e-08,0.00801614
4.099441e-08,0.0110919
4.104441e-08,0.0193032
4.109441e-08,0.0228184
4.114441e-08,0.0315514
4.119441e-08,0.0387466
4.124441e-08,0.0302332
4.129441e-08,0.0254822
4.134441e-08,0.037291
4.139441e-08,0.0487429
4.144441e-08,0.0532742
4.149441e-08,0.0544001
4.154441e-08,0.0536586
4.159441e-08,0.0536312
4.164441e-08,0.0586842
4.169441e-08,0.0662364
4.174441e-08,0.0644788
4.179441e-08,0.0562676
4.184441e-08,0.050116
4.189441e-08,0.0401197
4.194441e-08,0.0280911
4.199441e-08,0.0219396
4.204441e-08,0.0198799
4.209441e-08,0.0196053
4.214441e-08,0.0196602
4.219441e-08,0.017216
4.224441e-08,0.0191933
4.229441e-08,0.0319084
4.234441e-08,0.0375107
4.239441e-08,0.0286953
4.244441e-08,0.0244112
4.249441e-08,0.0219945
4.254441e-08,0.0112292
4.259441e-08,0.00612124
4.264441e-08,0.0101582
4.269441e-08,0.0149367
4.274441e-08,0.0237796
4.279441e-08,0.0297389
4.284441e-08,0.0258942
4.289441e-08,0.0193581
4.294441e-08,0.0130692
4.299441e-08,0.00955404
4.304441e-08,0.00771406
4.309441e-08,0.00406156
4.314441e-08,0.00134278
4.319441e-08,0.00255113
4.324441e-08,0.00862032
4.329441e-08,0.0178202
4.334441e-08,0.0240267
4.339441e-08,0.0243563
4.344441e-08,0.0253449
4.349441e-08,0.0291622
4.354441e-08,0.0304255
4.359441e-08,0.0283108
4.364441e-08,0.0251252
4.369441e-08,0.0215551
4.374441e-08,0.0161725
4.379441e-08,0.0108173
4.384441e-08,0.00944419
4.389441e-08,0.0106525
4.394441e-08,0.0126298
4.399441e-08,0.0188912
4.404441e-08,0.0302058
4.409441e-08,0.0369066
4.414441e-08,0.03438
4.419441e-08,0.025647
4.424441e-08,0.0186166
4.429441e-08,0.0222417
4.434441e-08,0.0220494
4.439441e-08,0.00905971
4.444441e-08,-0.00209002
4.449441e-08,-0.00456163
4.454441e-08,0.00186457
4.459441e-08,0.0089224
4.464441e-08,0.0091421
4.469441e-08,0.0201271
4.474441e-08,0.0388564
4.479441e-08,0.0378403
4.484441e-08,0.0328421
4.489441e-08,0.0391036
4.494441e-08,0.0337759
4.499441e-08,0.0193581
4.504441e-08,0.0130418
4.509441e-08,0.00974627
4.514441e-08,0.0126573
4.519441e-08,0.0226536
4.524441e-08,0.0245485
4.529441e-08,0.0260589
4.534441e-08,0.0313042
4.539441e-08,0.0252625
4.544441e-08,0.0196877
4.549441e-08,0.0233402
4.554441e-08,0.0204017
4.559441e-08,0.0163372
4.564441e-08,0.022324
4.569441e-08,0.0246034
4.574441e-08,0.0210059
4.579441e-08,0.0185617
4.584441e-08,0.0119982
4.589441e-08,0.00631348
4.594441e-08,0.00889494
4.599441e-08,0.0125749
4.604441e-08,0.0129594
4.609441e-08,0.0129594
4.614441e-08,0.0153211
4.619441e-08,0.0196327
4.624441e-08,0.0222142
4.629441e-08,0.024878
4.634441e-08,0.0275694
4.639441e-08,0.029629
4.644441e-08,0.0297664
4.649441e-08,0.0260864
4.654441e-08,0.0291073
4.659441e-08,0.0350941
4.664441e-08,0.0324027
4.669441e-08,0.0308923
4.674441e-08,0.032183
4.679441e-08,0.0241915
4.684441e-08,0.0183145
4.689441e-08,0.0272398
4.694441e-08,0.0339681
4.699441e-08,0.0313317
4.704441e-08,0.0258942
4.709441e-08,0.0225437
4.714441e-08,0.0288876
4.719441e-08,0.0324851
4.724441e-08,0.0237246
4.729441e-08,0.0224064
4.734441e-08,0.0337759
4.739441e-08,0.0391585
4.744441e-08,0.0338308
4.749441e-08,0.0292446
4.754441e-08,0.0314965
4.759441e-08,0.0354511
4.764441e-08,0.035863
4.769441e-08,0.0297389
4.774441e-08,0.0205665
4.779441e-08,0.0176829
4.784441e-08,0.016145
4.789441e-08,0.00859285
4.794441e-08,0.00161741
4.799441e-08,0.00334754
4.804441e-08,0.0108997
4.809441e-08,0.0133164
4.814441e-08,0.0140029
4.819441e-08,0.0226261
4.824441e-08,0.0299861
4.829441e-08,0.0303431
4.834441e-08,0.0336935
4.839441e-08,0.0375107
4.844441e-08,0.0343251
4.849441e-08,0.030041
4.854441e-08,0.0303156
4.859441e-08,0.0306452
4.864441e-08,0.0253449
4.869441e-08,0.0206763
4.874441e-08,0.0236422
4.879441e-08,0.0265533
4.884441e-08,0.02345
4.889441e-08,0.0265807
4.894441e-08,0.0413006
4.899441e-08,0.0484682
4.904441e-08,0.0399274
4.909441e-08,0.0304255
4.914441e-08,0.0315514
4.919441e-08,0.0378403
4.924441e-08,0.0341603
4.929441e-08,0.0244661
4.934441e-08,0.0218846
4.939441e-08,0.0231205
4.944441e-08,0.0230106
4.949441e-08,0.0238345
4.954441e-08,0.0265807
4.959441e-08,0.0247133
4.964441e-08,0.0213354
4.969441e-08,0.024576
4.974441e-08,0.0219121
4.979441e-08,0.0130143
4.984441e-08,0.0145797
4.989441e-08,0.0233951
4.994441e-08,0.030398
4.999441e-08,0.0331992
5.004441e-08,0.0297389
5.009441e-08,0.0269103
5.014441e-08,0.0323204
5.019441e-08,0.0370439
5.024441e-08,0.0331717
5.029441e-08,0.0254273
5.034441e-08,0.019413
5.039441e-08,0.0178202
5.044441e-08,0.0187814
5.049441e-08,0.0156507
5.054441e-08,0.00982866
5.059441e-08,0.00960896
5.064441e-08,0.011751
5.069441e-08,0.0147719
5.074441e-08,0.0233676
5.079441e-08,0.0382248
5.084441e-08,0.0511596
5.089441e-08,0.0506378
5.094441e-08,0.0425089
5.099441e-08,0.0366045
5.104441e-08,0.0325401
5.109441e-08,0.0270201
5.114441e-08,0.0207587
5.119441e-08,0.0215551
5.124441e-08,0.0247957
5.129441e-08,0.0206214
5.134441e-08,0.0166393
5.139441e-08,0.0200172
5.144441e-08,0.0224339
5.149441e-08,0.022736
5.154441e-08,0.0277616
5.159441e-08,0.0290798
5.164441e-08,0.0202369
5.169441e-08,0.00873017
5.174441e-08,0.00510513
5.179441e-08,0.0102955
5.184441e-08,0.013591
5.189441e-08,0.0193856
5.194441e-08,0.0336111
5.199441e-08,0.0408886
5.204441e-08,0.0356708
5.209441e-08,0.0317436
5.214441e-08,0.0300684
5.219441e-08,0.0187265
5.224441e-08,0.0003816
5.229441e-08,-0.00862606
5.234441e-08,-0.00431447
5.239441e-08,0.00134278
5.244441e-08,0.00417141
5.249441e-08,0.00721973
5.254441e-08,0.0127671
5.259441e-08,0.0171062
5.264441e-08,0.0152937
5.269441e-08,0.0178751
5.274441e-08,0.0250703
5.279441e-08,0.0250977
5.284441e-08,0.0246584
5.289441e-08,0.0250428
5.294441e-08,0.0181772
5.299441e-08,0.0147994
5.304441e-08,0.0208685
5.309441e-08,0.0197151
5.314441e-08,0.00353977
5.319441e-08,-0.00431447
5.324441e-08,0.00966389
5.329441e-08,0.0214727
5.334441e-08,0.0186166
5.339441e-08,0.0151838
5.344441e-08,0.0173808
5.349441e-08,0.0213629
5.354441e-08,0.0227085
5.359441e-08,0.0151289
5.364441e-08,0.0042538
5.369441e-08,0.00395171
5.374441e-08,0.0108173
5.379441e-08,0.0170787
5.384441e-08,0.0277616
5.389441e-08,0.0392683
5.394441e-08,0.0407788
5.399441e-08,0.0378128
5.404441e-08,0.0342153
5.409441e-08,0.0264159
5.414441e-08,0.0191384
5.419441e-08,0.0134262
5.424441e-08,0.00694511
5.429441e-08,0.0044735
5.434441e-08,0.0074669
5.439441e-08,0.0116137
5.444441e-08,0.013948
5.449441e-08,0.0124376
5.454441e-08,0.0138656
5.459441e-08,0.0189736
5.464441e-08,0.0161175
5.469441e-08,0.0135361
5.474441e-08,0.0202918
5.479441e-08,0.0255097
5.484441e-08,0.0229557
5.489441e-08,0.019056
5.494441e-08,0.0190286
5.499441e-08,0.0175731
5.504441e-08,0.0208136
5.509441e-08,0.029272
5.514441e-08,0.0219121
5.519441e-08,0.0111743
5.524441e-08,0.0166943
5.529441e-08,0.0212805
5.534441e-08,0.0212805
5.539441e-08,0.0231479
5.544441e-08,0.0196327
5.549441e-08,0.0186715
5.554441e-08,0.0264434
5.559441e-08,0.0312219
5.564441e-08,0.0305078
5.569441e-08,0.0258942
5.574441e-08,0.026718
5.579441e-08,0.0406689
5.584441e-08,0.0467106
5.589441e-08,0.0442665
5.594441e-08,0.0487978
5.599441e-08,0.0444862
5.604441e-08,0.0347645
5.609441e-08,0.0351215
5.614441e-08,0.0327323
5.619441e-08,0.0264434
5.624441e-08,0.024219
5.629441e-08,0.0249879
5.634441e-08,0.025647
5.639441e-08,0.0212805
5.644441e-08,0.0171611
5.649441e-08,0.0196327
5.654441e-08,0.022379
5.659441e-08,0.0245485
5.664441e-08,0.0258118
5.669441e-08,0.0225987
5.674441e-08,0.0246858
5.679441e-08,0.0300684
5.684441e-08,0.0297389
5.689441e-08,0.0330618
5.694441e-08,0.0369066
5.699441e-08,0.0324027
5.704441e-08,0.0317436
5.709441e-08,0.0335287
5.714441e-08,0.024933
5.719441e-08,0.0151014
5.724441e-08,0.0102406
5.729441e-08,0.00801614
5.734441e-08,0.00999344
5.739441e-08,0.0158978
5.744441e-08,0.0212805
5.749441e-08,0.0148543
5.754441e-08,0.00551707
5.759441e-08,0.0109821
5.764441e-08,0.0203742
5.769441e-08,0.0239993
5.774441e-08,0.0259765
5.779441e-08,0.0265258
5.784441e-08,0.0252076
5.789441e-08,0.0248506
5.794441e-08,0.0267455
5.799441e-08,0.0258118
5.804441e-08,0.0224064
5.809441e-08,0.0227634
5.814441e-08,0.022736
5.819441e-08,0.0183695
5.824441e-08,0.0166943
5.829441e-08,0.0161999
5.834441e-08,0.0108448
5.839441e-08,0.00927941
5.844441e-08,0.00971881
5.849441e-08,0.00134278
5.854441e-08,-0.000359885
5.859441e-08,0.0098012
5.864441e-08,0.00864778
5.869441e-08,-0.00766488
5.874441e-08,-0.0169746
5.879441e-08,-0.00944993
5.884441e-08,0.000820998
5.889441e-08,0.0104054
5.894441e-08,0.019825
5.899441e-08,0.020896
5.904441e-08,0.0249055
5.909441e-08,0.0378678
5.914441e-08,0.0439095
5.919441e-08,0.042454
5.924441e-08,0.0390212
5.929441e-08,0.0277067
5.934441e-08,0.0102681
5.939441e-08,-0.00258434
5.944441e-08,-0.00412223
5.949441e-08,-0.00121122
5.954441e-08,-0.00332582
5.959441e-08,-0.00999918
5.964441e-08,-0.0113174
5.969441e-08,0.00180964
5.974441e-08,0.0150465
5.979441e-08,0.01436
5.984441e-08,0.013234
5.989441e-08,0.0170787
5.994441e-08,0.0140853
5.999441e-08,0.00991105
6.004441e-08,0.0156232
6.009441e-08,0.0208136
6.014441e-08,0.0151289
6.019441e-08,0.00477558
6.024441e-08,0.00208427
6.029441e-08,0.00754928
6.034441e-08,0.0109546
6.039441e-08,0.012163
6.044441e-08,0.0167766
6.049441e-08,0.0203742
6.054441e-08,0.0197975
6.059441e-08,0.0210059
6.064441e-08,0.0247407
6.069441e-08,0.0272673
6.074441e-08,0.026718
6.079441e-08,0.0195229
6.084441e-08,0.00804361
6.089441e-08,0.00491289
6.094441e-08,0.0120531
6.099441e-08,0.0160626
6.104441e-08,0.0142501
6.109441e-08,0.0136185
6.114441e-08,0.0146346
6.119441e-08,0.0186715
6.124441e-08,0.0245485
6.129441e-08,0.0263061
6.134441e-08,0.0239443
6.139441e-08,0.0187539
6.144441e-08,0.0190286
6.149441e-08,0.0320183
6.154441e-08,0.0430856
6.159441e-08,0.0405316
6.164441e-08,0.0303156
6.169441e-08,0.0266631
6.174441e-08,0.0348469
6.179441e-08,0.0378952
6.184441e-08,0.0325401
6.189441e-08,0.0338308
6.194441e-08,0.0366045
6.199441e-08,0.0313317
6.204441e-08,0.0280088
6.209441e-08,0.0306452
6.214441e-08,0.0325126
6.219441e-08,0.0367418
6.224441e-08,0.0395704
6.229441e-08,0.0307825
6.234441e-08,0.0222417
6.239441e-08,0.024576
6.244441e-08,0.0274595
6.249441e-08,0.0261139
6.254441e-08,0.0246584
6.259441e-08,0.0206763
6.264441e-08,0.0126024
6.269441e-08,0.0117236
6.274441e-08,0.0191933
6.279441e-08,0.0216924
6.284441e-08,0.024164
6.289441e-08,0.0263336
6.294441e-08,0.0157605
6.299441e-08,0.00710988
6.304441e-08,0.0115039
6.309441e-08,0.015074
6.314441e-08,0.0196877
6.319441e-08,0.0314965
6.324441e-08,0.03622
6.329441e-08,0.0317436
6.334441e-08,0.0279813
6.339441e-08,0.0250977
6.344441e-08,0.0243013
6.349441e-08,0.024933
6.354441e-08,0.0270476
6.359441e-08,0.0355884
6.364441e-08,0.0434701
6.369441e-08,0.0454748
6.374441e-08,0.0475071
6.379441e-08,0.0507751
6.384441e-08,0.0492097
6.389441e-08,0.0350666
6.394441e-08,0.0155958
6.399441e-08,0.00370455
6.404441e-08,-0.00263926
6.409441e-08,-0.00335328
6.414441e-08,0.00164487
6.419441e-08,0.00268844
6.424441e-08,-0.000716896
6.429441e-08,-0.00148584
6.434441e-08,0.000518912
6.439441e-08,0.00444603
6.444441e-08,0.00911464
6.449441e-08,0.0111743
6.454441e-08,0.0151289
6.459441e-08,0.0232028
6.464441e-08,0.0275968
6.469441e-08,0.0264434
6.474441e-08,0.0300135
6.479441e-08,0.0388564
6.484441e-08,0.0404218
6.489441e-08,0.0400647
6.494441e-08,0.0446235
6.499441e-08,0.0436074
6.504441e-08,0.037291
6.509441e-08,0.0390761
6.514441e-08,0.0504455
6.519441e-08,0.054153
6.524441e-08,0.0424265
6.529441e-08,0.0287777
6.534441e-08,0.0244387
6.539441e-08,0.0269927
6.544441e-08,0.0278989
6.549441e-08,0.0241091
6.554441e-08,0.0232028
6.559441e-08,0.0295741
6.564441e-08,0.029629
6.569441e-08,0.0192208
6.574441e-08,0.0203468
6.579441e-08,0.0319084
6.584441e-08,0.0301783
6.589441e-08,0.024933
6.594441e-08,0.0326224
6.599441e-08,0.0342153
6.604441e-08,0.0191659
6.609441e-08,0.00763167
6.614441e-08,0.00543468
6.619441e-08,0.00502274
6.624441e-08,0.00955404
6.629441e-08,0.0170787
6.634441e-08,0.0218572
6.639441e-08,0.025647
6.644441e-08,0.0300135
6.649441e-08,0.035149
6.654441e-08,0.0386092
6.659441e-08,0.0358081
6.664441e-08,0.0306726
6.669441e-08,0.0250703
6.674441e-08,0.0170787
6.679441e-08,0.0155683
6.684441e-08,0.0214727
6.689441e-08,0.0250428
6.694441e-08,0.0288326
6.699441e-08,0.0310571
6.704441e-08,0.0244112
6.709441e-08,0.0209784
6.714441e-08,0.0259491
6.719441e-08,0.0298487
6.724441e-08,0.0324577
6.729441e-08,0.0339956
6.734441e-08,0.0317162
6.739441e-08,0.0268279
6.744441e-08,0.0231479
6.749441e-08,0.0212256
6.754441e-08,0.0207862
6.759441e-08,0.0221318
6.764441e-08,0.021253
6.769441e-08,0.0194954
6.774441e-08,0.0172984
6.779441e-08,0.0144423
6.784441e-08,0.0191109
6.789441e-08,0.0257568
6.794441e-08,0.0261962
6.799441e-08,0.0293544
6.804441e-08,0.0316613
6.809441e-08,0.0274321
6.814441e-08,0.0337759
6.819441e-08,0.045008
6.824441e-08,0.0428934
6.829441e-08,0.0445686
6.834441e-08,0.0517088
6.839441e-08,0.0467656
6.844441e-08,0.0432229
6.849441e-08,0.045365
6.854441e-08,0.0354785
6.859441e-08,0.0233127
6.864441e-08,0.0227085
6.869441e-08,0.0214178
6.874441e-08,0.0197975
6.879441e-08,0.0218572
6.884441e-08,0.0233951
6.889441e-08,0.0303431
6.894441e-08,0.0344624
6.899441e-08,0.0340505
6.904441e-08,0.045722
6.909441e-08,0.0569541
6.914441e-08,0.0505279
6.919441e-08,0.0371812
6.924441e-08,0.0274046
6.929441e-08,0.0200172
6.934441e-08,0.0149641
6.939441e-08,0.0136185
6.944441e-08,0.0101582
6.949441e-08,0.000738611
6.954441e-08,-0.0047264
6.959441e-08,-0.00250195
6.964441e-08,-0.000909132
6.969441e-08,0.00230397
6.974441e-08,0.00675287
6.979441e-08,0.0057093
6.984441e-08,0.00463827
6.989441e-08,0.00911464
6.994441e-08,0.0188912
6.999441e-08,0.0246858
7.004441e-08,0.0238345
7.009441e-08,0.0364946
7.014441e-08,0.0587392
7.019441e-08,0.0644239
7.024441e-08,0.0555261
7.029441e-08,0.0452002
7.034441e-08,0.0393233
7.039441e-08,0.0364672
7.044441e-08,0.0319633
7.049441e-08,0.0306452
7.054441e-08,0.0295741
7.059441e-08,0.022022
7.064441e-08,0.0213903
7.069441e-08,0.0318535
7.074441e-08,0.0335562
7.079441e-08,0.0239993
7.084441e-08,0.0193581
7.089441e-08,0.0215826
7.094441e-08,0.0214727
7.099441e-08,0.0172984
7.104441e-08,0.0158155
7.109441e-08,0.0199348
7.114441e-08,0.0279264
7.119441e-08,0.036934
7.124441e-08,0.0381698
7.129441e-08,0.026773
7.134441e-08,0.0155134
7.139441e-08,0.0161725
7.144441e-08,0.0212805
7.149441e-08,0.0232852
7.154441e-08,0.0248231
7.159441e-08,0.0266631
7.164441e-08,0.0227085
7.169441e-08,0.0196327
7.174441e-08,0.031112
7.179441e-08,0.0414653
7.184441e-08,0.0337484
7.189441e-08,0.0221318
7.194441e-08,0.0188089
7.199441e-08,0.0191933
7.204441e-08,0.0202918
7.209441e-08,0.021253
7.214441e-08,0.0210882
7.219441e-08,0.0218297
7.224441e-08,0.0223515
7.229441e-08,0.0198799
7.234441e-08,0.0167766
7.239441e-08,0.0150191
7.244441e-08,0.0105976
7.249441e-08,0.003375
7.254441e-08,-0.00335328
7.259441e-08,-0.00623684
7.264441e-08,-0.00165062
7.269441e-08,0.00351231
7.274441e-08,0.00095831
7.279441e-08,-0.0026118
7.284441e-08,-0.000359885
7.289441e-08,-0.0037103
7.294441e-08,-0.0121138
7.299441e-08,-0.00555028
7.304441e-08,0.00966389
7.309441e-08,0.0189736
7.314441e-08,0.028201
7.319441e-08,0.0345448
7.324441e-08,0.0312493
7.329441e-08,0.0277341
7.334441e-08,0.0281461
7.339441e-08,0.0251252
7.344441e-08,0.0218846
7.349441e-08,0.0224888
7.354441e-08,0.0251801
7.359441e-08,0.0317986
7.364441e-08,0.0354236
7.369441e-08,0.0273497
7.374441e-08,0.0209509
7.379441e-08,0.0229008
7.384441e-08,0.0161999
7.389441e-08,0.00351231
7.394441e-08,0.00290814
7.399441e-08,0.012108
7.404441e-08,0.0205115
7.409441e-08,0.0246584
7.414441e-08,0.0243563
7.419441e-08,0.0249879
7.424441e-08,0.0283108
7.429441e-08,0.0300684
7.434441e-08,0.0292995
7.439441e-08,0.02345
7.444441e-08,0.0173808
7.449441e-08,0.0207862
7.454441e-08,0.0247957
7.459441e-08,0.0207312
7.464441e-08,0.0191109
7.469441e-08,0.0205665
7.474441e-08,0.0195503
7.479441e-08,0.0202644
7.484441e-08,0.0227085
7.489441e-08,0.0273222
7.494441e-08,0.027487
7.499441e-08,0.0191933
7.504441e-08,0.0166119
7.509441e-08,0.0180125
7.514441e-08,0.0151289
7.519441e-08,0.0131516
7.524441e-08,0.00930688
7.529441e-08,0.00675287
7.534441e-08,0.0147444
7.539441e-08,0.0211981
7.544441e-08,0.0207312
7.549441e-08,0.0277341
7.554441e-08,0.036577
7.559441e-08,0.0339956
7.564441e-08,0.0284207
7.569441e-08,0.026773
7.574441e-08,0.0255646
7.579441e-08,0.0232852
7.584441e-08,0.0256745
7.589441e-08,0.0307001
7.594441e-08,0.0225163
7.599441e-08,0.00678034
7.604441e-08,0.00183711
7.609441e-08,0.00664302
7.614441e-08,0.0118609
7.619441e-08,0.012108
7.624441e-08,0.0108722
7.629441e-08,0.0172984
7.634441e-08,0.0278714
7.639441e-08,0.0296565
7.644441e-08,0.0239718
7.649441e-08,0.0219121
7.654441e-08,0.0241915
7.659441e-08,0.0254548
7.664441e-08,0.0283932
7.669441e-08,0.0312219
7.674441e-08,0.0317162
7.679441e-08,0.0340779
7.684441e-08,0.0338583
7.689441e-08,0.0292995
7.694441e-08,0.0226261
7.699441e-08,0.0193581
7.704441e-08,0.0215551
7.709441e-08,0.0166119
7.714441e-08,0.00606631
7.719441e-08,0.00186457
7.724441e-08,0.00488543
7.729441e-08,0.00798868
7.734441e-08,0.00796122
7.739441e-08,0.0118883
7.744441e-08,0.014717
7.749441e-08,0.00952657
7.754441e-08,0.00927941
7.759441e-08,0.016502
7.764441e-08,0.0186441
7.769441e-08,0.0180674
7.774441e-08,0.0239993
7.779441e-08,0.0313866
7.784441e-08,0.0388839
7.789441e-08,0.0603045
7.794441e-08,0.0762602
7.799441e-08,0.0606341
7.804441e-08,0.0397901
7.809441e-08,0.0275694
7.814441e-08,0.0147444
7.819441e-08,0.0117785
7.824441e-08,0.0135361
7.829441e-08,0.00450096
7.834441e-08,-0.00450671
7.839441e-08,-0.00478133
7.844441e-08,0.000216825
7.849441e-08,0.00966389
7.854441e-08,0.0115313
7.859441e-08,0.0089224
7.864441e-08,0.0160626
7.869441e-08,0.0236972
7.874441e-08,0.0253174
7.879441e-08,0.0207038
7.884441e-08,0.014662
7.889441e-08,0.017628
7.894441e-08,0.020182
7.899441e-08,0.0204291
7.904441e-08,0.0293819
7.909441e-08,0.0390486
7.914441e-08,0.0403119
7.919441e-08,0.0330618
7.924441e-08,0.0232852
7.929441e-08,0.0219121
7.934441e-08,0.0233127
7.939441e-08,0.0191659
7.944441e-08,0.024576
7.949441e-08,0.0390486
7.954441e-08,0.0392958
7.959441e-08,0.0312768
7.964441e-08,0.031881
7.969441e-08,0.0327872
7.974441e-08,0.0236148
7.979441e-08,0.0144973
7.984441e-08,0.0159528
7.989441e-08,0.0213079
7.994441e-08,0.0243563
7.999441e-08,0.02345
8.004441e-08,0.0229831
8.009441e-08,0.0307275
8.014441e-08,0.031881
8.019441e-08,0.0198799
8.024441e-08,0.0170787
8.029441e-08,0.0163922
8.034441e-08,0.00428126
8.039441e-08,0.00274337
8.044441e-08,0.0152113
8.049441e-08,0.023807
8.054441e-08,0.0275968
8.059441e-08,0.0297114
8.064441e-08,0.0295192
8.069441e-08,0.0268828
8.074441e-08,0.0265258
8.079441e-08,0.0381424
8.084441e-08,0.0499237
8.089441e-08,0.0428385
8.094441e-08,0.0269927
8.099441e-08,0.0205939
8.104441e-08,0.019056
8.109441e-08,0.0183969
8.114441e-08,0.0222417
8.119441e-08,0.0204566
8.124441e-08,0.0171611
8.129441e-08,0.0297938
8.134441e-08,0.0511321
8.139441e-08,0.0580252
8.144441e-08,0.0467381
8.149441e-08,0.0355884
8.154441e-08,0.0323204
8.159441e-08,0.0263061
8.164441e-08,0.0161725
8.169441e-08,0.0212256
8.174441e-08,0.0372087
8.179441e-08,0.0381973
8.184441e-08,0.0311395
8.189441e-08,0.0303431
8.194441e-08,0.0300959
8.199441e-08,0.0265533
8.204441e-08,0.0214178
8.209441e-08,0.0205939
8.214441e-08,0.0253449
8.219441e-08,0.0237246
8.224441e-08,0.0188363
8.229441e-08,0.0247682
8.234441e-08,0.0296565
8.239441e-08,0.027487
8.244441e-08,0.0292995
8.249441e-08,0.0314416
8.254441e-08,0.033309
8.259441e-08,0.0310296
8.264441e-08,0.0184244
8.269441e-08,0.00960896
8.274441e-08,0.00955404
8.279441e-08,0.00938926
8.284441e-08,0.00634094
8.289441e-08,0.00749436
8.294441e-08,0.0196053
8.299441e-08,0.0324027
8.304441e-08,0.0368791
8.309441e-08,0.0319359
8.314441e-08,0.0219396
8.319441e-08,0.0133164
8.324441e-08,0.00400663
8.329441e-08,-0.00181539
8.334441e-08,0.00131532
8.339441e-08,0.0091421
8.344441e-08,0.0156781
8.349441e-08,0.0219945
8.354441e-08,0.0295467
8.359441e-08,0.0305078
8.364441e-08,0.0262237
8.369441e-08,0.0222417
8.374441e-08,0.0167492
8.379441e-08,0.0128495
8.384441e-08,0.010323
8.389441e-08,0.00796122
8.394441e-08,0.0108997
8.399441e-08,0.0162274
8.404441e-08,0.0218297
8.409441e-08,0.0286129
8.414441e-08,0.0291896
8.419441e-08,0.026004
8.424441e-08,0.0283108
8.429441e-08,0.028201
8.434441e-08,0.0200996
8.439441e-08,0.0144423
8.444441e-08,0.016502
8.449441e-08,0.0193032
8.454441e-08,0.0193306
8.459441e-08,0.0207038
8.464441e-08,0.0238345
8.469441e-08,0.0259765
8.474441e-08,0.0230655
8.479441e-08,0.0214453
8.484441e-08,0.030398
8.489441e-08,0.0370164
8.494441e-08,0.0353138
8.499441e-08,0.0363024
8.504441e-08,0.0385269
8.509441e-08,0.0389937
8.514441e-08,0.0397901
8.519441e-08,0.038774
8.524441e-08,0.0382248
8.529441e-08,0.0400373
8.534441e-08,0.0428659
8.539441e-08,0.0478915
8.544441e-08,0.0513793
8.549441e-08,0.0531368
8.554441e-08,0.057009
8.559441e-08,0.0551965
8.564441e-08,0.0438271
8.569441e-08,0.0346547
8.574441e-08,0.0335836
8.579441e-08,0.0313866
8.584441e-08,0.0265533
8.589441e-08,0.0283932
8.594441e-08,0.0314965
8.599441e-08,0.0283108
8.604441e-08,0.0261962
8.609441e-08,0.0268553
8.614441e-08,0.0251252
8.619441e-08,0.0194405
8.624441e-08,0.00908718
8.629441e-08,0.00312784
8.634441e-08,0.00661556
8.639441e-08,0.00535229
8.644441e-08,0.00386932
8.649441e-08,0.0178477
8.654441e-08,0.0291073
8.659441e-08,0.0257843
8.664441e-08,0.0277341
8.669441e-08,0.0347645
8.674441e-08,0.0383072
8.679441e-08,0.0507751
8.684441e-08,0.0637648
8.689441e-08,0.0631332
8.694441e-08,0.0602496
8.699441e-08,0.0572013
8.704441e-08,0.0471226
8.709441e-08,0.0333365
8.714441e-08,0.0236148
8.719441e-08,0.0211432
8.724441e-08,0.0203742
8.729441e-08,0.0181772
8.734441e-08,0.0161175
8.739441e-08,0.0119707
8.744441e-08,0.00609378
8.749441e-08,0.00537975
8.754441e-08,0.0098012
8.759441e-08,0.0115863
8.764441e-08,0.00732958
8.769441e-08,0.00386932
8.774441e-08,0.00996597
8.779441e-08,0.0195778
8.784441e-08,0.0265807
8.789441e-08,0.0337759
8.794441e-08,0.030398
8.799441e-08,0.0174907
8.804441e-08,0.0152113
8.809441e-08,0.0155408
8.814441e-08,0.0089224
8.819441e-08,0.0040341
8.824441e-08,0.0024962
8.829441e-08,0.00815346
8.834441e-08,0.0146346
8.839441e-08,0.0154585
8.844441e-08,0.0168316
8.849441e-08,0.00963642
8.854441e-08,-0.0028315
8.859441e-08,0.00213919
8.864441e-08,0.0164746
8.869441e-08,0.0218846
8.874441e-08,0.025647
8.879441e-08,0.0259491
8.884441e-08,0.0180399
8.889441e-08,0.0140304
8.894441e-08,0.00944419
8.899441e-08,-0.00409477
8.904441e-08,-0.0129377
8.909441e-08,-0.00826905
8.914441e-08,-0.000442272
8.919441e-08,0.00617616
8.924441e-08,0.0149367
8.929441e-08,0.0177104
8.934441e-08,0.0113116
8.939441e-08,0.00639586
8.944441e-08,0.00172726
8.949441e-08,-0.00821413
8.954441e-08,-0.0157937
8.959441e-08,-0.0137615
8.964441e-08,-0.00362791
8.969441e-08,0.00735705
8.974441e-08,0.0157056
8.979441e-08,0.0207312
8.984441e-08,0.022736
8.989441e-08,0.0233127
8.994441e-08,0.0211706
8.999441e-08,0.0218023
9.004441e-08,0.0266082
9.009441e-08,0.0248231
9.014441e-08,0.0207587
9.019441e-08,0.0244112
9.024441e-08,0.0286679
9.029441e-08,0.0261688
9.034441e-08,0.0216375
9.039441e-08,0.0224888
9.044441e-08,0.0225987
9.049441e-08,0.0210333
9.054441e-08,0.0277616
9.059441e-08,0.0331168
9.064441e-08,0.0327323
9.069441e-08,0.0333365
9.074441e-08,0.0324302
9.079441e-08,0.0325401
9.084441e-08,0.0272947
9.089441e-08,0.0215551
9.094441e-08,0.0325675
9.099441e-08,0.0393507
9.104441e-08,0.0291896
9.109441e-08,0.0253174
9.114441e-08,0.0317162
9.119441e-08,0.0340505
9.124441e-08,0.0273222
9.129441e-08,0.0207312
9.134441e-08,0.020896
9.139441e-08,0.015788
9.144441e-08,0.00960896
9.149441e-08,0.0180674
9.154441e-08,0.0283383
9.159441e-08,0.0305353
9.164441e-08,0.0272398
9.169441e-08,0.022022
9.174441e-08,0.0231205
9.179441e-08,0.0231205
9.184441e-08,0.0204017
9.189441e-08,0.0246034
9.194441e-08,0.0284756
9.199441e-08,0.0267455
9.204441e-08,0.0238619
9.209441e-08,0.0213354
9.214441e-08,0.0170238
9.219441e-08,0.00949911
9.224441e-08,0.00804361
9.229441e-08,0.0154859
9.234441e-08,0.019056
9.239441e-08,0.019056
9.244441e-08,0.019056
9.249441e-08,0.0157056
9.254441e-08,0.0181498
9.259441e-08,0.0248506
9.264441e-08,0.0198524
9.269441e-08,0.00488543
9.274441e-08,0.000518912
9.279441e-08,0.0116686
9.284441e-08,0.0174907
9.289441e-08,0.0164196
9.294441e-08,0.0164471
9.299441e-08,0.0125749
9.304441e-08,0.0123003
9.309441e-08,0.0176829
9.314441e-08,0.0211432
9.319441e-08,0.0276518
9.324441e-08,0.0344899
9.329441e-08,0.0316338
9.334441e-08,0.0237246
9.339441e-08,0.0203193
9.344441e-08,0.0239993
9.349441e-08,0.0285031
9.354441e-08,0.0268004
9.359441e-08,0.0219396
9.364441e-08,0.0209509
9.369441e-08,0.0231205
9.374441e-08,0.0266356
9.379441e-08,0.0264434
9.384441e-08,0.0164471
9.389441e-08,0.00963642
9.394441e-08,0.0108722
9.399441e-08,0.00694511
9.404441e-08,0.00488543
9.409441e-08,0.016145
9.414441e-08,0.0290249
9.419441e-08,0.0313042
9.424441e-08,0.0299311
9.429441e-08,0.0320183
9.434441e-08,0.0311669
9.439441e-08,0.0254273
9.444441e-08,0.0208685
9.449441e-08,0.0192757
9.454441e-08,0.0128221
9.459441e-08,0.00386932
9.464441e-08,0.0024962
9.469441e-08,0.00342992
9.474441e-08,0.00840062
9.479441e-08,0.0199623
9.484441e-08,0.0289974
9.489441e-08,0.0297114
9.494441e-08,0.0219396
9.499441e-08,0.0163372
9.504441e-08,0.0134262
9.509441e-08,0.0052699
9.514441e-08,0.00353977
9.519441e-08,0.0125474
9.524441e-08,0.0209784
9.529441e-08,0.0268279
9.534441e-08,0.0281461
9.539441e-08,0.0193856
9.544441e-08,0.00310038
9.549441e-08,-0.00467148
9.554441e-08,0.000985772
9.559441e-08,0.00351231
9.564441e-08,0.00601139
9.569441e-08,0.0168316
9.574441e-08,0.0257843
9.579441e-08,0.0284207
9.584441e-08,0.027844
9.589441e-08,0.0301508
9.594441e-08,0.0337759
9.599441e-08,0.0312493
9.604441e-08,0.0243288
9.609441e-08,0.0226536
9.614441e-08,0.0339956
9.619441e-08,0.0476718
9.624441e-08,0.0503631
9.629441e-08,0.0455023
9.634441e-08,0.0330344
9.639441e-08,0.0169689
9.644441e-08,0.0129319
9.649441e-08,0.0134537
9.654441e-08,0.00754928
9.659441e-08,0.00886748
9.664441e-08,0.0160901
9.669441e-08,0.015074
9.674441e-08,0.0140304
9.679441e-08,0.0162823
9.684441e-08,0.0165295
9.689441e-08,0.0239169
9.694441e-08,0.0320457
9.699441e-08,0.0291347
9.704441e-08,0.0270201
9.709441e-08,0.0290523
9.714441e-08,0.0280362
9.719441e-08,0.0262237
9.724441e-08,0.0278989
9.729441e-08,0.0346821
9.734441e-08,0.0425913
9.739441e-08,0.0460241
9.744441e-08,0.0498139
9.749441e-08,0.0585195
9.754441e-08,0.0673349
9.759441e-08,0.0660716
9.764441e-08,0.050473
9.769441e-08,0.0374833
9.774441e-08,0.0311669
9.779441e-08,0.0166119
9.784441e-08,0.00988359
9.789441e-08,0.0182322
9.794441e-08,0.0161175
9.799441e-08,0.00856539
9.804441e-08,0.00900479
9.809441e-08,0.00537975
9.814441e-08,0.00197442
9.819441e-08,0.00667049
9.824441e-08,0.00741197
9.829441e-08,0.0070275
9.834441e-08,0.0151838
9.839441e-08,0.022379
9.844441e-08,0.0248231
9.849441e-08,0.0266631
9.854441e-08,0.02713
9.859441e-08,0.0265258
9.864441e-08,0.0199897
9.869441e-08,0.0139206
9.874441e-08,0.0136459
9.879441e-08,0.00774152
9.884441e-08,0.00474812
9.889441e-08,0.0112018
9.894441e-08,0.0174907
9.899441e-08,0.0261962
9.904441e-08,0.0388839
9.909441e-08,0.0431131
9.914441e-08,0.0355884
9.919441e-08,0.0297938
9.924441e-08,0.0269103
9.929441e-08,0.02713
9.934441e-08,0.0331168
9.939441e-08,0.0330069
9.944441e-08,0.027487
9.949441e-08,0.0248506
9.954441e-08,0.0252351
9.959441e-08,0.0258667
9.964441e-08,0.0241915
9.969441e-08,0.0220494
9.974441e-08,0.0122728
9.979441e-08,-0.00343567
9.984441e-08,-0.00596221
9.989441e-08,0.00137025
9.994441e-08,0.0052699
9.999441e-08,0.00960896
1.000444e-07,0.0168865
1.000944e-07,0.0247133
1.001444e-07,0.0325126
1.001944e-07,0.0340505
1.002444e-07,0.0297664
1.002944e-07,0.0309198
1.003444e-07,0.0332541
1.003944e-07,0.0297664
1.004444e-07,0.0269103
1.004944e-07,0.0270201
1.005444e-07,0.0264159
1.005944e-07,0.0200172
1.006444e-07,0.00653317
1.006944e-07,-0.00340821
1.007444e-07,0.00112308
1.007944e-07,0.0124376
1.008444e-07,0.0167217
1.008944e-07,0.018699
1.009444e-07,0.0246034
1.009944e-07,0.0316063
1.010444e-07,0.0396254
1.010944e-07,0.0433053
1.011444e-07,0.0379501
1.011944e-07,0.0306177
1.012444e-07,0.0255646
1.012944e-07,0.0197426
1.013444e-07,0.0144149
1.013944e-07,0.0126573
1.014444e-07,0.0138382
1.014944e-07,0.0182047
1.015444e-07,0.023093
1.015944e-07,0.0230655
1.016444e-07,0.0233127
1.016944e-07,0.0286953
1.017444e-07,0.0288601
1.017944e-07,0.0277341
1.018444e-07,0.0386367
1.018944e-07,0.0464086
1.019444e-07,0.0408886
1.019944e-07,0.0377304
1.020444e-07,0.0384719
1.020944e-07,0.0367418
1.021444e-07,0.044294
1.021944e-07,0.0563499
1.022444e-07,0.0537136
1.022944e-07,0.0397627
1.023444e-07,0.0231754
1.023944e-07,0.0116961
1.024444e-07,0.00960896
1.024944e-07,0.0135635
1.025444e-07,0.0180399
1.025944e-07,0.0181223
1.026444e-07,0.0241091
1.026944e-07,0.0375107
1.027444e-07,0.0402021
1.027944e-07,0.033666
1.028444e-07,0.0320183
1.028944e-07,0.0359454
1.029444e-07,0.0426188
1.029944e-07,0.0455023
1.030444e-07,0.0409161
1.030944e-07,0.034435
1.031444e-07,0.0263885
1.031944e-07,0.0198799
1.032444e-07,0.021665
1.032944e-07,0.027487
1.033444e-07,0.0276792
1.033944e-07,0.0249055
1.034444e-07,0.0271574
1.034944e-07,0.0270476
1.035444e-07,0.0193032
1.035944e-07,0.014305
1.036444e-07,0.0163098
1.036944e-07,0.0191384
1.037444e-07,0.0206763
1.037944e-07,0.0218297
1.038444e-07,0.0215002
1.038944e-07,0.0210333
1.039444e-07,0.0247682
1.039944e-07,0.0250428
1.040444e-07,0.0104603
1.040944e-07,5.20511e-05
1.041444e-07,0.00340246
1.041944e-07,-0.00324344
1.042444e-07,-0.0109604
1.042944e-07,-0.00118376
1.043444e-07,0.0112018
1.043944e-07,0.0148543
1.044444e-07,0.00678034
1.044944e-07,-0.00431447
1.045444e-07,0.000189363
1.045944e-07,0.0124925
1.046444e-07,0.0124925
1.046944e-07,0.00853793
1.047444e-07,0.0160077
1.047944e-07,0.0244936
1.048444e-07,0.027075
1.048944e-07,0.0312768
1.049444e-07,0.0314141
1.049944e-07,0.0243837
1.050444e-07,0.024521
1.050944e-07,0.0309747
1.051444e-07,0.0318535
1.051944e-07,0.030041
1.052444e-07,0.0295467
1.052944e-07,0.028201
1.053444e-07,0.027487
1.053944e-07,0.0286679
1.054444e-07,0.0297389
1.054944e-07,0.0285855
1.055444e-07,0.0223515
1.055944e-07,0.017628
1.056444e-07,0.0199897
1.056944e-07,0.0216375
1.057444e-07,0.022736
1.057944e-07,0.028558
1.058444e-07,0.0324851
1.058944e-07,0.0269377
1.059444e-07,0.0155958
1.059944e-07,0.00639586
1.060444e-07,0.00716481
1.060944e-07,0.0152937
1.061444e-07,0.016145
1.061944e-07,0.0161725
1.062444e-07,0.027075
1.062944e-07,0.0381973
1.063444e-07,0.0429758
1.063944e-07,0.0440193
1.064444e-07,0.0460241
1.064944e-07,0.042454
1.065444e-07,0.0275968
1.065944e-07,0.0204566
1.066444e-07,0.023093
1.066944e-07,0.0217473
1.067444e-07,0.0229282
1.067944e-07,0.028201
1.068444e-07,0.0275968
1.068944e-07,0.0252351
1.069444e-07,0.0263336
1.069944e-07,0.0256195
1.070444e-07,0.0226261
1.070944e-07,0.0203468
1.071444e-07,0.023093
1.071944e-07,0.0254548
1.072444e-07,0.0154585
1.072944e-07,0.0070275
1.073444e-07,0.011806
1.073944e-07,0.0160352
1.074444e-07,0.0193306
1.074944e-07,0.0253449
1.075444e-07,0.0259491
1.075944e-07,0.0228733
1.076444e-07,0.0216924
1.076944e-07,0.0225163
1.077444e-07,0.0223515
1.077944e-07,0.0203468
1.078444e-07,0.0185068
1.078944e-07,0.0117236
1.079444e-07,0.00494036
1.079944e-07,0.00991105
1.080444e-07,0.0144149
1.080944e-07,0.0141952
1.081444e-07,0.016914
1.081944e-07,0.0133438
1.082444e-07,0.00845554
1.082944e-07,0.0141677
1.083444e-07,0.0231205
1.083944e-07,0.0270201
1.084444e-07,0.0227909
1.084944e-07,0.0187539
1.085444e-07,0.0217199
1.085944e-07,0.0203742
1.086444e-07,0.0212256
1.086944e-07,0.0362749
1.087444e-07,0.0378952
1.087944e-07,0.0173534
1.088444e-07,0.00991105
1.088944e-07,0.0163922
1.089444e-07,0.0149641
1.089944e-07,0.0113391
1.090444e-07,0.0148817
1.090944e-07,0.0260315
1.091444e-07,0.0352039
1.091944e-07,0.0419597
1.092444e-07,0.0557183
1.092944e-07,0.0561302
1.093444e-07,0.0389663
1.093944e-07,0.0305628
1.094444e-07,0.0283383
1.094944e-07,0.0246034
1.095444e-07,0.0247133
1.095944e-07,0.024521
1.096444e-07,0.0233127
1.096944e-07,0.0253449
1.097444e-07,0.0242739
1.097944e-07,0.0211432
1.098444e-07,0.0221318
1.098944e-07,0.020539
1.099444e-07,0.0236422
1.099944e-07,0.0316063
1.100444e-07,0.0289699
1.100944e-07,0.0294643
1.101444e-07,0.0370713
1.101944e-07,0.0359729
1.102444e-07,0.0292995
1.102944e-07,0.0180948
1.103444e-07,0.00851047
1.103944e-07,0.00741197
1.104444e-07,0.00771406
1.104944e-07,0.0186166
1.105444e-07,0.035506
1.105944e-07,0.0384994
1.106444e-07,0.0363573
1.106944e-07,0.034435
1.107444e-07,0.029684
1.107944e-07,0.0279538
1.108444e-07,0.0289699
1.108944e-07,0.0326224
1.109444e-07,0.0381149
1.109944e-07,0.0440468
1.110444e-07,0.0492372
1.110944e-07,0.0502808
1.111444e-07,0.0509399
1.111944e-07,0.0493745
1.112444e-07,0.0385543
1.112944e-07,0.0261962
1.113444e-07,0.0197426
1.113944e-07,0.0158429
1.114444e-07,0.0148543
1.114944e-07,0.0175731
1.115444e-07,0.0206488
1.115944e-07,0.0243013
1.116444e-07,0.0312219
1.116944e-07,0.036989
1.117444e-07,0.0301783
1.117944e-07,0.0169689
1.118444e-07,0.0147444
1.118944e-07,0.0190286
1.119444e-07,0.0193581
1.119944e-07,0.0187539
1.120444e-07,0.0237521
1.120944e-07,0.0307275
1.121444e-07,0.0275144
1.121944e-07,0.019825
1.122444e-07,0.0154859
1.122944e-07,0.0093618
1.123444e-07,0.00587408
1.123944e-07,-0.000689433
1.124444e-07,-0.0143657
1.124944e-07,-0.0143657
1.125444e-07,0.00230397
1.125944e-07,0.0165569
1.126444e-07,0.0173808
1.126944e-07,0.011037
1.127444e-07,0.00233143
1.127944e-07,-0.00313359
1.128444e-07,0.00485797
1.128944e-07,0.00842808
1.129444e-07,0.00282575
1.129944e-07,0.00776898
1.130444e-07,0.0126573
1.130944e-07,0.00949911
1.131444e-07,0.0112018
1.131944e-07,0.0143874
1.132444e-07,0.0138107
1.132944e-07,0.0136185
1.133444e-07,0.0147719
1.133944e-07,0.0185617
1.134444e-07,0.0234775
1.134944e-07,0.0314416
1.135444e-07,0.0382248
1.135944e-07,0.0327872
1.136444e-07,0.0284756
1.136944e-07,0.0311944
1.137444e-07,0.0274321
1.137944e-07,0.0204291
1.138444e-07,0.0159528
1.138944e-07,0.0170787
1.139444e-07,0.0256195
1.139944e-07,0.0299586
1.140444e-07,0.0283658
1.140944e-07,0.0309472
1.141444e-07,0.0322654
1.141944e-07,0.0250703
1.142444e-07,0.0164196
1.142944e-07,0.0137283
1.143444e-07,0.0155958
1.143944e-07,0.0163647
1.144444e-07,0.0197975
1.144944e-07,0.031112
1.145444e-07,0.0365221
1.145944e-07,0.0297664
1.146444e-07,0.0269652
1.146944e-07,0.0313042
1.147444e-07,0.0302332
1.147944e-07,0.0192483
1.148444e-07,0.00691765
1.148944e-07,0.00645079
1.149444e-07,0.0159802
1.149944e-07,0.02345
1.150444e-07,0.0234775
1.150944e-07,0.0175731
1.151444e-07,0.0164746
1.151944e-07,0.0219121
1.152444e-07,0.0250977
1.152944e-07,0.0289974
1.153444e-07,0.0314141
1.153944e-07,0.0297114
1.154444e-07,0.0330344
1.154944e-07,0.0401746
1.155444e-07,0.0458868
1.155944e-07,0.0435799
1.156444e-07,0.0317436
1.156944e-07,0.0304529
1.157444e-07,0.0411358
1.157944e-07,0.0437722
1.158444e-07,0.039488
1.158944e-07,0.0305078
1.159444e-07,0.0177378
1.159944e-07,0.0160901
1.160444e-07,0.0211981
1.160944e-07,0.0219121
1.161444e-07,0.0243563
1.161944e-07,0.0274046
1.162444e-07,0.0275419
1.162944e-07,0.0287228
1.163444e-07,0.0301234
1.163944e-07,0.0288326
1.164444e-07,0.0227085
1.164944e-07,0.0178751
1.165444e-07,0.0200721
1.165944e-07,0.0221867
1.166444e-07,0.0224064
1.166944e-07,0.0268828
1.167444e-07,0.0319908
1.167944e-07,0.0312768
1.168444e-07,0.0309472
1.168944e-07,0.0310845
1.169444e-07,0.0255921
1.169944e-07,0.0224888
1.170444e-07,0.0240542
1.170944e-07,0.0243837
1.171444e-07,0.0237246
1.171944e-07,0.024933
1.172444e-07,0.0282285
1.172944e-07,0.0238345
1.173444e-07,0.0137558
1.173944e-07,0.0155683
1.174444e-07,0.0193581
1.174944e-07,0.015431
1.175444e-07,0.0176554
1.175944e-07,0.0218846
1.176444e-07,0.0226811
1.176944e-07,0.0265258
1.177444e-07,0.0294643
1.177944e-07,0.0305902
1.178444e-07,0.0376755
1.178944e-07,0.0477817
1.179444e-07,0.055938
1.179944e-07,0.0662089
1.180444e-07,0.0704931
1.180944e-07,0.0595905
1.181444e-07,0.0476718
1.181944e-07,0.0444862
1.182444e-07,0.0427835
1.182944e-07,0.0402021
1.183444e-07,0.0381424
1.183944e-07,0.0334463
1.184444e-07,0.0271849
1.184944e-07,0.0264159
1.185444e-07,0.0301234
1.185944e-07,0.0318535
1.186444e-07,0.0310296
1.186944e-07,0.0274595
1.187444e-07,0.0211981
1.187944e-07,0.019825
1.188444e-07,0.0254273
1.188944e-07,0.0269927
1.189444e-07,0.0204017
1.189944e-07,0.0138382
1.190444e-07,0.0142501
1.190944e-07,0.019056
1.191444e-07,0.0246309
1.191944e-07,0.0343251
1.192444e-07,0.0444587
1.192944e-07,0.0537685
1.193444e-07,0.0590687
1.193944e-07,0.0500061
1.194444e-07,0.0403394
1.194944e-07,0.0401471
1.195444e-07,0.0395155
1.195944e-07,0.0375382
1.196444e-07,0.0363299
1.196944e-07,0.0304255
1.197444e-07,0.0188912
1.197944e-07,0.0152388
1.198444e-07,0.0149641
1.198944e-07,0.00323769
1.199444e-07,-0.009038
1.199944e-07,-0.012306
1.200444e-07,-0.00736279
1.200944e-07,0.00235889
1.201444e-07,0.0131516
1.201944e-07,0.0238345
1.202444e-07,0.0225437
1.202944e-07,0.014662
1.203444e-07,0.0189187
1.203944e-07,0.0239718
1.204444e-07,0.0215826
1.204944e-07,0.0227634
1.205444e-07,0.0246309
1.205944e-07,0.0241091
1.206444e-07,0.0258392
1.206944e-07,0.0261962
1.207444e-07,0.0225163
1.207944e-07,0.0181223
1.208444e-07,0.0225712
1.208944e-07,0.0310571
1.209444e-07,0.0299037
1.209944e-07,0.0322105
1.210444e-07,0.0324577
1.210944e-07,0.014717
1.211444e-07,0.00290814
1.211944e-07,0.00422633
1.212444e-07,0.0042538
1.212944e-07,0.0105427
1.213444e-07,0.0205939
1.213944e-07,0.0209509
1.214444e-07,0.0173534
1.214944e-07,0.0194954
1.215444e-07,0.0268279
1.215944e-07,0.0264159
1.216444e-07,0.0180125
1.216944e-07,0.0200996
1.217444e-07,0.0239169
1.217944e-07,0.0184793
1.218444e-07,0.0214727
1.218944e-07,0.0296016
1.219444e-07,0.0262237
1.219944e-07,0.0199897
1.220444e-07,0.0192208
1.220944e-07,0.0190286
1.221444e-07,0.0168316
1.221944e-07,0.0102131
1.222444e-07,0.00705496
1.222944e-07,0.0158429
1.223444e-07,0.020896
1.223944e-07,0.0190286
1.224444e-07,0.023807
1.224944e-07,0.0292995
1.225444e-07,0.0330069
1.225944e-07,0.0348744
1.226444e-07,0.029272
1.226944e-07,0.0279264
1.227444e-07,0.030041
1.227944e-07,0.0244387
1.228444e-07,0.0222691
1.228944e-07,0.0268553
1.229444e-07,0.0240816
1.229944e-07,0.0152662
1.230444e-07,0.0126298
1.230944e-07,0.0134812
1.231444e-07,0.013234
1.231944e-07,0.00878509
1.232444e-07,0.000628761
1.232944e-07,0.00158994
1.233444e-07,0.0127946
1.233944e-07,0.0254273
1.234444e-07,0.0316613
1.234944e-07,0.0299311
1.235444e-07,0.0291073
1.235944e-07,0.0324851
1.236444e-07,0.0344075
1.236944e-07,0.030755
1.237444e-07,0.0246034
1.237944e-07,0.0254822
1.238444e-07,0.0331717
1.238944e-07,0.0367143
1.239444e-07,0.0368517
1.239944e-07,0.0383346
1.240444e-07,0.036934
1.240944e-07,0.0292446
1.241444e-07,0.0186715
1.241944e-07,0.0140853
1.242444e-07,0.0227634
1.242944e-07,0.0314141
1.243444e-07,0.0220769
1.243944e-07,0.0126847
1.244444e-07,0.0167217
1.244944e-07,0.0192483
1.245444e-07,0.017628
1.245944e-07,0.0183695
1.246444e-07,0.0199074
1.246944e-07,0.0176554
1.247444e-07,0.0141128
1.247944e-07,0.0131791
1.248444e-07,0.0174083
1.248944e-07,0.0308648
1.249444e-07,0.045365
1.249944e-07,0.0428659
1.250444e-07,0.0266082
1.250944e-07,0.0202644
1.251444e-07,0.0207038
1.251944e-07,0.0124101
1.252444e-07,0.00411648
1.252944e-07,0.00299053
1.253444e-07,0.00741197
1.253944e-07,0.017628
1.254444e-07,0.0234775
1.254944e-07,0.0233402
1.255444e-07,0.0247957
1.255944e-07,0.0177653
1.256444e-07,0.00642333
1.256944e-07,0.00518752
1.257444e-07,0.00392425
1.257944e-07,0.00301799
1.258444e-07,0.0115313
1.258944e-07,0.0173808
1.259444e-07,0.018342
1.259944e-07,0.0247682
1.260444e-07,0.0298487
1.260944e-07,0.0265258
1.261444e-07,0.023807
1.261944e-07,0.0260864
1.262444e-07,0.0229282
1.262944e-07,0.0116412
1.263444e-07,0.00400663
1.263944e-07,0.000189363
1.264444e-07,-0.00535804
1.264944e-07,-0.00211748
1.265444e-07,0.010323
1.265944e-07,0.0180399
1.266444e-07,0.017216
1.266944e-07,0.00752182
1.267444e-07,-0.00107391
1.267944e-07,-0.00115629
1.268444e-07,0.000518912
1.268944e-07,0.00386932
1.269444e-07,0.00469319
1.269944e-07,0.00334754
1.270444e-07,0.0117785
1.270944e-07,0.0211981
1.271444e-07,0.0200447
1.271944e-07,0.0174357
1.272444e-07,0.0131791
1.272944e-07,0.00180964
1.273444e-07,-0.00519326
1.273944e-07,-0.00121122
1.274444e-07,0.00741197
1.274944e-07,0.0116137
1.275444e-07,0.0112018
1.275944e-07,0.0162549
1.276444e-07,0.0228458
1.276944e-07,0.0232852
1.277444e-07,0.0258667
1.277944e-07,0.0297389
1.278444e-07,0.0270476
1.278944e-07,0.0265533
1.279444e-07,0.0334189
1.279944e-07,0.0401471
1.280444e-07,0.0399
1.280944e-07,0.032238
1.281444e-07,0.0283932
1.281944e-07,0.0244936
1.282444e-07,0.00798868
1.282944e-07,-0.0019527
1.283444e-07,0.00721973
1.283944e-07,0.0141403
1.284444e-07,0.0112842
1.284944e-07,0.0126024
1.285444e-07,0.018342
1.285944e-07,0.0222966
1.286444e-07,0.0263885
1.286944e-07,0.0272124
1.287444e-07,0.022324
1.287944e-07,0.0209784
1.288444e-07,0.0262237
1.288944e-07,0.0271574
1.289444e-07,0.0204566
1.289944e-07,0.0144698
1.290444e-07,0.0152113
1.290944e-07,0.0213903
1.291444e-07,0.0221043
1.291944e-07,0.0153486
1.292444e-07,0.012108
1.292944e-07,0.0164746
1.293444e-07,0.0240816
1.293944e-07,0.0314965
1.294444e-07,0.0356708
1.294944e-07,0.0261688
1.295444e-07,0.0112842
1.295944e-07,0.0126847
1.296444e-07,0.0206214
1.296944e-07,0.0220769
1.297444e-07,0.0253174
1.297944e-07,0.0276792
1.298444e-07,0.0269652
1.298944e-07,0.0311669
1.299444e-07,0.0303431
1.299944e-07,0.0216924
1.300444e-07,0.0213629
1.300944e-07,0.0264709
1.301444e-07,0.0270201
1.301944e-07,0.0254822
1.302444e-07,0.0290249
1.302944e-07,0.0371537
1.303444e-07,0.0410534
1.303944e-07,0.0412182
1.304444e-07,0.0407513
1.304944e-07,0.0395979
1.305444e-07,0.036577
1.305944e-07,0.029327
1.306444e-07,0.0223515
1.306944e-07,0.0167766
1.307444e-07,0.00905971
1.307944e-07,0.0065881
1.308444e-07,0.0124925
1.308944e-07,0.0192208
1.309444e-07,0.0236697
1.309944e-07,0.0287228
1.310444e-07,0.0408886
1.310944e-07,0.0517088
1.311444e-07,0.0481662
1.311944e-07,0.0391585
1.312444e-07,0.0330893
1.312944e-07,0.0280911
1.313444e-07,0.023093
1.313944e-07,0.0179026
1.314444e-07,0.0154859
1.314944e-07,0.0188089
1.315444e-07,0.0225987
1.315944e-07,0.0224888
1.316444e-07,0.0239169
1.316944e-07,0.0276518
1.317444e-07,0.0295741
1.317944e-07,0.0300959
1.318444e-07,0.0255646
1.318944e-07,0.0118609
1.319444e-07,0.000546374
1.319944e-07,0.00178218
1.320444e-07,0.00389679
1.320944e-07,0.00557199
1.321444e-07,0.018342
1.321944e-07,0.0323204
1.322444e-07,0.0394057
1.322944e-07,0.0451178
1.323444e-07,0.0503906
1.323944e-07,0.0542079
1.324444e-07,0.0528348
1.324944e-07,0.0428385
1.325444e-07,0.0312493
1.325944e-07,0.0294093
1.326444e-07,0.0283932
1.326944e-07,0.0182322
1.327444e-07,0.00993851
1.327944e-07,0.00252367
1.328444e-07,-0.00810428
1.328944e-07,-0.0117293
1.329444e-07,-0.00590729
1.329944e-07,0.00208427
1.330444e-07,0.0087027
1.330944e-07,0.0119433
1.331444e-07,0.00927941
1.331944e-07,0.00905971
1.332444e-07,0.0165295
1.332944e-07,0.0220769
1.333444e-07,0.0218572
1.333944e-07,0.016145
1.334444e-07,0.00974627
1.334944e-07,0.0189462
1.335444e-07,0.0310022
1.335944e-07,0.0273222
1.336444e-07,0.0256745
1.336944e-07,0.0268828
1.337444e-07,0.0256195
1.337944e-07,0.0282834
1.338444e-07,0.0233951
1.338944e-07,0.0140029
1.339444e-07,0.0179026
1.339944e-07,0.0251527
1.340444e-07,0.0152113
1.340944e-07,0.00257859
1.341444e-07,0.0089224
1.341944e-07,0.0183145
1.342444e-07,0.0170787
1.342944e-07,0.0150191
1.343444e-07,0.0159802
1.343944e-07,0.0196053
1.344444e-07,0.0236422
1.344944e-07,0.0244936
1.345444e-07,0.0252351
1.345944e-07,0.0253449
1.346444e-07,0.027844
1.346944e-07,0.0377304
1.347444e-07,0.0445137
1.347944e-07,0.0405316
1.348444e-07,0.0332815
1.348944e-07,0.0274046
1.349444e-07,0.0228733
1.349944e-07,0.0247682
1.350444e-07,0.026004
1.350944e-07,0.0232852
1.351444e-07,0.032238
1.351944e-07,0.0411083
1.352444e-07,0.0326499
1.352944e-07,0.0224339
1.353444e-07,0.0191109
1.353944e-07,0.0190835
1.354444e-07,0.0191659
1.354944e-07,0.00889494
1.355444e-07,-0.00198017
1.355944e-07,0.00395171
1.356444e-07,0.011751
1.356944e-07,0.0129868
1.357444e-07,0.01977
1.357944e-07,0.0265807
1.358444e-07,0.0278714
1.358944e-07,0.0298762
1.359444e-07,0.0313592
1.359944e-07,0.0287777
1.360444e-07,0.0219121
1.360944e-07,0.0179026
1.361444e-07,0.0259216
1.361944e-07,0.0338033
1.362444e-07,0.0318535
1.362944e-07,0.0309198
1.363444e-07,0.0302881
1.363944e-07,0.0294643
1.364444e-07,0.0363024
1.364944e-07,0.0410259
1.365444e-07,0.0306452
1.365944e-07,0.0168865
1.366444e-07,0.0145247
1.366944e-07,0.0159528
1.367444e-07,0.0187539
1.367944e-07,0.0248506
1.368444e-07,0.024576
1.368944e-07,0.0224614
1.369444e-07,0.0257019
1.369944e-07,0.0199897
1.370444e-07,0.00801614
1.370944e-07,0.012163
1.371444e-07,0.0230106
1.371944e-07,0.0269377
1.372444e-07,0.0269652
1.372944e-07,0.0260864
1.373444e-07,0.0367418
1.373944e-07,0.0508025
1.374444e-07,0.0467381
1.374944e-07,0.0358355
1.375444e-07,0.0345448
1.375944e-07,0.0354236
1.376444e-07,0.0335836
1.376944e-07,0.0293544
1.377444e-07,0.024576
1.377944e-07,0.031112
1.378444e-07,0.0389663
1.378944e-07,0.0329795
1.379444e-07,0.0268553
1.379944e-07,0.0285305
1.380444e-07,0.0310845
1.380944e-07,0.0262512
1.381444e-07,0.0187265
1.381944e-07,0.0202644
1.382444e-07,0.0192208
1.382944e-07,0.0123277
1.383444e-07,0.0187265
1.383944e-07,0.0348744
1.384444e-07,0.0409435
1.384944e-07,0.0383072
1.385444e-07,0.042811
1.385944e-07,0.0461339
1.386444e-07,0.0364672
1.386944e-07,0.0330893
1.387444e-07,0.0364672
1.387944e-07,0.0277891
1.388444e-07,0.0171337
1.388944e-07,0.015431
1.389444e-07,0.0146895
1.389944e-07,0.0107349
1.390444e-07,0.00735705
1.390944e-07,0.00741197
1.391444e-07,0.00790629
1.391944e-07,0.00491289
1.392444e-07,0.0003816
1.392944e-07,-0.000771821
1.393444e-07,0.000711148
1.393944e-07,0.0038144
1.394444e-07,0.00952657
1.394944e-07,0.0121355
1.395444e-07,0.0134812
1.395944e-07,0.0174907
1.396444e-07,0.0188912
1.396944e-07,0.0224064
1.397444e-07,0.0268279
1.397944e-07,0.0227909
1.398444e-07,0.0185342
1.398944e-07,0.0199623
1.399444e-07,0.0228733
1.399944e-07,0.0282285
1.400444e-07,0.0268553
1.400944e-07,0.014305
1.401444e-07,0.00765913
1.401944e-07,0.00505021
1.402444e-07,0.000106976
1.402944e-07,0.00774152
1.403444e-07,0.0234225
1.403944e-07,0.0304804
1.404444e-07,0.031826
1.404944e-07,0.0308923
1.405444e-07,0.0259491
1.405944e-07,0.0162549
1.406444e-07,0.00137025
1.406944e-07,-0.00887322
1.407444e-07,-0.00953232
1.407944e-07,-0.00854368
1.408444e-07,-0.0062643
1.408944e-07,0.00224904
1.409444e-07,0.0123827
1.409944e-07,0.0167492
1.410444e-07,0.0134812
1.410944e-07,0.00342992
1.411444e-07,-0.00458909
1.411944e-07,-0.0015133
1.412444e-07,0.00763167
1.412944e-07,0.0176005
1.413444e-07,0.02529
1.413944e-07,0.0253998
1.414444e-07,0.0244112
1.414944e-07,0.0248506
1.415444e-07,0.0190011
1.415944e-07,0.0132615
1.416444e-07,0.0149367
1.416944e-07,0.0241366
1.417444e-07,0.0390486
1.417944e-07,0.047562
1.418444e-07,0.0440193
1.418944e-07,0.0374284
1.419444e-07,0.0320457
1.419944e-07,0.0275419
1.420444e-07,0.0224614
1.420944e-07,0.0153211
1.421444e-07,0.019468
1.421944e-07,0.038417
1.422444e-07,0.0517637
1.422944e-07,0.0556908
1.423444e-07,0.0567619
1.423944e-07,0.0493745
1.424444e-07,0.0386367
1.424944e-07,0.0324027
1.425444e-07,0.0237796
1.425944e-07,0.0107349
1.426444e-07,0.000985772
1.426944e-07,0.00323769
1.427444e-07,0.0109546
1.427944e-07,0.0102406
1.428444e-07,0.0091421
1.428944e-07,0.0144423
1.429444e-07,0.0204017
1.429944e-07,0.0232303
1.430444e-07,0.0197151
1.430944e-07,0.0158429
1.431444e-07,0.0161999
1.431944e-07,0.0180399
1.432444e-07,0.0229008
1.432944e-07,0.027487
1.433444e-07,0.0279264
1.433944e-07,0.0287228
1.434444e-07,0.0287228
1.434944e-07,0.0307275
1.435444e-07,0.0421794
1.435944e-07,0.0501984
1.436444e-07,0.0418223
1.436944e-07,0.0277616
1.437444e-07,0.0240542
1.437944e-07,0.0284482
1.438444e-07,0.0307825
1.438944e-07,0.035149
1.439444e-07,0.0409985
1.439944e-07,0.0379501
1.440444e-07,0.0316887
1.440944e-07,0.0299586
1.441444e-07,0.0238345
1.441944e-07,0.014662
1.442444e-07,0.014662
1.442944e-07,0.0178751
1.443444e-07,0.0140853
1.443944e-07,0.00922449
1.444444e-07,0.0109821
1.444944e-07,0.017628
1.445444e-07,0.0233951
1.445944e-07,0.0236972
1.446444e-07,0.0235599
1.446944e-07,0.0290249
1.447444e-07,0.0310845
1.447944e-07,0.0299037
1.448444e-07,0.031469
1.448944e-07,0.0279813
1.449444e-07,0.0250428
1.449944e-07,0.0294917
1.450444e-07,0.0279264
1.450944e-07,0.0222691
1.451444e-07,0.0278989
1.451944e-07,0.0348194
1.452444e-07,0.031112
1.452944e-07,0.0296016
1.453444e-07,0.032595
1.453944e-07,0.0313042
1.454444e-07,0.0313042
1.454944e-07,0.0295192
1.455444e-07,0.0240542
1.455944e-07,0.0266631
1.456444e-07,0.0290798
1.456944e-07,0.0236697
1.457444e-07,0.0195503
1.457944e-07,0.0177928
1.458444e-07,0.0170787
1.458944e-07,0.0191933
1.459444e-07,0.0193032
1.459944e-07,0.0102406
1.460444e-07,-0.000167648
1.460944e-07,0.00115055
1.461444e-07,0.00820838
1.461944e-07,0.00963642
1.462444e-07,0.00862032
1.462944e-07,0.00851047
1.463444e-07,0.00661556
1.463944e-07,0.00469319
1.464444e-07,0.0093618
1.464944e-07,0.0153486
1.465444e-07,0.011751
1.465944e-07,0.0123552
1.466444e-07,0.0180125
1.466944e-07,0.0126024
1.467444e-07,0.0142226
1.467944e-07,0.0298762
1.468444e-07,0.0356982
1.468944e-07,0.0314141
1.469444e-07,0.0290798
1.469944e-07,0.0263885
1.470444e-07,0.024933
1.470944e-07,0.0224339
1.471444e-07,0.0137558
1.471944e-07,0.00815346
1.472444e-07,0.00332008
1.472944e-07,-0.00313359
1.473444e-07,-0.00112883
1.473944e-07,0.00529737
1.474444e-07,0.015074
1.474944e-07,0.0279264
1.475444e-07,0.0338857
1.475944e-07,0.034792
1.476444e-07,0.0383346
1.476944e-07,0.0446235
1.477444e-07,0.0463811
1.477944e-07,0.0410259
1.478444e-07,0.0349018
1.478944e-07,0.0268279
1.479444e-07,0.019468
1.479944e-07,0.0213903
1.480444e-07,0.0284482
1.480944e-07,0.0338308
1.481444e-07,0.0306726
1.481944e-07,0.0215276
1.482444e-07,0.0208136
1.482944e-07,0.0244112
1.483444e-07,0.0277067
1.483944e-07,0.0324027
1.484444e-07,0.02713
1.484944e-07,0.0156232
1.485444e-07,0.0173808
1.485944e-07,0.0322929
1.486444e-07,0.0441292
1.486944e-07,0.0484957
1.487444e-07,0.0513793
1.487944e-07,0.0592335
1.488444e-07,0.0630782
1.488944e-07,0.0516539
1.489444e-07,0.0411358
1.489944e-07,0.0353687
1.490444e-07,0.0267455
1.490944e-07,0.0214453
1.491444e-07,0.0190011
1.491944e-07,0.0186715
1.492444e-07,0.0225987
1.492944e-07,0.0262237
1.493444e-07,0.0237246
1.493944e-07,0.0169689
1.494444e-07,0.0127397
1.494944e-07,0.0105701
1.495444e-07,0.00763167
1.495944e-07,0.00982866
1.496444e-07,0.0197975
1.496944e-07,0.026004
1.497444e-07,0.022324
1.497944e-07,0.0155408
1.498444e-07,0.00925195
1.498944e-07,0.0044735
1.499444e-07,0.00713735
1.499944e-07,0.0148268
1.500444e-07,0.0182047
1.500944e-07,0.0206214
1.501444e-07,0.0247407
1.501944e-07,0.0261413
1.502444e-07,0.0252351
1.502944e-07,0.0197151
1.503444e-07,0.0138107
1.503944e-07,0.0158155
1.504444e-07,0.0193032
1.504944e-07,0.0237521
1.505444e-07,0.0342153
1.505944e-07,0.0394331
1.506444e-07,0.0350391
1.506944e-07,0.0339956
1.507444e-07,0.0404492
1.507944e-07,0.0476169
1.508444e-07,0.0467106
1.508944e-07,0.0383072
1.509444e-07,0.0349293
1.509944e-07,0.0352588
1.510444e-07,0.0331168
1.510944e-07,0.0312768
1.511444e-07,0.027075
1.511944e-07,0.0192208
1.512444e-07,0.0173808
1.512944e-07,0.0293544
1.513444e-07,0.0439369
1.513944e-07,0.0469029
1.514444e-07,0.0414653
1.514944e-07,0.0310571
1.515444e-07,0.0155134
1.515944e-07,0.00384186
1.516444e-07,0.0024962
1.516944e-07,0.00842808
1.517444e-07,0.0160901
1.517944e-07,0.0232578
1.518444e-07,0.0272673
1.518944e-07,0.0237521
1.519444e-07,0.0179301
1.519944e-07,0.0142501
1.520444e-07,0.013234
1.520944e-07,0.0151014
1.521444e-07,0.0182596
1.521944e-07,0.0218023
1.522444e-07,0.0239443
1.522944e-07,0.0349842
1.523444e-07,0.0516264
1.523944e-07,0.049402
1.524444e-07,0.037346
1.524944e-07,0.0344624
1.525444e-07,0.0338583
1.525944e-07,0.0334738
1.526444e-07,0.0363024
1.526944e-07,0.0406415
1.527444e-07,0.0447059
1.527944e-07,0.0471226
1.528444e-07,0.0461065
1.528944e-07,0.0387466
1.529444e-07,0.0372361
1.529944e-07,0.0429483
1.530444e-07,0.0356982
1.530944e-07,0.0274595
1.531444e-07,0.0305628
1.531944e-07,0.0273222
1.532444e-07,0.0228458
1.532944e-07,0.0252076
1.533444e-07,0.0188912
1.533944e-07,0.00884002
1.534444e-07,0.0126024
1.534944e-07,0.0210608
1.535444e-07,0.0190286
1.535944e-07,0.0124925
1.536444e-07,0.0115039
1.536944e-07,0.012163
1.537444e-07,0.0127397
1.537944e-07,0.0159802
1.538444e-07,0.0150465
1.538944e-07,0.00963642
1.539444e-07,0.0108448
1.539944e-07,0.01977
1.540444e-07,0.0237521
1.540944e-07,0.0211157
1.541444e-07,0.0232028
1.541944e-07,0.0259491
1.542444e-07,0.0221318
1.542944e-07,0.0199897
1.543444e-07,0.0210059
1.543944e-07,0.0179301
1.544444e-07,0.0104328
1.544944e-07,0.00373201
1.545444e-07,0.00342992
1.545944e-07,0.00439111
1.546444e-07,0.00342992
1.546944e-07,0.00790629
1.547444e-07,0.0153761
1.547944e-07,0.0200172
1.548444e-07,0.0185892
1.548944e-07,0.0105427
1.549444e-07,0.00505021
1.549944e-07,0.00491289
1.550444e-07,0.00730212
1.550944e-07,0.0127671
1.551444e-07,0.0156781
1.551944e-07,0.0167217
1.552444e-07,0.0200172
1.552944e-07,0.0228458
1.553444e-07,0.0274595
1.553944e-07,0.028201
1.554444e-07,0.0200721
1.554944e-07,0.0165295
1.555444e-07,0.0169689
1.555944e-07,0.0152662
1.556444e-07,0.0190835
1.556944e-07,0.020182
1.557444e-07,0.0155408
1.557944e-07,0.0193856
1.558444e-07,0.0261139
1.558944e-07,0.0268553
1.559444e-07,0.0281735
1.559944e-07,0.0305628
1.560444e-07,0.0320457
1.560944e-07,0.0384719
1.561444e-07,0.0441017
1.561944e-07,0.0395979
1.562444e-07,0.036577
1.562944e-07,0.0413829
1.563444e-07,0.0397352
1.563944e-07,0.0330618
1.564444e-07,0.0324302
1.564944e-07,0.0335012
1.565444e-07,0.034792
1.565944e-07,0.0374009
1.566444e-07,0.0353138
1.566944e-07,0.0280637
1.567444e-07,0.0214727
1.567944e-07,0.0207587
1.568444e-07,0.0222966
1.568944e-07,0.0236697
1.569444e-07,0.0264434
1.569944e-07,0.0244387
1.570444e-07,0.0205665
1.570944e-07,0.0232852
1.571444e-07,0.0275419
1.571944e-07,0.027075
1.572444e-07,0.0269927
1.572944e-07,0.0316613
1.573444e-07,0.0346821
1.573944e-07,0.0354785
1.574444e-07,0.0336386
1.574944e-07,0.0252076
1.575444e-07,0.0181223
1.575944e-07,0.0133164
1.576444e-07,0.00845554
1.576944e-07,0.0133988
1.577444e-07,0.0263336
1.577944e-07,0.0378403
1.578444e-07,0.0509948
1.578944e-07,0.0613481
1.579444e-07,0.0573111
1.579944e-07,0.0448432
1.580444e-07,0.0334189
1.580944e-07,0.026773
1.581444e-07,0.0254822
1.581944e-07,0.0221867
1.582444e-07,0.020182
1.582944e-07,0.0283108
1.583444e-07,0.0363573
1.583944e-07,0.0381424
1.584444e-07,0.0375382
1.584944e-07,0.0264434
1.585444e-07,0.00754928
1.585944e-07,-0.00019511
1.586444e-07,0.00290814
1.586944e-07,0.00779644
1.587444e-07,0.0105152
1.587944e-07,0.00768659
1.588444e-07,0.00974627
1.588944e-07,0.0162823
1.589444e-07,0.0141952
1.589944e-07,0.0148268
1.590444e-07,0.02529
1.590944e-07,0.0326224
1.591444e-07,0.0370988
1.591944e-07,0.0368517
1.592444e-07,0.0309198
1.592944e-07,0.0396528
1.593444e-07,0.0517637
1.593944e-07,0.0447334
1.594444e-07,0.0338033
1.594944e-07,0.024576
1.595444e-07,0.0154035
1.595944e-07,0.0178202
1.596444e-07,0.0252076
