LECROYWR640Zi,59892,Waveform
Segments,1,SegmentSize,4002
Segment,TrigTime,TimeSinceSegment1
#1,01-Nov-2023 13:34:17,0                 
Time,Ampl
-4.042967e-08,0.00197442
-4.037967e-08,-0.00307866
-4.032967e-08,-0.0100266
-4.027967e-08,-0.00659385
-4.022967e-08,0.000683686
-4.017967e-08,0.00518752
-4.012967e-08,0.0153761
-4.007967e-08,0.0191384
-4.002967e-08,0.0129044
-3.997967e-08,0.0141952
-3.992967e-08,0.0107349
-3.987967e-08,-0.00296881
-3.982967e-08,-0.00442432
-3.977967e-08,0.00222158
-3.972967e-08,0.00735705
-3.967967e-08,0.0154859
-3.962967e-08,0.0106251
-3.957967e-08,-0.00533058
-3.952967e-08,-0.00200763
-3.947967e-08,0.0125474
-3.942967e-08,0.013234
-3.937967e-08,0.00507767
-3.932967e-08,-0.00214494
-3.927967e-08,-0.00420462
-3.922967e-08,0.00189203
-3.917967e-08,0.0113666
-3.912967e-08,0.0173808
-3.907967e-08,0.0142226
-3.902967e-08,0.00653317
-3.897967e-08,0.0035947
-3.892967e-08,0.00400663
-3.887967e-08,0.00612124
-3.882967e-08,0.0133438
-3.877967e-08,0.0228458
-3.872967e-08,0.0274046
-3.867967e-08,0.0291896
-3.862967e-08,0.027075
-3.857967e-08,0.0158978
-3.852967e-08,0.0109272
-3.847967e-08,0.0166393
-3.842967e-08,0.0181498
-3.837967e-08,0.0185342
-3.832967e-08,0.019413
-3.827967e-08,0.0199897
-3.822967e-08,0.0235599
-3.817967e-08,0.0246309
-3.812967e-08,0.027844
-3.807967e-08,0.0326224
-3.802967e-08,0.0356982
-3.797967e-08,0.0405041
-3.792967e-08,0.035863
-3.787967e-08,0.024576
-3.782967e-08,0.0222966
-3.777967e-08,0.0228184
-3.772967e-08,0.022324
-3.767967e-08,0.0272398
-3.762967e-08,0.0265807
-3.757967e-08,0.017216
-3.752967e-08,0.0167217
-3.747967e-08,0.0239443
-3.742967e-08,0.02345
-3.737967e-08,0.0200172
-3.732967e-08,0.0227085
-3.727967e-08,0.0288601
-3.722967e-08,0.0360552
-3.717967e-08,0.0320732
-3.712967e-08,0.0193306
-3.707967e-08,0.0200447
-3.702967e-08,0.0246858
-3.697967e-08,0.0205665
-3.692967e-08,0.0155683
-3.687967e-08,0.00873017
-3.682967e-08,0.00334754
-3.677967e-08,0.00310038
-3.672967e-08,0.00675287
-3.667967e-08,0.013591
-3.662967e-08,0.012163
-3.657967e-08,0.0138107
-3.652967e-08,0.0298213
-3.647967e-08,0.0324027
-3.642967e-08,0.0224339
-3.637967e-08,0.0200447
-3.632967e-08,0.0198524
-3.627967e-08,0.0226536
-3.622967e-08,0.024521
-3.617967e-08,0.0160352
-3.612967e-08,0.00927941
-3.607967e-08,0.0137832
-3.602967e-08,0.0218572
-3.597967e-08,0.0271849
-3.592967e-08,0.0256745
-3.587967e-08,0.0135361
-3.582967e-08,0.00252367
-3.577967e-08,-0.00209002
-3.572967e-08,-0.0132672
-3.567967e-08,-0.0201053
-3.562967e-08,-0.0081592
-3.557967e-08,0.00675287
-3.552967e-08,0.0143874
-3.547967e-08,0.019413
-3.542967e-08,0.0208685
-3.537967e-08,0.0180948
-3.532967e-08,0.01436
-3.527967e-08,0.0118609
-3.522967e-08,0.00669795
-3.517967e-08,-0.000854208
-3.512967e-08,0.000216825
-3.507967e-08,0.0035947
-3.502967e-08,0.0027159
-3.497967e-08,0.00873017
-3.492967e-08,0.0168865
-3.487967e-08,0.0184244
-3.482967e-08,0.0144698
-3.477967e-08,0.00532483
-3.472967e-08,-0.00675862
-3.467967e-08,-0.0186224
-3.462967e-08,-0.025131
-3.457967e-08,-0.0250211
-3.452967e-08,-0.0218355
-3.447967e-08,-0.0171943
-3.442967e-08,-0.0144481
-3.437967e-08,-0.0118941
-3.432967e-08,-0.0028315
-3.427967e-08,0.00634094
-3.422967e-08,0.00620363
-3.417967e-08,0.00587408
-3.412967e-08,0.0128495
-3.407967e-08,0.0185892
-3.402967e-08,0.0230655
-3.397967e-08,0.0255921
-3.392967e-08,0.0186166
-3.387967e-08,0.0144698
-3.382967e-08,0.019825
-3.377967e-08,0.0213903
-3.372967e-08,0.0228184
-3.367967e-08,0.0311944
-3.362967e-08,0.0313042
-3.357967e-08,0.0230655
-3.352967e-08,0.0174632
-3.347967e-08,0.00809853
-3.342967e-08,0.00142517
-3.337967e-08,0.00277083
-3.332967e-08,0.00186457
-3.327967e-08,-0.00143092
-3.322967e-08,0.00296306
-3.317967e-08,0.0175456
-3.312967e-08,0.0241915
-3.307967e-08,0.0267455
-3.302967e-08,0.0430581
-3.297967e-08,0.0535762
-3.292967e-08,0.0459142
-3.287967e-08,0.0327598
-3.282967e-08,0.0193032
-3.277967e-08,0.00697257
-3.272967e-08,-0.00030496
-3.267967e-08,-0.00219986
-3.262967e-08,-0.00230971
-3.257967e-08,0.00172726
-3.252967e-08,0.0105976
-3.247967e-08,0.0144973
-3.242967e-08,0.0142501
-3.237967e-08,0.0229008
-3.232967e-08,0.028558
-3.227967e-08,0.0174357
-3.222967e-08,0.0155958
-3.217967e-08,0.0228733
-3.212967e-08,0.0112018
-3.207967e-08,-0.000250035
-3.202967e-08,0.00623109
-3.197967e-08,0.0140579
-3.192967e-08,0.0209509
-3.187967e-08,0.0290249
-3.182967e-08,0.0293819
-3.177967e-08,0.0264709
-3.172967e-08,0.0273222
-3.167967e-08,0.0254548
-3.162967e-08,0.022324
-3.157967e-08,0.0231479
-3.152967e-08,0.0221593
-3.147967e-08,0.0181772
-3.142967e-08,0.0170238
-3.137967e-08,0.0213903
-3.132967e-08,0.0213079
-3.127967e-08,0.00807107
-3.122967e-08,-0.00766488
-3.117967e-08,-0.016343
-3.112967e-08,-0.0208194
-3.107967e-08,-0.021808
-3.102967e-08,-0.0131024
-3.097967e-08,-0.000634509
-3.092967e-08,0.00299053
-3.087967e-08,0.00494036
-3.082967e-08,0.0127397
-3.077967e-08,0.0197975
-3.072967e-08,0.0200447
-3.067967e-08,0.0107075
-3.062967e-08,0.00310038
-3.057967e-08,0.00713735
-3.052967e-08,0.0136185
-3.047967e-08,0.0225163
-3.042967e-08,0.0301508
-3.037967e-08,0.030398
-3.032967e-08,0.0342702
-3.027967e-08,0.0370164
-3.022967e-08,0.0316887
-3.017967e-08,0.0274321
-3.012967e-08,0.0258942
-3.007967e-08,0.0244936
-3.002967e-08,0.0256195
-2.997967e-08,0.0277891
-2.992967e-08,0.0178751
-2.987967e-08,0.00246874
-2.982967e-08,0.00436365
-2.977967e-08,0.0127122
-2.972967e-08,0.0171611
-2.967967e-08,0.0300135
-2.962967e-08,0.0392958
-2.957967e-08,0.0350666
-2.952967e-08,0.0362749
-2.947967e-08,0.0389663
-2.942967e-08,0.031112
-2.937967e-08,0.0262237
-2.932967e-08,0.0257019
-2.927967e-08,0.0188912
-2.922967e-08,0.00779644
-2.917967e-08,0.00397917
-2.912967e-08,0.00878509
-2.907967e-08,0.00653317
-2.902967e-08,-0.00585236
-2.897967e-08,-0.0120863
-2.892967e-08,-0.00667623
-2.887967e-08,0.000189363
-2.882967e-08,-0.00379268
-2.877967e-08,-0.0104111
-2.872967e-08,-0.00280404
-2.867967e-08,0.00735705
-2.862967e-08,0.0122179
-2.857967e-08,0.018699
-2.852967e-08,0.0215826
-2.847967e-08,0.0169963
-2.842967e-08,0.012877
-2.837967e-08,0.0136734
-2.832967e-08,0.0110095
-2.827967e-08,0.00554453
-2.822967e-08,0.00840062
-2.817967e-08,0.0162274
-2.812967e-08,0.0175456
-2.807967e-08,0.0135086
-2.802967e-08,0.0152937
-2.797967e-08,0.0195503
-2.792967e-08,0.0159802
-2.787967e-08,0.0106251
-2.782967e-08,0.00779644
-2.777967e-08,0.00499528
-2.772967e-08,0.00603885
-2.767967e-08,0.0126024
-2.762967e-08,0.0218572
-2.757967e-08,0.0274595
-2.752967e-08,0.0273771
-2.747967e-08,0.0300135
-2.742967e-08,0.0332815
-2.737967e-08,0.0310022
-2.732967e-08,0.0269377
-2.727967e-08,0.0251801
-2.722967e-08,0.0269652
-2.717967e-08,0.0259491
-2.712967e-08,0.0215002
-2.707967e-08,0.0173808
-2.702967e-08,0.011751
-2.697967e-08,0.0087027
-2.692967e-08,0.00774152
-2.687967e-08,0.00428126
-2.682967e-08,0.00373201
-2.677967e-08,0.00109562
-2.672967e-08,-0.0114272
-2.667967e-08,-0.0160958
-2.662967e-08,-0.00826905
-2.657967e-08,-0.00467148
-2.652967e-08,0.00213919
-2.647967e-08,0.0164746
-2.642967e-08,0.0202918
-2.637967e-08,0.0171062
-2.632967e-08,0.0214727
-2.627967e-08,0.0268004
-2.622967e-08,0.029272
-2.617967e-08,0.0302058
-2.612967e-08,0.0272124
-2.607967e-08,0.030041
-2.602967e-08,0.0352863
-2.597967e-08,0.0283383
-2.592967e-08,0.0208685
-2.587967e-08,0.0173259
-2.582967e-08,0.00406156
-2.577967e-08,-0.00541296
-2.572967e-08,0.000738611
-2.567967e-08,0.00483051
-2.562967e-08,0.00505021
-2.557967e-08,0.0143874
-2.552967e-08,0.0261688
-2.547967e-08,0.0251527
-2.542967e-08,0.0148543
-2.537967e-08,0.0104603
-2.532967e-08,0.01068
-2.527967e-08,0.00884002
-2.522967e-08,0.0105976
-2.517967e-08,0.0136734
-2.512967e-08,0.0129319
-2.507967e-08,0.0137283
-2.502967e-08,0.0160077
-2.497967e-08,0.0185617
-2.492967e-08,0.0195229
-2.487967e-08,0.0158429
-2.482967e-08,0.0137283
-2.477967e-08,0.0126573
-2.472967e-08,0.00664302
-2.467967e-08,0.00326515
-2.462967e-08,0.0105427
-2.457967e-08,0.020896
-2.452967e-08,0.0226536
-2.447967e-08,0.0134537
-2.442967e-08,5.20511e-05
-2.437967e-08,-0.00299627
-2.432967e-08,0.0103504
-2.427967e-08,0.0264434
-2.422967e-08,0.0306177
-2.417967e-08,0.019825
-2.412967e-08,0.00812599
-2.407967e-08,0.010323
-2.402967e-08,0.0148817
-2.397967e-08,0.0142776
-2.392967e-08,0.0144149
-2.387967e-08,0.0142501
-2.382967e-08,0.0180674
-2.377967e-08,0.0259216
-2.372967e-08,0.0302332
-2.367967e-08,0.0283383
-2.362967e-08,0.021967
-2.357967e-08,0.0199074
-2.352967e-08,0.0244112
-2.347967e-08,0.0308099
-2.342967e-08,0.034737
-2.337967e-08,0.0311944
-2.332967e-08,0.0279264
-2.327967e-08,0.0241366
-2.322967e-08,0.0113116
-2.317967e-08,0.00156248
-2.312967e-08,-0.00442432
-2.307967e-08,-0.0103562
-2.302967e-08,-0.00247449
-2.297967e-08,0.00974627
-2.292967e-08,0.0157056
-2.287967e-08,0.026004
-2.282967e-08,0.0303431
-2.277967e-08,0.0236422
-2.272967e-08,0.0233402
-2.267967e-08,0.0238894
-2.262967e-08,0.013948
-2.257967e-08,0.00194696
-2.252967e-08,-0.00549535
-2.247967e-08,-0.00725294
-2.242967e-08,-0.00642907
-2.237967e-08,-0.0108505
-2.232967e-08,-0.0160134
-2.227967e-08,-0.0135144
-2.222967e-08,-0.009038
-2.217967e-08,-0.0049461
-2.212967e-08,0.0024962
-2.207967e-08,0.0118609
-2.202967e-08,0.0200996
-2.197967e-08,0.0216924
-2.192967e-08,0.0116412
-2.187967e-08,-0.00165062
-2.182967e-08,-0.00615445
-2.177967e-08,-0.00804935
-2.172967e-08,-0.0137615
-2.167967e-08,-0.0205997
-2.162967e-08,-0.0292229
-2.157967e-08,-0.0338091
-2.152967e-08,-0.0286187
-2.147967e-08,-0.0149973
-2.142967e-08,0.00238635
-2.137967e-08,0.0154035
-2.132967e-08,0.0257019
-2.127967e-08,0.0315789
-2.122967e-08,0.0277067
-2.117967e-08,0.0247957
-2.112967e-08,0.0265533
-2.107967e-08,0.0258118
-2.102967e-08,0.0226536
-2.097967e-08,0.0247407
-2.092967e-08,0.0345997
-2.087967e-08,0.0392134
-2.082967e-08,0.0349567
-2.077967e-08,0.0314416
-2.072967e-08,0.0280637
-2.067967e-08,0.0250977
-2.062967e-08,0.0305078
-2.057967e-08,0.0368242
-2.052967e-08,0.0327598
-2.047967e-08,0.0294917
-2.042967e-08,0.028915
-2.037967e-08,0.0221593
-2.032967e-08,0.0149916
-2.027967e-08,0.00543468
-2.022967e-08,-0.00656638
-2.017967e-08,-0.0129926
-2.012967e-08,-0.0168099
-2.007967e-08,-0.0170296
-2.002967e-08,-0.0117019
-1.997967e-08,-0.0103287
-1.992967e-08,-0.0150523
-1.987967e-08,-0.0164528
-1.982967e-08,-0.0120039
-1.977967e-08,-0.00513834
-1.972967e-08,0.00186457
-1.967967e-08,0.0103504
-1.962967e-08,0.0207312
-1.957967e-08,0.0253174
-1.952967e-08,0.0250154
-1.947967e-08,0.026004
-1.942967e-08,0.0196877
-1.937967e-08,0.00288068
-1.932967e-08,-0.00961471
-1.927967e-08,-0.00928516
-1.922967e-08,-0.0067037
-1.917967e-08,-0.00401238
-1.912967e-08,0.00853793
-1.907967e-08,0.0181772
-1.902967e-08,0.0127397
-1.897967e-08,0.00796122
-1.892967e-08,0.00796122
-1.887967e-08,0.00233143
-1.882967e-08,-0.00329836
-1.877967e-08,-0.00637415
-1.872967e-08,-0.0096971
-1.867967e-08,-0.00700578
-1.862967e-08,-0.000387347
-1.857967e-08,0.0031553
-1.852967e-08,0.00853793
-1.847967e-08,0.0162823
-1.842967e-08,0.0153211
-1.837967e-08,0.0111469
-1.832967e-08,0.00949911
-1.827967e-08,0.00557199
-1.822967e-08,0.00642333
-1.817967e-08,0.0112018
-1.812967e-08,0.0144149
-1.807967e-08,0.0167492
-1.802967e-08,0.0118609
-1.797967e-08,0.00598393
-1.792967e-08,0.0119433
-1.787967e-08,0.0158155
-1.782967e-08,0.00719227
-1.777967e-08,0.00375947
-1.772967e-08,0.0109821
-1.767967e-08,0.0127397
-1.762967e-08,0.00362216
-1.757967e-08,-0.000112723
-1.752967e-08,0.0070275
-1.747967e-08,0.00727466
-1.742967e-08,0.0040341
-1.737967e-08,0.0106251
-1.732967e-08,0.0190835
-1.727967e-08,0.026773
-1.722967e-08,0.0333914
-1.717967e-08,0.0333365
-1.712967e-08,0.028558
-1.707967e-08,0.0195503
-1.702967e-08,0.00916956
-1.697967e-08,0.00631348
-1.692967e-08,0.00829077
-1.687967e-08,0.00804361
-1.682967e-08,0.0134262
-1.677967e-08,0.0217473
-1.672967e-08,0.0266356
-1.667967e-08,0.0399549
-1.662967e-08,0.0531918
-1.657967e-08,0.0538509
-1.652967e-08,0.0459417
-1.647967e-08,0.0304529
-1.642967e-08,0.020539
-1.637967e-08,0.0218297
-1.632967e-08,0.0192208
-1.627967e-08,0.0161999
-1.622967e-08,0.0204841
-1.617967e-08,0.0203742
-1.612967e-08,0.0195229
-1.607967e-08,0.0295741
-1.602967e-08,0.0374009
-1.597967e-08,0.0368517
-1.592967e-08,0.0381424
-1.587967e-08,0.0345173
-1.582967e-08,0.0221043
-1.577967e-08,0.0149092
-1.572967e-08,0.0124101
-1.567967e-08,0.00793376
-1.562967e-08,0.00428126
-1.557967e-08,0.00172726
-1.552967e-08,0.00202934
-1.547967e-08,0.00485797
-1.542967e-08,0.00683526
-1.537967e-08,0.0068078
-1.532967e-08,0.00647825
-1.527967e-08,0.00944419
-1.522967e-08,0.00916956
-1.517967e-08,0.00351231
-1.512967e-08,-0.000744358
-1.507967e-08,-0.00395746
-1.502967e-08,-0.00475387
-1.497967e-08,-0.00132107
-1.492967e-08,0.00241382
-1.487967e-08,0.000134438
-1.482967e-08,-0.00774727
-1.477967e-08,-0.0129102
-1.472967e-08,-0.0141735
-1.467967e-08,-0.0119215
-1.462967e-08,-0.0030512
-1.457967e-08,0.00601139
-1.452967e-08,0.00277083
-1.447967e-08,-0.00741772
-1.442967e-08,-0.00640161
-1.437967e-08,0.00609378
-1.432967e-08,0.011806
-1.427967e-08,0.00233143
-1.422967e-08,-0.00953232
-1.417967e-08,-0.0146129
-1.412967e-08,-0.0106308
-1.407967e-08,0.00109562
-1.402967e-08,0.0110919
-1.397967e-08,0.0163098
-1.392967e-08,0.0157331
-1.387967e-08,0.0124651
-1.382967e-08,0.0129319
-1.377967e-08,0.0119982
-1.372967e-08,0.00884002
-1.367967e-08,0.00878509
-1.362967e-08,0.00903225
-1.357967e-08,0.0057093
-1.352967e-08,-0.000442272
-1.347967e-08,-0.00263926
-1.342967e-08,0.00268844
-1.337967e-08,0.00974627
-1.332967e-08,0.014662
-1.327967e-08,0.018699
-1.322967e-08,0.0237521
-1.317967e-08,0.0286129
-1.312967e-08,0.029272
-1.307967e-08,0.0261139
-1.302967e-08,0.0303156
-1.297967e-08,0.0400647
-1.292967e-08,0.0381149
-1.287967e-08,0.0341054
-1.282967e-08,0.0384994
-1.277967e-08,0.0361102
-1.272967e-08,0.0300684
-1.267967e-08,0.0303705
-1.262967e-08,0.028201
-1.257967e-08,0.0248231
-1.252967e-08,0.0259216
-1.247967e-08,0.0245485
-1.242967e-08,0.0219396
-1.237967e-08,0.0219945
-1.232967e-08,0.0191109
-1.227967e-08,0.0196877
-1.222967e-08,0.0264159
-1.217967e-08,0.0243563
-1.212967e-08,0.0190835
-1.207967e-08,0.0200996
-1.202967e-08,0.0228184
-1.197967e-08,0.0266356
-1.192967e-08,0.0254822
-1.187967e-08,0.021665
-1.182967e-08,0.0199897
-1.177967e-08,0.0156232
-1.172967e-08,0.0120531
-1.167967e-08,0.010323
-1.162967e-08,0.00798868
-1.157967e-08,0.00947165
-1.152967e-08,0.0177928
-1.147967e-08,0.0265533
-1.142967e-08,0.0246309
-1.137967e-08,0.0171611
-1.132967e-08,0.00955404
-1.127967e-08,0.00216665
-1.122967e-08,0.00944419
-1.117967e-08,0.0186166
-1.112967e-08,0.0138382
-1.107967e-08,0.0179026
-1.102967e-08,0.0281461
-1.097967e-08,0.0261962
-1.092967e-08,0.0214453
-1.087967e-08,0.0180948
-1.082967e-08,0.0175181
-1.077967e-08,0.0209784
-1.072967e-08,0.0207587
-1.067967e-08,0.020896
-1.062967e-08,0.0196327
-1.057967e-08,0.0122728
-1.052967e-08,0.0141128
-1.047967e-08,0.0207587
-1.042967e-08,0.0185068
-1.037967e-08,0.0179575
-1.032967e-08,0.0128221
-1.027967e-08,-0.00252941
-1.022967e-08,-0.00513834
-1.017967e-08,-0.000936595
-1.012967e-08,-0.00541296
-1.007967e-08,-0.00511088
-1.002967e-08,-0.00343567
-9.97967e-09,-0.00791204
-9.92967e-09,-0.00909292
-9.87967e-09,-0.00686847
-9.82967e-09,0.0022765
-9.77967e-09,0.0163372
-9.72967e-09,0.0199074
-9.67967e-09,0.0151838
-9.62967e-09,0.0127122
-9.57967e-09,0.00938926
-9.52967e-09,0.000491449
-9.47967e-09,-0.00760996
-9.42967e-09,-0.0111801
-9.37967e-09,-0.0138439
-9.32967e-09,-0.0092577
-9.27967e-09,0.0063684
-9.22967e-09,0.0209235
-9.17967e-09,0.0268553
-9.12967e-09,0.0247957
-9.07967e-09,0.0204566
-9.02967e-09,0.0188638
-8.97967e-09,0.0167217
-8.92967e-09,0.0213354
-8.87967e-09,0.0339132
-8.82967e-09,0.0373185
-8.77967e-09,0.0352039
-8.72967e-09,0.039131
-8.67967e-09,0.0426737
-8.62967e-09,0.0439644
-8.57967e-09,0.042042
-8.52967e-09,0.0298762
-8.47967e-09,0.00938926
-8.42967e-09,-0.00777473
-8.37967e-09,-0.0116195
-8.32967e-09,-0.0116744
-8.27967e-09,-0.0227967
-8.22967e-09,-0.0366102
-8.17967e-09,-0.0337267
-8.12967e-09,-0.0179358
-8.07967e-09,-0.00489118
-8.02967e-09,0.00444603
-7.97967e-09,0.0114764
-7.92967e-09,0.0194954
-7.87967e-09,0.0233951
-7.82967e-09,0.0184244
-7.77967e-09,0.0206214
-7.72967e-09,0.0229282
-7.67967e-09,0.0116961
-7.62967e-09,0.00238635
-7.57967e-09,0.0014801
-7.52967e-09,0.0031553
-7.47967e-09,0.00842808
-7.42967e-09,0.0140579
-7.37967e-09,0.00831823
-7.32967e-09,-0.000826745
-7.27967e-09,0.00307291
-7.22967e-09,0.00823584
-7.17967e-09,0.00656064
-7.12967e-09,0.00710988
-7.07967e-09,0.0108173
-7.02967e-09,0.0134812
-6.97967e-09,0.00969135
-6.92967e-09,0.00266098
-6.87967e-09,0.000656224
-6.82967e-09,0.000326675
-6.77967e-09,0.00194696
-6.72967e-09,0.01068
-6.67967e-09,0.0187814
-6.62967e-09,0.0209784
-6.57967e-09,0.0224888
-6.52967e-09,0.024933
-6.47967e-09,0.0229282
-6.42967e-09,0.0123827
-6.37967e-09,0.00546214
-6.32967e-09,0.01252
-6.27967e-09,0.0185068
-6.22967e-09,0.0169414
-6.17967e-09,0.0181223
-6.12967e-09,0.0204291
-6.07967e-09,0.0208411
-6.02967e-09,0.0214453
-5.97967e-09,0.0211432
-5.92967e-09,0.0225712
-5.87967e-09,0.0239169
-5.82967e-09,0.020182
-5.77967e-09,0.0173808
-5.72967e-09,0.0102955
-5.67967e-09,-0.0028315
-5.62967e-09,-0.0015133
-5.57967e-09,0.0127946
-5.52967e-09,0.0187814
-5.47967e-09,0.0170787
-5.42967e-09,0.0200447
-5.37967e-09,0.0219945
-5.32967e-09,0.0189736
-5.27967e-09,0.0180948
-5.22967e-09,0.0144973
-5.17967e-09,0.0105976
-5.12967e-09,0.0130692
-5.07967e-09,0.014662
-5.02967e-09,0.0169689
-4.97967e-09,0.0208136
-4.92967e-09,0.0204291
-4.87967e-09,0.0202918
-4.82967e-09,0.024219
-4.77967e-09,0.0280088
-4.72967e-09,0.0240816
-4.67967e-09,0.0159528
-4.62967e-09,0.0154859
-4.57967e-09,0.0177378
-4.52967e-09,0.0154585
-4.47967e-09,0.0117785
-4.42967e-09,0.00831823
-4.37967e-09,0.0100484
-4.32967e-09,0.0188089
-4.27967e-09,0.0234225
-4.22967e-09,0.023807
-4.17967e-09,0.0260864
-4.12967e-09,0.0175731
-4.07967e-09,0.000463987
-4.02967e-09,-0.00596221
-3.97967e-09,-0.00579744
-3.92967e-09,-0.00176047
-3.87967e-09,0.00763167
-3.82967e-09,0.0129044
-3.77967e-09,0.0133438
-3.72967e-09,0.0104054
-3.67967e-09,0.00952657
-3.62967e-09,0.00977374
-3.57967e-09,0.00732958
-3.52967e-09,0.0113391
-3.47967e-09,0.0208685
-3.42967e-09,0.0294093
-3.37967e-09,0.0272673
-3.32967e-09,0.0144423
-3.27967e-09,0.00524244
-3.22967e-09,0.000106976
-3.17967e-09,-0.00178793
-3.12967e-09,-0.00382015
-3.07967e-09,-0.00758249
-3.02967e-09,-0.0060446
-2.97967e-09,-0.0062643
-2.92967e-09,-0.00791204
-2.87967e-09,-0.00329836
-2.82967e-09,-0.00225479
-2.77967e-09,-0.00791204
-2.72967e-09,-0.00799443
-2.67967e-09,-0.00266673
-2.62967e-09,0.00189203
-2.57967e-09,0.00576423
-2.52967e-09,0.00472066
-2.47967e-09,0.00084846
-2.42967e-09,0.00131532
-2.37967e-09,0.00581915
-2.32967e-09,0.00963642
-2.27967e-09,0.00867524
-2.22967e-09,0.00974627
-2.17967e-09,0.0224339
-2.12967e-09,0.0302607
-2.07967e-09,0.017985
-2.02967e-09,0.00263352
-1.97967e-09,-0.00107391
-1.92967e-09,-0.000771821
-1.87967e-09,-0.00986187
-1.82967e-09,-0.0171669
-1.77967e-09,-0.00445178
-1.72967e-09,0.0127122
-1.67967e-09,0.0206763
-1.62967e-09,0.0285031
-1.57967e-09,0.0297389
-1.52967e-09,0.0193032
-1.47967e-09,0.0181772
-1.42967e-09,0.0236697
-1.37967e-09,0.0124101
-1.32967e-09,0.000875923
-1.27967e-09,0.00708242
-1.22967e-09,0.00999344
-1.17967e-09,0.00631348
-1.12967e-09,0.0132889
-1.07967e-09,0.0210059
-1.02967e-09,0.0177653
-9.796702e-10,0.0145522
-9.296702e-10,0.0172435
-8.796702e-10,0.0196877
-8.296702e-10,0.0218572
-7.796702e-10,0.0223515
-7.296702e-10,0.019413
-6.796702e-10,0.0230106
-6.296702e-10,0.0269652
-5.796702e-10,0.0201271
-5.296702e-10,0.015431
-4.796702e-10,0.0137558
-4.296702e-10,0.00441857
-3.796702e-10,0.00142517
-3.296702e-10,0.0152388
-2.796702e-10,0.0219121
-2.296702e-10,0.011751
-1.796702e-10,0.0140579
-1.296702e-10,0.0405041
-7.96702e-11,0.0787318
-2.96702e-11,0.127752
2.03298e-11,0.185588
7.03298e-11,0.244495
1.203298e-10,0.304143
1.703298e-10,0.36272
2.203298e-10,0.408061
2.703298e-10,0.428328
3.203298e-10,0.42517
3.703298e-10,0.396279
4.203298e-10,0.338004
4.703298e-10,0.270694
5.203298e-10,0.213352
5.703298e-10,0.168204
6.203298e-10,0.137556
6.703298e-10,0.119623
7.203298e-10,0.106716
7.703298e-10,0.0963077
8.203298e-10,0.0908152
8.703298e-10,0.0896344
9.203298e-10,0.0830434
9.703298e-10,0.0678292
1.02033e-09,0.0506378
1.07033e-09,0.0381424
1.12033e-09,0.0423441
1.17033e-09,0.054153
1.22033e-09,0.0550318
1.27033e-09,0.0534664
1.32033e-09,0.0463536
1.37033e-09,0.0199623
1.42033e-09,-0.00467148
1.47033e-09,-0.00766488
1.52033e-09,-0.00112883
1.57033e-09,0.00408902
1.62033e-09,0.0082633
1.67033e-09,0.0147719
1.72033e-09,0.0214453
1.77033e-09,0.0195778
1.82033e-09,0.0131791
1.87033e-09,0.0112292
1.92033e-09,0.01252
1.97033e-09,0.0154585
2.02033e-09,0.019413
2.07033e-09,0.0247682
2.12033e-09,0.0305078
2.17033e-09,0.0249055
2.22033e-09,0.0147444
2.27033e-09,0.0128495
2.32033e-09,0.00993851
2.37033e-09,0.0114764
2.42033e-09,0.0200172
2.47033e-09,0.024164
2.52033e-09,0.0349567
2.57033e-09,0.0511046
2.62033e-09,0.0519834
2.67033e-09,0.0402021
2.72033e-09,0.0308099
2.77033e-09,0.0281186
2.82033e-09,0.0218023
2.87033e-09,0.0101857
2.92033e-09,0.00603885
2.97033e-09,0.00439111
3.02033e-09,0.00238635
3.07033e-09,0.01068
3.12033e-09,0.0144149
3.17033e-09,0.00678034
3.22033e-09,0.0093618
3.27033e-09,0.0105427
3.32033e-09,-0.0023921
3.37033e-09,-0.00697832
3.42033e-09,-0.00222733
3.47033e-09,0.00362216
3.52033e-09,0.0166393
3.57033e-09,0.0236422
3.62033e-09,0.0157605
3.67033e-09,0.012108
3.72033e-09,0.0167492
3.77033e-09,0.0187265
3.82033e-09,0.0213079
3.87033e-09,0.0250977
3.92033e-09,0.0251527
3.97033e-09,0.0250977
4.02033e-09,0.0257843
4.07033e-09,0.0251801
4.12033e-09,0.0271849
4.17033e-09,0.0228733
4.22033e-09,0.00916956
4.27033e-09,0.00441857
4.32033e-09,0.00815346
4.37033e-09,0.00864778
4.42033e-09,0.00969135
4.47033e-09,0.0134262
4.52033e-09,0.00955404
4.57033e-09,0.00353977
4.62033e-09,0.0102955
4.67033e-09,0.0224064
4.72033e-09,0.0254548
4.77033e-09,0.0236697
4.82033e-09,0.0263885
4.87033e-09,0.01977
4.92033e-09,0.00277083
4.97033e-09,-0.00123868
5.02033e-09,0.00274337
5.07033e-09,0.000326675
5.12033e-09,-0.00384761
5.17033e-09,-0.00447924
5.22033e-09,-0.0028315
5.27033e-09,-0.00121122
5.32033e-09,0.00395171
5.37033e-09,0.0115863
5.42033e-09,0.013948
5.47033e-09,0.017271
5.52033e-09,0.029272
5.57033e-09,0.0352314
5.62033e-09,0.0298213
5.67033e-09,0.0204841
5.72033e-09,0.00735705
5.77033e-09,-0.000552121
5.82033e-09,-0.00277657
5.87033e-09,-0.00566013
5.92033e-09,0.000106976
5.97033e-09,0.0146346
6.02033e-09,0.0214178
6.07033e-09,0.0178477
6.12033e-09,0.0140853
6.17033e-09,0.00779644
6.22033e-09,-0.00184285
6.27033e-09,-0.00634669
6.32033e-09,-0.00321597
6.37033e-09,0.00642333
6.42033e-09,0.0180125
6.47033e-09,0.0285305
6.52033e-09,0.0366869
6.57033e-09,0.0377854
6.62033e-09,0.0376206
6.67033e-09,0.0320457
6.72033e-09,0.012163
6.77033e-09,-3.03361e-05
6.82033e-09,0.00321023
6.87033e-09,0.00208427
6.92033e-09,-0.00447924
6.97033e-09,-0.0015133
7.02033e-09,0.0110095
7.07033e-09,0.0167492
7.12033e-09,0.0127122
7.17033e-09,0.0113391
7.22033e-09,0.0102406
7.27033e-09,0.00450096
7.32033e-09,0.00183711
7.37033e-09,0.00134278
7.42033e-09,0.00301799
7.47033e-09,0.00656064
7.52033e-09,0.00485797
7.57033e-09,0.00494036
7.62033e-09,0.011806
7.67033e-09,0.016859
7.72033e-09,0.0171062
7.77033e-09,0.0180399
7.82033e-09,0.019825
7.87033e-09,0.0206488
7.92033e-09,0.0283108
7.97033e-09,0.0363573
8.02033e-09,0.0282285
8.07033e-09,0.0170238
8.12033e-09,0.0184519
8.17033e-09,0.0210333
8.22033e-09,0.0175731
8.27033e-09,0.0167766
8.32033e-09,0.0176554
8.37033e-09,0.00988359
8.42033e-09,0.00318276
8.47033e-09,0.0127397
8.52033e-09,0.0216375
8.57033e-09,0.0151014
8.62033e-09,0.01068
8.67033e-09,0.013591
8.72033e-09,0.00977374
8.77033e-09,0.000326675
8.82033e-09,-0.00403984
8.87033e-09,0.00340246
8.92033e-09,0.0183695
8.97033e-09,0.0238345
9.02033e-09,0.0199348
9.07033e-09,0.019056
9.12033e-09,0.0207862
9.17033e-09,0.0225163
9.22033e-09,0.0217748
9.27033e-09,0.0202644
9.32033e-09,0.0204017
9.37033e-09,0.0179026
9.42033e-09,0.0127671
9.47033e-09,0.00463827
9.52033e-09,-0.00423208
9.57033e-09,-0.00870845
9.62033e-09,-0.011949
9.67033e-09,-0.0125257
9.72033e-09,-0.0138165
9.77033e-09,-0.0193364
9.82033e-09,-0.0182379
9.87033e-09,-0.0140911
9.92033e-09,-0.01302
9.97033e-09,-0.00917531
1.002033e-08,-0.0028315
1.007033e-08,-0.000826745
1.012033e-08,-0.00557774
1.017033e-08,-0.00802189
1.022033e-08,-0.00697832
1.027033e-08,-0.00791204
1.032033e-08,-0.0067037
1.037033e-08,-0.00686847
1.042033e-08,-0.00725294
1.047033e-08,0.00477558
1.052033e-08,0.018699
1.057033e-08,0.0241091
1.062033e-08,0.0316613
1.067033e-08,0.0382797
1.072033e-08,0.0396254
1.077033e-08,0.0419322
1.082033e-08,0.0411083
1.087033e-08,0.0374558
1.092033e-08,0.037346
1.097033e-08,0.0370164
1.102033e-08,0.0342153
1.107033e-08,0.0306177
1.112033e-08,0.0272947
1.117033e-08,0.0244661
1.122033e-08,0.0176829
1.127033e-08,0.0126847
1.132033e-08,0.0167766
1.137033e-08,0.0193581
1.142033e-08,0.0173259
1.147033e-08,0.0191109
1.152033e-08,0.0200721
1.157033e-08,0.0141952
1.162033e-08,0.0114764
1.167033e-08,0.0145247
1.172033e-08,0.0146346
1.177033e-08,0.0115588
1.182033e-08,0.0102955
1.187033e-08,0.0131791
1.192033e-08,0.0120531
1.197033e-08,0.00452842
1.202033e-08,0.000628761
1.207033e-08,0.00590154
1.212033e-08,0.0152937
1.217033e-08,0.0166393
1.222033e-08,0.0169414
1.227033e-08,0.0279538
1.232033e-08,0.0380325
1.237033e-08,0.0436349
1.242033e-08,0.0462712
1.247033e-08,0.0411907
1.252033e-08,0.0378128
1.257033e-08,0.0386367
1.262033e-08,0.03806
1.267033e-08,0.0401197
1.272033e-08,0.0423991
1.277033e-08,0.0388564
1.282033e-08,0.0283658
1.287033e-08,0.0137009
1.292033e-08,0.00469319
1.297033e-08,0.0061487
1.302033e-08,0.0151014
1.307033e-08,0.0286953
1.312033e-08,0.0402021
1.317033e-08,0.0440468
1.322033e-08,0.0429208
1.327033e-08,0.0395979
1.332033e-08,0.0349018
1.337033e-08,0.0330893
1.342033e-08,0.029629
1.347033e-08,0.0207587
1.352033e-08,0.0158704
1.357033e-08,0.00941673
1.362033e-08,0.00183711
1.367033e-08,0.0095815
1.372033e-08,0.0220494
1.377033e-08,0.0229557
1.382033e-08,0.017216
1.387033e-08,0.0134262
1.392033e-08,0.0120531
1.397033e-08,0.00815346
1.402033e-08,0.00837315
1.407033e-08,0.0161725
1.412033e-08,0.0203193
1.417033e-08,0.0186441
1.422033e-08,0.0176554
1.427033e-08,0.0207312
1.432033e-08,0.0208136
1.437033e-08,0.0130692
1.442033e-08,0.00754928
1.447033e-08,0.0111743
1.452033e-08,0.0142226
1.457033e-08,0.00667049
1.462033e-08,-0.00187032
1.467033e-08,-0.00667623
1.472033e-08,-0.0118666
1.477033e-08,-0.0069234
1.482033e-08,0.00461081
1.487033e-08,0.00296306
1.492033e-08,-0.00744518
1.497033e-08,-0.0122236
1.502033e-08,-0.00813174
1.507033e-08,0.000463987
1.512033e-08,0.00430872
1.517033e-08,0.00499528
1.522033e-08,0.0112018
1.527033e-08,0.0191384
1.532033e-08,0.0226261
1.537033e-08,0.0258942
1.542033e-08,0.0290523
1.547033e-08,0.029272
1.552033e-08,0.0293819
1.557033e-08,0.0306177
1.562033e-08,0.0307825
1.567033e-08,0.0239443
1.572033e-08,0.0113391
1.577033e-08,0.00326515
1.582033e-08,0.00406156
1.587033e-08,0.00889494
1.592033e-08,0.00977374
1.597033e-08,0.00779644
1.602033e-08,0.00834569
1.607033e-08,0.00804361
1.612033e-08,0.00543468
1.617033e-08,0.0040341
1.622033e-08,-0.000689433
1.627033e-08,-0.00953232
1.632033e-08,-0.00955978
1.637033e-08,0.00202934
1.642033e-08,0.0162549
1.647033e-08,0.0261413
1.652033e-08,0.0261688
1.657033e-08,0.0190286
1.662033e-08,0.0137283
1.667033e-08,0.0109546
1.672033e-08,0.0104328
1.677033e-08,0.0127122
1.682033e-08,0.0102681
1.687033e-08,0.00683526
1.692033e-08,0.00864778
1.697033e-08,0.0108997
1.702033e-08,0.0161175
1.707033e-08,0.0175731
1.712033e-08,0.00776898
1.717033e-08,0.00474812
1.722033e-08,0.00955404
1.727033e-08,0.00919703
1.732033e-08,0.0107898
1.737033e-08,0.0104878
1.742033e-08,0.00260605
1.747033e-08,-0.00310612
1.752033e-08,-0.00442432
1.757033e-08,0.00115055
1.762033e-08,0.00782391
1.767033e-08,0.00930688
1.772033e-08,0.0128495
1.777033e-08,0.01252
1.782033e-08,0.0105701
1.787033e-08,0.0161999
1.792033e-08,0.0167766
1.797033e-08,0.00823584
1.802033e-08,0.00463827
1.807033e-08,0.011751
1.812033e-08,0.0178751
1.817033e-08,0.017216
1.822033e-08,0.0218572
1.827033e-08,0.0320457
1.832033e-08,0.0389937
1.837033e-08,0.0413555
1.842033e-08,0.0351764
1.847033e-08,0.0235324
1.852033e-08,0.016502
1.857033e-08,0.0145797
1.862033e-08,0.0127122
1.867033e-08,0.0107898
1.872033e-08,0.0137832
1.877033e-08,0.0209509
1.882033e-08,0.0261413
1.887033e-08,0.0281735
1.892033e-08,0.0289425
1.897033e-08,0.0300959
1.902033e-08,0.0285855
1.907033e-08,0.0253174
1.912033e-08,0.0310022
1.917033e-08,0.0394057
1.922033e-08,0.0370988
1.927033e-08,0.033666
1.932033e-08,0.0331992
1.937033e-08,0.023807
1.942033e-08,0.00554453
1.947033e-08,-0.0124433
1.952033e-08,-0.019611
1.957033e-08,-0.0118392
1.962033e-08,-0.00088167
1.967033e-08,0.00606631
1.972033e-08,0.0115313
1.977033e-08,0.0174357
1.982033e-08,0.0218297
1.987033e-08,0.0163372
1.992033e-08,0.0089224
1.997033e-08,0.0130418
2.002033e-08,0.0144149
2.007033e-08,0.00650571
2.012033e-08,0.0102681
2.017033e-08,0.0244661
2.022033e-08,0.0315514
2.027033e-08,0.0317436
2.032033e-08,0.0247133
2.037033e-08,0.0126847
2.042033e-08,0.00455588
2.047033e-08,0.00370455
2.052033e-08,0.00634094
2.057033e-08,0.000930848
2.062033e-08,-0.00777473
2.067033e-08,-0.00598967
2.072033e-08,-0.000332422
2.077033e-08,0.00202934
2.082033e-08,0.00392425
2.087033e-08,0.00535229
2.092033e-08,0.00375947
2.097033e-08,0.00156248
2.102033e-08,0.00485797
2.107033e-08,0.0108997
2.112033e-08,0.0153761
2.117033e-08,0.0193032
2.122033e-08,0.02529
2.127033e-08,0.0288052
2.132033e-08,0.0220769
2.137033e-08,0.0190011
2.142033e-08,0.0207587
2.147033e-08,0.0124376
2.152033e-08,0.00859285
2.157033e-08,0.0172435
2.162033e-08,0.0253998
2.167033e-08,0.024219
2.172033e-08,0.0137832
2.177033e-08,0.0125474
2.182033e-08,0.0225163
2.187033e-08,0.024164
2.192033e-08,0.0243837
2.197033e-08,0.0301508
2.202033e-08,0.034435
2.207033e-08,0.0370988
2.212033e-08,0.0349018
2.217033e-08,0.0340779
2.222033e-08,0.0375107
2.227033e-08,0.035149
2.232033e-08,0.0287777
2.237033e-08,0.0237246
2.242033e-08,0.0213629
2.247033e-08,0.0181223
2.252033e-08,0.00754928
2.257033e-08,0.000216825
2.262033e-08,0.00763167
2.267033e-08,0.0153211
2.272033e-08,0.0115863
2.277033e-08,0.00960896
2.282033e-08,0.0204017
2.287033e-08,0.0322105
2.292033e-08,0.0349567
2.297033e-08,0.0356982
2.302033e-08,0.0370988
2.307033e-08,0.0341054
2.312033e-08,0.0204291
2.317033e-08,0.0040341
2.322033e-08,0.00230397
2.327033e-08,0.0120806
2.332033e-08,0.0239718
2.337033e-08,0.0312219
2.342033e-08,0.0302881
2.347033e-08,0.0277341
2.352033e-08,0.025647
2.357033e-08,0.0253449
2.362033e-08,0.0245485
2.367033e-08,0.0143874
2.372033e-08,-0.00145838
2.377033e-08,-0.00846129
2.382033e-08,-0.000277498
2.387033e-08,0.013234
2.392033e-08,0.0197426
2.397033e-08,0.0161725
2.402033e-08,0.00675287
2.407033e-08,0.00321023
2.412033e-08,0.00301799
2.417033e-08,-0.00579744
2.422033e-08,-0.00722548
2.427033e-08,0.00112308
2.432033e-08,0.000930848
2.437033e-08,0.00392425
2.442033e-08,0.0144149
2.447033e-08,0.0188089
2.452033e-08,0.0233951
2.457033e-08,0.0276518
2.462033e-08,0.0196053
2.467033e-08,0.00809853
2.472033e-08,0.0031553
2.477033e-08,0.00439111
2.482033e-08,0.010323
2.487033e-08,0.0125474
2.492033e-08,0.00647825
2.497033e-08,0.000134438
2.502033e-08,0.00106816
2.507033e-08,0.000436525
2.512033e-08,-0.00244703
2.517033e-08,0.00831823
2.522033e-08,0.0221867
2.527033e-08,0.0192757
2.532033e-08,0.00540722
2.537033e-08,0.00106816
2.542033e-08,0.0127397
2.547033e-08,0.0184519
2.552033e-08,0.0153486
2.557033e-08,0.0178202
2.562033e-08,0.0154585
2.567033e-08,0.014305
2.572033e-08,0.0225437
2.577033e-08,0.0179575
2.582033e-08,0.00414395
2.587033e-08,2.45887e-05
2.592033e-08,0.00321023
2.597033e-08,0.00353977
2.602033e-08,-0.00228225
2.607033e-08,-0.00209002
2.612033e-08,0.0068078
2.617033e-08,0.0131516
2.622033e-08,0.0149916
2.627033e-08,0.0119707
2.632033e-08,-0.000442272
2.637033e-08,-0.0150248
2.642033e-08,-0.0157114
2.647033e-08,-0.00420462
2.652033e-08,0.00779644
2.657033e-08,0.0124651
2.662033e-08,0.00815346
2.667033e-08,0.00697257
2.672033e-08,0.00782391
2.677033e-08,0.00246874
2.682033e-08,0.00233143
2.687033e-08,0.00927941
2.692033e-08,0.0114215
2.697033e-08,0.0129594
2.702033e-08,0.0171886
2.707033e-08,0.0178751
2.712033e-08,0.0231205
2.717033e-08,0.0282285
2.722033e-08,0.0200172
2.727033e-08,0.0134812
2.732033e-08,0.0152388
2.737033e-08,0.0140304
2.742033e-08,0.012163
2.747033e-08,0.0107624
2.752033e-08,0.00785137
2.757033e-08,0.0102131
2.762033e-08,0.0171886
2.767033e-08,0.0230655
2.772033e-08,0.0279264
2.777033e-08,0.0268004
2.782033e-08,0.0165569
2.787033e-08,0.00993851
2.792033e-08,0.0136185
2.797033e-08,0.0205115
2.802033e-08,0.0252076
2.807033e-08,0.0286953
2.812033e-08,0.0353138
2.817033e-08,0.040971
2.822033e-08,0.0400098
2.827033e-08,0.029272
2.832033e-08,0.0140029
2.837033e-08,0.0107898
2.842033e-08,0.0113116
2.847033e-08,0.00238635
2.852033e-08,-0.00099152
2.857033e-08,0.00332008
2.862033e-08,0.00741197
2.867033e-08,0.0118609
2.872033e-08,0.00853793
2.877033e-08,0.00656064
2.882033e-08,0.0141128
2.887033e-08,0.014662
2.892033e-08,0.0137283
2.897033e-08,0.0196877
2.902033e-08,0.0235049
2.907033e-08,0.0261688
2.912033e-08,0.0267455
2.917033e-08,0.0224888
2.922033e-08,0.0202094
2.927033e-08,0.0235873
2.932033e-08,0.0275419
2.937033e-08,0.0272398
2.942033e-08,0.0263885
2.947033e-08,0.0331717
2.952033e-08,0.0389113
2.957033e-08,0.0254548
2.962033e-08,0.0100484
2.967033e-08,0.0134812
2.972033e-08,0.0149367
2.977033e-08,0.00439111
2.982033e-08,-0.00088167
2.987033e-08,0.00241382
2.992033e-08,0.00894986
2.997033e-08,0.016502
3.002033e-08,0.0186441
3.007033e-08,0.0156232
3.012033e-08,0.0140853
3.017033e-08,0.0152113
3.022033e-08,0.019825
3.027033e-08,0.0244661
3.032033e-08,0.0244661
3.037033e-08,0.024933
3.042033e-08,0.0277616
3.047033e-08,0.0306177
3.052033e-08,0.029684
3.057033e-08,0.021253
3.062033e-08,0.0151289
3.067033e-08,0.0127946
3.072033e-08,0.00669795
3.077033e-08,0.0038144
3.082033e-08,0.00483051
3.087033e-08,0.00639586
3.092033e-08,0.00955404
3.097033e-08,0.00554453
3.102033e-08,-0.00219986
3.107033e-08,-0.00241956
3.112033e-08,-0.00236464
3.117033e-08,-0.00442432
3.122033e-08,0.00158994
3.127033e-08,0.0128221
3.132033e-08,0.0205665
3.137033e-08,0.0302332
3.142033e-08,0.0315789
3.147033e-08,0.0108997
3.152033e-08,-0.0023921
3.157033e-08,0.00683526
3.162033e-08,0.014717
3.167033e-08,0.0149092
3.172033e-08,0.0136459
3.177033e-08,0.0102681
3.182033e-08,0.00903225
3.187033e-08,0.0126298
3.192033e-08,0.0168041
3.197033e-08,0.0141677
3.202033e-08,0.00686272
3.207033e-08,0.00370455
3.212033e-08,0.00216665
3.217033e-08,-0.00340821
3.222033e-08,-0.0103837
3.227033e-08,-0.010878
3.232033e-08,-0.0132123
3.237033e-08,-0.017057
3.242033e-08,-0.0110702
3.247033e-08,-0.00810428
3.252033e-08,-0.00684101
3.257033e-08,-0.00252941
3.262033e-08,-0.0026118
3.267033e-08,0.00499528
3.272033e-08,0.0205939
3.277033e-08,0.0291347
3.282033e-08,0.0303156
3.287033e-08,0.0280637
3.292033e-08,0.0188363
3.297033e-08,0.000463987
3.302033e-08,-0.0157388
3.307033e-08,-0.0196385
3.312033e-08,-0.0136791
3.317033e-08,-3.03361e-05
3.322033e-08,0.0133988
3.327033e-08,0.0151289
3.332033e-08,0.00669795
3.337033e-08,-0.00263926
3.342033e-08,-0.00703324
3.347033e-08,-0.0118666
3.352033e-08,-0.0160409
3.357033e-08,-0.00612699
3.362033e-08,0.00579169
3.367033e-08,0.00222158
3.372033e-08,-0.000359885
3.377033e-08,0.00752182
3.382033e-08,0.0108722
3.387033e-08,0.00960896
3.392033e-08,0.00625855
3.397033e-08,-0.00750011
3.402033e-08,-0.0229889
3.407033e-08,-0.0270533
3.412033e-08,-0.0189519
3.417033e-08,-0.0049461
3.422033e-08,0.0022765
3.427033e-08,-2.87366e-06
3.432033e-08,0.000491449
3.437033e-08,0.00496782
3.442033e-08,0.00356724
3.447033e-08,0.00117801
3.452033e-08,0.00353977
3.457033e-08,0.00590154
3.462033e-08,0.00801614
3.467033e-08,0.00853793
3.472033e-08,0.00518752
3.477033e-08,0.00164487
3.482033e-08,0.00419887
3.487033e-08,0.011751
3.492033e-08,0.0146071
3.497033e-08,0.0163647
3.502033e-08,0.0239718
3.507033e-08,0.0257568
3.512033e-08,0.0163098
3.517033e-08,0.00590154
3.522033e-08,0.003375
3.527033e-08,0.00669795
3.532033e-08,0.00628601
3.537033e-08,0.00277083
3.542033e-08,0.00329261
3.547033e-08,0.00919703
3.552033e-08,0.0176829
3.557033e-08,0.0228458
3.562033e-08,0.0252076
3.567033e-08,0.029684
3.572033e-08,0.0281186
3.577033e-08,0.0144973
3.582033e-08,0.00623109
3.587033e-08,0.00955404
3.592033e-08,0.00667049
3.597033e-08,-0.00118376
3.602033e-08,2.45887e-05
3.607033e-08,0.00911464
3.612033e-08,0.015074
3.617033e-08,0.00743943
3.622033e-08,-0.00862606
3.627033e-08,-0.0169197
3.632033e-08,-0.0136242
3.637033e-08,-0.0131299
3.642033e-08,-0.0211489
3.647033e-08,-0.0238402
3.652033e-08,-0.021808
3.657033e-08,-0.0211764
3.662033e-08,-0.0128553
3.667033e-08,0.00027175
3.672033e-08,0.00590154
3.677033e-08,0.00617616
3.682033e-08,0.00933434
3.687033e-08,0.0154859
3.692033e-08,0.021665
3.697033e-08,0.0246309
3.702033e-08,0.0208411
3.707033e-08,0.0163647
3.712033e-08,0.0166943
3.717033e-08,0.0139206
3.722033e-08,0.00941673
3.727033e-08,0.0116137
3.732033e-08,0.0166668
3.737033e-08,0.0224064
3.742033e-08,0.0266906
3.747033e-08,0.0278989
3.752033e-08,0.0307001
3.757033e-08,0.031469
3.762033e-08,0.0276792
3.767033e-08,0.0199623
3.772033e-08,0.0095815
3.777033e-08,0.00551707
3.782033e-08,0.00351231
3.787033e-08,0.0035947
3.792033e-08,0.0133438
3.797033e-08,0.0138656
3.802033e-08,5.20511e-05
3.807033e-08,-0.00777473
3.812033e-08,-0.00497357
3.817033e-08,0.00307291
3.822033e-08,0.0108722
3.827033e-08,0.010323
3.832033e-08,0.00282575
3.837033e-08,0.00351231
3.842033e-08,0.0112018
3.847033e-08,0.0114215
3.852033e-08,0.00356724
3.857033e-08,-0.00656638
3.862033e-08,-0.0135968
3.867033e-08,-0.0147502
3.872033e-08,-0.0114272
3.877033e-08,-0.00697832
3.882033e-08,0.000628761
3.887033e-08,0.012877
3.892033e-08,0.022379
3.897033e-08,0.0253724
3.902033e-08,0.0256745
3.907033e-08,0.028915
3.912033e-08,0.0298762
3.917033e-08,0.0215551
3.922033e-08,0.0152937
3.927033e-08,0.0132615
3.932033e-08,0.00905971
3.937033e-08,0.00634094
3.942033e-08,-0.00354552
3.947033e-08,-0.0134045
3.952033e-08,-0.00480879
3.957033e-08,0.00167233
3.962033e-08,-0.00629176
3.967033e-08,-0.00519326
3.972033e-08,0.00532483
3.977033e-08,0.00743943
3.982033e-08,0.00752182
3.987033e-08,0.0120806
3.992033e-08,0.0133713
3.997033e-08,0.00938926
4.002033e-08,0.00598393
4.007033e-08,0.00562692
4.012033e-08,0.00285321
4.017033e-08,-0.00143092
4.022033e-08,0.00579169
4.027033e-08,0.0204017
4.032033e-08,0.0225437
4.037033e-08,0.0157331
4.042033e-08,0.0128221
4.047033e-08,0.00867524
4.052033e-08,-0.00230971
4.057033e-08,-0.00950486
4.062033e-08,-0.00469894
4.067033e-08,0.00386932
4.072033e-08,0.0113391
4.077033e-08,0.0165844
4.082033e-08,0.0180948
4.087033e-08,0.0194405
4.092033e-08,0.0202094
4.097033e-08,0.0175456
4.102033e-08,0.0135086
4.107033e-08,0.0119158
4.112033e-08,0.00840062
4.117033e-08,-0.00241956
4.122033e-08,-0.00920277
4.127033e-08,-0.00373776
4.132033e-08,0.00290814
4.137033e-08,0.00532483
4.142033e-08,0.00831823
4.147033e-08,0.00952657
4.152033e-08,0.00581915
4.157033e-08,0.00137025
4.162033e-08,0.00109562
4.167033e-08,0.00334754
4.172033e-08,-0.00104644
4.177033e-08,-0.00890069
4.182033e-08,-0.011949
4.187033e-08,-0.0118117
4.192033e-08,-0.0026118
4.197033e-08,0.0113666
4.202033e-08,0.0198799
4.207033e-08,0.0256195
4.212033e-08,0.0241091
4.217033e-08,0.0143325
4.222033e-08,0.00532483
4.227033e-08,-0.00181539
4.232033e-08,-0.00634669
4.237033e-08,-0.00288642
4.242033e-08,0.00200188
4.247033e-08,0.00384186
4.252033e-08,0.0127946
4.257033e-08,0.0248231
4.262033e-08,0.0284482
4.267033e-08,0.0331717
4.272033e-08,0.0395704
4.277033e-08,0.0340779
4.282033e-08,0.0272398
4.287033e-08,0.0290798
4.292033e-08,0.0294093
4.297033e-08,0.0300684
4.302033e-08,0.0360278
4.307033e-08,0.0380325
4.312033e-08,0.0328147
4.317033e-08,0.0252076
4.322033e-08,0.0186441
4.327033e-08,0.016145
4.332033e-08,0.0172984
4.337033e-08,0.0217473
4.342033e-08,0.0276243
4.347033e-08,0.0286129
4.352033e-08,0.0257843
4.357033e-08,0.0250428
4.362033e-08,0.0280362
4.367033e-08,0.0277341
4.372033e-08,0.0164471
4.377033e-08,0.00408902
4.382033e-08,-0.000414809
4.387033e-08,-0.00159569
4.392033e-08,0.00211173
4.397033e-08,0.0102406
4.402033e-08,0.0157056
4.407033e-08,0.0181772
4.412033e-08,0.0173808
4.417033e-08,0.0159253
4.422033e-08,0.0216375
4.427033e-08,0.0262786
4.432033e-08,0.0215826
4.437033e-08,0.0205115
4.442033e-08,0.0231479
4.447033e-08,0.017985
4.452033e-08,0.0135361
4.457033e-08,0.017628
4.462033e-08,0.0205115
4.467033e-08,0.0197426
4.472033e-08,0.0179026
4.477033e-08,0.0117785
4.482033e-08,0.0074669
4.487033e-08,0.00793376
4.492033e-08,0.00985612
4.497033e-08,0.0169963
4.502033e-08,0.0212256
4.507033e-08,0.0166119
4.512033e-08,0.0169963
4.517033e-08,0.0244387
4.522033e-08,0.0268004
4.527033e-08,0.0201271
4.532033e-08,0.0177928
4.537033e-08,0.0295192
4.542033e-08,0.0388564
4.547033e-08,0.0354236
4.552033e-08,0.0291896
4.557033e-08,0.0252625
4.562033e-08,0.0261413
4.567033e-08,0.0278165
4.572033e-08,0.0207862
4.577033e-08,0.0123827
4.582033e-08,0.0135635
4.587033e-08,0.012163
4.592033e-08,0.00268844
4.597033e-08,0.00115055
4.602033e-08,0.00340246
4.607033e-08,0.00351231
4.612033e-08,0.0098012
4.617033e-08,0.014305
4.622033e-08,0.0105701
4.627033e-08,0.0098012
4.632033e-08,0.0167217
4.637033e-08,0.0185342
4.642033e-08,0.00842808
4.647033e-08,-0.00222733
4.652033e-08,-0.00236464
4.657033e-08,0.00375947
4.662033e-08,0.00631348
4.667033e-08,0.00999344
4.672033e-08,0.0174632
4.677033e-08,0.0156232
4.682033e-08,0.00288068
4.687033e-08,-0.00456163
4.692033e-08,0.000766073
4.697033e-08,0.0074669
4.702033e-08,0.00875763
4.707033e-08,0.0113666
4.712033e-08,0.0133164
4.717033e-08,0.013234
4.722033e-08,0.0175731
4.727033e-08,0.0164746
4.732033e-08,0.00771406
4.737033e-08,0.00903225
4.742033e-08,0.015074
4.747033e-08,0.00606631
4.752033e-08,-0.00601714
4.757033e-08,-0.00365537
4.762033e-08,0.00164487
4.767033e-08,0.000244288
4.772033e-08,-0.00250195
4.777033e-08,-0.00425954
4.782033e-08,-0.00497357
4.787033e-08,-0.000387347
4.792033e-08,0.0136734
4.797033e-08,0.0261688
4.802033e-08,0.0223515
4.807033e-08,0.0176554
4.812033e-08,0.021967
4.817033e-08,0.0169689
4.822033e-08,0.0102131
4.827033e-08,0.015788
4.832033e-08,0.0221867
4.837033e-08,0.0243837
4.842033e-08,0.0244661
4.847033e-08,0.0237521
4.852033e-08,0.0262786
4.857033e-08,0.0313866
4.862033e-08,0.0342427
4.867033e-08,0.0302881
4.872033e-08,0.0239718
4.877033e-08,0.0257843
4.882033e-08,0.0345997
4.887033e-08,0.0374833
4.892033e-08,0.0323753
4.897033e-08,0.0285305
4.902033e-08,0.0203468
4.907033e-08,0.00971881
4.912033e-08,0.0130143
4.917033e-08,0.0166668
4.922033e-08,0.00625855
4.927033e-08,-0.00250195
4.932033e-08,-0.00178793
4.937033e-08,0.00109562
4.942033e-08,0.00134278
4.947033e-08,0.00137025
4.952033e-08,0.00669795
4.957033e-08,0.0117236
4.962033e-08,0.00763167
4.967033e-08,0.00375947
4.972033e-08,0.00818092
4.977033e-08,0.00955404
4.982033e-08,0.00829077
4.987033e-08,0.00974627
4.992033e-08,0.00590154
4.997033e-08,0.00455588
5.002033e-08,0.0101307
5.007033e-08,0.00562692
5.012033e-08,-0.00489118
5.017033e-08,-0.00285896
5.022033e-08,0.00760421
5.027033e-08,0.0135086
5.032033e-08,0.00700004
5.037033e-08,-0.0034906
5.042033e-08,-0.000826745
5.047033e-08,0.00510513
5.052033e-08,0.0074669
5.057033e-08,0.014717
5.062033e-08,0.0179301
5.067033e-08,0.0158704
5.072033e-08,0.0158704
5.077033e-08,0.0151838
5.082033e-08,0.0159528
5.087033e-08,0.0124651
5.092033e-08,0.00205681
5.097033e-08,-0.0060446
5.102033e-08,-0.0143932
5.107033e-08,-0.015217
5.112033e-08,-0.0032709
5.117033e-08,0.00348485
5.122033e-08,-0.000442272
5.127033e-08,-0.0067037
5.132033e-08,-0.00637415
5.137033e-08,-0.00159569
5.142033e-08,-0.00541296
5.147033e-08,-0.0123884
5.152033e-08,-0.0129651
5.157033e-08,-0.00966963
5.162033e-08,-0.00140346
5.167033e-08,0.00919703
5.172033e-08,0.0131241
5.177033e-08,0.00963642
5.182033e-08,0.00735705
5.187033e-08,0.00661556
5.192033e-08,0.00131532
5.197033e-08,-0.00362791
5.202033e-08,-0.00115629
5.207033e-08,0.00373201
5.212033e-08,0.00191949
5.217033e-08,0.000189363
5.222033e-08,0.00301799
5.227033e-08,0.00117801
5.232033e-08,0.00436365
5.237033e-08,0.0193306
5.242033e-08,0.028201
5.247033e-08,0.0348469
5.252033e-08,0.0513243
5.257033e-08,0.0529721
5.262033e-08,0.0359729
5.267033e-08,0.0288052
5.272033e-08,0.0211981
5.277033e-08,0.00656064
5.282033e-08,0.00529737
5.287033e-08,0.0100209
5.292033e-08,0.0157605
5.297033e-08,0.0269103
5.302033e-08,0.0300959
5.307033e-08,0.0232578
5.312033e-08,0.0208411
5.317033e-08,0.0214453
5.322033e-08,0.0147444
5.327033e-08,0.0113666
5.332033e-08,0.0132615
5.337033e-08,0.0031553
5.342033e-08,-0.010521
5.347033e-08,-0.00901054
5.352033e-08,-0.00233718
5.357033e-08,-0.00382015
5.362033e-08,-0.00137599
5.367033e-08,0.00222158
5.372033e-08,-0.00549535
5.377033e-08,-0.00722548
5.382033e-08,-0.00088167
5.387033e-08,0.00318276
5.392033e-08,0.0103504
5.397033e-08,0.0142501
5.402033e-08,0.0122728
5.407033e-08,0.0119707
5.412033e-08,0.0129319
5.417033e-08,0.0141128
5.422033e-08,0.00620363
5.427033e-08,-0.010164
5.432033e-08,-0.0135144
5.437033e-08,-0.00500103
5.442033e-08,0.0029356
5.447033e-08,0.0123552
5.452033e-08,0.0225712
5.457033e-08,0.0281735
5.462033e-08,0.0298213
5.467033e-08,0.0308099
5.472033e-08,0.0273222
5.477033e-08,0.018699
5.482033e-08,0.00960896
5.487033e-08,0.00117801
5.492033e-08,-0.00876338
5.497033e-08,-0.0117568
5.502033e-08,-0.00225479
5.507033e-08,0.00142517
5.512033e-08,0.000546374
5.517033e-08,0.0082633
5.522033e-08,0.0138931
5.527033e-08,0.0166393
5.532033e-08,0.022022
5.537033e-08,0.0246309
5.542033e-08,0.0214727
5.547033e-08,0.0146895
5.552033e-08,0.0129044
5.557033e-08,0.0185342
5.562033e-08,0.0233127
5.567033e-08,0.024164
5.572033e-08,0.0261413
5.577033e-08,0.028201
5.582033e-08,0.0230381
5.587033e-08,0.017628
5.592033e-08,0.0153211
5.597033e-08,0.0109272
5.602033e-08,0.0151289
5.607033e-08,0.022324
5.612033e-08,0.0133164
5.617033e-08,-0.00382015
5.622033e-08,-0.00980695
5.627033e-08,-0.000222573
5.632033e-08,0.00395171
5.637033e-08,-0.00664877
5.642033e-08,-0.010521
5.647033e-08,-0.00453417
5.652033e-08,0.00183711
5.657033e-08,0.00505021
5.662033e-08,0.00158994
5.667033e-08,-0.000359885
5.672033e-08,-0.0015133
5.677033e-08,-0.00357298
5.682033e-08,0.00485797
5.687033e-08,0.0114215
5.692033e-08,0.0003816
5.697033e-08,-0.011592
5.702033e-08,-0.00695086
5.707033e-08,0.00395171
5.712033e-08,0.00535229
5.717033e-08,0.00180964
5.722033e-08,0.00581915
5.727033e-08,0.0173534
5.732033e-08,0.0255097
5.737033e-08,0.0298213
5.742033e-08,0.0277891
5.747033e-08,0.0157056
5.752033e-08,0.0127671
5.757033e-08,0.0188363
5.762033e-08,0.0145247
5.767033e-08,0.00842808
5.772033e-08,0.00927941
5.777033e-08,0.0129868
5.782033e-08,0.0155134
5.787033e-08,0.0120531
5.792033e-08,0.00878509
5.797033e-08,0.0038144
5.802033e-08,-0.00203509
5.807033e-08,0.0022765
5.812033e-08,0.0074669
5.817033e-08,0.00927941
5.822033e-08,0.00903225
5.827033e-08,0.00353977
5.832033e-08,0.00208427
5.837033e-08,0.00689019
5.842033e-08,0.0115588
5.847033e-08,0.0165569
5.852033e-08,0.0222966
5.857033e-08,0.0198524
5.862033e-08,0.00878509
5.867033e-08,0.00134278
5.872033e-08,-0.00307866
5.877033e-08,-0.00590729
5.882033e-08,-0.00760996
5.887033e-08,-0.0116469
5.892033e-08,-0.00780219
5.897033e-08,0.00244128
5.902033e-08,0.00713735
5.907033e-08,0.0112292
5.912033e-08,0.0138656
5.917033e-08,0.0123277
5.922033e-08,0.0159802
5.927033e-08,0.0217473
5.932033e-08,0.0254822
5.937033e-08,0.0330069
5.942033e-08,0.0362749
5.947033e-08,0.0319908
5.952033e-08,0.0331442
5.957033e-08,0.0375657
5.962033e-08,0.0327872
5.967033e-08,0.0263061
5.972033e-08,0.0324302
5.977033e-08,0.038417
5.982033e-08,0.0345448
5.987033e-08,0.0310845
5.992033e-08,0.0244936
5.997033e-08,0.0149092
6.002033e-08,0.0133164
6.007033e-08,0.0153211
6.012033e-08,0.0168316
6.017033e-08,0.0177928
6.022033e-08,0.0159253
6.027033e-08,0.0180674
6.032033e-08,0.0215551
6.037033e-08,0.0195229
6.042033e-08,0.0144973
6.047033e-08,0.0111743
6.052033e-08,0.0208411
6.057033e-08,0.0336111
6.062033e-08,0.036577
6.067033e-08,0.041328
6.072033e-08,0.0458044
6.077033e-08,0.0409985
6.082033e-08,0.0327598
6.087033e-08,0.0282559
6.092033e-08,0.0209509
6.097033e-08,0.0093618
6.102033e-08,0.00969135
6.107033e-08,0.0175456
6.112033e-08,0.0139206
6.117033e-08,0.00587408
6.122033e-08,0.00840062
6.127033e-08,0.016145
6.132033e-08,0.0165569
6.137033e-08,0.0126298
6.142033e-08,0.0166393
6.147033e-08,0.0244661
6.152033e-08,0.0241091
6.157033e-08,0.0218572
6.162033e-08,0.0244936
6.167033e-08,0.0269927
6.172033e-08,0.0291347
6.177033e-08,0.0303156
6.182033e-08,0.0278165
6.187033e-08,0.0246309
6.192033e-08,0.0212256
6.197033e-08,0.0152388
6.202033e-08,0.0119158
6.207033e-08,0.0127671
6.212033e-08,0.00969135
6.217033e-08,0.00205681
6.222033e-08,-0.00211748
6.227033e-08,-0.00296881
6.232033e-08,-0.00651146
6.237033e-08,-0.00689593
6.242033e-08,0.00175472
6.247033e-08,0.00757675
6.252033e-08,0.0031553
6.257033e-08,0.00244128
6.262033e-08,0.00719227
6.267033e-08,0.00164487
6.272033e-08,-0.00706071
6.277033e-08,-0.00346313
6.282033e-08,0.000628761
6.287033e-08,-0.000854208
6.292033e-08,0.00417141
6.297033e-08,0.0127397
6.302033e-08,0.0196053
6.307033e-08,0.0240542
6.312033e-08,0.0249879
6.317033e-08,0.0283658
6.322033e-08,0.0286404
6.327033e-08,0.020182
6.332033e-08,0.015788
6.337033e-08,0.0183695
6.342033e-08,0.0180125
6.347033e-08,0.0141952
6.352033e-08,0.0124925
6.357033e-08,0.0162549
6.362033e-08,0.019825
6.367033e-08,0.0184244
6.372033e-08,0.0226811
6.377033e-08,0.0290798
6.382033e-08,0.0213903
6.387033e-08,0.0108997
6.392033e-08,0.0105701
6.397033e-08,0.00851047
6.402033e-08,0.00222158
6.407033e-08,-0.00132107
6.412033e-08,-0.00527565
6.417033e-08,-0.00552281
6.422033e-08,0.000409062
6.427033e-08,-0.000909132
6.432033e-08,-0.00728041
6.437033e-08,-0.0023921
6.442033e-08,0.0108722
6.447033e-08,0.0221318
6.452033e-08,0.0277891
6.457033e-08,0.0249879
6.462033e-08,0.0183969
6.467033e-08,0.0187539
6.472033e-08,0.0266631
6.477033e-08,0.0315789
6.482033e-08,0.0312768
6.487033e-08,0.0298762
6.492033e-08,0.0246309
6.497033e-08,0.0182322
6.502033e-08,0.0134537
6.507033e-08,0.00634094
6.512033e-08,0.00301799
6.517033e-08,0.0101033
6.522033e-08,0.0176554
6.527033e-08,0.0191933
6.532033e-08,0.0207587
6.537033e-08,0.0248231
6.542033e-08,0.0278714
6.547033e-08,0.024933
6.552033e-08,0.0168865
6.557033e-08,0.0108722
6.562033e-08,0.0154585
6.567033e-08,0.0294093
6.572033e-08,0.035506
6.577033e-08,0.0311395
6.582033e-08,0.0291896
6.587033e-08,0.0275144
6.592033e-08,0.0234225
6.597033e-08,0.015788
6.602033e-08,0.0031553
6.607033e-08,0.000299213
6.612033e-08,0.0104328
6.617033e-08,0.0153486
6.622033e-08,0.0120806
6.627033e-08,0.0153486
6.632033e-08,0.0224614
6.637033e-08,0.0160077
6.642033e-08,0.00145263
6.647033e-08,-0.00478133
6.652033e-08,-0.00406731
6.657033e-08,-0.00480879
6.662033e-08,-0.00714309
6.667033e-08,-0.00447924
6.672033e-08,0.00342992
6.677033e-08,0.0146071
6.682033e-08,0.0231205
6.687033e-08,0.0200721
6.692033e-08,0.0160077
6.697033e-08,0.0166943
6.702033e-08,0.0118334
6.707033e-08,-0.00104644
6.712033e-08,-0.0188146
6.717033e-08,-0.0274378
6.722033e-08,-0.0215608
6.727033e-08,-0.0151896
6.732033e-08,-0.00500103
6.737033e-08,0.0120257
6.742033e-08,0.0225437
6.747033e-08,0.0253724
6.752033e-08,0.0275419
6.757033e-08,0.0290798
6.762033e-08,0.0273222
6.767033e-08,0.0203742
6.772033e-08,0.0118334
6.777033e-08,0.00568184
6.782033e-08,0.00191949
6.787033e-08,0.00296306
6.792033e-08,0.00386932
6.797033e-08,0.00395171
6.802033e-08,0.0102955
6.807033e-08,0.0130967
6.812033e-08,0.00812599
6.817033e-08,0.00996597
6.822033e-08,0.020896
6.827033e-08,0.0291073
6.832033e-08,0.0317162
6.837033e-08,0.0344624
6.842033e-08,0.0355884
6.847033e-08,0.0302607
6.852033e-08,0.0249879
6.857033e-08,0.0275144
6.862033e-08,0.0334463
6.867033e-08,0.0332266
6.872033e-08,0.0252076
6.877033e-08,0.0140579
6.882033e-08,0.00255113
6.887033e-08,-0.00527565
6.892033e-08,-0.0058249
6.897033e-08,0.000711148
6.902033e-08,0.0104328
6.907033e-08,0.0146346
6.912033e-08,0.0156507
6.917033e-08,0.0221043
6.922033e-08,0.024933
6.927033e-08,0.0217199
6.932033e-08,0.0234775
6.937033e-08,0.0252076
6.942033e-08,0.0245485
6.947033e-08,0.0241091
6.952033e-08,0.0158429
6.957033e-08,0.00565438
6.962033e-08,-8.52608e-05
6.967033e-08,-0.00752757
6.972033e-08,-0.011235
6.977033e-08,-0.0110702
6.982033e-08,-0.0109604
6.987033e-08,-0.00115629
6.992033e-08,0.0110919
6.997033e-08,0.0115039
7.002033e-08,0.0119433
7.007033e-08,0.0225437
7.012033e-08,0.02713
7.017033e-08,0.0190011
7.022033e-08,0.0165844
7.027033e-08,0.0219945
7.032033e-08,0.0211706
7.037033e-08,0.018342
7.042033e-08,0.0208685
7.047033e-08,0.0196053
7.052033e-08,0.0136734
7.057033e-08,0.00845554
7.062033e-08,0.00537975
7.067033e-08,0.00837315
7.072033e-08,0.00741197
7.077033e-08,0.00408902
7.082033e-08,0.0119158
7.087033e-08,0.0193306
7.092033e-08,0.0196053
7.097033e-08,0.0188912
7.102033e-08,0.0132065
7.107033e-08,0.00661556
7.112033e-08,0.00823584
7.117033e-08,0.0134262
7.122033e-08,0.0188638
7.127033e-08,0.0244112
7.132033e-08,0.0266082
7.137033e-08,0.0266906
7.142033e-08,0.0226811
7.147033e-08,0.00732958
7.152033e-08,-0.00524819
7.157033e-08,0.000930848
7.162033e-08,0.00947165
7.167033e-08,0.0101307
7.172033e-08,0.00886748
7.177033e-08,0.00982866
7.182033e-08,0.0180399
7.187033e-08,0.0269103
7.192033e-08,0.0280362
7.197033e-08,0.024164
7.202033e-08,0.0217199
7.207033e-08,0.0200721
7.212033e-08,0.0159802
7.217033e-08,0.0129594
7.222033e-08,0.0102131
7.227033e-08,0.00796122
7.232033e-08,0.0125474
7.237033e-08,0.0175731
7.242033e-08,0.0160352
7.247033e-08,0.0157605
7.252033e-08,0.0091421
7.257033e-08,-0.0113174
7.262033e-08,-0.0211764
7.267033e-08,-0.0160958
7.272033e-08,-0.0130475
7.277033e-08,-0.00165062
7.282033e-08,0.010323
7.287033e-08,0.000903385
7.292033e-08,-0.00500103
7.297033e-08,0.000436525
7.302033e-08,-0.0114272
7.307033e-08,-0.0266689
7.312033e-08,-0.0249662
7.317033e-08,-0.0161508
7.322033e-08,-0.0081592
7.327033e-08,-0.00846129
7.332033e-08,-0.0110428
7.337033e-08,-0.00623684
7.342033e-08,-0.00145838
7.347033e-08,0.00370455
7.352033e-08,0.0120257
7.357033e-08,0.0181772
7.362033e-08,0.0212805
7.367033e-08,0.019825
7.372033e-08,0.0133164
7.377033e-08,0.00494036
7.382033e-08,-0.00332582
7.387033e-08,-0.00612699
7.392033e-08,-0.00233718
7.397033e-08,0.00419887
7.402033e-08,0.0129044
7.407033e-08,0.0208411
7.412033e-08,0.0264983
7.417033e-08,0.031881
7.422033e-08,0.0354236
7.427033e-08,0.0332815
7.432033e-08,0.0258392
7.437033e-08,0.0192757
7.442033e-08,0.020182
7.447033e-08,0.0214178
7.452033e-08,0.0125749
7.457033e-08,0.00452842
7.462033e-08,0.00595646
7.467033e-08,0.0068078
7.472033e-08,0.00691765
7.477033e-08,0.0132889
7.482033e-08,0.0181223
7.487033e-08,0.0158429
7.492033e-08,0.0125474
7.497033e-08,0.011394
7.502033e-08,0.0114215
7.507033e-08,0.00969135
7.512033e-08,0.00905971
7.517033e-08,0.0134537
7.522033e-08,0.0168865
7.527033e-08,0.0182871
7.532033e-08,0.0152937
7.537033e-08,0.0054896
7.542033e-08,0.00172726
7.547033e-08,0.00461081
7.552033e-08,0.00216665
7.557033e-08,-0.00393
7.562033e-08,-0.00934009
7.567033e-08,-0.0129926
7.572033e-08,-0.0115371
7.577033e-08,-0.00645653
7.582033e-08,0.00128786
7.587033e-08,0.0126298
7.592033e-08,0.0183695
7.597033e-08,0.0148817
7.602033e-08,0.0132065
7.607033e-08,0.017985
7.612033e-08,0.025647
7.617033e-08,0.0319084
7.622033e-08,0.0338308
7.627033e-08,0.0335836
7.632033e-08,0.0291896
7.637033e-08,0.0207587
7.642033e-08,0.0166119
7.647033e-08,0.0160077
7.652033e-08,0.0119433
7.657033e-08,0.00620363
7.662033e-08,0.00617616
7.667033e-08,0.00952657
7.672033e-08,0.00779644
7.677033e-08,0.00705496
7.682033e-08,0.014717
7.687033e-08,0.0219396
7.692033e-08,0.0238345
7.697033e-08,0.0271574
7.702033e-08,0.0286679
7.707033e-08,0.0218846
7.712033e-08,0.019468
7.717033e-08,0.0252351
7.722033e-08,0.0210333
7.727033e-08,0.00785137
7.732033e-08,0.00653317
7.737033e-08,0.0144423
7.742033e-08,0.0115588
7.747033e-08,0.00721973
7.752033e-08,0.0143325
7.757033e-08,0.0130143
7.762033e-08,-0.00104644
7.767033e-08,-0.00219986
7.772033e-08,0.0110645
7.777033e-08,0.0137832
7.782033e-08,0.00224904
7.787033e-08,-0.00810428
7.792033e-08,-0.0106857
7.797033e-08,-0.00579744
7.802033e-08,0.00246874
7.807033e-08,0.00982866
7.812033e-08,0.0142226
7.817033e-08,0.0106525
7.822033e-08,0.00414395
7.827033e-08,0.00222158
7.832033e-08,-0.00434193
7.837033e-08,-0.0147502
7.842033e-08,-0.0148051
7.847033e-08,-0.0062643
7.852033e-08,0.00172726
7.857033e-08,0.00738451
7.862033e-08,0.0126847
7.867033e-08,0.0182871
7.872033e-08,0.0225437
7.877033e-08,0.0190835
7.882033e-08,0.00463827
7.887033e-08,-0.00598967
7.892033e-08,-0.00346313
7.897033e-08,0.00397917
7.902033e-08,0.00878509
7.907033e-08,0.00606631
7.912033e-08,-0.000332422
7.917033e-08,-0.00401238
7.922033e-08,-0.00313359
7.927033e-08,-0.00118376
7.932033e-08,-0.00651146
7.937033e-08,-0.0121962
7.942033e-08,-0.00851621
7.947033e-08,-0.00118376
7.952033e-08,0.00938926
7.957033e-08,0.0212805
7.962033e-08,0.0225437
7.967033e-08,0.0174907
7.972033e-08,0.0206214
7.977033e-08,0.027844
7.982033e-08,0.0291896
7.987033e-08,0.0275419
7.992033e-08,0.0266356
7.997033e-08,0.0250703
8.002033e-08,0.0238894
8.007033e-08,0.0251801
8.012033e-08,0.026718
8.017033e-08,0.0235049
8.022033e-08,0.0173259
8.027033e-08,0.0175731
8.032033e-08,0.022324
8.037033e-08,0.0200996
8.042033e-08,0.0117785
8.047033e-08,0.00785137
8.052033e-08,0.0133164
8.057033e-08,0.0222417
8.062033e-08,0.0253174
8.067033e-08,0.022022
8.072033e-08,0.0211706
8.077033e-08,0.0264709
8.082033e-08,0.0268553
8.087033e-08,0.0197975
8.092033e-08,0.0165295
8.097033e-08,0.0160901
8.102033e-08,0.0158704
8.107033e-08,0.0174632
8.112033e-08,0.021967
8.117033e-08,0.0297114
8.122033e-08,0.0297114
8.127033e-08,0.0221043
8.132033e-08,0.0225987
8.137033e-08,0.026773
8.142033e-08,0.0205115
8.147033e-08,0.015074
8.152033e-08,0.0242739
8.157033e-08,0.0310296
8.162033e-08,0.0274595
8.167033e-08,0.0252076
8.172033e-08,0.0184244
8.177033e-08,0.00840062
8.182033e-08,0.00329261
8.187033e-08,-0.00255688
8.192033e-08,-0.00854368
8.197033e-08,-0.00931262
8.202033e-08,-0.00269419
8.207033e-08,0.00656064
8.212033e-08,0.0139206
8.217033e-08,0.0258667
8.222033e-08,0.0368791
8.227033e-08,0.0355335
8.232033e-08,0.0288601
8.237033e-08,0.0270201
8.242033e-08,0.0300959
8.247033e-08,0.0256195
8.252033e-08,0.013234
8.257033e-08,0.0105427
8.262033e-08,0.0113391
8.267033e-08,0.00565438
8.272033e-08,0.00131532
8.277033e-08,-0.00640161
8.282033e-08,-0.0151346
8.287033e-08,-0.0103562
8.292033e-08,0.00134278
8.297033e-08,0.0116137
8.302033e-08,0.0215826
8.307033e-08,0.0294093
8.312033e-08,0.0316613
8.317033e-08,0.0276518
8.322033e-08,0.0233951
8.327033e-08,0.0228733
8.332033e-08,0.0277616
8.337033e-08,0.0343251
8.342033e-08,0.0306726
8.347033e-08,0.0227634
8.352033e-08,0.024878
8.357033e-08,0.0257568
8.362033e-08,0.0126847
8.367033e-08,0.00189203
8.372033e-08,0.0087027
8.377033e-08,0.0176829
8.382033e-08,0.0133164
8.387033e-08,0.00441857
8.392033e-08,-0.0015133
8.397033e-08,-0.000936595
8.402033e-08,0.00754928
8.407033e-08,0.0130692
8.412033e-08,0.0121355
8.417033e-08,0.0101582
8.422033e-08,0.0103504
8.427033e-08,0.0174632
8.432033e-08,0.0277341
8.437033e-08,0.0288876
8.442033e-08,0.0262786
8.447033e-08,0.0299861
8.452033e-08,0.026718
8.457033e-08,0.0185342
8.462033e-08,0.0172984
8.467033e-08,0.0101582
8.472033e-08,-0.000744358
8.477033e-08,-0.00497357
8.482033e-08,-0.00703324
8.487033e-08,-0.00233718
8.492033e-08,0.0118609
8.497033e-08,0.0279813
8.502033e-08,0.0366594
8.507033e-08,0.0331442
8.512033e-08,0.0310571
8.517033e-08,0.0370988
8.522033e-08,0.0331992
8.527033e-08,0.0187814
8.532033e-08,0.0167217
8.537033e-08,0.0277616
8.542033e-08,0.0302058
8.547033e-08,0.0206214
8.552033e-08,0.0161999
8.557033e-08,0.0151564
8.562033e-08,0.00436365
8.567033e-08,-0.00557774
8.572033e-08,-0.00244703
8.577033e-08,0.00765913
8.582033e-08,0.0152113
8.587033e-08,0.0217199
8.592033e-08,0.0310571
8.597033e-08,0.031881
8.602033e-08,0.0246034
8.607033e-08,0.0183145
8.612033e-08,0.00713735
8.617033e-08,0.00131532
8.622033e-08,0.00933434
8.627033e-08,0.0177104
8.632033e-08,0.0209784
8.637033e-08,0.0201271
8.642033e-08,0.0205665
8.647033e-08,0.0271574
8.652033e-08,0.028915
8.657033e-08,0.0164196
8.662033e-08,-0.00140346
8.667033e-08,-0.009038
8.672033e-08,-0.00780219
8.677033e-08,-0.00975202
8.682033e-08,-0.0115371
8.687033e-08,-0.00909292
8.692033e-08,-0.00824159
8.697033e-08,-0.00505595
8.702033e-08,0.00535229
8.707033e-08,0.011751
8.712033e-08,0.0087027
8.717033e-08,0.00738451
8.722033e-08,0.00620363
8.727033e-08,0.00474812
8.732033e-08,0.011394
8.737033e-08,0.0155683
8.742033e-08,0.0110919
8.747033e-08,0.00513259
8.752033e-08,0.00205681
8.757033e-08,0.00568184
8.762033e-08,0.0108722
8.767033e-08,0.00908718
8.772033e-08,0.00397917
8.777033e-08,0.00433618
8.782033e-08,0.00557199
8.787033e-08,0.00255113
8.792033e-08,0.00647825
8.797033e-08,0.0191659
8.802033e-08,0.024878
8.807033e-08,0.0202918
8.812033e-08,0.0211432
8.817033e-08,0.0299037
8.822033e-08,0.0297114
8.827033e-08,0.022022
8.832033e-08,0.0244936
8.837033e-08,0.0283932
8.842033e-08,0.0181223
8.847033e-08,0.0105427
8.852033e-08,0.0174357
8.857033e-08,0.0216375
8.862033e-08,0.016502
8.867033e-08,0.0130418
8.872033e-08,0.00823584
8.877033e-08,-0.00354552
8.882033e-08,-0.00796697
8.887033e-08,-0.00299627
8.892033e-08,-8.52608e-05
8.897033e-08,0.00241382
8.902033e-08,0.0052699
8.907033e-08,0.00889494
8.912033e-08,0.00930688
8.917033e-08,0.00153502
8.922033e-08,0.00263352
8.927033e-08,0.0137009
8.932033e-08,0.0145522
8.937033e-08,0.00944419
8.942033e-08,0.00974627
8.947033e-08,0.00999344
8.952033e-08,0.00362216
8.957033e-08,-0.000250035
8.962033e-08,0.00389679
8.967033e-08,0.00417141
8.972033e-08,0.00348485
8.977033e-08,0.00760421
8.982033e-08,0.00765913
8.987033e-08,0.00480304
8.992033e-08,0.00417141
8.997033e-08,0.00433618
9.002033e-08,0.00321023
9.007033e-08,0.00115055
9.012033e-08,0.00411648
9.017033e-08,0.0119158
9.022033e-08,0.0159802
9.027033e-08,0.0159253
9.032033e-08,0.0198799
9.037033e-08,0.0290249
9.042033e-08,0.0278989
9.047033e-08,0.01252
9.052033e-08,0.00183711
9.057033e-08,0.00274337
9.062033e-08,0.00782391
9.067033e-08,0.0133988
9.072033e-08,0.0244661
9.077033e-08,0.0364946
9.082033e-08,0.0336386
9.087033e-08,0.0316887
9.092033e-08,0.0398725
9.097033e-08,0.0323478
9.102033e-08,0.0145247
9.107033e-08,0.00172726
9.112033e-08,-0.00769234
9.117033e-08,-0.00840636
9.122033e-08,-0.00640161
9.127033e-08,-0.00667623
9.132033e-08,-0.00755503
9.137033e-08,-0.0116469
9.142033e-08,-0.00865353
9.147033e-08,0.00386932
9.152033e-08,0.0100484
9.157033e-08,0.00820838
9.162033e-08,0.0082633
9.167033e-08,0.0110919
9.172033e-08,0.013234
9.177033e-08,0.0095815
9.182033e-08,0.00219412
9.187033e-08,0.0044735
9.192033e-08,0.0138107
9.197033e-08,0.0177653
9.202033e-08,0.0205939
9.207033e-08,0.0255921
9.212033e-08,0.0270476
9.217033e-08,0.0238619
9.222033e-08,0.0191109
9.227033e-08,0.0162274
9.232033e-08,0.0191933
9.237033e-08,0.0251801
9.242033e-08,0.024219
9.247033e-08,0.0208136
9.252033e-08,0.0244661
9.257033e-08,0.0287502
9.262033e-08,0.0267455
9.267033e-08,0.0212805
9.272033e-08,0.0216375
9.277033e-08,0.0275144
9.282033e-08,0.0244661
9.287033e-08,0.0145522
9.292033e-08,0.01068
9.297033e-08,0.00840062
9.302033e-08,0.00180964
9.307033e-08,-0.000552121
9.312033e-08,0.00689019
9.317033e-08,0.0148268
9.322033e-08,0.0157331
9.327033e-08,0.0168865
9.332033e-08,0.0233951
9.337033e-08,0.0241915
9.342033e-08,0.0157056
9.347033e-08,0.0136185
9.352033e-08,0.0166119
9.357033e-08,0.0115313
9.362033e-08,0.00710988
9.367033e-08,0.0063684
9.372033e-08,0.000683686
9.377033e-08,-0.00489118
9.382033e-08,-0.00277657
9.387033e-08,0.00400663
9.392033e-08,0.00395171
9.397033e-08,-0.0019527
9.402033e-08,-0.00310612
9.407033e-08,-0.00115629
9.412033e-08,0.000134438
9.417033e-08,-0.000332422
9.422033e-08,-0.00178793
9.427033e-08,0.00285321
9.432033e-08,0.00930688
9.437033e-08,0.0052699
9.442033e-08,-0.00170554
9.447033e-08,-0.00230971
9.452033e-08,0.000793536
9.457033e-08,0.0104603
9.462033e-08,0.0196877
9.467033e-08,0.0191659
9.472033e-08,0.0211706
9.477033e-08,0.0288601
9.482033e-08,0.0291073
9.487033e-08,0.024576
9.492033e-08,0.0295741
9.497033e-08,0.0335287
9.502033e-08,0.0180948
9.507033e-08,-0.000552121
9.512033e-08,-0.00664877
9.517033e-08,-0.0085986
9.522033e-08,-0.00728041
9.527033e-08,0.00257859
9.532033e-08,0.0121904
9.537033e-08,0.0113116
9.542033e-08,0.0108722
9.547033e-08,0.0224888
9.552033e-08,0.0303156
9.557033e-08,0.0207038
9.562033e-08,0.00274337
9.567033e-08,-0.00736279
9.572033e-08,-0.00346313
9.577033e-08,0.00241382
9.582033e-08,0.00356724
9.587033e-08,0.00787883
9.592033e-08,0.0149641
9.597033e-08,0.0189462
9.602033e-08,0.0213354
9.607033e-08,0.024576
9.612033e-08,0.0242739
9.617033e-08,0.0147719
9.622033e-08,0.00455588
9.627033e-08,0.00444603
9.632033e-08,0.00941673
9.637033e-08,0.0140304
9.642033e-08,0.0189462
9.647033e-08,0.0224614
9.652033e-08,0.0252625
9.657033e-08,0.0313042
9.662033e-08,0.0343526
9.667033e-08,0.032952
9.672033e-08,0.0385543
9.677033e-08,0.0469853
9.682033e-08,0.0459966
9.687033e-08,0.0385818
9.692033e-08,0.0349567
9.697033e-08,0.0351215
9.702033e-08,0.0302058
9.707033e-08,0.0226811
9.712033e-08,0.0202644
9.717033e-08,0.0209784
9.722033e-08,0.0239718
9.727033e-08,0.031881
9.732033e-08,0.035149
9.737033e-08,0.0266082
9.742033e-08,0.0224614
9.747033e-08,0.0252076
9.752033e-08,0.0152662
9.757033e-08,-0.00568759
9.762033e-08,-0.0179084
9.767033e-08,-0.0110428
9.772033e-08,0.00257859
9.777033e-08,0.00878509
9.782033e-08,0.014662
9.787033e-08,0.0200996
9.792033e-08,0.0168041
9.797033e-08,0.0131516
9.802033e-08,0.00938926
9.807033e-08,-0.00118376
9.812033e-08,-0.00829651
9.817033e-08,-0.00425954
9.822033e-08,0.00310038
9.827033e-08,0.00678034
9.832033e-08,0.0110095
9.837033e-08,0.0133164
9.842033e-08,0.0126847
9.847033e-08,0.0185068
9.852033e-08,0.0200172
9.857033e-08,0.00845554
9.862033e-08,-0.00409477
9.867033e-08,-0.0128827
9.872033e-08,-0.0164528
9.877033e-08,-0.0140636
9.882033e-08,-0.0116469
9.887033e-08,-0.00840636
9.892033e-08,-0.000826745
9.897033e-08,0.00661556
9.902033e-08,0.0123277
9.907033e-08,0.0162274
9.912033e-08,0.0197975
9.917033e-08,0.026004
9.922033e-08,0.0280362
9.927033e-08,0.0276792
9.932033e-08,0.0293819
9.937033e-08,0.0246034
9.942033e-08,0.0169414
9.947033e-08,0.015074
9.952033e-08,0.0162549
9.957033e-08,0.0142776
9.962033e-08,0.00491289
9.967033e-08,-0.00307866
9.972033e-08,0.00200188
9.977033e-08,0.0115863
9.982033e-08,0.015788
9.987033e-08,0.0221043
9.992033e-08,0.0305078
9.997033e-08,0.0329245
1.000203e-07,0.0359729
1.000703e-07,0.0422892
1.001203e-07,0.0419047
1.001703e-07,0.0341603
1.002203e-07,0.0213629
1.002703e-07,0.00749436
1.003203e-07,0.00554453
1.003703e-07,0.011037
1.004203e-07,0.0124925
1.004703e-07,0.0130143
1.005203e-07,0.00949911
1.005703e-07,0.00647825
1.006203e-07,0.0107898
1.006703e-07,0.0122179
1.007203e-07,0.00774152
1.007703e-07,0.00211173
1.008203e-07,-0.00019511
1.008703e-07,-0.00277657
1.009203e-07,-0.00870845
1.009703e-07,-0.00758249
1.010203e-07,-0.00258434
1.010703e-07,-0.000744358
1.011203e-07,0.000628761
1.011703e-07,0.000546374
1.012203e-07,0.00224904
1.012703e-07,-0.00121122
1.013203e-07,-0.0157114
1.013703e-07,-0.0224946
1.014203e-07,-0.0161508
1.014703e-07,-0.00923024
1.015203e-07,-0.00307866
1.015703e-07,0.00183711
1.016203e-07,0.00419887
1.016703e-07,0.0105976
1.017203e-07,0.0164196
1.017703e-07,0.011806
1.018203e-07,0.00675287
1.018703e-07,0.0116686
1.019203e-07,0.0202094
1.019703e-07,0.0240267
1.020203e-07,0.0205939
1.020703e-07,0.0105701
1.021203e-07,0.00351231
1.021703e-07,0.00628601
1.022203e-07,0.0091421
1.022703e-07,0.00760421
1.023203e-07,0.00532483
1.023703e-07,0.00656064
1.024203e-07,0.0138107
1.024703e-07,0.0203742
1.025203e-07,0.0268004
1.025703e-07,0.030398
1.026203e-07,0.0208685
1.026703e-07,0.0111194
1.027203e-07,0.0140304
1.027703e-07,0.0236972
1.028203e-07,0.0284756
1.028703e-07,0.0197975
1.029203e-07,0.0133164
1.029703e-07,0.0185892
1.030203e-07,0.0136459
1.030703e-07,-0.000140186
1.031203e-07,-0.00357298
1.031703e-07,-0.00508342
1.032203e-07,-0.00752757
1.032703e-07,-0.00637415
1.033203e-07,-0.0106857
1.033703e-07,-0.0112899
1.034203e-07,-8.52608e-05
1.034703e-07,0.00562692
1.035203e-07,0.00837315
1.035703e-07,0.0185892
1.036203e-07,0.0193581
1.036703e-07,0.00851047
1.037203e-07,-0.0028315
1.037703e-07,-0.0122786
1.038203e-07,-0.00541296
1.038703e-07,0.0106525
1.039203e-07,0.0124651
1.039703e-07,0.0113391
1.040203e-07,0.0141952
1.040703e-07,0.0040341
1.041203e-07,-0.0106583
1.041703e-07,-0.00944993
1.042203e-07,-0.000771821
1.042703e-07,0.00238635
1.043203e-07,0.00741197
1.043703e-07,0.0124651
1.044203e-07,0.00969135
1.044703e-07,0.00656064
1.045203e-07,0.000683686
1.045703e-07,-0.00977948
1.046203e-07,-0.0116195
1.046703e-07,-0.00758249
1.047203e-07,-0.00456163
1.047703e-07,0.00279829
1.048203e-07,0.00779644
1.048703e-07,0.00510513
1.049203e-07,0.00301799
1.049703e-07,0.00178218
1.050203e-07,-0.00170554
1.050703e-07,-0.00637415
1.051203e-07,-0.00483625
1.051703e-07,0.0070275
1.052203e-07,0.0158155
1.052703e-07,0.0162823
1.053203e-07,0.0156781
1.053703e-07,0.0122179
1.054203e-07,0.00395171
1.054703e-07,-0.00511088
1.055203e-07,-0.0056052
1.055703e-07,0.00752182
1.056203e-07,0.0168865
1.056703e-07,0.0141403
1.057203e-07,0.0107624
1.057703e-07,0.00310038
1.058203e-07,-0.00593475
1.058703e-07,-0.00593475
1.059203e-07,-0.00760996
1.059703e-07,-0.00876338
1.060203e-07,0.00142517
1.060703e-07,0.0122728
1.061203e-07,0.017628
1.061703e-07,0.0236697
1.062203e-07,0.0299037
1.062703e-07,0.0302607
1.063203e-07,0.0260864
1.063703e-07,0.0256195
1.064203e-07,0.0289699
1.064703e-07,0.0299861
1.065203e-07,0.0279264
1.065703e-07,0.0243013
1.066203e-07,0.0200996
1.066703e-07,0.0164746
1.067203e-07,0.0123003
1.067703e-07,0.00713735
1.068203e-07,0.00444603
1.068703e-07,0.00851047
1.069203e-07,0.0151564
1.069703e-07,0.0133438
1.070203e-07,0.0035947
1.070703e-07,0.00211173
1.071203e-07,0.0111743
1.071703e-07,0.012877
1.072203e-07,0.00348485
1.072703e-07,-0.00280404
1.073203e-07,0.000463987
1.073703e-07,0.0024962
1.074203e-07,-0.00126614
1.074703e-07,-0.00088167
1.075203e-07,0.00304545
1.075703e-07,0.00779644
1.076203e-07,0.0141677
1.076703e-07,0.0150191
1.077203e-07,0.0124101
1.077703e-07,0.0134537
1.078203e-07,0.0120806
1.078703e-07,0.00700004
1.079203e-07,0.00735705
1.079703e-07,0.0100484
1.080203e-07,0.0089224
1.080703e-07,0.00996597
1.081203e-07,0.0140029
1.081703e-07,0.0151838
1.082203e-07,0.0140029
1.082703e-07,0.0101582
1.083203e-07,0.00392425
1.083703e-07,0.00301799
1.084203e-07,0.00678034
1.084703e-07,0.00730212
1.085203e-07,0.00491289
1.085703e-07,0.0029356
1.086203e-07,0.00546214
1.086703e-07,0.0070275
1.087203e-07,-0.000634509
1.087703e-07,-0.00887322
1.088203e-07,-0.0094774
1.088703e-07,-0.00464402
1.089203e-07,-0.00376522
1.089703e-07,-0.00445178
1.090203e-07,0.00458335
1.090703e-07,0.0126024
1.091203e-07,0.0160077
1.091703e-07,0.02345
1.092203e-07,0.0255097
1.092703e-07,0.0172435
1.093203e-07,0.0118609
1.093703e-07,0.0146895
1.094203e-07,0.0149367
1.094703e-07,0.0126573
1.095203e-07,0.0205665
1.095703e-07,0.0334738
1.096203e-07,0.0369615
1.096703e-07,0.0319633
1.097203e-07,0.0277067
1.097703e-07,0.0262512
1.098203e-07,0.0252625
1.098703e-07,0.0255097
1.099203e-07,0.0214178
1.099703e-07,0.0109272
1.100203e-07,0.00634094
1.100703e-07,0.0130143
1.101203e-07,0.0248231
1.101703e-07,0.0361102
1.102203e-07,0.0423716
1.102703e-07,0.0390212
1.103203e-07,0.033309
1.103703e-07,0.0327048
1.104203e-07,0.0246309
1.104703e-07,0.00903225
1.105203e-07,0.00246874
1.105703e-07,-0.00445178
1.106203e-07,-0.0150523
1.106703e-07,-0.00728041
1.107203e-07,0.0101033
1.107703e-07,0.0166668
1.108203e-07,0.0200721
1.108703e-07,0.0266631
1.109203e-07,0.0290249
1.109703e-07,0.022736
1.110203e-07,0.0132615
1.110703e-07,0.0116686
1.111203e-07,0.0170787
1.111703e-07,0.0141677
1.112203e-07,0.00257859
1.112703e-07,-0.00159569
1.113203e-07,-0.000826745
1.113703e-07,-0.00417716
1.114203e-07,-0.00198017
1.114703e-07,0.00559945
1.115203e-07,0.00749436
1.115703e-07,0.00469319
1.116203e-07,0.0014801
1.116703e-07,0.00441857
1.117203e-07,0.0138656
1.117703e-07,0.0168865
1.118203e-07,0.0101033
1.118703e-07,0.00466573
1.119203e-07,0.00634094
1.119703e-07,0.00933434
1.120203e-07,0.00971881
1.120703e-07,0.0102681
1.121203e-07,0.0121355
1.121703e-07,0.0136185
1.122203e-07,0.0158155
1.122703e-07,0.0282834
1.123203e-07,0.0466832
1.123703e-07,0.0530819
1.124203e-07,0.0525327
1.124703e-07,0.0523954
1.125203e-07,0.0413006
1.125703e-07,0.0227634
1.126203e-07,0.0168865
1.126703e-07,0.0162823
1.127203e-07,0.00189203
1.127703e-07,-0.012306
1.128203e-07,-0.00920277
1.128703e-07,0.000299213
1.129203e-07,0.00559945
1.129703e-07,0.00991105
1.130203e-07,0.0130967
1.130703e-07,0.0155683
1.131203e-07,0.0162274
1.131703e-07,0.0130967
1.132203e-07,0.0112018
1.132703e-07,0.00859285
1.133203e-07,0.0052699
1.133703e-07,0.00461081
1.134203e-07,0.00167233
1.134703e-07,0.000189363
1.135203e-07,0.00645079
1.135703e-07,0.013948
1.136203e-07,0.0175456
1.136703e-07,0.0210608
1.137203e-07,0.0280362
1.137703e-07,0.0363573
1.138203e-07,0.042097
1.138703e-07,0.0441017
1.139203e-07,0.0430307
1.139703e-07,0.0444587
1.140203e-07,0.048276
1.140703e-07,0.0428934
1.141203e-07,0.0280911
1.141703e-07,0.0166943
1.142203e-07,0.0150191
1.142703e-07,0.0165844
1.143203e-07,0.00853793
1.143703e-07,-0.0028315
1.144203e-07,0.00158994
1.144703e-07,0.0107075
1.145203e-07,0.00894986
1.145703e-07,0.00834569
1.146203e-07,0.00977374
1.146703e-07,0.00639586
1.147203e-07,0.0154859
1.147703e-07,0.0352039
1.148203e-07,0.0386092
1.148703e-07,0.029272
1.149203e-07,0.0206488
1.149703e-07,0.0170787
1.150203e-07,0.0222417
1.150703e-07,0.0224064
1.151203e-07,0.014305
1.151703e-07,0.0143874
1.152203e-07,0.0181223
1.152703e-07,0.0183145
1.153203e-07,0.023093
1.153703e-07,0.0247957
1.154203e-07,0.0157056
1.154703e-07,0.00963642
1.155203e-07,0.0132065
1.155703e-07,0.0204566
1.156203e-07,0.0271849
1.156703e-07,0.0310845
1.157203e-07,0.0284756
1.157703e-07,0.0222417
1.158203e-07,0.0231479
1.158703e-07,0.0210333
1.159203e-07,0.00938926
1.159703e-07,0.00455588
1.160203e-07,0.00595646
1.160703e-07,0.00812599
1.161203e-07,0.0174632
1.161703e-07,0.0273222
1.162203e-07,0.0237246
1.162703e-07,0.0170513
1.163203e-07,0.0156232
1.163703e-07,0.00290814
1.164203e-07,-0.0121687
1.164703e-07,-0.00829651
1.165203e-07,0.00345739
1.165703e-07,0.0118609
1.166203e-07,0.0155683
1.166703e-07,0.0134262
1.167203e-07,0.00971881
1.167703e-07,0.00738451
1.168203e-07,0.0102406
1.168703e-07,0.00675287
1.169203e-07,-0.00958725
1.169703e-07,-0.0186498
1.170203e-07,-0.0191991
1.170703e-07,-0.017057
1.171203e-07,-0.00826905
1.171703e-07,-0.000579584
1.172203e-07,0.00559945
1.172703e-07,0.00793376
1.173203e-07,-0.00211748
1.173703e-07,-0.00892815
1.174203e-07,-0.000579584
1.174703e-07,0.00884002
1.175203e-07,0.0140579
1.175703e-07,0.0213629
1.176203e-07,0.0266906
1.176703e-07,0.0239443
1.177203e-07,0.0188363
1.177703e-07,0.01977
1.178203e-07,0.02161
1.178703e-07,0.0202918
1.179203e-07,0.0180674
1.179703e-07,0.0120257
1.180203e-07,0.00631348
1.180703e-07,0.00840062
1.181203e-07,0.0131791
1.181703e-07,0.0135361
1.182203e-07,0.0127397
1.182703e-07,0.0108997
1.183203e-07,0.0072472
1.183703e-07,0.0121355
1.184203e-07,0.0225712
1.184703e-07,0.0221318
1.185203e-07,0.0130418
1.185703e-07,0.00669795
1.186203e-07,-0.00019511
1.186703e-07,-0.00821413
1.187203e-07,-0.0119765
1.187703e-07,-0.0161233
1.188203e-07,-0.0180731
1.188703e-07,-0.0122511
1.189203e-07,-0.00505595
1.189703e-07,0.000436525
1.190203e-07,0.00510513
1.190703e-07,0.00875763
1.191203e-07,0.0133438
1.191703e-07,0.0175456
1.192203e-07,0.0191384
1.192703e-07,0.0185342
1.193203e-07,0.019468
1.193703e-07,0.0222691
1.194203e-07,0.016914
1.194703e-07,0.00612124
1.195203e-07,0.00691765
1.195703e-07,0.0178202
1.196203e-07,0.0230381
1.196703e-07,0.0213079
1.197203e-07,0.0215276
1.197703e-07,0.0248231
1.198203e-07,0.0262786
1.198703e-07,0.0230381
1.199203e-07,0.0193856
1.199703e-07,0.0199348
1.200203e-07,0.0182596
1.200703e-07,0.0138656
1.201203e-07,0.014717
1.201703e-07,0.0153486
1.202203e-07,0.0152388
1.202703e-07,0.0209235
1.203203e-07,0.0235324
1.203703e-07,0.0224339
1.204203e-07,0.0232852
1.204703e-07,0.0195503
1.205203e-07,0.0182596
1.205703e-07,0.0280088
1.206203e-07,0.032952
1.206703e-07,0.0262512
1.207203e-07,0.0230381
1.207703e-07,0.0255646
1.208203e-07,0.024521
1.208703e-07,0.0219396
1.209203e-07,0.0225163
1.209703e-07,0.0226536
1.210203e-07,0.0211981
1.210703e-07,0.0190286
1.211203e-07,0.00823584
1.211703e-07,-0.010466
1.212203e-07,-0.0213686
1.212703e-07,-0.017469
1.213203e-07,-0.00321597
1.213703e-07,0.0121355
1.214203e-07,0.0191109
1.214703e-07,0.0207862
1.215203e-07,0.0245485
1.215703e-07,0.0288326
1.216203e-07,0.0289974
1.216703e-07,0.0272398
1.217203e-07,0.0308648
1.217703e-07,0.0382248
1.218203e-07,0.0406689
1.218703e-07,0.0371812
1.219203e-07,0.0355609
1.219703e-07,0.0337759
1.220203e-07,0.0287777
1.220703e-07,0.0280088
1.221203e-07,0.0259765
1.221703e-07,0.0204841
1.222203e-07,0.0183145
1.222703e-07,0.0129319
1.223203e-07,0.0044735
1.223703e-07,0.00120547
1.224203e-07,0.00384186
1.224703e-07,0.00960896
1.225203e-07,0.0105976
1.225703e-07,0.00749436
1.226203e-07,0.00878509
1.226703e-07,0.00798868
1.227203e-07,0.00667049
1.227703e-07,0.0157331
1.228203e-07,0.0244112
1.228703e-07,0.0228184
1.229203e-07,0.0200172
1.229703e-07,0.0204291
1.230203e-07,0.0180674
1.230703e-07,0.0158155
1.231203e-07,0.0158429
1.231703e-07,0.0119707
1.232203e-07,0.0114489
1.232703e-07,0.0189187
1.233203e-07,0.0233402
1.233703e-07,0.0247682
1.234203e-07,0.0233127
1.234703e-07,0.0143874
1.235203e-07,0.0074669
1.235703e-07,0.00472066
1.236203e-07,0.00197442
1.236703e-07,-2.87366e-06
1.237203e-07,-0.00634669
1.237703e-07,-0.0137341
1.238203e-07,-0.010521
1.238703e-07,0.00189203
1.239203e-07,0.0101582
1.239703e-07,0.0122179
1.240203e-07,0.0159528
1.240703e-07,0.0236972
1.241203e-07,0.0320732
1.241703e-07,0.0260864
1.242203e-07,0.00818092
1.242703e-07,0.000326675
1.243203e-07,-0.00417716
1.243703e-07,-0.0168099
1.244203e-07,-0.0213137
1.244703e-07,-0.00876338
1.245203e-07,0.0070275
1.245703e-07,0.0146071
1.246203e-07,0.0163098
1.246703e-07,0.0186441
1.247203e-07,0.0263336
1.247703e-07,0.0359729
1.248203e-07,0.0331168
1.248703e-07,0.0213629
1.249203e-07,0.0188912
1.249703e-07,0.0224339
1.250203e-07,0.0259491
1.250703e-07,0.0270201
1.251203e-07,0.016502
1.251703e-07,0.00683526
1.252203e-07,0.0103779
1.252703e-07,0.0165295
1.253203e-07,0.0211706
1.253703e-07,0.0228458
1.254203e-07,0.0189462
1.254703e-07,0.0160077
1.255203e-07,0.0191933
1.255703e-07,0.0246309
1.256203e-07,0.0236972
1.256703e-07,0.0193856
1.257203e-07,0.0259765
1.257703e-07,0.04715
1.258203e-07,0.0650006
1.258703e-07,0.0575034
1.259203e-07,0.0383072
1.259703e-07,0.0341878
1.260203e-07,0.0399
1.260703e-07,0.0392683
1.261203e-07,0.0254822
1.261703e-07,0.00776898
1.262203e-07,0.00153502
1.262703e-07,0.00433618
1.263203e-07,0.00829077
1.263703e-07,0.0135361
1.264203e-07,0.0193581
1.264703e-07,0.0228184
1.265203e-07,0.0255921
1.265703e-07,0.0270201
1.266203e-07,0.0242739
1.266703e-07,0.0202918
1.267203e-07,0.0185617
1.267703e-07,0.0193032
1.268203e-07,0.0175456
1.268703e-07,0.0152388
1.269203e-07,0.0159802
1.269703e-07,0.0131791
1.270203e-07,0.0127671
1.270703e-07,0.0161175
1.271203e-07,0.00634094
1.271703e-07,-0.00706071
1.272203e-07,-0.00346313
1.272703e-07,0.00156248
1.273203e-07,-0.00393
1.273703e-07,-0.00209002
1.274203e-07,0.00730212
1.274703e-07,0.0111194
1.275203e-07,0.0130692
1.275703e-07,0.016914
1.276203e-07,0.01977
1.276703e-07,0.0227085
1.277203e-07,0.0279538
1.277703e-07,0.0311395
1.278203e-07,0.0325675
1.278703e-07,0.0349293
1.279203e-07,0.0319359
1.279703e-07,0.0286953
1.280203e-07,0.0328147
1.280703e-07,0.0349567
1.281203e-07,0.0286679
1.281703e-07,0.0211706
1.282203e-07,0.0191384
1.282703e-07,0.0151289
1.283203e-07,0.00348485
1.283703e-07,-0.00530311
1.284203e-07,-0.00571505
1.284703e-07,-0.00821413
1.285203e-07,-0.0142284
1.285703e-07,-0.0117019
1.286203e-07,-0.00241956
1.286703e-07,0.00458335
1.287203e-07,0.0137283
1.287703e-07,0.0205115
1.288203e-07,0.0148543
1.288703e-07,0.0113666
1.289203e-07,0.017628
1.289703e-07,0.0206763
1.290203e-07,0.0200447
1.290703e-07,0.0185617
1.291203e-07,0.0162823
1.291703e-07,0.0192483
1.292203e-07,0.0261139
1.292703e-07,0.027075
1.293203e-07,0.0177928
1.293703e-07,0.00469319
1.294203e-07,-0.00181539
1.294703e-07,-0.00145838
1.295203e-07,-0.00546789
1.295703e-07,-0.014503
1.296203e-07,-0.0155191
1.296703e-07,-0.0109329
1.297203e-07,-0.0099168
1.297703e-07,-0.0047264
1.298203e-07,0.00554453
1.298703e-07,0.0137283
1.299203e-07,0.0230655
1.299703e-07,0.0281461
1.300203e-07,0.0205115
1.300703e-07,0.00639586
1.301203e-07,-0.00862606
1.301703e-07,-0.0157937
1.302203e-07,-0.00598967
1.302703e-07,0.005929
1.303203e-07,0.00705496
1.303703e-07,0.00955404
1.304203e-07,0.0153761
1.304703e-07,0.017985
1.305203e-07,0.0247957
1.305703e-07,0.0272124
1.306203e-07,0.0152937
1.306703e-07,0.00510513
1.307203e-07,0.00485797
1.307703e-07,0.0156781
1.308203e-07,0.0267455
1.308703e-07,0.0166668
1.309203e-07,0.000875923
1.309703e-07,-0.00497357
1.310203e-07,-0.0103287
1.310703e-07,-0.0113998
1.311203e-07,-0.00316105
1.311703e-07,0.00422633
1.312203e-07,0.00112308
1.312703e-07,-0.000442272
1.313203e-07,0.00513259
1.313703e-07,0.00897733
1.314203e-07,0.0124101
1.314703e-07,0.00787883
1.315203e-07,0.000491449
1.315703e-07,0.00414395
1.316203e-07,0.0113391
1.316703e-07,0.0152662
1.317203e-07,0.0142776
1.317703e-07,0.0133713
1.318203e-07,0.0127946
1.318703e-07,0.0105152
1.319203e-07,0.0157331
1.319703e-07,0.0248231
1.320203e-07,0.0266631
1.320703e-07,0.0183145
1.321203e-07,0.00930688
1.321703e-07,0.01068
1.322203e-07,0.00993851
1.322703e-07,-0.00162315
1.323203e-07,-0.00879084
1.323703e-07,-0.0030512
1.324203e-07,0.00351231
1.324703e-07,0.00356724
1.325203e-07,0.00606631
1.325703e-07,0.0131241
1.326203e-07,0.0173534
1.326703e-07,0.0126298
1.327203e-07,0.00752182
1.327703e-07,0.00645079
1.328203e-07,0.00183711
1.328703e-07,0.00161741
1.329203e-07,0.00323769
1.329703e-07,0.00290814
1.330203e-07,0.0109821
1.330703e-07,0.0199897
1.331203e-07,0.0224614
1.331703e-07,0.0188638
1.332203e-07,0.00581915
1.332703e-07,-0.00634669
1.333203e-07,-0.00601714
1.333703e-07,0.000189363
1.334203e-07,0.00483051
1.334703e-07,0.00384186
1.335203e-07,-0.00379268
1.335703e-07,-0.0110977
1.336203e-07,-0.0123335
1.336703e-07,-0.00425954
1.337203e-07,0.00603885
1.337703e-07,0.00623109
1.338203e-07,0.00529737
1.338703e-07,0.00903225
1.339203e-07,0.00642333
1.339703e-07,0.00367709
1.340203e-07,0.00952657
1.340703e-07,0.0105976
1.341203e-07,0.00084846
1.341703e-07,-0.00384761
1.342203e-07,0.00186457
1.342703e-07,0.00625855
1.343203e-07,0.00581915
1.343703e-07,0.0035947
1.344203e-07,-0.000414809
1.344703e-07,-0.00566013
1.345203e-07,-0.00755503
1.345703e-07,-0.00824159
1.346203e-07,-0.0186498
1.346703e-07,-0.0304861
1.347203e-07,-0.0270533
1.347703e-07,-0.0162057
1.348203e-07,-0.00722548
1.348703e-07,0.00299053
1.349203e-07,0.0120531
1.349703e-07,0.0180948
1.350203e-07,0.0215826
1.350703e-07,0.019468
1.351203e-07,0.0130967
1.351703e-07,0.0057093
1.352203e-07,0.000985772
1.352703e-07,0.00356724
1.353203e-07,0.0152937
1.353703e-07,0.0274046
1.354203e-07,0.0280088
1.354703e-07,0.0267455
1.355203e-07,0.0264434
1.355703e-07,0.0169414
1.356203e-07,0.00884002
1.356703e-07,0.00919703
1.357203e-07,0.0103779
1.357703e-07,0.0142501
1.358203e-07,0.0218297
1.358703e-07,0.0230655
1.359203e-07,0.0175456
1.359703e-07,0.0126847
1.360203e-07,0.0108997
1.360703e-07,0.0117785
1.361203e-07,0.0103779
1.361703e-07,0.00925195
1.362203e-07,0.00977374
1.362703e-07,0.00590154
1.363203e-07,0.00134278
1.363703e-07,-0.00406731
1.364203e-07,-0.0107956
1.364703e-07,-0.0162606
1.365203e-07,-0.0228241
1.365703e-07,-0.0204074
1.366203e-07,-0.00678608
1.366703e-07,0.00397917
1.367203e-07,0.00697257
1.367703e-07,0.00713735
1.368203e-07,0.0113666
1.368703e-07,0.0121355
1.369203e-07,0.00189203
1.369703e-07,-0.00843383
1.370203e-07,-0.0099168
1.370703e-07,-0.00442432
1.371203e-07,0.00153502
1.371703e-07,0.00595646
1.372203e-07,0.012877
1.372703e-07,0.0232028
1.373203e-07,0.0286679
1.373703e-07,0.0275694
1.374203e-07,0.0253449
1.374703e-07,0.022379
1.375203e-07,0.0228733
1.375703e-07,0.0193856
1.376203e-07,0.0103504
1.376703e-07,0.0135635
1.377203e-07,0.0172435
1.377703e-07,0.00529737
1.378203e-07,-0.00414969
1.378703e-07,2.45887e-05
1.379203e-07,0.00818092
1.379703e-07,0.00988359
1.380203e-07,0.00735705
1.380703e-07,0.00925195
1.381203e-07,0.00916956
1.381703e-07,0.00774152
1.382203e-07,0.0121355
1.382703e-07,0.00807107
1.383203e-07,-0.00579744
1.383703e-07,-0.00901054
1.384203e-07,-0.00244703
1.384703e-07,0.0042538
1.385203e-07,0.0135635
1.385703e-07,0.0180125
1.386203e-07,0.0149367
1.386703e-07,0.0146071
1.387203e-07,0.0167766
1.387703e-07,0.0186441
1.388203e-07,0.0197426
1.388703e-07,0.0183969
1.389203e-07,0.013234
1.389703e-07,0.00719227
1.390203e-07,0.00708242
1.390703e-07,0.00864778
1.391203e-07,0.00730212
1.391703e-07,0.0108722
1.392203e-07,0.0189462
1.392703e-07,0.0216375
1.393203e-07,0.0235049
1.393703e-07,0.0305902
1.394203e-07,0.0331442
1.394703e-07,0.026718
1.395203e-07,0.0134812
1.395703e-07,-0.000799283
1.396203e-07,-0.000661971
1.396703e-07,0.010323
1.397203e-07,0.0135635
1.397703e-07,0.0152662
1.398203e-07,0.0182047
1.398703e-07,0.0141128
1.399203e-07,0.0169963
1.399703e-07,0.0265533
1.400203e-07,0.0229831
1.400703e-07,0.0148543
1.401203e-07,0.0171886
1.401703e-07,0.0221318
1.402203e-07,0.0235324
1.402703e-07,0.024933
1.403203e-07,0.0288052
1.403703e-07,0.0282285
1.404203e-07,0.0153211
1.404703e-07,0.00252367
1.405203e-07,0.000244288
1.405703e-07,0.00345739
1.406203e-07,0.0122728
1.406703e-07,0.0230655
1.407203e-07,0.0257843
1.407703e-07,0.020896
1.408203e-07,0.0210608
1.408703e-07,0.0294643
1.409203e-07,0.0270201
1.409703e-07,0.0106251
1.410203e-07,0.00342992
1.410703e-07,0.00884002
1.411203e-07,0.0146895
1.411703e-07,0.0218846
1.412203e-07,0.0289699
1.412703e-07,0.0288326
1.413203e-07,0.0268553
1.413703e-07,0.0272673
1.414203e-07,0.0262786
1.414703e-07,0.019825
1.415203e-07,0.00952657
1.415703e-07,0.00573677
1.416203e-07,0.00581915
1.416703e-07,0.00455588
1.417203e-07,0.00321023
1.417703e-07,-0.00354552
1.418203e-07,-0.00920277
1.418703e-07,-0.00456163
1.419203e-07,0.00274337
1.419703e-07,0.0065881
1.420203e-07,0.0110095
1.420703e-07,0.0177104
1.421203e-07,0.0247682
1.421703e-07,0.0331992
1.422203e-07,0.0364672
1.422703e-07,0.0295467
1.423203e-07,0.0231754
1.423703e-07,0.0202644
1.424203e-07,0.0165295
1.424703e-07,0.0132615
1.425203e-07,0.00927941
1.425703e-07,0.0040341
1.426203e-07,0.000326675
1.426703e-07,0.00178218
1.427203e-07,0.0105701
1.427703e-07,0.0186166
1.428203e-07,0.0162823
1.428703e-07,0.011037
1.429203e-07,0.00873017
1.429703e-07,0.00590154
1.430203e-07,0.00686272
1.430703e-07,0.00996597
1.431203e-07,0.00977374
1.431703e-07,0.0119982
1.432203e-07,0.0154585
1.432703e-07,0.0091421
1.433203e-07,-0.00335328
1.433703e-07,-0.0088183
1.434203e-07,-0.00804935
1.434703e-07,-0.00892815
1.435203e-07,-0.0102463
1.435703e-07,-0.0067037
1.436203e-07,-0.000771821
1.436703e-07,0.00628601
1.437203e-07,0.0107624
1.437703e-07,0.00474812
1.438203e-07,0.000820998
1.438703e-07,0.00255113
1.439203e-07,-0.00274911
1.439703e-07,-0.00901054
1.440203e-07,-0.00585236
1.440703e-07,0.00419887
1.441203e-07,0.0142776
1.441703e-07,0.0241915
1.442203e-07,0.0297114
1.442703e-07,0.0275694
1.443203e-07,0.0255371
1.443703e-07,0.0230655
1.444203e-07,0.0196602
1.444703e-07,0.0189736
1.445203e-07,0.0170513
1.445703e-07,0.0158978
1.446203e-07,0.019468
1.446703e-07,0.0221593
1.447203e-07,0.0249879
1.447703e-07,0.0284482
1.448203e-07,0.0228733
1.448703e-07,0.0174357
1.449203e-07,0.0192208
1.449703e-07,0.0129044
1.450203e-07,0.00332008
1.450703e-07,0.00095831
1.451203e-07,0.000711148
1.451703e-07,-0.000909132
1.452203e-07,-0.0081592
1.452703e-07,-0.0121138
1.453203e-07,-0.00508342
1.453703e-07,-0.00145838
1.454203e-07,-0.0056052
1.454703e-07,-0.00557774
1.455203e-07,0.0052699
1.455703e-07,0.0191659
1.456203e-07,0.0220769
1.456703e-07,0.0149641
1.457203e-07,0.016914
1.457703e-07,0.0377304
1.458203e-07,0.0554162
1.458703e-07,0.0492372
1.459203e-07,0.0350117
1.459703e-07,0.0318535
1.460203e-07,0.0317436
1.460703e-07,0.0277341
1.461203e-07,0.027487
1.461703e-07,0.0272124
1.462203e-07,0.0188638
1.462703e-07,0.0152113
1.463203e-07,0.0279538
1.463703e-07,0.0398176
1.464203e-07,0.034023
1.464703e-07,0.0274595
1.465203e-07,0.0283108
1.465703e-07,0.019413
1.466203e-07,0.00386932
1.466703e-07,-0.00159569
1.467203e-07,-0.00211748
1.467703e-07,-0.00593475
1.468203e-07,0.000903385
1.468703e-07,0.0221593
1.469203e-07,0.0352588
1.469703e-07,0.0310022
1.470203e-07,0.0275144
1.470703e-07,0.0289425
1.471203e-07,0.0196053
1.471703e-07,0.0061487
1.472203e-07,0.000244288
1.472703e-07,-0.00566013
1.473203e-07,-0.00857114
1.473703e-07,-0.00123868
1.474203e-07,0.00716481
1.474703e-07,0.0091421
1.475203e-07,0.00862032
1.475703e-07,0.0116961
1.476203e-07,0.0182047
1.476703e-07,0.0242739
1.477203e-07,0.0277891
1.477703e-07,0.0271849
1.478203e-07,0.0208685
1.478703e-07,0.0101307
1.479203e-07,0.00348485
1.479703e-07,0.00568184
1.480203e-07,0.0082633
1.480703e-07,0.00738451
1.481203e-07,0.0104054
1.481703e-07,0.0188363
1.482203e-07,0.0247407
1.482703e-07,0.0238345
1.483203e-07,0.0190011
1.483703e-07,0.0175731
1.484203e-07,0.0217199
1.484703e-07,0.0240542
1.485203e-07,0.0195503
1.485703e-07,0.0107624
1.486203e-07,0.00433618
1.486703e-07,0.00186457
1.487203e-07,0.00537975
1.487703e-07,0.0187539
1.488203e-07,0.031112
1.488703e-07,0.0352863
1.489203e-07,0.0370713
1.489703e-07,0.0385818
1.490203e-07,0.0381698
1.490703e-07,0.0317436
1.491203e-07,0.0192483
1.491703e-07,0.00969135
1.492203e-07,0.0114215
1.492703e-07,0.0173808
1.493203e-07,0.0207862
1.493703e-07,0.0224339
1.494203e-07,0.015431
1.494703e-07,0.00823584
1.495203e-07,0.0098012
1.495703e-07,0.00933434
1.496203e-07,0.0124101
1.496703e-07,0.0211706
1.497203e-07,0.0211432
1.497703e-07,0.0168041
1.498203e-07,0.0204841
1.498703e-07,0.0278989
1.499203e-07,0.0246858
1.499703e-07,0.0151014
1.500203e-07,0.0125474
1.500703e-07,0.00834569
1.501203e-07,0.000161901
1.501703e-07,-0.000277498
1.502203e-07,0.00222158
1.502703e-07,0.00131532
1.503203e-07,0.00244128
1.503703e-07,0.00364962
1.504203e-07,0.00505021
1.504703e-07,0.013234
1.505203e-07,0.0227909
1.505703e-07,0.0315789
1.506203e-07,0.0370988
1.506703e-07,0.0361102
1.507203e-07,0.0354236
1.507703e-07,0.0246584
1.508203e-07,0.00573677
1.508703e-07,0.00342992
1.509203e-07,0.00949911
1.509703e-07,0.0107898
1.510203e-07,0.0152937
1.510703e-07,0.017271
1.511203e-07,0.01068
1.511703e-07,0.0044735
1.512203e-07,-0.000607046
1.512703e-07,-0.00799443
1.513203e-07,-0.010164
1.513703e-07,-0.00445178
1.514203e-07,0.00219412
1.514703e-07,0.00801614
1.515203e-07,0.0137283
1.515703e-07,0.0177653
1.516203e-07,0.015074
1.516703e-07,0.00716481
1.517203e-07,0.00238635
1.517703e-07,-0.000552121
1.518203e-07,0.00197442
1.518703e-07,0.0129319
1.519203e-07,0.0213354
1.519703e-07,0.025647
1.520203e-07,0.027487
1.520703e-07,0.0236422
1.521203e-07,0.0199074
1.521703e-07,0.0188638
1.522203e-07,0.0173534
1.522703e-07,0.0174632
1.523203e-07,0.0175731
1.523703e-07,0.0202644
1.524203e-07,0.0302881
1.524703e-07,0.0366869
1.525203e-07,0.0332541
1.525703e-07,0.0264159
1.526203e-07,0.0187539
1.526703e-07,0.0161175
1.527203e-07,0.0221593
1.527703e-07,0.0246584
1.528203e-07,0.0185892
1.528703e-07,0.00672541
1.529203e-07,-0.00832398
1.529703e-07,-0.010466
1.530203e-07,-0.00101898
1.530703e-07,0.00095831
1.531203e-07,0.00502274
1.531703e-07,0.0165844
1.532203e-07,0.0133988
1.532703e-07,0.00408902
1.533203e-07,0.0141952
1.533703e-07,0.0250428
1.534203e-07,0.0192483
1.534703e-07,0.015074
1.535203e-07,0.0142776
1.535703e-07,0.0126298
1.536203e-07,0.0173259
1.536703e-07,0.0172984
1.537203e-07,0.00851047
1.537703e-07,0.000820998
1.538203e-07,-0.00178793
1.538703e-07,0.000601299
1.539203e-07,0.00389679
1.539703e-07,0.00713735
1.540203e-07,0.00823584
1.540703e-07,0.0105152
1.541203e-07,0.0138931
1.541703e-07,0.0132889
1.542203e-07,0.0166393
1.542703e-07,0.0147444
1.543203e-07,0.00252367
1.543703e-07,0.000766073
1.544203e-07,0.00153502
1.544703e-07,-0.00744518
1.545203e-07,-0.00840636
1.545703e-07,-0.00535804
1.546203e-07,-0.012663
1.546703e-07,-0.0161508
1.547203e-07,-0.012718
1.547703e-07,-0.00351806
1.548203e-07,0.0162823
1.548703e-07,0.0278714
1.549203e-07,0.0296565
1.549703e-07,0.0332815
1.550203e-07,0.0338033
1.550703e-07,0.0378128
1.551203e-07,0.0430032
1.551703e-07,0.0364672
1.552203e-07,0.0282285
1.552703e-07,0.0273771
1.553203e-07,0.024878
1.553703e-07,0.0199074
1.554203e-07,0.0209509
1.554703e-07,0.0248231
1.555203e-07,0.0249604
1.555703e-07,0.0178751
1.556203e-07,0.00730212
1.556703e-07,0.00579169
1.557203e-07,0.0118334
1.557703e-07,0.0145247
1.558203e-07,0.0127122
1.558703e-07,0.00886748
1.559203e-07,0.00458335
1.559703e-07,0.00672541
1.560203e-07,0.0157331
1.560703e-07,0.0206214
1.561203e-07,0.0194954
1.561703e-07,0.0183695
1.562203e-07,0.0201271
1.562703e-07,0.0185892
1.563203e-07,0.0131241
1.563703e-07,0.0165844
1.564203e-07,0.0218297
1.564703e-07,0.0145797
1.565203e-07,0.000216825
1.565703e-07,-0.0129926
1.566203e-07,-0.0169472
1.566703e-07,-0.0113174
1.567203e-07,-0.00695086
1.567703e-07,-0.00601714
1.568203e-07,-0.00428701
1.568703e-07,0.0003816
1.569203e-07,0.00988359
1.569703e-07,0.0239169
1.570203e-07,0.0352314
1.570703e-07,0.0375657
1.571203e-07,0.0374833
1.571703e-07,0.0379227
1.572203e-07,0.0289699
1.572703e-07,0.00974627
1.573203e-07,-0.00708817
1.573703e-07,-0.012718
1.574203e-07,-0.0122236
1.574703e-07,-0.00684101
1.575203e-07,0.00774152
1.575703e-07,0.0192483
1.576203e-07,0.024164
1.576703e-07,0.030398
1.577203e-07,0.0266356
1.577703e-07,0.01252
1.578203e-07,0.00977374
1.578703e-07,0.0171886
1.579203e-07,0.0210333
1.579703e-07,0.0304529
1.580203e-07,0.041685
1.580703e-07,0.0354236
1.581203e-07,0.0285031
1.581703e-07,0.0368791
1.582203e-07,0.0407238
1.582703e-07,0.0339681
1.583203e-07,0.0256195
1.583703e-07,0.021253
1.584203e-07,0.0204841
1.584703e-07,0.0102131
1.585203e-07,-0.00354552
1.585703e-07,-0.00555028
1.586203e-07,-0.00684101
1.586703e-07,-0.0156015
1.587203e-07,-0.0135968
1.587703e-07,-0.00250195
1.588203e-07,-0.00178793
1.588703e-07,0.00172726
1.589203e-07,0.00875763
1.589703e-07,0.00260605
1.590203e-07,0.000299213
1.590703e-07,0.00925195
1.591203e-07,0.00831823
1.591703e-07,0.000930848
1.592203e-07,0.00378694
1.592703e-07,0.00510513
1.593203e-07,-0.00255688
1.593703e-07,-0.00568759
1.594203e-07,-0.00431447
1.594703e-07,-0.00461655
1.595203e-07,-0.00414969
1.595703e-07,-0.00255688
1.596203e-07,-0.00387507
