LECROYWR640Zi,59892,Waveform
Segments,1,SegmentSize,4002
Segment,TrigTime,TimeSinceSegment1
#1,01-Nov-2023 13:34:12,0                 
Time,Ampl
-4.043021e-08,-0.00126614
-4.038021e-08,0.0119982
-4.033021e-08,0.0317986
-4.028021e-08,0.0280637
-4.023021e-08,0.0134812
-4.018021e-08,0.0126298
-4.013021e-08,0.0218297
-4.008021e-08,0.0257294
-4.003021e-08,0.0255921
-3.998021e-08,0.0298487
-3.993021e-08,0.0271025
-3.988021e-08,0.016914
-3.983021e-08,0.0189462
-3.978021e-08,0.0236422
-3.973021e-08,0.0191109
-3.968021e-08,0.020539
-3.963021e-08,0.0275968
-3.958021e-08,0.027487
-3.953021e-08,0.02529
-3.948021e-08,0.0272673
-3.943021e-08,0.0261139
-3.938021e-08,0.0203193
-3.933021e-08,0.0217199
-3.928021e-08,0.0268828
-3.923021e-08,0.0219396
-3.918021e-08,0.0153486
-3.913021e-08,0.0171611
-3.908021e-08,0.0195229
-3.903021e-08,0.0191659
-3.898021e-08,0.0222691
-3.893021e-08,0.0264983
-3.888021e-08,0.0195503
-3.883021e-08,0.00428126
-3.878021e-08,0.00164487
-3.873021e-08,0.0107349
-3.868021e-08,0.0144973
-3.863021e-08,0.0141403
-3.858021e-08,0.0148543
-3.853021e-08,0.0187814
-3.848021e-08,0.0241091
-3.843021e-08,0.0281461
-3.838021e-08,0.0364946
-3.833021e-08,0.0415752
-3.828021e-08,0.0370713
-3.823021e-08,0.0310296
-3.818021e-08,0.0230106
-3.813021e-08,0.0175456
-3.808021e-08,0.0199348
-3.803021e-08,0.021253
-3.798021e-08,0.0231754
-3.793021e-08,0.0280911
-3.788021e-08,0.0276792
-3.783021e-08,0.0268553
-3.778021e-08,0.0278165
-3.773021e-08,0.0224064
-3.768021e-08,0.0169689
-3.763021e-08,0.020182
-3.758021e-08,0.0255097
-3.753021e-08,0.0239443
-3.748021e-08,0.0184244
-3.743021e-08,0.0116686
-3.738021e-08,0.0035947
-3.733021e-08,0.0149092
-3.728021e-08,0.0419597
-3.723021e-08,0.0487703
-3.718021e-08,0.042042
-3.713021e-08,0.0393782
-3.708021e-08,0.0349842
-3.703021e-08,0.0344624
-3.698021e-08,0.0389663
-3.693021e-08,0.0384994
-3.688021e-08,0.0364672
-3.683021e-08,0.0422068
-3.678021e-08,0.0483584
-3.673021e-08,0.0435525
-3.668021e-08,0.0333365
-3.663021e-08,0.0274046
-3.658021e-08,0.024521
-3.653021e-08,0.0220494
-3.648021e-08,0.02345
-3.643021e-08,0.0265807
-3.638021e-08,0.027844
-3.633021e-08,0.0288326
-3.628021e-08,0.0275144
-3.623021e-08,0.0259491
-3.618021e-08,0.0307001
-3.613021e-08,0.036632
-3.608021e-08,0.0356982
-3.603021e-08,0.0291347
-3.598021e-08,0.0224064
-3.593021e-08,0.0208411
-3.588021e-08,0.023093
-3.583021e-08,0.0237796
-3.578021e-08,0.0243288
-3.573021e-08,0.0263336
-3.568021e-08,0.0244936
-3.563021e-08,0.0220494
-3.558021e-08,0.024878
-3.553021e-08,0.0237246
-3.548021e-08,0.0110095
-3.543021e-08,0.000299213
-3.538021e-08,0.00224904
-3.533021e-08,0.00496782
-3.528021e-08,0.00584661
-3.523021e-08,0.013591
-3.518021e-08,0.0240542
-3.513021e-08,0.0279264
-3.508021e-08,0.0225437
-3.503021e-08,0.0140579
-3.498021e-08,0.0101582
-3.493021e-08,0.0126847
-3.488021e-08,0.0166393
-3.483021e-08,0.0167766
-3.478021e-08,0.0163372
-3.473021e-08,0.0198524
-3.468021e-08,0.0239993
-3.463021e-08,0.0240267
-3.458021e-08,0.0230381
-3.453021e-08,0.0279538
-3.448021e-08,0.0339956
-3.443021e-08,0.0302607
-3.438021e-08,0.0244112
-3.433021e-08,0.0244387
-3.428021e-08,0.0208136
-3.423021e-08,0.0162274
-3.418021e-08,0.0200996
-3.413021e-08,0.0256745
-3.408021e-08,0.0225437
-3.403021e-08,0.014305
-3.398021e-08,0.0195778
-3.393021e-08,0.0324302
-3.388021e-08,0.0293819
-3.383021e-08,0.0200996
-3.378021e-08,0.0208411
-3.373021e-08,0.0275694
-3.368021e-08,0.0254273
-3.363021e-08,0.0112292
-3.358021e-08,0.00820838
-3.353021e-08,0.0163372
-3.348021e-08,0.0140029
-3.343021e-08,0.0118609
-3.338021e-08,0.0207312
-3.333021e-08,0.0264159
-3.328021e-08,0.0218023
-3.323021e-08,0.0139755
-3.318021e-08,0.0115588
-3.313021e-08,0.00790629
-3.308021e-08,-0.000579584
-3.303021e-08,0.00244128
-3.298021e-08,0.0159528
-3.293021e-08,0.0239993
-3.288021e-08,0.0250428
-3.283021e-08,0.0221318
-3.278021e-08,0.0115863
-3.273021e-08,0.00158994
-3.268021e-08,0.00255113
-3.263021e-08,0.000106976
-3.258021e-08,-0.00354552
-3.253021e-08,0.00612124
-3.248021e-08,0.0112842
-3.243021e-08,0.00537975
-3.238021e-08,0.0095815
-3.233021e-08,0.0263885
-3.228021e-08,0.0431131
-3.223021e-08,0.0540431
-3.218021e-08,0.0554162
-3.213021e-08,0.0542353
-3.208021e-08,0.0544276
-3.203021e-08,0.0507751
-3.198021e-08,0.0464086
-3.193021e-08,0.0331717
-3.188021e-08,0.0181772
-3.183021e-08,0.0168041
-3.178021e-08,0.0137558
-3.173021e-08,0.00765913
-3.168021e-08,0.00194696
-3.163021e-08,-0.0092577
-3.158021e-08,-0.00612699
-3.153021e-08,0.0114489
-3.148021e-08,0.0143325
-3.143021e-08,0.00414395
-3.138021e-08,0.00123293
-3.133021e-08,0.0144698
-3.128021e-08,0.0317986
-3.123021e-08,0.0356982
-3.118021e-08,0.0346272
-3.113021e-08,0.0335287
-3.108021e-08,0.0258392
-3.103021e-08,0.0224888
-3.098021e-08,0.0266906
-3.093021e-08,0.0257568
-3.088021e-08,0.0152937
-3.083021e-08,0.00818092
-3.078021e-08,0.0154035
-3.073021e-08,0.0208411
-3.068021e-08,0.0184519
-3.063021e-08,0.0247407
-3.058021e-08,0.0280362
-3.053021e-08,0.0176829
-3.048021e-08,0.00927941
-3.043021e-08,0.00815346
-3.038021e-08,0.0110919
-3.033021e-08,0.0151014
-3.028021e-08,0.0224888
-3.023021e-08,0.0308099
-3.018021e-08,0.0315514
-3.013021e-08,0.0315514
-3.008021e-08,0.033666
-3.003021e-08,0.0283108
-2.998021e-08,0.0165295
-2.993021e-08,0.00689019
-2.988021e-08,0.0010407
-2.983021e-08,0.00109562
-2.978021e-08,0.00938926
-2.973021e-08,0.017628
-2.968021e-08,0.020539
-2.963021e-08,0.0217748
-2.958021e-08,0.0218297
-2.953021e-08,0.0210608
-2.948021e-08,0.0233676
-2.943021e-08,0.0235324
-2.938021e-08,0.0192483
-2.933021e-08,0.0190835
-2.928021e-08,0.0154035
-2.923021e-08,0.00730212
-2.918021e-08,0.00894986
-2.913021e-08,0.0093618
-2.908021e-08,0.00373201
-2.903021e-08,0.00735705
-2.898021e-08,0.0155683
-2.893021e-08,0.0218297
-2.888021e-08,0.0279813
-2.883021e-08,0.0309472
-2.878021e-08,0.0292171
-2.873021e-08,0.0227085
-2.868021e-08,0.0188089
-2.863021e-08,0.0216924
-2.858021e-08,0.0224339
-2.853021e-08,0.0182047
-2.848021e-08,0.0144423
-2.843021e-08,0.0176005
-2.838021e-08,0.0309472
-2.833021e-08,0.0412731
-2.828021e-08,0.039186
-2.823021e-08,0.0382797
-2.818021e-08,0.0417949
-2.813021e-08,0.0388015
-2.808021e-08,0.0313866
-2.803021e-08,0.0277067
-2.798021e-08,0.0270476
-2.793021e-08,0.0243837
-2.788021e-08,0.0188363
-2.783021e-08,0.00991105
-2.778021e-08,0.000409062
-2.773021e-08,0.00191949
-2.768021e-08,0.0134537
-2.763021e-08,0.019413
-2.758021e-08,0.0177104
-2.753021e-08,0.0173808
-2.748021e-08,0.021665
-2.743021e-08,0.025647
-2.738021e-08,0.0196053
-2.733021e-08,0.0089224
-2.728021e-08,0.00268844
-2.723021e-08,-0.00332582
-2.718021e-08,0.00120547
-2.713021e-08,0.016914
-2.708021e-08,0.0225437
-2.703021e-08,0.0203742
-2.698021e-08,0.0246858
-2.693021e-08,0.0309472
-2.688021e-08,0.0288052
-2.683021e-08,0.0199897
-2.678021e-08,0.0124651
-2.673021e-08,0.0115039
-2.668021e-08,0.0113391
-2.663021e-08,0.0104054
-2.658021e-08,0.0161175
-2.653021e-08,0.0204841
-2.648021e-08,0.0230655
-2.643021e-08,0.0303156
-2.638021e-08,0.0292995
-2.633021e-08,0.0236148
-2.628021e-08,0.0254273
-2.623021e-08,0.0229008
-2.618021e-08,0.0160352
-2.613021e-08,0.013948
-2.608021e-08,0.0133164
-2.603021e-08,0.0177928
-2.598021e-08,0.026004
-2.593021e-08,0.0293544
-2.588021e-08,0.0287228
-2.583021e-08,0.0233951
-2.578021e-08,0.0187265
-2.573021e-08,0.023093
-2.568021e-08,0.0199897
-2.563021e-08,0.0038144
-2.558021e-08,-0.00403984
-2.553021e-08,-0.00579744
-2.548021e-08,-0.00574251
-2.543021e-08,0.00793376
-2.538021e-08,0.0238894
-2.533021e-08,0.0237246
-2.528021e-08,0.0154859
-2.523021e-08,0.0156781
-2.518021e-08,0.0192757
-2.513021e-08,0.0180125
-2.508021e-08,0.0204291
-2.503021e-08,0.0301234
-2.498021e-08,0.0388839
-2.493021e-08,0.0477542
-2.488021e-08,0.0598926
-2.483021e-08,0.0659343
-2.478021e-08,0.0638197
-2.473021e-08,0.0587941
-2.468021e-08,0.0478091
-2.463021e-08,0.0326499
-2.458021e-08,0.0251801
-2.453021e-08,0.0225437
-2.448021e-08,0.013948
-2.443021e-08,0.0111194
-2.438021e-08,0.0239993
-2.433021e-08,0.0337209
-2.428021e-08,0.0298762
-2.423021e-08,0.0258667
-2.418021e-08,0.0243837
-2.413021e-08,0.0193032
-2.408021e-08,0.0155683
-2.403021e-08,0.0135361
-2.398021e-08,0.0106251
-2.393021e-08,0.0188363
-2.388021e-08,0.0341329
-2.383021e-08,0.0397627
-2.378021e-08,0.042811
-2.373021e-08,0.044294
-2.368021e-08,0.0364672
-2.363021e-08,0.0283383
-2.358021e-08,0.0250428
-2.353021e-08,0.0253724
-2.348021e-08,0.0261139
-2.343021e-08,0.0215551
-2.338021e-08,0.0172984
-2.333021e-08,0.0180125
-2.328021e-08,0.0212256
-2.323021e-08,0.0257568
-2.318021e-08,0.0277341
-2.313021e-08,0.0319908
-2.308021e-08,0.0421519
-2.303021e-08,0.0443214
-2.298021e-08,0.0420695
-2.293021e-08,0.0483309
-2.288021e-08,0.0506378
-2.283021e-08,0.046079
-2.278021e-08,0.043525
-2.273021e-08,0.0397077
-2.268021e-08,0.0327598
-2.263021e-08,0.0228184
-2.258021e-08,0.0202918
-2.253021e-08,0.0308923
-2.248021e-08,0.0378952
-2.243021e-08,0.039488
-2.238021e-08,0.042042
-2.233021e-08,0.0394331
-2.228021e-08,0.0319908
-2.223021e-08,0.0255921
-2.218021e-08,0.0240542
-2.213021e-08,0.0276792
-2.208021e-08,0.0296016
-2.203021e-08,0.0255097
-2.198021e-08,0.0232028
-2.193021e-08,0.024521
-2.188021e-08,0.0191384
-2.183021e-08,0.012108
-2.178021e-08,0.012877
-2.173021e-08,0.0126573
-2.168021e-08,0.00634094
-2.163021e-08,-0.00255688
-2.158021e-08,-0.0023921
-2.153021e-08,0.0122728
-2.148021e-08,0.0168316
-2.143021e-08,0.0127946
-2.138021e-08,0.0230655
-2.133021e-08,0.0241366
-2.128021e-08,0.00941673
-2.123021e-08,0.00815346
-2.118021e-08,0.00960896
-2.113021e-08,0.00370455
-2.108021e-08,0.00689019
-2.103021e-08,0.016145
-2.098021e-08,0.0244661
-2.093021e-08,0.0276792
-2.088021e-08,0.022736
-2.083021e-08,0.0176554
-2.078021e-08,0.0105976
-2.073021e-08,0.00131532
-2.068021e-08,-0.000607046
-2.063021e-08,0.00268844
-2.058021e-08,0.00266098
-2.053021e-08,-0.000607046
-2.048021e-08,0.00307291
-2.043021e-08,0.0132065
-2.038021e-08,0.0211432
-2.033021e-08,0.0241091
-2.028021e-08,0.0171062
-2.023021e-08,0.00587408
-2.018021e-08,0.0022765
-2.013021e-08,-0.00288642
-2.008021e-08,-0.0167549
-2.003021e-08,-0.0184576
-1.998021e-08,-0.00467148
-1.993021e-08,0.0012604
-1.988021e-08,0.00257859
-1.983021e-08,0.00960896
-1.978021e-08,0.0100484
-1.973021e-08,0.0031553
-1.968021e-08,2.45887e-05
-1.963021e-08,-0.00101898
-1.958021e-08,-0.00425954
-1.953021e-08,-0.0101914
-1.948021e-08,-0.0146129
-1.943021e-08,-0.00876338
-1.938021e-08,0.00244128
-1.933021e-08,0.00782391
-1.928021e-08,0.0105427
-1.923021e-08,0.0127671
-1.918021e-08,0.0152662
-1.913021e-08,0.023093
-1.908021e-08,0.0292446
-1.903021e-08,0.0205939
-1.898021e-08,-0.00310612
-1.893021e-08,-0.0192265
-1.888021e-08,-0.0166451
-1.883021e-08,-0.0145305
-1.878021e-08,-0.0146129
-1.873021e-08,-0.00192524
-1.868021e-08,0.0128495
-1.863021e-08,0.01252
-1.858021e-08,0.00993851
-1.853021e-08,0.0134537
-1.848021e-08,0.0112292
-1.843021e-08,0.0072472
-1.838021e-08,0.010323
-1.833021e-08,0.013948
-1.828021e-08,0.0133438
-1.823021e-08,0.0114764
-1.818021e-08,0.0140029
-1.813021e-08,0.027075
-1.808021e-08,0.0392409
-1.803021e-08,0.0395155
-1.798021e-08,0.0434701
-1.793021e-08,0.0520933
-1.788021e-08,0.0505828
-1.783021e-08,0.0436074
-1.778021e-08,0.0345723
-1.773021e-08,0.0238619
-1.768021e-08,0.0204566
-1.763021e-08,0.0169963
-1.758021e-08,0.00947165
-1.753021e-08,0.0142501
-1.748021e-08,0.0248231
-1.743021e-08,0.026004
-1.738021e-08,0.0269103
-1.733021e-08,0.0299861
-1.728021e-08,0.024219
-1.723021e-08,0.0101307
-1.718021e-08,0.00183711
-1.713021e-08,0.00801614
-1.708021e-08,0.0159802
-1.703021e-08,0.0140029
-1.698021e-08,0.0108173
-1.693021e-08,0.0133988
-1.688021e-08,0.0155134
-1.683021e-08,0.0166668
-1.678021e-08,0.0203468
-1.673021e-08,0.0180674
-1.668021e-08,0.0132615
-1.663021e-08,0.0167217
-1.658021e-08,0.0199348
-1.653021e-08,0.0243837
-1.648021e-08,0.0312219
-1.643021e-08,0.0264434
-1.638021e-08,0.0189187
-1.633021e-08,0.0211706
-1.628021e-08,0.0228184
-1.623021e-08,0.021253
-1.618021e-08,0.0265258
-1.613021e-08,0.0345723
-1.608021e-08,0.0353412
-1.603021e-08,0.0329245
-1.598021e-08,0.0336935
-1.593021e-08,0.0341329
-1.588021e-08,0.0301234
-1.583021e-08,0.0258942
-1.578021e-08,0.0266906
-1.573021e-08,0.0258667
-1.568021e-08,0.019413
-1.563021e-08,0.0193856
-1.558021e-08,0.0277341
-1.553021e-08,0.0301783
-1.548021e-08,0.0224614
-1.543021e-08,0.0178751
-1.538021e-08,0.023807
-1.533021e-08,0.0244661
-1.528021e-08,0.0123552
-1.523021e-08,0.00485797
-1.518021e-08,0.011037
-1.513021e-08,0.0231479
-1.508021e-08,0.0309472
-1.503021e-08,0.0309198
-1.498021e-08,0.0274595
-1.493021e-08,0.0255921
-1.488021e-08,0.0262786
-1.483021e-08,0.0251527
-1.478021e-08,0.0230106
-1.473021e-08,0.0228458
-1.468021e-08,0.01977
-1.463021e-08,0.0184244
-1.458021e-08,0.0272398
-1.453021e-08,0.0283658
-1.448021e-08,0.0136734
-1.443021e-08,0.0118334
-1.438021e-08,0.0225163
-1.433021e-08,0.0179026
-1.428021e-08,0.00779644
-1.423021e-08,0.0104328
-1.418021e-08,0.0150465
-1.413021e-08,0.0149367
-1.408021e-08,0.0176829
-1.403021e-08,0.0204291
-1.398021e-08,0.0207038
-1.393021e-08,0.0238894
-1.388021e-08,0.0226536
-1.383021e-08,0.0150465
-1.378021e-08,0.0182322
-1.373021e-08,0.0312219
-1.368021e-08,0.03438
-1.363021e-08,0.0270476
-1.358021e-08,0.0202918
-1.353021e-08,0.0139206
-1.348021e-08,0.00606631
-1.343021e-08,0.00342992
-1.338021e-08,0.00971881
-1.333021e-08,0.0170513
-1.328021e-08,0.0196602
-1.323021e-08,0.0253998
-1.318021e-08,0.0355609
-1.313021e-08,0.0379501
-1.308021e-08,0.0319908
-1.303021e-08,0.0283658
-1.298021e-08,0.0282285
-1.293021e-08,0.0253449
-1.288021e-08,0.0168316
-1.283021e-08,0.00947165
-1.278021e-08,0.0121904
-1.273021e-08,0.017216
-1.268021e-08,0.0187539
-1.263021e-08,0.0232303
-1.258021e-08,0.0241366
-1.253021e-08,0.0166943
-1.248021e-08,0.0109546
-1.243021e-08,0.011751
-1.238021e-08,0.0178477
-1.233021e-08,0.0212256
-1.228021e-08,0.0119707
-1.223021e-08,0.00208427
-1.218021e-08,0.0124376
-1.213021e-08,0.0288601
-1.208021e-08,0.0272673
-1.203021e-08,0.0254273
-1.198021e-08,0.0400373
-1.193021e-08,0.0538234
-1.188021e-08,0.0482211
-1.183021e-08,0.0282285
-1.178021e-08,0.0182871
-1.173021e-08,0.0205665
-1.168021e-08,0.0184519
-1.163021e-08,0.0162274
-1.158021e-08,0.0197426
-1.153021e-08,0.0223515
-1.148021e-08,0.0244661
-1.143021e-08,0.0264159
-1.138021e-08,0.0236422
-1.133021e-08,0.0178751
-1.128021e-08,0.0175456
-1.123021e-08,0.0218297
-1.118021e-08,0.0200447
-1.113021e-08,0.0178751
-1.108021e-08,0.0210882
-1.103021e-08,0.0213903
-1.098021e-08,0.0229557
-1.093021e-08,0.0277891
-1.088021e-08,0.0330344
-1.083021e-08,0.0401197
-1.078021e-08,0.0414928
-1.073021e-08,0.0366045
-1.068021e-08,0.0322929
-1.063021e-08,0.0275419
-1.058021e-08,0.0238345
-1.053021e-08,0.0207312
-1.048021e-08,0.0140029
-1.043021e-08,0.0110645
-1.038021e-08,0.0126847
-1.033021e-08,0.0115313
-1.028021e-08,0.0131791
-1.023021e-08,0.0171886
-1.018021e-08,0.0157605
-1.013021e-08,0.0164746
-1.008021e-08,0.0232303
-1.003021e-08,0.022379
-9.98021e-09,0.0162549
-9.93021e-09,0.0157056
-9.88021e-09,0.0151289
-9.83021e-09,0.0170238
-9.78021e-09,0.02161
-9.73021e-09,0.0183145
-9.68021e-09,0.0178751
-9.63021e-09,0.0279538
-9.58021e-09,0.0349842
-9.53021e-09,0.0396803
-9.48021e-09,0.0435525
-9.43021e-09,0.0373734
-9.38021e-09,0.0331717
-9.33021e-09,0.0344075
-9.28021e-09,0.0243288
-9.23021e-09,0.012108
-9.18021e-09,0.0127946
-9.13021e-09,0.0191933
-9.08021e-09,0.016502
-9.03021e-09,0.00559945
-8.98021e-09,0.00230397
-8.93021e-09,0.0042538
-8.88021e-09,-0.00107391
-8.83021e-09,-0.00450671
-8.78021e-09,0.0003816
-8.73021e-09,0.0012604
-8.68021e-09,-2.87366e-06
-8.63021e-09,0.00175472
-8.58021e-09,0.00323769
-8.53021e-09,0.0108173
-8.48021e-09,0.0176829
-8.43021e-09,0.0100209
-8.38021e-09,0.00167233
-8.33021e-09,0.00546214
-8.28021e-09,0.00598393
-8.23021e-09,-0.000359885
-8.18021e-09,0.00521498
-8.13021e-09,0.0162549
-8.08021e-09,0.0151564
-8.03021e-09,0.0130692
-7.98021e-09,0.0201271
-7.93021e-09,0.0268828
-7.88021e-09,0.0236972
-7.83021e-09,0.0170238
-7.78021e-09,0.0160626
-7.73021e-09,0.0149367
-7.68021e-09,0.0141128
-7.63021e-09,0.020539
-7.58021e-09,0.0288052
-7.53021e-09,0.0334463
-7.48021e-09,0.0372636
-7.43021e-09,0.0371812
-7.38021e-09,0.0344075
-7.33021e-09,0.0350666
-7.28021e-09,0.0286953
-7.23021e-09,0.0163647
-7.18021e-09,0.0143325
-7.13021e-09,0.0191109
-7.08021e-09,0.0153486
-7.03021e-09,0.00606631
-6.98021e-09,0.00752182
-6.93021e-09,0.0128495
-6.88021e-09,0.0100484
-6.83021e-09,0.00713735
-6.78021e-09,0.00831823
-6.73021e-09,0.0124651
-6.68021e-09,0.0165569
-6.63021e-09,0.0166119
-6.58021e-09,0.0181498
-6.53021e-09,0.020896
-6.48021e-09,0.0211706
-6.43021e-09,0.0210059
-6.38021e-09,0.0205665
-6.33021e-09,0.0273497
-6.28021e-09,0.03622
-6.23021e-09,0.0329245
-6.18021e-09,0.0293544
-6.13021e-09,0.0309747
-6.08021e-09,0.0224064
-6.03021e-09,0.00801614
-5.98021e-09,0.0057093
-5.93021e-09,0.013591
-5.88021e-09,0.0138382
-5.83021e-09,0.0063684
-5.78021e-09,0.00705496
-5.73021e-09,0.011751
-5.68021e-09,0.0114215
-5.63021e-09,0.0138931
-5.58021e-09,0.0183145
-5.53021e-09,0.0165844
-5.48021e-09,0.014717
-5.43021e-09,0.0214178
-5.38021e-09,0.0319633
-5.33021e-09,0.0335012
-5.28021e-09,0.0288601
-5.23021e-09,0.0282285
-5.18021e-09,0.0222417
-5.13021e-09,0.00974627
-5.08021e-09,0.00546214
-5.03021e-09,0.0052699
-4.98021e-09,0.00310038
-4.93021e-09,0.00612124
-4.88021e-09,0.0141677
-4.83021e-09,0.0195503
-4.78021e-09,0.0197975
-4.73021e-09,0.0213354
-4.68021e-09,0.0260589
-4.63021e-09,0.0255097
-4.58021e-09,0.0224888
-4.53021e-09,0.0247957
-4.48021e-09,0.0239169
-4.43021e-09,0.017271
-4.38021e-09,0.0130418
-4.33021e-09,0.0104328
-4.28021e-09,0.00741197
-4.23021e-09,0.0105976
-4.18021e-09,0.0217199
-4.13021e-09,0.0213079
-4.08021e-09,0.0031553
-4.03021e-09,-0.00964217
-3.98021e-09,-0.010521
-3.93021e-09,-0.0128827
-3.88021e-09,-0.0178534
-3.83021e-09,-0.0115645
-3.78021e-09,0.00502274
-3.73021e-09,0.0197151
-3.68021e-09,0.0294917
-3.63021e-09,0.0264159
-3.58021e-09,0.0159528
-3.53021e-09,0.0127122
-3.48021e-09,0.0130418
-3.43021e-09,0.0132615
-3.38021e-09,0.0138382
-3.33021e-09,0.0188363
-3.28021e-09,0.0278989
-3.23021e-09,0.0293819
-3.18021e-09,0.0252076
-3.13021e-09,0.0226261
-3.08021e-09,0.015788
-3.03021e-09,0.00905971
-2.98021e-09,0.012163
-2.93021e-09,0.0174632
-2.88021e-09,0.0215002
-2.83021e-09,0.0236972
-2.78021e-09,0.0185342
-2.73021e-09,0.0148817
-2.68021e-09,0.017628
-2.63021e-09,0.0186166
-2.58021e-09,0.0170787
-2.53021e-09,0.0140853
-2.48021e-09,0.00947165
-2.43021e-09,0.00735705
-2.38021e-09,0.0038144
-2.33021e-09,-0.0053855
-2.28021e-09,-0.0127729
-2.23021e-09,-0.011949
-2.18021e-09,0.000244288
-2.13021e-09,0.0145522
-2.08021e-09,0.0168041
-2.03021e-09,0.0156781
-1.98021e-09,0.0202918
-1.93021e-09,0.0208685
-1.88021e-09,0.0154585
-1.83021e-09,0.0100758
-1.78021e-09,0.00167233
-1.73021e-09,-0.00420462
-1.68021e-09,0.000738611
-1.63021e-09,0.00477558
-1.58021e-09,-0.00601714
-1.53021e-09,-0.019968
-1.48021e-09,-0.0178534
-1.43021e-09,-0.015629
-1.38021e-09,-0.0300742
-1.33021e-09,-0.0375714
-1.28021e-09,-0.0242247
-1.23021e-09,-0.00640161
-1.18021e-09,0.00579169
-1.13021e-09,0.0123827
-1.08021e-09,0.0181772
-1.03021e-09,0.0244936
-9.802102e-10,0.0216375
-9.302102e-10,0.0170787
-8.802102e-10,0.0248231
-8.302102e-10,0.0319908
-7.802102e-10,0.0296565
-7.302102e-10,0.0284207
-6.802102e-10,0.0274595
-6.302102e-10,0.0218572
-5.802102e-10,0.0199074
-5.302102e-10,0.0195503
-4.802102e-10,0.0138382
-4.302102e-10,0.0112567
-3.802102e-10,0.0123827
-3.302102e-10,0.0115863
-2.802102e-10,0.0102681
-2.302102e-10,0.0146071
-1.802102e-10,0.0307275
-1.302102e-10,0.0535213
-8.021016e-11,0.0857347
-3.021016e-11,0.129702
1.978984e-11,0.179656
6.978984e-11,0.246225
1.197898e-10,0.320456
1.697898e-10,0.377166
2.197898e-10,0.405919
2.697898e-10,0.400783
3.197898e-10,0.378566
3.697898e-10,0.351845
4.197898e-10,0.303017
4.697898e-10,0.234004
5.197898e-10,0.176855
5.697898e-10,0.139588
6.197898e-10,0.104601
6.697898e-10,0.086998
7.197898e-10,0.0963077
7.697898e-10,0.101745
8.197898e-10,0.0924355
8.697898e-10,0.0737062
9.197898e-10,0.0492372
9.697898e-10,0.0334463
1.01979e-09,0.0283658
1.06979e-09,0.0271849
1.11979e-09,0.0364672
1.16979e-09,0.0486879
1.21979e-09,0.0506378
1.26979e-09,0.0575308
1.31979e-09,0.0672525
1.36979e-09,0.0611559
1.41979e-09,0.0506927
1.46979e-09,0.0477542
1.51979e-09,0.0475071
1.56979e-09,0.0448981
1.61979e-09,0.0365496
1.66979e-09,0.029272
1.71979e-09,0.0336935
1.76979e-09,0.0396254
1.81979e-09,0.032238
1.86979e-09,0.0229008
1.91979e-09,0.0272947
1.96979e-09,0.0405316
2.01979e-09,0.047205
2.06979e-09,0.0374558
2.11979e-09,0.0262786
2.16979e-09,0.0263061
2.21979e-09,0.022379
2.26979e-09,0.0140579
2.31979e-09,0.00930688
2.36979e-09,0.00971881
2.41979e-09,0.0189462
2.46979e-09,0.024219
2.51979e-09,0.024219
2.56979e-09,0.0307275
2.61979e-09,0.0327872
2.66979e-09,0.0215826
2.71979e-09,0.0175456
2.76979e-09,0.0287228
2.81979e-09,0.0281186
2.86979e-09,0.0119433
2.91979e-09,0.00785137
2.96979e-09,0.0201271
3.01979e-09,0.0292446
3.06979e-09,0.0280637
3.11979e-09,0.0279813
3.16979e-09,0.0285305
3.21979e-09,0.0269103
3.26979e-09,0.0305902
3.31979e-09,0.0305353
3.36979e-09,0.0273222
3.41979e-09,0.0302332
3.46979e-09,0.0377854
3.51979e-09,0.054455
3.56979e-09,0.0624741
3.61979e-09,0.0488527
3.66979e-09,0.0352039
3.71979e-09,0.0264983
3.76979e-09,0.0165295
3.81979e-09,0.0100484
3.86979e-09,0.00911464
3.91979e-09,0.0102131
3.96979e-09,0.0129044
4.01979e-09,0.0192208
4.06979e-09,0.0237796
4.11979e-09,0.0241366
4.16979e-09,0.0230655
4.21979e-09,0.019468
4.26979e-09,0.00771406
4.31979e-09,-0.0079395
4.36979e-09,-0.0128278
4.41979e-09,-0.0115096
4.46979e-09,-0.00950486
4.51979e-09,-0.00653892
4.56979e-09,-0.00585236
4.61979e-09,0.00310038
4.66979e-09,0.012163
4.71979e-09,0.00518752
4.76979e-09,0.00101323
4.81979e-09,0.00441857
4.86979e-09,-0.00236464
4.91979e-09,-0.0102738
4.96979e-09,-0.00675862
5.01979e-09,-0.00335328
5.06979e-09,-0.00637415
5.11979e-09,-0.0096971
5.16979e-09,-0.0125532
5.21979e-09,-0.00835144
5.26979e-09,0.00768659
5.31979e-09,0.0208411
5.36979e-09,0.0250977
5.41979e-09,0.0282559
5.46979e-09,0.0280911
5.51979e-09,0.0236972
5.56979e-09,0.0236697
5.61979e-09,0.0214727
5.66979e-09,0.00916956
5.71979e-09,-0.00088167
5.76979e-09,-0.00923024
5.81979e-09,-0.0137615
5.86979e-09,-0.000579584
5.91979e-09,0.00590154
5.96979e-09,-0.00508342
6.01979e-09,-0.0049461
6.06979e-09,0.00260605
6.11979e-09,0.00776898
6.16979e-09,0.0241915
6.21979e-09,0.0405865
6.26979e-09,0.03806
6.31979e-09,0.0306726
6.36979e-09,0.034023
6.41979e-09,0.0385818
6.46979e-09,0.0337209
6.51979e-09,0.0258667
6.56979e-09,0.0185342
6.61979e-09,0.00551707
6.66979e-09,-0.00458909
6.71979e-09,-0.00170554
6.76979e-09,0.00189203
6.81979e-09,-0.000442272
6.86979e-09,-0.00107391
6.91979e-09,-0.00401238
6.96979e-09,-0.00758249
7.01979e-09,-0.00414969
7.06979e-09,-0.00566013
7.11979e-09,-0.0140087
7.16979e-09,-0.0157114
7.21979e-09,-0.00703324
7.26979e-09,0.00694511
7.31979e-09,0.0137009
7.36979e-09,0.0116961
7.41979e-09,0.0136734
7.46979e-09,0.0153211
7.51979e-09,0.0122454
7.56979e-09,0.0117236
7.61979e-09,0.00689019
7.66979e-09,0.00208427
7.71979e-09,0.00716481
7.76979e-09,0.0133164
7.81979e-09,0.0187265
7.86979e-09,0.0208685
7.91979e-09,0.0142501
7.96979e-09,0.00647825
8.01979e-09,0.00738451
8.06979e-09,0.0155408
8.11979e-09,0.0202369
8.16979e-09,0.0188363
8.21979e-09,0.0190286
8.26979e-09,0.0214178
8.31979e-09,0.0184244
8.36979e-09,0.01068
8.41979e-09,0.000436525
8.46979e-09,-0.00939501
8.51979e-09,-0.00747264
8.56979e-09,0.00117801
8.61979e-09,0.00540722
8.66979e-09,0.0103504
8.71979e-09,0.0192757
8.76979e-09,0.0246034
8.81979e-09,0.0226536
8.86979e-09,0.0243288
8.91979e-09,0.0330618
8.96979e-09,0.0350941
9.01979e-09,0.0277891
9.06979e-09,0.0233676
9.11979e-09,0.0230655
9.16979e-09,0.0236148
9.21979e-09,0.0291896
9.26979e-09,0.0353961
9.31979e-09,0.0398176
9.36979e-09,0.0433328
9.41979e-09,0.0384445
9.46979e-09,0.026718
9.51979e-09,0.0199623
9.56979e-09,0.0154859
9.61979e-09,0.0052699
9.66979e-09,-0.0030512
9.71979e-09,-0.00431447
9.76979e-09,0.000573836
9.81979e-09,0.00669795
9.86979e-09,0.00581915
9.91979e-09,0.00128786
9.96979e-09,-0.00412223
1.001979e-08,-0.0109878
1.006979e-08,-0.0110428
1.011979e-08,-0.00714309
1.016979e-08,-0.00961471
1.021979e-08,-0.0109329
1.026979e-08,-0.00373776
1.031979e-08,0.00834569
1.036979e-08,0.0200447
1.041979e-08,0.0229282
1.046979e-08,0.0198799
1.051979e-08,0.0203468
1.056979e-08,0.0192757
1.061979e-08,0.0184793
1.066979e-08,0.0249879
1.071979e-08,0.0337484
1.076979e-08,0.0389937
1.081979e-08,0.0339956
1.086979e-08,0.0257843
1.091979e-08,0.0270201
1.096979e-08,0.0296016
1.101979e-08,0.0342702
1.106979e-08,0.0458044
1.111979e-08,0.0495118
1.116979e-08,0.0454474
1.121979e-08,0.0430856
1.126979e-08,0.0436349
1.131979e-08,0.0452551
1.136979e-08,0.0414653
1.141979e-08,0.034792
1.146979e-08,0.0316063
1.151979e-08,0.0322105
1.156979e-08,0.0328147
1.161979e-08,0.0288876
1.166979e-08,0.0263336
1.171979e-08,0.0275968
1.176979e-08,0.0226536
1.181979e-08,0.0145522
1.186979e-08,0.0145247
1.191979e-08,0.016145
1.196979e-08,0.0136185
1.201979e-08,0.0159528
1.206979e-08,0.026004
1.211979e-08,0.0375657
1.216979e-08,0.0418498
1.221979e-08,0.0368517
1.226979e-08,0.0320732
1.231979e-08,0.026004
1.236979e-08,0.0159253
1.241979e-08,0.0123552
1.246979e-08,0.0114215
1.251979e-08,0.0109272
1.256979e-08,0.016859
1.261979e-08,0.018699
1.266979e-08,0.0165569
1.271979e-08,0.0197426
1.276979e-08,0.0238894
1.281979e-08,0.0250428
1.286979e-08,0.0242464
1.291979e-08,0.0256195
1.296979e-08,0.0274321
1.301979e-08,0.0276792
1.306979e-08,0.0310022
1.311979e-08,0.0308099
1.316979e-08,0.0247407
1.321979e-08,0.0199623
1.326979e-08,0.0168041
1.331979e-08,0.016859
1.336979e-08,0.0191384
1.341979e-08,0.0211981
1.346979e-08,0.0233127
1.351979e-08,0.0218023
1.356979e-08,0.0136734
1.361979e-08,0.00477558
1.366979e-08,0.00689019
1.371979e-08,0.0168316
1.376979e-08,0.0219121
1.381979e-08,0.0232578
1.386979e-08,0.0272947
1.391979e-08,0.0328971
1.396979e-08,0.0323204
1.401979e-08,0.0289699
1.406979e-08,0.0333914
1.411979e-08,0.0325401
1.416979e-08,0.0191659
1.421979e-08,0.014662
1.426979e-08,0.0215276
1.431979e-08,0.0210608
1.436979e-08,0.0148268
1.441979e-08,0.0138107
1.446979e-08,0.016859
1.451979e-08,0.0180125
1.456979e-08,0.0157605
1.461979e-08,0.012877
1.466979e-08,0.0107349
1.471979e-08,0.00911464
1.476979e-08,0.0102955
1.481979e-08,0.017271
1.486979e-08,0.0211706
1.491979e-08,0.0171611
1.496979e-08,0.0173259
1.501979e-08,0.0218023
1.506979e-08,0.0242739
1.511979e-08,0.0313866
1.516979e-08,0.03806
1.521979e-08,0.0338857
1.526979e-08,0.0296565
1.531979e-08,0.0289425
1.536979e-08,0.0242739
1.541979e-08,0.0151564
1.546979e-08,0.00120547
1.551979e-08,-0.010466
1.556979e-08,-0.0121412
1.561979e-08,-0.00714309
1.566979e-08,7.95135e-05
1.571979e-08,0.00807107
1.576979e-08,0.0163922
1.581979e-08,0.0252351
1.586979e-08,0.0329795
1.591979e-08,0.0334189
1.596979e-08,0.0311395
1.601979e-08,0.0330893
1.606979e-08,0.0303705
1.611979e-08,0.0247407
1.616979e-08,0.0219121
1.621979e-08,0.0202094
1.626979e-08,0.0235049
1.631979e-08,0.022379
1.636979e-08,0.0134537
1.641979e-08,0.0137283
1.646979e-08,0.0186441
1.651979e-08,0.017985
1.656979e-08,0.02161
1.661979e-08,0.0264983
1.666979e-08,0.021967
1.671979e-08,0.0170513
1.676979e-08,0.0212805
1.681979e-08,0.0254273
1.686979e-08,0.0219396
1.691979e-08,0.019056
1.696979e-08,0.0196327
1.701979e-08,0.0206214
1.706979e-08,0.0273497
1.711979e-08,0.0335012
1.716979e-08,0.0281186
1.721979e-08,0.0244936
1.726979e-08,0.0304255
1.731979e-08,0.0343526
1.736979e-08,0.0349293
1.741979e-08,0.0321007
1.746979e-08,0.0241366
1.751979e-08,0.0239993
1.756979e-08,0.0299311
1.761979e-08,0.0301234
1.766979e-08,0.0321007
1.771979e-08,0.031826
1.776979e-08,0.0222142
1.781979e-08,0.0190835
1.786979e-08,0.0230655
1.791979e-08,0.0191659
1.796979e-08,0.0123277
1.801979e-08,0.0108173
1.806979e-08,0.00941673
1.811979e-08,0.0121904
1.816979e-08,0.0236422
1.821979e-08,0.0290523
1.826979e-08,0.0244387
1.831979e-08,0.0207312
1.836979e-08,0.0199897
1.841979e-08,0.019825
1.846979e-08,0.0127671
1.851979e-08,-0.00030496
1.856979e-08,-0.00480879
1.861979e-08,-0.00412223
1.866979e-08,-0.00719802
1.871979e-08,-0.00983441
1.876979e-08,-0.0114547
1.881979e-08,-0.0116744
1.886979e-08,-0.0112075
1.891979e-08,-0.00873591
1.896979e-08,0.000903385
1.901979e-08,0.00823584
1.906979e-08,0.00776898
1.911979e-08,0.0138656
1.916979e-08,0.0222691
1.921979e-08,0.0188638
1.926979e-08,0.0204291
1.931979e-08,0.0280088
1.936979e-08,0.0219945
1.941979e-08,0.0162549
1.946979e-08,0.0225712
1.951979e-08,0.020539
1.956979e-08,0.00469319
1.961979e-08,-0.00403984
1.966979e-08,-0.00631922
1.971979e-08,-0.0176887
1.976979e-08,-0.0270533
1.981979e-08,-0.0235931
1.986979e-08,-0.0153818
1.991979e-08,-0.00609952
1.996979e-08,0.00277083
2.001979e-08,0.0112842
2.006979e-08,0.0174083
2.011979e-08,0.00889494
2.016979e-08,-0.00467148
2.021979e-08,-0.00417716
2.026979e-08,0.000985772
2.031979e-08,0.00661556
2.036979e-08,0.0142776
2.041979e-08,0.0167492
2.046979e-08,0.0268279
2.051979e-08,0.0445686
2.056979e-08,0.0487154
2.061979e-08,0.0436898
2.066979e-08,0.039186
2.071979e-08,0.0278165
2.076979e-08,0.0110919
2.081979e-08,-0.00115629
2.086979e-08,-0.0100816
2.091979e-08,-0.0146129
2.096979e-08,-0.0150523
2.101979e-08,-0.0190343
2.106979e-08,-0.0194462
2.111979e-08,-0.0102738
2.116979e-08,0.000436525
2.121979e-08,0.00455588
2.126979e-08,0.00645079
2.131979e-08,0.0126298
2.136979e-08,0.0136734
2.141979e-08,0.0105976
2.146979e-08,0.0152937
2.151979e-08,0.0198524
2.156979e-08,0.0154585
2.161979e-08,0.0111743
2.166979e-08,0.0135086
2.171979e-08,0.0163098
2.176979e-08,0.0165569
2.181979e-08,0.0175456
2.186979e-08,0.0175731
2.191979e-08,0.0202369
2.196979e-08,0.0300959
2.201979e-08,0.036989
2.206979e-08,0.0342427
2.211979e-08,0.0248506
2.216979e-08,0.0182322
2.221979e-08,0.0208411
2.226979e-08,0.0233402
2.231979e-08,0.0218846
2.236979e-08,0.0215002
2.241979e-08,0.0239718
2.246979e-08,0.0246858
2.251979e-08,0.0133438
2.256979e-08,-0.00156823
2.261979e-08,-0.00640161
2.266979e-08,-0.011949
2.271979e-08,-0.0198033
2.276979e-08,-0.01486
2.281979e-08,0.000189363
2.286979e-08,0.0107898
2.291979e-08,0.0123827
2.296979e-08,0.0148268
2.301979e-08,0.0221043
2.306979e-08,0.0212256
2.311979e-08,0.0091421
2.316979e-08,-0.0037103
2.321979e-08,-0.0121687
2.326979e-08,-0.0163979
2.331979e-08,-0.0157937
2.336979e-08,-0.00824159
2.341979e-08,-0.00409477
2.346979e-08,-0.0113174
2.351979e-08,-0.0121138
2.356979e-08,0.00603885
2.361979e-08,0.0247957
2.366979e-08,0.0268553
2.371979e-08,0.026361
2.376979e-08,0.0334189
2.381979e-08,0.0365496
2.386979e-08,0.0360278
2.391979e-08,0.0298487
2.396979e-08,0.013948
2.401979e-08,0.00516006
2.406979e-08,0.0114764
2.411979e-08,0.0225437
2.416979e-08,0.0253449
2.421979e-08,0.0199897
2.426979e-08,0.0191933
2.431979e-08,0.0161999
2.436979e-08,0.00466573
2.441979e-08,0.00480304
2.446979e-08,0.0158155
2.451979e-08,0.0156781
2.456979e-08,0.0144423
2.461979e-08,0.0288876
2.466979e-08,0.0458868
2.471979e-08,0.0517912
2.476979e-08,0.0498963
2.481979e-08,0.0436898
2.486979e-08,0.0342976
2.491979e-08,0.0254548
2.496979e-08,0.0199348
2.501979e-08,0.017628
2.506979e-08,0.0131516
2.511979e-08,0.00513259
2.516979e-08,0.000354137
2.521979e-08,-0.00121122
2.526979e-08,-0.00483625
2.531979e-08,-0.00368283
2.536979e-08,0.00864778
2.541979e-08,0.020539
2.546979e-08,0.024164
2.551979e-08,0.0258667
2.556979e-08,0.0301508
2.561979e-08,0.0285305
2.566979e-08,0.0146071
2.571979e-08,0.00455588
2.576979e-08,0.00840062
2.581979e-08,0.0116412
2.586979e-08,0.0123003
2.591979e-08,0.0253998
2.596979e-08,0.0440193
2.601979e-08,0.0479465
2.606979e-08,0.0422343
2.611979e-08,0.0383621
2.616979e-08,0.0271025
2.621979e-08,0.0115588
2.626979e-08,0.0107624
2.631979e-08,0.0171886
2.636979e-08,0.0150191
2.641979e-08,0.00884002
2.646979e-08,0.00386932
2.651979e-08,0.00738451
2.656979e-08,0.0147994
2.661979e-08,0.011806
2.666979e-08,0.0204566
2.671979e-08,0.0430307
2.676979e-08,0.0430307
2.681979e-08,0.0319359
2.686979e-08,0.0355884
2.691979e-08,0.0383621
2.696979e-08,0.0303431
2.701979e-08,0.0253449
2.706979e-08,0.0248506
2.711979e-08,0.0198799
2.716979e-08,0.0120531
2.721979e-08,0.00741197
2.726979e-08,0.011394
2.731979e-08,0.0177653
2.736979e-08,0.0180674
2.741979e-08,0.0209509
2.746979e-08,0.0268553
2.751979e-08,0.0244936
2.756979e-08,0.0160901
2.761979e-08,0.0116412
2.766979e-08,0.0183145
2.771979e-08,0.0273771
2.776979e-08,0.024933
2.781979e-08,0.026361
2.786979e-08,0.0349018
2.791979e-08,0.0299586
2.796979e-08,0.0223515
2.801979e-08,0.0221867
2.806979e-08,0.0169414
2.811979e-08,0.00793376
2.816979e-08,0.00507767
2.821979e-08,0.00955404
2.826979e-08,0.0119982
2.831979e-08,0.0106251
2.836979e-08,0.0106251
2.841979e-08,0.00903225
2.846979e-08,0.0130143
2.851979e-08,0.025647
2.856979e-08,0.0316613
2.861979e-08,0.0291896
2.866979e-08,0.0298762
2.871979e-08,0.0324302
2.876979e-08,0.0320732
2.881979e-08,0.0336935
2.886979e-08,0.0314416
2.891979e-08,0.0185617
2.896979e-08,0.00829077
2.901979e-08,0.00845554
2.906979e-08,0.0122454
2.911979e-08,0.0124651
2.916979e-08,0.00856539
2.921979e-08,0.0136734
2.926979e-08,0.030755
2.931979e-08,0.0404767
2.936979e-08,0.0398725
2.941979e-08,0.037703
2.946979e-08,0.0322105
2.951979e-08,0.026004
2.956979e-08,0.0255921
2.961979e-08,0.0281461
2.966979e-08,0.0236148
2.971979e-08,0.0151014
2.976979e-08,0.0146895
2.981979e-08,0.0169963
2.986979e-08,0.014662
2.991979e-08,0.0115039
2.996979e-08,0.0105427
3.001979e-08,0.0118609
3.006979e-08,0.00996597
3.011979e-08,0.00628601
3.016979e-08,0.00721973
3.021979e-08,0.0118334
3.026979e-08,0.0203468
3.031979e-08,0.0305628
3.036979e-08,0.0342976
3.041979e-08,0.0306726
3.046979e-08,0.0284207
3.051979e-08,0.0299037
3.056979e-08,0.0273222
3.061979e-08,0.0125749
3.066979e-08,-0.00609952
3.071979e-08,-0.0135418
3.076979e-08,-0.015217
3.081979e-08,-0.0110702
3.086979e-08,0.00153502
3.091979e-08,0.00881255
3.096979e-08,0.0135635
3.101979e-08,0.0210059
3.106979e-08,0.0173259
3.111979e-08,0.00815346
3.116979e-08,0.0122179
3.121979e-08,0.0144149
3.126979e-08,0.00274337
3.131979e-08,-0.00338075
3.136979e-08,-0.00167808
3.141979e-08,-0.00579744
3.146979e-08,-0.0149699
3.151979e-08,-0.013075
3.156979e-08,0.00304545
3.161979e-08,0.00982866
3.166979e-08,0.00540722
3.171979e-08,0.0149641
3.176979e-08,0.0309747
3.181979e-08,0.0307825
3.186979e-08,0.0285305
3.191979e-08,0.0322105
3.196979e-08,0.0274046
3.201979e-08,0.0239993
3.206979e-08,0.0310022
3.211979e-08,0.0354785
3.216979e-08,0.0342153
3.221979e-08,0.031826
3.226979e-08,0.0282285
3.231979e-08,0.0225987
3.236979e-08,0.0182596
3.241979e-08,0.0180399
3.246979e-08,0.0189187
3.251979e-08,0.0163922
3.256979e-08,0.0095815
3.261979e-08,0.00708242
3.266979e-08,0.0160901
3.271979e-08,0.0232852
3.276979e-08,0.0157605
3.281979e-08,0.00905971
3.286979e-08,0.0141128
3.291979e-08,0.0126298
3.296979e-08,0.00235889
3.301979e-08,-8.52608e-05
3.306979e-08,-0.00162315
3.311979e-08,-0.00695086
3.316979e-08,0.000546374
3.321979e-08,0.0165295
3.326979e-08,0.0230655
3.331979e-08,0.0232028
3.336979e-08,0.0236697
3.341979e-08,0.0234775
3.346979e-08,0.0239993
3.351979e-08,0.0180125
3.356979e-08,0.00211173
3.361979e-08,-0.00439686
3.366979e-08,0.00120547
3.371979e-08,0.00639586
3.376979e-08,0.0151838
3.381979e-08,0.0216924
3.386979e-08,0.0223515
3.391979e-08,0.0293819
3.396979e-08,0.0339681
3.401979e-08,0.0292446
3.406979e-08,0.0254822
3.411979e-08,0.0174357
3.416979e-08,0.00905971
3.421979e-08,0.0101857
3.426979e-08,0.00631348
3.431979e-08,-0.000607046
3.436979e-08,0.00268844
3.441979e-08,0.00669795
3.446979e-08,0.00428126
3.451979e-08,0.000793536
3.456979e-08,-0.000716896
3.461979e-08,0.000463987
3.466979e-08,0.00499528
3.471979e-08,0.00996597
3.476979e-08,0.0106525
3.481979e-08,0.00881255
3.486979e-08,0.0120531
3.491979e-08,0.0184244
3.496979e-08,0.0229831
3.501979e-08,0.0281186
3.506979e-08,0.0274046
3.511979e-08,0.0222691
3.516979e-08,0.0197151
3.521979e-08,0.0124376
3.526979e-08,0.00480304
3.531979e-08,0.00397917
3.536979e-08,0.00763167
3.541979e-08,0.0130967
3.546979e-08,0.0138382
3.551979e-08,0.0106251
3.556979e-08,0.00922449
3.561979e-08,0.0152937
3.566979e-08,0.0290798
3.571979e-08,0.0372087
3.576979e-08,0.0336111
3.581979e-08,0.0272673
3.586979e-08,0.0225437
3.591979e-08,0.0161725
3.596979e-08,0.0105701
3.601979e-08,0.0128221
3.606979e-08,0.0140029
3.611979e-08,0.00389679
3.616979e-08,-0.000964057
3.621979e-08,0.00186457
3.626979e-08,-0.00393
3.631979e-08,-0.0092577
3.636979e-08,-0.00884576
3.641979e-08,-0.0110428
3.646979e-08,-0.00458909
3.651979e-08,0.0131516
3.656979e-08,0.022379
3.661979e-08,0.0230381
3.666979e-08,0.0250977
3.671979e-08,0.0252625
3.676979e-08,0.0221318
3.681979e-08,0.0111194
3.686979e-08,-0.00167808
3.691979e-08,0.00194696
3.696979e-08,0.0152662
3.701979e-08,0.0210882
3.706979e-08,0.0217473
3.711979e-08,0.0268553
3.716979e-08,0.0339681
3.721979e-08,0.0367418
3.726979e-08,0.034792
3.731979e-08,0.0326224
3.736979e-08,0.0306177
3.741979e-08,0.0204841
3.746979e-08,0.0143325
3.751979e-08,0.0239443
3.756979e-08,0.0316613
3.761979e-08,0.0373734
3.766979e-08,0.0468754
3.771979e-08,0.0416026
3.776979e-08,0.0309198
3.781979e-08,0.0346821
3.786979e-08,0.0324302
3.791979e-08,0.0169689
3.796979e-08,0.0100758
3.801979e-08,0.0151564
3.806979e-08,0.0199348
3.811979e-08,0.017216
3.816979e-08,0.0130143
3.821979e-08,0.0178202
3.826979e-08,0.0230381
3.831979e-08,0.0189462
3.836979e-08,0.0101033
3.841979e-08,-0.00107391
3.846979e-08,-0.00307866
3.851979e-08,0.0072472
3.856979e-08,0.0116686
3.861979e-08,0.00903225
3.866979e-08,0.0112567
3.871979e-08,0.019413
3.876979e-08,0.0255097
3.881979e-08,0.0225163
3.886979e-08,0.0184793
3.891979e-08,0.0225163
3.896979e-08,0.0244936
3.901979e-08,0.0203468
3.906979e-08,0.0218572
3.911979e-08,0.0272124
3.916979e-08,0.0239169
3.921979e-08,0.0148817
3.926979e-08,0.0126298
3.931979e-08,0.0179575
3.936979e-08,0.0229282
3.941979e-08,0.0238619
3.946979e-08,0.0239169
3.951979e-08,0.0264159
3.956979e-08,0.031112
3.961979e-08,0.0348194
3.966979e-08,0.030041
3.971979e-08,0.0214453
3.976979e-08,0.0272124
3.981979e-08,0.0412731
3.986979e-08,0.0467656
3.991979e-08,0.0496491
3.996979e-08,0.0514891
4.001979e-08,0.0436898
4.006979e-08,0.0342153
4.011979e-08,0.0353412
4.016979e-08,0.0313317
4.021979e-08,0.0118334
4.026979e-08,0.00439111
4.031979e-08,0.0121355
4.036979e-08,0.0115588
4.041979e-08,0.00804361
4.046979e-08,0.00884002
4.051979e-08,0.00458335
4.056979e-08,0.00260605
4.061979e-08,0.0122179
4.066979e-08,0.0169414
4.071979e-08,0.0162549
4.076979e-08,0.0273222
4.081979e-08,0.0384719
4.086979e-08,0.0400098
4.091979e-08,0.032183
4.096979e-08,0.0145797
4.101979e-08,0.00433618
4.106979e-08,-0.00145838
4.111979e-08,-0.0131574
4.116979e-08,-0.0143108
4.121979e-08,-0.00486372
4.126979e-08,-3.03361e-05
4.131979e-08,-0.000250035
4.136979e-08,0.00235889
4.141979e-08,0.0137832
4.146979e-08,0.0221043
4.151979e-08,0.0133438
4.156979e-08,-0.000414809
4.161979e-08,-0.00318851
4.166979e-08,0.00581915
4.171979e-08,0.0155408
4.176979e-08,0.0164196
4.181979e-08,0.0191933
4.186979e-08,0.0218572
4.191979e-08,0.0082633
4.196979e-08,-0.00464402
4.201979e-08,-0.00511088
4.206979e-08,-0.0132123
4.211979e-08,-0.0256253
4.216979e-08,-0.0216432
4.221979e-08,-0.00826905
4.226979e-08,0.00543468
4.231979e-08,0.020182
4.236979e-08,0.0244387
4.241979e-08,0.0221318
4.246979e-08,0.0272673
4.251979e-08,0.0291347
4.256979e-08,0.024933
4.261979e-08,0.0302881
4.266979e-08,0.0342153
4.271979e-08,0.0167492
4.276979e-08,-0.00357298
4.281979e-08,-0.00115629
4.286979e-08,0.0113116
4.291979e-08,0.0143325
4.296979e-08,0.0177378
4.301979e-08,0.027487
4.306979e-08,0.0362475
4.311979e-08,0.042042
4.316979e-08,0.0404218
4.321979e-08,0.0349018
4.326979e-08,0.0253998
4.331979e-08,0.0113116
4.336979e-08,0.00584661
4.341979e-08,0.000436525
4.346979e-08,-0.0102463
4.351979e-08,-0.00717056
4.356979e-08,0.0038144
4.361979e-08,0.00463827
4.366979e-08,0.00161741
4.371979e-08,0.00499528
4.376979e-08,0.0110919
4.381979e-08,0.0141952
4.386979e-08,0.0177928
4.391979e-08,0.0255371
4.396979e-08,0.0341329
4.401979e-08,0.0392134
4.406979e-08,0.0356158
4.411979e-08,0.0286953
4.416979e-08,0.0250977
4.421979e-08,0.0239993
4.426979e-08,0.0298487
4.431979e-08,0.0374009
4.436979e-08,0.0384994
4.441979e-08,0.0335836
4.446979e-08,0.029272
4.451979e-08,0.0313042
4.456979e-08,0.0281461
4.461979e-08,0.0203468
4.466979e-08,0.0230381
4.471979e-08,0.0294368
4.476979e-08,0.0313866
4.481979e-08,0.0331717
4.486979e-08,0.028201
4.491979e-08,0.0181498
4.496979e-08,0.0194405
4.501979e-08,0.0232852
4.506979e-08,0.0154859
4.511979e-08,0.00922449
4.516979e-08,0.00908718
4.521979e-08,0.00886748
4.526979e-08,0.0146895
4.531979e-08,0.02161
4.536979e-08,0.0241915
4.541979e-08,0.0272398
4.546979e-08,0.0247682
4.551979e-08,0.021665
4.556979e-08,0.0250154
4.561979e-08,0.0247133
4.566979e-08,0.0268828
4.571979e-08,0.0354236
4.576979e-08,0.0370164
4.581979e-08,0.0328421
4.586979e-08,0.0272124
4.591979e-08,0.0231754
4.596979e-08,0.0227085
4.601979e-08,0.0177378
4.606979e-08,0.0163098
4.611979e-08,0.0285855
4.616979e-08,0.036632
4.621979e-08,0.033666
4.626979e-08,0.0352314
4.631979e-08,0.0417949
4.636979e-08,0.0443763
4.641979e-08,0.0403394
4.646979e-08,0.0376206
4.651979e-08,0.0416026
4.656979e-08,0.0364672
4.661979e-08,0.0218297
4.666979e-08,0.0161175
4.671979e-08,0.0155683
4.676979e-08,0.0146895
4.681979e-08,0.0188363
4.686979e-08,0.019413
4.691979e-08,0.0124925
4.696979e-08,0.00941673
4.701979e-08,0.00919703
4.706979e-08,0.00441857
4.711979e-08,-0.00118376
4.716979e-08,-0.00088167
4.721979e-08,0.00859285
4.726979e-08,0.0165844
4.731979e-08,0.0108997
4.736979e-08,0.00257859
4.741979e-08,-0.00255688
4.746979e-08,-0.00662131
4.751979e-08,-0.00255688
4.756979e-08,0.00367709
4.761979e-08,0.00719227
4.766979e-08,0.0107624
4.771979e-08,0.00683526
4.776979e-08,-0.0019527
4.781979e-08,-0.00324344
4.786979e-08,2.45887e-05
4.791979e-08,-0.00187032
4.796979e-08,-0.00384761
4.801979e-08,0.00274337
4.806979e-08,0.0125749
4.811979e-08,0.0189736
4.816979e-08,0.0216924
4.821979e-08,0.0272124
4.826979e-08,0.0336386
4.831979e-08,0.0359179
4.836979e-08,0.0427011
4.841979e-08,0.046436
4.846979e-08,0.0384994
4.851979e-08,0.030041
4.856979e-08,0.0255646
4.861979e-08,0.0190286
4.866979e-08,0.0126847
4.871979e-08,0.0132065
4.876979e-08,0.0134812
4.881979e-08,0.0183695
4.886979e-08,0.0336386
4.891979e-08,0.0399549
4.896979e-08,0.0336386
4.901979e-08,0.026004
4.906979e-08,0.025647
4.911979e-08,0.0311944
4.916979e-08,0.026773
4.921979e-08,0.0183969
4.926979e-08,0.0171886
4.931979e-08,0.0128221
4.936979e-08,0.00985612
4.941979e-08,0.0121904
4.946979e-08,0.0112567
4.951979e-08,0.0178202
4.956979e-08,0.0297114
4.961979e-08,0.0302332
4.966979e-08,0.029684
4.971979e-08,0.0336386
4.976979e-08,0.0321281
4.981979e-08,0.0310022
4.986979e-08,0.0311395
4.991979e-08,0.0261688
4.996979e-08,0.021967
5.001979e-08,0.0208136
5.006979e-08,0.0247682
5.011979e-08,0.0336386
5.016979e-08,0.0381973
5.021979e-08,0.0340779
5.026979e-08,0.0231479
5.031979e-08,0.0182322
5.036979e-08,0.0251252
5.041979e-08,0.0224614
5.046979e-08,0.00537975
5.051979e-08,-0.000579584
5.056979e-08,0.0072472
5.061979e-08,0.0105427
5.066979e-08,0.0103504
5.071979e-08,0.013234
5.076979e-08,0.0115588
5.081979e-08,0.0070275
5.086979e-08,0.00804361
5.091979e-08,0.00790629
5.096979e-08,0.00754928
5.101979e-08,0.014305
5.106979e-08,0.022736
5.111979e-08,0.0277067
5.116979e-08,0.0246034
5.121979e-08,0.016859
5.126979e-08,0.0149641
5.131979e-08,0.0166668
5.136979e-08,0.0172435
5.141979e-08,0.0179026
5.146979e-08,0.0179026
5.151979e-08,0.0177378
5.156979e-08,0.0181223
5.161979e-08,0.016859
5.166979e-08,0.0162274
5.171979e-08,0.0192483
5.176979e-08,0.023807
5.181979e-08,0.027075
5.186979e-08,0.0260589
5.191979e-08,0.0181223
5.196979e-08,0.0089224
5.201979e-08,0.0108997
5.206979e-08,0.0195778
5.211979e-08,0.024878
5.216979e-08,0.0308648
5.221979e-08,0.0319633
5.226979e-08,0.0236422
5.231979e-08,0.0193306
5.236979e-08,0.0206214
5.241979e-08,0.0222417
5.246979e-08,0.0238894
5.251979e-08,0.0156232
5.256979e-08,0.00137025
5.261979e-08,-0.000497197
5.266979e-08,0.00389679
5.271979e-08,0.00411648
5.276979e-08,0.00661556
5.281979e-08,0.00971881
5.286979e-08,0.00960896
5.291979e-08,0.0116412
5.296979e-08,0.0130967
5.301979e-08,0.00884002
5.306979e-08,0.00623109
5.311979e-08,0.00697257
5.316979e-08,0.00282575
5.321979e-08,-0.00513834
5.326979e-08,-0.0110977
5.331979e-08,-0.00821413
5.336979e-08,0.00609378
5.341979e-08,0.0215551
5.346979e-08,0.0261413
5.351979e-08,0.0213354
5.356979e-08,0.022324
5.361979e-08,0.0285305
5.366979e-08,0.0275694
5.371979e-08,0.0269377
5.376979e-08,0.0292446
5.381979e-08,0.0273497
5.386979e-08,0.0273222
5.391979e-08,0.0317436
5.396979e-08,0.033666
5.401979e-08,0.0305902
5.406979e-08,0.0254822
5.411979e-08,0.0255097
5.416979e-08,0.0299861
5.421979e-08,0.0236148
5.426979e-08,0.00760421
5.431979e-08,-0.000222573
5.436979e-08,0.00268844
5.441979e-08,0.00905971
5.446979e-08,0.00930688
5.451979e-08,0.00505021
5.456979e-08,0.0098012
5.461979e-08,0.0175731
5.466979e-08,0.0147444
5.471979e-08,0.00933434
5.476979e-08,0.0146071
5.481979e-08,0.0207038
5.486979e-08,0.0184793
5.491979e-08,0.0156507
5.496979e-08,0.014305
5.501979e-08,0.0188912
5.506979e-08,0.0273771
5.511979e-08,0.0272398
5.516979e-08,0.0259491
5.521979e-08,0.0295467
5.526979e-08,0.0286129
5.531979e-08,0.0262237
5.536979e-08,0.0261139
5.541979e-08,0.0235324
5.546979e-08,0.0241091
5.551979e-08,0.0279538
5.556979e-08,0.027844
5.561979e-08,0.0279538
5.566979e-08,0.025647
5.571979e-08,0.0196053
5.576979e-08,0.0215551
5.581979e-08,0.0313042
5.586979e-08,0.034435
5.591979e-08,0.026004
5.596979e-08,0.0207038
5.601979e-08,0.0274595
5.606979e-08,0.0330069
5.611979e-08,0.0278714
5.616979e-08,0.0208685
5.621979e-08,0.0180125
5.626979e-08,0.0160352
5.631979e-08,0.0207862
5.636979e-08,0.0314416
5.641979e-08,0.0329795
5.646979e-08,0.0273497
5.651979e-08,0.0239718
5.656979e-08,0.0255646
5.661979e-08,0.0328971
5.666979e-08,0.0335287
5.671979e-08,0.0255921
5.676979e-08,0.0252076
5.681979e-08,0.0290798
5.686979e-08,0.0306177
5.691979e-08,0.0324577
5.696979e-08,0.0328696
5.701979e-08,0.0340505
5.706979e-08,0.0291347
5.711979e-08,0.0165569
5.716979e-08,0.0129319
5.721979e-08,0.0142776
5.726979e-08,0.0104054
5.731979e-08,0.00919703
5.736979e-08,0.00829077
5.741979e-08,0.0022765
5.746979e-08,7.95135e-05
5.751979e-08,0.005929
5.756979e-08,0.0136734
5.761979e-08,0.0202644
5.766979e-08,0.0226811
5.771979e-08,0.0198524
5.776979e-08,0.0216375
5.781979e-08,0.026361
5.786979e-08,0.0282834
5.791979e-08,0.0312219
5.796979e-08,0.0288876
5.801979e-08,0.0244112
5.806979e-08,0.0280637
5.811979e-08,0.0315789
5.816979e-08,0.0305078
5.821979e-08,0.0291073
5.826979e-08,0.0232303
5.831979e-08,0.015431
5.836979e-08,0.0181772
5.841979e-08,0.0270476
5.846979e-08,0.0289425
5.851979e-08,0.0261688
5.856979e-08,0.0222142
5.861979e-08,0.0169414
5.866979e-08,0.00818092
5.871979e-08,-0.00431447
5.876979e-08,-0.00689593
5.881979e-08,0.00351231
5.886979e-08,0.00960896
5.891979e-08,0.0044735
5.896979e-08,0.00373201
5.901979e-08,0.0149641
5.906979e-08,0.022736
5.911979e-08,0.0213079
5.916979e-08,0.0218023
5.921979e-08,0.027075
5.926979e-08,0.0280637
5.931979e-08,0.0204841
5.936979e-08,0.013948
5.941979e-08,0.0187265
5.946979e-08,0.0231754
5.951979e-08,0.0153211
5.956979e-08,0.00919703
5.961979e-08,0.0112292
5.966979e-08,0.0103504
5.971979e-08,0.0072472
5.976979e-08,0.00584661
5.981979e-08,0.00697257
5.986979e-08,0.0141952
5.991979e-08,0.0158429
5.996979e-08,0.0116961
6.001979e-08,0.0189736
6.006979e-08,0.0252625
6.011979e-08,0.0200996
6.016979e-08,0.0157331
6.021979e-08,0.0149641
6.026979e-08,0.0204566
6.031979e-08,0.0281735
6.036979e-08,0.0226261
6.041979e-08,0.00985612
6.046979e-08,0.00623109
6.051979e-08,0.00988359
6.056979e-08,0.0153211
6.061979e-08,0.0199623
6.066979e-08,0.0177104
6.071979e-08,0.0114489
6.076979e-08,0.00689019
6.081979e-08,0.00216665
6.086979e-08,-0.00354552
6.091979e-08,-0.00541296
6.096979e-08,-0.00123868
6.101979e-08,0.00241382
6.106979e-08,0.00304545
6.111979e-08,-0.000771821
6.116979e-08,-0.00917531
6.121979e-08,-0.00944993
6.126979e-08,0.00290814
6.131979e-08,0.0163372
6.136979e-08,0.0229008
6.141979e-08,0.026718
6.146979e-08,0.030041
6.151979e-08,0.0263061
6.156979e-08,0.0195503
6.161979e-08,0.0100758
6.166979e-08,-0.00445178
6.171979e-08,-0.00769234
6.176979e-08,0.00241382
6.181979e-08,0.01252
6.186979e-08,0.0190835
6.191979e-08,0.0221593
6.196979e-08,0.0218572
6.201979e-08,0.0211157
6.206979e-08,0.0235599
6.211979e-08,0.0228733
6.216979e-08,0.0175731
6.221979e-08,0.0200447
6.226979e-08,0.0244661
6.231979e-08,0.0165569
6.236979e-08,0.00697257
6.241979e-08,0.00955404
6.246979e-08,0.0145797
6.251979e-08,0.0144423
6.256979e-08,0.0183695
6.261979e-08,0.0228733
6.266979e-08,0.018342
6.271979e-08,0.0143874
6.276979e-08,0.0173259
6.281979e-08,0.0187814
6.286979e-08,0.0191933
6.291979e-08,0.0236422
6.296979e-08,0.027487
6.301979e-08,0.027844
6.306979e-08,0.029272
6.311979e-08,0.032595
6.316979e-08,0.028201
6.321979e-08,0.0175731
6.326979e-08,0.0179026
6.331979e-08,0.0246034
6.336979e-08,0.0226536
6.341979e-08,0.0164471
6.346979e-08,0.0126298
6.351979e-08,0.0138931
6.356979e-08,0.0200447
6.361979e-08,0.0272124
6.366979e-08,0.030755
6.371979e-08,0.0268828
6.376979e-08,0.0209509
6.381979e-08,0.0235049
6.386979e-08,0.0314141
6.391979e-08,0.027844
6.396979e-08,0.0166119
6.401979e-08,0.0143874
6.406979e-08,0.0177653
6.411979e-08,0.0211157
6.416979e-08,0.0213079
6.421979e-08,0.0190011
6.426979e-08,0.0195503
6.431979e-08,0.0195503
6.436979e-08,0.016859
6.441979e-08,0.00938926
6.446979e-08,-0.00255688
6.451979e-08,-0.0109878
6.456979e-08,-0.0128003
6.461979e-08,-0.00601714
6.466979e-08,0.00581915
6.471979e-08,0.00815346
6.476979e-08,0.00194696
6.481979e-08,-0.00099152
6.486979e-08,0.000738611
6.491979e-08,0.0108997
6.496979e-08,0.022736
6.501979e-08,0.0197151
6.506979e-08,0.0130967
6.511979e-08,0.0153761
6.516979e-08,0.0162823
6.521979e-08,0.0166668
6.526979e-08,0.0146895
6.531979e-08,0.00798868
6.536979e-08,0.0157331
6.541979e-08,0.0313866
6.546979e-08,0.0388839
6.551979e-08,0.0461614
6.556979e-08,0.0480838
6.561979e-08,0.0411907
6.566979e-08,0.0311669
6.571979e-08,0.0143874
6.576979e-08,0.00307291
6.581979e-08,0.00664302
6.586979e-08,0.0130418
6.591979e-08,0.0169963
6.596979e-08,0.0174907
6.601979e-08,0.0159802
6.606979e-08,0.0139206
6.611979e-08,0.0110645
6.616979e-08,0.0136459
6.621979e-08,0.0213629
6.626979e-08,0.0317711
6.631979e-08,0.0409435
6.636979e-08,0.0445137
6.641979e-08,0.0448432
6.646979e-08,0.0390212
6.651979e-08,0.0317986
6.656979e-08,0.0297389
6.661979e-08,0.028201
6.666979e-08,0.0292171
6.671979e-08,0.0266631
6.676979e-08,0.0136185
6.681979e-08,0.0057093
6.686979e-08,0.00521498
6.691979e-08,0.00364962
6.696979e-08,0.00579169
6.701979e-08,0.00796122
6.706979e-08,0.00845554
6.711979e-08,0.0130418
6.716979e-08,0.0159802
6.721979e-08,0.0163922
6.726979e-08,0.0200721
6.731979e-08,0.0252351
6.736979e-08,0.0268553
6.741979e-08,0.0238345
6.746979e-08,0.0206488
6.751979e-08,0.0181223
6.756979e-08,0.0171611
6.761979e-08,0.0216924
6.766979e-08,0.0214453
6.771979e-08,0.0063684
6.776979e-08,-0.0101365
6.781979e-08,-0.011235
6.786979e-08,-0.00230971
6.791979e-08,0.00494036
6.796979e-08,0.00754928
6.801979e-08,0.000628761
6.806979e-08,-0.00576998
6.811979e-08,0.00244128
6.816979e-08,0.00812599
6.821979e-08,0.00411648
6.826979e-08,0.00930688
6.831979e-08,0.0199897
6.836979e-08,0.0229282
6.841979e-08,0.0218023
6.846979e-08,0.0136185
6.851979e-08,-0.00140346
6.856979e-08,-0.00170554
6.861979e-08,0.0153761
6.866979e-08,0.0209509
6.871979e-08,0.0118334
6.876979e-08,0.0129319
6.881979e-08,0.0152937
6.886979e-08,0.00310038
6.891979e-08,-0.00697832
6.896979e-08,-0.0096971
6.901979e-08,-0.00884576
6.906979e-08,-0.00110137
6.911979e-08,0.00491289
6.916979e-08,0.00949911
6.921979e-08,0.0215002
6.926979e-08,0.0272947
6.931979e-08,0.019413
6.936979e-08,0.0155408
6.941979e-08,0.0196877
6.946979e-08,0.0236422
6.951979e-08,0.0258942
6.956979e-08,0.0241366
6.961979e-08,0.0244661
6.966979e-08,0.0313042
6.971979e-08,0.031112
6.976979e-08,0.0182322
6.981979e-08,0.00326515
6.986979e-08,-0.00294135
6.991979e-08,0.00230397
6.996979e-08,0.00919703
7.001979e-08,0.0138382
7.006979e-08,0.0154035
7.011979e-08,0.01068
7.016979e-08,0.0147444
7.021979e-08,0.0236697
7.026979e-08,0.0177928
7.031979e-08,0.00730212
7.036979e-08,0.00373201
7.041979e-08,0.00812599
7.046979e-08,0.0200447
7.051979e-08,0.0291896
7.056979e-08,0.0267455
7.061979e-08,0.0204291
7.066979e-08,0.0241091
7.071979e-08,0.0312768
7.076979e-08,0.0307001
7.081979e-08,0.0272947
7.086979e-08,0.0214178
7.091979e-08,0.0121904
7.096979e-08,0.0112018
7.101979e-08,0.0235049
7.106979e-08,0.034435
7.111979e-08,0.0316887
7.116979e-08,0.0269652
7.121979e-08,0.0335287
7.126979e-08,0.0419047
7.131979e-08,0.0419871
7.136979e-08,0.0370988
7.141979e-08,0.0320732
7.146979e-08,0.0294368
7.151979e-08,0.0234225
7.156979e-08,0.0141677
7.161979e-08,0.0124925
7.166979e-08,0.0163098
7.171979e-08,0.0214727
7.176979e-08,0.0266631
7.181979e-08,0.0286679
7.186979e-08,0.0304529
7.191979e-08,0.0240816
7.196979e-08,0.0119158
7.201979e-08,0.0170238
7.206979e-08,0.0288326
7.211979e-08,0.0244112
7.216979e-08,0.0137009
7.221979e-08,0.0116137
7.226979e-08,0.0143325
7.231979e-08,0.0115313
7.236979e-08,0.0104328
7.241979e-08,0.0165844
7.246979e-08,0.01436
7.251979e-08,0.00606631
7.256979e-08,0.00875763
7.261979e-08,0.0168865
7.266979e-08,0.016859
7.271979e-08,0.013591
7.276979e-08,0.0158978
7.281979e-08,0.0206214
7.286979e-08,0.0253174
7.291979e-08,0.0323478
7.296979e-08,0.0357532
7.301979e-08,0.0286679
7.306979e-08,0.0252351
7.311979e-08,0.0306726
7.316979e-08,0.032238
7.321979e-08,0.0361376
7.326979e-08,0.0380325
7.331979e-08,0.0244112
7.336979e-08,0.0129044
7.341979e-08,0.0207038
7.346979e-08,0.029629
7.351979e-08,0.0162274
7.356979e-08,0.00222158
7.361979e-08,0.00779644
7.366979e-08,0.00911464
7.371979e-08,0.00603885
7.376979e-08,0.0107624
7.381979e-08,0.0112292
7.386979e-08,0.0115039
7.391979e-08,0.019056
7.396979e-08,0.0229557
7.401979e-08,0.0248506
7.406979e-08,0.0291073
7.411979e-08,0.02529
7.416979e-08,0.0228458
7.421979e-08,0.0233951
7.426979e-08,0.0122728
7.431979e-08,0.00590154
7.436979e-08,0.00507767
7.441979e-08,-0.00263926
7.446979e-08,-0.00684101
7.451979e-08,-0.00862606
7.456979e-08,-0.00706071
7.461979e-08,0.00573677
7.466979e-08,0.0170238
7.471979e-08,0.0153761
7.476979e-08,0.0106525
7.481979e-08,0.013948
7.486979e-08,0.0189736
7.491979e-08,0.0210059
7.496979e-08,0.0239443
7.501979e-08,0.0237796
7.506979e-08,0.018699
7.511979e-08,0.0163922
7.516979e-08,0.0205939
7.521979e-08,0.0228733
7.526979e-08,0.0210882
7.531979e-08,0.0274595
7.536979e-08,0.0356433
7.541979e-08,0.0330344
7.546979e-08,0.0294917
7.551979e-08,0.0269652
7.556979e-08,0.0220494
7.561979e-08,0.0199623
7.566979e-08,0.020539
7.571979e-08,0.0274595
7.576979e-08,0.0333914
7.581979e-08,0.0259491
7.586979e-08,0.0250428
7.591979e-08,0.0346272
7.596979e-08,0.0349567
7.601979e-08,0.0322654
7.606979e-08,0.0305353
7.611979e-08,0.0257843
7.616979e-08,0.0250428
7.621979e-08,0.02713
7.626979e-08,0.0241366
7.631979e-08,0.017628
7.636979e-08,0.0117785
7.641979e-08,0.00765913
7.646979e-08,0.0095815
7.651979e-08,0.0160901
7.656979e-08,0.0204291
7.661979e-08,0.0297938
7.666979e-08,0.0461614
7.671979e-08,0.051599
7.676979e-08,0.0420695
7.681979e-08,0.0307275
7.686979e-08,0.0159802
7.691979e-08,-0.00236464
7.696979e-08,-0.00667623
7.701979e-08,-0.00272165
7.706979e-08,-0.00736279
7.711979e-08,-0.00664877
7.716979e-08,0.0118334
7.721979e-08,0.0309472
7.726979e-08,0.0352039
7.731979e-08,0.0332815
7.736979e-08,0.0333914
7.741979e-08,0.0310296
7.746979e-08,0.0225437
7.751979e-08,0.0132065
7.756979e-08,0.0112018
7.761979e-08,0.0133164
7.766979e-08,0.0111743
7.771979e-08,0.011751
7.776979e-08,0.0196053
7.781979e-08,0.0193581
7.786979e-08,0.0115588
7.791979e-08,0.00675287
7.796979e-08,0.00175472
7.801979e-08,0.00112308
7.806979e-08,0.00628601
7.811979e-08,0.0115863
7.816979e-08,0.0150465
7.821979e-08,0.0173534
7.826979e-08,0.025647
7.831979e-08,0.0330069
7.836979e-08,0.026718
7.841979e-08,0.0125749
7.846979e-08,-0.000771821
7.851979e-08,-0.00642907
7.856979e-08,-0.00187032
7.861979e-08,0.00450096
7.866979e-08,0.0112292
7.871979e-08,0.0182047
7.876979e-08,0.017271
7.881979e-08,0.0142501
7.886979e-08,0.0170238
7.891979e-08,0.0203193
7.896979e-08,0.0222142
7.901979e-08,0.0240542
7.906979e-08,0.0218023
7.911979e-08,0.0144423
7.916979e-08,0.0130692
7.921979e-08,0.0149641
7.926979e-08,0.0105152
7.931979e-08,0.00829077
7.936979e-08,0.00903225
7.941979e-08,0.0087027
7.946979e-08,0.00930688
7.951979e-08,0.0127397
7.956979e-08,0.0274046
7.961979e-08,0.0425364
7.966979e-08,0.039186
7.971979e-08,0.0335562
7.976979e-08,0.0393782
7.981979e-08,0.043168
7.986979e-08,0.0403943
7.991979e-08,0.0392409
7.996979e-08,0.0380875
8.001979e-08,0.0334463
8.006979e-08,0.0288876
8.011979e-08,0.0281186
8.016979e-08,0.0285855
8.021979e-08,0.02713
8.026979e-08,0.0282285
8.031979e-08,0.0261688
8.036979e-08,0.0178751
8.041979e-08,0.0151289
8.046979e-08,0.0214453
8.051979e-08,0.0284482
8.056979e-08,0.0255097
8.061979e-08,0.0244112
8.066979e-08,0.0327872
8.071979e-08,0.0305902
8.076979e-08,0.0290523
8.081979e-08,0.0436074
8.086979e-08,0.0495667
8.091979e-08,0.0397077
8.096979e-08,0.0295192
8.101979e-08,0.0211157
8.106979e-08,0.0108173
8.111979e-08,-8.52608e-05
8.116979e-08,-0.00412223
8.121979e-08,0.00205681
8.126979e-08,0.00941673
8.131979e-08,0.0126024
8.136979e-08,0.0142501
8.141979e-08,0.0145797
8.146979e-08,0.0146895
8.151979e-08,0.0151289
8.156979e-08,0.013948
8.161979e-08,0.0136734
8.166979e-08,0.0162549
8.171979e-08,0.0185617
8.176979e-08,0.0222142
8.181979e-08,0.0302058
8.186979e-08,0.0311395
8.191979e-08,0.0225712
8.196979e-08,0.0218297
8.201979e-08,0.0234225
8.206979e-08,0.0164746
8.211979e-08,0.0136459
8.216979e-08,0.00982866
8.221979e-08,-0.00458909
8.226979e-08,-0.0146678
8.231979e-08,-0.0140087
8.236979e-08,-0.00541296
8.241979e-08,0.00441857
8.246979e-08,0.00474812
8.251979e-08,0.00326515
8.256979e-08,0.0114489
8.261979e-08,0.0258118
8.266979e-08,0.0346547
8.271979e-08,0.0304255
8.276979e-08,0.0218572
8.281979e-08,0.0199074
8.286979e-08,0.0190011
8.291979e-08,0.0189187
8.296979e-08,0.0248231
8.301979e-08,0.0279813
8.306979e-08,0.0258118
8.311979e-08,0.0241915
8.316979e-08,0.0257843
8.321979e-08,0.026718
8.326979e-08,0.0215002
8.331979e-08,0.0191933
8.336979e-08,0.02161
8.341979e-08,0.0182871
8.346979e-08,0.0158978
8.351979e-08,0.0253998
8.356979e-08,0.040257
8.361979e-08,0.0436074
8.366979e-08,0.0414928
8.371979e-08,0.0501709
8.376979e-08,0.0532192
8.381979e-08,0.0441017
8.386979e-08,0.0346547
8.391979e-08,0.0208685
8.396979e-08,0.0117236
8.401979e-08,0.013234
8.406979e-08,0.0119158
8.411979e-08,0.00905971
8.416979e-08,0.0102681
8.421979e-08,0.0152113
8.426979e-08,0.0215551
8.431979e-08,0.0207312
8.436979e-08,0.0135635
8.441979e-08,0.0111469
8.446979e-08,0.00919703
8.451979e-08,0.00161741
8.456979e-08,0.00027175
8.461979e-08,0.00837315
8.466979e-08,0.0174632
8.471979e-08,0.0232578
8.476979e-08,0.02529
8.481979e-08,0.0263885
8.486979e-08,0.0273497
8.491979e-08,0.0264159
8.496979e-08,0.0221593
8.501979e-08,0.0120531
8.506979e-08,-0.00382015
8.511979e-08,-0.0138714
8.516979e-08,-0.00854368
8.521979e-08,-0.00115629
8.526979e-08,0.00312784
8.531979e-08,0.0160352
8.536979e-08,0.026361
8.541979e-08,0.0210333
8.546979e-08,0.01252
8.551979e-08,0.0124651
8.556979e-08,0.0197975
8.561979e-08,0.0249879
8.566979e-08,0.02345
8.571979e-08,0.0210333
8.576979e-08,0.0191109
8.581979e-08,0.0182871
8.586979e-08,0.0144698
8.591979e-08,0.00491289
8.596979e-08,0.00172726
8.601979e-08,0.00444603
8.606979e-08,-0.000167648
8.611979e-08,-0.00651146
8.616979e-08,-0.000716896
8.621979e-08,0.00645079
8.626979e-08,0.00213919
8.631979e-08,-0.000414809
8.636979e-08,0.00516006
8.641979e-08,0.00969135
8.646979e-08,0.0101033
8.651979e-08,0.0102131
8.656979e-08,0.0139206
8.661979e-08,0.017216
8.666979e-08,0.0168041
8.671979e-08,0.0180948
8.676979e-08,0.0204017
8.681979e-08,0.0222966
8.686979e-08,0.0225437
8.691979e-08,0.0171611
8.696979e-08,0.0189462
8.701979e-08,0.0341329
8.706979e-08,0.0460516
8.711979e-08,0.0466557
8.716979e-08,0.0362475
8.721979e-08,0.0233676
8.726979e-08,0.0182596
8.731979e-08,0.0119433
8.736979e-08,0.00782391
8.741979e-08,0.0144973
8.746979e-08,0.0196877
8.751979e-08,0.0232578
8.756979e-08,0.027487
8.761979e-08,0.0268553
8.766979e-08,0.0288876
8.771979e-08,0.0335287
8.776979e-08,0.0324577
8.781979e-08,0.0274321
8.786979e-08,0.0201271
8.791979e-08,0.0108173
8.796979e-08,0.00389679
8.801979e-08,0.00202934
8.806979e-08,0.00255113
8.811979e-08,0.00518752
8.816979e-08,0.011806
8.821979e-08,0.0208685
8.826979e-08,0.0300135
8.831979e-08,0.0320732
8.836979e-08,0.0208411
8.841979e-08,0.0087027
8.846979e-08,0.00384186
8.851979e-08,0.00145263
8.856979e-08,0.00639586
8.861979e-08,0.0151838
8.866979e-08,0.0221867
8.871979e-08,0.0291073
8.876979e-08,0.0283932
8.881979e-08,0.0247407
8.886979e-08,0.0288326
8.891979e-08,0.0321556
8.896979e-08,0.0311395
8.901979e-08,0.029272
8.906979e-08,0.0231205
8.911979e-08,0.0170238
8.916979e-08,0.0191384
8.921979e-08,0.0246034
8.926979e-08,0.0234775
8.931979e-08,0.0206488
8.936979e-08,0.0242464
8.941979e-08,0.0266082
8.946979e-08,0.0243563
8.951979e-08,0.0300684
8.956979e-08,0.0414104
8.961979e-08,0.0406689
8.966979e-08,0.0291622
8.971979e-08,0.0166943
8.976979e-08,0.0104603
8.981979e-08,0.0179575
8.986979e-08,0.0268279
8.991979e-08,0.0244112
8.996979e-08,0.0221593
9.001979e-08,0.0253998
9.006979e-08,0.0249879
9.011979e-08,0.0207862
9.016979e-08,0.0209235
9.021979e-08,0.0261688
9.026979e-08,0.024933
9.031979e-08,0.017628
9.036979e-08,0.022736
9.041979e-08,0.0354785
9.046979e-08,0.035506
9.051979e-08,0.0253998
9.056979e-08,0.0191659
9.061979e-08,0.0194954
9.066979e-08,0.0218572
9.071979e-08,0.0255921
9.076979e-08,0.0262786
9.081979e-08,0.0232578
9.086979e-08,0.0229831
9.091979e-08,0.0181498
9.096979e-08,0.00661556
9.101979e-08,0.000244288
9.106979e-08,0.0010407
9.111979e-08,0.00375947
9.116979e-08,0.0057093
9.121979e-08,0.0103504
9.126979e-08,0.019056
9.131979e-08,0.0231754
9.136979e-08,0.0225163
9.141979e-08,0.0270201
9.146979e-08,0.0345173
9.151979e-08,0.037703
9.156979e-08,0.0354511
9.161979e-08,0.0299311
9.166979e-08,0.0286129
9.171979e-08,0.0319359
9.176979e-08,0.0317711
9.181979e-08,0.0294643
9.186979e-08,0.0286953
9.191979e-08,0.0280911
9.196979e-08,0.0278165
9.201979e-08,0.0282559
9.206979e-08,0.0280362
9.211979e-08,0.0283658
9.216979e-08,0.029327
9.221979e-08,0.0266082
9.226979e-08,0.0246858
9.231979e-08,0.0320732
9.236979e-08,0.0408062
9.241979e-08,0.0422617
9.246979e-08,0.0428385
9.251979e-08,0.0409985
9.256979e-08,0.0353687
9.261979e-08,0.0359179
9.266979e-08,0.0398451
9.271979e-08,0.0373185
9.276979e-08,0.0315789
9.281979e-08,0.0302881
9.286979e-08,0.0335562
9.291979e-08,0.0410809
9.296979e-08,0.0450904
9.301979e-08,0.0443763
9.306979e-08,0.0458868
9.311979e-08,0.0394057
9.316979e-08,0.0281735
9.321979e-08,0.0210333
9.326979e-08,0.0127671
9.331979e-08,0.0115039
9.336979e-08,0.0173808
9.341979e-08,0.0185342
9.346979e-08,0.0219945
9.351979e-08,0.0345723
9.356979e-08,0.0445411
9.361979e-08,0.0433877
9.366979e-08,0.0454474
9.371979e-08,0.0561028
9.376979e-08,0.057421
9.381979e-08,0.0481387
9.386979e-08,0.0353961
9.391979e-08,0.0280911
9.396979e-08,0.0344899
9.401979e-08,0.0340779
9.406979e-08,0.0199074
9.411979e-08,0.0139755
9.416979e-08,0.0174357
9.421979e-08,0.0207862
9.426979e-08,0.0247682
9.431979e-08,0.0240542
9.436979e-08,0.0197975
9.441979e-08,0.027487
9.446979e-08,0.0432504
9.451979e-08,0.0444313
9.456979e-08,0.0310022
9.461979e-08,0.0229008
9.466979e-08,0.0210882
9.471979e-08,0.0188363
9.476979e-08,0.0202644
9.481979e-08,0.0229831
9.486979e-08,0.0254822
9.491979e-08,0.0269103
9.496979e-08,0.0210882
9.501979e-08,0.0177104
9.506979e-08,0.0230381
9.511979e-08,0.021967
9.516979e-08,0.0153486
9.521979e-08,0.0151014
9.526979e-08,0.015431
9.531979e-08,0.0152113
9.536979e-08,0.01977
9.541979e-08,0.02345
9.546979e-08,0.024933
9.551979e-08,0.0262512
9.556979e-08,0.0237521
9.561979e-08,0.0226536
9.566979e-08,0.0272398
9.571979e-08,0.0363573
9.576979e-08,0.0437996
9.581979e-08,0.039488
9.586979e-08,0.0409161
9.591979e-08,0.0517637
9.596979e-08,0.0439644
9.601979e-08,0.0266631
9.606979e-08,0.0230655
9.611979e-08,0.0246034
9.616979e-08,0.0193581
9.621979e-08,0.0194405
9.626979e-08,0.0327872
9.631979e-08,0.0406689
9.636979e-08,0.0377579
9.641979e-08,0.0352588
9.646979e-08,0.031469
9.651979e-08,0.0303431
9.656979e-08,0.036934
9.661979e-08,0.0390761
9.666979e-08,0.0336386
9.671979e-08,0.0225163
9.676979e-08,0.00763167
9.681979e-08,0.00101323
9.686979e-08,-0.00313359
9.691979e-08,-0.0115096
9.696979e-08,-0.0134869
9.701979e-08,-0.0101365
9.706979e-08,-0.00576998
9.711979e-08,0.00598393
9.716979e-08,0.0225987
9.721979e-08,0.0299037
9.726979e-08,0.0257294
9.731979e-08,0.0210882
9.736979e-08,0.020896
9.741979e-08,0.0193581
9.746979e-08,0.0152388
9.751979e-08,0.01436
9.756979e-08,0.017216
9.761979e-08,0.0193032
9.766979e-08,0.016914
9.771979e-08,0.0112292
9.776979e-08,0.00414395
9.781979e-08,-0.00099152
9.786979e-08,0.00439111
9.791979e-08,0.0173259
9.796979e-08,0.0235599
9.801979e-08,0.0224064
9.806979e-08,0.0216924
9.811979e-08,0.0227085
9.816979e-08,0.0263336
9.821979e-08,0.0317162
9.826979e-08,0.0347096
9.831979e-08,0.0323204
9.836979e-08,0.0251252
9.841979e-08,0.0230106
9.846979e-08,0.0297938
9.851979e-08,0.0345173
9.856979e-08,0.0342976
9.861979e-08,0.0323753
9.866979e-08,0.0260315
9.871979e-08,0.022022
9.876979e-08,0.025647
9.881979e-08,0.0215002
9.886979e-08,0.00735705
9.891979e-08,0.0042538
9.896979e-08,0.0137832
9.901979e-08,0.0207038
9.906979e-08,0.0193856
9.911979e-08,0.00944419
9.916979e-08,0.00296306
9.921979e-08,0.00741197
9.926979e-08,0.011806
9.931979e-08,0.0186441
9.936979e-08,0.0228458
9.941979e-08,0.0152662
9.946979e-08,0.0174083
9.951979e-08,0.0284207
9.956979e-08,0.0275419
9.961979e-08,0.021253
9.966979e-08,0.0131791
9.971979e-08,0.0074669
9.976979e-08,0.00908718
9.981979e-08,0.00875763
9.986979e-08,0.0132065
9.991979e-08,0.0219945
9.996979e-08,0.0192208
1.000198e-07,0.0130692
1.000698e-07,0.0130418
1.001198e-07,0.00916956
1.001698e-07,0.00540722
1.002198e-07,0.015431
1.002698e-07,0.0261413
1.003198e-07,0.0253449
1.003698e-07,0.0241091
1.004198e-07,0.0250703
1.004698e-07,0.0215826
1.005198e-07,0.0145247
1.005698e-07,0.00754928
1.006198e-07,0.0072472
1.006698e-07,0.00955404
1.007198e-07,0.00661556
1.007698e-07,0.00996597
1.008198e-07,0.0182596
1.008698e-07,0.0159802
1.009198e-07,0.00911464
1.009698e-07,0.00686272
1.010198e-07,0.00782391
1.010698e-07,0.0122179
1.011198e-07,0.0152113
1.011698e-07,0.0147719
1.012198e-07,0.0259765
1.012698e-07,0.0391036
1.013198e-07,0.0358905
1.013698e-07,0.0349567
1.014198e-07,0.0314141
1.014698e-07,0.0154585
1.015198e-07,0.00785137
1.015698e-07,0.00562692
1.016198e-07,0.00268844
1.016698e-07,0.00274337
1.017198e-07,0.00450096
1.017698e-07,0.0139206
1.018198e-07,0.0236972
1.018698e-07,0.0218846
1.019198e-07,0.0181498
1.019698e-07,0.0217748
1.020198e-07,0.0258118
1.020698e-07,0.0252625
1.021198e-07,0.0215276
1.021698e-07,0.012163
1.022198e-07,0.00156248
1.022698e-07,-0.000661971
1.023198e-07,0.00175472
1.023698e-07,0.00131532
1.024198e-07,0.00172726
1.024698e-07,0.00532483
1.025198e-07,0.00851047
1.025698e-07,0.0112292
1.026198e-07,0.0119158
1.026698e-07,0.0109821
1.027198e-07,0.00779644
1.027698e-07,-0.0015133
1.028198e-07,-0.00489118
1.028698e-07,0.00472066
1.029198e-07,0.0180125
1.029698e-07,0.0338308
1.030198e-07,0.0480838
1.030698e-07,0.0487154
1.031198e-07,0.0387466
1.031698e-07,0.0316613
1.032198e-07,0.0278165
1.032698e-07,0.0178202
1.033198e-07,0.00601139
1.033698e-07,0.00612124
1.034198e-07,0.0161725
1.034698e-07,0.0228733
1.035198e-07,0.0219396
1.035698e-07,0.0195229
1.036198e-07,0.019413
1.036698e-07,0.0163372
1.037198e-07,0.0127671
1.037698e-07,0.0210059
1.038198e-07,0.0336111
1.038698e-07,0.0370164
1.039198e-07,0.0345448
1.039698e-07,0.0279264
1.040198e-07,0.0243563
1.040698e-07,0.0207038
1.041198e-07,0.00694511
1.041698e-07,-0.00148584
1.042198e-07,-0.00513834
1.042698e-07,-0.0100816
1.043198e-07,-0.00706071
1.043698e-07,-0.00340821
1.044198e-07,0.000793536
1.044698e-07,0.011806
1.045198e-07,0.0232028
1.045698e-07,0.0281461
1.046198e-07,0.0219945
1.046698e-07,0.0191384
1.047198e-07,0.0275419
1.047698e-07,0.0290249
1.048198e-07,0.0214727
1.048698e-07,0.00831823
1.049198e-07,-0.00928516
1.049698e-07,-0.0147502
1.050198e-07,-0.00673116
1.050698e-07,0.000354137
1.051198e-07,0.00540722
1.051698e-07,0.0126573
1.052198e-07,0.0228184
1.052698e-07,0.0291896
1.053198e-07,0.0263336
1.053698e-07,0.0236972
1.054198e-07,0.0263336
1.054698e-07,0.0272673
1.055198e-07,0.0230106
1.055698e-07,0.0199074
1.056198e-07,0.0202094
1.056698e-07,0.0165844
1.057198e-07,0.0147994
1.057698e-07,0.0166393
1.058198e-07,0.0168316
1.058698e-07,0.0203193
1.059198e-07,0.0154859
1.059698e-07,0.000546374
1.060198e-07,-0.00500103
1.060698e-07,-0.0034906
1.061198e-07,-0.00549535
1.061698e-07,-0.0127729
1.062198e-07,-0.0154642
1.062698e-07,-0.00497357
1.063198e-07,0.00466573
1.063698e-07,0.00851047
1.064198e-07,0.0142776
1.064698e-07,0.0180125
1.065198e-07,0.0171062
1.065698e-07,0.0167217
1.066198e-07,0.0243837
1.066698e-07,0.0376481
1.067198e-07,0.0446235
1.067698e-07,0.0390486
1.068198e-07,0.0231754
1.068698e-07,0.00787883
1.069198e-07,0.0014801
1.069698e-07,0.00384186
1.070198e-07,0.00881255
1.070698e-07,0.00815346
1.071198e-07,0.00590154
1.071698e-07,0.0137283
1.072198e-07,0.0257843
1.072698e-07,0.0243013
1.073198e-07,0.0136459
1.073698e-07,0.011394
1.074198e-07,0.0148817
1.074698e-07,0.0157331
1.075198e-07,0.0222691
1.075698e-07,0.0330618
1.076198e-07,0.0331168
1.076698e-07,0.0275968
1.077198e-07,0.0270476
1.077698e-07,0.0255921
1.078198e-07,0.0236972
1.078698e-07,0.0230655
1.079198e-07,0.0135635
1.079698e-07,0.00606631
1.080198e-07,0.016502
1.080698e-07,0.0282559
1.081198e-07,0.0283108
1.081698e-07,0.0268828
1.082198e-07,0.0279264
1.082698e-07,0.0240816
1.083198e-07,0.0210059
1.083698e-07,0.0244387
1.084198e-07,0.0261688
1.084698e-07,0.0273222
1.085198e-07,0.0321007
1.085698e-07,0.0332541
1.086198e-07,0.0293819
1.086698e-07,0.0285305
1.087198e-07,0.0260589
1.087698e-07,0.0201545
1.088198e-07,0.0229282
1.088698e-07,0.0257843
1.089198e-07,0.0207038
1.089698e-07,0.0171337
1.090198e-07,0.00889494
1.090698e-07,-0.000744358
1.091198e-07,0.000656224
1.091698e-07,0.00565438
1.092198e-07,0.0121904
1.092698e-07,0.0136185
1.093198e-07,0.00235889
1.093698e-07,-0.00019511
1.094198e-07,0.0127397
1.094698e-07,0.0221043
1.095198e-07,0.024576
1.095698e-07,0.021967
1.096198e-07,0.0151838
1.096698e-07,0.0150465
1.097198e-07,0.0183969
1.097698e-07,0.0172435
1.098198e-07,0.0151564
1.098698e-07,0.00612124
1.099198e-07,-0.0101365
1.099698e-07,-0.0151346
1.100198e-07,-0.00533058
1.100698e-07,0.00290814
1.101198e-07,0.00326515
1.101698e-07,0.00562692
1.102198e-07,0.0173534
1.102698e-07,0.0289425
1.103198e-07,0.0274046
1.103698e-07,0.01977
1.104198e-07,0.0207312
1.104698e-07,0.0286129
1.105198e-07,0.0307001
1.105698e-07,0.0235873
1.106198e-07,0.0190011
1.106698e-07,0.0235873
1.107198e-07,0.0225712
1.107698e-07,0.0134262
1.108198e-07,0.0159253
1.108698e-07,0.0164196
1.109198e-07,0.00290814
1.109698e-07,0.000326675
1.110198e-07,0.00683526
1.110698e-07,0.00853793
1.111198e-07,0.0109546
1.111698e-07,0.0108722
1.112198e-07,0.00765913
1.112698e-07,0.0124101
1.113198e-07,0.0200996
1.113698e-07,0.0196327
1.114198e-07,0.019413
1.114698e-07,0.0258118
1.115198e-07,0.0326499
1.115698e-07,0.039186
1.116198e-07,0.0384445
1.116698e-07,0.0261688
1.117198e-07,0.0175731
1.117698e-07,0.0164746
1.118198e-07,0.016914
1.118698e-07,0.0170238
1.119198e-07,0.0140579
1.119698e-07,0.0160626
1.120198e-07,0.0264159
1.120698e-07,0.034435
1.121198e-07,0.0404767
1.121698e-07,0.0423441
1.122198e-07,0.0342702
1.122698e-07,0.034023
1.123198e-07,0.0441841
1.123698e-07,0.0465733
1.124198e-07,0.0480014
1.124698e-07,0.051901
1.125198e-07,0.0496491
1.125698e-07,0.0449805
1.126198e-07,0.0385269
1.126698e-07,0.0274321
1.127198e-07,0.0161999
1.127698e-07,0.0109272
1.128198e-07,0.00823584
1.128698e-07,0.0110095
1.129198e-07,0.0235873
1.129698e-07,0.0286404
1.130198e-07,0.021665
1.130698e-07,0.0158429
1.131198e-07,0.0159253
1.131698e-07,0.0162274
1.132198e-07,0.0104054
1.132698e-07,0.00741197
1.133198e-07,0.0107075
1.133698e-07,0.0162549
1.134198e-07,0.0213903
1.134698e-07,0.0141128
1.135198e-07,0.0070275
1.135698e-07,0.0155958
1.136198e-07,0.0180948
1.136698e-07,0.0102955
1.137198e-07,0.00752182
1.137698e-07,0.00507767
1.138198e-07,0.000601299
1.138698e-07,-0.00310612
1.139198e-07,-0.00203509
1.139698e-07,0.01068
1.140198e-07,0.0172435
1.140698e-07,0.00326515
1.141198e-07,-0.00241956
1.141698e-07,0.0130967
1.142198e-07,0.0198799
1.142698e-07,0.0136185
1.143198e-07,0.0129319
1.143698e-07,0.011751
1.144198e-07,0.0010407
1.144698e-07,-0.00686847
1.145198e-07,0.000463987
1.145698e-07,0.0103504
1.146198e-07,0.0111194
1.146698e-07,0.0134262
1.147198e-07,0.0182322
1.147698e-07,0.0213903
1.148198e-07,0.0279813
1.148698e-07,0.0332815
1.149198e-07,0.0319908
1.149698e-07,0.0281186
1.150198e-07,0.0256745
1.150698e-07,0.0229008
1.151198e-07,0.0148268
1.151698e-07,0.00505021
1.152198e-07,0.00274337
1.152698e-07,0.00584661
1.153198e-07,0.0057093
1.153698e-07,0.0040341
1.154198e-07,0.00419887
1.154698e-07,0.00323769
1.155198e-07,0.000930848
1.155698e-07,0.00310038
1.156198e-07,0.0104054
1.156698e-07,0.0160077
1.157198e-07,0.0222691
1.157698e-07,0.0299586
1.158198e-07,0.034023
1.158698e-07,0.0391585
1.159198e-07,0.0393233
1.159698e-07,0.0308099
1.160198e-07,0.0285305
1.160698e-07,0.0283108
1.161198e-07,0.0242464
1.161698e-07,0.0248231
1.162198e-07,0.0253174
1.162698e-07,0.0267455
1.163198e-07,0.0320457
1.163698e-07,0.0303431
1.164198e-07,0.028558
1.164698e-07,0.0331168
1.165198e-07,0.0331168
1.165698e-07,0.0299586
1.166198e-07,0.0252625
1.166698e-07,0.0176554
1.167198e-07,0.0139206
1.167698e-07,0.0114215
1.168198e-07,0.00277083
1.168698e-07,-0.0053855
1.169198e-07,-0.00832398
1.169698e-07,-0.00934009
1.170198e-07,-0.00338075
1.170698e-07,0.00496782
1.171198e-07,0.00444603
1.171698e-07,0.00502274
1.172198e-07,0.0132065
1.172698e-07,0.0177378
1.173198e-07,0.0155134
1.173698e-07,0.0118883
1.174198e-07,0.0138656
1.174698e-07,0.0270201
1.175198e-07,0.0439644
1.175698e-07,0.0549768
1.176198e-07,0.0553613
1.176698e-07,0.0465459
1.177198e-07,0.0412182
1.177698e-07,0.0427286
1.178198e-07,0.042454
1.178698e-07,0.0425913
1.179198e-07,0.041328
1.179698e-07,0.0296565
1.180198e-07,0.0220494
1.180698e-07,0.0263336
1.181198e-07,0.0224064
1.181698e-07,0.0167492
1.182198e-07,0.0243837
1.182698e-07,0.0259216
1.183198e-07,0.0104328
1.183698e-07,-0.00115629
1.184198e-07,0.00480304
1.184698e-07,0.0113116
1.185198e-07,0.0131516
1.185698e-07,0.0214178
1.186198e-07,0.0253449
1.186698e-07,0.0253998
1.187198e-07,0.029684
1.187698e-07,0.0291896
1.188198e-07,0.0277067
1.188698e-07,0.0283383
1.189198e-07,0.022379
1.189698e-07,0.0166119
1.190198e-07,0.0205939
1.190698e-07,0.0252625
1.191198e-07,0.0213903
1.191698e-07,0.0169689
1.192198e-07,0.0207038
1.192698e-07,0.0248506
1.193198e-07,0.0216375
1.193698e-07,0.0179301
1.194198e-07,0.0198524
1.194698e-07,0.0247682
1.195198e-07,0.0252351
1.195698e-07,0.0210608
1.196198e-07,0.0221043
1.196698e-07,0.0263885
1.197198e-07,0.024219
1.197698e-07,0.0182047
1.198198e-07,0.0124376
1.198698e-07,0.00771406
1.199198e-07,0.0109546
1.199698e-07,0.0179301
1.200198e-07,0.0181498
1.200698e-07,0.0247133
1.201198e-07,0.0395704
1.201698e-07,0.0405316
1.202198e-07,0.0317436
1.202698e-07,0.0302058
1.203198e-07,0.0320457
1.203698e-07,0.0324027
1.204198e-07,0.0323753
1.204698e-07,0.0281735
1.205198e-07,0.0221867
1.205698e-07,0.0169414
1.206198e-07,0.00933434
1.206698e-07,0.0063684
1.207198e-07,0.0151564
1.207698e-07,0.0239443
1.208198e-07,0.0174907
1.208698e-07,0.00463827
1.209198e-07,0.0035947
1.209698e-07,0.0122454
1.210198e-07,0.0182322
1.210698e-07,0.0240816
1.211198e-07,0.0355884
1.211698e-07,0.0412182
1.212198e-07,0.0361926
1.212698e-07,0.0320183
1.213198e-07,0.0269652
1.213698e-07,0.0160626
1.214198e-07,0.0112018
1.214698e-07,0.0143325
1.215198e-07,0.0124651
1.215698e-07,0.00873017
1.216198e-07,0.0112567
1.216698e-07,0.0155408
1.217198e-07,0.0229008
1.217698e-07,0.0298762
1.218198e-07,0.0253724
1.218698e-07,0.0197151
1.219198e-07,0.0266631
1.219698e-07,0.0359454
1.220198e-07,0.0343526
1.220698e-07,0.0276518
1.221198e-07,0.0255646
1.221698e-07,0.02713
1.222198e-07,0.0297114
1.222698e-07,0.0295192
1.223198e-07,0.0219396
1.223698e-07,0.0130692
1.224198e-07,0.0108448
1.224698e-07,0.0122179
1.225198e-07,0.00894986
1.225698e-07,0.00134278
1.226198e-07,-0.00390253
1.226698e-07,0.00027175
1.227198e-07,0.0116961
1.227698e-07,0.0203193
1.228198e-07,0.0253998
1.228698e-07,0.0275694
1.229198e-07,0.0288601
1.229698e-07,0.0320732
1.230198e-07,0.0345448
1.230698e-07,0.0324027
1.231198e-07,0.0266082
1.231698e-07,0.0244387
1.232198e-07,0.0225437
1.232698e-07,0.0232852
1.233198e-07,0.0263885
1.233698e-07,0.0162274
1.234198e-07,0.00601139
1.234698e-07,0.00867524
1.235198e-07,0.00672541
1.235698e-07,-3.03361e-05
1.236198e-07,-8.52608e-05
1.236698e-07,0.0024962
1.237198e-07,0.00211173
1.237698e-07,0.0024962
1.238198e-07,0.00669795
1.238698e-07,0.00461081
1.239198e-07,-0.00148584
1.239698e-07,-0.00137599
1.240198e-07,-0.00409477
1.240698e-07,-0.00409477
1.241198e-07,0.00697257
1.241698e-07,0.0141677
1.242198e-07,0.0160626
1.242698e-07,0.0211432
1.243198e-07,0.0243013
1.243698e-07,0.0250154
1.244198e-07,0.0271849
1.244698e-07,0.0265258
1.245198e-07,0.0235324
1.245698e-07,0.0211432
1.246198e-07,0.0220769
1.246698e-07,0.0243563
1.247198e-07,0.0187814
1.247698e-07,0.0123552
1.248198e-07,0.0118883
1.248698e-07,0.0134262
1.249198e-07,0.0193581
1.249698e-07,0.0251801
1.250198e-07,0.0237796
1.250698e-07,0.0189462
1.251198e-07,0.0168316
1.251698e-07,0.0195229
1.252198e-07,0.0232028
1.252698e-07,0.0251252
1.253198e-07,0.0255921
1.253698e-07,0.0247407
1.254198e-07,0.0259765
1.254698e-07,0.0272124
1.255198e-07,0.022324
1.255698e-07,0.0177928
1.256198e-07,0.0199623
1.256698e-07,0.0229282
1.257198e-07,0.0235324
1.257698e-07,0.02529
1.258198e-07,0.0275968
1.258698e-07,0.0255097
1.259198e-07,0.0168316
1.259698e-07,0.0093618
1.260198e-07,0.0121904
1.260698e-07,0.0175456
1.261198e-07,0.019825
1.261698e-07,0.0236697
1.262198e-07,0.0218572
1.262698e-07,0.0154585
1.263198e-07,0.0201271
1.263698e-07,0.0284207
1.264198e-07,0.0269377
1.264698e-07,0.0219945
1.265198e-07,0.0152662
1.265698e-07,0.0145522
1.266198e-07,0.0304255
1.266698e-07,0.0386367
1.267198e-07,0.0302881
1.267698e-07,0.0296016
1.268198e-07,0.0314141
1.268698e-07,0.0229008
1.269198e-07,0.0176554
1.269698e-07,0.0175456
1.270198e-07,0.0129319
1.270698e-07,0.00760421
1.271198e-07,0.00167233
1.271698e-07,-0.00651146
1.272198e-07,-0.006484
1.272698e-07,0.00562692
1.273198e-07,0.0163647
1.273698e-07,0.0167492
1.274198e-07,0.012877
1.274698e-07,0.00727466
1.275198e-07,0.0003816
1.275698e-07,2.45887e-05
1.276198e-07,0.00356724
1.276698e-07,0.00164487
1.277198e-07,0.0003816
1.277698e-07,0.00667049
1.278198e-07,0.0155683
1.278698e-07,0.020182
1.279198e-07,0.0159802
1.279698e-07,0.00996597
1.280198e-07,0.011751
1.280698e-07,0.0228458
1.281198e-07,0.0350666
1.281698e-07,0.0357532
1.282198e-07,0.0342976
1.282698e-07,0.0346272
1.283198e-07,0.0249604
1.283698e-07,0.015431
1.284198e-07,0.0124376
1.284698e-07,0.0100484
1.285198e-07,0.00524244
1.285698e-07,-0.00225479
1.286198e-07,-0.00123868
1.286698e-07,0.00598393
1.287198e-07,0.00540722
1.287698e-07,0.000134438
1.288198e-07,-0.00502849
1.288698e-07,-0.0103562
1.289198e-07,-0.00678608
1.289698e-07,0.00334754
1.290198e-07,0.00419887
1.290698e-07,0.000216825
1.291198e-07,-0.00167808
1.291698e-07,-0.00486372
1.292198e-07,-0.00357298
1.292698e-07,-0.00104644
1.293198e-07,-0.00277657
1.293698e-07,7.95135e-05
1.294198e-07,0.0074669
1.294698e-07,0.0166668
1.295198e-07,0.02713
1.295698e-07,0.0330893
1.296198e-07,0.0297664
1.296698e-07,0.0184793
1.297198e-07,0.00735705
1.297698e-07,-0.00178793
1.298198e-07,-0.0081592
1.298698e-07,-0.00821413
1.299198e-07,-0.00291389
1.299698e-07,0.00579169
1.300198e-07,0.0113666
1.300698e-07,0.0168865
1.301198e-07,0.0284207
1.301698e-07,0.0327872
1.302198e-07,0.0298762
1.302698e-07,0.0280911
1.303198e-07,0.0201545
1.303698e-07,0.0149641
1.304198e-07,0.016502
1.304698e-07,0.0070275
1.305198e-07,-0.00678608
1.305698e-07,-0.00840636
1.306198e-07,-0.000771821
1.306698e-07,0.0102131
1.307198e-07,0.0146071
1.307698e-07,0.0130692
1.308198e-07,0.0227909
1.308698e-07,0.0348744
1.309198e-07,0.0330618
1.309698e-07,0.0305628
1.310198e-07,0.0294643
1.310698e-07,0.0211706
1.311198e-07,0.0204841
1.311698e-07,0.0242739
1.312198e-07,0.0179301
1.312698e-07,0.0105152
1.313198e-07,0.00266098
1.313698e-07,-0.00541296
1.314198e-07,-0.0099168
1.314698e-07,-0.0118941
1.315198e-07,-0.00181539
1.315698e-07,0.011394
1.316198e-07,0.016502
1.316698e-07,0.0204017
1.317198e-07,0.0189736
1.317698e-07,0.0145797
1.318198e-07,0.0176829
1.318698e-07,0.0213903
1.319198e-07,0.0195229
1.319698e-07,0.0224064
1.320198e-07,0.0278989
1.320698e-07,0.0221043
1.321198e-07,0.0157056
1.321698e-07,0.017985
1.322198e-07,0.0170513
1.322698e-07,0.0176554
1.323198e-07,0.0268553
1.323698e-07,0.0312768
1.324198e-07,0.028201
1.324698e-07,0.0285305
1.325198e-07,0.0326224
1.325698e-07,0.0325675
1.326198e-07,0.0286679
1.326698e-07,0.0281186
1.327198e-07,0.0321007
1.327698e-07,0.0332266
1.328198e-07,0.0291896
1.328698e-07,0.0284482
1.329198e-07,0.0282834
1.329698e-07,0.0210882
1.330198e-07,0.0129319
1.330698e-07,0.00796122
1.331198e-07,0.00927941
1.331698e-07,0.0187265
1.332198e-07,0.0233676
1.332698e-07,0.0207587
1.333198e-07,0.0225163
1.333698e-07,0.0252625
1.334198e-07,0.02345
1.334698e-07,0.0207312
1.335198e-07,0.0181498
1.335698e-07,0.0137558
1.336198e-07,0.00667049
1.336698e-07,0.00373201
1.337198e-07,0.00977374
1.337698e-07,0.0179575
1.338198e-07,0.0231205
1.338698e-07,0.022379
1.339198e-07,0.013234
1.339698e-07,0.00689019
1.340198e-07,0.0114489
1.340698e-07,0.0120531
1.341198e-07,0.00856539
1.341698e-07,0.0141677
1.342198e-07,0.0182596
1.342698e-07,0.0191109
1.343198e-07,0.0209235
1.343698e-07,0.0153211
1.344198e-07,0.00960896
1.344698e-07,0.0130143
1.345198e-07,0.0223515
1.345698e-07,0.0286679
1.346198e-07,0.0259216
1.346698e-07,0.0229282
1.347198e-07,0.0253449
1.347698e-07,0.0260864
1.348198e-07,0.0228458
1.348698e-07,0.0199348
1.349198e-07,0.0177653
1.349698e-07,0.0179026
1.350198e-07,0.0188912
1.350698e-07,0.0136459
1.351198e-07,0.0147994
1.351698e-07,0.0264434
1.352198e-07,0.0283932
1.352698e-07,0.0259216
1.353198e-07,0.0338033
1.353698e-07,0.040971
1.354198e-07,0.0404218
1.354698e-07,0.0439644
1.355198e-07,0.0498963
1.355698e-07,0.0439919
1.356198e-07,0.0360552
1.356698e-07,0.0399549
1.357198e-07,0.0438546
1.357698e-07,0.0387191
1.358198e-07,0.0320183
1.358698e-07,0.0293819
1.359198e-07,0.0240816
1.359698e-07,0.0141403
1.360198e-07,0.0119707
1.360698e-07,0.0141128
1.361198e-07,0.0101582
1.361698e-07,0.00656064
1.362198e-07,0.00672541
1.362698e-07,0.0120806
1.363198e-07,0.019413
1.363698e-07,0.0160626
1.364198e-07,0.00801614
1.364698e-07,0.00873017
1.365198e-07,0.0142226
1.365698e-07,0.0182322
1.366198e-07,0.019825
1.366698e-07,0.0255371
1.367198e-07,0.0426737
1.367698e-07,0.0512419
1.368198e-07,0.0385543
1.368698e-07,0.0280362
1.369198e-07,0.0213354
1.369698e-07,0.0122179
1.370198e-07,0.00988359
1.370698e-07,0.00691765
1.371198e-07,0.00288068
1.371698e-07,-0.000469734
1.372198e-07,-0.00464402
1.372698e-07,-0.00329836
1.373198e-07,-0.00458909
1.373698e-07,-0.00722548
1.374198e-07,0.00296306
1.374698e-07,0.0239443
1.375198e-07,0.0403394
1.375698e-07,0.0421519
1.376198e-07,0.0433053
1.376698e-07,0.0500611
1.377198e-07,0.0447608
1.377698e-07,0.0273222
1.378198e-07,0.0142776
1.378698e-07,0.00829077
1.379198e-07,-0.000634509
1.379698e-07,-0.00961471
1.380198e-07,-0.00376522
1.380698e-07,0.0110919
1.381198e-07,0.0184519
1.381698e-07,0.0182322
1.382198e-07,0.0163647
1.382698e-07,0.0184793
1.383198e-07,0.0263336
1.383698e-07,0.0318535
1.384198e-07,0.0295467
1.384698e-07,0.0312768
1.385198e-07,0.0447334
1.385698e-07,0.0522855
1.386198e-07,0.0492921
1.386698e-07,0.0472874
1.387198e-07,0.0439095
1.387698e-07,0.0412731
1.388198e-07,0.0403668
1.388698e-07,0.0366869
1.389198e-07,0.0342702
1.389698e-07,0.0309472
1.390198e-07,0.029684
1.390698e-07,0.0302058
1.391198e-07,0.0225712
1.391698e-07,0.0192483
1.392198e-07,0.0253449
1.392698e-07,0.0335836
1.393198e-07,0.0449805
1.393698e-07,0.0442665
1.394198e-07,0.0346547
1.394698e-07,0.0379227
1.395198e-07,0.0375107
1.395698e-07,0.0208411
1.396198e-07,0.011394
1.396698e-07,0.0167217
1.397198e-07,0.020896
1.397698e-07,0.0175731
1.398198e-07,0.00960896
1.398698e-07,0.00510513
1.399198e-07,0.00631348
1.399698e-07,0.00219412
1.400198e-07,-0.0056052
1.400698e-07,-0.0135144
1.401198e-07,-0.0197483
1.401698e-07,-0.0129377
1.402198e-07,-0.000854208
1.402698e-07,0.00719227
1.403198e-07,0.0153761
1.403698e-07,0.0180399
1.404198e-07,0.0137009
1.404698e-07,0.00700004
1.405198e-07,-0.00285896
1.405698e-07,-0.0111801
1.406198e-07,-0.00958725
1.406698e-07,-0.00340821
1.407198e-07,-0.00225479
1.407698e-07,0.00137025
1.408198e-07,0.013591
1.408698e-07,0.0242464
1.409198e-07,0.0257568
1.409698e-07,0.0205665
1.410198e-07,0.0134537
1.410698e-07,0.00661556
1.411198e-07,0.00191949
1.411698e-07,-0.000716896
1.412198e-07,0.000134438
1.412698e-07,0.00321023
1.413198e-07,-0.00252941
1.413698e-07,-0.0112899
1.414198e-07,-0.00870845
1.414698e-07,-0.00318851
1.415198e-07,-0.00112883
1.415698e-07,0.00189203
1.416198e-07,0.00164487
1.416698e-07,-0.00162315
1.417198e-07,-0.0053855
1.417698e-07,-0.00522073
1.418198e-07,0.00667049
1.418698e-07,0.0133164
1.419198e-07,0.00815346
1.419698e-07,0.00631348
1.420198e-07,0.00694511
1.420698e-07,0.0204566
1.421198e-07,0.0447334
1.421698e-07,0.0489076
1.422198e-07,0.0395979
1.422698e-07,0.0352863
1.423198e-07,0.0307275
1.423698e-07,0.0234225
1.424198e-07,0.00878509
1.424698e-07,-0.00557774
1.425198e-07,-0.00601714
1.425698e-07,-0.00233718
1.426198e-07,-0.000497197
1.426698e-07,0.00321023
1.427198e-07,0.00831823
1.427698e-07,0.0140579
1.428198e-07,0.0153486
1.428698e-07,0.0109272
1.429198e-07,0.0110645
1.429698e-07,0.0166668
1.430198e-07,0.0134812
1.430698e-07,0.00798868
1.431198e-07,0.0158429
1.431698e-07,0.0229831
1.432198e-07,0.0251527
1.432698e-07,0.033666
1.433198e-07,0.0360552
1.433698e-07,0.032595
1.434198e-07,0.0331442
1.434698e-07,0.0236697
1.435198e-07,0.00867524
1.435698e-07,0.0035947
1.436198e-07,-0.000716896
1.436698e-07,-0.00684101
1.437198e-07,-0.00519326
1.437698e-07,0.00411648
1.438198e-07,0.00993851
1.438698e-07,0.00689019
1.439198e-07,0.00645079
1.439698e-07,0.00678034
1.440198e-07,0.00211173
1.440698e-07,0.00922449
1.441198e-07,0.0213629
1.441698e-07,0.0192483
1.442198e-07,0.0132065
1.442698e-07,0.0123277
1.443198e-07,0.0171886
1.443698e-07,0.0216375
1.444198e-07,0.0178751
1.444698e-07,0.0169689
1.445198e-07,0.0192483
1.445698e-07,0.0144698
1.446198e-07,0.0105152
1.446698e-07,0.0122728
1.447198e-07,0.0147719
1.447698e-07,0.0177928
1.448198e-07,0.022736
1.448698e-07,0.0275419
1.449198e-07,0.0300684
1.449698e-07,0.0309747
1.450198e-07,0.0258392
1.450698e-07,0.0115588
1.451198e-07,0.00213919
1.451698e-07,0.00194696
1.452198e-07,0.00178218
1.452698e-07,0.00768659
1.453198e-07,0.0127122
1.453698e-07,0.00378694
1.454198e-07,-0.00324344
1.454698e-07,0.00417141
1.455198e-07,0.0171062
1.455698e-07,0.0238894
1.456198e-07,0.0231479
1.456698e-07,0.0214453
1.457198e-07,0.0233951
1.457698e-07,0.0286404
1.458198e-07,0.0303156
1.458698e-07,0.0247957
1.459198e-07,0.0237521
1.459698e-07,0.0304255
1.460198e-07,0.0331442
1.460698e-07,0.0339132
1.461198e-07,0.0350666
1.461698e-07,0.0299311
1.462198e-07,0.0259765
1.462698e-07,0.0286953
1.463198e-07,0.024878
1.463698e-07,0.0133713
1.464198e-07,0.00798868
1.464698e-07,0.00996597
1.465198e-07,0.0108173
1.465698e-07,0.00730212
1.466198e-07,0.00491289
1.466698e-07,0.00689019
1.467198e-07,0.0029356
1.467698e-07,-0.00829651
1.468198e-07,-0.00928516
1.468698e-07,0.000409062
1.469198e-07,0.00323769
1.469698e-07,0.0024962
1.470198e-07,0.0110919
1.470698e-07,0.0218297
1.471198e-07,0.0267455
1.471698e-07,0.0253174
1.472198e-07,0.0183969
1.472698e-07,0.0178202
1.473198e-07,0.024219
1.473698e-07,0.0246858
1.474198e-07,0.0225163
1.474698e-07,0.0239443
1.475198e-07,0.0214727
1.475698e-07,0.0177378
1.476198e-07,0.0199348
1.476698e-07,0.0190286
1.477198e-07,0.0141128
1.477698e-07,0.011037
1.478198e-07,0.00510513
1.478698e-07,-0.00198017
1.479198e-07,-0.000744358
1.479698e-07,0.0087027
1.480198e-07,0.0127122
1.480698e-07,0.00952657
1.481198e-07,0.0133713
1.481698e-07,0.0163647
1.482198e-07,0.0102681
1.482698e-07,0.00598393
1.483198e-07,-3.03361e-05
1.483698e-07,-0.00500103
1.484198e-07,-0.00140346
1.484698e-07,0.00546214
1.485198e-07,0.0134812
1.485698e-07,0.0158155
1.486198e-07,0.0155683
1.486698e-07,0.0185342
1.487198e-07,0.0182322
1.487698e-07,0.017271
1.488198e-07,0.0158978
1.488698e-07,0.0121904
1.489198e-07,0.0112567
1.489698e-07,0.01252
1.490198e-07,0.0114764
1.490698e-07,0.00461081
1.491198e-07,-0.006484
1.491698e-07,-0.00997172
1.492198e-07,-0.00176047
1.492698e-07,0.00169979
1.493198e-07,-0.0037103
1.493698e-07,-0.000524659
1.494198e-07,0.0112842
1.494698e-07,0.0203193
1.495198e-07,0.0255921
1.495698e-07,0.0314141
1.496198e-07,0.0378678
1.496698e-07,0.0383346
1.497198e-07,0.0342153
1.497698e-07,0.0287777
1.498198e-07,0.0219121
1.498698e-07,0.0213629
1.499198e-07,0.0239169
1.499698e-07,0.0210059
1.500198e-07,0.0232578
1.500698e-07,0.0302058
1.501198e-07,0.031112
1.501698e-07,0.0307825
1.502198e-07,0.029629
1.502698e-07,0.0263061
1.503198e-07,0.0248506
1.503698e-07,0.0249604
1.504198e-07,0.0250154
1.504698e-07,0.0240542
1.505198e-07,0.0238894
1.505698e-07,0.0251527
1.506198e-07,0.0291073
1.506698e-07,0.0360003
1.507198e-07,0.0377579
1.507698e-07,0.0329795
1.508198e-07,0.0255097
1.508698e-07,0.0228184
1.509198e-07,0.0314416
1.509698e-07,0.0313042
1.510198e-07,0.0185068
1.510698e-07,0.0149092
1.511198e-07,0.00886748
1.511698e-07,-0.00425954
1.512198e-07,-0.00406731
1.512698e-07,-8.52608e-05
1.513198e-07,-0.0015133
1.513698e-07,0.00483051
1.514198e-07,0.0124376
1.514698e-07,0.0113116
1.515198e-07,0.0129319
1.515698e-07,0.0211981
1.516198e-07,0.0265807
1.516698e-07,0.0197975
1.517198e-07,0.00653317
1.517698e-07,0.00367709
1.518198e-07,0.00905971
1.518698e-07,0.0105427
1.519198e-07,0.00752182
1.519698e-07,0.00518752
1.520198e-07,0.00966389
1.520698e-07,0.0150465
1.521198e-07,0.00938926
1.521698e-07,0.0061487
1.522198e-07,0.0157056
1.522698e-07,0.0168316
1.523198e-07,0.00856539
1.523698e-07,0.0124925
1.524198e-07,0.0229282
1.524698e-07,0.0248231
1.525198e-07,0.0221867
1.525698e-07,0.0224888
1.526198e-07,0.0239993
1.526698e-07,0.0249604
1.527198e-07,0.0254548
1.527698e-07,0.0243837
1.528198e-07,0.0261688
1.528698e-07,0.0298213
1.529198e-07,0.0230106
1.529698e-07,0.00754928
1.530198e-07,0.00430872
1.530698e-07,0.0152662
1.531198e-07,0.0199623
1.531698e-07,0.0145797
1.532198e-07,0.0118883
1.532698e-07,0.0177928
1.533198e-07,0.0260315
1.533698e-07,0.0286953
1.534198e-07,0.0270476
1.534698e-07,0.0260589
1.535198e-07,0.0266631
1.535698e-07,0.0252625
1.536198e-07,0.0229557
1.536698e-07,0.0219121
1.537198e-07,0.0210608
1.537698e-07,0.0220769
1.538198e-07,0.0218846
1.538698e-07,0.0191933
1.539198e-07,0.0189187
1.539698e-07,0.013591
1.540198e-07,0.00310038
1.540698e-07,0.00356724
1.541198e-07,0.00765913
1.541698e-07,0.00450096
1.542198e-07,0.0107624
1.542698e-07,0.0246584
1.543198e-07,0.0241366
1.543698e-07,0.018342
1.544198e-07,0.0235873
1.544698e-07,0.0266906
1.545198e-07,0.021253
1.545698e-07,0.0179575
1.546198e-07,0.0111469
1.546698e-07,-0.000524659
1.547198e-07,-0.00088167
1.547698e-07,0.00455588
1.548198e-07,0.00340246
1.548698e-07,0.00499528
1.549198e-07,0.0107075
1.549698e-07,0.0158429
1.550198e-07,0.021665
1.550698e-07,0.0185617
1.551198e-07,0.00933434
1.551698e-07,0.00428126
1.552198e-07,-0.00285896
1.552698e-07,-0.00450671
1.553198e-07,0.00639586
1.553698e-07,0.0137283
1.554198e-07,0.0151014
1.554698e-07,0.0212256
1.555198e-07,0.0268828
1.555698e-07,0.0238894
1.556198e-07,0.0195778
1.556698e-07,0.0179575
1.557198e-07,0.00960896
1.557698e-07,-0.00395746
1.558198e-07,-0.00997172
1.558698e-07,-0.00848875
1.559198e-07,-0.00728041
1.559698e-07,-0.00890069
1.560198e-07,-0.0138714
1.560698e-07,-0.0188695
1.561198e-07,-0.0139263
1.561698e-07,0.00169979
1.562198e-07,0.00774152
1.562698e-07,-0.000524659
1.563198e-07,0.00106816
1.563698e-07,0.00999344
1.564198e-07,0.00818092
1.564698e-07,0.00793376
1.565198e-07,0.013234
1.565698e-07,0.0137558
1.566198e-07,0.0185342
1.566698e-07,0.0289699
1.567198e-07,0.0298487
1.567698e-07,0.0255371
1.568198e-07,0.024933
1.568698e-07,0.0160626
1.569198e-07,0.00378694
1.569698e-07,0.00834569
1.570198e-07,0.0230655
1.570698e-07,0.0301234
1.571198e-07,0.0300959
1.571698e-07,0.0313042
1.572198e-07,0.0269377
1.572698e-07,0.0146071
1.573198e-07,0.00840062
1.573698e-07,0.00735705
1.574198e-07,0.000326675
1.574698e-07,-0.00977948
1.575198e-07,-0.0105484
1.575698e-07,-0.0109329
1.576198e-07,-0.0251035
1.576698e-07,-0.0293602
1.577198e-07,-0.0146129
1.577698e-07,-0.0053855
1.578198e-07,-0.000469734
1.578698e-07,0.0142226
1.579198e-07,0.0275968
1.579698e-07,0.0286129
1.580198e-07,0.0277067
1.580698e-07,0.0304529
1.581198e-07,0.0315514
1.581698e-07,0.0277891
1.582198e-07,0.0220494
1.582698e-07,0.0227085
1.583198e-07,0.024933
1.583698e-07,0.0221043
1.584198e-07,0.0196877
1.584698e-07,0.017628
1.585198e-07,0.0179575
1.585698e-07,0.0160626
1.586198e-07,0.00458335
1.586698e-07,-0.00508342
1.587198e-07,-0.0110702
1.587698e-07,-0.0135968
1.588198e-07,-0.0117568
1.588698e-07,-0.0173591
1.589198e-07,-0.0251859
1.589698e-07,-0.0258724
1.590198e-07,-0.0165902
1.590698e-07,0.00216665
1.591198e-07,0.0119707
1.591698e-07,0.00985612
1.592198e-07,0.0146895
1.592698e-07,0.024164
1.593198e-07,0.0226811
1.593698e-07,0.0120531
1.594198e-07,0.00557199
1.594698e-07,0.00730212
1.595198e-07,0.00730212
1.595698e-07,0.00480304
1.596198e-07,0.0131791
