LECROYWR640Zi,59892,Waveform
Segments,1,SegmentSize,4002
Segment,TrigTime,TimeSinceSegment1
#1,01-Nov-2023 13:34:12,0                 
Time,Ampl
-4.043057e-08,0.0217199
-4.038057e-08,0.0236148
-4.033057e-08,0.0279264
-4.028057e-08,0.0210059
-4.023057e-08,0.0057093
-4.018057e-08,-0.00414969
-4.013057e-08,-0.00233718
-4.008057e-08,0.00392425
-4.003057e-08,0.00422633
-3.998057e-08,0.00455588
-3.993057e-08,0.0098012
-3.988057e-08,0.0170238
-3.983057e-08,0.0257294
-3.978057e-08,0.0274595
-3.973057e-08,0.0219396
-3.968057e-08,0.0185617
-3.963057e-08,0.0140853
-3.958057e-08,0.0129044
-3.953057e-08,0.0162549
-3.948057e-08,0.00730212
-3.943057e-08,-0.00681355
-3.938057e-08,-0.00755503
-3.933057e-08,0.000875923
-3.928057e-08,0.00886748
-3.923057e-08,0.0101582
-3.918057e-08,0.00763167
-3.913057e-08,0.00955404
-3.908057e-08,0.0135086
-3.903057e-08,0.0149367
-3.898057e-08,0.0155683
-3.893057e-08,0.00999344
-3.888057e-08,0.000820998
-3.883057e-08,0.00568184
-3.878057e-08,0.0155408
-3.873057e-08,0.0142501
-3.868057e-08,0.0111469
-3.863057e-08,0.0131791
-3.858057e-08,0.0179026
-3.853057e-08,0.0181223
-3.848057e-08,0.0127946
-3.843057e-08,0.0168041
-3.838057e-08,0.0238619
-3.833057e-08,0.0124651
-3.828057e-08,-0.00533058
-3.823057e-08,-0.0067037
-3.818057e-08,0.00373201
-3.813057e-08,0.00713735
-3.808057e-08,0.00441857
-3.803057e-08,0.011037
-3.798057e-08,0.0172984
-3.793057e-08,0.0128221
-3.788057e-08,0.0144423
-3.783057e-08,0.0180948
-3.778057e-08,0.00993851
-3.773057e-08,0.00255113
-3.768057e-08,0.00131532
-3.763057e-08,0.00180964
-3.758057e-08,0.00864778
-3.753057e-08,0.0192757
-3.748057e-08,0.0233402
-3.743057e-08,0.0257568
-3.738057e-08,0.0266906
-3.733057e-08,0.0131516
-3.728057e-08,-0.00165062
-3.723057e-08,-0.0034906
-3.718057e-08,-0.00766488
-3.713057e-08,-0.0168922
-3.708057e-08,-0.0124983
-3.703057e-08,0.00559945
-3.698057e-08,0.0191384
-3.693057e-08,0.0236972
-3.688057e-08,0.0279538
-3.683057e-08,0.0311944
-3.678057e-08,0.0244661
-3.673057e-08,0.0115313
-3.668057e-08,0.00631348
-3.663057e-08,0.00713735
-3.658057e-08,0.00455588
-3.653057e-08,0.003375
-3.648057e-08,0.00933434
-3.643057e-08,0.0172984
-3.638057e-08,0.0220769
-3.633057e-08,0.0263336
-3.628057e-08,0.0281186
-3.623057e-08,0.0225163
-3.618057e-08,0.0191384
-3.613057e-08,0.0223515
-3.608057e-08,0.0215276
-3.603057e-08,0.017985
-3.598057e-08,0.0199348
-3.593057e-08,0.0210059
-3.588057e-08,0.0142501
-3.583057e-08,0.00491289
-3.578057e-08,0.00255113
-3.573057e-08,0.00790629
-3.568057e-08,0.00779644
-3.563057e-08,5.20511e-05
-3.558057e-08,-0.0015133
-3.553057e-08,0.00375947
-3.548057e-08,0.00798868
-3.543057e-08,0.0110919
-3.538057e-08,0.0113666
-3.533057e-08,0.00837315
-3.528057e-08,0.0117236
-3.523057e-08,0.0214453
-3.518057e-08,0.023093
-3.513057e-08,0.0180125
-3.508057e-08,0.0155408
-3.503057e-08,0.0102681
-3.498057e-08,0.00669795
-3.493057e-08,0.0107349
-3.488057e-08,0.0130143
-3.483057e-08,0.00925195
-3.478057e-08,0.000546374
-3.473057e-08,-0.0081592
-3.468057e-08,-0.0109329
-3.463057e-08,-0.0111526
-3.458057e-08,-0.013075
-3.453057e-08,-0.0111801
-3.448057e-08,-0.00706071
-3.443057e-08,-0.00988933
-3.438057e-08,-0.0113723
-3.433057e-08,-0.00266673
-3.428057e-08,0.0107624
-3.423057e-08,0.0194405
-3.418057e-08,0.0173259
-3.413057e-08,0.0145247
-3.408057e-08,0.0128495
-3.403057e-08,-0.00030496
-3.398057e-08,-0.015629
-3.393057e-08,-0.0223023
-3.388057e-08,-0.0231262
-3.383057e-08,-0.0175239
-3.378057e-08,-0.00791204
-3.373057e-08,-0.00167808
-3.368057e-08,-0.000442272
-3.363057e-08,-0.000359885
-3.358057e-08,0.00145263
-3.353057e-08,0.00620363
-3.348057e-08,0.0100758
-3.343057e-08,0.0114215
-3.338057e-08,0.013948
-3.333057e-08,0.0118609
-3.328057e-08,0.00787883
-3.323057e-08,0.0113391
-3.318057e-08,0.00971881
-3.313057e-08,0.00112308
-3.308057e-08,-0.00489118
-3.303057e-08,-0.00873591
-3.298057e-08,-0.00675862
-3.293057e-08,-0.00541296
-3.288057e-08,-0.00870845
-3.283057e-08,-0.00689593
-3.278057e-08,-0.00019511
-3.273057e-08,0.00661556
-3.268057e-08,0.00829077
-3.263057e-08,0.00430872
-3.258057e-08,0.00546214
-3.253057e-08,0.00908718
-3.248057e-08,0.0063684
-3.243057e-08,0.00246874
-3.238057e-08,-0.00310612
-3.233057e-08,-0.0102738
-3.228057e-08,-0.0143108
-3.223057e-08,-0.0204349
-3.218057e-08,-0.0270259
-3.213057e-08,-0.0246092
-3.208057e-08,-0.0178809
-3.203057e-08,-0.0157937
-3.198057e-08,-0.01302
-3.193057e-08,-0.00258434
-3.188057e-08,0.0108173
-3.183057e-08,0.0190835
-3.178057e-08,0.0182047
-3.173057e-08,0.0126298
-3.168057e-08,0.0134262
-3.163057e-08,0.0158704
-3.158057e-08,0.0115588
-3.153057e-08,0.00911464
-3.148057e-08,0.00949911
-3.143057e-08,0.0105701
-3.138057e-08,0.0131241
-3.133057e-08,0.00903225
-3.128057e-08,0.00233143
-3.123057e-08,0.00134278
-3.118057e-08,0.0003816
-3.113057e-08,-0.00123868
-3.108057e-08,-0.00379268
-3.103057e-08,-0.0121962
-3.098057e-08,-0.0151621
-3.093057e-08,-0.00406731
-3.088057e-08,0.00554453
-3.083057e-08,0.00433618
-3.078057e-08,0.0014801
-3.073057e-08,0.00213919
-3.068057e-08,0.00738451
-3.063057e-08,0.012163
-3.058057e-08,0.00488543
-3.053057e-08,-0.00653892
-3.048057e-08,-0.00769234
-3.043057e-08,-0.00722548
-3.038057e-08,-0.0167824
-3.033057e-08,-0.0240599
-3.028057e-08,-0.020737
-3.023057e-08,-0.0210391
-3.018057e-08,-0.0228516
-3.013057e-08,-0.0183752
-3.008057e-08,-0.0173042
-3.003057e-08,-0.0165902
-2.998057e-08,-0.0107681
-2.993057e-08,-0.0060446
-2.988057e-08,0.00194696
-2.983057e-08,0.0138107
-2.978057e-08,0.0205665
-2.973057e-08,0.0287777
-2.968057e-08,0.0385818
-2.963057e-08,0.0343251
-2.958057e-08,0.018699
-2.953057e-08,0.00417141
-2.948057e-08,-0.0051658
-2.943057e-08,-0.0136242
-2.938057e-08,-0.0216982
-2.933057e-08,-0.0194462
-2.928057e-08,-0.00942247
-2.923057e-08,-0.00346313
-2.918057e-08,-0.00154077
-2.913057e-08,0.00150756
-2.908057e-08,0.0044735
-2.903057e-08,0.00145263
-2.898057e-08,-0.0129651
-2.893057e-08,-0.0261471
-2.888057e-08,-0.0193639
-2.883057e-08,-0.00977948
-2.878057e-08,-0.0129102
-2.873057e-08,-0.011235
-2.868057e-08,-0.00986187
-2.863057e-08,-0.0134869
-2.858057e-08,-0.00203509
-2.853057e-08,0.0115039
-2.848057e-08,0.00678034
-2.843057e-08,-0.00176047
-2.838057e-08,-0.000359885
-2.833057e-08,0.00485797
-2.828057e-08,0.00790629
-2.823057e-08,0.00710988
-2.818057e-08,0.00268844
-2.813057e-08,-0.000469734
-2.808057e-08,-0.00307866
-2.803057e-08,-0.0062643
-2.798057e-08,-0.00703324
-2.793057e-08,-0.00612699
-2.788057e-08,-0.00763742
-2.783057e-08,-0.0102463
-2.778057e-08,-0.00656638
-2.773057e-08,0.00200188
-2.768057e-08,0.00499528
-2.763057e-08,0.00150756
-2.758057e-08,0.00164487
-2.753057e-08,0.000491449
-2.748057e-08,-0.0100816
-2.743057e-08,-0.0140087
-2.738057e-08,-0.00818667
-2.733057e-08,-0.00865353
-2.728057e-08,-0.0062643
-2.723057e-08,0.00557199
-2.718057e-08,0.00562692
-2.713057e-08,-0.00555028
-2.708057e-08,-0.00697832
-2.703057e-08,7.95135e-05
-2.698057e-08,0.00178218
-2.693057e-08,-0.00442432
-2.688057e-08,-0.00988933
-2.683057e-08,-0.00966963
-2.678057e-08,-0.00760996
-2.673057e-08,0.000354137
-2.668057e-08,0.0157331
-2.663057e-08,0.023093
-2.658057e-08,0.0174083
-2.653057e-08,0.0120531
-2.648057e-08,0.0139755
-2.643057e-08,0.0189187
-2.638057e-08,0.0192757
-2.633057e-08,0.0108722
-2.628057e-08,0.00406156
-2.623057e-08,0.00290814
-2.618057e-08,-0.0026118
-2.613057e-08,-0.0085986
-2.608057e-08,-0.0104386
-2.603057e-08,-0.0120314
-2.598057e-08,-0.0104386
-2.593057e-08,-0.00923024
-2.588057e-08,-0.0159311
-2.583057e-08,-0.0188421
-2.578057e-08,-0.00810428
-2.573057e-08,0.00266098
-2.568057e-08,0.0061487
-2.563057e-08,0.00941673
-2.558057e-08,0.011394
-2.553057e-08,0.00565438
-2.548057e-08,-0.000140186
-2.543057e-08,0.00310038
-2.538057e-08,0.00691765
-2.533057e-08,0.00938926
-2.528057e-08,0.0142501
-2.523057e-08,0.0158429
-2.518057e-08,0.0132889
-2.513057e-08,0.0104603
-2.508057e-08,0.00708242
-2.503057e-08,0.00175472
-2.498057e-08,-0.00252941
-2.493057e-08,-0.00288642
-2.488057e-08,-0.00431447
-2.483057e-08,-0.00766488
-2.478057e-08,-0.0021724
-2.473057e-08,0.00790629
-2.468057e-08,0.00689019
-2.463057e-08,-0.00165062
-2.458057e-08,-0.0083789
-2.453057e-08,-0.0115645
-2.448057e-08,-0.010109
-2.443057e-08,-0.00530311
-2.438057e-08,-0.00351806
-2.433057e-08,-0.00170554
-2.428057e-08,0.00911464
-2.423057e-08,0.0181498
-2.418057e-08,0.0157331
-2.413057e-08,0.00862032
-2.408057e-08,0.00268844
-2.403057e-08,0.000985772
-2.398057e-08,0.00230397
-2.393057e-08,-0.0019527
-2.388057e-08,-0.0101365
-2.383057e-08,-0.00601714
-2.378057e-08,0.00430872
-2.373057e-08,0.00400663
-2.368057e-08,0.00477558
-2.363057e-08,0.0109272
-2.358057e-08,0.00790629
-2.353057e-08,-0.00192524
-2.348057e-08,-0.00906546
-2.343057e-08,-0.010521
-2.338057e-08,-0.0094774
-2.333057e-08,-0.00736279
-2.328057e-08,-0.00566013
-2.323057e-08,-0.0105759
-2.318057e-08,-0.0104111
-2.313057e-08,0.00175472
-2.308057e-08,0.00743943
-2.303057e-08,0.00340246
-2.298057e-08,0.000299213
-2.293057e-08,-0.00272165
-2.288057e-08,-0.00563266
-2.283057e-08,-0.00382015
-2.278057e-08,0.00189203
-2.273057e-08,0.0111743
-2.268057e-08,0.0207312
-2.263057e-08,0.0182047
-2.258057e-08,0.00889494
-2.253057e-08,0.00488543
-2.248057e-08,-0.000689433
-2.243057e-08,-0.00313359
-2.238057e-08,0.000628761
-2.233057e-08,-0.00214494
-2.228057e-08,-0.00296881
-2.223057e-08,0.00290814
-2.218057e-08,-0.00236464
-2.213057e-08,-0.0122786
-2.208057e-08,-0.00631922
-2.203057e-08,0.00131532
-2.198057e-08,-0.00629176
-2.193057e-08,-0.0132947
-2.188057e-08,-0.010521
-2.183057e-08,-0.00376522
-2.178057e-08,0.00268844
-2.173057e-08,0.00392425
-2.168057e-08,0.00419887
-2.163057e-08,0.00158994
-2.158057e-08,-0.00406731
-2.153057e-08,-0.000414809
-2.148057e-08,0.000793536
-2.143057e-08,-0.00733533
-2.138057e-08,-0.00645653
-2.133057e-08,-0.0021724
-2.128057e-08,-0.00497357
-2.123057e-08,-0.0015133
-2.118057e-08,0.0123003
-2.113057e-08,0.0206488
-2.108057e-08,0.013591
-2.103057e-08,0.00384186
-2.098057e-08,0.00667049
-2.093057e-08,0.0177653
-2.088057e-08,0.0238345
-2.083057e-08,0.0244661
-2.078057e-08,0.0236422
-2.073057e-08,0.0168041
-2.068057e-08,0.0101857
-2.063057e-08,0.00790629
-2.058057e-08,0.00417141
-2.053057e-08,0.00820838
-2.048057e-08,0.0139206
-2.043057e-08,0.00334754
-2.038057e-08,-0.00519326
-2.033057e-08,0.00139771
-2.028057e-08,0.0107349
-2.023057e-08,0.01977
-2.018057e-08,0.0240816
-2.013057e-08,0.0249604
-2.008057e-08,0.024164
-2.003057e-08,0.0187814
-1.998057e-08,0.0178202
-1.993057e-08,0.0170787
-1.988057e-08,0.0133438
-1.983057e-08,0.0160626
-1.978057e-08,0.0222142
-1.973057e-08,0.021253
-1.968057e-08,0.0133438
-1.963057e-08,0.0101857
-1.958057e-08,0.00485797
-1.953057e-08,-0.00491864
-1.948057e-08,-0.00263926
-1.943057e-08,-0.000442272
-1.938057e-08,-0.00244703
-1.933057e-08,0.00469319
-1.928057e-08,0.0065881
-1.923057e-08,0.00180964
-1.918057e-08,0.00205681
-1.913057e-08,0.0012604
-1.908057e-08,-0.00189778
-1.903057e-08,-0.00414969
-1.898057e-08,-0.00351806
-1.893057e-08,-0.000689433
-1.888057e-08,-0.00088167
-1.883057e-08,-0.00189778
-1.878057e-08,0.00279829
-1.873057e-08,0.00664302
-1.868057e-08,0.00400663
-1.863057e-08,0.00787883
-1.858057e-08,0.0144149
-1.853057e-08,0.0134537
-1.848057e-08,0.011037
-1.843057e-08,0.00175472
-1.838057e-08,-0.00728041
-1.833057e-08,-0.00379268
-1.828057e-08,0.00326515
-1.823057e-08,0.00837315
-1.818057e-08,0.0063684
-1.813057e-08,0.00219412
-1.808057e-08,0.00763167
-1.803057e-08,0.0156507
-1.798057e-08,0.0171886
-1.793057e-08,0.0158978
-1.788057e-08,0.0202369
-1.783057e-08,0.0275144
-1.778057e-08,0.0285031
-1.773057e-08,0.0274321
-1.768057e-08,0.0268553
-1.763057e-08,0.0233676
-1.758057e-08,0.0256745
-1.753057e-08,0.029629
-1.748057e-08,0.0239993
-1.743057e-08,0.0209784
-1.738057e-08,0.0270201
-1.733057e-08,0.0329245
-1.728057e-08,0.0273497
-1.723057e-08,0.0129594
-1.718057e-08,0.00562692
-1.713057e-08,0.00169979
-1.708057e-08,-0.00601714
-1.703057e-08,-0.00964217
-1.698057e-08,-0.0107407
-1.693057e-08,-0.0135418
-1.688057e-08,-0.0112625
-1.683057e-08,-0.00733533
-1.678057e-08,-0.00887322
-1.673057e-08,-0.012663
-1.668057e-08,-0.0159311
-1.663057e-08,-0.0138165
-1.658057e-08,-0.00640161
-1.653057e-08,-0.00126614
-1.648057e-08,-0.000552121
-1.643057e-08,-0.00129361
-1.638057e-08,0.00628601
-1.633057e-08,0.0209235
-1.628057e-08,0.0248506
-1.623057e-08,0.0156507
-1.618057e-08,0.00875763
-1.613057e-08,0.0102681
-1.608057e-08,0.0101307
-1.603057e-08,0.0155958
-1.598057e-08,0.0324027
-1.593057e-08,0.0366594
-1.588057e-08,0.0300135
-1.583057e-08,0.0243013
-1.578057e-08,0.0095815
-1.573057e-08,-0.0067037
-1.568057e-08,-0.00703324
-1.563057e-08,0.00428126
-1.558057e-08,0.00397917
-1.553057e-08,-0.00988933
-1.548057e-08,-0.00931262
-1.543057e-08,0.00782391
-1.538057e-08,0.0188912
-1.533057e-08,0.0208685
-1.528057e-08,0.0138656
-1.523057e-08,0.00172726
-1.518057e-08,0.000711148
-1.513057e-08,0.00540722
-1.508057e-08,0.00653317
-1.503057e-08,0.00321023
-1.498057e-08,-0.00445178
-1.493057e-08,-0.00398492
-1.488057e-08,0.00186457
-1.483057e-08,0.000711148
-1.478057e-08,-0.00230971
-1.473057e-08,-0.00115629
-1.468057e-08,-0.00129361
-1.463057e-08,-0.00750011
-1.458057e-08,-0.00988933
-1.453057e-08,-0.00623684
-1.448057e-08,-0.00791204
-1.443057e-08,-0.0103562
-1.438057e-08,-0.00870845
-1.433057e-08,-0.00725294
-1.428057e-08,-0.00335328
-1.423057e-08,0.00367709
-1.418057e-08,0.0101857
-1.413057e-08,0.0124925
-1.408057e-08,0.0141952
-1.403057e-08,0.0188638
-1.398057e-08,0.0209784
-1.393057e-08,0.0181498
-1.388057e-08,0.00823584
-1.383057e-08,-0.00310612
-1.378057e-08,-0.00266673
-1.373057e-08,0.00537975
-1.368057e-08,0.00634094
-1.363057e-08,0.000628761
-1.358057e-08,0.0038144
-1.353057e-08,0.0149916
-1.348057e-08,0.0179301
-1.343057e-08,0.0184519
-1.338057e-08,0.02345
-1.333057e-08,0.0241366
-1.328057e-08,0.0212256
-1.323057e-08,0.0149916
-1.318057e-08,0.00027175
-1.313057e-08,-0.0112075
-1.308057e-08,-0.00263926
-1.303057e-08,0.0091421
-1.298057e-08,0.0061487
-1.293057e-08,-0.00165062
-1.288057e-08,-0.00892815
-1.283057e-08,-0.00824159
-1.278057e-08,-0.000497197
-1.273057e-08,-0.00129361
-1.268057e-08,-0.0085986
-1.263057e-08,-0.0109878
-1.258057e-08,-0.00788458
-1.253057e-08,-0.00728041
-1.248057e-08,-0.00686847
-1.243057e-08,0.000711148
-1.238057e-08,0.00955404
-1.233057e-08,0.0118609
-1.228057e-08,0.00996597
-1.223057e-08,0.00919703
-1.218057e-08,0.00496782
-1.213057e-08,-0.00480879
-1.208057e-08,-0.00862606
-1.203057e-08,-0.00851621
-1.198057e-08,-0.0096971
-1.193057e-08,-0.00615445
-1.188057e-08,-0.00612699
-1.183057e-08,-0.00686847
-1.178057e-08,-0.00241956
-1.173057e-08,-0.00329836
-1.168057e-08,-0.00480879
-1.163057e-08,-0.0105484
-1.158057e-08,-0.0204349
-1.153057e-08,-0.00988933
-1.148057e-08,0.0107898
-1.143057e-08,0.0128221
-1.138057e-08,0.00875763
-1.133057e-08,0.013948
-1.128057e-08,0.0149092
-1.123057e-08,0.0108997
-1.118057e-08,0.00905971
-1.113057e-08,0.00205681
-1.108057e-08,-0.00486372
-1.103057e-08,0.000326675
-1.098057e-08,0.00422633
-1.093057e-08,-0.00159569
-1.088057e-08,-0.00524819
-1.083057e-08,-0.0101914
-1.078057e-08,-0.0182379
-1.073057e-08,-0.0157937
-1.068057e-08,-0.000497197
-1.063057e-08,0.0150191
-1.058057e-08,0.0199348
-1.053057e-08,0.0168865
-1.048057e-08,0.0108997
-1.043057e-08,0.00576423
-1.038057e-08,0.00472066
-1.033057e-08,0.00375947
-1.028057e-08,0.00115055
-1.023057e-08,0.0042538
-1.018057e-08,0.0115588
-1.013057e-08,0.0137283
-1.008057e-08,0.0173534
-1.003057e-08,0.024933
-9.98057e-09,0.0216924
-9.93057e-09,0.0115039
-9.88057e-09,0.00765913
-9.83057e-09,0.00419887
-9.78057e-09,-0.000359885
-9.73057e-09,0.00186457
-9.68057e-09,0.00323769
-9.63057e-09,-0.00442432
-9.58057e-09,-0.0124433
-9.53057e-09,-0.0133496
-9.48057e-09,-0.0126081
-9.43057e-09,-0.0176337
-9.38057e-09,-0.0217805
-9.33057e-09,-0.0177985
-9.28057e-09,-0.0149973
-9.23057e-09,-0.018128
-9.18057e-09,-0.0182654
-9.13057e-09,-0.0147776
-9.08057e-09,-0.013789
-9.03057e-09,-0.00986187
-8.98057e-09,-0.00522073
-8.93057e-09,-0.00890069
-8.88057e-09,-0.0132947
-8.83057e-09,-0.0115096
-8.78057e-09,-0.00750011
-8.73057e-09,-0.00541296
-8.68057e-09,-0.0081592
-8.63057e-09,-0.0125532
-8.58057e-09,-0.0143932
-8.53057e-09,-0.0149973
-8.48057e-09,-0.00980695
-8.43057e-09,-0.000771821
-8.38057e-09,0.000134438
-8.33057e-09,-0.00170554
-8.28057e-09,-3.03361e-05
-8.23057e-09,-0.00447924
-8.18057e-09,-0.00818667
-8.13057e-09,-0.00269419
-8.08057e-09,0.00219412
-8.03057e-09,0.00716481
-7.98057e-09,0.0152662
-7.93057e-09,0.0210333
-7.88057e-09,0.023807
-7.83057e-09,0.0239718
-7.78057e-09,0.0180948
-7.73057e-09,0.00845554
-7.68057e-09,-0.000607046
-7.63057e-09,-0.0149973
-7.58057e-09,-0.03131
-7.53057e-09,-0.0354019
-7.48057e-09,-0.0307333
-7.43057e-09,-0.0212313
-7.38057e-09,-0.00848875
-7.33057e-09,-0.00623684
-7.28057e-09,-0.011592
-7.23057e-09,-0.013075
-7.18057e-09,-0.0132672
-7.13057e-09,-0.010521
-7.08057e-09,-0.00167808
-7.03057e-09,0.00603885
-6.98057e-09,0.00433618
-6.93057e-09,-0.00393
-6.88057e-09,-0.00601714
-6.83057e-09,-0.00612699
-6.78057e-09,-0.0163705
-6.73057e-09,-0.0224671
-6.68057e-09,-0.0195836
-6.63057e-09,-0.0242522
-6.58057e-09,-0.0291679
-6.53057e-09,-0.021451
-6.48057e-09,-0.00651146
-6.43057e-09,0.00115055
-6.38057e-09,-0.00403984
-6.33057e-09,-0.00752757
-6.28057e-09,-0.00857114
-6.23057e-09,-0.0197758
-6.18057e-09,-0.0289208
-6.13057e-09,-0.0195836
-6.08057e-09,-0.00360045
-6.03057e-09,0.000683686
-5.98057e-09,-0.00368283
-5.93057e-09,-0.00593475
-5.88057e-09,-0.00895561
-5.83057e-09,-0.0140087
-5.78057e-09,-0.0138988
-5.73057e-09,-0.0114822
-5.68057e-09,-0.0110153
-5.63057e-09,-0.00950486
-5.58057e-09,-0.0110702
-5.53057e-09,-0.0139538
-5.48057e-09,-0.00722548
-5.43057e-09,-0.00187032
-5.38057e-09,-0.00382015
-5.33057e-09,-0.00140346
-5.28057e-09,-5.77984e-05
-5.23057e-09,-0.00140346
-5.18057e-09,-0.000524659
-5.13057e-09,-0.00252941
-5.08057e-09,-0.00810428
-5.03057e-09,-0.0160958
-4.98057e-09,-0.0269984
-4.93057e-09,-0.0334521
-4.88057e-09,-0.025845
-4.83057e-09,-0.0147502
-4.78057e-09,-0.0112899
-4.73057e-09,-0.0103013
-4.68057e-09,-0.0140362
-4.63057e-09,-0.0171119
-4.58057e-09,-0.0128003
-4.53057e-09,-0.012306
-4.48057e-09,-0.0157663
-4.43057e-09,-0.0208468
-4.38057e-09,-0.0307333
-4.33057e-09,-0.0318592
-4.28057e-09,-0.0170296
-4.23057e-09,-0.00434193
-4.18057e-09,-0.00214494
-4.13057e-09,0.00233143
-4.08057e-09,0.00675287
-4.03057e-09,-0.00019511
-3.98057e-09,-0.00376522
-3.93057e-09,0.00524244
-3.88057e-09,0.00735705
-3.83057e-09,0.0010407
-3.78057e-09,0.000930848
-3.73057e-09,0.00455588
-3.68057e-09,0.00433618
-3.63057e-09,-0.00285896
-3.58057e-09,-0.0134045
-3.53057e-09,-0.0169197
-3.48057e-09,-0.00659385
-3.43057e-09,0.0070275
-3.38057e-09,0.0115588
-3.33057e-09,0.0105976
-3.28057e-09,0.00392425
-3.23057e-09,-0.00439686
-3.18057e-09,-0.0053855
-3.13057e-09,-0.0062643
-3.08057e-09,-0.0106583
-3.03057e-09,-0.0100541
-2.98057e-09,-0.00977948
-2.93057e-09,-0.0121138
-2.88057e-09,-0.000332422
-2.83057e-09,0.0148268
-2.78057e-09,0.0163098
-2.73057e-09,0.0144973
-2.68057e-09,0.00842808
-2.63057e-09,-0.00198017
-2.58057e-09,-0.00310612
-2.53057e-09,0.00178218
-2.48057e-09,-0.000112723
-2.43057e-09,-0.00895561
-2.38057e-09,-0.0133771
-2.33057e-09,-0.0113723
-2.28057e-09,-0.0115645
-2.23057e-09,-0.0132397
-2.18057e-09,-0.0133221
-2.13057e-09,-0.0142559
-2.08057e-09,-0.0143657
-2.03057e-09,-0.0132123
-1.98057e-09,-0.0153818
-1.93057e-09,-0.0171943
-1.88057e-09,-0.0106034
-1.83057e-09,-0.000771821
-1.78057e-09,0.00200188
-1.73057e-09,-0.00156823
-1.68057e-09,-0.00942247
-1.63057e-09,-0.0132947
-1.58057e-09,-0.00478133
-1.53057e-09,0.000683686
-1.48057e-09,-0.00200763
-1.43057e-09,0.0022765
-1.38057e-09,0.0101307
-1.33057e-09,0.0104328
-1.28057e-09,0.00897733
-1.23057e-09,0.0101033
-1.18057e-09,0.00757675
-1.13057e-09,0.00576423
-1.08057e-09,0.0065881
-1.03057e-09,0.00205681
-9.805701e-10,-0.00140346
-9.305701e-10,-0.00530311
-8.805701e-10,-0.0186224
-8.305701e-10,-0.0233184
-7.805701e-10,-0.0138988
-7.305701e-10,-0.00975202
-6.805701e-10,-0.0105484
-6.305701e-10,-0.00810428
-5.805701e-10,-0.00879084
-5.305701e-10,-0.0144206
-4.805701e-10,-0.0166451
-4.305701e-10,-0.0114272
-3.805701e-10,-0.00269419
-3.305701e-10,0.00211173
-2.805701e-10,0.000711148
-2.305701e-10,-0.00148584
-1.805701e-10,0.00823584
-1.305701e-10,0.0392134
-8.057013e-11,0.0843341
-3.057013e-11,0.131569
1.942987e-11,0.181084
6.942987e-11,0.248999
1.194299e-10,0.333995
1.694299e-10,0.40482
2.194299e-10,0.446151
2.694299e-10,0.464111
3.194299e-10,0.452934
3.694299e-10,0.403667
4.194299e-10,0.334242
4.694299e-10,0.266163
5.194299e-10,0.209233
5.694299e-10,0.172543
6.194299e-10,0.150875
6.694299e-10,0.139396
7.194299e-10,0.135771
7.694299e-10,0.13275
8.194299e-10,0.12907
8.694299e-10,0.121958
9.194299e-10,0.106414
9.694299e-10,0.0761778
1.01943e-09,0.0410809
1.06943e-09,0.024164
1.11943e-09,0.0199348
1.16943e-09,0.0169414
1.21943e-09,0.0230106
1.26943e-09,0.0334189
1.31943e-09,0.0355609
1.36943e-09,0.0273222
1.41943e-09,0.0141677
1.46943e-09,0.00752182
1.51943e-09,0.00993851
1.56943e-09,0.00974627
1.61943e-09,0.00483051
1.66943e-09,0.00452842
1.71943e-09,0.00859285
1.76943e-09,0.0146071
1.81943e-09,0.0198524
1.86943e-09,0.0207587
1.91943e-09,0.0221318
1.96943e-09,0.0244661
2.01943e-09,0.026004
2.06943e-09,0.0282285
2.11943e-09,0.0269652
2.16943e-09,0.0196327
2.21943e-09,0.011806
2.26943e-09,0.00694511
2.31943e-09,0.00252367
2.36943e-09,-0.00360045
2.41943e-09,-0.00684101
2.46943e-09,-0.00230971
2.51943e-09,0.00689019
2.56943e-09,0.0182871
2.61943e-09,0.0266082
2.66943e-09,0.0251252
2.71943e-09,0.0210059
2.76943e-09,0.0174907
2.81943e-09,0.00889494
2.86943e-09,-0.000771821
2.91943e-09,-0.00431447
2.96943e-09,-0.000854208
3.01943e-09,0.00109562
3.06943e-09,-0.000909132
3.11943e-09,0.00656064
3.16943e-09,0.0148268
3.21943e-09,0.008483
3.26943e-09,0.00776898
3.31943e-09,0.0160626
3.36943e-09,0.0171337
3.41943e-09,0.0215551
3.46943e-09,0.029272
3.51943e-09,0.0303156
3.56943e-09,0.0243837
3.61943e-09,0.0120531
3.66943e-09,0.00894986
3.71943e-09,0.0144423
3.76943e-09,0.0120806
3.81943e-09,0.00672541
3.86943e-09,0.00318276
3.91943e-09,0.00224904
3.96943e-09,0.00565438
4.01943e-09,0.00774152
4.06943e-09,0.00664302
4.11943e-09,0.00279829
4.16943e-09,-0.0023921
4.21943e-09,-0.00469894
4.26943e-09,-0.0028315
4.31943e-09,0.00211173
4.36943e-09,0.0054896
4.41943e-09,0.00760421
4.46943e-09,0.0108173
4.51943e-09,0.00873017
4.56943e-09,0.0003816
4.61943e-09,-0.0109329
4.66943e-09,-0.0179907
4.71943e-09,-0.0143657
4.76943e-09,-0.0126356
4.81943e-09,-0.0169197
4.86943e-09,-0.0150523
4.91943e-09,-0.00659385
4.96943e-09,0.00444603
5.01943e-09,0.01068
5.06943e-09,0.0100484
5.11943e-09,0.00922449
5.16943e-09,0.0031553
5.21943e-09,-0.000140186
5.26943e-09,0.00667049
5.31943e-09,0.00864778
5.36943e-09,0.00809853
5.41943e-09,0.0104878
5.46943e-09,0.0102955
5.51943e-09,0.0108448
5.56943e-09,0.0134262
5.61943e-09,0.0117785
5.66943e-09,0.00472066
5.71943e-09,-0.0021724
5.76943e-09,-0.00813174
5.81943e-09,-0.0144481
5.86943e-09,-0.0179358
5.91943e-09,-0.0156564
5.96943e-09,-0.0028315
6.01943e-09,0.0114215
6.06943e-09,0.0140853
6.11943e-09,0.0157056
6.16943e-09,0.0129594
6.21943e-09,-0.00384761
6.26943e-09,-0.0167549
6.31943e-09,-0.0198582
6.36943e-09,-0.019968
6.41943e-09,-0.0144206
6.46943e-09,-0.00563266
6.51943e-09,0.00623109
6.56943e-09,0.0222966
6.61943e-09,0.0304529
6.66943e-09,0.0271574
6.71943e-09,0.02161
6.76943e-09,0.0134812
6.81943e-09,0.00878509
6.86943e-09,0.013234
6.91943e-09,0.00612124
6.96943e-09,-0.0112899
7.01943e-09,-0.00700578
7.06943e-09,0.0118334
7.11943e-09,0.0208136
7.16943e-09,0.027844
7.21943e-09,0.0367693
7.26943e-09,0.0336935
7.31943e-09,0.0224064
7.36943e-09,0.0162549
7.41943e-09,0.0152388
7.46943e-09,0.0189462
7.51943e-09,0.0246034
7.56943e-09,0.0238894
7.61943e-09,0.0234225
7.66943e-09,0.0260864
7.71943e-09,0.0207587
7.76943e-09,0.010323
7.81943e-09,-0.00431447
7.86943e-09,-0.0217805
7.91943e-09,-0.0198307
7.96943e-09,-0.00675862
8.01943e-09,-0.00101898
8.06943e-09,0.0135635
8.11943e-09,0.0301783
8.16943e-09,0.0310845
8.21943e-09,0.0274321
8.26943e-09,0.023093
8.31943e-09,0.0151838
8.36943e-09,0.0144973
8.41943e-09,0.0212805
8.46943e-09,0.019413
8.51943e-09,0.00873017
8.56943e-09,-0.00351806
8.61943e-09,-0.0165352
8.66943e-09,-0.021808
8.71943e-09,-0.0198307
8.76943e-09,-0.0211489
8.81943e-09,-0.0196659
8.86943e-09,-0.0134045
8.91943e-09,-0.0141735
8.96943e-09,-0.0172767
9.01943e-09,-0.0211764
9.06943e-09,-0.0259548
9.11943e-09,-0.0189245
9.16943e-09,-0.00706071
9.21943e-09,0.00186457
9.26943e-09,0.0100209
9.31943e-09,0.0114215
9.36943e-09,0.00326515
9.41943e-09,-0.0126905
9.46943e-09,-0.0230987
9.51943e-09,-0.0191716
9.56943e-09,-0.0187597
9.61943e-09,-0.0302664
9.66943e-09,-0.0372419
9.71943e-09,-0.0310628
9.76943e-09,-0.0258999
9.81943e-09,-0.0267512
9.86943e-09,-0.0192265
9.91943e-09,-0.0096971
9.96943e-09,-0.0085986
1.001943e-08,-0.00533058
1.006943e-08,-0.00233718
1.011943e-08,-0.00623684
1.016943e-08,-0.00228225
1.021943e-08,0.00952657
1.026943e-08,0.0118609
1.031943e-08,0.0120531
1.036943e-08,0.0167217
1.041943e-08,0.0145247
1.046943e-08,0.011037
1.051943e-08,0.0134537
1.056943e-08,0.0162823
1.061943e-08,0.0186166
1.066943e-08,0.0185892
1.071943e-08,0.0159253
1.076943e-08,0.0138107
1.081943e-08,0.014662
1.086943e-08,0.0170513
1.091943e-08,0.0129868
1.096943e-08,0.00579169
1.101943e-08,0.00332008
1.106943e-08,0.00282575
1.111943e-08,0.00650571
1.116943e-08,0.0146071
1.121943e-08,0.0193032
1.126943e-08,0.021967
1.131943e-08,0.0244936
1.136943e-08,0.021967
1.141943e-08,0.0150191
1.146943e-08,0.00796122
1.151943e-08,0.00661556
1.156943e-08,0.0103779
1.161943e-08,0.0102681
1.166943e-08,0.00554453
1.171943e-08,0.00581915
1.176943e-08,0.015431
1.181943e-08,0.0215551
1.186943e-08,0.0216924
1.191943e-08,0.0244936
1.196943e-08,0.0239993
1.201943e-08,0.0188089
1.206943e-08,0.0131241
1.211943e-08,0.00875763
1.216943e-08,0.00754928
1.221943e-08,0.00735705
1.226943e-08,0.00735705
1.231943e-08,0.00233143
1.236943e-08,-0.00645653
1.241943e-08,-0.00728041
1.246943e-08,-0.00269419
1.251943e-08,-0.00461655
1.256943e-08,-0.0116195
1.261943e-08,-0.0167275
1.266943e-08,-0.0187871
1.271943e-08,-0.0131024
1.276943e-08,-0.00634669
1.281943e-08,-0.00552281
1.286943e-08,-0.00104644
1.291943e-08,0.00194696
1.296943e-08,-0.00313359
1.301943e-08,-0.00931262
1.306943e-08,-0.0106583
1.311943e-08,-0.00774727
1.316943e-08,-0.00717056
1.321943e-08,-0.00480879
1.326943e-08,-2.87366e-06
1.331943e-08,0.003375
1.336943e-08,0.0110645
1.341943e-08,0.016145
1.346943e-08,0.0128221
1.351943e-08,0.00763167
1.356943e-08,-0.00154077
1.361943e-08,-0.0129651
1.366943e-08,-0.015986
1.371943e-08,-0.0132947
1.376943e-08,-0.00774727
1.381943e-08,0.0068078
1.386943e-08,0.0138107
1.391943e-08,0.00205681
1.396943e-08,-0.00294135
1.401943e-08,5.20511e-05
1.406943e-08,-0.00376522
1.411943e-08,-0.00184285
1.416943e-08,0.00650571
1.421943e-08,0.0115313
1.426943e-08,0.0167217
1.431943e-08,0.0222691
1.436943e-08,0.0178751
1.441943e-08,0.00738451
1.446943e-08,0.00900479
1.451943e-08,0.0151289
1.456943e-08,0.0105701
1.461943e-08,0.00153502
1.466943e-08,-0.00176047
1.471943e-08,0.00235889
1.476943e-08,0.00812599
1.481943e-08,0.0151838
1.486943e-08,0.0214178
1.491943e-08,0.0214727
1.496943e-08,0.0221043
1.501943e-08,0.0208136
1.506943e-08,0.0157056
1.511943e-08,0.013234
1.516943e-08,0.00156248
1.521943e-08,-0.0140087
1.526943e-08,-0.0173866
1.531943e-08,-0.0185674
1.536943e-08,-0.019254
1.541943e-08,-0.0124983
1.546943e-08,-0.00346313
1.551943e-08,0.00180964
1.556943e-08,0.00321023
1.561943e-08,0.00406156
1.566943e-08,0.00450096
1.571943e-08,0.00763167
1.576943e-08,0.0166668
1.581943e-08,0.0227634
1.586943e-08,0.0195778
1.591943e-08,0.0173534
1.596943e-08,0.0192208
1.601943e-08,0.0137558
1.606943e-08,0.0061487
1.611943e-08,0.00027175
1.616943e-08,-0.00986187
1.621943e-08,-0.0106308
1.626943e-08,-0.000716896
1.631943e-08,0.00288068
1.636943e-08,0.00299053
1.641943e-08,0.0103779
1.646943e-08,0.0215276
1.651943e-08,0.0245485
1.656943e-08,0.0184519
1.661943e-08,0.00851047
1.666943e-08,0.00213919
1.671943e-08,0.00332008
1.676943e-08,-0.000524659
1.681943e-08,-0.00714309
1.686943e-08,-0.00390253
1.691943e-08,-0.000552121
1.696943e-08,-0.00299627
1.701943e-08,-0.0049461
1.706943e-08,-0.0081592
1.711943e-08,-0.00851621
1.716943e-08,-0.00206255
1.721943e-08,-0.00228225
1.726943e-08,-0.0096971
1.731943e-08,-0.00944993
1.736943e-08,-0.0056052
1.741943e-08,-0.00758249
1.746943e-08,-0.0151621
1.751943e-08,-0.0236755
1.756943e-08,-0.0148051
1.761943e-08,0.00356724
1.766943e-08,0.00095831
1.771943e-08,-0.0081592
1.776943e-08,-0.0103837
1.781943e-08,-0.0124433
1.786943e-08,-0.0034906
1.791943e-08,0.0027159
1.796943e-08,-0.00335328
1.801943e-08,-0.00156823
1.806943e-08,0.00252367
1.811943e-08,0.000793536
1.816943e-08,-0.000167648
1.821943e-08,0.00172726
1.826943e-08,0.00406156
1.831943e-08,-0.00222733
1.836943e-08,-0.00988933
1.841943e-08,-0.00673116
1.846943e-08,-0.00414969
1.851943e-08,-0.00760996
1.856943e-08,-0.00752757
1.861943e-08,-0.00291389
1.866943e-08,-0.00263926
1.871943e-08,-0.00832398
1.876943e-08,-0.00788458
1.881943e-08,-0.000112723
1.886943e-08,0.00263352
1.891943e-08,-0.00354552
1.896943e-08,-0.011949
1.901943e-08,-0.0103013
1.906943e-08,-0.000112723
1.911943e-08,0.00406156
1.916943e-08,0.00353977
1.921943e-08,0.00952657
1.926943e-08,0.0220494
1.931943e-08,0.0313592
1.936943e-08,0.0279813
1.941943e-08,0.0161725
1.946943e-08,0.00944419
1.951943e-08,0.0101857
1.956943e-08,0.0118883
1.961943e-08,0.00845554
1.966943e-08,0.00189203
1.971943e-08,0.00208427
1.976943e-08,0.0126298
1.981943e-08,0.0253449
1.986943e-08,0.021253
1.991943e-08,0.00367709
1.996943e-08,-0.00450671
2.001943e-08,-0.00890069
2.006943e-08,-0.0135968
2.011943e-08,-0.00791204
2.016943e-08,-0.00294135
2.021943e-08,-0.00901054
2.026943e-08,-0.0121412
2.031943e-08,-0.0019527
2.036943e-08,0.0110645
2.041943e-08,0.0143874
2.046943e-08,0.0129868
2.051943e-08,0.0150191
2.056943e-08,0.0132065
2.061943e-08,0.00719227
2.066943e-08,0.00304545
2.071943e-08,-0.00137599
2.076943e-08,-0.00121122
2.081943e-08,0.00180964
2.086943e-08,0.00466573
2.091943e-08,0.0143874
2.096943e-08,0.0241915
2.101943e-08,0.0260589
2.106943e-08,0.0224614
2.111943e-08,0.0129319
2.116943e-08,-0.00178793
2.121943e-08,-0.0115096
2.126943e-08,-0.013075
2.131943e-08,-0.015574
2.136943e-08,-0.0171943
2.141943e-08,-0.0153818
2.146943e-08,-0.0190343
2.151943e-08,-0.0276026
2.156943e-08,-0.0319691
2.161943e-08,-0.0273279
2.166943e-08,-0.0166176
2.171943e-08,-0.00829651
2.176943e-08,-0.00181539
2.181943e-08,0.00601139
2.186943e-08,0.00721973
2.191943e-08,0.000875923
2.196943e-08,-0.00362791
2.201943e-08,-0.00527565
2.206943e-08,-0.00796697
2.211943e-08,-0.00774727
2.216943e-08,-0.00530311
2.221943e-08,-0.00508342
2.226943e-08,0.00153502
2.231943e-08,0.0117785
2.236943e-08,0.00927941
2.241943e-08,-0.000716896
2.246943e-08,0.00095831
2.251943e-08,0.0119707
2.256943e-08,0.0155134
2.261943e-08,0.0140579
2.266943e-08,0.0183695
2.271943e-08,0.0233951
2.276943e-08,0.0206214
2.281943e-08,0.0142501
2.286943e-08,0.0122179
2.291943e-08,0.0107624
2.296943e-08,-0.000771821
2.301943e-08,-0.0176887
2.306943e-08,-0.0199955
2.311943e-08,-0.00972456
2.316943e-08,-0.00763742
2.321943e-08,-0.0143657
2.326943e-08,-0.0160958
2.331943e-08,-0.00942247
2.336943e-08,-0.00338075
2.341943e-08,-0.00637415
2.346943e-08,-0.00986187
2.351943e-08,-0.00502849
2.356943e-08,-0.00464402
2.361943e-08,-0.00964217
2.366943e-08,-0.00368283
2.371943e-08,0.00430872
2.376943e-08,-3.03361e-05
2.381943e-08,-0.00461655
2.386943e-08,0.000711148
2.391943e-08,0.00919703
2.396943e-08,0.011751
2.401943e-08,0.0072472
2.406943e-08,0.00645079
2.411943e-08,0.012163
2.416943e-08,0.0152113
2.421943e-08,0.0159528
2.426943e-08,0.0202094
2.431943e-08,0.0258392
2.436943e-08,0.0257294
2.441943e-08,0.0218572
2.446943e-08,0.0239169
2.451943e-08,0.0274321
2.456943e-08,0.0204566
2.461943e-08,0.00510513
2.466943e-08,-0.0140362
2.471943e-08,-0.0308157
2.476943e-08,-0.0318043
2.481943e-08,-0.0202976
2.486943e-08,-0.009038
2.491943e-08,-0.00247449
2.496943e-08,0.000683686
2.501943e-08,0.00150756
2.506943e-08,-0.00104644
2.511943e-08,-0.00112883
2.516943e-08,0.00502274
2.521943e-08,0.0120257
2.526943e-08,0.0120257
2.531943e-08,0.00628601
2.536943e-08,0.0068078
2.541943e-08,0.0164471
2.546943e-08,0.0265807
2.551943e-08,0.0297114
2.556943e-08,0.0275419
2.561943e-08,0.0274321
2.566943e-08,0.0232028
2.571943e-08,0.0115863
2.576943e-08,0.00469319
2.581943e-08,0.00084846
2.586943e-08,-0.00439686
2.591943e-08,-0.00579744
2.596943e-08,-0.00497357
2.601943e-08,0.000985772
2.606943e-08,0.00955404
2.611943e-08,0.00628601
2.616943e-08,-0.00225479
2.621943e-08,-0.00620937
2.626943e-08,-0.00631922
2.631943e-08,-0.0067037
2.636943e-08,-0.0102463
2.641943e-08,-0.00697832
2.646943e-08,-0.00244703
2.651943e-08,0.00213919
2.656943e-08,0.0119158
2.661943e-08,0.0072472
2.666943e-08,-0.00576998
2.671943e-08,-0.00587982
2.676943e-08,-0.00766488
2.681943e-08,-0.0204898
2.686943e-08,-0.022934
2.691943e-08,-0.00664877
2.696943e-08,0.00268844
2.701943e-08,-0.00585236
2.706943e-08,-0.00508342
2.711943e-08,0.00507767
2.716943e-08,0.00222158
2.721943e-08,-0.00618191
2.726943e-08,-0.00892815
2.731943e-08,-0.00802189
2.736943e-08,-0.00950486
2.741943e-08,-0.0136791
2.746943e-08,-0.018128
2.751943e-08,-0.0230438
2.756943e-08,-0.0257626
2.761943e-08,-0.0308431
2.766943e-08,-0.0346879
2.771943e-08,-0.0245817
2.776943e-08,-0.00964217
2.781943e-08,-0.00145838
2.786943e-08,0.00139771
2.791943e-08,0.0010407
2.796943e-08,0.00296306
2.801943e-08,0.00551707
2.806943e-08,-0.00241956
2.811943e-08,-0.0143932
2.816943e-08,-0.0120314
2.821943e-08,-0.00255688
2.826943e-08,-0.00181539
2.831943e-08,-0.00307866
2.836943e-08,-0.00129361
2.841943e-08,0.000216825
2.846943e-08,0.00513259
2.851943e-08,0.0105976
2.856943e-08,0.00966389
2.861943e-08,0.00911464
2.866943e-08,0.0144149
2.871943e-08,0.0208685
2.876943e-08,0.028558
2.881943e-08,0.0334738
2.886943e-08,0.0276792
2.891943e-08,0.0167492
2.896943e-08,0.00889494
2.901943e-08,0.0054896
2.906943e-08,0.00669795
2.911943e-08,0.0140579
2.916943e-08,0.0183145
2.921943e-08,0.0089224
2.926943e-08,0.00235889
2.931943e-08,0.00321023
2.936943e-08,-0.00810428
2.941943e-08,-0.0266689
2.946943e-08,-0.0314198
2.951943e-08,-0.0229065
2.956943e-08,-0.0164803
2.961943e-08,-0.0155191
2.966943e-08,-0.0106034
2.971943e-08,0.00559945
2.976943e-08,0.0153211
2.981943e-08,0.00617616
2.986943e-08,0.00455588
2.991943e-08,0.0149367
2.996943e-08,0.0210059
3.001943e-08,0.0233402
3.006943e-08,0.0169963
3.011943e-08,0.00971881
3.016943e-08,0.011806
3.021943e-08,0.0113666
3.026943e-08,0.00719227
3.031943e-08,0.00266098
3.036943e-08,-0.00332582
3.041943e-08,-0.00486372
3.046943e-08,-0.00189778
3.051943e-08,-0.000497197
3.056943e-08,-0.00176047
3.061943e-08,0.000299213
3.066943e-08,0.00296306
3.071943e-08,0.00101323
3.076943e-08,0.00332008
3.081943e-08,0.00873017
3.086943e-08,0.0115313
3.091943e-08,0.0136734
3.096943e-08,0.0121355
3.101943e-08,0.00568184
3.106943e-08,-0.00148584
3.111943e-08,-0.00747264
3.116943e-08,-0.0171943
3.121943e-08,-0.0290032
3.126943e-08,-0.0297172
3.131943e-08,-0.0239501
3.136943e-08,-0.0253507
3.141943e-08,-0.0251584
3.146943e-08,-0.0144206
3.151943e-08,-0.00895561
3.156943e-08,-0.0172218
3.161943e-08,-0.0216158
3.166943e-08,-0.0164254
3.171943e-08,-0.00890069
3.176943e-08,0.00419887
3.181943e-08,0.0209509
3.186943e-08,0.0281461
3.191943e-08,0.019825
3.196943e-08,0.00669795
3.201943e-08,-0.00318851
3.206943e-08,-0.0121962
3.211943e-08,-0.0237029
3.216943e-08,-0.0331774
3.221943e-08,-0.0248838
3.226943e-08,-0.0028315
3.231943e-08,0.0112567
3.236943e-08,0.0119982
3.241943e-08,0.0100209
3.246943e-08,0.0129868
3.251943e-08,0.011751
3.256943e-08,-0.00291389
3.261943e-08,-0.0190343
3.266943e-08,-0.0207644
3.271943e-08,-0.0107132
3.276943e-08,-0.0058249
3.281943e-08,-0.0088183
3.286943e-08,-0.00675862
3.291943e-08,-0.00318851
3.296943e-08,-0.000579584
3.301943e-08,0.00491289
3.306943e-08,0.000683686
3.311943e-08,-0.0102463
3.316943e-08,-0.0132397
3.321943e-08,-0.0120863
3.326943e-08,-0.0110702
3.331943e-08,-0.0116744
3.336943e-08,-0.0124159
3.341943e-08,-0.00763742
3.346943e-08,-0.00379268
3.351943e-08,-0.0049461
3.356943e-08,-0.00576998
3.361943e-08,-0.00914785
3.366943e-08,-0.0173591
3.371943e-08,-0.0261471
3.376943e-08,-0.0279596
3.381943e-08,-0.0164528
3.386943e-08,-0.0034906
3.391943e-08,-0.00274911
3.396943e-08,-0.00137599
3.401943e-08,0.00842808
3.406943e-08,0.0103504
3.411943e-08,0.00647825
3.416943e-08,0.00716481
3.421943e-08,0.00581915
3.426943e-08,-0.000414809
3.431943e-08,-0.00478133
3.436943e-08,0.00683526
3.441943e-08,0.026004
3.446943e-08,0.0333639
3.451943e-08,0.0381973
3.456943e-08,0.032595
3.461943e-08,0.011037
3.466943e-08,0.0065881
3.471943e-08,0.0247133
3.476943e-08,0.0342702
3.481943e-08,0.0243563
3.486943e-08,0.0157605
3.491943e-08,0.0174632
3.496943e-08,0.0135635
3.501943e-08,0.00175472
3.506943e-08,-0.00417716
3.511943e-08,-0.00115629
3.516943e-08,0.0052699
3.521943e-08,0.0123003
3.526943e-08,0.0159528
3.531943e-08,0.0131241
3.536943e-08,0.00908718
3.541943e-08,0.00859285
3.546943e-08,0.00807107
3.551943e-08,0.00584661
3.556943e-08,0.00384186
3.561943e-08,-0.00101898
3.566943e-08,-0.0067037
3.571943e-08,-0.00766488
3.576943e-08,-0.00612699
3.581943e-08,-0.00491864
3.586943e-08,-0.00502849
3.591943e-08,-0.000936595
3.596943e-08,0.00873017
3.601943e-08,0.0166668
3.606943e-08,0.0240542
3.611943e-08,0.0306452
3.616943e-08,0.0313317
3.621943e-08,0.0231479
3.626943e-08,0.0123552
3.631943e-08,0.0124651
3.636943e-08,0.0171062
3.641943e-08,0.0107075
3.646943e-08,0.00137025
3.651943e-08,-0.00206255
3.656943e-08,-0.00942247
3.661943e-08,-0.0181555
3.666943e-08,-0.0175513
3.671943e-08,-0.0170021
3.676943e-08,-0.0208468
3.681943e-08,-0.0139263
3.686943e-08,0.00172726
3.691943e-08,0.00894986
3.696943e-08,0.0141403
3.701943e-08,0.0244936
3.706943e-08,0.0207038
3.711943e-08,0.00430872
3.716943e-08,0.000161901
3.721943e-08,0.00189203
3.726943e-08,-0.00132107
3.731943e-08,0.00348485
3.736943e-08,0.0137009
3.741943e-08,0.0180948
3.746943e-08,0.0224888
3.751943e-08,0.0244112
3.756943e-08,0.0172984
3.761943e-08,0.0180125
3.766943e-08,0.0221593
3.771943e-08,0.0117785
3.776943e-08,0.00628601
3.781943e-08,0.00645079
3.786943e-08,-0.00398492
3.791943e-08,-0.00876338
3.796943e-08,-0.00198017
3.801943e-08,0.000161901
3.806943e-08,-0.00219986
3.811943e-08,0.0038144
3.816943e-08,0.0194954
3.821943e-08,0.0322654
3.826943e-08,0.0313317
3.831943e-08,0.0251801
3.836943e-08,0.0258118
3.841943e-08,0.0241915
3.846943e-08,0.0161175
3.851943e-08,0.0124651
3.856943e-08,0.0129044
3.861943e-08,0.0142776
3.866943e-08,0.0148268
3.871943e-08,0.0119158
3.876943e-08,0.00938926
3.881943e-08,0.00535229
3.886943e-08,0.00263352
3.891943e-08,0.0108448
3.896943e-08,0.0206488
3.901943e-08,0.0204566
3.906943e-08,0.0156232
3.911943e-08,0.0109821
3.916943e-08,0.00672541
3.921943e-08,0.00260605
3.926943e-08,-0.00340821
3.931943e-08,-0.00728041
3.936943e-08,-0.00244703
3.941943e-08,0.0072472
3.946943e-08,0.0164471
3.951943e-08,0.0257294
3.956943e-08,0.0289425
3.961943e-08,0.0225163
3.966943e-08,0.0168041
3.971943e-08,0.0132615
3.976943e-08,0.00321023
3.981943e-08,-0.00522073
3.986943e-08,-0.00384761
3.991943e-08,-0.00681355
3.996943e-08,-0.0166176
4.001943e-08,-0.0177985
4.006943e-08,-0.00755503
4.011943e-08,0.00993851
4.016943e-08,0.0264434
4.021943e-08,0.0252625
4.026943e-08,0.0148543
4.031943e-08,0.015074
4.036943e-08,0.0159253
4.041943e-08,0.0098012
4.046943e-08,0.0063684
4.051943e-08,0.00488543
4.056943e-08,0.00161741
4.061943e-08,0.00233143
4.066943e-08,0.0054896
4.071943e-08,0.00787883
4.076943e-08,0.0104054
4.081943e-08,0.00334754
4.086943e-08,-0.0129377
4.091943e-08,-0.0235381
4.096943e-08,-0.0206821
4.101943e-08,-0.00961471
4.106943e-08,-0.00129361
4.111943e-08,0.00386932
4.116943e-08,0.0061487
4.121943e-08,0.005929
4.126943e-08,0.00933434
4.131943e-08,0.0165844
4.136943e-08,0.0197426
4.141943e-08,0.00765913
4.146943e-08,-0.00906546
4.151943e-08,-0.014146
4.156943e-08,-0.0148326
4.161943e-08,-0.00736279
4.166943e-08,0.00628601
4.171943e-08,5.20511e-05
4.176943e-08,-0.0111251
4.181943e-08,-0.00241956
4.186943e-08,0.00235889
4.191943e-08,-0.00154077
4.196943e-08,-0.00307866
4.201943e-08,-0.0186224
4.206943e-08,-0.0334795
4.211943e-08,-0.0259274
4.216943e-08,-0.0162331
4.221943e-08,-0.0149699
4.226943e-08,-0.00917531
4.231943e-08,-0.000414809
4.236943e-08,0.000793536
4.241943e-08,0.0027159
4.246943e-08,0.0038144
4.251943e-08,0.000326675
4.256943e-08,0.00782391
4.261943e-08,0.0147994
4.266943e-08,0.011751
4.271943e-08,0.016859
4.276943e-08,0.0261413
4.281943e-08,0.0268279
4.286943e-08,0.0198799
4.291943e-08,0.005929
4.296943e-08,-0.00607206
4.301943e-08,-0.00799443
4.306943e-08,-0.00132107
4.311943e-08,0.00730212
4.316943e-08,0.00590154
4.321943e-08,0.00288068
4.326943e-08,0.00345739
4.331943e-08,-5.77984e-05
4.336943e-08,0.00384186
4.341943e-08,0.0105976
4.346943e-08,0.00790629
4.351943e-08,0.00796122
4.356943e-08,0.00774152
4.361943e-08,-0.00258434
4.366943e-08,-0.00780219
4.371943e-08,-0.0032709
4.376943e-08,7.95135e-05
4.381943e-08,0.00834569
4.386943e-08,0.0166119
4.391943e-08,0.0136185
4.396943e-08,0.0192208
4.401943e-08,0.0315789
4.406943e-08,0.0231754
4.411943e-08,0.00312784
4.416943e-08,-0.00986187
4.421943e-08,-0.0158212
4.426943e-08,-0.0172767
4.431943e-08,-0.0133221
4.436943e-08,0.00150756
4.441943e-08,0.0169414
4.446943e-08,0.0148268
4.451943e-08,0.00774152
4.456943e-08,0.0133438
4.461943e-08,0.0182871
4.466943e-08,0.0102955
4.471943e-08,-0.00143092
4.476943e-08,-0.00686847
4.481943e-08,-0.00909292
4.486943e-08,-0.0141185
4.491943e-08,-0.018897
4.496943e-08,-0.0173316
4.501943e-08,-0.00977948
4.506943e-08,-0.00876338
4.511943e-08,-0.0157388
4.516943e-08,-0.0219453
4.521943e-08,-0.0309804
4.526943e-08,-0.0372419
4.531943e-08,-0.0330676
4.536943e-08,-0.0252957
4.541943e-08,-0.0206821
4.546943e-08,-0.0201328
4.551943e-08,-0.0131574
4.556943e-08,0.00310038
4.561943e-08,0.0129594
4.566943e-08,0.0147444
4.571943e-08,0.016145
4.576943e-08,0.0101033
4.581943e-08,-0.00555028
4.586943e-08,-0.0193364
4.591943e-08,-0.0238128
4.596943e-08,-0.0278772
4.601943e-08,-0.0409218
4.606943e-08,-0.047403
4.611943e-08,-0.0388622
4.616943e-08,-0.026202
4.621943e-08,-0.011592
4.626943e-08,0.00342992
4.631943e-08,0.0123003
4.636943e-08,0.0124651
4.641943e-08,0.0115863
4.646943e-08,0.0127397
4.651943e-08,0.00730212
4.656943e-08,0.0012604
4.661943e-08,-0.00121122
4.666943e-08,-0.0062643
4.671943e-08,-0.00475387
4.676943e-08,0.00095831
4.681943e-08,0.00106816
4.686943e-08,0.00373201
4.691943e-08,0.00776898
4.696943e-08,0.00598393
4.701943e-08,0.000518912
4.706943e-08,-0.00338075
4.711943e-08,0.00183711
4.716943e-08,0.0138656
4.721943e-08,0.0214727
4.726943e-08,0.0207587
4.731943e-08,0.0155683
4.736943e-08,0.014662
4.741943e-08,0.0188638
4.746943e-08,0.017271
4.751943e-08,0.0141677
4.756943e-08,0.0177378
4.761943e-08,0.0207312
4.766943e-08,0.0202369
4.771943e-08,0.0180948
4.776943e-08,0.0138656
4.781943e-08,0.00430872
4.786943e-08,-0.00722548
4.791943e-08,-0.0085986
4.796943e-08,-0.00316105
4.801943e-08,-0.00176047
4.806943e-08,-0.00272165
4.811943e-08,0.000161901
4.816943e-08,0.00749436
4.821943e-08,0.0146895
4.826943e-08,0.0156232
4.831943e-08,0.0089224
4.836943e-08,0.000573836
4.841943e-08,-0.00357298
4.846943e-08,-0.00162315
4.851943e-08,-0.00137599
4.856943e-08,-0.00835144
4.861943e-08,-0.0146129
4.866943e-08,-0.0129651
4.871943e-08,-0.00755503
4.876943e-08,-0.00854368
4.881943e-08,-0.0130475
4.886943e-08,-0.00876338
4.891943e-08,0.0027159
4.896943e-08,0.0100758
4.901943e-08,0.0139755
4.906943e-08,0.0171337
4.911943e-08,0.018699
4.916943e-08,0.025647
4.921943e-08,0.0317436
4.926943e-08,0.0269377
4.931943e-08,0.0207038
4.936943e-08,0.011806
4.941943e-08,-0.0056052
4.946943e-08,-0.0143932
4.951943e-08,-0.00527565
4.956943e-08,0.00573677
4.961943e-08,0.00342992
4.966943e-08,-0.00332582
4.971943e-08,-0.00140346
4.976943e-08,0.00342992
4.981943e-08,0.00721973
4.986943e-08,0.0095815
4.991943e-08,0.00735705
4.996943e-08,0.00189203
5.001943e-08,-0.00219986
5.006943e-08,0.000711148
5.011943e-08,0.00927941
5.016943e-08,0.0129594
5.021943e-08,0.00743943
5.026943e-08,0.00584661
5.031943e-08,0.00996597
5.036943e-08,0.00433618
5.041943e-08,-0.00357298
5.046943e-08,0.00172726
5.051943e-08,0.00532483
5.056943e-08,-0.00302374
5.061943e-08,-0.00664877
5.066943e-08,-0.00697832
5.071943e-08,-0.0113448
5.076943e-08,-0.0113174
5.081943e-08,-0.00802189
5.086943e-08,-0.00686847
5.091943e-08,-0.00832398
5.096943e-08,-0.00807682
5.101943e-08,-0.00225479
5.106943e-08,-0.000140186
5.111943e-08,-0.00835144
5.116943e-08,-0.0154917
5.121943e-08,-0.0114822
5.126943e-08,-0.00351806
5.131943e-08,0.0038144
5.136943e-08,0.0153761
5.141943e-08,0.0257294
5.146943e-08,0.0264983
5.151943e-08,0.0195778
5.156943e-08,0.0131241
5.161943e-08,0.00969135
5.166943e-08,0.0031553
5.171943e-08,-0.00887322
5.176943e-08,-0.019254
5.181943e-08,-0.0246641
5.186943e-08,-0.0260372
5.191943e-08,-0.0113998
5.196943e-08,0.0105701
5.201943e-08,0.00864778
5.206943e-08,-0.00387507
5.211943e-08,-0.00148584
5.216943e-08,0.00208427
5.221943e-08,0.000299213
5.226943e-08,0.000518912
5.231943e-08,0.00150756
5.236943e-08,0.00631348
5.241943e-08,0.0116137
5.246943e-08,0.00801614
5.251943e-08,0.00351231
5.256943e-08,0.00807107
5.261943e-08,0.0108173
5.266943e-08,0.00678034
5.271943e-08,0.00875763
5.276943e-08,0.00818092
5.281943e-08,-0.00360045
5.286943e-08,-0.0115096
5.291943e-08,-0.0123609
5.296943e-08,-0.011949
5.301943e-08,-0.0138714
5.306943e-08,-0.00854368
5.311943e-08,0.0070275
5.316943e-08,0.00969135
5.321943e-08,0.00285321
5.326943e-08,0.00370455
5.331943e-08,0.00771406
5.336943e-08,0.00831823
5.341943e-08,0.00598393
5.346943e-08,0.0038144
5.351943e-08,0.000738611
5.356943e-08,-0.00156823
5.361943e-08,-0.00162315
5.366943e-08,-0.00522073
5.371943e-08,-0.0106857
5.376943e-08,-0.0108505
5.381943e-08,-0.00917531
5.386943e-08,-0.00804935
5.391943e-08,-0.00585236
5.396943e-08,-0.00697832
5.401943e-08,-0.00750011
5.406943e-08,-0.0081592
5.411943e-08,-0.0157114
5.416943e-08,-0.0176063
5.421943e-08,-0.00755503
5.426943e-08,0.000354137
5.431943e-08,0.00282575
5.436943e-08,0.00697257
5.441943e-08,0.00568184
5.446943e-08,-0.00104644
5.451943e-08,0.00205681
5.456943e-08,0.00554453
5.461943e-08,0.00169979
5.466943e-08,0.00310038
5.471943e-08,0.0111194
5.476943e-08,0.0238894
5.481943e-08,0.0297938
5.486943e-08,0.0225712
5.491943e-08,0.0227634
5.496943e-08,0.026718
5.501943e-08,0.017216
5.506943e-08,0.00353977
5.511943e-08,-0.00615445
5.516943e-08,-0.0101365
5.521943e-08,-0.00546789
5.526943e-08,0.00260605
5.531943e-08,0.00441857
5.536943e-08,0.0003816
5.541943e-08,-0.0056052
5.546943e-08,-0.0104935
5.551943e-08,-0.00505595
5.556943e-08,0.00348485
5.561943e-08,0.000244288
5.566943e-08,-0.00277657
5.571943e-08,0.00180964
5.576943e-08,-0.000661971
5.581943e-08,-0.00030496
5.586943e-08,0.00867524
5.591943e-08,0.00705496
5.596943e-08,0.00183711
5.601943e-08,0.00428126
5.606943e-08,0.00625855
5.611943e-08,0.00101323
5.616943e-08,-0.0056052
5.621943e-08,0.000354137
5.626943e-08,0.00774152
5.631943e-08,0.000930848
5.636943e-08,-0.00447924
5.641943e-08,-0.00233718
5.646943e-08,-0.00343567
5.651943e-08,-0.00598967
5.656943e-08,-0.00725294
5.661943e-08,-0.00601714
5.666943e-08,-0.00442432
5.671943e-08,-0.0109329
5.676943e-08,-0.0154093
5.681943e-08,-0.00950486
5.686943e-08,-0.00508342
5.691943e-08,0.000573836
5.696943e-08,0.0052699
5.701943e-08,0.000326675
5.706943e-08,-0.000140186
5.711943e-08,0.00326515
5.716943e-08,-0.00258434
5.721943e-08,-0.0126356
5.726943e-08,-0.016343
5.731943e-08,-0.0110428
5.736943e-08,-0.00379268
5.741943e-08,0.000244288
5.746943e-08,-0.000250035
5.751943e-08,-0.00112883
5.756943e-08,0.003375
5.761943e-08,0.00710988
5.766943e-08,0.00483051
5.771943e-08,0.00180964
5.776943e-08,0.00595646
5.781943e-08,0.0127946
5.786943e-08,0.0140029
5.791943e-08,0.0144698
5.796943e-08,0.011751
5.801943e-08,0.00793376
5.806943e-08,0.0112842
5.811943e-08,0.00675287
5.816943e-08,-0.00280404
5.821943e-08,0.00433618
5.826943e-08,0.0166393
5.831943e-08,0.0152662
5.836943e-08,0.00873017
5.841943e-08,0.0089224
5.846943e-08,0.0110919
5.851943e-08,0.00884002
5.856943e-08,0.00384186
5.861943e-08,0.00329261
5.866943e-08,0.00793376
5.871943e-08,0.00798868
5.876943e-08,0.00439111
5.881943e-08,-0.000250035
5.886943e-08,-0.00777473
5.891943e-08,-0.00917531
5.896943e-08,-0.00343567
5.901943e-08,-0.000799283
5.906943e-08,0.00172726
5.911943e-08,0.0123003
5.916943e-08,0.0212805
5.921943e-08,0.0190286
5.926943e-08,0.0145522
5.931943e-08,0.0185068
5.936943e-08,0.0233676
5.941943e-08,0.0188363
5.946943e-08,0.0157605
5.951943e-08,0.0159253
5.956943e-08,0.00790629
5.961943e-08,-0.00167808
5.966943e-08,-0.00851621
5.971943e-08,-0.0146129
5.976943e-08,-0.0160134
5.981943e-08,-0.0159585
5.986943e-08,-0.0118392
5.991943e-08,-0.0019527
5.996943e-08,0.00131532
6.001943e-08,0.00123293
6.006943e-08,0.00222158
6.011943e-08,0.00189203
6.016943e-08,0.00884002
6.021943e-08,0.0206488
6.026943e-08,0.0324302
6.031943e-08,0.0424265
6.036943e-08,0.0445411
6.041943e-08,0.0447059
6.046943e-08,0.0439919
6.051943e-08,0.0331442
6.056943e-08,0.0192483
6.061943e-08,0.00776898
6.066943e-08,-0.00222733
6.071943e-08,-0.00200763
6.076943e-08,0.00150756
6.081943e-08,0.00255113
6.086943e-08,0.0100484
6.091943e-08,0.0129594
6.096943e-08,0.00669795
6.101943e-08,0.0117236
6.106943e-08,0.0245485
6.111943e-08,0.0249604
6.116943e-08,0.0216375
6.121943e-08,0.0240267
6.126943e-08,0.0190011
6.131943e-08,0.00719227
6.136943e-08,0.00112308
6.141943e-08,0.000354137
6.146943e-08,0.00364962
6.151943e-08,0.00993851
6.156943e-08,0.0105152
6.161943e-08,0.00752182
6.166943e-08,0.00897733
6.171943e-08,0.0102406
6.176943e-08,0.00491289
6.181943e-08,-0.00497357
6.186943e-08,-0.00950486
6.191943e-08,-0.00741772
6.196943e-08,-0.00788458
6.201943e-08,-0.00898307
6.206943e-08,-0.0099168
6.211943e-08,-0.0142284
6.216943e-08,-0.0117293
6.221943e-08,-0.00159569
6.226943e-08,0.00472066
6.231943e-08,0.0116686
6.236943e-08,0.0224339
6.241943e-08,0.0250703
6.246943e-08,0.0193581
6.251943e-08,0.0149092
6.256943e-08,0.00730212
6.261943e-08,-0.00184285
6.266943e-08,-0.0034906
6.271943e-08,-0.00269419
6.276943e-08,-0.0019527
6.281943e-08,0.000106976
6.286943e-08,0.00200188
6.291943e-08,0.0087027
6.296943e-08,0.0221318
6.301943e-08,0.0256195
6.306943e-08,0.0141403
6.311943e-08,0.0095815
6.316943e-08,0.0112292
6.321943e-08,0.00255113
6.326943e-08,-0.00736279
6.331943e-08,-0.00508342
6.336943e-08,0.00178218
6.341943e-08,0.00167233
6.346943e-08,-0.000579584
6.351943e-08,0.00224904
6.356943e-08,0.00653317
6.361943e-08,0.00820838
6.366943e-08,0.0070275
6.371943e-08,0.00329261
6.376943e-08,-0.00219986
6.381943e-08,-0.00557774
6.386943e-08,-0.00247449
6.391943e-08,0.000601299
6.396943e-08,0.00301799
6.401943e-08,0.0200172
6.406943e-08,0.0433877
6.411943e-08,0.0487703
6.416943e-08,0.0411632
6.421943e-08,0.0380875
6.426943e-08,0.0372087
6.431943e-08,0.0308099
6.436943e-08,0.0208136
6.441943e-08,0.0110645
6.446943e-08,0.00386932
6.451943e-08,0.00189203
6.456943e-08,0.00428126
6.461943e-08,0.00450096
6.466943e-08,-0.00395746
6.471943e-08,-0.0191716
6.476943e-08,-0.0263668
6.481943e-08,-0.0223298
6.486943e-08,-0.0187322
6.491943e-08,-0.0115645
6.496943e-08,0.000244288
6.501943e-08,0.00554453
6.506943e-08,0.00727466
6.511943e-08,0.0125474
6.516943e-08,0.0111469
6.521943e-08,-0.00288642
6.526943e-08,-0.0114547
6.531943e-08,-0.00920277
6.536943e-08,-0.00673116
6.541943e-08,-0.0030512
6.546943e-08,-0.00156823
6.551943e-08,-0.00802189
6.556943e-08,-0.0102189
6.561943e-08,-0.00088167
6.566943e-08,0.00400663
6.571943e-08,-0.00143092
6.576943e-08,-0.00491864
6.581943e-08,-0.00346313
6.586943e-08,-0.000964057
6.591943e-08,-0.00329836
6.596943e-08,-0.0135144
6.601943e-08,-0.0182104
6.606943e-08,-0.00851621
6.611943e-08,0.00164487
6.616943e-08,0.00710988
6.621943e-08,0.00971881
6.626943e-08,0.00543468
6.631943e-08,0.00768659
6.636943e-08,0.0160077
6.641943e-08,0.0126573
6.646943e-08,0.00875763
6.651943e-08,0.00419887
6.656943e-08,-0.0120314
6.661943e-08,-0.0198033
6.666943e-08,-0.0157114
6.671943e-08,-0.0172493
6.676943e-08,-0.0192265
6.681943e-08,-0.011949
6.686943e-08,-0.00219986
6.691943e-08,0.00562692
6.696943e-08,0.0102406
6.701943e-08,0.00807107
6.706943e-08,0.00378694
6.711943e-08,-0.00423208
6.716943e-08,-0.0145579
6.721943e-08,-0.010466
6.726943e-08,0.00406156
6.731943e-08,0.0169414
6.736943e-08,0.0303431
6.741943e-08,0.0388289
6.746943e-08,0.0364946
6.751943e-08,0.0271025
6.756943e-08,0.0141677
6.761943e-08,0.0052699
6.766943e-08,0.00027175
6.771943e-08,-0.00879084
6.776943e-08,-0.0117568
6.781943e-08,-0.00750011
6.786943e-08,-0.00766488
6.791943e-08,-0.00101898
6.796943e-08,0.0123277
6.801943e-08,0.0155134
6.806943e-08,0.0116412
6.811943e-08,0.00834569
6.816943e-08,0.00458335
6.821943e-08,-0.00165062
6.826943e-08,-0.00535804
6.831943e-08,-0.00491864
6.836943e-08,-0.00857114
6.841943e-08,-0.0123335
6.846943e-08,-0.0101365
6.851943e-08,-0.000414809
6.856943e-08,0.00982866
6.861943e-08,0.00829077
6.866943e-08,0.00859285
6.871943e-08,0.0168041
6.876943e-08,0.0152937
6.881943e-08,0.00367709
6.886943e-08,-0.00266673
6.891943e-08,0.00142517
6.896943e-08,0.00112308
6.901943e-08,-0.00549535
6.906943e-08,0.00186457
6.911943e-08,0.0195503
6.916943e-08,0.0238619
6.921943e-08,0.0137009
6.926943e-08,0.00771406
6.931943e-08,0.0132615
6.936943e-08,0.0195229
6.941943e-08,0.0164471
6.946943e-08,0.00664302
6.951943e-08,-0.00088167
6.956943e-08,-0.00854368
6.961943e-08,-0.0173316
6.966943e-08,-0.0141735
6.971943e-08,-0.00898307
6.976943e-08,-0.0138714
6.981943e-08,-0.0111526
6.986943e-08,-0.00206255
6.991943e-08,-0.00620937
6.996943e-08,-0.0143657
7.001943e-08,-0.0100816
7.006943e-08,-0.00387507
7.011943e-08,-0.00637415
7.016943e-08,-0.0103837
7.021943e-08,-0.0099168
7.026943e-08,-0.00461655
7.031943e-08,0.00406156
7.036943e-08,0.0105427
7.041943e-08,0.0101857
7.046943e-08,0.00996597
7.051943e-08,0.0169414
7.056943e-08,0.019056
7.061943e-08,0.00804361
7.066943e-08,-0.00134853
7.071943e-08,-8.52608e-05
7.076943e-08,0.00299053
7.081943e-08,0.000820998
7.086943e-08,-0.00313359
7.091943e-08,-0.00335328
7.096943e-08,-0.00230971
7.101943e-08,-0.000332422
7.106943e-08,0.00318276
7.111943e-08,-0.000661971
7.116943e-08,-0.00870845
7.121943e-08,-0.00958725
7.126943e-08,-0.00879084
7.131943e-08,-0.0102189
7.136943e-08,-0.00681355
7.141943e-08,0.00115055
7.146943e-08,0.00606631
7.151943e-08,0.00609378
7.156943e-08,0.00798868
7.161943e-08,0.011037
7.166943e-08,0.00977374
7.171943e-08,0.0107898
7.176943e-08,0.0154035
7.181943e-08,0.0140853
7.186943e-08,0.0122728
7.191943e-08,0.0155683
7.196943e-08,0.0106251
7.201943e-08,0.000518912
7.206943e-08,-0.00299627
7.211943e-08,-0.00887322
7.216943e-08,-0.0118941
7.221943e-08,-0.00469894
7.226943e-08,-0.00862606
7.231943e-08,-0.0174964
7.236943e-08,-0.0079395
7.241943e-08,-0.000442272
7.246943e-08,-0.0049461
7.251943e-08,0.00321023
7.256943e-08,0.0152662
7.261943e-08,0.0110919
7.266943e-08,0.00697257
7.271943e-08,0.00966389
7.276943e-08,0.00721973
7.281943e-08,0.0038144
7.286943e-08,0.00455588
7.291943e-08,0.00919703
7.296943e-08,0.0149916
7.301943e-08,0.0142226
7.306943e-08,0.00710988
7.311943e-08,0.0014801
7.316943e-08,0.00172726
7.321943e-08,0.000601299
7.326943e-08,-0.00530311
7.331943e-08,-0.00428701
7.336943e-08,0.00120547
7.341943e-08,0.0038144
7.346943e-08,0.00485797
7.351943e-08,-0.00198017
7.356943e-08,-0.00824159
7.361943e-08,-0.00579744
7.366943e-08,-0.0079395
7.371943e-08,-0.0119215
7.376943e-08,-0.00717056
7.381943e-08,-0.00272165
7.386943e-08,-0.00607206
7.391943e-08,-0.0109329
7.396943e-08,-0.0103013
7.401943e-08,-0.00423208
7.406943e-08,0.00205681
7.411943e-08,0.00933434
7.416943e-08,0.016859
7.421943e-08,0.0167217
7.426943e-08,0.00905971
7.431943e-08,-0.00107391
7.436943e-08,-0.0145854
7.441943e-08,-0.0284814
7.446943e-08,-0.0316395
7.451943e-08,-0.0277399
7.456943e-08,-0.0206271
7.461943e-08,0.000518912
7.466943e-08,0.0185342
7.471943e-08,0.0166393
7.476943e-08,0.0170787
7.481943e-08,0.024933
7.486943e-08,0.0232303
7.491943e-08,0.0141128
7.496943e-08,0.00669795
7.501943e-08,0.0003816
7.506943e-08,-0.00563266
7.511943e-08,-0.00964217
7.516943e-08,-0.0126905
7.521943e-08,-0.0126356
7.526943e-08,-0.00865353
7.531943e-08,-0.00612699
7.536943e-08,-0.00901054
7.541943e-08,-0.0137066
7.546943e-08,-0.0132672
7.551943e-08,-0.0124433
7.556943e-08,-0.0131574
7.561943e-08,-0.00914785
7.566943e-08,-0.00467148
7.571943e-08,0.000216825
7.576943e-08,0.00867524
7.581943e-08,0.0140029
7.586943e-08,0.0147444
7.591943e-08,0.0170238
7.596943e-08,0.0176829
7.601943e-08,0.011806
7.606943e-08,0.008483
7.611943e-08,0.0107349
7.616943e-08,0.0114215
7.621943e-08,0.0100209
7.626943e-08,0.00551707
7.631943e-08,0.000189363
7.636943e-08,0.00158994
7.641943e-08,0.0027159
7.646943e-08,-0.00431447
7.651943e-08,-0.0106857
7.656943e-08,-0.0141735
7.661943e-08,-0.0175239
7.666943e-08,-0.01486
7.671943e-08,-0.00673116
7.676943e-08,-0.00118376
7.681943e-08,-0.00019511
7.686943e-08,-0.000442272
7.691943e-08,0.00172726
7.696943e-08,0.00653317
7.701943e-08,0.00864778
7.706943e-08,0.0111743
7.711943e-08,0.015074
7.716943e-08,0.0146346
7.721943e-08,0.0146346
7.726943e-08,0.0112842
7.731943e-08,0.0052699
7.736943e-08,0.0104603
7.741943e-08,0.0156507
7.746943e-08,0.0129868
7.751943e-08,0.0151564
7.756943e-08,0.0183695
7.761943e-08,0.0164471
7.766943e-08,0.0135086
7.771943e-08,0.0104054
7.776943e-08,0.00653317
7.781943e-08,0.00180964
7.786943e-08,-0.00233718
7.791943e-08,-0.00431447
7.796943e-08,-0.00324344
7.801943e-08,-0.00203509
7.806943e-08,-0.00549535
7.811943e-08,-0.0115096
7.816943e-08,-0.0138165
7.821943e-08,-0.00524819
7.826943e-08,0.0119158
7.831943e-08,0.0232028
7.836943e-08,0.0255921
7.841943e-08,0.022379
7.846943e-08,0.016914
7.851943e-08,0.0179301
7.856943e-08,0.0137558
7.861943e-08,-0.00272165
7.866943e-08,-0.00997172
7.871943e-08,-0.00939501
7.876943e-08,-0.0171119
7.881943e-08,-0.0202427
7.886943e-08,-0.0122511
7.891943e-08,-0.0092577
7.896943e-08,-0.0116195
7.901943e-08,-0.00802189
7.906943e-08,-0.00642907
7.911943e-08,-0.0156015
7.916943e-08,-0.0209018
7.921943e-08,-0.0203525
7.926943e-08,-0.024362
7.931943e-08,-0.0224946
7.936943e-08,-0.0150523
7.941943e-08,-0.0145854
7.946943e-08,-0.0148326
7.951943e-08,-0.0148326
7.956943e-08,-0.0194188
7.961943e-08,-0.0217531
7.966943e-08,-0.0229065
7.971943e-08,-0.0277673
7.976943e-08,-0.0305136
7.981943e-08,-0.0253507
7.986943e-08,-0.02038
7.991943e-08,-0.0248289
7.996943e-08,-0.0291405
8.001943e-08,-0.024719
8.006943e-08,-0.0175788
8.011943e-08,-0.0118666
8.016943e-08,-0.00832398
8.021943e-08,-0.0106857
8.026943e-08,-0.0127454
8.031943e-08,-0.00590729
8.036943e-08,0.00191949
8.041943e-08,0.0031553
8.046943e-08,0.003375
8.051943e-08,0.00741197
8.056943e-08,0.00963642
8.061943e-08,0.00966389
8.066943e-08,0.0147994
8.071943e-08,0.0151014
8.076943e-08,0.00590154
8.081943e-08,-0.00384761
8.086943e-08,-0.00884576
8.091943e-08,-0.00453417
8.096943e-08,-0.00640161
8.101943e-08,-0.0134869
8.106943e-08,-0.00552281
8.111943e-08,0.00268844
8.116943e-08,0.00370455
8.121943e-08,0.00581915
8.126943e-08,0.00224904
8.131943e-08,0.00186457
8.136943e-08,0.0121904
8.141943e-08,0.01436
8.146943e-08,0.00340246
8.151943e-08,-0.00436939
8.156943e-08,0.000820998
8.161943e-08,0.0108997
8.166943e-08,0.00960896
8.171943e-08,0.00139771
8.176943e-08,-0.00258434
8.181943e-08,-0.00824159
8.186943e-08,-0.0109878
8.191943e-08,-0.00763742
8.196943e-08,-0.00703324
8.201943e-08,-0.00829651
8.206943e-08,-0.0111801
8.211943e-08,-0.011235
8.216943e-08,-0.0103562
8.221943e-08,-0.0189794
8.226943e-08,-0.0262844
8.231943e-08,-0.0238952
8.236943e-08,-0.0240325
8.241943e-08,-0.0301017
8.246943e-08,-0.0314748
8.251943e-08,-0.0255704
8.256943e-08,-0.0147502
8.261943e-08,-0.00214494
8.266943e-08,0.00678034
8.271943e-08,0.0142501
8.276943e-08,0.0209235
8.281943e-08,0.0202094
8.286943e-08,0.0129044
8.291943e-08,0.00730212
8.296943e-08,0.00153502
8.301943e-08,-0.00840636
8.306943e-08,-0.0149424
8.311943e-08,-0.0133496
8.316943e-08,-0.00862606
8.321943e-08,-0.00763742
8.326943e-08,-0.00980695
8.331943e-08,-0.0118941
8.336943e-08,-0.0126905
8.341943e-08,-0.0058249
8.346943e-08,0.00763167
8.351943e-08,0.0144973
8.356943e-08,0.0131516
8.361943e-08,0.0143874
8.366943e-08,0.0110095
8.371943e-08,-0.00445178
8.376943e-08,-0.0114547
8.381943e-08,-0.00730787
8.386943e-08,-0.00870845
8.391943e-08,-0.0115645
8.396943e-08,-0.00961471
8.401943e-08,-0.00585236
8.406943e-08,-0.00269419
8.411943e-08,0.000903385
8.416943e-08,0.00279829
8.421943e-08,-0.00225479
8.426943e-08,-0.00656638
8.431943e-08,-0.00395746
8.436943e-08,-0.00228225
8.441943e-08,-0.000744358
8.446943e-08,0.00208427
8.451943e-08,0.003375
8.456943e-08,0.00862032
8.461943e-08,0.0151564
8.466943e-08,0.0185892
8.471943e-08,0.0206763
8.476943e-08,0.0200447
8.481943e-08,0.0137283
8.486943e-08,0.00169979
8.491943e-08,-0.00461655
8.496943e-08,0.000930848
8.501943e-08,0.00678034
8.506943e-08,0.00400663
8.511943e-08,-0.00143092
8.516943e-08,0.00131532
8.521943e-08,0.00908718
8.526943e-08,0.0101857
8.531943e-08,0.00823584
8.536943e-08,0.0111194
8.541943e-08,0.00905971
8.546943e-08,0.00205681
8.551943e-08,0.00307291
8.556943e-08,0.000683686
8.561943e-08,-0.0175788
8.566943e-08,-0.0316395
8.571943e-08,-0.0237853
8.576943e-08,-0.00972456
8.581943e-08,-0.00587982
8.586943e-08,-0.00469894
8.591943e-08,-0.00187032
8.596943e-08,-0.00818667
8.601943e-08,-0.0172493
8.606943e-08,-0.0136242
8.611943e-08,-0.013789
8.616943e-08,-0.0240325
8.621943e-08,-0.0208468
8.626943e-08,-0.00870845
8.631943e-08,-0.00332582
8.636943e-08,-0.000607046
8.641943e-08,0.00161741
8.646943e-08,0.00672541
8.651943e-08,0.0137283
8.656943e-08,0.00930688
8.661943e-08,0.00137025
8.666943e-08,0.00389679
8.671943e-08,0.0068078
8.676943e-08,0.00903225
8.681943e-08,0.0151014
8.686943e-08,0.0147994
8.691943e-08,0.0095815
8.696943e-08,0.0111469
8.701943e-08,0.0194954
8.706943e-08,0.0246858
8.711943e-08,0.0232852
8.716943e-08,0.0226261
8.721943e-08,0.0224614
8.726943e-08,0.0113116
8.731943e-08,-0.00728041
8.736943e-08,-0.0137066
8.741943e-08,-0.0100541
8.746943e-08,-0.012306
8.751943e-08,-0.00766488
8.756943e-08,0.0113116
8.761943e-08,0.0186166
8.766943e-08,0.013234
8.771943e-08,0.0160352
8.776943e-08,0.0251252
8.781943e-08,0.0319084
8.786943e-08,0.0328147
8.791943e-08,0.032183
8.796943e-08,0.0331168
8.801943e-08,0.0274046
8.806943e-08,0.0202369
8.811943e-08,0.0193306
8.816943e-08,0.0178477
8.821943e-08,0.0145522
8.826943e-08,0.0126024
8.831943e-08,0.0149092
8.836943e-08,0.0176554
8.841943e-08,0.0112842
8.846943e-08,0.00167233
8.851943e-08,-0.00360045
8.856943e-08,-0.00920277
8.861943e-08,-0.0153269
8.866943e-08,-0.0157114
8.871943e-08,-0.0108505
8.876943e-08,-0.0102189
8.881943e-08,-0.0148875
8.886943e-08,-0.015272
8.891943e-08,-0.0115371
8.896943e-08,-0.00505595
8.901943e-08,-0.000250035
8.906943e-08,-0.00189778
8.911943e-08,0.00153502
8.916943e-08,0.00625855
8.921943e-08,0.00653317
8.926943e-08,0.00573677
8.931943e-08,-0.00255688
8.936943e-08,-0.00607206
8.941943e-08,-0.00373776
8.946943e-08,-0.0131299
8.951943e-08,-0.0217805
8.956943e-08,-0.0179907
8.961943e-08,-0.0117293
8.966943e-08,-0.0058249
8.971943e-08,-0.0019527
8.976943e-08,-0.00563266
8.981943e-08,-0.00612699
8.986943e-08,0.00224904
8.991943e-08,0.0123827
8.996943e-08,0.0191659
9.001943e-08,0.0124376
9.006943e-08,0.00458335
9.011943e-08,0.0119982
9.016943e-08,0.0163922
9.021943e-08,0.008483
9.026943e-08,0.000106976
9.031943e-08,-0.00436939
9.036943e-08,-0.00335328
9.041943e-08,0.00268844
9.046943e-08,0.00345739
9.051943e-08,-0.000112723
9.056943e-08,0.00222158
9.061943e-08,0.00183711
9.066943e-08,-0.00148584
9.071943e-08,0.00175472
9.076943e-08,0.00499528
9.081943e-08,0.0120531
9.086943e-08,0.0235049
9.091943e-08,0.0216924
9.096943e-08,0.0124101
9.101943e-08,0.00862032
9.106943e-08,0.00299053
9.111943e-08,0.000354137
9.116943e-08,0.00340246
9.121943e-08,0.00263352
9.126943e-08,0.00296306
9.131943e-08,0.00216665
9.136943e-08,-0.00445178
9.141943e-08,-0.009038
9.146943e-08,-0.0107956
9.151943e-08,-0.0126356
9.156943e-08,-0.0131299
9.161943e-08,-0.00640161
9.166943e-08,0.00823584
9.171943e-08,0.0160901
9.176943e-08,0.00947165
9.181943e-08,0.00362216
9.186943e-08,0.00743943
9.191943e-08,0.0118609
9.196943e-08,0.0232303
9.201943e-08,0.0410259
9.206943e-08,0.0402844
9.211943e-08,0.0306452
9.216943e-08,0.0353687
9.221943e-08,0.0382248
9.226943e-08,0.0304804
9.231943e-08,0.023807
9.236943e-08,0.0129319
9.241943e-08,-0.000607046
9.246943e-08,-0.00552281
9.251943e-08,-0.0079395
9.256943e-08,-0.0118941
9.261943e-08,-0.0112075
9.266943e-08,-0.00862606
9.271943e-08,-0.0129102
9.276943e-08,-0.0200504
9.281943e-08,-0.0219453
9.286943e-08,-0.0184027
9.291943e-08,-0.0143657
9.296943e-08,-0.0192815
9.301943e-08,-0.0275751
9.306943e-08,-0.0263668
9.311943e-08,-0.0220277
9.316943e-08,-0.0196934
9.321943e-08,-0.0128553
9.326943e-08,-0.000716896
9.331943e-08,0.00977374
9.336943e-08,0.0124376
9.341943e-08,0.00949911
9.346943e-08,0.00807107
9.351943e-08,0.00969135
9.356943e-08,0.0114764
9.361943e-08,0.0154859
9.366943e-08,0.0228184
9.371943e-08,0.0237796
9.376943e-08,0.0176005
9.381943e-08,0.0136459
9.386943e-08,0.0123827
9.391943e-08,0.0104328
9.396943e-08,0.0038144
9.401943e-08,-0.000826745
9.406943e-08,0.00417141
9.411943e-08,0.00408902
9.416943e-08,-0.000579584
9.421943e-08,0.00716481
9.426943e-08,0.0180674
9.431943e-08,0.021253
9.436943e-08,0.0225163
9.441943e-08,0.019825
9.446943e-08,0.0112018
9.451943e-08,0.00296306
9.456943e-08,0.00323769
9.461943e-08,0.0130418
9.466943e-08,0.0175456
9.471943e-08,0.0116961
9.476943e-08,0.00743943
9.481943e-08,0.0142226
9.486943e-08,0.0255921
9.491943e-08,0.0264159
9.496943e-08,0.016145
9.501943e-08,0.00282575
9.506943e-08,-0.00181539
9.511943e-08,0.000985772
9.516943e-08,-0.00357298
9.521943e-08,-0.00942247
9.526943e-08,-0.00898307
9.531943e-08,-0.00780219
9.536943e-08,-0.00354552
9.541943e-08,0.00370455
9.546943e-08,0.00417141
9.551943e-08,0.00131532
9.556943e-08,0.00392425
9.561943e-08,0.00235889
9.566943e-08,-0.00678608
9.571943e-08,-0.00848875
9.576943e-08,-0.00088167
9.581943e-08,0.00153502
9.586943e-08,0.000738611
9.591943e-08,0.0035947
9.596943e-08,-0.00101898
9.601943e-08,-0.006484
9.606943e-08,0.0027159
9.611943e-08,0.0106525
9.616943e-08,0.00738451
9.621943e-08,0.00277083
9.626943e-08,-0.00464402
9.631943e-08,-0.0118117
9.636943e-08,-0.010109
9.641943e-08,-0.0049461
9.646943e-08,0.00164487
9.651943e-08,0.0068078
9.656943e-08,0.00516006
9.661943e-08,0.00650571
9.666943e-08,0.0129594
9.671943e-08,0.0165844
9.676943e-08,0.0159253
9.681943e-08,0.00977374
9.686943e-08,0.000326675
9.691943e-08,-0.00541296
9.696943e-08,-0.00675862
9.701943e-08,-0.00851621
9.706943e-08,-0.00928516
9.711943e-08,-0.00555028
9.716943e-08,-0.00148584
9.721943e-08,-0.00154077
9.726943e-08,-0.00104644
9.731943e-08,0.0024962
9.736943e-08,0.00595646
9.741943e-08,0.0091421
9.746943e-08,0.00787883
9.751943e-08,0.00546214
9.756943e-08,0.00710988
9.761943e-08,0.00189203
9.766943e-08,-0.00148584
9.771943e-08,0.00812599
9.776943e-08,0.0091421
9.781943e-08,0.00246874
9.786943e-08,0.00705496
9.791943e-08,0.0127671
9.796943e-08,0.0133713
9.801943e-08,0.0104603
9.806943e-08,0.0027159
9.811943e-08,0.00392425
9.816943e-08,0.00996597
9.821943e-08,0.00853793
9.826943e-08,0.00743943
9.831943e-08,0.000628761
9.836943e-08,-0.0116744
9.841943e-08,-0.0141735
9.846943e-08,-0.0128278
9.851943e-08,-0.0126905
9.856943e-08,-0.00857114
9.861943e-08,-0.00884576
9.866943e-08,-0.0138988
9.871943e-08,-0.0190892
9.876943e-08,-0.0261745
9.881943e-08,-0.0216707
9.886943e-08,-0.00901054
9.891943e-08,-0.0034906
9.896943e-08,0.00158994
9.901943e-08,0.00408902
9.906943e-08,0.0024962
9.911943e-08,0.00257859
9.916943e-08,-0.00148584
9.921943e-08,-0.00165062
9.926943e-08,0.00873017
9.931943e-08,0.0105976
9.936943e-08,-0.000909132
9.941943e-08,-0.00758249
9.946943e-08,-0.00129361
9.951943e-08,0.00639586
9.956943e-08,-0.000414809
9.961943e-08,-0.0133771
9.966943e-08,-0.0124433
9.971943e-08,-0.00544043
9.976943e-08,-0.00291389
9.981943e-08,0.005929
9.986943e-08,0.015788
9.991943e-08,0.0131241
9.996943e-08,0.00730212
1.000194e-07,0.00532483
1.000694e-07,0.00353977
1.001194e-07,0.0042538
1.001694e-07,0.00689019
1.002194e-07,0.00378694
1.002694e-07,-0.00464402
1.003194e-07,-0.00876338
1.003694e-07,-0.00799443
1.004194e-07,-0.0121412
1.004694e-07,-0.0200779
1.005194e-07,-0.0238952
1.005694e-07,-0.0221925
1.006194e-07,-0.0135693
1.006694e-07,0.00150756
1.007194e-07,0.0180948
1.007694e-07,0.0287228
1.008194e-07,0.0275694
1.008694e-07,0.0165569
1.009194e-07,0.000216825
1.009694e-07,-0.0185674
1.010194e-07,-0.0273279
1.010694e-07,-0.0143382
1.011194e-07,-0.00192524
1.011694e-07,-0.00972456
1.012194e-07,-0.0145305
1.012694e-07,-0.00209002
1.013194e-07,0.00969135
1.013694e-07,0.0117236
1.014194e-07,0.0135086
1.014694e-07,0.0209509
1.015194e-07,0.0275144
1.015694e-07,0.0240816
1.016194e-07,0.0176005
1.016694e-07,0.0183145
1.017194e-07,0.016914
1.017694e-07,0.00897733
1.018194e-07,0.00362216
1.018694e-07,0.00356724
1.019194e-07,0.0089224
1.019694e-07,0.0138382
1.020194e-07,0.0125474
1.020694e-07,0.00845554
1.021194e-07,0.00606631
1.021694e-07,0.00960896
1.022194e-07,0.00897733
1.022694e-07,-0.00107391
1.023194e-07,-0.00126614
1.023694e-07,0.00925195
1.024194e-07,0.0120257
1.024694e-07,0.00573677
1.025194e-07,0.00117801
1.025694e-07,0.0027159
1.026194e-07,0.00491289
1.026694e-07,0.0063684
1.027194e-07,0.00911464
1.027694e-07,0.0074669
1.028194e-07,0.00516006
1.028694e-07,0.00760421
1.029194e-07,0.00480304
1.029694e-07,-0.00700578
1.030194e-07,-0.015629
1.030694e-07,-0.0112899
1.031194e-07,-0.00653892
1.031694e-07,-0.00931262
1.032194e-07,-0.0058249
1.032694e-07,0.000436525
1.033194e-07,-0.00544043
1.033694e-07,-0.0195561
1.034194e-07,-0.0250486
1.034694e-07,-0.0153818
1.035194e-07,-0.00530311
1.035694e-07,-0.0028315
1.036194e-07,0.0010407
1.036694e-07,0.00938926
1.037194e-07,0.0155408
1.037694e-07,0.0150465
1.038194e-07,0.00911464
1.038694e-07,0.00180964
1.039194e-07,-0.00181539
1.039694e-07,0.000820998
1.040194e-07,0.0105701
1.040694e-07,0.018699
1.041194e-07,0.0196877
1.041694e-07,0.0235324
1.042194e-07,0.024878
1.042694e-07,0.0202094
1.043194e-07,0.0244387
1.043694e-07,0.0268828
1.044194e-07,0.0188363
1.044694e-07,0.0177653
1.045194e-07,0.0192757
1.045694e-07,0.014717
1.046194e-07,0.0093618
1.046694e-07,0.000711148
1.047194e-07,-0.00898307
1.047694e-07,-0.013075
1.048194e-07,-0.012306
1.048694e-07,-0.00730787
1.049194e-07,0.00463827
1.049694e-07,0.014662
1.050194e-07,0.00719227
1.050694e-07,-0.00533058
1.051194e-07,-0.00321597
1.051694e-07,0.0024962
1.052194e-07,0.00101323
1.052694e-07,-0.00112883
1.053194e-07,-0.00170554
1.053694e-07,-0.00384761
1.054194e-07,-0.006484
1.054694e-07,-0.00382015
1.055194e-07,0.00472066
1.055694e-07,0.0107349
1.056194e-07,0.0102955
1.056694e-07,0.00444603
1.057194e-07,0.000546374
1.057694e-07,0.00678034
1.058194e-07,0.0152113
1.058694e-07,0.0221043
1.059194e-07,0.032238
1.059694e-07,0.0333914
1.060194e-07,0.0166668
1.060694e-07,0.00348485
1.061194e-07,0.00516006
1.061694e-07,0.00554453
1.062194e-07,0.00288068
1.062694e-07,-0.00198017
1.063194e-07,-0.00425954
1.063694e-07,0.00524244
1.064194e-07,0.0102955
1.064694e-07,0.0103779
1.065194e-07,0.0132065
1.065694e-07,0.00587408
1.066194e-07,-0.00840636
1.066694e-07,-0.0129102
1.067194e-07,-0.0067037
1.067694e-07,-0.000826745
1.068194e-07,0.00238635
1.068694e-07,0.00450096
1.069194e-07,0.00760421
1.069694e-07,0.0161175
1.070194e-07,0.0185342
1.070694e-07,0.00897733
1.071194e-07,0.00202934
1.071694e-07,-0.000716896
1.072194e-07,-0.00623684
1.072694e-07,-0.0100816
1.073194e-07,-0.00999918
1.073694e-07,-0.0113448
1.074194e-07,-0.0144756
1.074694e-07,-0.0108231
1.075194e-07,-0.000277498
1.075694e-07,0.00175472
1.076194e-07,-0.00653892
1.076694e-07,-0.00824159
1.077194e-07,-0.0019527
1.077694e-07,0.00639586
1.078194e-07,0.0151289
1.078694e-07,0.0164196
1.079194e-07,0.0140029
1.079694e-07,0.00971881
1.080194e-07,-0.00252941
1.080694e-07,-0.00755503
1.081194e-07,0.000738611
1.081694e-07,0.00257859
1.082194e-07,-0.00568759
1.082694e-07,-0.0146953
1.083194e-07,-0.0212313
1.083694e-07,-0.0170296
1.084194e-07,-0.0092577
1.084694e-07,-0.0117568
1.085194e-07,-0.00846129
1.085694e-07,0.00323769
1.086194e-07,0.0038144
1.086694e-07,-0.000222573
1.087194e-07,-0.000167648
1.087694e-07,-0.00340821
1.088194e-07,-0.00708817
1.088694e-07,-0.0026118
1.089194e-07,0.00977374
1.089694e-07,0.0192757
1.090194e-07,0.0193856
1.090694e-07,0.0235873
1.091194e-07,0.0310296
1.091694e-07,0.0218572
1.092194e-07,0.00911464
1.092694e-07,0.00776898
1.093194e-07,0.00397917
1.093694e-07,-0.00184285
1.094194e-07,-0.0037103
1.094694e-07,-0.00612699
1.095194e-07,-0.00640161
1.095694e-07,0.00307291
1.096194e-07,0.0129319
1.096694e-07,0.0112567
1.097194e-07,0.0131516
1.097694e-07,0.0189736
1.098194e-07,0.0166119
1.098694e-07,0.0145247
1.099194e-07,0.00900479
1.099694e-07,-0.00236464
1.100194e-07,-0.00832398
1.100694e-07,-0.0118666
1.101194e-07,-0.0144756
1.101694e-07,-0.00868099
1.102194e-07,-0.00255688
1.102694e-07,-0.00804935
1.103194e-07,-0.0125532
1.103694e-07,-0.00491864
1.104194e-07,-0.00112883
1.104694e-07,-0.00176047
1.105194e-07,0.00938926
1.105694e-07,0.0193306
1.106194e-07,0.01977
1.106694e-07,0.020539
1.107194e-07,0.0165295
1.107694e-07,0.00853793
1.108194e-07,-0.00101898
1.108694e-07,-0.0149699
1.109194e-07,-0.017771
1.109694e-07,-0.00653892
1.110194e-07,-0.00373776
1.110694e-07,-0.00706071
1.111194e-07,0.0027159
1.111694e-07,0.00947165
1.112194e-07,-0.00555028
1.112694e-07,-0.0194737
1.113194e-07,-0.0204349
1.113694e-07,-0.0215883
1.114194e-07,-0.020737
1.114694e-07,-0.015986
1.115194e-07,-0.0109054
1.115694e-07,7.95135e-05
1.116194e-07,0.0148543
1.116694e-07,0.0217473
1.117194e-07,0.0210608
1.117694e-07,0.0212805
1.118194e-07,0.0186441
1.118694e-07,0.00568184
1.119194e-07,-0.00763742
1.119694e-07,-0.00549535
1.120194e-07,0.00296306
1.120694e-07,0.00378694
1.121194e-07,0.00312784
1.121694e-07,0.00991105
1.122194e-07,0.0210608
1.122694e-07,0.024521
1.123194e-07,0.0178751
1.123694e-07,0.00864778
1.124194e-07,0.00244128
1.124694e-07,0.000546374
1.125194e-07,-0.00162315
1.125694e-07,-0.00277657
1.126194e-07,0.0035947
1.126694e-07,0.00653317
1.127194e-07,0.00117801
1.127694e-07,0.00411648
1.128194e-07,0.0109272
1.128694e-07,0.00787883
1.129194e-07,0.00342992
1.129694e-07,0.00664302
1.130194e-07,0.0124925
1.130694e-07,0.0112292
1.131194e-07,0.00334754
1.131694e-07,-0.00596221
1.132194e-07,-0.0139812
1.132694e-07,-0.0152445
1.133194e-07,-0.0124433
1.133694e-07,-0.0124159
1.134194e-07,-0.0117568
1.134694e-07,-0.00944993
1.135194e-07,-0.00719802
1.135694e-07,-0.00140346
1.136194e-07,0.00466573
1.136694e-07,0.00513259
1.137194e-07,-0.000524659
1.137694e-07,-0.0106034
1.138194e-07,-0.0168922
1.138694e-07,-0.0158761
1.139194e-07,-0.0145305
1.139694e-07,-0.0126081
1.140194e-07,-0.00299627
1.140694e-07,0.0057093
1.141194e-07,0.00342992
1.141694e-07,0.0054896
1.142194e-07,0.0161175
1.142694e-07,0.0210333
1.143194e-07,0.0202918
1.143694e-07,0.0185068
1.144194e-07,0.0186441
1.144694e-07,0.0202369
1.145194e-07,0.0210608
1.145694e-07,0.0233402
1.146194e-07,0.022022
1.146694e-07,0.0182322
1.147194e-07,0.0202918
1.147694e-07,0.0195229
1.148194e-07,0.0129594
1.148694e-07,0.010323
1.149194e-07,0.00757675
1.149694e-07,0.00332008
1.150194e-07,0.00395171
1.150694e-07,0.00477558
1.151194e-07,0.00123293
1.151694e-07,-0.00203509
1.152194e-07,-0.00340821
1.152694e-07,-0.00395746
1.153194e-07,-0.00354552
1.153694e-07,-0.0032709
1.154194e-07,-0.00552281
1.154694e-07,-0.00568759
1.155194e-07,0.00587408
1.155694e-07,0.0152388
1.156194e-07,0.00859285
1.156694e-07,0.00510513
1.157194e-07,0.00661556
1.157694e-07,-0.00101898
1.158194e-07,-0.00390253
1.158694e-07,0.00164487
1.159194e-07,0.0035947
1.159694e-07,0.00708242
1.160194e-07,0.0112018
1.160694e-07,0.0095815
1.161194e-07,0.00661556
1.161694e-07,0.00392425
1.162194e-07,-0.00115629
1.162694e-07,-0.00612699
1.163194e-07,-0.00851621
1.163694e-07,-0.00706071
1.164194e-07,-0.00118376
1.164694e-07,0.00252367
1.165194e-07,0.00180964
1.165694e-07,-0.00030496
1.166194e-07,-0.00019511
1.166694e-07,0.0014801
1.167194e-07,0.00288068
1.167694e-07,0.00982866
1.168194e-07,0.0171062
1.168694e-07,0.0176554
1.169194e-07,0.0141128
1.169694e-07,0.00798868
1.170194e-07,0.00672541
1.170694e-07,0.0117785
1.171194e-07,0.00941673
1.171694e-07,0.00576423
1.172194e-07,0.013234
1.172694e-07,0.0142501
1.173194e-07,0.00785137
1.173694e-07,0.00576423
1.174194e-07,-0.00181539
1.174694e-07,-0.00983441
1.175194e-07,-0.00966963
1.175694e-07,-0.00697832
1.176194e-07,-0.00318851
1.176694e-07,0.00211173
1.177194e-07,0.00763167
1.177694e-07,0.0052699
1.178194e-07,-0.00706071
1.178694e-07,-0.0153818
1.179194e-07,-0.0107407
1.179694e-07,-0.00099152
1.180194e-07,-0.000552121
1.180694e-07,-0.00722548
1.181194e-07,-0.00145838
1.181694e-07,0.0145522
1.182194e-07,0.0200447
1.182694e-07,0.0174083
1.183194e-07,0.0168865
1.183694e-07,0.0180399
1.184194e-07,0.0151014
1.184694e-07,0.0065881
1.185194e-07,0.0029356
1.185694e-07,-0.00143092
1.186194e-07,-0.0116195
1.186694e-07,-0.011949
1.187194e-07,-0.0067037
1.187694e-07,-0.00642907
1.188194e-07,-0.00393
1.188694e-07,-0.000826745
1.189194e-07,-0.000250035
1.189694e-07,0.00156248
1.190194e-07,0.0010407
1.190694e-07,-0.000826745
1.191194e-07,-0.00296881
1.191694e-07,-0.00623684
1.192194e-07,-0.00156823
1.192694e-07,0.00565438
1.193194e-07,0.00422633
1.193694e-07,0.00650571
1.194194e-07,0.01436
1.194694e-07,0.0159253
1.195194e-07,0.0130692
1.195694e-07,0.0044735
1.196194e-07,-0.000964057
1.196694e-07,0.00524244
1.197194e-07,0.00708242
1.197694e-07,0.0107624
1.198194e-07,0.0232028
1.198694e-07,0.0262786
1.199194e-07,0.024878
1.199694e-07,0.0301508
1.200194e-07,0.0330893
1.200694e-07,0.0255646
1.201194e-07,0.0153761
1.201694e-07,0.0169414
1.202194e-07,0.0215826
1.202694e-07,0.0120257
1.203194e-07,-0.00445178
1.203694e-07,-0.00563266
1.204194e-07,0.00927941
1.204694e-07,0.0166119
1.205194e-07,0.0161175
1.205694e-07,0.0175731
1.206194e-07,0.0136459
1.206694e-07,0.013591
1.207194e-07,0.0185892
1.207694e-07,0.00721973
1.208194e-07,-0.0102738
1.208694e-07,-0.0170296
1.209194e-07,-0.0228516
1.209694e-07,-0.0269984
1.210194e-07,-0.0246366
1.210694e-07,-0.0207919
1.211194e-07,-0.0174964
1.211694e-07,-0.0147502
1.212194e-07,-0.00810428
1.212694e-07,-0.00134853
1.213194e-07,-0.00483625
1.213694e-07,-0.0085986
1.214194e-07,-0.00999918
1.214694e-07,-0.0176337
1.215194e-07,-0.0206546
1.215694e-07,-0.0183752
1.216194e-07,-0.0154093
1.216694e-07,-0.00700578
1.217194e-07,-0.00019511
1.217694e-07,0.00559945
1.218194e-07,0.0093618
1.218694e-07,-0.00099152
1.219194e-07,-0.00994426
1.219694e-07,-0.00291389
1.220194e-07,0.00296306
1.220694e-07,-0.00390253
1.221194e-07,-0.0170296
1.221694e-07,-0.0254605
1.222194e-07,-0.0235107
1.222694e-07,-0.0142284
1.223194e-07,-0.00898307
1.223694e-07,-0.0118117
1.224194e-07,-0.00480879
1.224694e-07,0.0087027
1.225194e-07,0.00485797
1.225694e-07,-0.00376522
1.226194e-07,-0.00107391
1.226694e-07,0.000299213
1.227194e-07,-0.00390253
1.227694e-07,-0.00398492
1.228194e-07,-0.000579584
1.228694e-07,-3.03361e-05
1.229194e-07,0.00463827
1.229694e-07,0.00897733
1.230194e-07,0.00197442
1.230694e-07,0.00134278
1.231194e-07,0.00960896
1.231694e-07,0.00436365
1.232194e-07,-0.00590729
1.232694e-07,-0.00088167
1.233194e-07,0.0118883
1.233694e-07,0.0211157
1.234194e-07,0.0222966
1.234694e-07,0.0155958
1.235194e-07,0.0116686
1.235694e-07,0.00513259
1.236194e-07,-0.00829651
1.236694e-07,-0.014146
1.237194e-07,-0.0123609
1.237694e-07,-0.00585236
1.238194e-07,0.000628761
1.238694e-07,-0.00519326
1.239194e-07,-0.00810428
1.239694e-07,0.00277083
1.240194e-07,0.00342992
1.240694e-07,-0.00988933
1.241194e-07,-0.0180457
1.241694e-07,-0.0137341
1.242194e-07,-0.00500103
1.242694e-07,-0.00403984
1.243194e-07,-0.00576998
1.243694e-07,-0.0079395
1.244194e-07,-0.0153269
1.244694e-07,-0.0154367
1.245194e-07,-0.0101365
1.245694e-07,-0.0092577
1.246194e-07,-0.00178793
1.246694e-07,0.00763167
1.247194e-07,0.00966389
1.247694e-07,0.0130143
1.248194e-07,0.0151564
1.248694e-07,0.00941673
1.249194e-07,0.000463987
1.249694e-07,-0.0060446
1.250194e-07,-0.00909292
1.250694e-07,-0.00321597
1.251194e-07,0.0100209
1.251694e-07,0.0152113
1.252194e-07,0.01977
1.252694e-07,0.0301783
1.253194e-07,0.0302332
1.253694e-07,0.0251252
1.254194e-07,0.0204566
1.254694e-07,0.00993851
1.255194e-07,0.00414395
1.255694e-07,0.00700004
1.256194e-07,0.00754928
1.256694e-07,0.00216665
1.257194e-07,-0.000442272
1.257694e-07,0.00749436
1.258194e-07,0.0162274
1.258694e-07,0.0148817
1.259194e-07,0.0107075
1.259694e-07,0.0123552
1.260194e-07,0.017628
1.260694e-07,0.0243288
1.261194e-07,0.0279264
1.261694e-07,0.0217748
1.262194e-07,0.0191659
1.262694e-07,0.0263336
1.263194e-07,0.0210059
1.263694e-07,0.00647825
1.264194e-07,0.00375947
1.264694e-07,0.00787883
1.265194e-07,0.0110645
1.265694e-07,0.0104328
1.266194e-07,0.00230397
1.266694e-07,-0.00414969
1.267194e-07,-0.00145838
1.267694e-07,0.0029356
1.268194e-07,0.00230397
1.268694e-07,-0.00387507
1.269194e-07,-0.00590729
1.269694e-07,0.00310038
1.270194e-07,0.00779644
1.270694e-07,-0.000414809
1.271194e-07,-0.00362791
1.271694e-07,0.00911464
1.272194e-07,0.0193032
1.272694e-07,0.01436
1.273194e-07,0.00392425
1.273694e-07,-0.0102189
1.274194e-07,-0.0235931
1.274694e-07,-0.0175239
1.275194e-07,0.0044735
1.275694e-07,0.0147719
1.276194e-07,0.0117785
1.276694e-07,0.0118609
1.277194e-07,0.0129319
1.277694e-07,0.0182322
1.278194e-07,0.0290249
1.278694e-07,0.0306452
1.279194e-07,0.0271849
1.279694e-07,0.0250428
1.280194e-07,0.0155134
1.280694e-07,0.00524244
1.281194e-07,0.000738611
1.281694e-07,-0.00678608
1.282194e-07,-0.0128827
1.282694e-07,-0.0088183
1.283194e-07,-0.0049461
1.283694e-07,-0.00708817
1.284194e-07,-0.00741772
1.284694e-07,-0.00939501
1.285194e-07,-0.0142559
1.285694e-07,-0.0141735
1.286194e-07,-0.0129377
1.286694e-07,-0.0112899
1.287194e-07,-0.00846129
1.287694e-07,-0.0094774
1.288194e-07,-0.00324344
1.288694e-07,0.0144423
1.289194e-07,0.0219945
1.289694e-07,0.0204291
1.290194e-07,0.0266906
1.290694e-07,0.0316063
1.291194e-07,0.0295741
1.291694e-07,0.029684
1.292194e-07,0.0330069
1.292694e-07,0.0309472
1.293194e-07,0.0198524
1.293694e-07,0.0105701
1.294194e-07,0.0035947
1.294694e-07,-0.00612699
1.295194e-07,-0.0114547
1.295694e-07,-0.0113723
1.296194e-07,-0.0079395
1.296694e-07,0.00112308
1.297194e-07,0.00477558
1.297694e-07,-0.010878
1.298194e-07,-0.0288933
1.298694e-07,-0.030184
1.299194e-07,-0.0254056
1.299694e-07,-0.0190343
1.300194e-07,-0.00980695
1.300694e-07,-0.00450671
1.301194e-07,-0.00156823
1.301694e-07,-0.00156823
1.302194e-07,-0.00557774
1.302694e-07,-0.00689593
1.303194e-07,-0.00497357
1.303694e-07,-0.00250195
1.304194e-07,0.00161741
1.304694e-07,0.0065881
1.305194e-07,0.00999344
1.305694e-07,0.00842808
1.306194e-07,7.95135e-05
1.306694e-07,-0.00851621
1.307194e-07,-0.00568759
1.307694e-07,0.0024962
1.308194e-07,0.000985772
1.308694e-07,0.000244288
1.309194e-07,0.00562692
1.309694e-07,0.00749436
1.310194e-07,0.0106525
1.310694e-07,0.0151289
1.311194e-07,0.0144698
1.311694e-07,0.0095815
1.312194e-07,0.00606631
1.312694e-07,0.00491289
1.313194e-07,0.003375
1.313694e-07,0.00397917
1.314194e-07,0.000546374
1.314694e-07,-0.00436939
1.315194e-07,-0.00555028
1.315694e-07,-0.0118392
1.316194e-07,-0.0103837
1.316694e-07,0.00395171
1.317194e-07,0.00488543
1.317694e-07,-0.00535804
1.318194e-07,-0.00612699
1.318694e-07,-0.00247449
1.319194e-07,-0.000112723
1.319694e-07,2.45887e-05
1.320194e-07,-0.00250195
1.320694e-07,0.00304545
1.321194e-07,0.0106251
1.321694e-07,0.00705496
1.322194e-07,0.00461081
1.322694e-07,0.00993851
1.323194e-07,0.00875763
1.323694e-07,0.00120547
1.324194e-07,-0.00214494
1.324694e-07,0.00161741
1.325194e-07,0.0123003
1.325694e-07,0.019056
1.326194e-07,0.0151564
1.326694e-07,0.00927941
1.327194e-07,0.00466573
1.327694e-07,-0.000689433
1.328194e-07,-0.0109329
1.328694e-07,-0.0215334
1.329194e-07,-0.0221101
1.329694e-07,-0.0154093
1.330194e-07,-0.00585236
1.330694e-07,0.00436365
1.331194e-07,0.0101582
1.331694e-07,0.00809853
1.332194e-07,0.00112308
1.332694e-07,-0.00442432
1.333194e-07,-0.00673116
1.333694e-07,-0.0060446
1.334194e-07,-0.0053855
1.334694e-07,-0.00741772
1.335194e-07,-0.0134594
1.335694e-07,-0.0200504
1.336194e-07,-0.0130475
1.336694e-07,0.00186457
1.337194e-07,0.00790629
1.337694e-07,0.0117785
1.338194e-07,0.0119158
1.338694e-07,0.00189203
1.339194e-07,-0.00088167
1.339694e-07,0.003375
1.340194e-07,-0.00321597
1.340694e-07,-0.00906546
1.341194e-07,-0.00497357
1.341694e-07,-0.00659385
1.342194e-07,-0.0136791
1.342694e-07,-0.0143382
1.343194e-07,-0.010466
1.343694e-07,-0.00988933
1.344194e-07,-0.0146129
1.344694e-07,-0.0172767
1.345194e-07,-0.0103837
1.345694e-07,-0.001733
1.346194e-07,7.95135e-05
1.346694e-07,0.000546374
1.347194e-07,-0.00112883
1.347694e-07,-0.00651146
1.348194e-07,-0.00662131
1.348694e-07,-0.00403984
1.349194e-07,-0.00458909
1.349694e-07,-0.00184285
1.350194e-07,0.00158994
1.350694e-07,-0.00579744
1.351194e-07,-0.0187322
1.351694e-07,-0.0235107
1.352194e-07,-0.0180457
1.352694e-07,-0.012663
1.353194e-07,-0.010164
1.353694e-07,-5.77984e-05
1.354194e-07,0.0119982
1.354694e-07,0.014662
1.355194e-07,0.0142226
1.355694e-07,0.0127397
1.356194e-07,0.0089224
1.356694e-07,0.0120257
1.357194e-07,0.0211706
1.357694e-07,0.0237246
1.358194e-07,0.0198799
1.358694e-07,0.0149641
1.359194e-07,0.00557199
1.359694e-07,-0.00431447
1.360194e-07,-0.0116469
1.360694e-07,-0.0248289
1.361194e-07,-0.0342485
1.361694e-07,-0.0246916
1.362194e-07,-0.0120589
1.362694e-07,-0.00656638
1.363194e-07,0.00329261
1.363694e-07,0.0101307
1.364194e-07,0.00837315
1.364694e-07,0.00776898
1.365194e-07,0.00894986
1.365694e-07,0.0141403
1.366194e-07,0.0209509
1.366694e-07,0.017216
1.367194e-07,0.00982866
1.367694e-07,0.0106525
1.368194e-07,0.00875763
1.368694e-07,0.000930848
1.369194e-07,0.000573836
1.369694e-07,-0.000716896
1.370194e-07,-0.0116744
1.370694e-07,-0.0137066
1.371194e-07,-0.00870845
1.371694e-07,-0.011235
1.372194e-07,-0.010878
1.372694e-07,-0.00277657
1.373194e-07,0.00829077
1.373694e-07,0.0153211
1.374194e-07,0.0112018
1.374694e-07,0.0108448
1.375194e-07,0.0176829
1.375694e-07,0.0089224
1.376194e-07,-0.00791204
1.376694e-07,-0.00854368
1.377194e-07,-0.00420462
1.377694e-07,-0.0113174
1.378194e-07,-0.0124983
1.378694e-07,0.00321023
1.379194e-07,0.0091421
1.379694e-07,0.000491449
1.380194e-07,-0.00129361
1.380694e-07,0.00620363
1.381194e-07,0.0164746
1.381694e-07,0.0155683
1.382194e-07,0.00573677
1.382694e-07,0.0068078
1.383194e-07,0.012877
1.383694e-07,0.0132889
1.384194e-07,0.0141128
1.384694e-07,0.0119982
1.385194e-07,0.00807107
1.385694e-07,0.00952657
1.386194e-07,0.00779644
1.386694e-07,0.00282575
1.387194e-07,-0.000167648
1.387694e-07,-0.00192524
1.388194e-07,0.00137025
1.388694e-07,0.00535229
1.389194e-07,0.0054896
1.389694e-07,0.00787883
1.390194e-07,0.00908718
1.390694e-07,0.008483
1.391194e-07,0.0144423
1.391694e-07,0.0185342
1.392194e-07,0.0135086
1.392694e-07,0.0129319
1.393194e-07,0.0205115
1.393694e-07,0.0235324
1.394194e-07,0.0222691
1.394694e-07,0.0233676
1.395194e-07,0.023093
1.395694e-07,0.0204017
1.396194e-07,0.0171337
1.396694e-07,0.01252
1.397194e-07,0.0108173
1.397694e-07,0.00815346
1.398194e-07,-0.00211748
1.398694e-07,-0.0079395
1.399194e-07,-0.0092577
1.399694e-07,-0.0120039
1.400194e-07,-0.00544043
1.400694e-07,0.00216665
1.401194e-07,0.000683686
1.401694e-07,0.000354137
1.402194e-07,-0.00244703
1.402694e-07,-0.0069234
1.403194e-07,-0.00230971
1.403694e-07,-0.00450671
1.404194e-07,-0.0164528
1.404694e-07,-0.0172767
1.405194e-07,-0.0128278
1.405694e-07,-0.0134594
1.406194e-07,-0.0106583
1.406694e-07,-0.00744518
1.407194e-07,-0.00857114
1.407694e-07,-0.0058249
1.408194e-07,-0.00533058
1.408694e-07,-0.00879084
1.409194e-07,0.00109562
1.409694e-07,0.0154035
1.410194e-07,0.0109546
1.410694e-07,0.00255113
1.411194e-07,0.0121904
1.411694e-07,0.0206763
1.412194e-07,0.0106525
1.412694e-07,0.00145263
1.413194e-07,0.000216825
1.413694e-07,-0.00244703
1.414194e-07,0.00189203
1.414694e-07,0.0135086
1.415194e-07,0.0213903
1.415694e-07,0.0234225
1.416194e-07,0.0172435
1.416694e-07,0.00576423
1.417194e-07,-0.00296881
1.417694e-07,-0.00368283
1.418194e-07,-0.000579584
1.418694e-07,-0.0030512
1.419194e-07,-0.00277657
1.419694e-07,0.00634094
1.420194e-07,0.00779644
1.420694e-07,0.00505021
1.421194e-07,0.013948
1.421694e-07,0.0169414
1.422194e-07,0.00576423
1.422694e-07,0.00120547
1.423194e-07,0.00436365
1.423694e-07,0.008483
1.424194e-07,0.0144973
1.424694e-07,0.0111469
1.425194e-07,0.0010407
1.425694e-07,-0.00354552
1.426194e-07,-0.0083789
1.426694e-07,-0.0104111
1.427194e-07,-0.00810428
1.427694e-07,-0.00835144
1.428194e-07,-0.00769234
1.428694e-07,-0.00576998
1.429194e-07,-0.00467148
1.429694e-07,-0.0021724
1.430194e-07,0.00340246
1.430694e-07,0.00268844
1.431194e-07,-0.00634669
1.431694e-07,-0.0088183
1.432194e-07,-0.00296881
1.432694e-07,0.00612124
1.433194e-07,0.0158429
1.433694e-07,0.0205939
1.434194e-07,0.0192483
1.434694e-07,0.0133713
1.435194e-07,0.00584661
1.435694e-07,-0.00156823
1.436194e-07,-0.0121687
1.436694e-07,-0.0152994
1.437194e-07,-0.00351806
1.437694e-07,0.00463827
1.438194e-07,0.00277083
1.438694e-07,-0.000716896
1.439194e-07,-0.00230971
1.439694e-07,-0.0053855
1.440194e-07,-0.0176063
1.440694e-07,-0.0246366
1.441194e-07,-0.0131024
1.441694e-07,-0.00714309
1.442194e-07,-0.00879084
1.442694e-07,0.00873017
1.443194e-07,0.0258942
1.443694e-07,0.0201271
1.444194e-07,0.0101582
1.444694e-07,0.00112308
1.445194e-07,-0.00854368
1.445694e-07,-0.00612699
1.446194e-07,0.00290814
1.446694e-07,0.00200188
1.447194e-07,-0.00118376
1.447694e-07,0.00469319
1.448194e-07,0.00664302
1.448694e-07,0.00202934
1.449194e-07,0.00252367
1.449694e-07,-0.000552121
1.450194e-07,-0.0137615
1.450694e-07,-0.0227692
1.451194e-07,-0.0237029
1.451694e-07,-0.0221376
1.452194e-07,-0.0168373
1.452694e-07,-0.0116744
1.453194e-07,-0.0118941
1.453694e-07,-0.0114547
1.454194e-07,-0.00777473
1.454694e-07,-0.00686847
1.455194e-07,-0.00497357
1.455694e-07,0.00516006
1.456194e-07,0.0185617
1.456694e-07,0.0249604
1.457194e-07,0.0249604
1.457694e-07,0.0237246
1.458194e-07,0.0188363
1.458694e-07,0.0118883
1.459194e-07,0.0065881
1.459694e-07,0.00326515
1.460194e-07,-0.0015133
1.460694e-07,-0.00714309
1.461194e-07,-0.00686847
1.461694e-07,-0.00914785
1.462194e-07,-0.017414
1.462694e-07,-0.0246916
1.463194e-07,-0.0273005
1.463694e-07,-0.0237578
1.464194e-07,-0.0223298
1.464694e-07,-0.0163155
1.465194e-07,-0.000497197
1.465694e-07,0.00653317
1.466194e-07,0.00738451
1.466694e-07,0.0179026
1.467194e-07,0.0260315
1.467694e-07,0.0222142
1.468194e-07,0.0218297
1.468694e-07,0.024521
1.469194e-07,0.0202644
1.469694e-07,0.0169963
1.470194e-07,0.0115039
1.470694e-07,-0.00159569
1.471194e-07,-0.00332582
1.471694e-07,0.00719227
1.472194e-07,0.00966389
1.472694e-07,0.0101033
1.473194e-07,0.0158429
1.473694e-07,0.0160352
1.474194e-07,0.011394
1.474694e-07,0.00603885
1.475194e-07,0.00219412
1.475694e-07,0.0010407
1.476194e-07,-0.00219986
1.476694e-07,-0.00230971
1.477194e-07,0.00419887
1.477694e-07,0.00925195
1.478194e-07,0.0100758
1.478694e-07,0.0112567
1.479194e-07,0.0146346
1.479694e-07,0.012877
1.480194e-07,0.00150756
1.480694e-07,-0.00821413
1.481194e-07,-0.00714309
1.481694e-07,-0.00964217
1.482194e-07,-0.0201877
1.482694e-07,-0.0187597
1.483194e-07,-0.0109329
1.483694e-07,-0.010109
1.484194e-07,-0.00917531
1.484694e-07,-0.00620937
1.485194e-07,0.00279829
1.485694e-07,0.0159802
1.486194e-07,0.0206488
1.486694e-07,0.0179575
1.487194e-07,0.0132065
1.487694e-07,0.00246874
1.488194e-07,-0.013789
1.488694e-07,-0.0220552
1.489194e-07,-0.0227143
1.489694e-07,-0.0241148
1.490194e-07,-0.0238128
1.490694e-07,-0.0240599
1.491194e-07,-0.0134594
1.491694e-07,0.00647825
1.492194e-07,0.00587408
1.492694e-07,-0.00154077
1.493194e-07,0.00513259
1.493694e-07,0.00713735
1.494194e-07,0.00845554
1.494694e-07,0.0151564
1.495194e-07,0.00963642
1.495694e-07,0.00128786
1.496194e-07,0.00444603
1.496694e-07,0.00603885
1.497194e-07,0.00279829
1.497694e-07,0.00378694
1.498194e-07,0.00675287
1.498694e-07,0.00612124
1.499194e-07,0.005929
1.499694e-07,0.0108997
1.500194e-07,0.00812599
1.500694e-07,-0.00209002
1.501194e-07,0.00235889
1.501694e-07,0.0133438
1.502194e-07,0.0112842
1.502694e-07,0.00661556
1.503194e-07,0.00760421
1.503694e-07,0.0029356
1.504194e-07,-0.001733
1.504694e-07,0.00488543
1.505194e-07,0.00757675
1.505694e-07,-0.000112723
1.506194e-07,-0.00176047
1.506694e-07,0.00612124
1.507194e-07,0.0091421
1.507694e-07,0.0061487
1.508194e-07,0.0093618
1.508694e-07,0.0137283
1.509194e-07,0.00754928
1.509694e-07,-0.00302374
1.510194e-07,-0.00338075
1.510694e-07,0.00178218
1.511194e-07,0.00211173
1.511694e-07,0.0035947
1.512194e-07,0.00241382
1.512694e-07,-0.00384761
1.513194e-07,-0.00799443
1.513694e-07,-0.0132397
1.514194e-07,-0.012663
1.514694e-07,-0.0037103
1.515194e-07,-0.00269419
1.515694e-07,-0.00876338
1.516194e-07,-0.0110977
1.516694e-07,-0.00898307
1.517194e-07,-0.00420462
1.517694e-07,-0.00198017
1.518194e-07,-0.00401238
1.518694e-07,-0.00807682
1.519194e-07,-0.0126081
1.519694e-07,-0.00832398
1.520194e-07,-0.00508342
1.520694e-07,-0.0143108
1.521194e-07,-0.0175513
1.521694e-07,-0.0120039
1.522194e-07,-0.00711563
1.522694e-07,-0.000854208
1.523194e-07,0.00310038
1.523694e-07,-0.000579584
1.524194e-07,-0.00585236
1.524694e-07,-0.00544043
1.525194e-07,-0.006484
1.525694e-07,-0.00744518
1.526194e-07,0.00191949
1.526694e-07,0.00991105
1.527194e-07,0.00829077
1.527694e-07,0.0070275
1.528194e-07,0.0057093
1.528694e-07,0.00304545
1.529194e-07,0.000875923
1.529694e-07,-0.00634669
1.530194e-07,-0.0122786
1.530694e-07,-0.00813174
1.531194e-07,-0.000222573
1.531694e-07,0.00428126
1.532194e-07,0.00812599
1.532694e-07,0.0109272
1.533194e-07,0.00639586
1.533694e-07,-3.03361e-05
1.534194e-07,-0.00329836
1.534694e-07,-0.00272165
1.535194e-07,-0.00019511
1.535694e-07,-0.00513834
1.536194e-07,-0.0134594
1.536694e-07,-0.0146129
1.537194e-07,-0.00898307
1.537694e-07,-0.000442272
1.538194e-07,0.00562692
1.538694e-07,0.00793376
1.539194e-07,0.00881255
1.539694e-07,0.00716481
1.540194e-07,0.0061487
1.540694e-07,0.00988359
1.541194e-07,0.0137832
1.541694e-07,0.013948
1.542194e-07,0.0147719
1.542694e-07,0.017985
1.543194e-07,0.0160077
1.543694e-07,0.00568184
1.544194e-07,-0.00318851
1.544694e-07,-0.00458909
1.545194e-07,-0.0120863
1.545694e-07,-0.0246366
1.546194e-07,-0.0253507
1.546694e-07,-0.0218355
1.547194e-07,-0.0215059
1.547694e-07,-0.0182654
1.548194e-07,-0.0131574
1.548694e-07,-0.00387507
1.549194e-07,0.00669795
1.549694e-07,0.00804361
1.550194e-07,0.00513259
1.550694e-07,0.00667049
1.551194e-07,0.0122728
1.551694e-07,0.0144698
1.552194e-07,0.00812599
1.552694e-07,0.000601299
1.553194e-07,-0.00321597
1.553694e-07,-0.00376522
1.554194e-07,-0.00228225
1.554694e-07,-0.0032709
1.555194e-07,-0.0107132
1.555694e-07,-0.0209841
1.556194e-07,-0.0198033
1.556694e-07,-0.00766488
1.557194e-07,0.00296306
1.557694e-07,0.0108997
1.558194e-07,0.0102131
1.558694e-07,-0.000909132
1.559194e-07,-0.00917531
1.559694e-07,-0.0143657
1.560194e-07,-0.0165902
1.560694e-07,-0.0102189
1.561194e-07,-0.00695086
1.561694e-07,-0.0103287
1.562194e-07,-0.0145854
1.562694e-07,-0.0211764
1.563194e-07,-0.0244444
1.563694e-07,-0.0190068
1.564194e-07,-0.010109
1.564694e-07,-0.00513834
1.565194e-07,-0.00593475
1.565694e-07,-0.00255688
1.566194e-07,0.00785137
1.566694e-07,0.00845554
1.567194e-07,0.00488543
1.567694e-07,0.0151564
1.568194e-07,0.0235599
1.568694e-07,0.0179026
1.569194e-07,0.00776898
1.569694e-07,-0.00162315
1.570194e-07,-0.00739026
1.570694e-07,-0.0117568
1.571194e-07,-0.0205997
1.571694e-07,-0.0229889
1.572194e-07,-0.0114272
1.572694e-07,-0.0026118
1.573194e-07,-0.00502849
1.573694e-07,-0.00544043
1.574194e-07,0.00202934
1.574694e-07,0.00642333
1.575194e-07,0.00993851
1.575694e-07,0.0172435
1.576194e-07,0.016145
1.576694e-07,0.0112292
1.577194e-07,0.00963642
1.577694e-07,0.00499528
1.578194e-07,0.00554453
1.578694e-07,0.0133988
1.579194e-07,0.014662
1.579694e-07,0.0098012
1.580194e-07,0.0112018
1.580694e-07,0.016502
1.581194e-07,0.0120257
1.581694e-07,0.00342992
1.582194e-07,0.0038144
1.582694e-07,0.00993851
1.583194e-07,0.0198799
1.583694e-07,0.0299311
1.584194e-07,0.0337209
1.584694e-07,0.0334463
1.585194e-07,0.0291896
1.585694e-07,0.0229831
1.586194e-07,0.0169689
1.586694e-07,0.0108173
1.587194e-07,0.0101307
1.587694e-07,0.0127946
1.588194e-07,0.0119982
1.588694e-07,0.0124925
1.589194e-07,0.0157331
1.589694e-07,0.0161725
1.590194e-07,0.0214178
1.590694e-07,0.0325675
1.591194e-07,0.0344075
1.591694e-07,0.0293819
1.592194e-07,0.0233402
1.592694e-07,0.0109272
1.593194e-07,-0.00274911
1.593694e-07,-0.0099168
1.594194e-07,-0.0113723
1.594694e-07,-0.0104111
1.595194e-07,-0.0129651
1.595694e-07,-0.0196385
1.596194e-07,-0.0197758
