LECROYWR640Zi,59892,Waveform
Segments,1,SegmentSize,4002
Segment,TrigTime,TimeSinceSegment1
#1,01-Nov-2023 13:34:17,0                 
Time,Ampl
-4.044972e-08,0.0117785
-4.039972e-08,0.00573677
-4.034972e-08,-0.00206255
-4.029972e-08,0.00230397
-4.024972e-08,0.00348485
-4.019972e-08,-0.00107391
-4.014972e-08,-0.00110137
-4.009972e-08,-0.006484
-4.004972e-08,-0.0166176
-3.999972e-08,-0.0236755
-3.994972e-08,-0.0294426
-3.989972e-08,-0.0240599
-3.984972e-08,-0.0128278
-3.979972e-08,-0.018128
-3.974972e-08,-0.0278497
-3.969972e-08,-0.019254
-3.964972e-08,-0.00511088
-3.959972e-08,-0.00178793
-3.954972e-08,0.00397917
-3.949972e-08,0.0137283
-3.944972e-08,0.0110645
-3.939972e-08,0.00683526
-3.934972e-08,0.0108173
-3.929972e-08,0.011037
-3.924972e-08,-0.00030496
-3.919972e-08,-0.0152994
-3.914972e-08,-0.0202976
-3.909972e-08,-0.0160409
-3.904972e-08,-0.00579744
-3.899972e-08,0.00535229
-3.894972e-08,0.00730212
-3.889972e-08,0.00433618
-3.884972e-08,0.00472066
-3.879972e-08,0.0101857
-3.874972e-08,0.014717
-3.869972e-08,0.0140029
-3.864972e-08,0.0106525
-3.859972e-08,0.0057093
-3.854972e-08,0.00831823
-3.849972e-08,0.0141952
-3.844972e-08,0.0063684
-3.839972e-08,-0.00184285
-3.834972e-08,-0.00219986
-3.829972e-08,-0.0107956
-3.824972e-08,-0.019968
-3.819972e-08,-0.0166176
-3.814972e-08,-0.00673116
-3.809972e-08,0.00290814
-3.804972e-08,0.00886748
-3.799972e-08,0.0104328
-3.794972e-08,0.0108722
-3.789972e-08,0.0169689
-3.784972e-08,0.0236148
-3.779972e-08,0.0242739
-3.774972e-08,0.0269652
-3.769972e-08,0.0296565
-3.764972e-08,0.0280362
-3.759972e-08,0.0247682
-3.754972e-08,0.0196602
-3.749972e-08,0.017271
-3.744972e-08,0.0144698
-3.739972e-08,0.00963642
-3.734972e-08,0.0108722
-3.729972e-08,0.01252
-3.724972e-08,0.0115313
-3.719972e-08,0.0116961
-3.714972e-08,0.0122454
-3.709972e-08,0.00776898
-3.704972e-08,-0.00865353
-3.699972e-08,-0.0195836
-3.694972e-08,-0.0117842
-3.689972e-08,-0.00329836
-3.684972e-08,0.00139771
-3.679972e-08,0.00757675
-3.674972e-08,0.00919703
-3.669972e-08,0.00634094
-3.664972e-08,0.00364962
-3.659972e-08,0.00027175
-3.654972e-08,-0.00467148
-3.649972e-08,-0.0085986
-3.644972e-08,-0.0106583
-3.639972e-08,-0.0127729
-3.634972e-08,-0.0131299
-3.629972e-08,-0.0056052
-3.624972e-08,0.0063684
-3.619972e-08,0.01252
-3.614972e-08,0.0119707
-3.609972e-08,0.0155134
-3.604972e-08,0.0252351
-3.599972e-08,0.0280637
-3.594972e-08,0.0283383
-3.589972e-08,0.0273497
-3.584972e-08,0.0114489
-3.579972e-08,-0.00236464
-3.574972e-08,0.000299213
-3.569972e-08,0.00576423
-3.564972e-08,0.0108173
-3.559972e-08,0.0114489
-3.554972e-08,0.00628601
-3.549972e-08,0.00881255
-3.544972e-08,0.011751
-3.539972e-08,0.00510513
-3.534972e-08,0.00115055
-3.529972e-08,0.00255113
-3.524972e-08,0.00255113
-3.519972e-08,0.00642333
-3.514972e-08,0.0157056
-3.509972e-08,0.0218023
-3.504972e-08,0.0214178
-3.499972e-08,0.0167766
-3.494972e-08,0.0138107
-3.489972e-08,0.0124925
-3.484972e-08,0.00908718
-3.479972e-08,0.00559945
-3.474972e-08,0.00246874
-3.469972e-08,0.00288068
-3.464972e-08,0.00554453
-3.459972e-08,0.00466573
-3.454972e-08,0.00675287
-3.449972e-08,0.0108722
-3.444972e-08,0.00774152
-3.439972e-08,0.0087027
-3.434972e-08,0.0195778
-3.429972e-08,0.0204566
-3.424972e-08,0.0107075
-3.419972e-08,0.00713735
-3.414972e-08,0.00507767
-3.409972e-08,0.00428126
-3.404972e-08,0.0104328
-3.399972e-08,0.012108
-3.394972e-08,0.0110919
-3.389972e-08,0.0143325
-3.384972e-08,0.0157331
-3.379972e-08,0.0134537
-3.374972e-08,0.00916956
-3.369972e-08,0.00639586
-3.364972e-08,0.00472066
-3.359972e-08,0.00200188
-3.354972e-08,0.000134438
-3.349972e-08,-0.00563266
-3.344972e-08,-0.0131848
-3.339972e-08,-0.00892815
-3.334972e-08,0.000106976
-3.329972e-08,-0.0026118
-3.324972e-08,-0.010164
-3.319972e-08,-0.00923024
-3.314972e-08,-0.00258434
-3.309972e-08,0.00233143
-3.304972e-08,0.00535229
-3.299972e-08,0.000134438
-3.294972e-08,-0.00914785
-3.289972e-08,-0.00777473
-3.284972e-08,-0.00673116
-3.279972e-08,-0.0136791
-3.274972e-08,-0.0164528
-3.269972e-08,-0.011235
-3.264972e-08,-0.0030512
-3.259972e-08,-0.000112723
-3.254972e-08,0.00252367
-3.249972e-08,0.0112018
-3.244972e-08,0.00955404
-3.239972e-08,-0.000661971
-3.234972e-08,-0.00143092
-3.229972e-08,0.00117801
-3.224972e-08,-0.00225479
-3.219972e-08,-0.00587982
-3.214972e-08,-0.00637415
-3.209972e-08,-0.00879084
-3.204972e-08,-0.0060446
-3.199972e-08,0.00716481
-3.194972e-08,0.0151838
-3.189972e-08,0.0159253
-3.184972e-08,0.0166668
-3.179972e-08,0.0157331
-3.174972e-08,0.0166393
-3.169972e-08,0.0123552
-3.164972e-08,-0.000414809
-3.159972e-08,-0.00461655
-3.154972e-08,-0.00198017
-3.149972e-08,-0.00840636
-3.144972e-08,-0.014915
-3.139972e-08,-0.00640161
-3.134972e-08,0.00290814
-3.129972e-08,0.0012604
-3.124972e-08,0.00546214
-3.119972e-08,0.0204841
-3.114972e-08,0.0309747
-3.109972e-08,0.0332266
-3.104972e-08,0.0303431
-3.099972e-08,0.0189462
-3.094972e-08,0.0105427
-3.089972e-08,0.0126847
-3.084972e-08,0.00700004
-3.079972e-08,-0.00535804
-3.074972e-08,-0.0121138
-3.069972e-08,-0.0165902
-3.064972e-08,-0.0161508
-3.059972e-08,-0.0139812
-3.054972e-08,-0.0139263
-3.049972e-08,-0.00958725
-3.044972e-08,-0.00535804
-3.039972e-08,-0.000442272
-3.034972e-08,0.00949911
-3.029972e-08,0.0145247
-3.024972e-08,0.0134812
-3.019972e-08,0.0123277
-3.014972e-08,0.0121904
-3.009972e-08,0.0140304
-3.004972e-08,0.0117236
-2.999972e-08,0.00235889
-2.994972e-08,-0.00198017
-2.989972e-08,-0.000332422
-2.984972e-08,-0.00123868
-2.979972e-08,-0.00154077
-2.974972e-08,-0.0032709
-2.969972e-08,-0.00662131
-2.964972e-08,-0.00535804
-2.959972e-08,-0.00728041
-2.954972e-08,-0.012663
-2.949972e-08,-0.00931262
-2.944972e-08,-0.000936595
-2.939972e-08,0.000656224
-2.934972e-08,-0.00376522
-2.929972e-08,-0.00214494
-2.924972e-08,0.00362216
-2.919972e-08,-0.00272165
-2.914972e-08,-0.0119765
-2.909972e-08,-0.00566013
-2.904972e-08,0.00342992
-2.899972e-08,0.00419887
-2.894972e-08,0.00779644
-2.889972e-08,0.0138382
-2.884972e-08,0.0101582
-2.879972e-08,0.00137025
-2.874972e-08,-0.000552121
-2.869972e-08,0.00290814
-2.864972e-08,0.00867524
-2.859972e-08,0.0126024
-2.854972e-08,0.0139755
-2.849972e-08,0.0174357
-2.844972e-08,0.0156507
-2.839972e-08,0.00938926
-2.834972e-08,0.00864778
-2.829972e-08,0.0102131
-2.824972e-08,0.00458335
-2.819972e-08,-0.00302374
-2.814972e-08,0.0035947
-2.809972e-08,0.0139206
-2.804972e-08,0.00612124
-2.799972e-08,-0.0113723
-2.794972e-08,-0.0164528
-2.789972e-08,-0.00818667
-2.784972e-08,-0.00272165
-2.779972e-08,2.45887e-05
-2.774972e-08,0.00754928
-2.769972e-08,0.0165569
-2.764972e-08,0.0226536
-2.759972e-08,0.0183969
-2.754972e-08,0.00625855
-2.749972e-08,-0.00382015
-2.744972e-08,-0.0182104
-2.739972e-08,-0.0313375
-2.734972e-08,-0.028042
-2.729972e-08,-0.0169197
-2.724972e-08,-0.00629176
-2.719972e-08,0.00299053
-2.714972e-08,0.00807107
-2.709972e-08,0.0128495
-2.704972e-08,0.0183145
-2.699972e-08,0.0205115
-2.694972e-08,0.0191933
-2.689972e-08,0.0141677
-2.684972e-08,0.0100484
-2.679972e-08,0.00845554
-2.674972e-08,0.00472066
-2.669972e-08,0.00513259
-2.664972e-08,0.0105701
-2.659972e-08,0.0139755
-2.654972e-08,0.0168041
-2.649972e-08,0.0226261
-2.644972e-08,0.0342153
-2.639972e-08,0.0444038
-2.634972e-08,0.0397077
-2.629972e-08,0.0203742
-2.624972e-08,0.0038144
-2.619972e-08,0.00161741
-2.614972e-08,0.00178218
-2.609972e-08,-0.000771821
-2.604972e-08,-0.00379268
-2.599972e-08,-0.0126081
-2.594972e-08,-0.0164528
-2.589972e-08,-0.0047264
-2.584972e-08,0.00565438
-2.579972e-08,0.00263352
-2.574972e-08,0.00084846
-2.569972e-08,0.00598393
-2.564972e-08,0.00842808
-2.559972e-08,0.0091421
-2.554972e-08,0.0134537
-2.549972e-08,0.0191384
-2.544972e-08,0.0207862
-2.539972e-08,0.0172984
-2.534972e-08,0.00837315
-2.529972e-08,-0.00132107
-2.524972e-08,-0.00420462
-2.519972e-08,-0.00137599
-2.514972e-08,0.00106816
-2.509972e-08,-0.000497197
-2.504972e-08,-0.00695086
-2.499972e-08,-0.0152445
-2.494972e-08,-0.015629
-2.489972e-08,-0.0113998
-2.484972e-08,-0.00901054
-2.479972e-08,-0.000387347
-2.474972e-08,0.00543468
-2.469972e-08,0.00422633
-2.464972e-08,0.00623109
-2.459972e-08,0.00345739
-2.454972e-08,0.00441857
-2.449972e-08,0.0174632
-2.444972e-08,0.0207587
-2.439972e-08,0.0148268
-2.434972e-08,0.0156232
-2.429972e-08,0.0232852
-2.424972e-08,0.029629
-2.419972e-08,0.0267455
-2.414972e-08,0.022324
-2.409972e-08,0.0212256
-2.404972e-08,0.0145247
-2.399972e-08,0.00916956
-2.394972e-08,0.0142226
-2.389972e-08,0.0183695
-2.384972e-08,0.0158978
-2.379972e-08,0.00782391
-2.374972e-08,-0.000689433
-2.369972e-08,-0.00165062
-2.364972e-08,-0.00590729
-2.359972e-08,-0.0180731
-2.354972e-08,-0.0302939
-2.349972e-08,-0.0369398
-2.344972e-08,-0.0304861
-2.339972e-08,-0.0193364
-2.334972e-08,-0.0154093
-2.329972e-08,-0.0157388
-2.324972e-08,-0.0132123
-2.319972e-08,-0.00686847
-2.314972e-08,-0.00181539
-2.309972e-08,0.00590154
-2.304972e-08,0.015074
-2.299972e-08,0.0156781
-2.294972e-08,0.0138656
-2.289972e-08,0.0149367
-2.284972e-08,0.0112018
-2.279972e-08,0.00323769
-2.274972e-08,-0.000442272
-2.269972e-08,-0.00332582
-2.264972e-08,-0.00914785
-2.259972e-08,-0.00387507
-2.254972e-08,0.00897733
-2.249972e-08,0.00988359
-2.244972e-08,0.00546214
-2.239972e-08,0.00510513
-2.234972e-08,0.00911464
-2.229972e-08,0.0155958
-2.224972e-08,0.0162274
-2.219972e-08,0.00856539
-2.214972e-08,-0.0047264
-2.209972e-08,-0.0112625
-2.204972e-08,-0.00544043
-2.199972e-08,-0.00258434
-2.194972e-08,-0.00480879
-2.189972e-08,-0.00318851
-2.184972e-08,0.00178218
-2.179972e-08,0.0104603
-2.174972e-08,0.019825
-2.169972e-08,0.0196602
-2.164972e-08,0.0119707
-2.159972e-08,0.00128786
-2.154972e-08,-0.0077198
-2.149972e-08,-0.00456163
-2.144972e-08,-0.00384761
-2.139972e-08,-0.0140911
-2.134972e-08,-0.0117568
-2.129972e-08,0.00507767
-2.124972e-08,0.0122728
-2.119972e-08,-0.000661971
-2.114972e-08,-0.0145854
-2.109972e-08,-0.0158487
-2.104972e-08,-0.0221925
-2.099972e-08,-0.0326282
-2.094972e-08,-0.0265865
-2.089972e-08,-0.0120039
-2.084972e-08,-0.00706071
-2.079972e-08,-0.00829651
-2.074972e-08,-0.00165062
-2.069972e-08,0.0124651
-2.064972e-08,0.0226261
-2.059972e-08,0.0263061
-2.054972e-08,0.0275694
-2.049972e-08,0.028201
-2.044972e-08,0.0246034
-2.039972e-08,0.0225437
-2.034972e-08,0.0332541
-2.029972e-08,0.0356433
-2.024972e-08,0.0155958
-2.019972e-08,0.00123293
-2.014972e-08,0.00510513
-2.009972e-08,0.0147444
-2.004972e-08,0.0185342
-1.999972e-08,0.0127397
-1.994972e-08,0.00851047
-1.989972e-08,0.00991105
-1.984972e-08,0.0102406
-1.979972e-08,0.00988359
-1.974972e-08,0.00859285
-1.969972e-08,0.00304545
-1.964972e-08,-0.00804935
-1.959972e-08,-0.017826
-1.954972e-08,-0.0147227
-1.949972e-08,-0.00030496
-1.944972e-08,0.0122728
-1.939972e-08,0.0140029
-1.934972e-08,0.0113116
-1.929972e-08,0.0140304
-1.924972e-08,0.017216
-1.919972e-08,0.0167492
-1.914972e-08,0.0189462
-1.909972e-08,0.0228733
-1.904972e-08,0.0237796
-1.899972e-08,0.01436
-1.894972e-08,0.000766073
-1.889972e-08,0.00559945
-1.884972e-08,0.016859
-1.879972e-08,0.0173534
-1.874972e-08,0.0168865
-1.869972e-08,0.015788
-1.864972e-08,0.0124376
-1.859972e-08,0.0091421
-1.854972e-08,0.00969135
-1.849972e-08,0.0155408
-1.844972e-08,0.0152662
-1.839972e-08,0.00878509
-1.834972e-08,0.00656064
-1.829972e-08,0.00812599
-1.824972e-08,0.0115588
-1.819972e-08,0.0151289
-1.814972e-08,0.0183969
-1.809972e-08,0.0243563
-1.804972e-08,0.0278714
-1.799972e-08,0.0281735
-1.794972e-08,0.0281461
-1.789972e-08,0.0201545
-1.784972e-08,0.00851047
-1.779972e-08,0.00288068
-1.774972e-08,-0.00274911
-1.769972e-08,-0.00453417
-1.764972e-08,0.00334754
-1.759972e-08,0.00949911
-1.754972e-08,0.0123827
-1.749972e-08,0.0173259
-1.744972e-08,0.0202918
-1.739972e-08,0.0179575
-1.734972e-08,0.0141403
-1.729972e-08,0.00760421
-1.724972e-08,-0.00689593
-1.719972e-08,-0.0127454
-1.714972e-08,-0.00354552
-1.709972e-08,-0.000332422
-1.704972e-08,0.00205681
-1.699972e-08,0.0143874
-1.694972e-08,0.02345
-1.689972e-08,0.0248506
-1.684972e-08,0.0202644
-1.679972e-08,0.015431
-1.674972e-08,0.0180399
-1.669972e-08,0.0207862
-1.664972e-08,0.0213354
-1.659972e-08,0.0191659
-1.654972e-08,0.0108448
-1.649972e-08,0.00463827
-1.644972e-08,-0.00233718
-1.639972e-08,-0.00782965
-1.634972e-08,0.00502274
-1.629972e-08,0.0211157
-1.624972e-08,0.0224888
-1.619972e-08,0.0206488
-1.614972e-08,0.0164471
-1.609972e-08,0.00603885
-1.604972e-08,0.000491449
-1.599972e-08,0.00194696
-1.594972e-08,0.00301799
-1.589972e-08,0.00631348
-1.584972e-08,0.0135361
-1.579972e-08,0.0200721
-1.574972e-08,0.0274046
-1.569972e-08,0.0330069
-1.564972e-08,0.0335562
-1.559972e-08,0.030398
-1.554972e-08,0.0200172
-1.549972e-08,0.00444603
-1.544972e-08,-0.00920277
-1.539972e-08,-0.0143932
-1.534972e-08,-0.00887322
-1.529972e-08,-0.00107391
-1.524972e-08,0.00266098
-1.519972e-08,0.00164487
-1.514972e-08,0.00277083
-1.509972e-08,0.00834569
-1.504972e-08,0.00859285
-1.499972e-08,0.00433618
-1.494972e-08,-0.000579584
-1.489972e-08,0.000409062
-1.484972e-08,0.00710988
-1.479972e-08,0.00128786
-1.474972e-08,-0.0085986
-1.469972e-08,-0.00535804
-1.464972e-08,-0.00483625
-1.459972e-08,-0.0113448
-1.454972e-08,-0.00651146
-1.449972e-08,0.00595646
-1.444972e-08,0.00834569
-1.439972e-08,0.00310038
-1.434972e-08,0.00112308
-1.429972e-08,-0.00252941
-1.424972e-08,-0.00750011
-1.419972e-08,-0.00541296
-1.414972e-08,-0.00511088
-1.409972e-08,-0.00689593
-1.404972e-08,-0.0051658
-1.399972e-08,-0.00420462
-1.394972e-08,0.00115055
-1.389972e-08,0.0091421
-1.384972e-08,0.0102955
-1.379972e-08,0.00922449
-1.374972e-08,0.0142226
-1.369972e-08,0.0202918
-1.364972e-08,0.0166393
-1.359972e-08,0.0102681
-1.354972e-08,0.0107349
-1.349972e-08,0.00886748
-1.344972e-08,0.00312784
-1.339972e-08,-0.00187032
-1.334972e-08,-0.00763742
-1.329972e-08,-0.00428701
-1.324972e-08,0.00661556
-1.319972e-08,0.00993851
-1.314972e-08,0.0116961
-1.309972e-08,0.0198524
-1.304972e-08,0.0266906
-1.299972e-08,0.0250154
-1.294972e-08,0.0181498
-1.289972e-08,0.0155683
-1.284972e-08,0.012108
-1.279972e-08,0.00513259
-1.274972e-08,0.00949911
-1.269972e-08,0.0145797
-1.264972e-08,0.00348485
-1.259972e-08,-0.00774727
-1.254972e-08,-0.00931262
-1.249972e-08,-0.00703324
-1.244972e-08,-0.00447924
-1.239972e-08,-0.00189778
-1.234972e-08,0.00559945
-1.229972e-08,0.0164746
-1.224972e-08,0.0250977
-1.219972e-08,0.0265807
-1.214972e-08,0.0229008
-1.209972e-08,0.0235049
-1.204972e-08,0.0257019
-1.199972e-08,0.0248506
-1.194972e-08,0.0206488
-1.189972e-08,0.0145522
-1.184972e-08,0.0149367
-1.179972e-08,0.0176554
-1.174972e-08,0.0144149
-1.169972e-08,0.0119707
-1.164972e-08,0.0130143
-1.159972e-08,0.0104328
-1.154972e-08,0.00389679
-1.149972e-08,-0.00209002
-1.144972e-08,-0.00944993
-1.139972e-08,-0.015217
-1.134972e-08,-0.0150248
-1.129972e-08,-0.0111526
-1.124972e-08,-0.000414809
-1.119972e-08,0.0109272
-1.114972e-08,0.00996597
-1.109972e-08,0.0035947
-1.104972e-08,0.000628761
-1.099972e-08,0.000875923
-1.094972e-08,0.00601139
-1.089972e-08,0.0116412
-1.084972e-08,0.0106525
-1.079972e-08,0.00321023
-1.074972e-08,0.00142517
-1.069972e-08,0.0100758
-1.064972e-08,0.0131791
-1.059972e-08,0.00944419
-1.054972e-08,0.00862032
-1.049972e-08,0.00960896
-1.044972e-08,0.00823584
-1.039972e-08,-0.00019511
-1.034972e-08,-0.0099168
-1.029972e-08,-0.0103013
-1.024972e-08,-0.0034906
-1.019972e-08,0.00137025
-1.014972e-08,-0.000250035
-1.009972e-08,0.00164487
-1.004972e-08,0.0162823
-9.999721e-09,0.0250154
-9.949721e-09,0.0188363
-9.899721e-09,0.0171062
-9.849721e-09,0.0203193
-9.799721e-09,0.0212805
-9.749721e-09,0.0222966
-9.699721e-09,0.020539
-9.649721e-09,0.021253
-9.599721e-09,0.0271025
-9.549721e-09,0.0260315
-9.499721e-09,0.0158155
-9.449721e-09,0.00612124
-9.399721e-09,0.00274337
-9.349721e-09,0.00329261
-9.299721e-09,0.00573677
-9.249721e-09,0.0131241
-9.199721e-09,0.0175456
-9.149721e-09,0.0149092
-9.099721e-09,0.0154859
-9.049721e-09,0.0124651
-8.999721e-09,0.0044735
-8.949721e-09,0.00532483
-8.899721e-09,0.00721973
-8.849721e-09,0.00244128
-8.799721e-09,0.00321023
-8.749721e-09,0.00859285
-8.699721e-09,0.00450096
-8.649721e-09,0.00164487
-8.599721e-09,0.0112292
-8.549721e-09,0.0141128
-8.499721e-09,0.00653317
-8.449721e-09,0.00818092
-8.399721e-09,0.0134812
-8.349721e-09,0.0104878
-8.299721e-09,0.0130692
-8.249721e-09,0.0238345
-8.199721e-09,0.0242464
-8.149721e-09,0.0108997
-8.099721e-09,-0.00241956
-8.049721e-09,-0.00744518
-7.999721e-09,-0.00708817
-7.949721e-09,-0.00500103
-7.899721e-09,0.00200188
-7.849721e-09,0.00842808
-7.799721e-09,0.00485797
-7.749721e-09,0.000409062
-7.699721e-09,-0.00099152
-7.649721e-09,-0.00527565
-7.599721e-09,-0.00854368
-7.549721e-09,-0.0106583
-7.499721e-09,-0.0122236
-7.449721e-09,-0.0111526
-7.399721e-09,-0.00744518
-7.349721e-09,0.0054896
-7.299721e-09,0.0159802
-7.249721e-09,0.00908718
-7.199721e-09,0.00219412
-7.149721e-09,0.0052699
-7.099721e-09,0.0107349
-7.049721e-09,0.0122179
-6.999721e-09,0.00705496
-6.949721e-09,0.00639586
-6.899721e-09,0.0138931
-6.849721e-09,0.0158155
-6.799721e-09,0.00941673
-6.749721e-09,0.00419887
-6.699721e-09,0.00579169
-6.649721e-09,0.0105701
-6.599721e-09,0.00955404
-6.549721e-09,0.00691765
-6.499721e-09,0.0102406
-6.449721e-09,0.0129319
-6.399721e-09,0.0108997
-6.349721e-09,0.0138656
-6.299721e-09,0.0251252
-6.249721e-09,0.0282285
-6.199721e-09,0.0225987
-6.149721e-09,0.0242464
-6.099721e-09,0.0255921
-6.049721e-09,0.0200996
-5.999721e-09,0.0204017
-5.949721e-09,0.024878
-5.899721e-09,0.0280362
-5.849721e-09,0.034023
-5.799721e-09,0.0389937
-5.749721e-09,0.0412182
-5.699721e-09,0.0381149
-5.649721e-09,0.0234225
-5.599721e-09,0.00581915
-5.549721e-09,-0.00200763
-5.499721e-09,-0.00332582
-5.449721e-09,-0.0088183
-5.399721e-09,-0.0096971
-5.349721e-09,0.00395171
-5.299721e-09,0.0121904
-5.249721e-09,0.00807107
-5.199721e-09,0.00645079
-5.149721e-09,0.0054896
-5.099721e-09,0.00675287
-5.049721e-09,0.011394
-4.999721e-09,0.00974627
-4.949721e-09,0.0105152
-4.899721e-09,0.0115313
-4.849721e-09,0.00535229
-4.799721e-09,0.00741197
-4.749721e-09,0.0133713
-4.699721e-09,0.0123003
-4.649721e-09,0.00889494
-4.599721e-09,0.00601139
-4.549721e-09,0.00894986
-4.499721e-09,0.0103779
-4.449721e-09,0.00697257
-4.399721e-09,0.00529737
-4.349721e-09,-0.00211748
-4.299721e-09,-0.00944993
-4.249721e-09,-0.0092577
-4.199721e-09,-0.00821413
-4.149721e-09,-0.0032709
-4.099721e-09,0.00507767
-4.049721e-09,0.0100209
-3.999721e-09,0.00700004
-3.949721e-09,0.000436525
-3.899721e-09,-0.00241956
-3.849721e-09,-0.00791204
-3.799721e-09,-0.0119215
-3.749721e-09,-0.00769234
-3.699721e-09,-0.00148584
-3.649721e-09,0.00631348
-3.599721e-09,0.00988359
-3.549721e-09,0.0089224
-3.499721e-09,0.00993851
-3.449721e-09,0.00721973
-3.399721e-09,0.00439111
-3.349721e-09,0.00700004
-3.299721e-09,0.00963642
-3.249721e-09,0.00796122
-3.199721e-09,0.0012604
-3.149721e-09,-0.00590729
-3.099721e-09,-0.0114272
-3.049721e-09,-0.0184027
-2.999721e-09,-0.0222749
-2.949721e-09,-0.0163155
-2.899721e-09,-0.00725294
-2.849721e-09,-2.87366e-06
-2.799721e-09,0.0115039
-2.749721e-09,0.0222142
-2.699721e-09,0.0228184
-2.649721e-09,0.0152113
-2.599721e-09,0.00809853
-2.549721e-09,0.00919703
-2.499721e-09,0.0140029
-2.449721e-09,0.0175181
-2.399721e-09,0.0252351
-2.349721e-09,0.0291073
-2.299721e-09,0.0246309
-2.249721e-09,0.0272947
-2.199721e-09,0.0271025
-2.149721e-09,0.0129594
-2.099721e-09,0.00260605
-2.049721e-09,-0.0028315
-1.999721e-09,-0.00744518
-1.949721e-09,-0.00714309
-1.899721e-09,-0.0096971
-1.849721e-09,-0.0120589
-1.799721e-09,-0.00296881
-1.749721e-09,0.00543468
-1.699721e-09,0.00400663
-1.649721e-09,0.0024962
-1.599721e-09,0.000546374
-1.549721e-09,0.00389679
-1.499721e-09,0.0170238
-1.449721e-09,0.016914
-1.399721e-09,0.00667049
-1.349721e-09,0.00205681
-1.299721e-09,-0.00612699
-1.249721e-09,-0.00711563
-1.199721e-09,0.000875923
-1.149721e-09,-0.00338075
-1.099721e-09,-0.00912039
-1.049721e-09,-0.00697832
-9.997206e-10,-0.0107681
-9.497206e-10,-0.00796697
-8.997206e-10,0.0119158
-8.497206e-10,0.022022
-7.997206e-10,0.0137558
-7.497206e-10,0.00760421
-6.997206e-10,0.0120806
-6.497206e-10,0.01977
-5.997206e-10,0.0221593
-5.497206e-10,0.0199074
-4.997206e-10,0.019413
-4.497206e-10,0.0209784
-3.997206e-10,0.016502
-3.497206e-10,0.0074669
-2.997206e-10,0.00625855
-2.497206e-10,0.00905971
-1.997206e-10,0.0072472
-1.497206e-10,0.0133164
-9.972059e-11,0.0415752
-4.972059e-11,0.0948248
2.794052e-13,0.163673
5.027941e-11,0.229857
1.002794e-10,0.295026
1.502794e-10,0.364478
2.002794e-10,0.420996
2.502794e-10,0.449501
3.002794e-10,0.448101
3.502794e-10,0.422753
4.002794e-10,0.374804
4.502794e-10,0.303484
5.002794e-10,0.223706
5.502794e-10,0.155407
6.002794e-10,0.115998
6.502794e-10,0.102789
7.002794e-10,0.0906779
7.502794e-10,0.0763975
8.002794e-10,0.0701635
8.502794e-10,0.0623367
9.002794e-10,0.0447608
9.502794e-10,0.0302058
1.000279e-09,0.0263885
1.050279e-09,0.0221593
1.100279e-09,0.0191109
1.150279e-09,0.0242739
1.200279e-09,0.0278989
1.250279e-09,0.0258942
1.300279e-09,0.0249055
1.350279e-09,0.0276792
1.400279e-09,0.0265258
1.450279e-09,0.0200721
1.500279e-09,0.017271
1.550279e-09,0.0142501
1.600279e-09,0.00894986
1.650279e-09,0.0112018
1.700279e-09,0.0130143
1.750279e-09,0.00351231
1.800279e-09,-0.00318851
1.850279e-09,-0.00233718
1.900279e-09,0.00197442
1.950279e-09,0.0151014
2.000279e-09,0.0297664
2.050279e-09,0.0345448
2.100279e-09,0.0319084
2.150279e-09,0.0295741
2.200279e-09,0.0278714
2.250279e-09,0.0250977
2.300279e-09,0.0221318
2.350279e-09,0.0179026
2.400279e-09,0.0120257
2.450279e-09,0.00842808
2.500279e-09,0.0108997
2.550279e-09,0.0161175
2.600279e-09,0.0228184
2.650279e-09,0.0281186
2.700279e-09,0.0268553
2.750279e-09,0.0274046
2.800279e-09,0.0330069
2.850279e-09,0.0390761
2.900279e-09,0.0430856
2.950279e-09,0.0392409
3.000279e-09,0.0323753
3.050279e-09,0.0296016
3.100279e-09,0.0277616
3.150279e-09,0.0283383
3.200279e-09,0.0322105
3.250279e-09,0.0276792
3.300279e-09,0.0174083
3.350279e-09,0.0185068
3.400279e-09,0.0225437
3.450279e-09,0.0202644
3.500279e-09,0.0203742
3.550279e-09,0.0249879
3.600279e-09,0.0272947
3.650279e-09,0.0221593
3.700279e-09,0.0196602
3.750279e-09,0.0187265
3.800279e-09,0.00960896
3.850279e-09,0.00274337
3.900279e-09,0.00101323
3.950279e-09,0.00241382
4.000279e-09,0.00543468
4.050279e-09,0.00483051
4.100279e-09,0.00774152
4.150279e-09,0.0134262
4.200279e-09,0.0105701
4.250279e-09,-0.00250195
4.300279e-09,-0.012663
4.350279e-09,-0.011949
4.400279e-09,-0.00975202
4.450279e-09,-0.00302374
4.500279e-09,0.00340246
4.550279e-09,-0.00555028
4.600279e-09,-0.0135144
4.650279e-09,-0.00799443
4.700279e-09,-0.00393
4.750279e-09,-0.00601714
4.800279e-09,-0.00689593
4.850279e-09,-0.00862606
4.900279e-09,-0.0116744
4.950279e-09,-0.0133496
5.000279e-09,-0.0206546
5.050279e-09,-0.026916
5.100279e-09,-0.0222199
5.150279e-09,-0.0144481
5.200279e-09,-0.00431447
5.250279e-09,0.00260605
5.300279e-09,-0.00184285
5.350279e-09,-0.00936755
5.400279e-09,-0.0146129
5.450279e-09,-0.0126905
5.500279e-09,-0.0103287
5.550279e-09,-0.0161508
5.600279e-09,-0.015272
5.650279e-09,-0.00763742
5.700279e-09,-0.00425954
5.750279e-09,0.000189363
5.800279e-09,0.00798868
5.850279e-09,0.0159253
5.900279e-09,0.0172435
5.950279e-09,0.0111743
6.000279e-09,0.00730212
6.050279e-09,0.00625855
6.100279e-09,0.00356724
6.150279e-09,-0.00403984
6.200279e-09,-0.00843383
6.250279e-09,0.00370455
6.300279e-09,0.0104878
6.350279e-09,-0.000332422
6.400279e-09,-0.00140346
6.450279e-09,0.00392425
6.500279e-09,0.00458335
6.550279e-09,0.0107075
6.600279e-09,0.010323
6.650279e-09,0.00161741
6.700279e-09,-0.00343567
6.750279e-09,-0.00966963
6.800279e-09,-0.0106583
6.850279e-09,-0.00313359
6.900279e-09,0.00480304
6.950279e-09,0.0132065
7.000279e-09,0.0208685
7.050279e-09,0.0278989
7.100279e-09,0.0329245
7.150279e-09,0.0346547
7.200279e-09,0.0312219
7.250279e-09,0.0161725
7.300279e-09,0.00318276
7.350279e-09,0.00321023
7.400279e-09,0.00257859
7.450279e-09,0.00191949
7.500279e-09,0.0108448
7.550279e-09,0.017985
7.600279e-09,0.018342
7.650279e-09,0.0228733
7.700279e-09,0.0250703
7.750279e-09,0.0211981
7.800279e-09,0.0236697
7.850279e-09,0.0252625
7.900279e-09,0.0206763
7.950279e-09,0.0221043
8.000279e-09,0.0261962
8.050279e-09,0.0228733
8.100279e-09,0.0158155
8.150279e-09,0.016145
8.200279e-09,0.0276518
8.250279e-09,0.0370439
8.300279e-09,0.0368242
8.350279e-09,0.0349567
8.400279e-09,0.0345173
8.450279e-09,0.0334738
8.500279e-09,0.0273771
8.550279e-09,0.0158155
8.600279e-09,0.00683526
8.650279e-09,0.00238635
8.700279e-09,0.000601299
8.750279e-09,0.00274337
8.800279e-09,0.00798868
8.850279e-09,0.0119982
8.900279e-09,0.0140579
8.950279e-09,0.014717
9.000279e-09,0.0133438
9.050279e-09,0.0144973
9.100279e-09,0.0169963
9.150279e-09,0.0183145
9.200279e-09,0.0191659
9.250279e-09,0.0177104
9.300279e-09,0.0205665
9.350279e-09,0.0183969
9.400279e-09,0.000601299
9.450279e-09,-0.0104111
9.500279e-09,-0.00961471
9.550279e-09,-0.00917531
9.600279e-09,-0.00826905
9.650279e-09,-0.0079395
9.700279e-09,-0.00780219
9.750279e-09,-0.00780219
9.800279e-09,-0.00502849
9.850279e-09,0.00675287
9.900279e-09,0.0129044
9.950279e-09,0.0044735
1.000028e-08,0.00233143
1.005028e-08,0.00996597
1.010028e-08,0.00818092
1.015028e-08,-0.00442432
1.020028e-08,-0.00994426
1.025028e-08,-0.00601714
1.030028e-08,-0.00596221
1.035028e-08,0.00109562
1.040028e-08,0.0186166
1.045028e-08,0.0250977
1.050028e-08,0.0205665
1.055028e-08,0.017216
1.060028e-08,0.0211706
1.065028e-08,0.0294917
1.070028e-08,0.024576
1.075028e-08,0.00782391
1.080028e-08,0.0022765
1.085028e-08,0.00537975
1.090028e-08,0.00285321
1.095028e-08,0.00332008
1.100028e-08,0.0133164
1.105028e-08,0.0194405
1.110028e-08,0.0136185
1.115028e-08,0.00595646
1.120028e-08,0.00625855
1.125028e-08,0.00763167
1.130028e-08,-0.000826745
1.135028e-08,-0.0102463
1.140028e-08,-0.00890069
1.145028e-08,-0.00390253
1.150028e-08,-0.000414809
1.155028e-08,-0.000359885
1.160028e-08,-0.00244703
1.165028e-08,0.00257859
1.170028e-08,0.00938926
1.175028e-08,0.00988359
1.180028e-08,0.00675287
1.185028e-08,0.00282575
1.190028e-08,-0.00099152
1.195028e-08,-0.00236464
1.200028e-08,0.00603885
1.205028e-08,0.0169963
1.210028e-08,0.0188912
1.215028e-08,0.0258118
1.220028e-08,0.0392134
1.225028e-08,0.0417125
1.230028e-08,0.0370713
1.235028e-08,0.0302881
1.240028e-08,0.0175181
1.245028e-08,0.00450096
1.250028e-08,0.000518912
1.255028e-08,0.00507767
1.260028e-08,0.0110919
1.265028e-08,0.0189187
1.270028e-08,0.025647
1.275028e-08,0.024521
1.280028e-08,0.0184519
1.285028e-08,0.0134537
1.290028e-08,0.0121355
1.295028e-08,0.00884002
1.300028e-08,-0.00110137
1.305028e-08,-0.0132672
1.310028e-08,-0.017469
1.315028e-08,-0.0113998
1.320028e-08,-0.00612699
1.325028e-08,-0.00088167
1.330028e-08,0.00551707
1.335028e-08,0.00310038
1.340028e-08,-0.00310612
1.345028e-08,-0.00502849
1.350028e-08,-0.0104111
1.355028e-08,-0.0198856
1.360028e-08,-0.0241148
1.365028e-08,-0.0191442
1.370028e-08,-0.0102738
1.375028e-08,-0.00810428
1.380028e-08,-0.00527565
1.385028e-08,0.0040341
1.390028e-08,0.00488543
1.395028e-08,0.00290814
1.400028e-08,0.00798868
1.405028e-08,0.013948
1.410028e-08,0.02161
1.415028e-08,0.0249879
1.420028e-08,0.0229831
1.425028e-08,0.0247407
1.430028e-08,0.0237521
1.435028e-08,0.0181772
1.440028e-08,0.0144973
1.445028e-08,0.0098012
1.450028e-08,0.00351231
1.455028e-08,0.00153502
1.460028e-08,0.00474812
1.465028e-08,0.00787883
1.470028e-08,0.0100758
1.475028e-08,0.0135086
1.480028e-08,0.0117236
1.485028e-08,0.00123293
1.490028e-08,-0.00387507
1.495028e-08,0.00194696
1.500028e-08,0.00634094
1.505028e-08,0.00565438
1.510028e-08,0.00428126
1.515028e-08,-0.000469734
1.520028e-08,-0.00868099
1.525028e-08,-0.00653892
1.530028e-08,0.00178218
1.535028e-08,-0.00780219
1.540028e-08,-0.0218904
1.545028e-08,-0.020737
1.550028e-08,-0.0205173
1.555028e-08,-0.0202152
1.560028e-08,-0.00980695
1.565028e-08,0.00172726
1.570028e-08,0.0122179
1.575028e-08,0.0134262
1.580028e-08,0.00436365
1.585028e-08,0.00598393
1.590028e-08,0.0138931
1.595028e-08,0.00941673
1.600028e-08,-0.00313359
1.605028e-08,-0.00923024
1.610028e-08,-0.00609952
1.615028e-08,-0.00651146
1.620028e-08,-0.0148051
1.625028e-08,-0.0161782
1.630028e-08,-0.00774727
1.635028e-08,-0.00714309
1.640028e-08,-0.0111251
1.645028e-08,-0.00252941
1.650028e-08,0.00815346
1.655028e-08,0.0089224
1.660028e-08,0.00952657
1.665028e-08,0.0142226
1.670028e-08,0.0218846
1.675028e-08,0.0319633
1.680028e-08,0.0326224
1.685028e-08,0.0203193
1.690028e-08,0.00639586
1.695028e-08,-0.00203509
1.700028e-08,-0.00393
1.705028e-08,-0.00310612
1.710028e-08,-0.00585236
1.715028e-08,-0.0111526
1.720028e-08,-0.0121687
1.725028e-08,-0.00876338
1.730028e-08,-0.00673116
1.735028e-08,-0.00785712
1.740028e-08,-0.012306
1.745028e-08,-0.018897
1.750028e-08,-0.0150523
1.755028e-08,0.00384186
1.760028e-08,0.0134812
1.765028e-08,0.00647825
1.770028e-08,0.00856539
1.775028e-08,0.0175456
1.780028e-08,0.0154035
1.785028e-08,0.01436
1.790028e-08,0.0208411
1.795028e-08,0.0233127
1.800028e-08,0.0246309
1.805028e-08,0.0298213
1.810028e-08,0.0255921
1.815028e-08,0.0132889
1.820028e-08,0.0105152
1.825028e-08,0.0113116
1.830028e-08,0.00801614
1.835028e-08,0.00084846
1.840028e-08,-0.00892815
1.845028e-08,-0.0121412
1.850028e-08,-0.0135144
1.855028e-08,-0.0151621
1.860028e-08,-0.0136517
1.865028e-08,-0.0115096
1.870028e-08,-0.00467148
1.875028e-08,-0.00121122
1.880028e-08,0.000354137
1.885028e-08,0.0126298
1.890028e-08,0.0175456
1.895028e-08,0.00669795
1.900028e-08,0.000793536
1.905028e-08,0.00612124
1.910028e-08,0.0110645
1.915028e-08,0.00919703
1.920028e-08,0.00625855
1.925028e-08,0.00200188
1.930028e-08,-0.00961471
1.935028e-08,-0.0176612
1.940028e-08,-0.0094774
1.945028e-08,-0.00143092
1.950028e-08,-0.00618191
1.955028e-08,-0.00475387
1.960028e-08,0.000711148
1.965028e-08,-0.00483625
1.970028e-08,-0.00656638
1.975028e-08,-0.00176047
1.980028e-08,-0.00088167
1.985028e-08,0.00513259
1.990028e-08,0.013591
1.995028e-08,0.0141677
2.000028e-08,0.0151564
2.005028e-08,0.01436
2.010028e-08,0.00900479
2.015028e-08,0.00491289
2.020028e-08,-0.00675862
2.025028e-08,-0.0199406
2.030028e-08,-0.0209018
2.035028e-08,-0.0157937
2.040028e-08,-0.0110702
2.045028e-08,-0.00629176
2.050028e-08,-0.000497197
2.055028e-08,-0.00258434
2.060028e-08,-0.00898307
2.065028e-08,-0.00722548
2.070028e-08,-0.00923024
2.075028e-08,-0.0124708
2.080028e-08,-0.00387507
2.085028e-08,0.00414395
2.090028e-08,-0.000854208
2.095028e-08,-0.0179633
2.100028e-08,-0.0316945
2.105028e-08,-0.032738
2.110028e-08,-0.0324909
2.115028e-08,-0.0328204
2.120028e-08,-0.0281244
2.125028e-08,-0.0182379
2.130028e-08,-0.00544043
2.135028e-08,0.00414395
2.140028e-08,0.0100209
2.145028e-08,0.0100758
2.150028e-08,0.00516006
2.155028e-08,0.00620363
2.160028e-08,0.0087027
2.165028e-08,0.00406156
2.170028e-08,0.000738611
2.175028e-08,0.00807107
2.180028e-08,0.0182871
2.185028e-08,0.0172984
2.190028e-08,0.00842808
2.195028e-08,0.00282575
2.200028e-08,0.000711148
2.205028e-08,-0.0015133
2.210028e-08,-0.001733
2.215028e-08,0.0010407
2.220028e-08,0.00595646
2.225028e-08,0.0100484
2.230028e-08,0.00573677
2.235028e-08,-0.00280404
2.240028e-08,-0.0037103
2.245028e-08,0.00587408
2.250028e-08,0.0132889
2.255028e-08,0.00590154
2.260028e-08,-0.00343567
2.265028e-08,0.00120547
2.270028e-08,0.0110919
2.275028e-08,0.0100484
2.280028e-08,0.00115055
2.285028e-08,-0.00508342
2.290028e-08,-0.00760996
2.295028e-08,-0.00360045
2.300028e-08,0.0040341
2.305028e-08,0.00933434
2.310028e-08,0.00941673
2.315028e-08,-3.03361e-05
2.320028e-08,-0.0096971
2.325028e-08,-0.00829651
2.330028e-08,-0.00412223
2.335028e-08,-0.00700578
2.340028e-08,-0.0047264
2.345028e-08,0.00516006
2.350028e-08,0.0038144
2.355028e-08,-0.00214494
2.360028e-08,-0.00541296
2.365028e-08,-0.0110153
2.370028e-08,-0.00634669
2.375028e-08,0.00422633
2.380028e-08,0.00480304
2.385028e-08,0.00466573
2.390028e-08,0.0119433
2.395028e-08,0.0189736
2.400028e-08,0.0239718
2.405028e-08,0.02345
2.410028e-08,0.0144149
2.415028e-08,0.0098012
2.420028e-08,0.00672541
2.425028e-08,-0.00299627
2.430028e-08,-0.00513834
2.435028e-08,-0.00263926
2.440028e-08,-0.00843383
2.445028e-08,-0.010878
2.450028e-08,-0.00689593
2.455028e-08,-0.00840636
2.460028e-08,-0.0107956
2.465028e-08,-0.00898307
2.470028e-08,-0.00587982
2.475028e-08,-0.00203509
2.480028e-08,0.0003816
2.485028e-08,0.00392425
2.490028e-08,0.0124101
2.495028e-08,0.0199074
2.500028e-08,0.0182047
2.505028e-08,0.0116412
2.510028e-08,0.00771406
2.515028e-08,0.00378694
2.520028e-08,0.00255113
2.525028e-08,0.00186457
2.530028e-08,-0.00533058
2.535028e-08,-0.0079395
2.540028e-08,0.00131532
2.545028e-08,0.012163
2.550028e-08,0.0139206
2.555028e-08,0.00969135
2.560028e-08,0.0127122
2.565028e-08,0.0235324
2.570028e-08,0.024878
2.575028e-08,0.0102681
2.580028e-08,-0.0023921
2.585028e-08,-0.00423208
2.590028e-08,-0.0034906
2.595028e-08,-0.000524659
2.600028e-08,0.00200188
2.605028e-08,-0.00233718
2.610028e-08,-0.00722548
2.615028e-08,-0.00689593
2.620028e-08,0.000134438
2.625028e-08,0.00472066
2.630028e-08,-0.00697832
2.635028e-08,-0.0138714
2.640028e-08,-0.00332582
2.645028e-08,-0.00236464
2.650028e-08,-0.0104935
2.655028e-08,-0.00469894
2.660028e-08,0.011037
2.665028e-08,0.0186166
2.670028e-08,0.0144423
2.675028e-08,0.00922449
2.680028e-08,0.00653317
2.685028e-08,0.00326515
2.690028e-08,-0.00132107
2.695028e-08,-0.00615445
2.700028e-08,-0.0085986
2.705028e-08,-0.00695086
2.710028e-08,-0.00230971
2.715028e-08,0.00101323
2.720028e-08,0.00279829
2.725028e-08,0.00392425
2.730028e-08,0.0087027
2.735028e-08,0.0186166
2.740028e-08,0.0163098
2.745028e-08,0.00123293
2.750028e-08,-0.00502849
2.755028e-08,-0.00340821
2.760028e-08,-0.00159569
2.765028e-08,0.00576423
2.770028e-08,0.0119982
2.775028e-08,0.00774152
2.780028e-08,0.00439111
2.785028e-08,0.00647825
2.790028e-08,0.00664302
2.795028e-08,0.0122728
2.800028e-08,0.0174632
2.805028e-08,0.00952657
2.810028e-08,0.0029356
2.815028e-08,0.00351231
2.820028e-08,0.00211173
2.825028e-08,0.00279829
2.830028e-08,0.00853793
2.835028e-08,0.00433618
2.840028e-08,-0.0110702
2.845028e-08,-0.0141185
2.850028e-08,-0.00263926
2.855028e-08,0.00620363
2.860028e-08,0.0105152
2.865028e-08,0.0129319
2.870028e-08,0.00991105
2.875028e-08,0.00933434
2.880028e-08,0.0169414
2.885028e-08,0.0177653
2.890028e-08,0.00853793
2.895028e-08,0.000985772
2.900028e-08,-0.000716896
2.905028e-08,0.00488543
2.910028e-08,0.015431
2.915028e-08,0.0219121
2.920028e-08,0.0168041
2.925028e-08,0.00513259
2.930028e-08,-0.00318851
2.935028e-08,-0.00549535
2.940028e-08,0.000216825
2.945028e-08,0.0120806
2.950028e-08,0.020896
2.955028e-08,0.0249604
2.960028e-08,0.0316613
2.965028e-08,0.0373734
2.970028e-08,0.0354236
2.975028e-08,0.031881
2.980028e-08,0.0263885
2.985028e-08,0.0176005
2.990028e-08,0.0126573
2.995028e-08,0.00927941
3.000028e-08,0.00738451
3.005028e-08,0.0130967
3.010028e-08,0.016859
3.015028e-08,0.0123277
3.020028e-08,0.011394
3.025028e-08,0.0192208
3.030028e-08,0.02529
3.035028e-08,0.0241366
3.040028e-08,0.0214178
3.045028e-08,0.0140579
3.050028e-08,0.00496782
3.055028e-08,0.00408902
3.060028e-08,0.00386932
3.065028e-08,0.00277083
3.070028e-08,0.0101307
3.075028e-08,0.0199074
3.080028e-08,0.0224888
3.085028e-08,0.0211981
3.090028e-08,0.0155683
3.095028e-08,0.00161741
3.100028e-08,-0.0103287
3.105028e-08,-0.0100266
3.110028e-08,-0.00491864
3.115028e-08,-0.00167808
3.120028e-08,0.00406156
3.125028e-08,0.0107075
3.130028e-08,0.0145797
3.135028e-08,0.0196327
3.140028e-08,0.0254548
3.145028e-08,0.027075
3.150028e-08,0.0253724
3.155028e-08,0.0222966
3.160028e-08,0.016859
3.165028e-08,0.01252
3.170028e-08,0.0108448
3.175028e-08,0.00952657
3.180028e-08,0.0109272
3.185028e-08,0.0123277
3.190028e-08,0.00738451
3.195028e-08,0.003375
3.200028e-08,0.00554453
3.205028e-08,0.00853793
3.210028e-08,0.0113391
3.215028e-08,0.0116961
3.220028e-08,0.00996597
3.225028e-08,0.00988359
3.230028e-08,0.00436365
3.235028e-08,-0.00917531
3.240028e-08,-0.0229065
3.245028e-08,-0.0334795
3.250028e-08,-0.0360061
3.255028e-08,-0.0249113
3.260028e-08,-0.0129377
3.265028e-08,-0.0102189
3.270028e-08,-0.00167808
3.275028e-08,0.00966389
3.280028e-08,0.00927941
3.285028e-08,0.0105976
3.290028e-08,0.0166943
3.295028e-08,0.0112292
3.300028e-08,-0.00431447
3.305028e-08,-0.00934009
3.310028e-08,-0.00285896
3.315028e-08,-0.00346313
3.320028e-08,-0.00835144
3.325028e-08,-0.0130475
3.330028e-08,-0.0222749
3.335028e-08,-0.0300742
3.340028e-08,-0.0299094
3.345028e-08,-0.0219179
3.350028e-08,-0.0140362
3.355028e-08,-0.0103562
3.360028e-08,-0.00953232
3.365028e-08,-0.0111526
3.370028e-08,-0.00906546
3.375028e-08,-0.00810428
3.380028e-08,-0.00958725
3.385028e-08,-0.00162315
3.390028e-08,0.00137025
3.395028e-08,-0.00442432
3.400028e-08,0.00414395
3.405028e-08,0.0173259
3.410028e-08,0.0218023
3.415028e-08,0.0239443
3.420028e-08,0.0173534
3.425028e-08,0.00851047
3.430028e-08,0.0106525
3.435028e-08,0.0136459
3.440028e-08,0.0132889
3.445028e-08,0.0112842
3.450028e-08,0.00164487
3.455028e-08,-0.00137599
3.460028e-08,0.0112018
3.465028e-08,0.0186166
3.470028e-08,0.0168316
3.475028e-08,0.0150191
3.480028e-08,0.0158155
3.485028e-08,0.0191384
3.490028e-08,0.0140579
3.495028e-08,-0.000112723
3.500028e-08,-0.0101914
3.505028e-08,-0.0145854
3.510028e-08,-0.0157937
3.515028e-08,-0.015272
3.520028e-08,-0.0159585
3.525028e-08,-0.01486
3.530028e-08,-0.0121687
3.535028e-08,-0.0109604
3.540028e-08,-0.0107407
3.545028e-08,-0.0106308
3.550028e-08,-0.00854368
3.555028e-08,-0.00870845
3.560028e-08,-0.0138714
3.565028e-08,-0.0156015
3.570028e-08,-0.0120863
3.575028e-08,-0.00549535
3.580028e-08,0.00521498
3.585028e-08,0.0115863
3.590028e-08,0.00955404
3.595028e-08,0.00708242
3.600028e-08,0.00606631
3.605028e-08,0.00406156
3.610028e-08,-0.00140346
3.615028e-08,-0.00829651
3.620028e-08,-0.006484
3.625028e-08,0.00260605
3.630028e-08,0.00428126
3.635028e-08,-0.000771821
3.640028e-08,-0.00280404
3.645028e-08,-0.00667623
3.650028e-08,-0.0117842
3.655028e-08,-0.010521
3.660028e-08,-0.00587982
3.665028e-08,0.00241382
3.670028e-08,0.0123277
3.675028e-08,0.0147444
3.680028e-08,0.0168865
3.685028e-08,0.0234225
3.690028e-08,0.0266906
3.695028e-08,0.0310571
3.700028e-08,0.0342702
3.705028e-08,0.0247682
3.710028e-08,0.0152937
3.715028e-08,0.0191109
3.720028e-08,0.0211432
3.725028e-08,0.0154035
3.730028e-08,0.0134537
3.735028e-08,0.0119707
3.740028e-08,0.00689019
3.745028e-08,0.00645079
3.750028e-08,0.00375947
3.755028e-08,-0.00340821
3.760028e-08,0.000903385
3.765028e-08,0.0104603
3.770028e-08,0.0121355
3.775028e-08,0.0124376
3.780028e-08,0.0177104
3.785028e-08,0.023093
3.790028e-08,0.021665
3.795028e-08,0.0145522
3.800028e-08,0.00996597
3.805028e-08,0.00859285
3.810028e-08,0.00436365
3.815028e-08,0.00455588
3.820028e-08,0.0117236
3.825028e-08,0.0155958
3.830028e-08,0.0188912
3.835028e-08,0.0165295
3.840028e-08,0.00345739
3.845028e-08,-0.0028315
3.850028e-08,-0.00351806
3.855028e-08,-0.00843383
3.860028e-08,-0.0083789
3.865028e-08,-0.00321597
3.870028e-08,-0.00434193
3.875028e-08,-0.00673116
3.880028e-08,-0.00401238
3.885028e-08,-0.00618191
3.890028e-08,-0.0113723
3.895028e-08,-0.0129377
3.900028e-08,-0.0146129
3.905028e-08,-0.0150248
3.910028e-08,-0.0140911
3.915028e-08,-0.0109329
3.920028e-08,-0.00252941
3.925028e-08,0.00494036
3.930028e-08,0.0040341
3.935028e-08,-0.00291389
3.940028e-08,-0.00769234
3.945028e-08,-0.0085986
3.950028e-08,-0.0123609
3.955028e-08,-0.0143657
3.960028e-08,-0.00579744
3.965028e-08,0.00216665
3.970028e-08,0.00128786
3.975028e-08,-0.00129361
3.980028e-08,-0.00241956
3.985028e-08,-0.00241956
3.990028e-08,-0.00351806
3.995028e-08,-0.0060446
4.000028e-08,-0.00192524
4.005028e-08,0.0061487
4.010028e-08,0.0074669
4.015028e-08,0.00474812
4.020028e-08,0.00562692
4.025028e-08,0.00678034
4.030028e-08,0.000820998
4.035028e-08,-0.00593475
4.040028e-08,-0.00126614
4.045028e-08,0.0109546
4.050028e-08,0.0164746
4.055028e-08,0.0152113
4.060028e-08,0.0147444
4.065028e-08,0.0163098
4.070028e-08,0.022022
4.075028e-08,0.0221043
4.080028e-08,0.00661556
4.085028e-08,-0.00747264
4.090028e-08,-0.00750011
4.095028e-08,-0.00442432
4.100028e-08,-0.00689593
4.105028e-08,-0.0128827
4.110028e-08,-0.0111526
4.115028e-08,0.00200188
4.120028e-08,0.00222158
4.125028e-08,-0.0133496
4.130028e-08,-0.0154642
4.135028e-08,-0.00379268
4.140028e-08,0.00257859
4.145028e-08,0.0012604
4.150028e-08,-0.00129361
4.155028e-08,-0.00302374
4.160028e-08,0.00233143
4.165028e-08,0.0118883
4.170028e-08,0.00771406
4.175028e-08,-0.00796697
4.180028e-08,-0.0222749
4.185028e-08,-0.0274927
4.190028e-08,-0.0230987
4.195028e-08,-0.0182928
4.200028e-08,-0.0101914
4.205028e-08,0.00164487
4.210028e-08,0.00123293
4.215028e-08,-0.0114822
4.220028e-08,-0.017057
4.225028e-08,-0.0113174
4.230028e-08,-0.00744518
4.235028e-08,-0.0102463
4.240028e-08,-0.0117019
4.245028e-08,-0.00609952
4.250028e-08,-0.0049461
4.255028e-08,-0.00953232
4.260028e-08,-0.00480879
4.265028e-08,0.0014801
4.270028e-08,0.00516006
4.275028e-08,0.0166393
4.280028e-08,0.0233402
4.285028e-08,0.0228733
4.290028e-08,0.0260589
4.295028e-08,0.0231205
4.300028e-08,0.0171062
4.305028e-08,0.0178477
4.310028e-08,0.0163098
4.315028e-08,0.00776898
4.320028e-08,-0.0053855
4.325028e-08,-0.0162881
4.330028e-08,-0.0168922
4.335028e-08,-0.0159311
4.340028e-08,-0.0252133
4.345028e-08,-0.0336718
4.350028e-08,-0.0268611
4.355028e-08,-0.0114822
4.360028e-08,0.00323769
4.365028e-08,0.0156507
4.370028e-08,0.0223515
4.375028e-08,0.0233951
4.380028e-08,0.0236697
4.385028e-08,0.0237521
4.390028e-08,0.0215002
4.395028e-08,0.0218572
4.400028e-08,0.026004
4.405028e-08,0.0253174
4.410028e-08,0.0211981
4.415028e-08,0.0229831
4.420028e-08,0.0257843
4.425028e-08,0.016145
4.430028e-08,0.003375
4.435028e-08,0.00977374
4.440028e-08,0.0239993
4.445028e-08,0.0250703
4.450028e-08,0.0233951
4.455028e-08,0.0312768
4.460028e-08,0.0400647
4.465028e-08,0.0336935
4.470028e-08,0.0192757
4.475028e-08,0.0155408
4.480028e-08,0.0144973
4.485028e-08,0.0101307
4.490028e-08,0.00609378
4.495028e-08,-0.000744358
4.500028e-08,-0.00382015
4.505028e-08,0.00329261
4.510028e-08,0.0116412
4.515028e-08,0.00785137
4.520028e-08,-0.000387347
4.525028e-08,0.00406156
4.530028e-08,0.0093618
4.535028e-08,0.00485797
4.540028e-08,0.00505021
4.545028e-08,0.0122179
4.550028e-08,0.0215826
4.555028e-08,0.0302607
4.560028e-08,0.0292446
4.565028e-08,0.0236972
4.570028e-08,0.0159253
4.575028e-08,0.00027175
4.580028e-08,-0.00884576
4.585028e-08,-0.00684101
4.590028e-08,-0.0092577
4.595028e-08,-0.0131024
4.600028e-08,-0.00813174
4.605028e-08,-0.00398492
4.610028e-08,-0.00730787
4.615028e-08,-0.00917531
4.620028e-08,-0.0103013
4.625028e-08,-0.00785712
4.630028e-08,0.0024962
4.635028e-08,0.00450096
4.640028e-08,0.00573677
4.645028e-08,0.0208136
4.650028e-08,0.032952
4.655028e-08,0.036577
4.660028e-08,0.0334463
4.665028e-08,0.0264709
4.670028e-08,0.0250428
4.675028e-08,0.0177653
4.680028e-08,0.00507767
4.685028e-08,0.00389679
4.690028e-08,0.00513259
4.695028e-08,0.00749436
4.700028e-08,0.0168041
4.705028e-08,0.0149367
4.710028e-08,0.00274337
4.715028e-08,-0.00382015
4.720028e-08,-0.0112075
4.725028e-08,-0.0206271
4.730028e-08,-0.0241423
4.735028e-08,-0.0227143
4.740028e-08,-0.0128553
4.745028e-08,0.00386932
4.750028e-08,0.0149641
4.755028e-08,0.0182322
4.760028e-08,0.0204841
4.765028e-08,0.0224888
4.770028e-08,0.0189462
4.775028e-08,0.0117236
4.780028e-08,0.00705496
4.785028e-08,0.00304545
4.790028e-08,0.00134278
4.795028e-08,0.00521498
4.800028e-08,0.00752182
4.805028e-08,0.00842808
4.810028e-08,0.0124925
4.815028e-08,0.0160077
4.820028e-08,0.0187539
4.825028e-08,0.0199897
4.830028e-08,0.0165569
4.835028e-08,0.015431
4.840028e-08,0.0134537
4.845028e-08,7.95135e-05
4.850028e-08,-0.00475387
4.855028e-08,0.000573836
4.860028e-08,-0.0060446
4.865028e-08,-0.00571505
4.870028e-08,0.00845554
4.875028e-08,0.0124101
4.880028e-08,0.00458335
4.885028e-08,0.00186457
4.890028e-08,0.00661556
4.895028e-08,0.0027159
4.900028e-08,-0.00530311
4.905028e-08,2.45887e-05
4.910028e-08,0.0102955
4.915028e-08,0.0135086
4.920028e-08,0.0184519
4.925028e-08,0.0246858
4.930028e-08,0.0199074
4.935028e-08,0.0134262
4.940028e-08,0.0159253
4.945028e-08,0.0144973
4.950028e-08,-5.77984e-05
4.955028e-08,-0.0170021
4.960028e-08,-0.0211214
4.965028e-08,-0.00873591
4.970028e-08,0.00595646
4.975028e-08,0.00911464
4.980028e-08,0.00787883
4.985028e-08,0.0105427
4.990028e-08,0.0126847
4.995028e-08,0.0146895
5.000028e-08,0.0183969
5.005028e-08,0.0160352
5.010028e-08,0.00642333
5.015028e-08,0.00109562
5.020028e-08,0.00312784
5.025028e-08,0.00419887
5.030028e-08,0.00142517
5.035028e-08,-0.00143092
5.040028e-08,-0.00365537
5.045028e-08,-0.006484
5.050028e-08,-0.00527565
5.055028e-08,0.00400663
5.060028e-08,0.0113666
5.065028e-08,0.0128221
5.070028e-08,0.018342
5.075028e-08,0.0193856
5.080028e-08,0.00779644
5.085028e-08,-0.000250035
5.090028e-08,-0.000799283
5.095028e-08,-0.00129361
5.100028e-08,0.00384186
5.105028e-08,0.0122728
5.110028e-08,0.0153211
5.115028e-08,0.0133988
5.120028e-08,0.00991105
5.125028e-08,0.00856539
5.130028e-08,0.00378694
5.135028e-08,-0.00722548
5.140028e-08,-0.010466
5.145028e-08,-0.001733
5.150028e-08,0.00730212
5.155028e-08,0.0116137
5.160028e-08,0.0108448
5.165028e-08,0.00554453
5.170028e-08,0.00373201
5.175028e-08,0.00145263
5.180028e-08,-0.00530311
5.185028e-08,-0.00209002
5.190028e-08,0.00299053
5.195028e-08,-0.00272165
5.200028e-08,-0.00110137
5.205028e-08,0.00971881
5.210028e-08,0.00820838
5.215028e-08,-0.00382015
5.220028e-08,-0.0133496
5.225028e-08,-0.0185125
5.230028e-08,-0.0163705
5.235028e-08,-0.015272
5.240028e-08,-0.0242522
5.245028e-08,-0.0287285
5.250028e-08,-0.0238677
5.255028e-08,-0.021094
5.260028e-08,-0.0204349
5.265028e-08,-0.0154093
5.270028e-08,-0.00829651
5.275028e-08,-0.0109878
5.280028e-08,-0.0168648
5.285028e-08,-0.00829651
5.290028e-08,0.00172726
5.295028e-08,0.00158994
5.300028e-08,-8.52608e-05
5.305028e-08,-0.00112883
5.310028e-08,-0.00143092
5.315028e-08,-0.00851621
5.320028e-08,-0.0186498
5.325028e-08,-0.0143932
5.330028e-08,-0.0102189
5.335028e-08,-0.00895561
5.340028e-08,0.00375947
5.345028e-08,0.00727466
5.350028e-08,0.00483051
5.355028e-08,0.0117785
5.360028e-08,0.008483
5.365028e-08,-2.87366e-06
5.370028e-08,-0.000854208
5.375028e-08,-0.00159569
5.380028e-08,0.0044735
5.385028e-08,0.0170513
5.390028e-08,0.0214453
5.395028e-08,0.0279538
5.400028e-08,0.0424265
5.405028e-08,0.0454748
5.410028e-08,0.0426737
5.415028e-08,0.0455298
5.420028e-08,0.0405865
5.425028e-08,0.029327
5.430028e-08,0.0233951
5.435028e-08,0.022736
5.440028e-08,0.022379
5.445028e-08,0.0130967
5.450028e-08,0.0027159
5.455028e-08,0.00202934
5.460028e-08,-0.0023921
5.465028e-08,-0.0092577
5.470028e-08,-0.000661971
5.475028e-08,0.0134537
5.480028e-08,0.0132065
5.485028e-08,0.00444603
5.490028e-08,0.000436525
5.495028e-08,-0.00099152
5.500028e-08,-0.00618191
5.505028e-08,-0.0109329
5.510028e-08,-0.0104386
5.515028e-08,-0.00530311
5.520028e-08,0.00139771
5.525028e-08,0.0089224
5.530028e-08,0.0209235
5.535028e-08,0.0239443
5.540028e-08,0.0105976
5.545028e-08,-0.000277498
5.550028e-08,-0.00439686
5.555028e-08,-0.0107132
5.560028e-08,-0.0162606
5.565028e-08,-0.0108231
5.570028e-08,0.0044735
5.575028e-08,0.0149641
5.580028e-08,0.0159802
5.585028e-08,0.0155958
5.590028e-08,0.0126847
5.595028e-08,0.0014801
5.600028e-08,-0.000964057
5.605028e-08,0.0146895
5.610028e-08,0.0261688
5.615028e-08,0.0211157
5.620028e-08,0.00991105
5.625028e-08,0.00461081
5.630028e-08,-0.00274911
5.635028e-08,-0.0170845
5.640028e-08,-0.0223573
5.645028e-08,-0.0187597
5.650028e-08,-0.0109604
5.655028e-08,-2.87366e-06
5.660028e-08,0.00889494
5.665028e-08,0.0187265
5.670028e-08,0.0229557
5.675028e-08,0.0185342
5.680028e-08,0.0165295
5.685028e-08,0.0133164
5.690028e-08,0.00219412
5.695028e-08,-0.00450671
5.700028e-08,0.000766073
5.705028e-08,0.0068078
5.710028e-08,0.00878509
5.715028e-08,0.0116412
5.720028e-08,0.0124101
5.725028e-08,0.00881255
5.730028e-08,0.00603885
5.735028e-08,0.00351231
5.740028e-08,0.00164487
5.745028e-08,0.0057093
5.750028e-08,0.011806
5.755028e-08,0.011037
5.760028e-08,0.00197442
5.765028e-08,-0.00346313
5.770028e-08,0.00244128
5.775028e-08,0.00329261
5.780028e-08,-0.0092577
5.785028e-08,-0.0155466
5.790028e-08,-0.00920277
5.795028e-08,-0.00285896
5.800028e-08,0.00721973
5.805028e-08,0.0229831
5.810028e-08,0.0303156
5.815028e-08,0.0260589
5.820028e-08,0.0185617
5.825028e-08,0.0208136
5.830028e-08,0.0260315
5.835028e-08,0.0160352
5.840028e-08,0.00834569
5.845028e-08,0.0124925
5.850028e-08,0.00705496
5.855028e-08,-0.0100541
5.860028e-08,-0.0262569
5.865028e-08,-0.0313924
5.870028e-08,-0.0246092
5.875028e-08,-0.0216158
5.880028e-08,-0.0234832
5.885028e-08,-0.0198582
5.890028e-08,-0.0151072
5.895028e-08,-0.0106857
5.900028e-08,-0.00566013
5.905028e-08,0.00282575
5.910028e-08,0.0178477
5.915028e-08,0.0199074
5.920028e-08,0.00499528
5.925028e-08,-0.00280404
5.930028e-08,0.00252367
5.935028e-08,0.0111194
5.940028e-08,0.0161175
5.945028e-08,0.0179301
5.950028e-08,0.0144973
5.955028e-08,0.0119982
5.960028e-08,0.0156507
5.965028e-08,0.0109272
5.970028e-08,5.20511e-05
5.975028e-08,-0.00739026
5.980028e-08,-0.014146
5.985028e-08,-0.0173042
5.990028e-08,-0.0138988
5.995028e-08,-0.0092577
6.000028e-08,-0.00892815
6.005028e-08,-0.00480879
6.010028e-08,0.00853793
6.015028e-08,0.0164196
6.020028e-08,0.0108722
6.025028e-08,0.00584661
6.030028e-08,0.00521498
6.035028e-08,-0.00159569
6.040028e-08,-0.0079395
6.045028e-08,-0.00835144
6.050028e-08,-0.0137615
6.055028e-08,-0.0161782
6.060028e-08,-0.00555028
6.065028e-08,0.00496782
6.070028e-08,0.0114489
6.075028e-08,0.0133713
6.080028e-08,0.00716481
6.085028e-08,0.00647825
6.090028e-08,0.0147444
6.095028e-08,0.0162274
6.100028e-08,0.0104603
6.105028e-08,0.00749436
6.110028e-08,0.00516006
6.115028e-08,0.00191949
6.120028e-08,-0.000167648
6.125028e-08,-0.00546789
6.130028e-08,-0.0119215
6.135028e-08,-0.0110153
6.140028e-08,-0.00393
6.145028e-08,0.003375
6.150028e-08,0.00535229
6.155028e-08,-0.0032709
6.160028e-08,-0.0130475
6.165028e-08,-0.0109054
6.170028e-08,-0.00590729
6.175028e-08,-0.0114547
6.180028e-08,-0.0170021
6.185028e-08,-0.0111251
6.190028e-08,0.00329261
6.195028e-08,0.017271
6.200028e-08,0.0181498
6.205028e-08,0.0140029
6.210028e-08,0.0169414
6.215028e-08,0.0174907
6.220028e-08,0.0120257
6.225028e-08,0.00557199
6.230028e-08,-0.00302374
6.235028e-08,-0.00684101
6.240028e-08,-0.000634509
6.245028e-08,0.00537975
6.250028e-08,0.0108997
6.255028e-08,0.0160901
6.260028e-08,0.00853793
6.265028e-08,-0.0047264
6.270028e-08,-0.0053855
6.275028e-08,-0.00159569
6.280028e-08,-0.00936755
6.285028e-08,-0.0138165
6.290028e-08,-0.00170554
6.295028e-08,0.00601139
6.300028e-08,-0.000277498
6.305028e-08,-0.000387347
6.310028e-08,0.00466573
6.315028e-08,-0.00417716
6.320028e-08,-0.0123884
6.325028e-08,-0.00461655
6.330028e-08,0.00661556
6.335028e-08,0.0129319
6.340028e-08,0.0101033
6.345028e-08,0.00345739
6.350028e-08,0.00282575
6.355028e-08,-2.87366e-06
6.360028e-08,-0.00549535
6.365028e-08,-0.0019527
6.370028e-08,0.00598393
6.375028e-08,0.00774152
6.380028e-08,0.00351231
6.385028e-08,0.00257859
6.390028e-08,0.00930688
6.395028e-08,0.0107075
6.400028e-08,-0.000222573
6.405028e-08,-0.00917531
6.410028e-08,-0.00338075
6.415028e-08,0.00672541
6.420028e-08,0.00993851
6.425028e-08,0.0107624
6.430028e-08,0.0082633
6.435028e-08,0.00535229
6.440028e-08,0.00697257
6.445028e-08,0.00257859
6.450028e-08,-0.00609952
6.455028e-08,-0.00483625
6.460028e-08,-0.00313359
6.465028e-08,-0.0103562
6.470028e-08,-0.0100266
6.475028e-08,0.000326675
6.480028e-08,0.00609378
6.485028e-08,0.00573677
6.490028e-08,0.00441857
6.495028e-08,0.000711148
6.500028e-08,-0.00736279
6.505028e-08,-0.0118392
6.510028e-08,-0.00269419
6.515028e-08,0.0133438
6.520028e-08,0.0164471
6.525028e-08,0.00735705
6.530028e-08,0.00356724
6.535028e-08,0.0024962
6.540028e-08,-0.000222573
6.545028e-08,0.00543468
6.550028e-08,0.0132889
6.555028e-08,0.0119982
6.560028e-08,0.011394
6.565028e-08,0.0203742
6.570028e-08,0.0277616
6.575028e-08,0.0225987
6.580028e-08,0.0134537
6.585028e-08,0.00889494
6.590028e-08,0.00274337
6.595028e-08,-0.00414969
6.600028e-08,-0.00868099
6.605028e-08,-0.0148875
6.610028e-08,-0.0148326
6.615028e-08,-0.00192524
6.620028e-08,0.0142776
6.625028e-08,0.021967
6.630028e-08,0.0174907
6.635028e-08,0.00422633
6.640028e-08,-0.0112625
6.645028e-08,-0.0204898
6.650028e-08,-0.0264492
6.655028e-08,-0.0304587
6.660028e-08,-0.0230987
6.665028e-08,-0.0106034
6.670028e-08,-0.00741772
6.675028e-08,-0.0109604
6.680028e-08,-0.0109329
6.685028e-08,-0.0069234
6.690028e-08,-0.00123868
6.695028e-08,0.00285321
6.700028e-08,0.00428126
6.705028e-08,0.00708242
6.710028e-08,0.00463827
6.715028e-08,-0.00187032
6.720028e-08,0.00356724
6.725028e-08,0.0107898
6.730028e-08,0.00584661
6.735028e-08,0.00450096
6.740028e-08,0.0101307
6.745028e-08,0.0114489
6.750028e-08,0.00996597
6.755028e-08,0.00678034
6.760028e-08,0.00296306
6.765028e-08,0.000354137
6.770028e-08,-0.00678608
6.775028e-08,-0.0135418
6.780028e-08,-0.00931262
6.785028e-08,0.00235889
6.790028e-08,0.0122728
6.795028e-08,0.00963642
6.800028e-08,-0.000442272
6.805028e-08,0.0022765
6.810028e-08,0.0113391
6.815028e-08,0.0134812
6.820028e-08,0.0148543
6.825028e-08,0.0124925
6.830028e-08,0.0063684
6.835028e-08,0.00749436
6.840028e-08,0.0147994
6.845028e-08,0.0183969
6.850028e-08,0.0176829
6.855028e-08,0.0277341
6.860028e-08,0.0436349
6.865028e-08,0.0458593
6.870028e-08,0.0436349
6.875028e-08,0.0444587
6.880028e-08,0.0386092
6.885028e-08,0.0323753
6.890028e-08,0.031469
6.895028e-08,0.0227085
6.900028e-08,0.00672541
6.905028e-08,0.00411648
6.910028e-08,0.0137283
6.915028e-08,0.0168041
6.920028e-08,0.0162274
6.925028e-08,0.0202369
6.930028e-08,0.023093
6.935028e-08,0.0247682
6.940028e-08,0.0258118
6.945028e-08,0.0236972
6.950028e-08,0.0264159
6.955028e-08,0.0296565
6.960028e-08,0.0247133
6.965028e-08,0.0235324
6.970028e-08,0.0258942
6.975028e-08,0.0224888
6.980028e-08,0.0190286
6.985028e-08,0.0178751
6.990028e-08,0.0171337
6.995028e-08,0.0177378
7.000028e-08,0.0168041
7.005028e-08,0.0149367
7.010028e-08,0.0198799
7.015028e-08,0.0269377
7.020028e-08,0.021967
7.025028e-08,0.0147719
7.030028e-08,0.0191659
7.035028e-08,0.0222966
7.040028e-08,0.0163647
7.045028e-08,0.0103504
7.050028e-08,0.0109272
7.055028e-08,0.0183695
7.060028e-08,0.0244387
7.065028e-08,0.0229831
7.070028e-08,0.019468
7.075028e-08,0.0196877
7.080028e-08,0.0191109
7.085028e-08,0.0153761
7.090028e-08,0.0136459
7.095028e-08,0.0113116
7.100028e-08,0.00834569
7.105028e-08,0.00700004
7.110028e-08,0.00562692
7.115028e-08,0.00667049
7.120028e-08,0.00815346
7.125028e-08,0.00966389
7.130028e-08,0.0131791
7.135028e-08,0.0168041
7.140028e-08,0.0155134
7.145028e-08,0.0074669
7.150028e-08,0.00117801
7.155028e-08,-0.00225479
7.160028e-08,-0.00656638
7.165028e-08,-0.0094774
7.170028e-08,-0.00865353
7.175028e-08,-0.000744358
7.180028e-08,0.00908718
7.185028e-08,0.0101307
7.190028e-08,0.00949911
7.195028e-08,0.0124651
7.200028e-08,0.00732958
7.205028e-08,-0.00148584
7.210028e-08,-0.00533058
7.215028e-08,-0.0128003
7.220028e-08,-0.0216982
7.225028e-08,-0.0184027
7.230028e-08,-0.00436939
7.235028e-08,0.00669795
7.240028e-08,0.015074
7.245028e-08,0.024933
7.250028e-08,0.0228733
7.255028e-08,0.0149916
7.260028e-08,0.0192757
7.265028e-08,0.0235324
7.270028e-08,0.0222142
7.275028e-08,0.0239718
7.280028e-08,0.0225712
7.285028e-08,0.0181498
7.290028e-08,0.0189462
7.295028e-08,0.0196602
7.300028e-08,0.0149367
7.305028e-08,0.0111743
7.310028e-08,0.0104878
7.315028e-08,0.0151014
7.320028e-08,0.0237521
7.325028e-08,0.0211706
7.330028e-08,0.00947165
7.335028e-08,0.00617616
7.340028e-08,0.0108722
7.345028e-08,0.0151564
7.350028e-08,0.0176005
7.355028e-08,0.0189736
7.360028e-08,0.0189187
7.365028e-08,0.0165569
7.370028e-08,0.0182047
7.375028e-08,0.0249879
7.380028e-08,0.016145
7.385028e-08,-0.0047264
7.390028e-08,-0.0037103
7.395028e-08,0.0136185
7.400028e-08,0.0179301
7.405028e-08,0.0109821
7.410028e-08,0.00532483
7.415028e-08,0.00472066
7.420028e-08,0.00991105
7.425028e-08,0.0126847
7.430028e-08,0.00823584
7.435028e-08,0.00288068
7.440028e-08,-0.00511088
7.445028e-08,-0.0128553
7.450028e-08,-0.00939501
7.455028e-08,-0.00357298
7.460028e-08,-0.00154077
7.465028e-08,0.00301799
7.470028e-08,0.00183711
7.475028e-08,-0.00571505
7.480028e-08,-0.00706071
7.485028e-08,-0.00313359
7.490028e-08,-0.00244703
7.495028e-08,-0.00420462
7.500028e-08,-0.00785712
7.505028e-08,-0.0143108
7.510028e-08,-0.00942247
7.515028e-08,-0.00203509
7.520028e-08,-0.00999918
7.525028e-08,-0.0148875
7.530028e-08,-0.0117842
7.535028e-08,-0.0120314
7.540028e-08,-0.0109054
7.545028e-08,-0.0069234
7.550028e-08,-0.00901054
7.555028e-08,-0.0201053
7.560028e-08,-0.0252408
7.565028e-08,-0.0190892
7.570028e-08,-0.0163979
7.575028e-08,-0.0176887
7.580028e-08,-0.0176612
7.585028e-08,-0.0140362
7.590028e-08,-0.00156823
7.595028e-08,0.00952657
7.600028e-08,0.0157056
7.605028e-08,0.0201271
7.610028e-08,0.0134262
7.615028e-08,0.00625855
7.620028e-08,0.00966389
7.625028e-08,0.00925195
7.630028e-08,0.00153502
7.635028e-08,-0.00316105
7.640028e-08,0.00178218
7.645028e-08,0.0123827
7.650028e-08,0.0197426
7.655028e-08,0.0241366
7.660028e-08,0.0209235
7.665028e-08,0.00332008
7.670028e-08,-0.0117568
7.675028e-08,-0.0120314
7.680028e-08,-0.0109329
7.685028e-08,-0.00760996
7.690028e-08,0.00741197
7.695028e-08,0.0189462
7.700028e-08,0.0130692
7.705028e-08,0.00397917
7.710028e-08,0.00845554
7.715028e-08,0.0136185
7.720028e-08,0.00831823
7.725028e-08,0.00908718
7.730028e-08,0.0186441
7.735028e-08,0.0242739
7.740028e-08,0.0242739
7.745028e-08,0.0200172
7.750028e-08,0.0175731
7.755028e-08,0.016502
7.760028e-08,0.0101857
7.765028e-08,0.00829077
7.770028e-08,0.0120806
7.775028e-08,0.0100758
7.780028e-08,0.00288068
7.785028e-08,-0.00285896
7.790028e-08,-0.00423208
7.795028e-08,-0.00541296
7.800028e-08,-0.00338075
7.805028e-08,0.00834569
7.810028e-08,0.0213354
7.815028e-08,0.0276518
7.820028e-08,0.0257843
7.825028e-08,0.0196053
7.830028e-08,0.0154859
7.835028e-08,0.0112567
7.840028e-08,0.0054896
7.845028e-08,-0.00118376
7.850028e-08,-0.0119215
7.855028e-08,-0.0216158
7.860028e-08,-0.0194462
7.865028e-08,-0.00607206
7.870028e-08,0.00862032
7.875028e-08,0.0157056
7.880028e-08,0.016145
7.885028e-08,0.0196327
7.890028e-08,0.026773
7.895028e-08,0.0306177
7.900028e-08,0.0344624
7.905028e-08,0.0387466
7.910028e-08,0.0331168
7.915028e-08,0.019825
7.920028e-08,0.00749436
7.925028e-08,-0.0026118
7.930028e-08,-0.0104935
7.935028e-08,-0.0187048
7.940028e-08,-0.0223573
7.945028e-08,-0.0197209
7.950028e-08,-0.0190618
7.955028e-08,-0.0207095
7.960028e-08,-0.0227417
7.965028e-08,-0.0215883
7.970028e-08,-0.0182654
7.975028e-08,-0.0194188
7.980028e-08,-0.0191442
7.985028e-08,-0.0144756
7.990028e-08,-0.00865353
7.995028e-08,0.000875923
8.000028e-08,0.00922449
8.005028e-08,0.0120257
8.010028e-08,0.0121904
8.015028e-08,0.0120806
8.020028e-08,0.012877
8.025028e-08,0.0120531
8.030028e-08,0.00969135
8.035028e-08,0.00683526
8.040028e-08,0.00565438
8.045028e-08,0.00837315
8.050028e-08,0.0118609
8.055028e-08,0.0152937
8.060028e-08,0.0153486
8.065028e-08,0.0114215
8.070028e-08,0.0102681
8.075028e-08,0.0129044
8.080028e-08,0.0176554
8.085028e-08,0.0165295
8.090028e-08,0.00474812
8.095028e-08,-0.00500103
8.100028e-08,-0.00590729
8.105028e-08,-0.00346313
8.110028e-08,-0.00088167
8.115028e-08,0.00367709
8.120028e-08,0.00903225
8.125028e-08,0.0152388
8.130028e-08,0.0257843
8.135028e-08,0.0326499
8.140028e-08,0.0345997
8.145028e-08,0.0399274
8.150028e-08,0.0439095
8.155028e-08,0.0429208
8.160028e-08,0.0383346
8.165028e-08,0.033666
8.170028e-08,0.0339132
8.175028e-08,0.0338857
8.180028e-08,0.0300135
8.185028e-08,0.0218572
8.190028e-08,0.0123003
8.195028e-08,0.0102955
8.200028e-08,0.00743943
8.205028e-08,-0.000936595
8.210028e-08,-0.0019527
8.215028e-08,0.00208427
8.220028e-08,0.00620363
8.225028e-08,0.0140853
8.230028e-08,0.0180948
8.235028e-08,0.0110095
8.240028e-08,0.00392425
8.245028e-08,0.00200188
8.250028e-08,-3.03361e-05
8.255028e-08,-0.000661971
8.260028e-08,-0.00346313
8.265028e-08,-0.00752757
8.270028e-08,-0.00574251
8.275028e-08,-0.00123868
8.280028e-08,-0.000552121
8.285028e-08,-0.00346313
8.290028e-08,-0.00030496
8.295028e-08,0.0114215
8.300028e-08,0.0176554
8.305028e-08,0.0152113
8.310028e-08,0.0163372
8.315028e-08,0.016502
8.320028e-08,0.00713735
8.325028e-08,-0.00502849
8.330028e-08,-0.0157388
8.335028e-08,-0.0169746
8.340028e-08,-0.0037103
8.345028e-08,0.00342992
8.350028e-08,-0.000359885
8.355028e-08,0.00603885
8.360028e-08,0.0171886
8.365028e-08,0.0169414
8.370028e-08,0.0109821
8.375028e-08,0.00804361
8.380028e-08,0.00609378
8.385028e-08,0.00246874
8.390028e-08,-0.00233718
8.395028e-08,-0.00629176
8.400028e-08,-0.00258434
8.405028e-08,0.00485797
8.410028e-08,0.00710988
8.415028e-08,0.00524244
8.420028e-08,0.00266098
8.425028e-08,0.00524244
8.430028e-08,0.00694511
8.435028e-08,0.00310038
8.440028e-08,0.00389679
8.445028e-08,0.00516006
8.450028e-08,0.00823584
8.455028e-08,0.0211706
8.460028e-08,0.0305628
8.465028e-08,0.0316887
8.470028e-08,0.0300684
8.475028e-08,0.0241091
8.480028e-08,0.0183969
8.485028e-08,0.0180674
8.490028e-08,0.024164
8.495028e-08,0.0288876
8.500028e-08,0.024521
8.505028e-08,0.0229282
8.510028e-08,0.0262786
8.515028e-08,0.0234775
8.520028e-08,0.0179026
8.525028e-08,0.0143325
8.530028e-08,0.00966389
8.535028e-08,0.00334754
8.540028e-08,-0.00126614
8.545028e-08,0.00334754
8.550028e-08,0.0189187
8.555028e-08,0.0271025
8.560028e-08,0.0196053
8.565028e-08,0.0125474
8.570028e-08,0.00477558
8.575028e-08,-0.00826905
8.580028e-08,-0.00939501
8.585028e-08,-0.000744358
8.590028e-08,0.00397917
8.595028e-08,0.00568184
8.600028e-08,0.00601139
8.605028e-08,0.012877
8.610028e-08,0.0218297
8.615028e-08,0.0191384
8.620028e-08,0.0163647
8.625028e-08,0.0164196
8.630028e-08,0.00669795
8.635028e-08,-0.00324344
8.640028e-08,-0.00214494
8.645028e-08,0.00235889
8.650028e-08,0.00650571
8.655028e-08,0.012163
8.660028e-08,0.0156507
8.665028e-08,0.0191933
8.670028e-08,0.0204566
8.675028e-08,0.0151838
8.680028e-08,0.0141952
8.685028e-08,0.0144423
8.690028e-08,0.00999344
8.695028e-08,0.0113391
8.700028e-08,0.0134537
8.705028e-08,0.00768659
8.710028e-08,0.0115863
8.715028e-08,0.0339132
8.720028e-08,0.0496766
8.725028e-08,0.0455023
8.730028e-08,0.0353961
8.735028e-08,0.0310571
8.740028e-08,0.0285855
8.745028e-08,0.0175181
8.750028e-08,0.00169979
8.755028e-08,-0.00728041
8.760028e-08,-0.00730787
8.765028e-08,-0.00263926
8.770028e-08,-0.000826745
8.775028e-08,-0.00406731
8.780028e-08,-0.00478133
8.785028e-08,7.95135e-05
8.790028e-08,0.00263352
8.795028e-08,-0.00255688
8.800028e-08,-0.0112075
8.805028e-08,-0.0167275
8.810028e-08,-0.0135968
8.815028e-08,-0.00176047
8.820028e-08,0.00804361
8.825028e-08,0.00982866
8.830028e-08,0.0116686
8.835028e-08,0.0147719
8.840028e-08,0.0157605
8.845028e-08,0.0158429
8.850028e-08,0.0105427
8.855028e-08,0.00375947
8.860028e-08,0.00084846
8.865028e-08,-0.00165062
8.870028e-08,-0.00137599
8.875028e-08,0.00172726
8.880028e-08,0.0035947
8.885028e-08,0.00466573
8.890028e-08,0.00422633
8.895028e-08,-0.00272165
8.900028e-08,-0.00928516
8.905028e-08,-0.00483625
8.910028e-08,0.00609378
8.915028e-08,0.0132065
8.920028e-08,0.0142776
8.925028e-08,0.0161999
8.930028e-08,0.0133713
8.935028e-08,0.00450096
8.940028e-08,0.00367709
8.945028e-08,0.00815346
8.950028e-08,0.0114215
8.955028e-08,0.011751
8.960028e-08,0.00749436
8.965028e-08,0.0063684
8.970028e-08,0.0107349
8.975028e-08,0.0113666
8.980028e-08,0.00705496
8.985028e-08,0.0052699
8.990028e-08,0.00867524
8.995028e-08,0.0166668
9.000028e-08,0.0263885
9.005028e-08,0.0316338
9.010028e-08,0.0283658
9.015028e-08,0.0239718
9.020028e-08,0.0194405
9.025028e-08,0.0118883
9.030028e-08,0.00727466
9.035028e-08,-0.00585236
9.040028e-08,-0.0244169
9.045028e-08,-0.025076
9.050028e-08,-0.0150523
9.055028e-08,-0.012663
9.060028e-08,-0.0154642
9.065028e-08,-0.0143108
9.070028e-08,-0.012306
9.075028e-08,-0.00835144
9.080028e-08,0.00255113
9.085028e-08,0.0101033
9.090028e-08,0.00628601
9.095028e-08,-0.00225479
9.100028e-08,-0.00868099
9.105028e-08,-0.0113174
9.110028e-08,-0.0053855
9.115028e-08,0.00131532
9.120028e-08,0.000820998
9.125028e-08,0.00612124
9.130028e-08,0.0116137
9.135028e-08,0.00200188
9.140028e-08,-0.010521
9.145028e-08,-0.0146129
9.150028e-08,-0.0147227
9.155028e-08,-0.0067037
9.160028e-08,0.00683526
9.165028e-08,0.0127397
9.170028e-08,0.0142226
9.175028e-08,0.0131241
9.180028e-08,0.00886748
9.185028e-08,0.00732958
9.190028e-08,0.00700004
9.195028e-08,0.0116137
9.200028e-08,0.0212805
9.205028e-08,0.0231205
9.210028e-08,0.0185617
9.215028e-08,0.0151014
9.220028e-08,0.00971881
9.225028e-08,0.00326515
9.230028e-08,0.00266098
9.235028e-08,0.00606631
9.240028e-08,0.00790629
9.245028e-08,0.00620363
9.250028e-08,0.00153502
9.255028e-08,-0.000634509
9.260028e-08,-0.00299627
9.265028e-08,-0.00763742
9.270028e-08,-0.00703324
9.275028e-08,-0.00508342
9.280028e-08,-0.00631922
9.285028e-08,-0.00360045
9.290028e-08,0.00494036
9.295028e-08,0.0116961
9.300028e-08,0.0112567
9.305028e-08,0.00466573
9.310028e-08,-0.00255688
9.315028e-08,-0.00258434
9.320028e-08,-0.00132107
9.325028e-08,-0.00461655
9.330028e-08,0.000656224
9.335028e-08,0.0129868
9.340028e-08,0.0130967
9.345028e-08,0.00752182
9.350028e-08,0.0171886
9.355028e-08,0.0235049
9.360028e-08,0.0118334
9.365028e-08,0.00856539
9.370028e-08,0.0114764
9.375028e-08,0.00428126
9.380028e-08,0.00326515
9.385028e-08,0.013591
9.390028e-08,0.0211432
9.395028e-08,0.0247407
9.400028e-08,0.0255371
9.405028e-08,0.0247133
9.410028e-08,0.0283383
9.415028e-08,0.0272398
9.420028e-08,0.0188912
9.425028e-08,0.0167492
9.430028e-08,0.0222142
9.435028e-08,0.0303156
9.440028e-08,0.0261139
9.445028e-08,0.00461081
9.450028e-08,-0.00667623
9.455028e-08,0.00027175
9.460028e-08,0.00595646
9.465028e-08,0.00406156
9.470028e-08,-0.00425954
9.475028e-08,-0.0110153
9.480028e-08,-0.00782965
9.485028e-08,-0.0056052
9.490028e-08,-0.00917531
9.495028e-08,-0.00835144
9.500028e-08,0.000134438
9.505028e-08,0.0136734
9.510028e-08,0.0252625
9.515028e-08,0.0207862
9.520028e-08,0.00540722
9.525028e-08,0.00518752
9.530028e-08,0.0137832
9.535028e-08,0.0103779
9.540028e-08,0.00568184
9.545028e-08,0.00612124
9.550028e-08,0.00661556
9.555028e-08,0.0123277
9.560028e-08,0.0183969
9.565028e-08,0.0154859
9.570028e-08,0.0106525
9.575028e-08,0.0115863
9.580028e-08,0.0153211
9.585028e-08,0.022379
9.590028e-08,0.0346547
9.595028e-08,0.0416301
9.600028e-08,0.0373185
9.605028e-08,0.0297938
9.610028e-08,0.0253174
9.615028e-08,0.022736
9.620028e-08,0.0169963
9.625028e-08,0.00573677
9.630028e-08,-0.00590729
9.635028e-08,-0.0110977
9.640028e-08,-0.00744518
9.645028e-08,0.00351231
9.650028e-08,0.00991105
9.655028e-08,0.0052699
9.660028e-08,0.00483051
9.665028e-08,0.0127946
9.670028e-08,0.0196053
9.675028e-08,0.0277067
9.680028e-08,0.035149
9.685028e-08,0.0335287
9.690028e-08,0.0254822
9.695028e-08,0.0197975
9.700028e-08,0.0194954
9.705028e-08,0.0181498
9.710028e-08,0.0147444
9.715028e-08,0.0137283
9.720028e-08,0.012877
9.725028e-08,0.0164196
9.730028e-08,0.0279264
9.735028e-08,0.0328147
9.740028e-08,0.0230106
9.745028e-08,0.0146071
9.750028e-08,0.0107075
9.755028e-08,-0.00354552
9.760028e-08,-0.0141185
9.765028e-08,-0.00387507
9.770028e-08,0.00727466
9.775028e-08,0.00612124
9.780028e-08,0.00430872
9.785028e-08,0.00546214
9.790028e-08,0.00730212
9.795028e-08,0.0127122
9.800028e-08,0.0177378
9.805028e-08,0.0177104
9.810028e-08,0.0178751
9.815028e-08,0.0195503
9.820028e-08,0.0214727
9.825028e-08,0.028201
9.830028e-08,0.0329795
9.835028e-08,0.0293544
9.840028e-08,0.0285305
9.845028e-08,0.0297664
9.850028e-08,0.0204017
9.855028e-08,0.0104878
9.860028e-08,0.0133713
9.865028e-08,0.0187265
9.870028e-08,0.0196877
9.875028e-08,0.0151564
9.880028e-08,0.0107349
9.885028e-08,0.0153211
9.890028e-08,0.0129044
9.895028e-08,0.00213919
9.900028e-08,-0.00379268
9.905028e-08,-0.00953232
9.910028e-08,-0.00961471
9.915028e-08,-0.00230971
9.920028e-08,0.000518912
9.925028e-08,-0.00126614
9.930028e-08,-0.00288642
9.935028e-08,-0.00766488
9.940028e-08,-0.0154093
9.945028e-08,-0.0151072
9.950028e-08,-0.0081592
9.955028e-08,-0.00651146
9.960028e-08,-0.0100541
9.965028e-08,-0.0115371
9.970028e-08,-0.00810428
9.975028e-08,-0.00505595
9.980028e-08,-0.00623684
9.985028e-08,-0.00288642
9.990028e-08,0.00749436
9.995028e-08,0.00881255
1.000003e-07,0.0038144
1.000503e-07,0.0124925
1.001003e-07,0.024933
1.001503e-07,0.0247957
1.002003e-07,0.0199623
1.002503e-07,0.0115863
1.003003e-07,-0.000964057
1.003503e-07,-0.0109329
1.004003e-07,-0.0190618
1.004503e-07,-0.0172218
1.005003e-07,-0.0037103
1.005503e-07,0.00631348
1.006003e-07,0.0100209
1.006503e-07,0.0115039
1.007003e-07,0.0121904
1.007503e-07,0.0120257
1.008003e-07,0.010323
1.008503e-07,0.0116961
1.009003e-07,0.0153761
1.009503e-07,0.0162823
1.010003e-07,0.0103779
1.010503e-07,-0.00123868
1.011003e-07,-0.010878
1.011503e-07,-0.0158761
1.012003e-07,-0.015574
1.012503e-07,-0.0134869
1.013003e-07,-0.0132672
1.013503e-07,-0.011592
1.014003e-07,-0.00566013
1.014503e-07,0.00546214
1.015003e-07,0.0112842
1.015503e-07,0.00562692
1.016003e-07,0.00675287
1.016503e-07,0.0160352
1.017003e-07,0.0169689
1.017503e-07,0.0208411
1.018003e-07,0.0313317
1.018503e-07,0.0281186
1.019003e-07,0.0229008
1.019503e-07,0.0291896
1.020003e-07,0.0257568
1.020503e-07,0.0162274
1.021003e-07,0.0185342
1.021503e-07,0.017985
1.022003e-07,0.00612124
1.022503e-07,-0.000387347
1.023003e-07,-8.52608e-05
1.023503e-07,-0.00736279
1.024003e-07,-0.0149699
1.024503e-07,-0.0128278
1.025003e-07,-0.0102738
1.025503e-07,-0.00667623
1.026003e-07,0.00524244
1.026503e-07,0.0183695
1.027003e-07,0.0193032
1.027503e-07,0.0138931
1.028003e-07,0.0133988
1.028503e-07,0.013234
1.029003e-07,0.0150465
1.029503e-07,0.0131791
1.030003e-07,0.00414395
1.030503e-07,0.00397917
1.031003e-07,0.00754928
1.031503e-07,0.005929
1.032003e-07,0.0110095
1.032503e-07,0.0225712
1.033003e-07,0.0257019
1.033503e-07,0.0116961
1.034003e-07,-0.0067037
1.034503e-07,-0.0104386
1.035003e-07,-0.0047264
1.035503e-07,-0.00401238
1.036003e-07,-0.012718
1.036503e-07,-0.0221376
1.037003e-07,-0.0172218
1.037503e-07,0.00095831
1.038003e-07,0.0167492
1.038503e-07,0.0237796
1.039003e-07,0.0231479
1.039503e-07,0.0179026
1.040003e-07,0.0147994
1.040503e-07,0.0112292
1.041003e-07,0.0089224
1.041503e-07,0.0124101
1.042003e-07,0.00754928
1.042503e-07,-0.00645653
1.043003e-07,-0.0110702
1.043503e-07,-0.00291389
1.044003e-07,0.00867524
1.044503e-07,0.0118334
1.045003e-07,0.00710988
1.045503e-07,0.00408902
1.046003e-07,-0.000250035
1.046503e-07,-0.00373776
1.047003e-07,-0.00145838
1.047503e-07,0.000738611
1.048003e-07,0.0029356
1.048503e-07,0.00911464
1.049003e-07,0.0183969
1.049503e-07,0.0268553
1.050003e-07,0.0259765
1.050503e-07,0.0175456
1.051003e-07,0.0158155
1.051503e-07,0.0168316
1.052003e-07,0.00513259
1.052503e-07,-0.0109878
1.053003e-07,-0.0117842
1.053503e-07,-0.000277498
1.054003e-07,0.00862032
1.054503e-07,0.0135086
1.055003e-07,0.017216
1.055503e-07,0.0159253
1.056003e-07,0.00842808
1.056503e-07,-0.000442272
1.057003e-07,-0.00533058
1.057503e-07,-0.00211748
1.058003e-07,0.00222158
1.058503e-07,0.00436365
1.059003e-07,0.0133713
1.059503e-07,0.0251527
1.060003e-07,0.0312219
1.060503e-07,0.028915
1.061003e-07,0.022736
1.061503e-07,0.0201271
1.062003e-07,0.0158429
1.062503e-07,0.00650571
1.063003e-07,-0.00423208
1.063503e-07,-0.0115371
1.064003e-07,-0.0116195
1.064503e-07,-0.00851621
1.065003e-07,-0.000661971
1.065503e-07,0.0124651
1.066003e-07,0.021253
1.066503e-07,0.0268004
1.067003e-07,0.0303431
1.067503e-07,0.0254273
1.068003e-07,0.0147719
1.068503e-07,0.00488543
1.069003e-07,-0.00219986
1.069503e-07,-0.00406731
1.070003e-07,-0.00285896
1.070503e-07,-0.00706071
1.071003e-07,-0.00923024
1.071503e-07,0.00137025
1.072003e-07,0.0133988
1.072503e-07,0.016914
1.073003e-07,0.0155958
1.073503e-07,0.0199897
1.074003e-07,0.0299861
1.074503e-07,0.0288052
1.075003e-07,0.022022
1.075503e-07,0.0273771
1.076003e-07,0.0331717
1.076503e-07,0.024576
1.077003e-07,0.0115039
1.077503e-07,0.0024962
1.078003e-07,-0.00714309
1.078503e-07,-0.0121962
1.079003e-07,-0.00988933
1.079503e-07,-0.00788458
1.080003e-07,-0.00376522
1.080503e-07,-0.00294135
1.081003e-07,-0.00609952
1.081503e-07,0.00469319
1.082003e-07,0.0188638
1.082503e-07,0.0156781
1.083003e-07,0.00439111
1.083503e-07,-0.000744358
1.084003e-07,0.00367709
1.084503e-07,0.0116961
1.085003e-07,0.0153211
1.085503e-07,0.014717
1.086003e-07,0.0104603
1.086503e-07,0.00419887
1.087003e-07,0.000683686
1.087503e-07,0.0014801
1.088003e-07,0.0139755
1.088503e-07,0.031826
1.089003e-07,0.0358355
1.089503e-07,0.0351215
1.090003e-07,0.0419871
1.090503e-07,0.0477268
1.091003e-07,0.047205
1.091503e-07,0.042042
1.092003e-07,0.0350666
1.092503e-07,0.0292995
1.093003e-07,0.0205115
1.093503e-07,0.00197442
1.094003e-07,-0.0144756
1.094503e-07,-0.0128278
1.095003e-07,-0.00659385
1.095503e-07,-0.0107407
1.096003e-07,-0.0120039
1.096503e-07,-0.00659385
1.097003e-07,-0.00291389
1.097503e-07,0.00186457
1.098003e-07,0.00178218
1.098503e-07,-0.0060446
1.099003e-07,-0.00189778
1.099503e-07,0.0107898
1.100003e-07,0.00949911
1.100503e-07,0.00483051
1.101003e-07,0.00818092
1.101503e-07,0.0138382
1.102003e-07,0.0218846
1.102503e-07,0.0253998
1.103003e-07,0.0204017
1.103503e-07,0.00903225
1.104003e-07,-0.00780219
1.104503e-07,-0.0157663
1.105003e-07,-0.00988933
1.105503e-07,-0.00590729
1.106003e-07,-0.00774727
1.106503e-07,-0.00799443
1.107003e-07,-0.00651146
1.107503e-07,-0.00288642
1.108003e-07,0.00158994
1.108503e-07,0.00356724
1.109003e-07,0.00949911
1.109503e-07,0.0174357
1.110003e-07,0.0186166
1.110503e-07,0.0175456
1.111003e-07,0.0167766
1.111503e-07,0.015431
1.112003e-07,0.0120531
1.112503e-07,0.00224904
1.113003e-07,-0.0047264
1.113503e-07,0.000628761
1.114003e-07,0.00274337
1.114503e-07,-0.00211748
1.115003e-07,-0.00233718
1.115503e-07,-0.0069234
1.116003e-07,-0.0142559
1.116503e-07,-0.0129102
1.117003e-07,-0.0079395
1.117503e-07,-0.00566013
1.118003e-07,-0.00774727
1.118503e-07,-0.0145579
1.119003e-07,-0.0177436
1.119503e-07,-0.00593475
1.120003e-07,0.00985612
1.120503e-07,0.0148817
1.121003e-07,0.0135361
1.121503e-07,0.0124925
1.122003e-07,0.0134537
1.122503e-07,0.0111194
1.123003e-07,0.00694511
1.123503e-07,0.0087027
1.124003e-07,0.0137009
1.124503e-07,0.0189462
1.125003e-07,0.0226261
1.125503e-07,0.0257568
1.126003e-07,0.0287502
1.126503e-07,0.0239169
1.127003e-07,0.017216
1.127503e-07,0.0161725
1.128003e-07,0.0137558
1.128503e-07,0.0122454
1.129003e-07,0.0131241
1.129503e-07,0.00812599
1.130003e-07,0.00224904
1.130503e-07,0.00342992
1.131003e-07,0.00916956
1.131503e-07,0.0178202
1.132003e-07,0.0210059
1.132503e-07,0.0130143
1.133003e-07,0.00645079
1.133503e-07,0.0103504
1.134003e-07,0.0178751
1.134503e-07,0.0219121
1.135003e-07,0.0251527
1.135503e-07,0.028201
1.136003e-07,0.0283658
1.136503e-07,0.0290249
1.137003e-07,0.0297389
1.137503e-07,0.0266631
1.138003e-07,0.0291896
1.138503e-07,0.0351215
1.139003e-07,0.0268828
1.139503e-07,0.0214178
1.140003e-07,0.0315239
1.140503e-07,0.0301234
1.141003e-07,0.0183695
1.141503e-07,0.0147444
1.142003e-07,0.0127397
1.142503e-07,0.00697257
1.143003e-07,-0.00280404
1.143503e-07,-0.00596221
1.144003e-07,0.0068078
1.144503e-07,0.0221318
1.145003e-07,0.0252625
1.145503e-07,0.0148268
1.146003e-07,0.0106525
1.146503e-07,0.0204017
1.147003e-07,0.023807
1.147503e-07,0.0199348
1.148003e-07,0.0200447
1.148503e-07,0.0213354
1.149003e-07,0.0166943
1.149503e-07,0.00947165
1.150003e-07,0.00785137
1.150503e-07,0.00288068
1.151003e-07,-0.00500103
1.151503e-07,0.00137025
1.152003e-07,0.0142501
1.152503e-07,0.0216375
1.153003e-07,0.0288326
1.153503e-07,0.0294368
1.154003e-07,0.01436
1.154503e-07,0.00304545
1.155003e-07,0.0107349
1.155503e-07,0.016145
1.156003e-07,0.0101582
1.156503e-07,0.00960896
1.157003e-07,0.0177653
1.157503e-07,0.0222966
1.158003e-07,0.0141128
1.158503e-07,-0.000579584
1.159003e-07,-0.010164
1.159503e-07,-0.0116744
1.160003e-07,-0.00656638
1.160503e-07,0.00131532
1.161003e-07,0.00735705
1.161503e-07,0.0169963
1.162003e-07,0.0319084
1.162503e-07,0.0329795
1.163003e-07,0.015431
1.163503e-07,0.00167233
1.164003e-07,-0.00030496
1.164503e-07,0.00128786
1.165003e-07,0.0031553
1.165503e-07,0.00285321
1.166003e-07,0.00216665
1.166503e-07,0.00436365
1.167003e-07,0.00834569
1.167503e-07,0.013948
1.168003e-07,0.0123827
1.168503e-07,0.00202934
1.169003e-07,-0.00502849
1.169503e-07,-0.0107407
1.170003e-07,-0.0146953
1.170503e-07,-0.0131574
1.171003e-07,-0.0111801
1.171503e-07,-0.00722548
1.172003e-07,-0.00121122
1.172503e-07,0.00543468
1.173003e-07,0.0107075
1.173503e-07,0.0101857
1.174003e-07,0.0115588
1.174503e-07,0.0184519
1.175003e-07,0.0162274
1.175503e-07,0.00219412
1.176003e-07,-0.00274911
1.176503e-07,0.00450096
1.177003e-07,0.00474812
1.177503e-07,-0.00272165
1.178003e-07,-0.00942247
1.178503e-07,-0.0115096
1.179003e-07,-0.00988933
1.179503e-07,-0.0094774
1.180003e-07,-0.00403984
1.180503e-07,0.00675287
1.181003e-07,0.0126298
1.181503e-07,0.0146895
1.182003e-07,0.0166668
1.182503e-07,0.0146346
1.183003e-07,0.0126847
1.183503e-07,0.0196053
1.184003e-07,0.0233127
1.184503e-07,0.0154035
1.185003e-07,0.0126298
1.185503e-07,0.0177928
1.186003e-07,0.0133164
1.186503e-07,0.00326515
1.187003e-07,0.00084846
1.187503e-07,-0.00219986
1.188003e-07,-0.00999918
1.188503e-07,-0.0157937
1.189003e-07,-0.0117293
1.189503e-07,0.00263352
1.190003e-07,0.0162274
1.190503e-07,0.0229282
1.191003e-07,0.022022
1.191503e-07,0.0206488
1.192003e-07,0.021967
1.192503e-07,0.0209784
1.193003e-07,0.0218846
1.193503e-07,0.0247407
1.194003e-07,0.0251527
1.194503e-07,0.0249055
1.195003e-07,0.0250154
1.195503e-07,0.0251252
1.196003e-07,0.0241091
1.196503e-07,0.0246309
1.197003e-07,0.0286404
1.197503e-07,0.0253998
1.198003e-07,0.0136185
1.198503e-07,0.00820838
1.199003e-07,0.010323
1.199503e-07,0.0101582
1.200003e-07,0.00700004
1.200503e-07,0.00488543
1.201003e-07,0.00829077
1.201503e-07,0.0164471
1.202003e-07,0.0152937
1.202503e-07,0.00233143
1.203003e-07,-0.0021724
1.203503e-07,0.0031553
1.204003e-07,0.00321023
1.204503e-07,0.0010407
1.205003e-07,-0.00176047
1.205503e-07,-0.0115645
1.206003e-07,-0.0197209
1.206503e-07,-0.0158487
1.207003e-07,-0.0111251
1.207503e-07,-0.011235
1.208003e-07,-0.00513834
1.208503e-07,0.00386932
1.209003e-07,0.00496782
1.209503e-07,-0.00513834
1.210003e-07,-0.0140636
1.210503e-07,-0.00478133
1.211003e-07,0.0100209
1.211503e-07,0.0132065
1.212003e-07,0.0126573
1.212503e-07,0.01252
1.213003e-07,0.0159802
1.213503e-07,0.0258392
1.214003e-07,0.022736
1.214503e-07,0.00815346
1.215003e-07,0.00521498
1.215503e-07,0.00395171
1.216003e-07,-0.00263926
1.216503e-07,-0.00357298
1.217003e-07,-0.00730787
1.217503e-07,-0.0146678
1.218003e-07,-0.0102189
1.218503e-07,0.00389679
1.219003e-07,0.0106525
1.219503e-07,0.00675287
1.220003e-07,0.00194696
1.220503e-07,0.00211173
1.221003e-07,0.00656064
1.221503e-07,0.00716481
1.222003e-07,0.00840062
1.222503e-07,0.0181772
1.223003e-07,0.0225712
1.223503e-07,0.0166943
1.224003e-07,0.0136185
1.224503e-07,0.0148268
1.225003e-07,0.00996597
1.225503e-07,0.000766073
1.226003e-07,-0.00178793
1.226503e-07,0.00299053
1.227003e-07,0.00919703
1.227503e-07,0.0113666
1.228003e-07,0.00735705
1.228503e-07,0.00584661
1.229003e-07,0.0129319
1.229503e-07,0.0139206
1.230003e-07,0.00406156
1.230503e-07,-0.000744358
1.231003e-07,-0.00387507
1.231503e-07,-0.0121412
1.232003e-07,-0.0183752
1.232503e-07,-0.019968
1.233003e-07,-0.0131299
1.233503e-07,-0.00143092
1.234003e-07,0.00452842
1.234503e-07,0.00683526
1.235003e-07,0.0082633
1.235503e-07,0.0133438
1.236003e-07,0.0225437
1.236503e-07,0.0178751
1.237003e-07,0.00395171
1.237503e-07,0.00686272
1.238003e-07,0.0177104
1.238503e-07,0.0137832
1.239003e-07,0.00713735
1.239503e-07,0.0135635
1.240003e-07,0.0167492
1.240503e-07,0.00612124
1.241003e-07,-0.00181539
1.241503e-07,-0.00019511
1.242003e-07,0.000161901
1.242503e-07,0.000546374
1.243003e-07,0.00697257
1.243503e-07,0.00974627
1.244003e-07,0.00757675
1.244503e-07,0.00894986
1.245003e-07,0.0110645
1.245503e-07,0.00798868
1.246003e-07,-0.00379268
1.246503e-07,-0.0177985
1.247003e-07,-0.0234558
1.247503e-07,-0.021451
1.248003e-07,-0.0123335
1.248503e-07,-0.00230971
1.249003e-07,-0.000277498
1.249503e-07,5.20511e-05
1.250003e-07,-0.00209002
1.250503e-07,-0.0067037
1.251003e-07,-0.00502849
1.251503e-07,-0.00442432
1.252003e-07,-0.0060446
1.252503e-07,-0.00596221
1.253003e-07,-0.00513834
1.253503e-07,0.00216665
1.254003e-07,0.0123552
1.254503e-07,0.0199623
1.255003e-07,0.0246584
1.255503e-07,0.0258942
1.256003e-07,0.0269103
1.256503e-07,0.027487
1.257003e-07,0.024933
1.257503e-07,0.0206763
1.258003e-07,0.0182871
1.258503e-07,0.0151289
1.259003e-07,0.00672541
1.259503e-07,-0.00189778
1.260003e-07,-0.00425954
1.260503e-07,-0.000497197
1.261003e-07,-0.00313359
1.261503e-07,-0.0170296
1.262003e-07,-0.0227143
1.262503e-07,-0.0169197
1.263003e-07,-0.010466
1.263503e-07,-0.000332422
1.264003e-07,0.00392425
1.264503e-07,-0.00209002
1.265003e-07,-0.000140186
1.265503e-07,0.0107349
1.266003e-07,0.0228458
1.266503e-07,0.0303705
1.267003e-07,0.0274046
1.267503e-07,0.0243837
1.268003e-07,0.0246858
1.268503e-07,0.0238619
1.269003e-07,0.0268828
1.269503e-07,0.0284482
1.270003e-07,0.0222691
1.270503e-07,0.0146346
1.271003e-07,0.00881255
1.271503e-07,0.00601139
1.272003e-07,0.0038144
1.272503e-07,-0.00390253
1.273003e-07,-0.012306
1.273503e-07,-0.0164254
1.274003e-07,-0.0171394
1.274503e-07,-0.0108231
1.275003e-07,0.00137025
1.275503e-07,0.0103504
1.276003e-07,0.0151014
1.276503e-07,0.0214453
1.277003e-07,0.0266082
1.277503e-07,0.0271574
1.278003e-07,0.0219396
1.278503e-07,0.00969135
1.279003e-07,0.00400663
1.279503e-07,0.00829077
1.280003e-07,0.00955404
1.280503e-07,0.0114215
1.281003e-07,0.0173259
1.281503e-07,0.0243288
1.282003e-07,0.0291622
1.282503e-07,0.022379
1.283003e-07,0.0106525
1.283503e-07,0.00801614
1.284003e-07,0.00949911
1.284503e-07,0.00889494
1.285003e-07,0.00941673
1.285503e-07,0.0111743
1.286003e-07,0.0154859
1.286503e-07,0.0208411
1.287003e-07,0.0216924
1.287503e-07,0.0205665
1.288003e-07,0.0193856
1.288503e-07,0.0189187
1.289003e-07,0.0149367
1.289503e-07,0.00494036
1.290003e-07,0.000573836
1.290503e-07,0.00175472
1.291003e-07,0.00518752
1.291503e-07,0.014717
1.292003e-07,0.0218846
1.292503e-07,0.0189187
1.293003e-07,0.0158704
1.293503e-07,0.0203468
1.294003e-07,0.0166943
1.294503e-07,0.000930848
1.295003e-07,-0.00634669
1.295503e-07,-0.00612699
1.296003e-07,-0.0112899
1.296503e-07,-0.0158487
1.297003e-07,-0.014146
1.297503e-07,-0.0101365
1.298003e-07,-0.00252941
1.298503e-07,0.00897733
1.299003e-07,0.0137832
1.299503e-07,0.0119158
1.300003e-07,0.01436
1.300503e-07,0.0159802
1.301003e-07,0.00708242
1.301503e-07,-0.00184285
1.302003e-07,-0.00184285
1.302503e-07,0.0014801
1.303003e-07,0.00911464
1.303503e-07,0.0149092
1.304003e-07,0.01068
1.304503e-07,0.00971881
1.305003e-07,0.0124925
1.305503e-07,0.00697257
1.306003e-07,0.0035947
1.306503e-07,0.00963642
1.307003e-07,0.00900479
1.307503e-07,-0.00101898
1.308003e-07,-0.00184285
1.308503e-07,0.00653317
1.309003e-07,0.0130692
1.309503e-07,0.0170787
1.310003e-07,0.00969135
1.310503e-07,-0.00546789
1.311003e-07,-0.00744518
1.311503e-07,-0.00316105
1.312003e-07,0.000930848
1.312503e-07,0.0120257
1.313003e-07,0.0188912
1.313503e-07,0.0207038
1.314003e-07,0.0202369
1.314503e-07,0.0133438
1.315003e-07,0.014662
1.315503e-07,0.0229282
1.316003e-07,0.0212256
1.316503e-07,0.0152937
1.317003e-07,0.00776898
1.317503e-07,-0.00576998
1.318003e-07,-0.0165902
1.318503e-07,-0.0172493
1.319003e-07,-0.0160958
1.319503e-07,-0.0240874
1.320003e-07,-0.0284264
1.320503e-07,-0.0185949
1.321003e-07,-0.00879084
1.321503e-07,-0.00895561
1.322003e-07,-0.0145305
1.322503e-07,-0.0162881
1.323003e-07,-0.00667623
1.323503e-07,0.0133713
1.324003e-07,0.0263336
1.324503e-07,0.0221867
1.325003e-07,0.0178751
1.325503e-07,0.0175731
1.326003e-07,0.00851047
1.326503e-07,-0.00420462
1.327003e-07,-0.00966963
1.327503e-07,-0.00467148
1.328003e-07,0.00554453
1.328503e-07,0.0063684
1.329003e-07,0.00161741
1.329503e-07,0.00326515
1.330003e-07,0.00172726
1.330503e-07,-0.00442432
1.331003e-07,-0.00722548
1.331503e-07,-0.0125806
1.332003e-07,-0.0155466
1.332503e-07,-0.00618191
1.333003e-07,0.00601139
1.333503e-07,0.0120531
1.334003e-07,0.0158155
1.334503e-07,0.0182322
1.335003e-07,0.015074
1.335503e-07,0.00831823
1.336003e-07,0.00180964
1.336503e-07,-0.00107391
1.337003e-07,0.00260605
1.337503e-07,0.00469319
1.338003e-07,0.00312784
1.338503e-07,0.00873017
1.339003e-07,0.0172435
1.339503e-07,0.0178751
1.340003e-07,0.0120257
1.340503e-07,0.00590154
1.341003e-07,-0.00030496
1.341503e-07,-0.00744518
1.342003e-07,-0.00972456
1.342503e-07,-0.00585236
1.343003e-07,0.00128786
1.343503e-07,0.0105976
1.344003e-07,0.0169414
1.344503e-07,0.0172435
1.345003e-07,0.0175731
1.345503e-07,0.0225712
1.346003e-07,0.0263336
1.346503e-07,0.0203742
1.347003e-07,0.00922449
1.347503e-07,0.000683686
1.348003e-07,-0.00310612
1.348503e-07,0.00518752
1.349003e-07,0.0176829
1.349503e-07,0.0202094
1.350003e-07,0.0192483
1.350503e-07,0.0178751
1.351003e-07,0.0208136
1.351503e-07,0.0338583
1.352003e-07,0.0372087
1.352503e-07,0.0236697
1.353003e-07,0.0137558
1.353503e-07,0.014717
1.354003e-07,0.0169689
1.354503e-07,0.0111469
1.355003e-07,0.00145263
1.355503e-07,-0.00423208
1.356003e-07,-0.00994426
1.356503e-07,-0.0123884
1.357003e-07,-0.00447924
1.357503e-07,0.00436365
1.358003e-07,0.00625855
1.358503e-07,0.00513259
1.359003e-07,0.00947165
1.359503e-07,0.0184793
1.360003e-07,0.013234
1.360503e-07,0.000820998
1.361003e-07,0.00513259
1.361503e-07,0.0102131
1.362003e-07,0.00752182
1.362503e-07,0.0129594
1.363003e-07,0.019468
1.363503e-07,0.020539
1.364003e-07,0.0227909
1.364503e-07,0.0229831
1.365003e-07,0.0208685
1.365503e-07,0.0181772
1.366003e-07,0.011751
1.366503e-07,0.00807107
1.367003e-07,0.0093618
1.367503e-07,0.00971881
1.368003e-07,0.00996597
1.368503e-07,0.0111743
1.369003e-07,0.0102131
1.369503e-07,0.00801614
1.370003e-07,0.0112018
1.370503e-07,0.0183695
1.371003e-07,0.0229282
1.371503e-07,0.0264983
1.372003e-07,0.0275694
1.372503e-07,0.0235324
1.373003e-07,0.0202918
1.373503e-07,0.01977
1.374003e-07,0.0180125
1.374503e-07,0.0108722
1.375003e-07,0.00667049
1.375503e-07,0.0127397
1.376003e-07,0.0123552
1.376503e-07,0.0022765
1.377003e-07,-0.00159569
1.377503e-07,-0.00154077
1.378003e-07,-0.00351806
1.378503e-07,-0.00181539
1.379003e-07,0.00735705
1.379503e-07,0.0156781
1.380003e-07,0.0176554
1.380503e-07,0.0210333
1.381003e-07,0.0189187
1.381503e-07,0.00353977
1.382003e-07,-0.00912039
1.382503e-07,-0.0121138
1.383003e-07,-0.0167549
1.383503e-07,-0.0201603
1.384003e-07,-0.0112075
1.384503e-07,-0.00099152
1.385003e-07,0.0012604
1.385503e-07,0.00342992
1.386003e-07,0.00710988
1.386503e-07,0.008483
1.387003e-07,0.00656064
1.387503e-07,0.00579169
1.388003e-07,0.00999344
1.388503e-07,0.0185068
1.389003e-07,0.0279538
1.389503e-07,0.0263885
1.390003e-07,0.0145797
1.390503e-07,0.0095815
1.391003e-07,0.012163
1.391503e-07,0.01068
1.392003e-07,0.00131532
1.392503e-07,-0.00524819
1.393003e-07,0.00027175
1.393503e-07,0.0082633
1.394003e-07,0.0101033
1.394503e-07,0.0057093
1.395003e-07,-0.00401238
1.395503e-07,-0.00983441
1.396003e-07,-0.00958725
1.396503e-07,-0.00835144
1.397003e-07,-0.00214494
1.397503e-07,0.00485797
1.398003e-07,0.00752182
1.398503e-07,0.00812599
1.399003e-07,0.00609378
1.399503e-07,0.00793376
1.400003e-07,0.0126024
1.400503e-07,0.0107349
1.401003e-07,0.00524244
1.401503e-07,-0.000854208
1.402003e-07,-0.00555028
1.402503e-07,-0.00706071
1.403003e-07,-0.00862606
1.403503e-07,-0.00890069
1.404003e-07,-0.00478133
1.404503e-07,-0.000497197
1.405003e-07,-0.00546789
1.405503e-07,-0.0137066
1.406003e-07,-0.0123335
1.406503e-07,-0.00519326
1.407003e-07,-0.00200763
1.407503e-07,-0.00598967
1.408003e-07,-0.00936755
1.408503e-07,-0.00752757
1.409003e-07,-0.0083789
1.409503e-07,-0.00612699
1.410003e-07,0.00889494
1.410503e-07,0.0185892
1.411003e-07,0.0133438
1.411503e-07,0.0108173
1.412003e-07,0.00730212
1.412503e-07,-0.00209002
1.413003e-07,-0.00354552
1.413503e-07,-0.00511088
1.414003e-07,-0.0102189
1.414503e-07,-0.00700578
1.415003e-07,0.00477558
1.415503e-07,0.0167766
1.416003e-07,0.018342
1.416503e-07,0.0151289
1.417003e-07,0.0148543
1.417503e-07,0.0112567
1.418003e-07,0.00386932
1.418503e-07,-0.00244703
1.419003e-07,-0.0037103
1.419503e-07,-0.00123868
1.420003e-07,0.000738611
1.420503e-07,-0.000771821
1.421003e-07,-0.00697832
1.421503e-07,-0.0083789
1.422003e-07,-0.00848875
1.422503e-07,-0.0131848
1.423003e-07,-0.00417716
1.423503e-07,0.00815346
1.424003e-07,0.000546374
1.424503e-07,-0.00645653
1.425003e-07,0.00161741
1.425503e-07,0.00378694
1.426003e-07,-0.00428701
1.426503e-07,-0.00486372
1.427003e-07,0.00167233
1.427503e-07,0.00944419
1.428003e-07,0.0193581
1.428503e-07,0.0200721
1.429003e-07,0.0123552
1.429503e-07,0.0126847
1.430003e-07,0.0171062
1.430503e-07,0.0131791
1.431003e-07,0.00175472
1.431503e-07,-0.0088183
1.432003e-07,-0.011949
1.432503e-07,-0.0051658
1.433003e-07,0.00373201
1.433503e-07,0.00727466
1.434003e-07,0.00664302
1.434503e-07,0.000903385
1.435003e-07,0.00246874
1.435503e-07,0.0140579
1.436003e-07,0.0108173
1.436503e-07,-0.00274911
1.437003e-07,-0.00609952
1.437503e-07,-0.0049461
1.438003e-07,-0.00154077
1.438503e-07,0.00505021
1.439003e-07,0.0118334
1.439503e-07,0.0229008
1.440003e-07,0.0303705
1.440503e-07,0.0314965
1.441003e-07,0.0330344
1.441503e-07,0.0257294
1.442003e-07,0.0115313
1.442503e-07,0.00238635
1.443003e-07,-0.00612699
1.443503e-07,-0.0132123
1.444003e-07,-0.0120863
1.444503e-07,-0.00458909
1.445003e-07,0.00255113
1.445503e-07,0.00167233
1.446003e-07,0.000985772
1.446503e-07,0.00496782
1.447003e-07,0.00268844
1.447503e-07,-0.000469734
1.448003e-07,0.00241382
1.448503e-07,0.0102681
1.449003e-07,0.0205665
1.449503e-07,0.0243013
1.450003e-07,0.0188363
1.450503e-07,0.011751
1.451003e-07,0.0121355
1.451503e-07,0.0151289
1.452003e-07,0.0105427
1.452503e-07,0.00757675
1.453003e-07,0.0119707
1.453503e-07,0.0120806
1.454003e-07,0.00579169
1.454503e-07,0.00128786
1.455003e-07,0.000766073
1.455503e-07,0.000711148
1.456003e-07,-0.00110137
1.456503e-07,-0.00656638
1.457003e-07,-0.0117019
1.457503e-07,-0.00607206
1.458003e-07,0.005929
1.458503e-07,0.0168041
1.459003e-07,0.0282834
1.459503e-07,0.0300135
1.460003e-07,0.016502
1.460503e-07,0.0040341
1.461003e-07,-0.00508342
1.461503e-07,-0.0218355
1.462003e-07,-0.0341661
1.462503e-07,-0.0294151
1.463003e-07,-0.0223573
1.463503e-07,-0.0191442
1.464003e-07,-0.00807682
1.464503e-07,0.00367709
1.465003e-07,0.00894986
1.465503e-07,0.00900479
1.466003e-07,0.000683686
1.466503e-07,-0.000552121
1.467003e-07,0.00581915
1.467503e-07,0.00123293
1.468003e-07,-0.00453417
1.468503e-07,-0.0030512
1.469003e-07,-0.00203509
1.469503e-07,-0.0034906
1.470003e-07,-0.00934009
1.470503e-07,-0.0176337
1.471003e-07,-0.0226868
1.471503e-07,-0.026559
1.472003e-07,-0.0268062
1.472503e-07,-0.0227143
1.473003e-07,-0.0241148
1.473503e-07,-0.0207095
1.474003e-07,-0.00544043
1.474503e-07,0.00417141
1.475003e-07,0.0115863
1.475503e-07,0.0209784
1.476003e-07,0.0162274
1.476503e-07,-0.000854208
1.477003e-07,-0.0111801
1.477503e-07,-0.00667623
1.478003e-07,0.0010407
1.478503e-07,0.00743943
1.479003e-07,0.010323
1.479503e-07,0.00255113
1.480003e-07,0.0003816
1.480503e-07,0.00938926
1.481003e-07,0.00691765
1.481503e-07,-0.00623684
1.482003e-07,-0.00804935
1.482503e-07,-0.000332422
1.483003e-07,0.00469319
1.483503e-07,0.00809853
1.484003e-07,0.0038144
1.484503e-07,-0.00585236
1.485003e-07,-0.00483625
1.485503e-07,-0.00206255
1.486003e-07,-0.00961471
1.486503e-07,-0.0156564
1.487003e-07,-0.0118392
1.487503e-07,-0.00368283
1.488003e-07,0.00639586
1.488503e-07,0.0146895
1.489003e-07,0.0141952
1.489503e-07,0.0133164
1.490003e-07,0.0144698
1.490503e-07,0.0133438
1.491003e-07,0.0157056
1.491503e-07,0.017271
1.492003e-07,0.017271
1.492503e-07,0.0160077
1.493003e-07,0.0110095
1.493503e-07,0.0120806
1.494003e-07,0.00974627
1.494503e-07,-0.00112883
1.495003e-07,-0.00469894
1.495503e-07,-0.00486372
1.496003e-07,-0.00640161
1.496503e-07,-0.00673116
1.497003e-07,-0.00730787
1.497503e-07,-0.0111526
1.498003e-07,-0.0204349
1.498503e-07,-0.0209018
1.499003e-07,-0.00777473
1.499503e-07,-0.00313359
1.500003e-07,-0.0161508
1.500503e-07,-0.0253507
1.501003e-07,-0.012718
1.501503e-07,0.00439111
1.502003e-07,0.00510513
1.502503e-07,0.00137025
1.503003e-07,-0.00222733
1.503503e-07,-0.0161233
1.504003e-07,-0.0246366
1.504503e-07,-0.01854
1.505003e-07,-0.017826
1.505503e-07,-0.0206271
1.506003e-07,-0.00774727
1.506503e-07,0.00172726
1.507003e-07,-0.00428701
1.507503e-07,-0.00335328
1.508003e-07,-0.000332422
1.508503e-07,-0.00272165
1.509003e-07,-0.000826745
1.509503e-07,-0.0023921
1.510003e-07,-0.00774727
1.510503e-07,-0.00623684
1.511003e-07,0.000463987
1.511503e-07,0.00650571
1.512003e-07,0.00801614
1.512503e-07,0.00557199
1.513003e-07,0.00397917
1.513503e-07,0.00581915
1.514003e-07,0.00433618
1.514503e-07,0.000216825
1.515003e-07,0.00224904
1.515503e-07,0.00180964
1.516003e-07,-0.00140346
1.516503e-07,0.00277083
1.517003e-07,0.00727466
1.517503e-07,0.00620363
1.518003e-07,0.00268844
1.518503e-07,-0.00099152
1.519003e-07,-0.00423208
1.519503e-07,-0.00453417
1.520003e-07,-0.00288642
1.520503e-07,0.000189363
1.521003e-07,0.00686272
1.521503e-07,0.00938926
1.522003e-07,0.00851047
1.522503e-07,0.0113116
1.523003e-07,0.00991105
1.523503e-07,-0.00134853
1.524003e-07,-0.0130475
1.524503e-07,-0.0125257
1.525003e-07,-0.00862606
1.525503e-07,-0.0169472
1.526003e-07,-0.0259274
1.526503e-07,-0.0226593
1.527003e-07,-0.0149699
1.527503e-07,-0.00689593
1.528003e-07,0.00323769
1.528503e-07,0.0109821
1.529003e-07,0.0169963
1.529503e-07,0.0225712
1.530003e-07,0.0233402
1.530503e-07,0.0229557
1.531003e-07,0.0214453
1.531503e-07,0.01068
1.532003e-07,0.00106816
1.532503e-07,0.00351231
1.533003e-07,0.0057093
1.533503e-07,0.00200188
1.534003e-07,0.00290814
1.534503e-07,0.00743943
1.535003e-07,0.00540722
1.535503e-07,0.0031553
1.536003e-07,0.00609378
1.536503e-07,0.00840062
1.537003e-07,0.011037
1.537503e-07,0.0115863
1.538003e-07,0.0139206
1.538503e-07,0.0216375
1.539003e-07,0.0196327
1.539503e-07,0.0082633
1.540003e-07,-0.00206255
1.540503e-07,-0.0101914
1.541003e-07,-0.0121962
1.541503e-07,-0.00928516
1.542003e-07,-0.00766488
1.542503e-07,-0.00846129
1.543003e-07,-0.00826905
1.543503e-07,-0.00645653
1.544003e-07,-0.00390253
1.544503e-07,0.00255113
1.545003e-07,0.00897733
1.545503e-07,0.00612124
1.546003e-07,-0.00115629
1.546503e-07,0.00109562
1.547003e-07,0.0104603
1.547503e-07,0.0155958
1.548003e-07,0.0181223
1.548503e-07,0.0227634
1.549003e-07,0.0206488
1.549503e-07,0.00691765
1.550003e-07,-0.000497197
1.550503e-07,0.00194696
1.551003e-07,-0.00318851
1.551503e-07,-0.00730787
1.552003e-07,-0.000167648
1.552503e-07,0.0120531
1.553003e-07,0.022379
1.553503e-07,0.017628
1.554003e-07,0.0152113
1.554503e-07,0.0314416
1.555003e-07,0.0380325
1.555503e-07,0.0312493
1.556003e-07,0.0301783
1.556503e-07,0.0337484
1.557003e-07,0.0331168
1.557503e-07,0.0277616
1.558003e-07,0.030755
1.558503e-07,0.032183
1.559003e-07,0.0131241
1.559503e-07,-0.000524659
1.560003e-07,0.00840062
1.560503e-07,0.0144149
1.561003e-07,0.0114215
1.561503e-07,0.010323
1.562003e-07,0.0074669
1.562503e-07,0.00450096
1.563003e-07,0.00461081
1.563503e-07,0.00310038
1.564003e-07,-0.00198017
1.564503e-07,-0.00480879
1.565003e-07,-0.00568759
1.565503e-07,-0.0112625
1.566003e-07,-0.00980695
1.566503e-07,0.0003816
1.567003e-07,0.00356724
1.567503e-07,0.00439111
1.568003e-07,0.0105427
1.568503e-07,0.0180948
1.569003e-07,0.0254822
1.569503e-07,0.0271574
1.570003e-07,0.0225163
1.570503e-07,0.0227634
1.571003e-07,0.0266906
1.571503e-07,0.0244661
1.572003e-07,0.0178202
1.572503e-07,0.0125749
1.573003e-07,0.0104054
1.573503e-07,0.0127122
1.574003e-07,0.011394
1.574503e-07,-0.0015133
1.575003e-07,-0.00519326
1.575503e-07,0.00765913
1.576003e-07,0.00916956
1.576503e-07,-0.00384761
1.577003e-07,-0.010164
1.577503e-07,-0.00755503
1.578003e-07,-0.0021724
1.578503e-07,0.00529737
1.579003e-07,0.00966389
1.579503e-07,0.00938926
1.580003e-07,0.0128221
1.580503e-07,0.0215002
1.581003e-07,0.021253
1.581503e-07,0.00771406
1.582003e-07,-0.00431447
1.582503e-07,-0.00988933
1.583003e-07,-0.0140636
1.583503e-07,-0.0137341
1.584003e-07,-0.00376522
1.584503e-07,0.00683526
1.585003e-07,0.00562692
1.585503e-07,-0.00154077
1.586003e-07,-0.00307866
1.586503e-07,-0.000414809
1.587003e-07,0.00164487
1.587503e-07,0.000161901
1.588003e-07,-0.00549535
1.588503e-07,-0.006484
1.589003e-07,-0.00695086
1.589503e-07,-0.0176063
1.590003e-07,-0.0241972
1.590503e-07,-0.0163155
1.591003e-07,-0.00612699
1.591503e-07,0.00117801
1.592003e-07,0.00774152
1.592503e-07,0.00634094
1.593003e-07,-0.00332582
1.593503e-07,-0.0144756
1.594003e-07,-0.0218355
1.594503e-07,-0.0175788
1.595003e-07,-0.00469894
1.595503e-07,0.00771406
1.596003e-07,0.0129044
