LECROYWR640Zi,59892,Waveform
Segments,1,SegmentSize,4002
Segment,TrigTime,TimeSinceSegment1
#1,01-Nov-2023 13:34:16,0                 
Time,Ampl
-4.043226e-08,0.0409985
-4.038226e-08,0.0240267
-4.033226e-08,0.0101857
-4.028226e-08,0.00332008
-4.023226e-08,-0.00209002
-4.018226e-08,-0.0077198
-4.013226e-08,-0.00846129
-4.008226e-08,-0.00879084
-4.003226e-08,-0.0156839
-3.998226e-08,-0.0226868
-3.993226e-08,-0.0265041
-3.988226e-08,-0.0252133
-3.983226e-08,-0.0230713
-3.978226e-08,-0.025488
-3.973226e-08,-0.0213137
-3.968226e-08,-0.00999918
-3.963226e-08,-0.00574251
-3.958226e-08,-0.00505595
-3.953226e-08,0.00233143
-3.948226e-08,0.00645079
-3.943226e-08,0.00084846
-3.938226e-08,-0.00376522
-3.933226e-08,-0.00791204
-3.928226e-08,-0.0189794
-3.923226e-08,-0.0283441
-3.918226e-08,-0.0224946
-3.913226e-08,-0.0100266
-3.908226e-08,-0.00791204
-3.903226e-08,-0.010878
-3.898226e-08,-0.0131299
-3.893226e-08,-0.0144756
-3.888226e-08,-0.0115371
-3.883226e-08,-0.01302
-3.878226e-08,-0.0177161
-3.873226e-08,-0.0191167
-3.868226e-08,-0.0229889
-3.863226e-08,-0.0237304
-3.858226e-08,-0.0168922
-3.853226e-08,-0.011235
-3.848226e-08,-0.0110702
-3.843226e-08,-0.0116469
-3.838226e-08,-0.00706071
-3.833226e-08,-0.00285896
-3.828226e-08,-0.00247449
-3.823226e-08,-0.00568759
-3.818226e-08,-0.0171943
-3.813226e-08,-0.0247739
-3.808226e-08,-0.0293602
-3.803226e-08,-0.0393016
-3.798226e-08,-0.0410866
-3.793226e-08,-0.0405923
-3.788226e-08,-0.0412514
-3.783226e-08,-0.032024
-3.778226e-08,-0.0187048
-3.773226e-08,-0.0106034
-3.768226e-08,-0.0106308
-3.763226e-08,-0.00826905
-3.758226e-08,-0.00511088
-3.753226e-08,-0.0191442
-3.748226e-08,-0.0342485
-3.743226e-08,-0.033507
-3.738226e-08,-0.0335344
-3.733226e-08,-0.0375714
-3.728226e-08,-0.0373517
-3.723226e-08,-0.0321613
-3.718226e-08,-0.0160958
-3.713226e-08,0.00406156
-3.708226e-08,0.0113666
-3.703226e-08,0.00697257
-3.698226e-08,-0.00285896
-3.693226e-08,-0.0176063
-3.688226e-08,-0.0296348
-3.683226e-08,-0.0318318
-3.678226e-08,-0.0306509
-3.673226e-08,-0.0292778
-3.668226e-08,-0.0274378
-3.663226e-08,-0.0315022
-3.658226e-08,-0.03315
-3.653226e-08,-0.0234558
-3.648226e-08,-0.0129377
-3.643226e-08,-0.00489118
-3.638226e-08,0.000875923
-3.633226e-08,0.000518912
-3.628226e-08,0.000711148
-3.623226e-08,0.00469319
-3.618226e-08,0.00645079
-3.613226e-08,0.00321023
-3.608226e-08,-0.00206255
-3.603226e-08,-0.00313359
-3.598226e-08,-0.00318851
-3.593226e-08,-0.00321597
-3.588226e-08,0.00763167
-3.583226e-08,0.019413
-3.578226e-08,0.0202644
-3.573226e-08,0.0182871
-3.568226e-08,0.0132889
-3.563226e-08,-0.00181539
-3.558226e-08,-0.0193364
-3.553226e-08,-0.0222749
-3.548226e-08,-0.0206546
-3.543226e-08,-0.0243895
-3.538226e-08,-0.0222749
-3.533226e-08,-0.018897
-3.528226e-08,-0.0169472
-3.523226e-08,-0.0119765
-3.518226e-08,-0.00450671
-3.513226e-08,0.00244128
-3.508226e-08,0.000244288
-3.503226e-08,-0.00752757
-3.498226e-08,-0.00936755
-3.493226e-08,-0.0077198
-3.488226e-08,-0.00555028
-3.483226e-08,-0.00434193
-3.478226e-08,-0.012663
-3.473226e-08,-0.0257351
-3.468226e-08,-0.0292229
-3.463226e-08,-0.0245817
-3.458226e-08,-0.0256802
-3.453226e-08,-0.0332873
-3.448226e-08,-0.0293876
-3.443226e-08,-0.0110428
-3.438226e-08,0.00142517
-3.433226e-08,0.00373201
-3.428226e-08,0.011806
-3.423226e-08,0.0213079
-3.418226e-08,0.0163098
-3.413226e-08,0.00916956
-3.408226e-08,0.0135635
-3.403226e-08,0.0158429
-3.398226e-08,0.010323
-3.393226e-08,0.00505021
-3.388226e-08,0.00466573
-3.383226e-08,0.00568184
-3.378226e-08,2.45887e-05
-3.373226e-08,-0.00307866
-3.368226e-08,-0.00250195
-3.363226e-08,-0.0111801
-3.358226e-08,-0.0201603
-3.353226e-08,-0.0258175
-3.348226e-08,-0.030541
-3.343226e-08,-0.0229614
-3.338226e-08,-0.0103013
-3.333226e-08,-0.00733533
-3.328226e-08,-0.00873591
-3.323226e-08,-0.00870845
-3.318226e-08,-0.00777473
-3.313226e-08,-0.00802189
-3.308226e-08,-0.0165902
-3.303226e-08,-0.0282891
-3.298226e-08,-0.0279047
-3.293226e-08,-0.0193089
-3.288226e-08,-0.0132123
-3.283226e-08,-0.0106034
-3.278226e-08,-0.0101365
-3.273226e-08,-0.00848875
-3.268226e-08,-0.00879084
-3.263226e-08,-0.0146129
-3.258226e-08,-0.0156564
-3.253226e-08,-0.00813174
-3.248226e-08,-0.00387507
-3.243226e-08,-0.00464402
-3.238226e-08,-0.00566013
-3.233226e-08,-0.0107681
-3.228226e-08,-0.0162057
-3.223226e-08,-0.0212313
-3.218226e-08,-0.0304312
-3.213226e-08,-0.0308706
-3.208226e-08,-0.0220002
-3.203226e-08,-0.017414
-3.198226e-08,-0.0149973
-3.193226e-08,-0.0131024
-3.188226e-08,-0.0103013
-3.183226e-08,-0.00362791
-3.178226e-08,0.0022765
-3.173226e-08,0.0113666
-3.168226e-08,0.0193856
-3.163226e-08,0.0127122
-3.158226e-08,0.00153502
-3.153226e-08,-0.000909132
-3.148226e-08,-0.000716896
-3.143226e-08,-0.00741772
-3.138226e-08,-0.0137615
-3.133226e-08,-0.00804935
-3.128226e-08,0.00290814
-3.123226e-08,0.00818092
-3.118226e-08,0.00474812
-3.113226e-08,0.000601299
-3.108226e-08,0.00430872
-3.103226e-08,0.00579169
-3.098226e-08,0.00356724
-3.093226e-08,0.00741197
-3.088226e-08,0.00653317
-3.083226e-08,-0.00310612
-3.078226e-08,-0.00695086
-3.073226e-08,0.000766073
-3.068226e-08,0.0147719
-3.063226e-08,0.0179301
-3.058226e-08,0.00719227
-3.053226e-08,-0.00266673
-3.048226e-08,-0.00664877
-3.043226e-08,-0.00854368
-3.038226e-08,-0.0102463
-3.033226e-08,-0.00211748
-3.028226e-08,0.00933434
-3.023226e-08,0.00875763
-3.018226e-08,0.00318276
-3.013226e-08,0.000106976
-3.008226e-08,0.00183711
-3.003226e-08,0.00664302
-2.998226e-08,-0.00148584
-2.993226e-08,-0.0238952
-2.988226e-08,-0.0288933
-2.983226e-08,-0.0173316
-2.978226e-08,-0.019254
-2.973226e-08,-0.0170021
-2.968226e-08,-0.00178793
-2.963226e-08,0.00158994
-2.958226e-08,0.000436525
-2.953226e-08,-0.000250035
-2.948226e-08,-0.0069234
-2.943226e-08,-0.00651146
-2.938226e-08,-0.00200763
-2.933226e-08,-0.00088167
-2.928226e-08,0.00296306
-2.923226e-08,-0.000250035
-2.918226e-08,-0.00703324
-2.913226e-08,0.00156248
-2.908226e-08,0.0115863
-2.903226e-08,0.0116137
-2.898226e-08,0.011037
-2.893226e-08,0.00820838
-2.888226e-08,0.00623109
-2.883226e-08,0.00749436
-2.878226e-08,0.00329261
-2.873226e-08,-0.00826905
-2.868226e-08,-0.02038
-2.863226e-08,-0.0231811
-2.858226e-08,-0.0190892
-2.853226e-08,-0.0160134
-2.848226e-08,-0.00997172
-2.843226e-08,-0.0037103
-2.838226e-08,0.000409062
-2.833226e-08,0.0070275
-2.828226e-08,0.0102955
-2.823226e-08,0.0105701
-2.818226e-08,0.0105701
-2.813226e-08,0.00694511
-2.808226e-08,0.00241382
-2.803226e-08,-0.000222573
-2.798226e-08,-0.000442272
-2.793226e-08,0.00120547
-2.788226e-08,0.00499528
-2.783226e-08,0.00642333
-2.778226e-08,0.000518912
-2.773226e-08,-0.00618191
-2.768226e-08,-0.0110428
-2.763226e-08,-0.0164528
-2.758226e-08,-0.0189794
-2.753226e-08,-0.0230164
-2.748226e-08,-0.0266139
-2.743226e-08,-0.0178809
-2.738226e-08,-0.00826905
-2.733226e-08,-0.00722548
-2.728226e-08,-0.00170554
-2.723226e-08,0.00834569
-2.718226e-08,0.00966389
-2.713226e-08,0.00406156
-2.708226e-08,0.00153502
-2.703226e-08,-0.00313359
-2.698226e-08,-0.00931262
-2.693226e-08,-0.000909132
-2.688226e-08,0.0133988
-2.683226e-08,0.0174357
-2.678226e-08,0.0160626
-2.673226e-08,0.0153486
-2.668226e-08,0.0167217
-2.663226e-08,0.0146895
-2.658226e-08,0.00900479
-2.653226e-08,0.0124925
-2.648226e-08,0.0224888
-2.643226e-08,0.02345
-2.638226e-08,0.0142501
-2.633226e-08,-0.000277498
-2.628226e-08,-0.0184027
-2.623226e-08,-0.0273554
-2.618226e-08,-0.0220552
-2.613226e-08,-0.0172767
-2.608226e-08,-0.0119765
-2.603226e-08,-0.00601714
-2.598226e-08,-0.0122511
-2.593226e-08,-0.0111251
-2.588226e-08,0.00653317
-2.583226e-08,0.0107075
-2.578226e-08,0.00285321
-2.573226e-08,0.00419887
-2.568226e-08,0.00521498
-2.563226e-08,-0.00178793
-2.558226e-08,-0.00129361
-2.553226e-08,0.00911464
-2.548226e-08,0.00969135
-2.543226e-08,-0.00148584
-2.538226e-08,-0.00461655
-2.533226e-08,-0.00112883
-2.528226e-08,-0.00686847
-2.523226e-08,-0.0136242
-2.518226e-08,-0.010521
-2.513226e-08,-0.00744518
-2.508226e-08,-0.010109
-2.503226e-08,-0.012663
-2.498226e-08,-0.0134594
-2.493226e-08,-0.0140911
-2.488226e-08,-0.0142009
-2.483226e-08,-0.013075
-2.478226e-08,-0.0138714
-2.473226e-08,-0.0171394
-2.468226e-08,-0.0133496
-2.463226e-08,-0.000579584
-2.458226e-08,7.95135e-05
-2.453226e-08,-0.0184301
-2.448226e-08,-0.027685
-2.443226e-08,-0.0204349
-2.438226e-08,-0.0106857
-2.433226e-08,-0.00475387
-2.428226e-08,-0.00826905
-2.423226e-08,-0.012718
-2.418226e-08,-0.0168648
-2.413226e-08,-0.0186224
-2.408226e-08,-0.00810428
-2.403226e-08,-0.00123868
-2.398226e-08,-0.00382015
-2.393226e-08,-0.00615445
-2.388226e-08,-0.00607206
-2.383226e-08,-0.00351806
-2.378226e-08,-0.0062643
-2.373226e-08,-0.0151621
-2.368226e-08,-0.0235656
-2.363226e-08,-0.0279321
-2.358226e-08,-0.0260098
-2.353226e-08,-0.0156015
-2.348226e-08,-0.000140186
-2.343226e-08,0.00606631
-2.338226e-08,0.00842808
-2.333226e-08,0.0193581
-2.328226e-08,0.0241915
-2.323226e-08,0.0179026
-2.318226e-08,0.00985612
-2.313226e-08,0.00205681
-2.308226e-08,-0.00030496
-2.303226e-08,0.00213919
-2.298226e-08,0.00238635
-2.293226e-08,0.0012604
-2.288226e-08,0.00274337
-2.283226e-08,0.00919703
-2.278226e-08,0.0179575
-2.273226e-08,0.021967
-2.268226e-08,0.0267455
-2.263226e-08,0.0327323
-2.258226e-08,0.0225163
-2.253226e-08,0.00867524
-2.248226e-08,0.00881255
-2.243226e-08,0.00463827
-2.238226e-08,-0.00522073
-2.233226e-08,-0.00813174
-2.228226e-08,-0.00708817
-2.223226e-08,-0.0032709
-2.218226e-08,0.00084846
-2.213226e-08,0.00362216
-2.208226e-08,0.00661556
-2.203226e-08,0.00386932
-2.198226e-08,-0.00412223
-2.193226e-08,-0.00766488
-2.188226e-08,-0.00857114
-2.183226e-08,-0.0128003
-2.178226e-08,-0.016343
-2.173226e-08,-0.0170845
-2.168226e-08,-0.01854
-2.163226e-08,-0.0202976
-2.158226e-08,-0.0184576
-2.153226e-08,-0.0117019
-2.148226e-08,-0.00360045
-2.143226e-08,0.00282575
-2.138226e-08,0.00716481
-2.133226e-08,0.00543468
-2.128226e-08,-0.00362791
-2.123226e-08,-0.00958725
-2.118226e-08,-0.00739026
-2.113226e-08,-0.00615445
-2.108226e-08,-0.00585236
-2.103226e-08,-0.000414809
-2.098226e-08,0.00348485
-2.093226e-08,0.00288068
-2.088226e-08,0.000189363
-2.083226e-08,-0.00645653
-2.078226e-08,-0.0108231
-2.073226e-08,-0.00307866
-2.068226e-08,0.00796122
-2.063226e-08,0.00491289
-2.058226e-08,-0.00382015
-2.053226e-08,0.00128786
-2.048226e-08,0.00831823
-2.043226e-08,0.00164487
-2.038226e-08,-0.00505595
-2.033226e-08,-0.00318851
-2.028226e-08,-0.00189778
-2.023226e-08,-0.00321597
-2.018226e-08,-3.03361e-05
-2.013226e-08,0.00927941
-2.008226e-08,0.0143325
-2.003226e-08,0.0116137
-1.998226e-08,0.0118883
-1.993226e-08,0.0107075
-1.988226e-08,0.00150756
-1.983226e-08,-0.00137599
-1.978226e-08,0.000518912
-1.973226e-08,-0.00414969
-1.968226e-08,-0.00269419
-1.963226e-08,0.0061487
-1.958226e-08,0.0118609
-1.953226e-08,0.0155408
-1.948226e-08,0.0146071
-1.943226e-08,0.013948
-1.938226e-08,0.0164471
-1.933226e-08,0.00862032
-1.928226e-08,-0.00445178
-1.923226e-08,-0.00769234
-1.918226e-08,-0.00475387
-1.913226e-08,-3.03361e-05
-1.908226e-08,0.00516006
-1.903226e-08,0.00884002
-1.898226e-08,0.0100209
-1.893226e-08,0.00117801
-1.888226e-08,-0.010878
-1.883226e-08,-0.0128827
-1.878226e-08,-0.0134594
-1.873226e-08,-0.0142559
-1.868226e-08,-0.00590729
-1.863226e-08,-0.00491864
-1.858226e-08,-0.0143108
-1.853226e-08,-0.00362791
-1.848226e-08,0.0163372
-1.843226e-08,0.0147994
-1.838226e-08,0.00776898
-1.833226e-08,0.00911464
-1.828226e-08,0.00894986
-1.823226e-08,0.00878509
-1.818226e-08,0.0139755
-1.813226e-08,0.0210059
-1.808226e-08,0.0157331
-1.803226e-08,-0.00280404
-1.798226e-08,-0.0154093
-1.793226e-08,-0.0200779
-1.788226e-08,-0.0259548
-1.783226e-08,-0.0304587
-1.778226e-08,-0.0258724
-1.773226e-08,-0.0128553
-1.768226e-08,0.00112308
-1.763226e-08,0.00999344
-1.758226e-08,0.0123003
-1.753226e-08,0.0142776
-1.748226e-08,0.0115863
-1.743226e-08,-0.00225479
-1.738226e-08,-0.0129102
-1.733226e-08,-0.0110977
-1.728226e-08,-0.00272165
-1.723226e-08,0.00246874
-1.718226e-08,0.00230397
-1.713226e-08,-0.000716896
-1.708226e-08,-0.00722548
-1.703226e-08,-0.00357298
-1.698226e-08,0.00669795
-1.693226e-08,0.00128786
-1.688226e-08,-0.0116195
-1.683226e-08,-0.0191167
-1.678226e-08,-0.0180182
-1.673226e-08,-0.0083789
-1.668226e-08,-0.00579744
-1.663226e-08,-0.0138439
-1.658226e-08,-0.0146678
-1.653226e-08,-0.0067037
-1.648226e-08,-0.00618191
-1.643226e-08,-0.0131024
-1.638226e-08,-0.0141735
-1.633226e-08,-0.00898307
-1.628226e-08,-0.0058249
-1.623226e-08,-0.00398492
-1.618226e-08,-0.00118376
-1.613226e-08,-0.00318851
-1.608226e-08,-0.00436939
-1.603226e-08,-0.00236464
-1.598226e-08,-0.00983441
-1.593226e-08,-0.0174415
-1.588226e-08,-0.0146403
-1.583226e-08,-0.00807682
-1.578226e-08,-3.03361e-05
-1.573226e-08,0.0024962
-1.568226e-08,-0.00316105
-1.563226e-08,-0.00832398
-1.558226e-08,-0.00977948
-1.553226e-08,-0.0100816
-1.548226e-08,-0.011949
-1.543226e-08,-0.010878
-1.538226e-08,-0.00609952
-1.533226e-08,-0.00782965
-1.528226e-08,-0.0112625
-1.523226e-08,-0.00722548
-1.518226e-08,-0.00338075
-1.513226e-08,-0.00425954
-1.508226e-08,-0.00728041
-1.503226e-08,-0.0124983
-1.498226e-08,-0.0162057
-1.493226e-08,-0.0132397
-1.488226e-08,-0.0081592
-1.483226e-08,-0.00269419
-1.478226e-08,0.0044735
-1.473226e-08,0.00642333
-1.468226e-08,0.00123293
-1.463226e-08,-0.00653892
-1.458226e-08,-0.00851621
-1.453226e-08,-0.00181539
-1.448226e-08,0.00310038
-1.443226e-08,0.00246874
-1.438226e-08,0.000518912
-1.433226e-08,-0.00425954
-1.428226e-08,-0.0105484
-1.423226e-08,-0.011235
-1.418226e-08,-0.00766488
-1.413226e-08,-0.00645653
-1.408226e-08,-0.00711563
-1.403226e-08,-0.0115096
-1.398226e-08,-0.0186773
-1.393226e-08,-0.0162606
-1.388226e-08,-0.0111526
-1.383226e-08,-0.0193089
-1.378226e-08,-0.0297446
-1.373226e-08,-0.0257901
-1.368226e-08,-0.0139812
-1.363226e-08,-0.0100266
-1.358226e-08,-0.0099168
-1.353226e-08,-0.0062643
-1.348226e-08,-0.00555028
-1.343226e-08,-0.00417716
-1.338226e-08,0.000903385
-1.333226e-08,0.00142517
-1.328226e-08,-0.00099152
-1.323226e-08,-0.00250195
-1.318226e-08,-0.00280404
-1.313226e-08,-0.00269419
-1.308226e-08,-0.00587982
-1.303226e-08,-0.00431447
-1.298226e-08,0.000875923
-1.293226e-08,0.000518912
-1.288226e-08,0.00840062
-1.283226e-08,0.0212256
-1.278226e-08,0.021665
-1.273226e-08,0.0163372
-1.268226e-08,0.00793376
-1.263226e-08,-0.0051658
-1.258226e-08,-0.0164803
-1.253226e-08,-0.0167275
-1.248226e-08,-0.00368283
-1.243226e-08,0.00340246
-1.238226e-08,-0.000469734
-1.233226e-08,0.00730212
-1.228226e-08,0.0198524
-1.223226e-08,0.0122454
-1.218226e-08,-0.00708817
-1.213226e-08,-0.0208194
-1.208226e-08,-0.0250211
-1.203226e-08,-0.0239226
-1.198226e-08,-0.0240599
-1.193226e-08,-0.0219728
-1.188226e-08,-0.0182928
-1.183226e-08,-0.0201053
-1.178226e-08,-0.0193089
-1.173226e-08,-0.0118941
-1.168226e-08,-0.0132397
-1.163226e-08,-0.0207644
-1.158226e-08,-0.0185125
-1.153226e-08,-0.0112625
-1.148226e-08,-0.0102738
-1.143226e-08,-0.0133221
-1.138226e-08,-0.0131848
-1.133226e-08,-0.010878
-1.128226e-08,-0.0114822
-1.123226e-08,-0.0109054
-1.118226e-08,-0.00480879
-1.113226e-08,-0.00774727
-1.108226e-08,-0.0229065
-1.103226e-08,-0.0317219
-1.098226e-08,-0.0333422
-1.093226e-08,-0.0351547
-1.088226e-08,-0.0343583
-1.083226e-08,-0.0270533
-1.078226e-08,-0.0163979
-1.073226e-08,-0.00851621
-1.068226e-08,-0.000277498
-1.063226e-08,0.00661556
-1.058226e-08,0.00441857
-1.053226e-08,-0.000524659
-1.048226e-08,-0.00522073
-1.043226e-08,-0.0150248
-1.038226e-08,-0.0182654
-1.033226e-08,-0.00667623
-1.028226e-08,0.00202934
-1.023226e-08,-0.00176047
-1.018226e-08,-0.00338075
-1.013226e-08,0.00543468
-1.008226e-08,0.0152113
-1.003226e-08,0.0236422
-9.982262e-09,0.0325675
-9.932262e-09,0.0283383
-9.882262e-09,0.00900479
-9.832262e-09,-0.00524819
-9.782262e-09,-0.00739026
-9.732262e-09,-0.00944993
-9.682262e-09,-0.0199406
-9.632262e-09,-0.0328479
-9.582262e-09,-0.0396311
-9.532262e-09,-0.0371869
-9.482262e-09,-0.0267787
-9.432262e-09,-0.0148051
-9.382262e-09,-0.00458909
-9.332262e-09,0.00436365
-9.282262e-09,0.0124101
-9.232262e-09,0.0131241
-9.182262e-09,0.00760421
-9.132262e-09,0.0105701
-9.082262e-09,0.0140304
-9.032262e-09,0.0106251
-8.982262e-09,0.01252
-8.932262e-09,0.013948
-8.882262e-09,0.0113391
-8.832262e-09,0.0119158
-8.782262e-09,0.0114215
-8.732262e-09,0.0100758
-8.682262e-09,0.00845554
-8.632262e-09,-0.00088167
-8.582262e-09,-0.0085986
-8.532262e-09,-0.00725294
-8.482262e-09,-0.0140362
-8.432262e-09,-0.0203525
-8.382262e-09,-0.00557774
-8.332262e-09,0.00609378
-8.282262e-09,-0.000607046
-8.232262e-09,-0.00549535
-8.182262e-09,-0.00574251
-8.132262e-09,-0.0117842
-8.082262e-09,-0.0189794
-8.032262e-09,-0.0218629
-7.982262e-09,-0.0222474
-7.932262e-09,-0.0187048
-7.882262e-09,-0.00747264
-7.832262e-09,0.00732958
-7.782262e-09,0.014305
-7.732262e-09,0.0118334
-7.682262e-09,0.0117785
-7.632262e-09,0.0166119
-7.582262e-09,0.0157331
-7.532262e-09,0.0124651
-7.482262e-09,0.0109546
-7.432262e-09,0.00150756
-7.382262e-09,-0.00983441
-7.332262e-09,-0.0133771
-7.282262e-09,-0.0191716
-7.232262e-09,-0.0294975
-7.182262e-09,-0.0308157
-7.132262e-09,-0.024362
-7.082262e-09,-0.0223573
-7.032262e-09,-0.0209841
-6.982262e-09,-0.0147776
-6.932262e-09,-0.0067037
-6.882262e-09,0.00112308
-6.832262e-09,0.0012604
-6.782262e-09,-0.0034906
-6.732262e-09,7.95135e-05
-6.682262e-09,0.00603885
-6.632262e-09,0.00661556
-6.582262e-09,0.00732958
-6.532262e-09,0.0103779
-6.482262e-09,0.0150191
-6.432262e-09,0.012108
-6.382262e-09,-0.00112883
-6.332262e-09,-0.00673116
-6.282262e-09,-0.000799283
-6.232262e-09,0.00222158
-6.182262e-09,-0.00469894
-6.132262e-09,-0.0115371
-6.082262e-09,-0.0112899
-6.032262e-09,-0.0145854
-5.982262e-09,-0.0192265
-5.932262e-09,-0.0202701
-5.882262e-09,-0.0230713
-5.832262e-09,-0.0229614
-5.782262e-09,-0.0191991
-5.732262e-09,-0.0134594
-5.682262e-09,-0.00730787
-5.632262e-09,-0.00211748
-5.582262e-09,0.00411648
-5.532262e-09,0.00620363
-5.482262e-09,0.00809853
-5.432262e-09,0.00831823
-5.382262e-09,2.45887e-05
-5.332262e-09,-0.00409477
-5.282262e-09,-0.00758249
-5.232262e-09,-0.0186498
-5.182262e-09,-0.0215883
-5.132262e-09,-0.0128278
-5.082262e-09,-0.00502849
-5.032262e-09,-0.00123868
-4.982262e-09,0.00455588
-4.932262e-09,0.0135086
-4.882262e-09,0.0195229
-4.832262e-09,0.0131241
-4.782262e-09,0.00123293
-4.732262e-09,0.000134438
-4.682262e-09,-0.00346313
-4.632262e-09,-0.0188695
-4.582262e-09,-0.0226593
-4.532262e-09,-0.00804935
-4.482262e-09,0.00255113
-4.432262e-09,-0.00148584
-4.382262e-09,-0.00821413
-4.332262e-09,-0.0101365
-4.282262e-09,-0.00637415
-4.232262e-09,0.00576423
-4.182262e-09,0.0134262
-4.132262e-09,0.00532483
-4.082262e-09,-0.00206255
-4.032262e-09,0.00584661
-3.982262e-09,0.0188638
-3.932262e-09,0.0222142
-3.882262e-09,0.0195229
-3.832262e-09,0.0169963
-3.782262e-09,0.00982866
-3.732262e-09,0.00285321
-3.682262e-09,-0.000524659
-3.632262e-09,-0.000964057
-3.582262e-09,0.00469319
-3.532262e-09,0.00172726
-3.482262e-09,-0.0160958
-3.432262e-09,-0.0237304
-3.382262e-09,-0.0143108
-3.332262e-09,-0.0081592
-3.282262e-09,-0.00612699
-3.232262e-09,-0.00434193
-3.182262e-09,-0.00997172
-3.132262e-09,-0.00988933
-3.082262e-09,0.00112308
-3.032262e-09,0.00634094
-2.982262e-09,0.00565438
-2.932262e-09,0.00598393
-2.882262e-09,0.00430872
-2.832262e-09,0.00255113
-2.782262e-09,0.00672541
-2.732262e-09,0.00675287
-2.682262e-09,-0.00200763
-2.632262e-09,-0.00450671
-2.582262e-09,-0.00159569
-2.532262e-09,-0.00469894
-2.482262e-09,-0.014915
-2.432262e-09,-0.0268886
-2.382262e-09,-0.0337267
-2.332262e-09,-0.0364455
-2.282262e-09,-0.0397684
-2.232262e-09,-0.0386699
-2.182262e-09,-0.0297721
-2.132262e-09,-0.0177161
-2.082262e-09,-0.001733
-2.032262e-09,0.011394
-1.982262e-09,0.0173808
-1.932262e-09,0.0202918
-1.882262e-09,0.0122179
-1.832262e-09,-0.00277657
-1.782262e-09,-0.0107956
-1.732262e-09,-0.0132397
-1.682262e-09,-0.0153818
-1.632262e-09,-0.0173042
-1.582262e-09,-0.0153543
-1.532262e-09,-0.00725294
-1.482262e-09,0.0010407
-1.432262e-09,-0.0015133
-1.382262e-09,-0.00879084
-1.332262e-09,-0.00744518
-1.282262e-09,-0.00824159
-1.232262e-09,-0.0128827
-1.182262e-09,-0.00725294
-1.132262e-09,-0.00112883
-1.082262e-09,-0.00123868
-1.032262e-09,-0.00184285
-9.82262e-10,-0.00983441
-9.32262e-10,-0.0164528
-8.82262e-10,-0.00780219
-8.32262e-10,-0.00228225
-7.82262e-10,-0.00708817
-7.32262e-10,-0.00187032
-6.82262e-10,0.00952657
-6.32262e-10,0.0109546
-5.82262e-10,0.00886748
-5.32262e-10,0.00634094
-4.82262e-10,-0.00187032
-4.32262e-10,-0.0118666
-3.82262e-10,-0.0190068
-3.32262e-10,-0.0154642
-2.82262e-10,-0.000277498
-2.32262e-10,0.00900479
-1.82262e-10,0.00840062
-1.32262e-10,0.0210608
-8.226199e-11,0.0593159
-3.226199e-11,0.112208
1.773801e-11,0.177953
6.773801e-11,0.26045
1.17738e-10,0.342371
1.67738e-10,0.410368
2.17738e-10,0.47787
2.67738e-10,0.531284
3.17738e-10,0.535816
3.67738e-10,0.511731
4.17738e-10,0.491217
4.67738e-10,0.460981
5.17738e-10,0.418634
5.67738e-10,0.382191
6.17738e-10,0.347424
6.67738e-10,0.311942
7.17738e-10,0.280306
7.67738e-10,0.239634
8.17738e-10,0.188471
8.67738e-10,0.142692
9.17738e-10,0.103723
9.67738e-10,0.0743927
1.017738e-09,0.0640394
1.067738e-09,0.0629958
1.117738e-09,0.0610735
1.167738e-09,0.0624466
1.217738e-09,0.0642042
1.267738e-09,0.055938
1.317738e-09,0.0403943
1.367738e-09,0.0322929
1.417738e-09,0.0312219
1.467738e-09,0.0250428
1.517738e-09,0.0189187
1.567738e-09,0.0194954
1.617738e-09,0.0178477
1.667738e-09,0.008483
1.717738e-09,-0.00579744
1.767738e-09,-0.0128553
1.817738e-09,-0.00620937
1.867738e-09,-0.00439686
1.917738e-09,-0.0166725
1.967738e-09,-0.0283441
2.017738e-09,-0.0267512
2.067738e-09,-0.0200504
2.117738e-09,-0.0202427
2.167738e-09,-0.0202976
2.217738e-09,-0.0173591
2.267738e-09,-0.0122786
2.317738e-09,-0.0053855
2.367738e-09,-0.00219986
2.417738e-09,0.00288068
2.467738e-09,0.0128495
2.517738e-09,0.0151564
2.567738e-09,0.00845554
2.617738e-09,0.00573677
2.667738e-09,0.000134438
2.717738e-09,-0.0151072
2.767738e-09,-0.0227692
2.817738e-09,-0.0158761
2.867738e-09,-0.0047264
2.917738e-09,-0.00233718
2.967738e-09,-0.0096971
3.017738e-09,-0.0106583
3.067738e-09,-0.00296881
3.117738e-09,-0.00140346
3.167738e-09,-0.00695086
3.217738e-09,-0.00972456
3.267738e-09,-0.0099168
3.317738e-09,-0.0158212
3.367738e-09,-0.0230164
3.417738e-09,-0.0193089
3.467738e-09,-0.0128278
3.517738e-09,-0.00890069
3.567738e-09,0.00112308
3.617738e-09,0.0112842
3.667738e-09,0.0130418
3.717738e-09,0.005929
3.767738e-09,-0.00324344
3.817738e-09,-0.00522073
3.867738e-09,-0.00579744
3.917738e-09,-0.00563266
3.967738e-09,5.20511e-05
4.017738e-09,0.00169979
4.067738e-09,0.00279829
4.117738e-09,0.00537975
4.167738e-09,-0.00236464
4.217738e-09,-0.0134594
4.267738e-09,-0.0173866
4.317738e-09,-0.015272
4.367738e-09,-0.0185674
4.417738e-09,-0.0270533
4.467738e-09,-0.0191716
4.517738e-09,-0.00343567
4.567738e-09,0.00233143
4.617738e-09,0.00944419
4.667738e-09,0.0144423
4.717738e-09,0.00952657
4.767738e-09,0.00244128
4.817738e-09,-0.00428701
4.867738e-09,-0.0069234
4.917738e-09,-0.00791204
4.967738e-09,-0.0133221
5.017738e-09,-0.0192265
5.067738e-09,-0.0264492
5.117738e-09,-0.0404824
5.167738e-09,-0.0473755
5.217738e-09,-0.0331225
5.267738e-09,-0.0170296
5.317738e-09,-0.010109
5.367738e-09,-0.000140186
5.417738e-09,0.0114764
5.467738e-09,0.0185617
5.517738e-09,0.0203193
5.567738e-09,0.0199348
5.617738e-09,0.0191659
5.667738e-09,0.00982866
5.717738e-09,-0.00351806
5.767738e-09,-0.00868099
5.817738e-09,-0.00653892
5.867738e-09,0.00172726
5.917738e-09,0.0113666
5.967738e-09,0.0144698
6.017738e-09,0.0134262
6.067738e-09,0.0123552
6.117738e-09,0.00851047
6.167738e-09,-0.00417716
6.217738e-09,-0.0184576
6.267738e-09,-0.021808
6.317738e-09,-0.0206821
6.367738e-09,-0.0167549
6.417738e-09,-0.0053855
6.467738e-09,0.000820998
6.517738e-09,-0.0015133
6.567738e-09,-0.006484
6.617738e-09,-0.0176063
6.667738e-09,-0.0246366
6.717738e-09,-0.0235107
6.767738e-09,-0.0320515
6.817738e-09,-0.0406747
6.867738e-09,-0.0333697
6.917738e-09,-0.0279321
6.967738e-09,-0.0321064
7.017738e-09,-0.0297446
7.067738e-09,-0.0160958
7.117738e-09,-0.00912039
7.167738e-09,-0.0115371
7.217738e-09,-0.00689593
7.267738e-09,-0.00491864
7.317738e-09,-0.00782965
7.367738e-09,-0.00129361
7.417738e-09,0.00178218
7.467738e-09,-0.00579744
7.517738e-09,-0.0094774
7.567738e-09,-0.00299627
7.617738e-09,0.00768659
7.667738e-09,0.00897733
7.717738e-09,-0.00269419
7.767738e-09,-0.0100266
7.817738e-09,-0.0107407
7.867738e-09,-0.0144206
7.917738e-09,-0.0126081
7.967738e-09,-0.00475387
8.017738e-09,-0.0021724
8.067738e-09,-0.00527565
8.117738e-09,-0.00826905
8.167738e-09,-0.0101365
8.217738e-09,-0.0108505
8.267738e-09,-0.00887322
8.317738e-09,-0.00950486
8.367738e-09,-0.0134869
8.417738e-09,-0.0143108
8.467738e-09,-0.0137615
8.517738e-09,-0.0118392
8.567738e-09,-0.00382015
8.617738e-09,0.00601139
8.667738e-09,0.00886748
8.717738e-09,0.00562692
8.767738e-09,0.00452842
8.817738e-09,0.00326515
8.867738e-09,-0.000771821
8.917738e-09,-0.00791204
8.967738e-09,-0.0199955
9.017738e-09,-0.0253781
9.067738e-09,-0.021808
9.117738e-09,-0.0195286
9.167738e-09,-0.0152445
9.217738e-09,-0.00615445
9.267738e-09,0.00153502
9.317738e-09,0.00084846
9.367738e-09,-0.00826905
9.417738e-09,-0.0113998
9.467738e-09,-0.00700578
9.517738e-09,-0.0110702
9.567738e-09,-0.0191716
9.617738e-09,-0.0238128
9.667738e-09,-0.0306234
9.717738e-09,-0.0371046
9.767738e-09,-0.0355667
9.817738e-09,-0.0259823
9.867738e-09,-0.0263668
9.917738e-09,-0.0393565
9.967738e-09,-0.0393839
1.001774e-08,-0.0279047
1.006774e-08,-0.0282617
1.011774e-08,-0.0400156
1.016774e-08,-0.0439702
1.021774e-08,-0.040098
1.026774e-08,-0.043009
1.031774e-08,-0.0404275
1.036774e-08,-0.0210665
1.041774e-08,-0.00436939
1.046774e-08,-0.000222573
1.051774e-08,0.000628761
1.056774e-08,0.00488543
1.061774e-08,0.00809853
1.066774e-08,0.00573677
1.071774e-08,0.00851047
1.076774e-08,0.0139755
1.081774e-08,0.0118883
1.086774e-08,0.0134537
1.091774e-08,0.0203193
1.096774e-08,0.0226261
1.101774e-08,0.0208136
1.106774e-08,0.0168316
1.111774e-08,0.0143874
1.116774e-08,0.0139755
1.121774e-08,0.00532483
1.126774e-08,-0.0131299
1.131774e-08,-0.0248014
1.136774e-08,-0.0228516
1.141774e-08,-0.0171394
1.146774e-08,-0.011949
1.151774e-08,-0.00571505
1.156774e-08,-0.00099152
1.161774e-08,0.00260605
1.166774e-08,0.00282575
1.171774e-08,-0.00686847
1.176774e-08,-0.0171669
1.181774e-08,-0.0166451
1.186774e-08,-0.00541296
1.191774e-08,0.00785137
1.196774e-08,0.00710988
1.201774e-08,-0.0037103
1.206774e-08,-0.00766488
1.211774e-08,-0.00332582
1.216774e-08,0.00246874
1.221774e-08,0.00375947
1.226774e-08,0.00282575
1.231774e-08,0.00128786
1.236774e-08,-0.00236464
1.241774e-08,0.0010407
1.246774e-08,0.00631348
1.251774e-08,-0.000277498
1.256774e-08,-0.00980695
1.261774e-08,-0.0101365
1.266774e-08,-0.0030512
1.271774e-08,0.00296306
1.276774e-08,0.00279829
1.281774e-08,-0.00162315
1.286774e-08,-0.00489118
1.291774e-08,-0.0015133
1.296774e-08,0.00436365
1.301774e-08,0.00351231
1.306774e-08,-0.00310612
1.311774e-08,-0.00730787
1.316774e-08,-0.0107407
1.321774e-08,-0.0134045
1.326774e-08,-0.00673116
1.331774e-08,-0.00491864
1.336774e-08,-0.0207095
1.341774e-08,-0.0343034
1.346774e-08,-0.0287285
1.351774e-08,-0.0142009
1.356774e-08,-0.00623684
1.361774e-08,-0.000826745
1.366774e-08,0.00713735
1.371774e-08,0.0124925
1.376774e-08,0.00908718
1.381774e-08,-0.00541296
1.386774e-08,-0.0201053
1.391774e-08,-0.0237853
1.396774e-08,-0.0233459
1.401774e-08,-0.0240874
1.406774e-08,-0.0212862
1.411774e-08,-0.020325
1.416774e-08,-0.0218355
1.421774e-08,-0.0168922
1.426774e-08,-0.00571505
1.431774e-08,0.0044735
1.436774e-08,0.00864778
1.441774e-08,0.0128221
1.446774e-08,0.0173534
1.451774e-08,0.0152388
1.456774e-08,0.00941673
1.461774e-08,0.0027159
1.466774e-08,-0.000716896
1.471774e-08,-0.00104644
1.476774e-08,-0.00769234
1.481774e-08,-0.011235
1.486774e-08,-0.00447924
1.491774e-08,-0.00629176
1.496774e-08,-0.015986
1.501774e-08,-0.017469
1.506774e-08,-0.0151072
1.511774e-08,-0.0162606
1.516774e-08,-0.0162881
1.521774e-08,-0.0109054
1.526774e-08,-0.00629176
1.531774e-08,-0.00832398
1.536774e-08,-0.012663
1.541774e-08,-0.013432
1.546774e-08,-0.0137066
1.551774e-08,-0.0121412
1.556774e-08,-0.00211748
1.561774e-08,0.00645079
1.566774e-08,0.00603885
1.571774e-08,0.00244128
1.576774e-08,0.000656224
1.581774e-08,0.0029356
1.586774e-08,0.00137025
1.591774e-08,-0.0047264
1.596774e-08,-0.00758249
1.601774e-08,-0.00700578
1.606774e-08,-0.00176047
1.611774e-08,0.00411648
1.616774e-08,0.00175472
1.621774e-08,-0.0030512
1.626774e-08,0.000189363
1.631774e-08,0.00115055
1.636774e-08,-0.0105759
1.641774e-08,-0.0216707
1.646774e-08,-0.0195286
1.651774e-08,-0.00733533
1.656774e-08,0.00117801
1.661774e-08,-0.00379268
1.666774e-08,-0.0126356
1.671774e-08,-0.0126356
1.676774e-08,-0.00689593
1.681774e-08,-0.0026118
1.686774e-08,0.00186457
1.691774e-08,0.003375
1.696774e-08,-0.00209002
1.701774e-08,-0.00552281
1.706774e-08,-0.00467148
1.711774e-08,-0.00332582
1.716774e-08,-0.00129361
1.721774e-08,-0.00214494
1.726774e-08,-0.00928516
1.731774e-08,-0.018183
1.736774e-08,-0.0226044
1.741774e-08,-0.024005
1.746774e-08,-0.0255154
1.751774e-08,-0.0300742
1.756774e-08,-0.0379834
1.761774e-08,-0.0380657
1.766774e-08,-0.0249113
1.771774e-08,-0.0165627
1.776774e-08,-0.0182654
1.781774e-08,-0.0159036
1.786774e-08,-0.0131848
1.791774e-08,-0.0110702
1.796774e-08,-0.00618191
1.801774e-08,-0.00541296
1.806774e-08,-0.00667623
1.811774e-08,-0.00868099
1.816774e-08,-0.0123884
1.821774e-08,-0.0138439
1.826774e-08,-0.0138165
1.831774e-08,-0.0142833
1.836774e-08,-0.0137066
1.841774e-08,-0.0135418
1.846774e-08,-0.0163979
1.851774e-08,-0.0139263
1.856774e-08,-0.00796697
1.861774e-08,-0.0131574
1.866774e-08,-0.0192815
1.871774e-08,-0.0170296
1.876774e-08,-0.0183203
1.881774e-08,-0.0169197
1.886774e-08,-0.00593475
1.891774e-08,-0.0021724
1.896774e-08,-0.0127454
1.901774e-08,-0.0238677
1.906774e-08,-0.0220552
1.911774e-08,-0.015986
1.916774e-08,-0.0187322
1.921774e-08,-0.0158761
1.926774e-08,-0.0053855
1.931774e-08,-0.00321597
1.936774e-08,-0.00110137
1.941774e-08,0.00145263
1.946774e-08,-0.00269419
1.951774e-08,-0.00453417
1.956774e-08,-0.00247449
1.961774e-08,0.00557199
1.966774e-08,0.0176554
1.971774e-08,0.0227085
1.976774e-08,0.0253998
1.981774e-08,0.0297938
1.986774e-08,0.0295467
1.991774e-08,0.0284207
1.996774e-08,0.0297938
2.001774e-08,0.0227634
2.006774e-08,0.00139771
2.011774e-08,-0.0163979
2.016774e-08,-0.0193364
2.021774e-08,-0.0222474
2.026774e-08,-0.0299369
2.031774e-08,-0.0322163
2.036774e-08,-0.0272181
2.041774e-08,-0.0189519
2.046774e-08,-0.01302
2.051774e-08,-0.010521
2.056774e-08,-0.00760996
2.061774e-08,-0.0083789
2.066774e-08,-0.0129926
2.071774e-08,-0.0133496
2.076774e-08,-0.011235
2.081774e-08,-0.0094774
2.086774e-08,-0.00980695
2.091774e-08,-0.0135693
2.096774e-08,-0.0111251
2.101774e-08,-0.000414809
2.106774e-08,0.00815346
2.111774e-08,0.00735705
2.116774e-08,0.000491449
2.121774e-08,-0.00274911
2.126774e-08,-0.00596221
2.131774e-08,-0.011949
2.136774e-08,-0.00964217
2.141774e-08,-0.00445178
2.146774e-08,-0.00821413
2.151774e-08,-0.0204349
2.156774e-08,-0.0334246
2.161774e-08,-0.0281793
2.166774e-08,-0.00892815
2.171774e-08,-0.00209002
2.176774e-08,-0.00351806
2.181774e-08,-0.00351806
2.186774e-08,-0.0083789
2.191774e-08,-0.00912039
2.196774e-08,-0.00118376
2.201774e-08,0.003375
2.206774e-08,0.00466573
2.211774e-08,0.00213919
2.216774e-08,-0.00868099
2.221774e-08,-0.0153818
2.226774e-08,-0.0108505
2.231774e-08,-0.00445178
2.236774e-08,-8.52608e-05
2.241774e-08,0.00524244
2.246774e-08,0.0104328
2.251774e-08,0.0124925
2.256774e-08,0.0104603
2.261774e-08,0.00705496
2.266774e-08,0.00543468
2.271774e-08,0.000216825
2.276774e-08,-0.0101365
2.281774e-08,-0.0140636
2.286774e-08,-0.00453417
2.291774e-08,0.00189203
2.296774e-08,-0.00744518
2.301774e-08,-0.0108231
2.306774e-08,-0.00587982
2.311774e-08,-0.0104386
2.316774e-08,-0.0159311
2.321774e-08,-0.0167824
2.326774e-08,-0.0138988
2.331774e-08,-0.00642907
2.336774e-08,-0.00299627
2.341774e-08,-0.000497197
2.346774e-08,0.00516006
2.351774e-08,0.00474812
2.356774e-08,-0.000250035
2.361774e-08,7.95135e-05
2.366774e-08,0.0100484
2.371774e-08,0.017628
2.376774e-08,0.00971881
2.381774e-08,0.00417141
2.386774e-08,0.00436365
2.391774e-08,-0.00953232
2.396774e-08,-0.0244444
2.401774e-08,-0.0259548
2.406774e-08,-0.0269984
2.411774e-08,-0.033864
2.416774e-08,-0.0422126
2.421774e-08,-0.0408944
2.426774e-08,-0.0268886
2.431774e-08,-0.0223298
2.436774e-08,-0.0309804
2.441774e-08,-0.0271357
2.446774e-08,-0.0134045
2.451774e-08,-0.00958725
2.456774e-08,-0.00890069
2.461774e-08,-0.00428701
2.466774e-08,-0.00365537
2.471774e-08,-0.0088183
2.476774e-08,-0.0108231
2.481774e-08,-0.0106308
2.486774e-08,-0.0160134
2.491774e-08,-0.0198582
2.496774e-08,-0.0238677
2.501774e-08,-0.0314748
2.506774e-08,-0.0291405
2.511774e-08,-0.0187322
2.516774e-08,-0.0132123
2.521774e-08,-0.0106308
2.526774e-08,-0.00791204
2.531774e-08,-0.00983441
2.536774e-08,-0.0116469
2.541774e-08,-0.00999918
2.546774e-08,-0.0132672
2.551774e-08,-0.0225495
2.556774e-08,-0.0285088
2.561774e-08,-0.0220002
2.566774e-08,-0.0104386
2.571774e-08,-0.00741772
2.576774e-08,-0.00868099
2.581774e-08,-0.00788458
2.586774e-08,-0.00914785
2.591774e-08,-0.0129102
2.596774e-08,-0.0158761
2.601774e-08,-0.0135693
2.606774e-08,-0.00574251
2.611774e-08,7.95135e-05
2.616774e-08,-0.000442272
2.621774e-08,-0.0049461
2.626774e-08,-0.00664877
2.631774e-08,-0.0085986
2.636774e-08,-0.0157663
2.641774e-08,-0.0147776
2.646774e-08,-0.00708817
2.651774e-08,-0.00961471
2.656774e-08,-0.0118117
2.661774e-08,-0.00401238
2.666774e-08,-0.000799283
2.671774e-08,-0.00351806
2.676774e-08,-0.00252941
2.681774e-08,-0.00110137
2.686774e-08,0.00106816
2.691774e-08,0.0029356
2.696774e-08,-0.000771821
2.701774e-08,-0.00316105
2.706774e-08,-0.00923024
2.711774e-08,-0.0227143
2.716774e-08,-0.0266689
2.721774e-08,-0.0241423
2.726774e-08,-0.0287835
2.731774e-08,-0.0343034
2.736774e-08,-0.0340837
2.741774e-08,-0.0227692
2.746774e-08,-0.000964057
2.751774e-08,0.014717
2.756774e-08,0.0188363
2.761774e-08,0.0176829
2.766774e-08,0.0123827
2.771774e-08,0.00208427
2.776774e-08,-0.00788458
2.781774e-08,-0.010164
2.786774e-08,-0.0077198
2.791774e-08,-0.00873591
2.796774e-08,-0.0106034
2.801774e-08,-0.00623684
2.806774e-08,-3.03361e-05
2.811774e-08,0.0038144
2.816774e-08,0.00494036
2.821774e-08,0.00436365
2.826774e-08,0.00027175
2.831774e-08,-0.00851621
2.836774e-08,-0.00865353
2.841774e-08,-0.000744358
2.846774e-08,0.00433618
2.851774e-08,0.00938926
2.856774e-08,0.0093618
2.861774e-08,0.00439111
2.866774e-08,0.0014801
2.871774e-08,-0.00571505
2.876774e-08,-0.0132672
2.881774e-08,-0.00892815
2.886774e-08,0.0024962
2.891774e-08,0.0105152
2.896774e-08,0.00927941
2.901774e-08,0.00158994
2.906774e-08,0.00422633
2.911774e-08,0.0176829
2.916774e-08,0.0196327
2.921774e-08,0.0112292
2.926774e-08,0.00941673
2.931774e-08,0.00738451
2.936774e-08,-0.00285896
2.941774e-08,-0.00890069
2.946774e-08,-0.00417716
2.951774e-08,0.00436365
2.956774e-08,0.00969135
2.961774e-08,0.0065881
2.966774e-08,-0.00445178
2.971774e-08,-0.0151072
2.976774e-08,-0.0187871
2.981774e-08,-0.0167549
2.986774e-08,-0.0152994
2.991774e-08,-0.0120863
2.996774e-08,-0.00258434
3.001774e-08,0.00285321
3.006774e-08,0.00543468
3.011774e-08,0.014305
3.016774e-08,0.0157056
3.021774e-08,0.003375
3.026774e-08,-0.00346313
3.031774e-08,0.00161741
3.036774e-08,0.00584661
3.041774e-08,0.0093618
3.046774e-08,0.0152113
3.051774e-08,0.0152662
3.056774e-08,0.0107075
3.061774e-08,0.0119982
3.066774e-08,0.0164196
3.071774e-08,0.00977374
3.076774e-08,-0.00497357
3.081774e-08,-0.0134045
3.086774e-08,-0.0132672
3.091774e-08,-0.0101365
3.096774e-08,-0.00634669
3.101774e-08,-0.00546789
3.106774e-08,-0.0121138
3.111774e-08,-0.0227692
3.116774e-08,-0.0328479
3.121774e-08,-0.0341386
3.126774e-08,-0.0268336
3.131774e-08,-0.025488
3.136774e-08,-0.0258724
3.141774e-08,-0.0166176
3.146774e-08,-0.00447924
3.151774e-08,0.00452842
3.156774e-08,0.00700004
3.161774e-08,-0.00181539
3.166774e-08,-0.0113174
3.171774e-08,-0.0106308
3.176774e-08,-0.00810428
3.181774e-08,-0.00934009
3.186774e-08,-0.0058249
3.191774e-08,-0.001733
3.196774e-08,-0.00719802
3.201774e-08,-0.0129102
3.206774e-08,-0.00769234
3.211774e-08,0.00389679
3.216774e-08,0.00683526
3.221774e-08,-0.00123868
3.226774e-08,-0.00689593
3.231774e-08,-0.0123609
3.236774e-08,-0.0250211
3.241774e-08,-0.0294426
3.246774e-08,-0.0201053
3.251774e-08,-0.0191716
3.256774e-08,-0.0304861
3.261774e-08,-0.0346879
3.266774e-08,-0.0310903
3.271774e-08,-0.0301017
3.276774e-08,-0.0254056
3.281774e-08,-0.0134594
3.286774e-08,-0.0120039
3.291774e-08,-0.0190068
3.296774e-08,-0.0085986
3.301774e-08,0.00628601
3.306774e-08,0.00395171
3.311774e-08,0.00186457
3.316774e-08,0.0035947
3.321774e-08,-0.00209002
3.326774e-08,-0.00777473
3.331774e-08,-0.00483625
3.336774e-08,0.00161741
3.341774e-08,-0.00030496
3.346774e-08,-0.00527565
3.351774e-08,-0.00563266
3.356774e-08,-0.00362791
3.361774e-08,0.00219412
3.366774e-08,0.00686272
3.371774e-08,0.00776898
3.376774e-08,0.00524244
3.381774e-08,-0.00299627
3.386774e-08,-0.0083789
3.391774e-08,-0.0120039
3.396774e-08,-0.0251035
3.401774e-08,-0.0322163
3.406774e-08,-0.019968
3.411774e-08,-0.0121687
3.416774e-08,-0.0206821
3.421774e-08,-0.0218629
3.426774e-08,-0.00601714
3.431774e-08,0.0035947
3.436774e-08,-0.00401238
3.441774e-08,-0.00662131
3.446774e-08,0.00342992
3.451774e-08,0.00754928
3.456774e-08,0.0035947
3.461774e-08,-0.00030496
3.466774e-08,-0.00277657
3.471774e-08,-0.0019527
3.476774e-08,-0.00362791
3.481774e-08,-0.00733533
3.486774e-08,-0.00362791
3.491774e-08,-0.00338075
3.496774e-08,-0.0135144
3.501774e-08,-0.0211764
3.506774e-08,-0.0252133
3.511774e-08,-0.0277673
3.516774e-08,-0.0252683
3.521774e-08,-0.0211764
3.526774e-08,-0.0131024
3.531774e-08,-0.00132107
3.536774e-08,0.00535229
3.541774e-08,0.0132065
3.546774e-08,0.0219945
3.551774e-08,0.0224614
3.556774e-08,0.0227085
3.561774e-08,0.0227909
3.566774e-08,0.0162274
3.571774e-08,0.00823584
3.576774e-08,0.00255113
3.581774e-08,0.000518912
3.586774e-08,-0.00434193
3.591774e-08,-0.0161782
3.596774e-08,-0.018128
3.601774e-08,-0.00708817
3.606774e-08,-0.00129361
3.611774e-08,-0.00313359
3.616774e-08,-0.0102738
3.621774e-08,-0.0140362
3.626774e-08,-0.00373776
3.631774e-08,0.000985772
3.636774e-08,-0.00401238
3.641774e-08,5.20511e-05
3.646774e-08,0.00768659
3.651774e-08,0.00845554
3.656774e-08,0.000546374
3.661774e-08,-0.00936755
3.666774e-08,-0.0088183
3.671774e-08,-0.00170554
3.676774e-08,-0.000167648
3.681774e-08,-0.00365537
3.686774e-08,-0.00340821
3.691774e-08,0.000463987
3.696774e-08,-0.00088167
3.701774e-08,-0.00236464
3.706774e-08,0.00183711
3.711774e-08,-0.00316105
3.716774e-08,-0.0164803
3.721774e-08,-0.0190892
3.726774e-08,-0.0150523
3.731774e-08,-0.00640161
3.736774e-08,0.00916956
3.741774e-08,0.010323
3.746774e-08,-0.000936595
3.751774e-08,-0.00576998
3.756774e-08,-0.00934009
3.761774e-08,-0.015217
3.766774e-08,-0.0160134
3.771774e-08,-0.00678608
3.776774e-08,0.00200188
3.781774e-08,0.00573677
3.786774e-08,0.0110919
3.791774e-08,0.00818092
3.796774e-08,0.00128786
3.801774e-08,0.00452842
3.806774e-08,0.00700004
3.811774e-08,0.00351231
3.816774e-08,0.00362216
3.821774e-08,0.00576423
3.826774e-08,0.00595646
3.831774e-08,0.011751
3.836774e-08,0.0200172
3.841774e-08,0.0214178
3.846774e-08,0.020539
3.851774e-08,0.0201545
3.856774e-08,0.0183145
3.861774e-08,0.01436
3.866774e-08,0.00993851
3.871774e-08,0.00450096
3.876774e-08,-0.00821413
3.881774e-08,-0.0238952
3.886774e-08,-0.0277399
3.891774e-08,-0.0212038
3.896774e-08,-0.0179084
3.901774e-08,-0.0157937
3.906774e-08,-0.015272
3.911774e-08,-0.0226044
3.916774e-08,-0.025488
3.921774e-08,-0.0151896
3.926774e-08,-0.00233718
3.931774e-08,-0.00181539
3.936774e-08,-0.0138988
3.941774e-08,-0.0196934
3.946774e-08,-0.0154642
3.951774e-08,-0.0146953
3.956774e-08,-0.0132947
3.961774e-08,-0.00420462
3.966774e-08,0.00106816
3.971774e-08,-0.00340821
3.976774e-08,-0.00524819
3.981774e-08,-0.00288642
3.986774e-08,-0.00263926
3.991774e-08,-0.00362791
3.996774e-08,-0.00843383
4.001774e-08,-0.00769234
4.006774e-08,-0.00384761
4.011774e-08,-0.0131024
4.016774e-08,-0.0206271
4.021774e-08,-0.0151346
4.026774e-08,-0.0115371
4.031774e-08,-0.0128003
4.036774e-08,-0.0153543
4.041774e-08,-0.0191991
4.046774e-08,-0.0156564
4.051774e-08,-0.0123335
4.056774e-08,-0.0199131
4.061774e-08,-0.0251859
4.066774e-08,-0.0219179
4.071774e-08,-0.0159036
4.076774e-08,-0.00939501
4.081774e-08,-0.00285896
4.086774e-08,0.00732958
4.091774e-08,0.0237521
4.096774e-08,0.0334738
4.101774e-08,0.0264983
4.106774e-08,0.0149092
4.111774e-08,0.00430872
4.116774e-08,-0.00873591
4.121774e-08,-0.0145854
4.126774e-08,-0.0102738
4.131774e-08,-0.011949
4.136774e-08,-0.0189519
4.141774e-08,-0.0124983
4.146774e-08,-0.00272165
4.151774e-08,-0.00442432
4.156774e-08,-0.00571505
4.161774e-08,-0.00294135
4.166774e-08,-0.00112883
4.171774e-08,-0.00209002
4.176774e-08,-0.00909292
4.181774e-08,-0.0176887
4.186774e-08,-0.022934
4.191774e-08,-0.0220552
4.196774e-08,-0.0154093
4.201774e-08,-0.00961471
4.206774e-08,-0.00263926
4.211774e-08,0.00623109
4.216774e-08,0.00969135
4.221774e-08,0.00603885
4.226774e-08,0.00257859
4.231774e-08,0.0031553
4.236774e-08,-8.52608e-05
4.241774e-08,-0.00434193
4.246774e-08,-2.87366e-06
4.251774e-08,0.00370455
4.256774e-08,0.000601299
4.261774e-08,-5.77984e-05
4.266774e-08,-0.00181539
4.271774e-08,-0.00818667
4.276774e-08,-0.00862606
4.281774e-08,-0.00247449
4.286774e-08,0.003375
4.291774e-08,0.00027175
4.296774e-08,-0.00884576
4.301774e-08,-0.0148326
4.306774e-08,-0.0175788
4.311774e-08,-0.0175239
4.316774e-08,-0.0243895
4.321774e-08,-0.0287011
4.326774e-08,-0.014915
4.331774e-08,-0.00791204
4.336774e-08,-0.0167824
4.341774e-08,-0.0204898
4.346774e-08,-0.0125257
4.351774e-08,-0.000332422
4.356774e-08,0.00606631
4.361774e-08,0.00656064
4.366774e-08,0.00551707
4.371774e-08,0.00502274
4.376774e-08,0.00529737
4.381774e-08,0.00351231
4.386774e-08,0.00441857
4.391774e-08,0.0031553
4.396774e-08,-0.0058249
4.401774e-08,-0.00892815
4.406774e-08,-0.006484
4.411774e-08,-0.0094774
4.416774e-08,-0.0143108
4.421774e-08,-0.0140362
4.426774e-08,-0.0121687
4.431774e-08,-0.0126905
4.436774e-08,-0.00958725
4.441774e-08,-0.00447924
4.446774e-08,-0.0129377
4.451774e-08,-0.0287835
4.456774e-08,-0.0278497
4.461774e-08,-0.0160134
4.466774e-08,-0.0109329
4.471774e-08,-0.0094774
4.476774e-08,-0.00634669
4.481774e-08,0.00466573
4.486774e-08,0.0218846
4.491774e-08,0.0234775
4.496774e-08,0.0138656
4.501774e-08,0.0165844
4.506774e-08,0.0184519
4.511774e-08,0.00612124
4.516774e-08,-0.000799283
4.521774e-08,0.00158994
4.526774e-08,-0.000140186
4.531774e-08,-0.00258434
4.536774e-08,-0.00788458
4.541774e-08,-0.0161233
4.546774e-08,-0.0169472
4.551774e-08,-0.0217256
4.556774e-08,-0.0312001
4.561774e-08,-0.0284539
4.566774e-08,-0.0159311
4.571774e-08,-0.00335328
4.576774e-08,0.00623109
4.581774e-08,0.0142501
4.586774e-08,0.0209235
4.591774e-08,0.0201545
4.596774e-08,0.012163
4.601774e-08,0.00845554
4.606774e-08,0.00356724
4.611774e-08,-0.0108231
4.616774e-08,-0.0205173
4.621774e-08,-0.0207095
4.626774e-08,-0.0158761
4.631774e-08,-0.00412223
4.636774e-08,0.00941673
4.641774e-08,0.0129044
4.646774e-08,0.0068078
4.651774e-08,0.00233143
4.656774e-08,0.00137025
4.661774e-08,0.00329261
4.666774e-08,0.0098012
4.671774e-08,0.018699
4.676774e-08,0.0251252
4.681774e-08,0.0255097
4.686774e-08,0.024878
4.691774e-08,0.0236697
4.696774e-08,0.020182
4.701774e-08,0.019413
4.706774e-08,0.0160352
4.711774e-08,0.00521498
4.716774e-08,-0.00436939
4.721774e-08,-0.00620937
4.726774e-08,-0.0103013
4.731774e-08,-0.0222749
4.736774e-08,-0.0306784
4.741774e-08,-0.032793
4.746774e-08,-0.0303213
4.751774e-08,-0.0233459
4.756774e-08,-0.0175513
4.761774e-08,-0.00923024
4.766774e-08,0.00491289
4.771774e-08,0.0138107
4.776774e-08,0.0110919
4.781774e-08,0.00139771
4.786774e-08,-0.00807682
4.791774e-08,-0.0143108
4.796774e-08,-0.0215334
4.801774e-08,-0.0223847
4.806774e-08,-0.0079395
4.811774e-08,0.00831823
4.816774e-08,0.0155134
4.821774e-08,0.0144423
4.826774e-08,0.0116412
4.831774e-08,0.00645079
4.836774e-08,-0.0105484
4.841774e-08,-0.0225495
4.846774e-08,-0.0183752
4.851774e-08,-0.0168373
4.856774e-08,-0.019968
4.861774e-08,-0.0181006
4.866774e-08,-0.0121412
4.871774e-08,-0.00414969
4.876774e-08,0.00307291
4.881774e-08,0.00598393
4.886774e-08,0.00496782
4.891774e-08,-0.000359885
4.896774e-08,-0.00453417
4.901774e-08,-0.00453417
4.906774e-08,-0.00804935
4.911774e-08,-0.00944993
4.916774e-08,-0.00719802
4.921774e-08,-0.0104386
4.926774e-08,-0.00862606
4.931774e-08,-0.000250035
4.936774e-08,-0.000497197
4.941774e-08,-0.0037103
4.946774e-08,-0.000250035
4.951774e-08,0.00463827
4.956774e-08,0.0044735
4.961774e-08,-0.00294135
4.966774e-08,-0.00983441
4.971774e-08,-0.0135144
4.976774e-08,-0.0162057
4.981774e-08,-0.0130475
4.986774e-08,-0.0128003
4.991774e-08,-0.0150797
4.996774e-08,-0.00983441
5.001774e-08,-0.00953232
5.006774e-08,-0.011592
5.011774e-08,-0.00393
5.016774e-08,-0.00307866
5.021774e-08,-0.0146129
5.026774e-08,-0.0214235
5.031774e-08,-0.0182654
5.036774e-08,-0.0103287
5.041774e-08,-0.00568759
5.046774e-08,-0.00587982
5.051774e-08,-0.00126614
5.056774e-08,0.00576423
5.061774e-08,0.00801614
5.066774e-08,0.00831823
5.071774e-08,0.00543468
5.076774e-08,-0.00233718
5.081774e-08,-0.0104386
5.086774e-08,-0.0107407
5.091774e-08,-0.00697832
5.096774e-08,-0.0116195
5.101774e-08,-0.0127454
5.106774e-08,0.00109562
5.111774e-08,0.0137558
5.116774e-08,0.0152662
5.121774e-08,0.0182047
5.126774e-08,0.0275694
5.131774e-08,0.0258118
5.136774e-08,0.00938926
5.141774e-08,-0.00530311
5.146774e-08,-0.0113448
5.151774e-08,-0.0106857
5.156774e-08,-0.0062643
5.161774e-08,-0.00167808
5.166774e-08,-0.00379268
5.171774e-08,-0.012306
5.176774e-08,-0.0165902
5.181774e-08,-0.0167
5.186774e-08,-0.0137615
5.191774e-08,-0.0109329
5.196774e-08,-0.0186773
5.201774e-08,-0.0233459
5.206774e-08,-0.0140087
5.211774e-08,-0.00777473
5.216774e-08,-0.00642907
5.221774e-08,0.00189203
5.226774e-08,0.00689019
5.231774e-08,-8.52608e-05
5.236774e-08,-0.00612699
5.241774e-08,-0.00695086
5.246774e-08,-0.00958725
5.251774e-08,-0.0165902
5.256774e-08,-0.025076
5.261774e-08,-0.030184
5.266774e-08,-0.0338091
5.271774e-08,-0.0357314
5.276774e-08,-0.0288109
5.281774e-08,-0.0244444
5.286774e-08,-0.0318867
5.291774e-08,-0.029882
5.296774e-08,-0.0212038
5.301774e-08,-0.0161782
5.306774e-08,0.000766073
5.311774e-08,0.0116137
5.316774e-08,0.00411648
5.321774e-08,0.000985772
5.326774e-08,0.00169979
5.331774e-08,0.000546374
5.336774e-08,-0.00222733
5.341774e-08,-0.0104386
5.346774e-08,-0.0180182
5.351774e-08,-0.0171394
5.356774e-08,-0.0106034
5.361774e-08,-0.0105759
5.366774e-08,-0.0159036
5.371774e-08,-0.0174964
5.376774e-08,-0.0163705
5.381774e-08,-0.0129102
5.386774e-08,-0.0120314
5.391774e-08,-0.0166451
5.396774e-08,-0.0226319
5.401774e-08,-0.0272456
5.406774e-08,-0.0235931
5.411774e-08,-0.0160684
5.416774e-08,-0.0157663
5.421774e-08,-0.0165352
5.426774e-08,-0.0103013
5.431774e-08,-0.000607046
5.436774e-08,0.00373201
5.441774e-08,-0.00236464
5.446774e-08,-0.00999918
5.451774e-08,-0.0115645
5.456774e-08,-0.0132947
5.461774e-08,-0.0181006
5.466774e-08,-0.0185125
5.471774e-08,-0.0153543
5.476774e-08,-0.0151621
5.481774e-08,-0.0092577
5.486774e-08,-0.00379268
5.491774e-08,-0.013075
5.496774e-08,-0.0190618
5.501774e-08,-0.0139538
5.506774e-08,-0.0132397
5.511774e-08,-0.0190618
5.516774e-08,-0.0187048
5.521774e-08,-0.0113998
5.526774e-08,-0.0101365
5.531774e-08,-0.00914785
5.536774e-08,-0.00620937
5.541774e-08,-0.0096971
5.546774e-08,-0.00675862
5.551774e-08,0.00115055
5.556774e-08,-0.00134853
5.561774e-08,-0.00653892
5.566774e-08,-0.00953232
5.571774e-08,-0.01302
5.576774e-08,-0.00944993
5.581774e-08,-0.000387347
5.586774e-08,-0.0034906
5.591774e-08,-0.0161782
5.596774e-08,-0.0190618
5.601774e-08,-0.012663
5.606774e-08,-0.00376522
5.611774e-08,-0.000826745
5.616774e-08,-0.00868099
5.621774e-08,-0.0109604
5.626774e-08,-0.00799443
5.631774e-08,-0.0164803
5.636774e-08,-0.0202701
5.641774e-08,-0.00857114
5.646774e-08,-0.0021724
5.651774e-08,-0.00225479
5.656774e-08,-0.00527565
5.661774e-08,-0.0153818
5.666774e-08,-0.0196385
5.671774e-08,-0.0159311
5.676774e-08,-0.0182654
5.681774e-08,-0.0262295
5.686774e-08,-0.030541
5.691774e-08,-0.0318043
5.696774e-08,-0.0304861
5.701774e-08,-0.0223023
5.706774e-08,-0.0114272
5.711774e-08,-0.0088183
5.716774e-08,-0.0153543
5.721774e-08,-0.0132123
5.726774e-08,-0.00376522
5.731774e-08,-0.0088183
5.736774e-08,-0.0177985
5.741774e-08,-0.0157663
5.746774e-08,-0.0169746
5.751774e-08,-0.020325
5.756774e-08,-0.00988933
5.761774e-08,0.00208427
5.766774e-08,0.00301799
5.771774e-08,-0.00104644
5.776774e-08,-0.00846129
5.781774e-08,-0.0128827
5.786774e-08,-0.0113998
5.791774e-08,-0.0104386
5.796774e-08,-0.0125532
5.801774e-08,-0.0129651
5.806774e-08,-0.00129361
5.811774e-08,0.0100484
5.816774e-08,0.00260605
5.821774e-08,-0.00953232
5.826774e-08,-0.014503
5.831774e-08,-0.0242522
5.836774e-08,-0.0342485
5.841774e-08,-0.0252683
5.846774e-08,-0.0115371
5.851774e-08,-0.0117019
5.856774e-08,-0.010109
5.861774e-08,0.00180964
5.866774e-08,0.0102681
5.871774e-08,0.00491289
5.876774e-08,-0.00420462
5.881774e-08,-0.00497357
5.886774e-08,-0.0143657
5.891774e-08,-0.0315297
5.896774e-08,-0.0260372
5.901774e-08,-0.011592
5.906774e-08,-0.0157937
5.911774e-08,-0.0273005
5.916774e-08,-0.0296073
5.921774e-08,-0.020023
5.926774e-08,-0.00892815
5.931774e-08,-0.00335328
5.936774e-08,-0.000359885
5.941774e-08,-0.00329836
5.946774e-08,-0.00656638
5.951774e-08,0.00134278
5.956774e-08,0.0111469
5.961774e-08,0.0104603
5.966774e-08,0.00565438
5.971774e-08,0.00224904
5.976774e-08,-0.00637415
5.981774e-08,-0.0127454
5.986774e-08,-0.00505595
5.991774e-08,-0.00167808
5.996774e-08,-0.01302
6.001774e-08,-0.01854
6.006774e-08,-0.0120589
6.011774e-08,-0.0094774
6.016774e-08,-0.0110702
6.021774e-08,-0.00857114
6.026774e-08,-0.0077198
6.031774e-08,-0.00796697
6.036774e-08,-0.0092577
6.041774e-08,-0.0141735
6.046774e-08,-0.01302
6.051774e-08,-0.00848875
6.056774e-08,-0.0137615
6.061774e-08,-0.0195561
6.066774e-08,-0.0110702
6.071774e-08,-0.00835144
6.076774e-08,-0.0220002
6.081774e-08,-0.0226868
6.086774e-08,-0.0134045
6.091774e-08,-0.0186224
6.096774e-08,-0.0257626
6.101774e-08,-0.0207095
6.106774e-08,-0.0108231
6.111774e-08,-0.00887322
6.116774e-08,-0.0172767
6.121774e-08,-0.0200504
6.126774e-08,-0.010164
6.131774e-08,-0.0034906
6.136774e-08,-0.00382015
6.141774e-08,0.00400663
6.146774e-08,0.0144698
6.151774e-08,0.0104054
6.156774e-08,-0.00233718
6.161774e-08,-0.0133496
6.166774e-08,-0.0206546
6.171774e-08,-0.0163979
6.176774e-08,-0.00972456
6.181774e-08,-0.0124983
6.186774e-08,-0.0053855
6.191774e-08,0.00502274
6.196774e-08,-0.00719802
6.201774e-08,-0.0204074
6.206774e-08,-0.0171943
6.211774e-08,-0.0183752
6.216774e-08,-0.0296073
6.221774e-08,-0.0373792
6.226774e-08,-0.0337541
6.231774e-08,-0.0221376
6.236774e-08,-0.0148326
6.241774e-08,-0.0178534
6.246774e-08,-0.0202701
6.251774e-08,-0.0115371
6.256774e-08,-0.00406731
6.261774e-08,-0.00813174
6.266774e-08,-0.00934009
6.271774e-08,0.00131532
6.276774e-08,0.0110919
6.281774e-08,0.00927941
6.286774e-08,0.00375947
6.291774e-08,0.00312784
6.296774e-08,0.00128786
6.301774e-08,-0.00198017
6.306774e-08,-0.00143092
6.311774e-08,-0.006484
6.316774e-08,-0.0175239
6.321774e-08,-0.0229065
6.326774e-08,-0.0234832
6.331774e-08,-0.0269984
6.336774e-08,-0.0340013
6.341774e-08,-0.0348252
6.346774e-08,-0.0285363
6.351774e-08,-0.0201328
6.356774e-08,-0.00955978
6.361774e-08,-0.00324344
6.366774e-08,-0.00530311
6.371774e-08,-0.00425954
6.376774e-08,0.00856539
6.381774e-08,0.0199623
6.386774e-08,0.0170513
6.391774e-08,0.00675287
6.396774e-08,0.00027175
6.401774e-08,-0.00203509
6.406774e-08,-0.00684101
6.411774e-08,-0.00689593
6.416774e-08,0.00307291
6.421774e-08,0.00617616
6.426774e-08,0.000738611
6.431774e-08,-0.000140186
6.436774e-08,0.0027159
6.441774e-08,0.00601139
6.446774e-08,0.00452842
6.451774e-08,-0.00511088
6.456774e-08,-0.00912039
6.461774e-08,-0.00436939
6.466774e-08,-0.00717056
6.471774e-08,-0.0179358
6.476774e-08,-0.0233734
6.481774e-08,-0.0236205
6.486774e-08,-0.0228241
6.491774e-08,-0.0178534
6.496774e-08,-0.0115371
6.501774e-08,-0.00500103
6.506774e-08,0.000518912
6.511774e-08,0.000244288
6.516774e-08,0.00106816
6.521774e-08,0.000463987
6.526774e-08,-0.00791204
6.531774e-08,-0.0128553
6.536774e-08,-0.010164
6.541774e-08,-0.00931262
6.546774e-08,-0.0131574
6.551774e-08,-0.0171943
6.556774e-08,-0.0183477
6.561774e-08,-0.0109878
6.566774e-08,-0.00425954
6.571774e-08,-0.0133496
6.576774e-08,-0.0204624
6.581774e-08,-0.0116469
6.586774e-08,-0.00868099
6.591774e-08,-0.0226044
6.596774e-08,-0.0376538
6.601774e-08,-0.0394938
6.606774e-08,-0.0268886
6.611774e-08,-0.0122786
6.616774e-08,-0.00214494
6.621774e-08,0.00463827
6.626774e-08,0.00672541
6.631774e-08,0.00494036
6.636774e-08,0.000766073
6.641774e-08,-0.00343567
6.646774e-08,-0.0107407
6.651774e-08,-0.0185125
6.656774e-08,-0.0199955
6.661774e-08,-0.0212862
6.666774e-08,-0.024719
6.671774e-08,-0.0268611
6.676774e-08,-0.0267238
6.681774e-08,-0.0184301
6.686774e-08,-0.00760996
6.691774e-08,-0.00950486
6.696774e-08,-0.0105759
6.701774e-08,0.000354137
6.706774e-08,0.000875923
6.711774e-08,-0.0108231
6.716774e-08,-0.0185949
6.721774e-08,-0.0263942
6.726774e-08,-0.0279321
6.731774e-08,-0.01854
6.736774e-08,-0.0182928
6.741774e-08,-0.0196659
6.746774e-08,-0.0085986
6.751774e-08,-0.00873591
6.756774e-08,-0.0175788
6.761774e-08,-0.00986187
6.766774e-08,0.00246874
6.771774e-08,0.00927941
6.776774e-08,0.00982866
6.781774e-08,-0.000332422
6.786774e-08,-0.00417716
6.791774e-08,-0.00563266
6.796774e-08,-0.0136791
6.801774e-08,-0.0129651
6.806774e-08,-0.0157388
6.811774e-08,-0.0235107
6.816774e-08,-0.0190068
6.821774e-08,-0.0107681
6.826774e-08,-0.000936595
6.831774e-08,0.00653317
6.836774e-08,0.000161901
6.841774e-08,-0.00618191
6.846774e-08,-0.0058249
6.851774e-08,-0.0120863
6.856774e-08,-0.0208743
6.861774e-08,-0.0204624
6.866774e-08,-0.0129926
6.871774e-08,-0.00813174
6.876774e-08,-0.00898307
6.881774e-08,-0.0116744
6.886774e-08,-0.0145305
6.891774e-08,-0.0143108
6.896774e-08,-0.0118941
6.901774e-08,-0.0104935
6.906774e-08,-0.00958725
6.911774e-08,-0.0106308
6.916774e-08,-0.0118941
6.921774e-08,-0.00884576
6.926774e-08,-0.00368283
6.931774e-08,-0.00236464
6.936774e-08,-0.00403984
6.941774e-08,-0.0051658
6.946774e-08,-0.0124433
6.951774e-08,-0.0221376
6.956774e-08,-0.0153818
6.961774e-08,0.000683686
6.966774e-08,0.00378694
6.971774e-08,-0.00230971
6.976774e-08,-0.00159569
6.981774e-08,0.00274337
6.986774e-08,-0.00222733
6.991774e-08,-0.00939501
6.996774e-08,-0.00868099
7.001774e-08,-0.00442432
7.006774e-08,0.00156248
7.011774e-08,0.00524244
7.016774e-08,0.00543468
7.021774e-08,0.00862032
7.026774e-08,0.0135635
7.031774e-08,0.0204841
7.036774e-08,0.0261688
7.041774e-08,0.0249879
7.046774e-08,0.0234225
7.051774e-08,0.0163647
7.056774e-08,-0.00230971
7.061774e-08,-0.0148875
7.066774e-08,-0.0109329
7.071774e-08,-0.00376522
7.076774e-08,-0.00395746
7.081774e-08,-0.00360045
7.086774e-08,0.00625855
7.091774e-08,0.0134262
7.096774e-08,0.0042538
7.101774e-08,-0.00203509
7.106774e-08,0.00516006
7.111774e-08,0.00529737
7.116774e-08,0.000930848
7.121774e-08,0.00252367
7.126774e-08,0.00601139
7.131774e-08,0.0112567
7.136774e-08,0.00749436
7.141774e-08,-0.0051658
7.146774e-08,-0.00912039
7.151774e-08,-0.00456163
7.156774e-08,0.00656064
7.161774e-08,0.0169963
7.166774e-08,0.0168041
7.171774e-08,0.0148268
7.176774e-08,0.00903225
7.181774e-08,-0.00340821
7.186774e-08,-0.00994426
7.191774e-08,-0.0100816
7.196774e-08,-0.00640161
7.201774e-08,-0.000579584
7.206774e-08,-0.000552121
7.211774e-08,-0.00170554
7.216774e-08,-3.03361e-05
7.221774e-08,-0.00439686
7.226774e-08,-0.0118666
7.231774e-08,-0.0146678
7.236774e-08,-0.0154093
7.241774e-08,-0.0115645
7.246774e-08,0.00156248
7.251774e-08,0.0141952
7.256774e-08,0.0200172
7.261774e-08,0.0206214
7.266774e-08,0.0144698
7.271774e-08,0.00491289
7.276774e-08,-0.00563266
7.281774e-08,-0.0145854
7.286774e-08,-0.0198307
7.291774e-08,-0.0205447
7.296774e-08,-0.010878
7.301774e-08,-0.00107391
7.306774e-08,-0.00533058
7.311774e-08,-0.00747264
7.316774e-08,0.000491449
7.321774e-08,0.000656224
7.326774e-08,-0.00145838
7.331774e-08,0.00537975
7.336774e-08,0.0124376
7.341774e-08,0.015788
7.346774e-08,0.0146895
7.351774e-08,0.0147444
7.356774e-08,0.015431
7.361774e-08,0.00818092
7.366774e-08,0.000436525
7.371774e-08,-0.00706071
7.376774e-08,-0.0168922
7.381774e-08,-0.0195012
7.386774e-08,-0.0146953
7.391774e-08,-0.0148875
7.396774e-08,-0.0197758
7.401774e-08,-0.0175788
7.406774e-08,-0.0146678
7.411774e-08,-0.0150523
7.416774e-08,-0.00854368
7.421774e-08,0.00208427
7.426774e-08,0.0109821
7.431774e-08,0.019468
7.436774e-08,0.0206763
7.441774e-08,0.0145522
7.446774e-08,0.0155408
7.451774e-08,0.0212805
7.456774e-08,0.0230655
7.461774e-08,0.0179301
7.466774e-08,0.00524244
7.471774e-08,-0.0028315
7.476774e-08,-0.00576998
7.481774e-08,-0.0118666
7.486774e-08,-0.0135693
7.491774e-08,-0.0136242
7.496774e-08,-0.0145579
7.501774e-08,-0.00747264
7.506774e-08,-0.00307866
7.511774e-08,-0.00763742
7.516774e-08,-0.0110428
7.521774e-08,-0.0132947
7.526774e-08,-0.0157388
7.531774e-08,-0.0157937
7.536774e-08,-0.00788458
7.541774e-08,0.00601139
7.546774e-08,0.00469319
7.551774e-08,-0.00593475
7.556774e-08,-0.00156823
7.561774e-08,0.00373201
7.566774e-08,-0.000497197
7.571774e-08,-0.00302374
7.576774e-08,-0.011235
7.581774e-08,-0.0219728
7.586774e-08,-0.019611
7.591774e-08,-0.0143108
7.596774e-08,-0.0146129
7.601774e-08,-0.0105759
7.606774e-08,-0.00129361
7.611774e-08,0.0029356
7.616774e-08,0.00095831
7.621774e-08,5.20511e-05
7.626774e-08,0.00340246
7.631774e-08,0.00697257
7.636774e-08,0.00713735
7.641774e-08,0.0061487
7.646774e-08,0.00886748
7.651774e-08,0.0156507
7.656774e-08,0.0161999
7.661774e-08,0.0104328
7.666774e-08,0.00804361
7.671774e-08,0.00329261
7.676774e-08,-0.00123868
7.681774e-08,0.00296306
7.686774e-08,0.00601139
7.691774e-08,0.00428126
7.696774e-08,0.00321023
7.701774e-08,0.00483051
7.706774e-08,0.00518752
7.711774e-08,0.000409062
7.716774e-08,-0.00123868
7.721774e-08,-0.00112883
7.726774e-08,-0.00338075
7.731774e-08,0.00156248
7.736774e-08,0.0087027
7.741774e-08,0.00933434
7.746774e-08,0.0105152
7.751774e-08,0.0143874
7.756774e-08,0.0165569
7.761774e-08,0.0149367
7.766774e-08,0.00955404
7.771774e-08,0.00282575
7.776774e-08,-0.00467148
7.781774e-08,-0.0158212
7.786774e-08,-0.0234832
7.791774e-08,-0.0195836
7.796774e-08,-0.0165902
7.801774e-08,-0.0158487
7.806774e-08,-0.00593475
7.811774e-08,0.00224904
7.816774e-08,0.00208427
7.821774e-08,0.00117801
7.826774e-08,-0.000771821
7.831774e-08,-0.00807682
7.836774e-08,-0.0188421
7.841774e-08,-0.0230164
7.846774e-08,-0.0217805
7.851774e-08,-0.0242247
7.856774e-08,-0.0238402
7.861774e-08,-0.0173316
7.866774e-08,-0.0116469
7.871774e-08,-0.0110428
7.876774e-08,-0.0135144
7.881774e-08,-0.00741772
7.886774e-08,0.00156248
7.891774e-08,-0.00244703
7.896774e-08,-0.00733533
7.901774e-08,-0.0051658
7.906774e-08,-0.00645653
7.911774e-08,-0.00944993
7.916774e-08,-0.00983441
7.921774e-08,-0.00972456
7.926774e-08,-0.010878
7.931774e-08,-0.0128827
7.936774e-08,-0.0108505
7.941774e-08,-0.00247449
7.946774e-08,0.00485797
7.951774e-08,0.00351231
7.956774e-08,-0.00255688
7.961774e-08,-0.00587982
7.966774e-08,-0.00909292
7.971774e-08,-0.0172493
7.976774e-08,-0.0258999
7.981774e-08,-0.0299369
7.986774e-08,-0.0277948
7.991774e-08,-0.0217531
7.996774e-08,-0.0219179
8.001774e-08,-0.0265041
8.006774e-08,-0.0224122
8.011774e-08,-0.0153269
8.016774e-08,-0.0167824
8.021774e-08,-0.0160958
8.026774e-08,-0.00612699
8.031774e-08,-0.00214494
8.036774e-08,-0.00741772
8.041774e-08,-0.0102738
8.046774e-08,-0.0108231
8.051774e-08,-0.0156564
8.056774e-08,-0.0217531
8.061774e-08,-0.0194737
8.066774e-08,-0.017469
8.071774e-08,-0.0243071
8.076774e-08,-0.022934
8.081774e-08,-0.0137615
8.086774e-08,-0.0135144
8.091774e-08,-0.0105759
8.096774e-08,0.00595646
8.101774e-08,0.0198799
8.106774e-08,0.0224339
8.111774e-08,0.0169689
8.116774e-08,0.00823584
8.121774e-08,0.0100209
8.126774e-08,0.0162274
8.131774e-08,0.00617616
8.136774e-08,-0.0102738
8.141774e-08,-0.0147227
8.146774e-08,-0.0118941
8.151774e-08,-0.00914785
8.156774e-08,-0.0051658
8.161774e-08,0.00211173
8.166774e-08,0.0119982
8.171774e-08,0.0174907
8.176774e-08,0.0172984
8.181774e-08,0.0156232
8.186774e-08,0.011806
8.191774e-08,0.00851047
8.196774e-08,-0.000579584
8.201774e-08,-0.0166451
8.206774e-08,-0.0187597
8.211774e-08,-0.015986
8.216774e-08,-0.0231262
8.221774e-08,-0.0184027
8.226774e-08,-0.00870845
8.231774e-08,-0.0126356
8.236774e-08,-0.0138714
8.241774e-08,-0.00980695
8.246774e-08,-0.00876338
8.251774e-08,-0.00233718
8.256774e-08,0.010323
8.261774e-08,0.0191933
8.266774e-08,0.0241915
8.271774e-08,0.026004
8.276774e-08,0.0161725
8.281774e-08,0.00474812
8.286774e-08,0.00329261
8.291774e-08,0.00117801
8.296774e-08,-0.00343567
8.301774e-08,-0.00862606
8.306774e-08,-0.0150248
8.311774e-08,-0.0147502
8.316774e-08,-0.0121412
8.321774e-08,-0.0126081
8.326774e-08,-0.0142009
8.331774e-08,-0.0208194
8.336774e-08,-0.0241698
8.341774e-08,-0.020325
8.346774e-08,-0.0222749
8.351774e-08,-0.0258999
8.356774e-08,-0.0241698
8.361774e-08,-0.0155466
8.366774e-08,0.00312784
8.371774e-08,0.0114489
8.376774e-08,-0.00118376
8.381774e-08,-0.0111801
8.386774e-08,-0.00909292
8.391774e-08,-0.00519326
8.396774e-08,0.000354137
8.401774e-08,0.00884002
8.406774e-08,0.0101857
8.411774e-08,0.00323769
8.416774e-08,-0.00266673
8.421774e-08,-0.00546789
8.426774e-08,0.000766073
8.431774e-08,0.0161175
8.436774e-08,0.0211706
8.441774e-08,0.0155134
8.446774e-08,0.0163647
8.451774e-08,0.019825
8.456774e-08,0.0148268
8.461774e-08,0.00969135
8.466774e-08,0.0162549
8.471774e-08,0.0197975
8.476774e-08,0.00864778
8.481774e-08,0.00650571
8.486774e-08,0.0200996
8.491774e-08,0.021967
8.496774e-08,0.00172726
8.501774e-08,-0.0148051
8.506774e-08,-0.00909292
8.511774e-08,0.00323769
8.516774e-08,0.00829077
8.521774e-08,0.0104603
8.526774e-08,0.0149641
8.531774e-08,0.0130967
8.536774e-08,0.00282575
8.541774e-08,0.00142517
8.546774e-08,0.0108173
8.551774e-08,0.0185068
8.556774e-08,0.0185068
8.561774e-08,0.010323
8.566774e-08,0.00370455
8.571774e-08,0.00656064
8.576774e-08,0.00949911
8.581774e-08,0.00941673
8.586774e-08,0.00845554
8.591774e-08,-0.000689433
8.596774e-08,-0.00598967
8.601774e-08,0.00535229
8.606774e-08,0.0107624
8.611774e-08,-0.00640161
8.616774e-08,-0.0253507
8.621774e-08,-0.0266963
8.626774e-08,-0.0220826
8.631774e-08,-0.0189519
8.636774e-08,-0.00736279
8.641774e-08,0.00485797
8.646774e-08,0.00782391
8.651774e-08,0.00851047
8.656774e-08,0.00546214
8.661774e-08,-0.00335328
8.666774e-08,-0.00901054
8.671774e-08,-0.00917531
8.676774e-08,-0.00563266
8.681774e-08,-0.00137599
8.686774e-08,-0.000442272
8.691774e-08,-0.00143092
8.696774e-08,0.000793536
8.701774e-08,0.00894986
8.706774e-08,0.0112018
8.711774e-08,0.00109562
8.716774e-08,-0.00766488
8.721774e-08,-0.00917531
8.726774e-08,-0.00576998
8.731774e-08,-0.00143092
8.736774e-08,-0.00099152
8.741774e-08,-0.000607046
8.746774e-08,0.0029356
8.751774e-08,0.00612124
8.756774e-08,0.00356724
8.761774e-08,-0.0028315
8.766774e-08,-0.00673116
8.771774e-08,-0.0119765
8.776774e-08,-0.0151621
8.781774e-08,-0.00631922
8.786774e-08,0.00282575
8.791774e-08,0.000189363
8.796774e-08,-0.00313359
8.801774e-08,0.00175472
8.806774e-08,0.00581915
8.811774e-08,-0.00247449
8.816774e-08,-0.0193089
8.821774e-08,-0.029113
8.826774e-08,-0.0249387
8.831774e-08,-0.0180731
8.836774e-08,-0.0173866
8.841774e-08,-0.0142559
8.846774e-08,-0.00739026
8.851774e-08,-0.00983441
8.856774e-08,-0.0209018
8.861774e-08,-0.0273279
8.866774e-08,-0.0250211
8.871774e-08,-0.0230438
8.876774e-08,-0.0248838
8.881774e-08,-0.0211214
8.886774e-08,-0.0132947
8.891774e-08,-0.00607206
8.896774e-08,0.00433618
8.901774e-08,0.0125474
8.906774e-08,0.0161175
8.911774e-08,0.0182596
8.916774e-08,0.0163098
8.921774e-08,0.0106525
8.926774e-08,0.00257859
8.931774e-08,-0.00684101
8.936774e-08,-0.0129102
8.941774e-08,-0.0151896
8.946774e-08,-0.0153818
8.951774e-08,-0.0149973
8.956774e-08,-0.0154917
8.961774e-08,-0.0149699
8.966774e-08,-0.0146403
8.971774e-08,-0.0114822
8.976774e-08,-0.00118376
8.981774e-08,0.00554453
8.986774e-08,0.00246874
8.991774e-08,-0.0060446
8.996774e-08,-0.0121962
9.001774e-08,-0.0103562
9.006774e-08,-0.0135693
9.011774e-08,-0.0223573
9.016774e-08,-0.020023
9.021774e-08,-0.0133221
9.026774e-08,-0.00758249
9.031774e-08,0.00145263
9.036774e-08,0.00205681
9.041774e-08,-0.00467148
9.046774e-08,-0.00601714
9.051774e-08,-0.00478133
9.056774e-08,-0.0028315
9.061774e-08,-0.00132107
9.066774e-08,-0.00420462
9.071774e-08,-0.00862606
9.076774e-08,-0.0116195
9.081774e-08,-0.00917531
9.086774e-08,-0.00656638
9.091774e-08,-0.0152994
9.096774e-08,-0.0255154
9.101774e-08,-0.0228516
9.106774e-08,-0.0132947
9.111774e-08,-0.00620937
9.116774e-08,0.000766073
9.121774e-08,0.00842808
9.126774e-08,0.0142501
9.131774e-08,0.0176554
9.136774e-08,0.0152113
9.141774e-08,0.00911464
9.146774e-08,0.00466573
9.151774e-08,-0.00019511
9.156774e-08,-0.00585236
9.161774e-08,-0.00645653
9.166774e-08,-0.00840636
9.171774e-08,-0.0206821
9.176774e-08,-0.0312551
9.181774e-08,-0.0355117
9.186774e-08,-0.040812
9.191774e-08,-0.0382305
9.196774e-08,-0.0257351
9.201774e-08,-0.0192815
9.206774e-08,-0.0150797
9.211774e-08,-0.00739026
9.216774e-08,-0.00966963
9.221774e-08,-0.0149699
9.226774e-08,-0.0137066
9.231774e-08,-0.0136791
9.236774e-08,-0.0112075
9.241774e-08,-0.00403984
9.246774e-08,0.0065881
9.251774e-08,0.0238894
9.256774e-08,0.0325675
9.261774e-08,0.0235873
9.266774e-08,0.0173534
9.271774e-08,0.0118883
9.276774e-08,-0.00607206
9.281774e-08,-0.0142833
9.286774e-08,-0.00631922
9.291774e-08,-0.0028315
9.296774e-08,-0.00456163
9.301774e-08,-0.00307866
9.306774e-08,-0.000579584
9.311774e-08,-0.00508342
9.316774e-08,-0.013432
9.321774e-08,-0.0119765
9.326774e-08,-0.00917531
9.331774e-08,-0.0175788
9.336774e-08,-0.0186224
9.341774e-08,-0.00373776
9.346774e-08,0.00656064
9.351774e-08,0.00444603
9.356774e-08,-0.00209002
9.361774e-08,-0.00706071
9.366774e-08,-0.0107681
9.371774e-08,-0.0127454
9.376774e-08,-0.010164
9.381774e-08,-0.00436939
9.386774e-08,0.0044735
9.391774e-08,0.00864778
9.396774e-08,-0.00123868
9.401774e-08,-0.0140087
9.406774e-08,-0.0168922
9.411774e-08,-0.015574
9.416774e-08,-0.0156564
9.421774e-08,-0.0152445
9.426774e-08,-0.013789
9.431774e-08,-0.0085986
9.436774e-08,-0.00247449
9.441774e-08,-0.00365537
9.446774e-08,-0.00944993
9.451774e-08,-0.015217
9.456774e-08,-0.0202427
9.461774e-08,-0.0172493
9.466774e-08,-0.00739026
9.471774e-08,-0.00489118
9.476774e-08,-0.0107132
9.481774e-08,-0.015272
9.486774e-08,-0.0152994
9.491774e-08,-0.0162057
9.496774e-08,-0.0261745
9.501774e-08,-0.035347
9.506774e-08,-0.0336168
9.511774e-08,-0.0256253
9.516774e-08,-0.0147776
9.521774e-08,-0.00802189
9.526774e-08,-0.00250195
9.531774e-08,0.00384186
9.536774e-08,-0.00121122
9.541774e-08,-0.00865353
9.546774e-08,-0.00609952
9.551774e-08,-0.00252941
9.556774e-08,-0.00398492
9.561774e-08,-0.00868099
9.566774e-08,-0.0106308
9.571774e-08,-0.0127729
9.576774e-08,-0.0199131
9.581774e-08,-0.0204624
9.586774e-08,-0.0137615
9.591774e-08,-0.00659385
9.596774e-08,0.00518752
9.601774e-08,0.0145522
9.606774e-08,0.0098012
9.611774e-08,-0.00145838
9.616774e-08,-0.00656638
9.621774e-08,-0.00810428
9.626774e-08,-0.0135418
9.631774e-08,-0.0182928
9.636774e-08,-0.0168922
9.641774e-08,-0.0139538
9.646774e-08,-0.00802189
9.651774e-08,0.00645079
9.656774e-08,0.0181772
9.661774e-08,0.0164196
9.666774e-08,0.0126847
9.671774e-08,0.0107349
9.676774e-08,0.0057093
9.681774e-08,0.00282575
9.686774e-08,0.00164487
9.691774e-08,-8.52608e-05
9.696774e-08,-0.00313359
9.701774e-08,-0.0106034
9.706774e-08,-0.0176887
9.711774e-08,-0.0217256
9.716774e-08,-0.0294151
9.721774e-08,-0.0357864
9.726774e-08,-0.0265041
9.731774e-08,-0.00906546
9.736774e-08,0.00318276
9.741774e-08,0.0113391
9.746774e-08,0.0112018
9.751774e-08,7.95135e-05
9.756774e-08,-0.0110702
9.761774e-08,-0.0130475
9.766774e-08,-0.0109329
9.771774e-08,-0.0127729
9.776774e-08,-0.0112899
9.781774e-08,-0.00329836
9.786774e-08,-0.00601714
9.791774e-08,-0.0194462
9.796774e-08,-0.0267238
9.801774e-08,-0.0312551
9.806774e-08,-0.0360885
9.811774e-08,-0.0359237
9.816774e-08,-0.0370222
9.821774e-08,-0.0343309
9.826774e-08,-0.0208194
9.831774e-08,-0.0133771
9.836774e-08,-0.013432
9.841774e-08,-0.00934009
9.846774e-08,-0.0114272
9.851774e-08,-0.0186498
9.856774e-08,-0.0192815
9.861774e-08,-0.0191991
9.866774e-08,-0.018128
9.871774e-08,-0.0138439
9.876774e-08,-0.01486
9.881774e-08,-0.0192265
9.886774e-08,-0.0121138
9.891774e-08,0.00406156
9.896774e-08,0.00678034
9.901774e-08,-0.00222733
9.906774e-08,-0.00966963
9.911774e-08,-0.020325
9.916774e-08,-0.0269709
9.921774e-08,-0.0213961
9.926774e-08,-0.016343
9.931774e-08,-0.0124708
9.936774e-08,-0.0023921
9.941774e-08,0.00392425
9.946774e-08,0.00505021
9.951774e-08,0.0118609
9.956774e-08,0.0171062
9.961774e-08,0.0113666
9.966774e-08,0.00919703
9.971774e-08,0.0152113
9.976774e-08,0.0120531
9.981774e-08,0.000518912
9.986774e-08,-0.00920277
9.991774e-08,-0.017057
9.996774e-08,-0.0213411
1.000177e-07,-0.017771
1.000677e-07,-0.0104111
1.001177e-07,-0.013075
1.001677e-07,-0.0170845
1.002177e-07,-0.00689593
1.002677e-07,-0.00209002
1.003177e-07,-0.0069234
1.003677e-07,-0.0030512
1.004177e-07,-0.00203509
1.004677e-07,-0.00769234
1.005177e-07,-0.00750011
1.005677e-07,-0.0131574
1.006177e-07,-0.0251859
1.006677e-07,-0.0269709
1.007177e-07,-0.0302115
1.007677e-07,-0.0413887
1.008177e-07,-0.0411415
1.008677e-07,-0.0332598
1.009177e-07,-0.0306784
1.009677e-07,-0.0247465
1.010177e-07,-0.013432
1.010677e-07,-0.0106857
1.011177e-07,-0.0193364
1.011677e-07,-0.0232361
1.012177e-07,-0.0190068
1.012677e-07,-0.0158761
1.013177e-07,-0.0145854
1.013677e-07,-0.0131848
1.014177e-07,-0.0088183
1.014677e-07,-0.00255688
1.015177e-07,0.00356724
1.015677e-07,0.00356724
1.016177e-07,-0.0077198
1.016677e-07,-0.018183
1.017177e-07,-0.0253232
1.017677e-07,-0.0307607
1.018177e-07,-0.0220552
1.018677e-07,-0.00999918
1.019177e-07,-0.0114272
1.019677e-07,-0.0102463
1.020177e-07,0.00279829
1.020677e-07,0.00842808
1.021177e-07,0.00183711
1.021677e-07,-0.000854208
1.022177e-07,0.00095831
1.022677e-07,0.00469319
1.023177e-07,0.0116686
1.023677e-07,0.0124651
1.024177e-07,0.00900479
1.024677e-07,0.0061487
1.025177e-07,-0.0032709
1.025677e-07,-0.0133496
1.026177e-07,-0.0132947
1.026677e-07,-0.0133496
1.027177e-07,-0.0171669
1.027677e-07,-0.0099168
1.028177e-07,0.00551707
1.028677e-07,0.0136459
1.029177e-07,0.0120531
1.029677e-07,0.0112842
1.030177e-07,0.0119433
1.030677e-07,0.00510513
1.031177e-07,-0.000222573
1.031677e-07,-0.00030496
1.032177e-07,-0.000414809
1.032677e-07,0.00134278
1.033177e-07,-0.000414809
1.033677e-07,-0.00439686
1.034177e-07,-0.00200763
1.034677e-07,0.00277083
1.035177e-07,0.00408902
1.035677e-07,0.00323769
1.036177e-07,0.00169979
1.036677e-07,-0.00219986
1.037177e-07,-0.0143382
1.037677e-07,-0.03131
1.038177e-07,-0.0350723
1.038677e-07,-0.0246916
1.039177e-07,-0.0209292
1.039677e-07,-0.0241972
1.040177e-07,-0.0198582
1.040677e-07,-0.0125806
1.041177e-07,-0.00555028
1.041677e-07,0.000628761
1.042177e-07,0.00084846
1.042677e-07,0.00238635
1.043177e-07,0.00134278
1.043677e-07,-0.00769234
1.044177e-07,-0.0159311
1.044677e-07,-0.0219453
1.045177e-07,-0.0267512
1.045677e-07,-0.0306509
1.046177e-07,-0.0303488
1.046677e-07,-0.024362
1.047177e-07,-0.0261471
1.047677e-07,-0.0326282
1.048177e-07,-0.0252683
1.048677e-07,-0.0136791
1.049177e-07,-0.00763742
1.049677e-07,0.000766073
1.050177e-07,0.005929
1.050677e-07,0.00208427
1.051177e-07,-0.00313359
1.051677e-07,0.00310038
1.052177e-07,0.0194954
1.052677e-07,0.0210608
1.053177e-07,0.00859285
1.053677e-07,0.00554453
1.054177e-07,0.00321023
1.054677e-07,-0.00445178
1.055177e-07,0.00095831
1.055677e-07,0.0115039
1.056177e-07,0.0124925
1.056677e-07,0.0137832
1.057177e-07,0.0144149
1.057677e-07,0.00787883
1.058177e-07,0.0014801
1.058677e-07,-0.00393
1.059177e-07,-0.0102189
1.059677e-07,-0.0128278
1.060177e-07,-0.00986187
1.060677e-07,-0.00453417
1.061177e-07,-0.00280404
1.061677e-07,-0.00480879
1.062177e-07,-0.00585236
1.062677e-07,-0.0103287
1.063177e-07,-0.02038
1.063677e-07,-0.0263942
1.064177e-07,-0.0193364
1.064677e-07,-0.00156823
1.065177e-07,0.00851047
1.065677e-07,0.00609378
1.066177e-07,0.00889494
1.066677e-07,0.014717
1.067177e-07,0.0149092
1.067677e-07,0.0106525
1.068177e-07,0.00252367
1.068677e-07,-0.00206255
1.069177e-07,-0.014503
1.069677e-07,-0.035704
1.070177e-07,-0.0415809
1.070677e-07,-0.0380383
1.071177e-07,-0.0401529
1.071677e-07,-0.0467713
1.072177e-07,-0.0437779
1.072677e-07,-0.0211764
1.073177e-07,0.000354137
1.073677e-07,0.00568184
1.074177e-07,0.00949911
1.074677e-07,0.0177653
1.075177e-07,0.0147994
1.075677e-07,-0.000387347
1.076177e-07,-0.00955978
1.076677e-07,-0.00942247
1.077177e-07,-0.00961471
1.077677e-07,-0.0132947
1.078177e-07,-0.0166725
1.078677e-07,-0.0177436
1.079177e-07,-0.0189519
1.079677e-07,-0.0206821
1.080177e-07,-0.0188146
1.080677e-07,-0.0112899
1.081177e-07,-0.00403984
1.081677e-07,0.00027175
1.082177e-07,0.00765913
1.082677e-07,0.0127946
1.083177e-07,0.00925195
1.083677e-07,0.00609378
1.084177e-07,0.00518752
1.084677e-07,0.00642333
1.085177e-07,0.0150191
1.085677e-07,0.0224064
1.086177e-07,0.0241915
1.086677e-07,0.0297114
1.087177e-07,0.0310571
1.087677e-07,0.0133713
1.088177e-07,-0.00412223
1.088677e-07,-0.00321597
1.089177e-07,-0.00107391
1.089677e-07,-0.00266673
1.090177e-07,0.00142517
1.090677e-07,0.00667049
1.091177e-07,0.00689019
1.091677e-07,0.00568184
1.092177e-07,0.00705496
1.092677e-07,0.00158994
1.093177e-07,-0.0167
1.093677e-07,-0.0285088
1.094177e-07,-0.0229065
1.094677e-07,-0.01854
1.095177e-07,-0.0201603
1.095677e-07,-0.017057
1.096177e-07,-0.0104935
1.096677e-07,-0.00439686
1.097177e-07,-0.0023921
1.097677e-07,-0.0051658
1.098177e-07,-0.00711563
1.098677e-07,-0.00450671
1.099177e-07,0.000409062
1.099677e-07,0.00101323
1.100177e-07,-0.00209002
1.100677e-07,-0.00365537
1.101177e-07,-0.00335328
1.101677e-07,0.00213919
1.102177e-07,0.0087027
1.102677e-07,0.00628601
1.103177e-07,0.000244288
1.103677e-07,-0.00316105
1.104177e-07,-0.00244703
1.104677e-07,-0.00140346
1.105177e-07,-0.00747264
1.105677e-07,-0.0111251
1.106177e-07,-0.00615445
1.106677e-07,-0.00200763
1.107177e-07,-0.000964057
1.107677e-07,0.0014801
1.108177e-07,0.00353977
1.108677e-07,-0.000167648
1.109177e-07,-0.00601714
1.109677e-07,-0.0105484
1.110177e-07,-0.0158212
1.110677e-07,-0.019254
1.111177e-07,-0.0225495
1.111677e-07,-0.023648
1.112177e-07,-0.018183
1.112677e-07,-0.0164803
1.113177e-07,-0.0178809
1.113677e-07,-0.0151346
1.114177e-07,-0.0138714
1.114677e-07,-0.0115096
1.115177e-07,-0.00104644
1.115677e-07,0.00774152
1.116177e-07,0.00202934
1.116677e-07,-0.0102189
1.117177e-07,-0.0137066
1.117677e-07,-0.0128003
1.118177e-07,-0.010109
1.118677e-07,0.00581915
1.119177e-07,0.0202369
1.119677e-07,0.021665
1.120177e-07,0.0293819
1.120677e-07,0.0353961
1.121177e-07,0.0234225
1.121677e-07,0.00691765
1.122177e-07,-0.000552121
1.122677e-07,0.000326675
1.123177e-07,-0.0047264
1.123677e-07,-0.0180731
1.124177e-07,-0.0206546
1.124677e-07,-0.0113723
1.125177e-07,-0.00631922
1.125677e-07,-0.00596221
1.126177e-07,-0.00535804
1.126677e-07,-0.0106308
1.127177e-07,-0.019611
1.127677e-07,-0.0213961
1.128177e-07,-0.0173042
1.128677e-07,-0.0171119
1.129177e-07,-0.0212588
1.129677e-07,-0.0207919
1.130177e-07,-0.0181006
1.130677e-07,-0.0201877
1.131177e-07,-0.0193364
1.131677e-07,-0.0124708
1.132177e-07,-0.00799443
1.132677e-07,-0.00739026
1.133177e-07,-0.00508342
1.133677e-07,-0.00390253
1.134177e-07,-0.00802189
1.134677e-07,-0.0104935
1.135177e-07,-0.0154642
1.135677e-07,-0.0288933
1.136177e-07,-0.0375165
1.136677e-07,-0.0337816
1.137177e-07,-0.0260921
1.137677e-07,-0.0166725
1.138177e-07,-0.00535804
1.138677e-07,-0.000112723
1.139177e-07,0.00084846
1.139677e-07,0.000106976
1.140177e-07,-0.00986187
1.140677e-07,-0.0192265
1.141177e-07,-0.018183
1.141677e-07,-0.0176063
1.142177e-07,-0.0118117
1.142677e-07,0.00142517
1.143177e-07,0.00450096
1.143677e-07,0.00414395
1.144177e-07,0.0112842
1.144677e-07,0.0120531
1.145177e-07,-0.00192524
1.145677e-07,-0.0177436
1.146177e-07,-0.024362
1.146677e-07,-0.0284264
1.147177e-07,-0.0336718
1.147677e-07,-0.0332598
1.148177e-07,-0.0295249
1.148677e-07,-0.0306234
1.149177e-07,-0.0322712
1.149677e-07,-0.0287285
1.150177e-07,-0.0195561
1.150677e-07,0.00304545
1.151177e-07,0.0228458
1.151677e-07,0.0137558
1.152177e-07,-0.000744358
1.152677e-07,-0.000387347
1.153177e-07,-0.00884576
1.153677e-07,-0.0315297
1.154177e-07,-0.04224
1.154677e-07,-0.0360885
1.155177e-07,-0.0313375
1.155677e-07,-0.0295799
1.156177e-07,-0.0215059
1.156677e-07,-0.0163705
1.157177e-07,-0.0241423
1.157677e-07,-0.0259548
1.158177e-07,-0.0118117
1.158677e-07,0.00027175
1.159177e-07,0.00491289
1.159677e-07,0.00252367
1.160177e-07,-0.00546789
1.160677e-07,-0.0096971
1.161177e-07,-0.014146
1.161677e-07,-0.0183752
1.162177e-07,-0.01486
1.162677e-07,-0.0122236
1.163177e-07,-0.0143108
1.163677e-07,-0.00994426
1.164177e-07,-0.000222573
1.164677e-07,0.00167233
1.165177e-07,-0.0030512
1.165677e-07,-0.00752757
1.166177e-07,-0.0115096
1.166677e-07,-0.0102738
1.167177e-07,-0.00843383
1.167677e-07,-0.0107681
1.168177e-07,-0.00423208
1.168677e-07,0.0061487
1.169177e-07,0.00342992
1.169677e-07,-0.0107956
1.170177e-07,-0.0229065
1.170677e-07,-0.0213411
1.171177e-07,-0.0219728
1.171677e-07,-0.0325458
1.172177e-07,-0.029827
1.172677e-07,-0.015574
1.173177e-07,-0.0056052
1.173677e-07,0.00241382
1.174177e-07,0.00845554
1.174677e-07,0.00452842
1.175177e-07,-0.00475387
1.175677e-07,-0.00708817
1.176177e-07,-0.00346313
1.176677e-07,0.00178218
1.177177e-07,0.00628601
1.177677e-07,0.00790629
1.178177e-07,0.00732958
1.178677e-07,0.00691765
1.179177e-07,0.00840062
1.179677e-07,0.008483
1.180177e-07,0.00507767
1.180677e-07,0.00150756
1.181177e-07,0.0040341
1.181677e-07,0.0114215
1.182177e-07,0.0145797
1.182677e-07,0.0170238
1.183177e-07,0.0224339
1.183677e-07,0.0236697
1.184177e-07,0.0209509
1.184677e-07,0.0143325
1.185177e-07,0.0029356
1.185677e-07,-0.0062643
1.186177e-07,-0.0113998
1.186677e-07,-0.0167824
1.187177e-07,-0.0222474
1.187677e-07,-0.0238128
1.188177e-07,-0.0206821
1.188677e-07,-0.0182654
1.189177e-07,-0.0170296
1.189677e-07,-0.00824159
1.190177e-07,0.00546214
1.190677e-07,0.0108448
1.191177e-07,0.00491289
1.191677e-07,-0.00176047
1.192177e-07,-0.00502849
1.192677e-07,-0.0081592
1.193177e-07,-0.00722548
1.193677e-07,-0.00425954
1.194177e-07,-0.00475387
1.194677e-07,-0.00250195
1.195177e-07,0.00194696
1.195677e-07,-0.00623684
1.196177e-07,-0.020737
1.196677e-07,-0.0186773
1.197177e-07,-0.0138714
1.197677e-07,-0.0234283
1.198177e-07,-0.0259823
1.198677e-07,-0.0164254
1.199177e-07,-0.0122786
1.199677e-07,-0.0132397
1.200177e-07,-0.0150523
1.200677e-07,-0.0142559
1.201177e-07,-0.00612699
1.201677e-07,0.000628761
1.202177e-07,0.00266098
1.202677e-07,0.00675287
1.203177e-07,0.0115863
1.203677e-07,0.0129868
1.204177e-07,0.0105427
1.204677e-07,0.00502274
1.205177e-07,0.00224904
1.205677e-07,0.00697257
1.206177e-07,0.00993851
1.206677e-07,0.00686272
1.207177e-07,0.0070275
1.207677e-07,0.0104054
1.208177e-07,0.0113666
1.208677e-07,0.0103504
1.209177e-07,0.00590154
1.209677e-07,0.000656224
1.210177e-07,0.00202934
1.210677e-07,0.00326515
1.211177e-07,-0.00425954
1.211677e-07,-0.0107956
1.212177e-07,-0.0129102
1.212677e-07,-0.0169746
1.213177e-07,-0.0173316
1.213677e-07,-0.0106583
1.214177e-07,-0.00406731
1.214677e-07,-0.00302374
1.215177e-07,-0.00447924
1.215677e-07,-0.00804935
1.216177e-07,-0.00986187
1.216677e-07,0.00224904
1.217177e-07,0.0130967
1.217677e-07,0.0091421
1.218177e-07,0.00573677
1.218677e-07,0.00804361
1.219177e-07,0.00925195
1.219677e-07,0.00683526
1.220177e-07,0.00167233
1.220677e-07,-0.00478133
1.221177e-07,-0.00892815
1.221677e-07,-0.0112075
1.222177e-07,-0.0145579
1.222677e-07,-0.0128278
1.223177e-07,-0.00214494
1.223677e-07,0.00952657
1.224177e-07,0.0118334
1.224677e-07,0.00908718
1.225177e-07,0.00502274
1.225677e-07,-0.00228225
1.226177e-07,-0.00403984
1.226677e-07,-0.00384761
1.227177e-07,-0.00695086
1.227677e-07,-0.00535804
1.228177e-07,-0.00403984
1.228677e-07,-0.00997172
1.229177e-07,-0.0178534
1.229677e-07,-0.0232086
1.230177e-07,-0.0253781
1.230677e-07,-0.0244993
1.231177e-07,-0.0264766
1.231677e-07,-0.0281518
1.232177e-07,-0.0190618
1.232677e-07,-0.0157114
1.233177e-07,-0.0264766
1.233677e-07,-0.0307058
1.234177e-07,-0.0252957
1.234677e-07,-0.0229614
1.235177e-07,-0.0278772
1.235677e-07,-0.0319691
1.236177e-07,-0.0287285
1.236677e-07,-0.020737
1.237177e-07,-0.01486
1.237677e-07,-0.0156015
1.238177e-07,-0.0146129
1.238677e-07,-0.00912039
1.239177e-07,-0.00483625
1.239677e-07,-0.00115629
1.240177e-07,-0.00170554
1.240677e-07,-0.00620937
1.241177e-07,-0.00739026
1.241677e-07,-0.000250035
1.242177e-07,0.0102955
1.242677e-07,0.0116961
1.243177e-07,0.00754928
1.243677e-07,0.00532483
1.244177e-07,0.003375
1.244677e-07,0.00466573
1.245177e-07,0.00554453
1.245677e-07,0.00101323
1.246177e-07,0.000161901
1.246677e-07,-0.000552121
1.247177e-07,-0.00758249
1.247677e-07,-0.0135418
1.248177e-07,-0.0206546
1.248677e-07,-0.0219179
1.249177e-07,-0.0113448
1.249677e-07,-0.0058249
1.250177e-07,-0.00321597
1.250677e-07,0.0070275
1.251177e-07,0.0115313
1.251677e-07,0.00595646
1.252177e-07,0.00812599
1.252677e-07,0.015074
1.253177e-07,0.012108
1.253677e-07,0.0119707
1.254177e-07,0.0170787
1.254677e-07,0.0182047
1.255177e-07,0.019468
1.255677e-07,0.0144973
1.256177e-07,0.00529737
1.256677e-07,0.00084846
1.257177e-07,-0.0069234
1.257677e-07,-0.0146953
1.258177e-07,-0.00936755
1.258677e-07,0.00257859
1.259177e-07,0.00829077
1.259677e-07,0.0110095
1.260177e-07,0.00963642
1.260677e-07,-0.000716896
1.261177e-07,-0.00673116
1.261677e-07,-0.00813174
1.262177e-07,-0.0107132
1.262677e-07,-0.00478133
1.263177e-07,0.00205681
1.263677e-07,0.00222158
1.264177e-07,0.000656224
1.264677e-07,-0.00601714
1.265177e-07,-0.0102189
1.265677e-07,-0.00601714
1.266177e-07,-0.00620937
1.266677e-07,-0.00958725
1.267177e-07,-0.0137066
1.267677e-07,-0.0234558
1.268177e-07,-0.023648
1.268677e-07,-0.0147227
1.269177e-07,-0.0121962
1.269677e-07,-0.00725294
1.270177e-07,-0.00189778
1.270677e-07,-0.00250195
1.271177e-07,0.00238635
1.271677e-07,0.00969135
1.272177e-07,0.0114215
1.272677e-07,0.0115313
1.273177e-07,0.0130692
1.273677e-07,0.0125749
1.274177e-07,0.00949911
1.274677e-07,0.00661556
1.275177e-07,0.00191949
1.275677e-07,0.00158994
1.276177e-07,0.00790629
1.276677e-07,0.0107075
1.277177e-07,0.012877
1.277677e-07,0.018699
1.278177e-07,0.0189187
1.278677e-07,0.0141128
1.279177e-07,0.015431
1.279677e-07,0.0187539
1.280177e-07,0.0174907
1.280677e-07,0.014662
1.281177e-07,0.00587408
1.281677e-07,-0.00598967
1.282177e-07,-0.0124708
1.282677e-07,-0.0163979
1.283177e-07,-0.0164528
1.283677e-07,-0.0118117
1.284177e-07,-0.0106308
1.284677e-07,-0.0118392
1.285177e-07,-0.0135418
1.285677e-07,-0.0212862
1.286177e-07,-0.025488
1.286677e-07,-0.0214235
1.287177e-07,-0.0187048
1.287677e-07,-0.0107407
1.288177e-07,0.00535229
1.288677e-07,0.0164471
1.289177e-07,0.0177653
1.289677e-07,0.0179026
1.290177e-07,0.0251252
1.290677e-07,0.0288601
1.291177e-07,0.0183969
1.291677e-07,0.00164487
1.292177e-07,-0.0147502
1.292677e-07,-0.0265865
1.293177e-07,-0.0317219
1.293677e-07,-0.0329028
1.294177e-07,-0.0246092
1.294677e-07,-0.0118392
1.295177e-07,-0.00879084
1.295677e-07,-0.00566013
1.296177e-07,0.00565438
1.296677e-07,0.00845554
1.297177e-07,-0.00123868
1.297677e-07,-0.00857114
1.298177e-07,-0.0101914
1.298677e-07,-0.0131574
1.299177e-07,-0.0224671
1.299677e-07,-0.032024
1.300177e-07,-0.0268611
1.300677e-07,-0.0131299
1.301177e-07,-0.00634669
1.301677e-07,-0.0023921
1.302177e-07,-0.00299627
1.302677e-07,-0.0142833
1.303177e-07,-0.0253232
1.303677e-07,-0.0318043
1.304177e-07,-0.0394114
1.304677e-07,-0.0431188
1.305177e-07,-0.0377911
1.305677e-07,-0.0289757
1.306177e-07,-0.0197483
1.306677e-07,-0.0100541
1.307177e-07,-0.00252941
1.307677e-07,-0.00088167
1.308177e-07,-0.00313359
1.308677e-07,-0.00406731
1.309177e-07,-0.00953232
1.309677e-07,-0.0200779
1.310177e-07,-0.0213137
1.310677e-07,-0.0173316
1.311177e-07,-0.0173316
1.311677e-07,-0.00999918
1.312177e-07,0.000354137
1.312677e-07,0.0027159
1.313177e-07,0.00282575
1.313677e-07,0.00606631
1.314177e-07,0.0109546
1.314677e-07,0.0110645
1.315177e-07,0.0127122
1.315677e-07,0.0233127
1.316177e-07,0.0258392
1.316677e-07,0.0143325
1.317177e-07,0.00798868
1.317677e-07,0.00829077
1.318177e-07,0.00713735
1.318677e-07,0.00186457
1.319177e-07,-0.00975202
1.319677e-07,-0.0163979
1.320177e-07,-0.0119215
1.320677e-07,0.000738611
1.321177e-07,0.00900479
1.321677e-07,0.000463987
1.322177e-07,-0.00390253
1.322677e-07,0.00285321
1.323177e-07,-0.00123868
1.323677e-07,-0.0112899
1.324177e-07,-0.0133771
1.324677e-07,-0.0102738
1.325177e-07,-0.00961471
1.325677e-07,-0.016343
1.326177e-07,-0.01854
1.326677e-07,-0.006484
1.327177e-07,0.00342992
1.327677e-07,0.000820998
1.328177e-07,-0.00774727
1.328677e-07,-0.0131024
1.329177e-07,-0.00782965
1.329677e-07,0.000683686
1.330177e-07,0.00823584
1.330677e-07,0.0160626
1.331177e-07,0.0160901
1.331677e-07,0.0131516
1.332177e-07,0.0106525
1.332677e-07,0.00246874
1.333177e-07,-0.010521
1.333677e-07,-0.0280694
1.334177e-07,-0.0397135
1.334677e-07,-0.037846
1.335177e-07,-0.0314748
1.335677e-07,-0.0249662
1.336177e-07,-0.0196385
1.336677e-07,-0.0165902
1.337177e-07,-0.0163155
1.337677e-07,-0.0177985
1.338177e-07,-0.0201053
1.338677e-07,-0.0258175
1.339177e-07,-0.0307882
1.339677e-07,-0.029882
1.340177e-07,-0.0269709
1.340677e-07,-0.0256253
1.341177e-07,-0.0204074
1.341677e-07,-0.0126356
1.342177e-07,-0.00988933
1.342677e-07,-0.00576998
1.343177e-07,-0.000936595
1.343677e-07,-0.00522073
1.344177e-07,-0.0100816
1.344677e-07,-0.00651146
1.345177e-07,-0.0030512
1.345677e-07,-0.00513834
1.346177e-07,-0.0088183
1.346677e-07,-0.0116744
1.347177e-07,-0.0117293
1.347677e-07,-0.00519326
1.348177e-07,0.00697257
1.348677e-07,0.0126573
1.349177e-07,0.00296306
1.349677e-07,-0.0096971
1.350177e-07,-0.0132123
1.350677e-07,-0.012718
1.351177e-07,-0.0127729
1.351677e-07,-0.012663
1.352177e-07,-0.00590729
1.352677e-07,0.00862032
1.353177e-07,0.0144149
1.353677e-07,0.00831823
1.354177e-07,0.00700004
1.354677e-07,0.0134262
1.355177e-07,0.0175731
1.355677e-07,0.0168865
1.356177e-07,0.0148817
1.356677e-07,0.0112567
1.357177e-07,0.00485797
1.357677e-07,0.00241382
1.358177e-07,0.00186457
1.358677e-07,-0.00439686
1.359177e-07,-0.00651146
1.359677e-07,-0.00203509
1.360177e-07,-0.00445178
1.360677e-07,-0.0145579
1.361177e-07,-0.0178534
1.361677e-07,-0.00999918
1.362177e-07,0.000354137
1.362677e-07,0.00903225
1.363177e-07,0.0124376
1.363677e-07,0.0145522
1.364177e-07,0.020182
1.364677e-07,0.0197975
1.365177e-07,0.0160352
1.365677e-07,0.0144149
1.366177e-07,0.005929
1.366677e-07,-0.00629176
1.367177e-07,-0.0127729
1.367677e-07,-0.0149699
1.368177e-07,-0.0160684
1.368677e-07,-0.0150797
1.369177e-07,-0.0139263
1.369677e-07,-0.0169472
1.370177e-07,-0.0173591
1.370677e-07,-0.00895561
1.371177e-07,-0.00263926
1.371677e-07,-0.00609952
1.372177e-07,-0.00920277
1.372677e-07,-0.00527565
1.373177e-07,-0.00321597
1.373677e-07,-0.0106583
1.374177e-07,-0.0179907
1.374677e-07,-0.0176612
1.375177e-07,-0.0201328
1.375677e-07,-0.0272456
1.376177e-07,-0.0302115
1.376677e-07,-0.0262844
1.377177e-07,-0.0206821
1.377677e-07,-0.021808
1.378177e-07,-0.0287011
1.378677e-07,-0.0322712
1.379177e-07,-0.0350998
1.379677e-07,-0.0401254
1.380177e-07,-0.0344956
1.380677e-07,-0.0230164
1.381177e-07,-0.0219728
1.381677e-07,-0.0238677
1.382177e-07,-0.0211764
1.382677e-07,-0.0202701
1.383177e-07,-0.0190618
1.383677e-07,-0.00862606
1.384177e-07,0.00189203
1.384677e-07,-0.00148584
1.385177e-07,-0.00769234
1.385677e-07,-0.00689593
1.386177e-07,-0.00469894
1.386677e-07,-0.0028315
1.387177e-07,-0.00222733
1.387677e-07,-0.00206255
1.388177e-07,-0.006484
1.388677e-07,-0.0168099
1.389177e-07,-0.0179358
1.389677e-07,-0.0159036
1.390177e-07,-0.0225495
1.390677e-07,-0.0273005
1.391177e-07,-0.0322437
1.391677e-07,-0.0370496
1.392177e-07,-0.0325458
1.392677e-07,-0.0304861
1.393177e-07,-0.0359237
1.393677e-07,-0.0285363
1.394177e-07,-0.00478133
1.394677e-07,0.0127397
1.395177e-07,0.0184793
1.395677e-07,0.0184793
1.396177e-07,0.0140304
1.396677e-07,0.00392425
1.397177e-07,-0.0146403
1.397677e-07,-0.0248289
1.398177e-07,-0.0188421
1.398677e-07,-0.0128003
1.399177e-07,-0.00733533
1.399677e-07,-0.00285896
1.400177e-07,-0.011235
1.400677e-07,-0.022577
1.401177e-07,-0.0179907
1.401677e-07,-0.00887322
1.402177e-07,-0.0143108
1.402677e-07,-0.0245268
1.403177e-07,-0.0264766
1.403677e-07,-0.0268336
1.404177e-07,-0.0282617
1.404677e-07,-0.0241972
1.405177e-07,-0.0173866
1.405677e-07,-0.0117842
1.406177e-07,-0.00675862
1.406677e-07,-0.0101914
1.407177e-07,-0.0198856
1.407677e-07,-0.0198856
1.408177e-07,-0.0158761
1.408677e-07,-0.0181006
1.409177e-07,-0.0164803
1.409677e-07,-0.00340821
1.410177e-07,0.00768659
1.410677e-07,0.00428126
1.411177e-07,0.000409062
1.411677e-07,0.00436365
1.412177e-07,0.00161741
1.412677e-07,-0.00944993
1.413177e-07,-0.0163979
1.413677e-07,-0.0214785
1.414177e-07,-0.0258999
1.414677e-07,-0.0190343
1.415177e-07,-0.0129102
1.415677e-07,-0.0164254
1.416177e-07,-0.0134045
1.416677e-07,-0.00964217
1.417177e-07,-0.0107407
1.417677e-07,-0.00332582
1.418177e-07,0.00277083
1.418677e-07,0.000546374
1.419177e-07,0.00301799
1.419677e-07,0.00587408
1.420177e-07,-0.00393
1.420677e-07,-0.0164254
1.421177e-07,-0.0118392
1.421677e-07,0.0029356
1.422177e-07,0.0063684
1.422677e-07,0.00697257
1.423177e-07,0.0158704
1.423677e-07,0.0122454
1.424177e-07,-0.000826745
1.424677e-07,0.00334754
1.425177e-07,0.0127946
1.425677e-07,0.0117785
1.426177e-07,0.0102681
1.426677e-07,0.00433618
1.427177e-07,-0.00706071
1.427677e-07,-0.00799443
1.428177e-07,-0.00258434
1.428677e-07,-0.00143092
1.429177e-07,-0.00214494
1.429677e-07,-0.000716896
1.430177e-07,0.00661556
1.430677e-07,0.0163372
1.431177e-07,0.0185617
1.431677e-07,0.0175456
1.432177e-07,0.0202094
1.432677e-07,0.0116137
1.433177e-07,-0.00755503
1.433677e-07,-0.0175239
1.434177e-07,-0.0204624
1.434677e-07,-0.0200779
1.435177e-07,-0.0164803
1.435677e-07,-0.0155466
1.436177e-07,-0.0167
1.436677e-07,-0.0142559
1.437177e-07,-0.006484
1.437677e-07,-0.00555028
1.438177e-07,-0.00944993
1.438677e-07,-0.00266673
1.439177e-07,0.00785137
1.439677e-07,0.0127946
1.440177e-07,0.0122728
1.440677e-07,0.00727466
1.441177e-07,0.000326675
1.441677e-07,-0.00972456
1.442177e-07,-0.0195836
1.442677e-07,-0.0226319
1.443177e-07,-0.0208743
1.443677e-07,-0.0185949
1.444177e-07,-0.0135968
1.444677e-07,-0.00703324
1.445177e-07,-0.00717056
1.445677e-07,-0.0115096
1.446177e-07,-0.00939501
1.446677e-07,-0.00192524
1.447177e-07,0.00255113
1.447677e-07,0.00178218
1.448177e-07,0.00480304
1.448677e-07,0.0144698
1.449177e-07,0.0179575
1.449677e-07,0.0157605
1.450177e-07,0.0136459
1.450677e-07,0.00727466
1.451177e-07,-0.00368283
1.451677e-07,-0.0160684
1.452177e-07,-0.0217531
1.452677e-07,-0.0213961
1.453177e-07,-0.0167
1.453677e-07,-0.00203509
1.454177e-07,0.00988359
1.454677e-07,0.0138107
1.455177e-07,0.0144973
1.455677e-07,0.00436365
1.456177e-07,-0.00736279
1.456677e-07,-0.00354552
1.457177e-07,0.00653317
1.457677e-07,0.0127671
1.458177e-07,0.0171337
1.458677e-07,0.0106525
1.459177e-07,5.20511e-05
1.459677e-07,-0.000332422
1.460177e-07,-0.00241956
1.460677e-07,-0.00975202
1.461177e-07,-0.0114547
1.461677e-07,-0.00901054
1.462177e-07,-0.00711563
1.462677e-07,-0.0023921
1.463177e-07,0.000189363
1.463677e-07,-0.00733533
1.464177e-07,-0.0141735
1.464677e-07,-0.0156015
1.465177e-07,-0.0209567
1.465677e-07,-0.0218629
1.466177e-07,-0.0113448
1.466677e-07,-0.000469734
1.467177e-07,0.00318276
1.467677e-07,-0.00489118
1.468177e-07,-0.0211214
1.468677e-07,-0.0313924
1.469177e-07,-0.0348526
1.469677e-07,-0.0394663
1.470177e-07,-0.0404275
1.470677e-07,-0.0290306
1.471177e-07,-0.00928516
1.471677e-07,0.00691765
1.472177e-07,0.0127946
1.472677e-07,0.011751
1.473177e-07,0.0101582
1.473677e-07,0.00601139
1.474177e-07,-0.00351806
1.474677e-07,-0.0096971
1.475177e-07,-0.00730787
1.475677e-07,-0.00420462
1.476177e-07,-0.00269419
1.476677e-07,-0.00640161
1.477177e-07,-0.0226593
1.477677e-07,-0.0339738
1.478177e-07,-0.02763
1.478677e-07,-0.0158487
1.479177e-07,-0.00747264
1.479677e-07,-0.0122236
1.480177e-07,-0.0222749
1.480677e-07,-0.0169472
1.481177e-07,-0.00483625
1.481677e-07,-0.00403984
1.482177e-07,-0.0114547
1.482677e-07,-0.012718
1.483177e-07,-0.0129926
1.483677e-07,-0.0202152
1.484177e-07,-0.019611
1.484677e-07,-0.0103287
1.485177e-07,-0.00579744
1.485677e-07,-0.00335328
1.486177e-07,-0.00178793
1.486677e-07,-0.00598967
1.487177e-07,-0.00414969
1.487677e-07,0.0044735
1.488177e-07,0.00411648
1.488677e-07,0.00117801
1.489177e-07,-0.000634509
1.489677e-07,-0.0077198
1.490177e-07,-0.00999918
1.490677e-07,-0.00206255
1.491177e-07,0.00491289
1.491677e-07,0.0003816
1.492177e-07,-0.00659385
1.492677e-07,0.00150756
1.493177e-07,0.0122454
1.493677e-07,0.0115588
1.494177e-07,0.0120257
1.494677e-07,0.00884002
1.495177e-07,-0.00774727
1.495677e-07,-0.0209292
1.496177e-07,-0.0233459
1.496677e-07,-0.0253232
1.497177e-07,-0.0281518
1.497677e-07,-0.0310079
1.498177e-07,-0.0310628
1.498677e-07,-0.0205447
1.499177e-07,-0.0125532
1.499677e-07,-0.0161782
1.500177e-07,-0.0124433
1.500677e-07,-0.00478133
1.501177e-07,-0.00966963
1.501677e-07,-0.0144481
1.502177e-07,-0.0128827
1.502677e-07,-0.0135418
1.503177e-07,-0.0166725
1.503677e-07,-0.0151621
1.504177e-07,-0.00302374
1.504677e-07,0.00252367
1.505177e-07,-0.0079395
1.505677e-07,-0.0117842
1.506177e-07,-0.0107956
1.506677e-07,-0.0186773
1.507177e-07,-0.0266689
1.507677e-07,-0.0311178
1.508177e-07,-0.0246366
1.508677e-07,-0.00799443
1.509177e-07,-0.00101898
1.509677e-07,-0.00200763
1.510177e-07,-0.00285896
1.510677e-07,-0.0121687
1.511177e-07,-0.026202
1.511677e-07,-0.0259823
1.512177e-07,-0.0125532
1.512677e-07,-0.00233718
1.513177e-07,0.000244288
1.513677e-07,-0.00469894
1.514177e-07,-0.0104111
1.514677e-07,-0.00744518
1.515177e-07,-0.00321597
1.515677e-07,-0.00489118
1.516177e-07,-0.00807682
1.516677e-07,-0.0119765
1.517177e-07,-0.0124983
1.517677e-07,-0.0021724
1.518177e-07,0.00554453
1.518677e-07,0.0027159
1.519177e-07,0.00353977
1.519677e-07,0.00933434
1.520177e-07,0.0129594
1.520677e-07,0.011394
1.521177e-07,0.00439111
1.521677e-07,-0.000661971
1.522177e-07,-0.000661971
1.522677e-07,-0.00351806
1.523177e-07,-0.0132947
1.523677e-07,-0.0198307
1.524177e-07,-0.014915
1.524677e-07,-0.00544043
1.525177e-07,-0.00417716
1.525677e-07,-0.00909292
1.526177e-07,-0.00615445
1.526677e-07,0.00299053
1.527177e-07,0.00916956
1.527677e-07,0.0115863
1.528177e-07,0.0113116
1.528677e-07,0.0136185
1.529177e-07,0.0151838
1.529677e-07,0.0082633
1.530177e-07,0.00260605
1.530677e-07,-0.00414969
1.531177e-07,-0.023291
1.531677e-07,-0.0392192
1.532177e-07,-0.0394938
1.532677e-07,-0.029113
1.533177e-07,-0.0169746
1.533677e-07,-0.0152994
1.534177e-07,-0.0199131
1.534677e-07,-0.0160684
1.535177e-07,-0.00219986
1.535677e-07,0.00683526
1.536177e-07,-0.000607046
1.536677e-07,-0.00774727
1.537177e-07,-0.00291389
1.537677e-07,0.000903385
1.538177e-07,-0.00110137
1.538677e-07,-0.00887322
1.539177e-07,-0.0185949
1.539677e-07,-0.021094
1.540177e-07,-0.0209841
1.540677e-07,-0.0207919
1.541177e-07,-0.0158761
1.541677e-07,-0.0118666
1.542177e-07,-0.0109054
1.542677e-07,-0.00953232
1.543177e-07,-0.00950486
1.543677e-07,-0.00953232
1.544177e-07,-0.0129102
1.544677e-07,-0.0220277
1.545177e-07,-0.026559
1.545677e-07,-0.0257626
1.546177e-07,-0.0256253
1.546677e-07,-0.0245268
1.547177e-07,-0.0241148
1.547677e-07,-0.0272456
1.548177e-07,-0.028042
1.548677e-07,-0.0164254
1.549177e-07,-0.000359885
1.549677e-07,-0.000167648
1.550177e-07,-0.00634669
1.550677e-07,-0.0021724
1.551177e-07,0.00537975
1.551677e-07,0.012877
1.552177e-07,0.0188912
1.552677e-07,0.0196602
1.553177e-07,0.013948
1.553677e-07,0.00562692
1.554177e-07,0.0074669
1.554677e-07,0.0168865
1.555177e-07,0.022324
1.555677e-07,0.0262237
1.556177e-07,0.027844
1.556677e-07,0.0219396
1.557177e-07,0.0194954
1.557677e-07,0.024933
1.558177e-07,0.0182322
1.558677e-07,-0.00123868
1.559177e-07,-0.0100816
1.559677e-07,-0.0121962
1.560177e-07,-0.0185949
1.560677e-07,-0.0128827
1.561177e-07,0.00274337
1.561677e-07,0.00798868
1.562177e-07,0.00631348
1.562677e-07,0.00911464
1.563177e-07,0.0167492
1.563677e-07,0.0182596
1.564177e-07,0.00996597
1.564677e-07,0.00307291
1.565177e-07,-0.00101898
1.565677e-07,-0.0111801
1.566177e-07,-0.0216158
1.566677e-07,-0.0196659
1.567177e-07,-0.017057
1.567677e-07,-0.0252408
1.568177e-07,-0.030184
1.568677e-07,-0.0255429
1.569177e-07,-0.0198856
1.569677e-07,-0.0132672
1.570177e-07,-0.0062643
1.570677e-07,-0.00546789
1.571177e-07,-0.00854368
1.571677e-07,-0.00901054
1.572177e-07,-0.00854368
1.572677e-07,-0.0121412
1.573177e-07,-0.0118666
1.573677e-07,-0.00434193
1.574177e-07,-0.00134853
1.574677e-07,-0.00203509
1.575177e-07,-5.77984e-05
1.575677e-07,-0.00181539
1.576177e-07,-0.0103837
1.576677e-07,-0.0175513
1.577177e-07,-0.0212313
1.577677e-07,-0.024005
1.578177e-07,-0.022522
1.578677e-07,-0.015272
1.579177e-07,-0.00763742
1.579677e-07,-0.00143092
1.580177e-07,0.00474812
1.580677e-07,0.00208427
1.581177e-07,-0.00980695
1.581677e-07,-0.0153543
1.582177e-07,-0.0133771
1.582677e-07,-0.0137615
1.583177e-07,-0.0166725
1.583677e-07,-0.019254
1.584177e-07,-0.0184576
1.584677e-07,-0.0120039
1.585177e-07,-0.00420462
1.585677e-07,0.00131532
1.586177e-07,0.00507767
1.586677e-07,0.00974627
1.587177e-07,0.0153761
1.587677e-07,0.0158429
1.588177e-07,0.012877
1.588677e-07,0.0116137
1.589177e-07,0.0102955
1.589677e-07,0.0150191
1.590177e-07,0.0255921
1.590677e-07,0.0290249
1.591177e-07,0.0177653
1.591677e-07,-0.00184285
1.592177e-07,-0.00975202
1.592677e-07,-0.00826905
1.593177e-07,-0.0175788
1.593677e-07,-0.0285363
1.594177e-07,-0.0213961
1.594677e-07,-0.00848875
1.595177e-07,-0.0103287
1.595677e-07,-0.0170845
1.596177e-07,-0.0185125
