LECROYWR640Zi,59892,Waveform
Segments,1,SegmentSize,4002
Segment,TrigTime,TimeSinceSegment1
#1,01-Nov-2023 13:34:08,0                 
Time,Ampl
-4.041297e-08,-0.00255688
-4.036297e-08,-0.0106308
-4.031297e-08,-0.0168373
-4.026297e-08,-0.0214235
-4.021297e-08,-0.0318318
-4.016297e-08,-0.0332049
-4.011297e-08,-0.022522
-4.006297e-08,-0.013432
-4.001297e-08,-0.00126614
-3.996297e-08,0.0115588
-3.991297e-08,0.0176554
-3.986297e-08,0.0173259
-3.981297e-08,0.00925195
-3.976297e-08,0.00178218
-3.971297e-08,-0.000167648
-3.966297e-08,-0.00442432
-3.961297e-08,-0.0116744
-3.956297e-08,-0.012718
-3.951297e-08,-0.00744518
-3.946297e-08,-0.00225479
-3.941297e-08,-0.000222573
-3.936297e-08,-0.00132107
-3.931297e-08,0.000930848
-3.926297e-08,0.00455588
-3.921297e-08,0.00178218
-3.916297e-08,-0.00187032
-3.911297e-08,-0.000716896
-3.906297e-08,-0.0023921
-3.901297e-08,-0.0077198
-3.896297e-08,-0.00615445
-3.891297e-08,-0.00219986
-3.886297e-08,-0.00678608
-3.881297e-08,-0.0108231
-3.876297e-08,-0.00656638
-3.871297e-08,-0.00491864
-3.866297e-08,-0.00640161
-3.861297e-08,-0.00513834
-3.856297e-08,-0.00612699
-3.851297e-08,-0.00870845
-3.846297e-08,-0.0111801
-3.841297e-08,-0.0120039
-3.836297e-08,-0.00835144
-3.831297e-08,-0.00541296
-3.826297e-08,-0.00458909
-3.821297e-08,-0.00252941
-3.816297e-08,0.0024962
-3.811297e-08,0.00700004
-3.806297e-08,0.00603885
-3.801297e-08,0.00576423
-3.796297e-08,0.0102681
-3.791297e-08,0.0159253
-3.786297e-08,0.0240816
-3.781297e-08,0.0334738
-3.776297e-08,0.0381424
-3.771297e-08,0.0405316
-3.766297e-08,0.0431955
-3.761297e-08,0.0395979
-3.756297e-08,0.0318535
-3.751297e-08,0.0284756
-3.746297e-08,0.0251252
-3.741297e-08,0.0217473
-3.736297e-08,0.0214727
-3.731297e-08,0.0205115
-3.726297e-08,0.0213354
-3.721297e-08,0.0210333
-3.716297e-08,0.00996597
-3.711297e-08,-0.00997172
-3.706297e-08,-0.0217256
-3.701297e-08,-0.0187322
-3.696297e-08,-0.0125806
-3.691297e-08,-0.00906546
-3.686297e-08,-0.00846129
-3.681297e-08,-0.00431447
-3.676297e-08,0.0070275
-3.671297e-08,0.0151014
-3.666297e-08,0.0131241
-3.661297e-08,0.00796122
-3.656297e-08,0.00952657
-3.651297e-08,0.0169963
-3.646297e-08,0.0210333
-3.641297e-08,0.0175731
-3.636297e-08,0.00859285
-3.631297e-08,-0.00505595
-3.626297e-08,-0.013075
-3.621297e-08,-0.00802189
-3.616297e-08,-0.00129361
-3.611297e-08,0.00304545
-3.606297e-08,0.00661556
-3.601297e-08,0.00307291
-3.596297e-08,-0.00296881
-3.591297e-08,-0.00662131
-3.586297e-08,-0.0131574
-3.581297e-08,-0.0175239
-3.576297e-08,-0.0158487
-3.571297e-08,-0.0145854
-3.566297e-08,-0.0116469
-3.561297e-08,-0.00373776
-3.556297e-08,0.00285321
-3.551297e-08,0.00911464
-3.546297e-08,0.0158978
-3.541297e-08,0.0147444
-3.536297e-08,0.0116137
-3.531297e-08,0.0147444
-3.526297e-08,0.0164196
-3.521297e-08,0.0169414
-3.516297e-08,0.0198524
-3.511297e-08,0.0233402
-3.506297e-08,0.0288876
-3.501297e-08,0.0277891
-3.496297e-08,0.0157056
-3.491297e-08,0.00191949
-3.486297e-08,-0.00620937
-3.481297e-08,-0.00780219
-3.476297e-08,-0.00895561
-3.471297e-08,-0.00593475
-3.466297e-08,0.00158994
-3.461297e-08,0.00356724
-3.456297e-08,0.000793536
-3.451297e-08,-0.000222573
-3.446297e-08,0.00348485
-3.441297e-08,0.00213919
-3.436297e-08,-0.00651146
-3.431297e-08,-0.00662131
-3.426297e-08,-0.00107391
-3.421297e-08,-0.00241956
-3.416297e-08,-0.00316105
-3.411297e-08,0.00414395
-3.406297e-08,0.0120531
-3.401297e-08,0.0155134
-3.396297e-08,0.0146071
-3.391297e-08,0.00988359
-3.386297e-08,0.00691765
-3.381297e-08,0.00529737
-3.376297e-08,0.00189203
-3.371297e-08,0.000216825
-3.366297e-08,-0.00318851
-3.361297e-08,-0.0121412
-3.356297e-08,-0.0188146
-3.351297e-08,-0.0175788
-3.346297e-08,-0.0140362
-3.341297e-08,-0.00851621
-3.336297e-08,0.00505021
-3.331297e-08,0.0189187
-3.326297e-08,0.0227909
-3.321297e-08,0.0200996
-3.316297e-08,0.0184244
-3.311297e-08,0.021253
-3.306297e-08,0.0246309
-3.301297e-08,0.0242464
-3.296297e-08,0.0269377
-3.291297e-08,0.0312219
-3.286297e-08,0.0228458
-3.281297e-08,0.00991105
-3.276297e-08,0.00444603
-3.271297e-08,-0.000909132
-3.266297e-08,-0.00868099
-3.261297e-08,-0.0149973
-3.256297e-08,-0.0161782
-3.251297e-08,-0.0115371
-3.246297e-08,-0.0111526
-3.241297e-08,-0.0154917
-3.236297e-08,-0.0127729
-3.231297e-08,-0.00854368
-3.226297e-08,-0.0128827
-3.221297e-08,-0.0234558
-3.216297e-08,-0.0292778
-3.211297e-08,-0.0199955
-3.206297e-08,-0.00711563
-3.201297e-08,-0.000579584
-3.196297e-08,0.00763167
-3.191297e-08,0.0132615
-3.186297e-08,0.00875763
-3.181297e-08,0.00499528
-3.176297e-08,0.00705496
-3.171297e-08,0.00878509
-3.166297e-08,0.0129868
-3.161297e-08,0.0145522
-3.156297e-08,0.00691765
-3.151297e-08,0.000601299
-3.146297e-08,-0.00211748
-3.141297e-08,-0.00659385
-3.136297e-08,-0.0109054
-3.131297e-08,-0.00708817
-3.126297e-08,0.00348485
-3.121297e-08,0.00576423
-3.116297e-08,-0.0021724
-3.111297e-08,-0.00920277
-3.106297e-08,-0.00892815
-3.101297e-08,-0.00975202
-3.096297e-08,-0.0135968
-3.091297e-08,-0.00387507
-3.086297e-08,0.0107075
-3.081297e-08,0.0130692
-3.076297e-08,0.0147444
-3.071297e-08,0.0169689
-3.066297e-08,0.0089224
-3.061297e-08,-0.000771821
-3.056297e-08,-0.00667623
-3.051297e-08,-0.0142009
-3.046297e-08,-0.0190892
-3.041297e-08,-0.0131024
-3.036297e-08,-0.00129361
-3.031297e-08,0.00617616
-3.026297e-08,0.00664302
-3.021297e-08,0.00208427
-3.016297e-08,0.000299213
-3.011297e-08,-0.000936595
-3.006297e-08,-0.00876338
-3.001297e-08,-0.00975202
-2.996297e-08,0.00150756
-2.991297e-08,0.00864778
-2.986297e-08,0.00397917
-2.981297e-08,-0.0051658
-2.976297e-08,-0.006484
-2.971297e-08,-0.00088167
-2.966297e-08,-0.00417716
-2.961297e-08,-0.0151346
-2.956297e-08,-0.0193364
-2.951297e-08,-0.01486
-2.946297e-08,-0.00909292
-2.941297e-08,-0.0032709
-2.936297e-08,0.00279829
-2.931297e-08,0.00491289
-2.926297e-08,0.00749436
-2.921297e-08,0.0127671
-2.916297e-08,0.0122179
-2.911297e-08,0.00502274
-2.906297e-08,0.000106976
-2.901297e-08,-0.00555028
-2.896297e-08,-0.0171943
-2.891297e-08,-0.0227692
-2.886297e-08,-0.017771
-2.881297e-08,-0.0119765
-2.876297e-08,-0.0137341
-2.871297e-08,-0.0143657
-2.866297e-08,-0.00387507
-2.861297e-08,0.00150756
-2.856297e-08,-0.00126614
-2.851297e-08,-0.000414809
-2.846297e-08,-0.000854208
-2.841297e-08,-0.00629176
-2.836297e-08,-0.0088183
-2.831297e-08,-0.00483625
-2.826297e-08,-0.000524659
-2.821297e-08,0.00386932
-2.816297e-08,0.00763167
-2.811297e-08,0.00754928
-2.806297e-08,0.00255113
-2.801297e-08,-0.00354552
-2.796297e-08,-0.00137599
-2.791297e-08,0.000930848
-2.786297e-08,-0.00467148
-2.781297e-08,-0.009038
-2.776297e-08,-0.00917531
-2.771297e-08,-0.0118941
-2.766297e-08,-0.0165352
-2.761297e-08,-0.00997172
-2.756297e-08,0.0054896
-2.751297e-08,0.0122454
-2.746297e-08,0.0157605
-2.741297e-08,0.0255097
-2.736297e-08,0.029272
-2.731297e-08,0.0253724
-2.726297e-08,0.0272947
-2.721297e-08,0.0305628
-2.716297e-08,0.0277616
-2.711297e-08,0.0242739
-2.706297e-08,0.0164196
-2.701297e-08,0.00916956
-2.696297e-08,0.0113391
-2.691297e-08,0.0063684
-2.686297e-08,-0.00810428
-2.681297e-08,-0.0094774
-2.676297e-08,-0.00088167
-2.671297e-08,0.00117801
-2.666297e-08,0.00463827
-2.661297e-08,0.0125474
-2.656297e-08,0.0155408
-2.651297e-08,0.0174632
-2.646297e-08,0.0208136
-2.641297e-08,0.024933
-2.636297e-08,0.0263061
-2.631297e-08,0.0145247
-2.626297e-08,7.95135e-05
-2.621297e-08,-0.00497357
-2.616297e-08,-0.0131024
-2.611297e-08,-0.0232361
-2.606297e-08,-0.0233459
-2.601297e-08,-0.0151072
-2.596297e-08,-0.00321597
-2.591297e-08,0.00161741
-2.586297e-08,-0.00214494
-2.581297e-08,0.00312784
-2.576297e-08,0.0133438
-2.571297e-08,0.00925195
-2.566297e-08,0.00268844
-2.561297e-08,-5.77984e-05
-2.556297e-08,-0.00750011
-2.551297e-08,-0.00398492
-2.546297e-08,0.00559945
-2.541297e-08,0.00318276
-2.536297e-08,0.00150756
-2.531297e-08,0.00408902
-2.526297e-08,0.00189203
-2.521297e-08,0.00161741
-2.516297e-08,0.00842808
-2.511297e-08,0.0127946
-2.506297e-08,0.00540722
-2.501297e-08,-0.0108231
-2.496297e-08,-0.0242522
-2.491297e-08,-0.0248838
-2.486297e-08,-0.0177436
-2.481297e-08,-0.0156564
-2.476297e-08,-0.0126356
-2.471297e-08,-0.00497357
-2.466297e-08,-0.00343567
-2.461297e-08,-0.00236464
-2.456297e-08,0.00603885
-2.451297e-08,0.0130143
-2.446297e-08,0.0114489
-2.441297e-08,0.00502274
-2.436297e-08,-0.000964057
-2.431297e-08,-0.00354552
-2.426297e-08,-0.00115629
-2.421297e-08,-0.00379268
-2.416297e-08,-0.00977948
-2.411297e-08,-0.00332582
-2.406297e-08,0.00288068
-2.401297e-08,-0.00280404
-2.396297e-08,-0.00579744
-2.391297e-08,-0.00241956
-2.386297e-08,-0.00206255
-2.381297e-08,-0.00667623
-2.376297e-08,-0.00747264
-2.371297e-08,-0.0053855
-2.366297e-08,-0.0131299
-2.361297e-08,-0.0255154
-2.356297e-08,-0.0300742
-2.351297e-08,-0.0274927
-2.346297e-08,-0.0194462
-2.341297e-08,-0.0113174
-2.336297e-08,-0.00728041
-2.331297e-08,0.000656224
-2.326297e-08,0.00757675
-2.321297e-08,0.00197442
-2.316297e-08,-0.00725294
-2.311297e-08,-0.0126081
-2.306297e-08,-0.0184851
-2.301297e-08,-0.0248014
-2.296297e-08,-0.0263668
-2.291297e-08,-0.0232086
-2.286297e-08,-0.0206271
-2.281297e-08,-0.0186498
-2.276297e-08,-0.0180457
-2.271297e-08,-0.0152445
-2.266297e-08,-0.00310612
-2.261297e-08,0.00186457
-2.256297e-08,-0.00813174
-2.251297e-08,-0.00829651
-2.246297e-08,0.00419887
-2.241297e-08,0.0103504
-2.236297e-08,0.00716481
-2.231297e-08,0.00562692
-2.226297e-08,0.0127946
-2.221297e-08,0.0200721
-2.216297e-08,0.0200721
-2.211297e-08,0.0180674
-2.206297e-08,0.0160352
-2.201297e-08,0.00974627
-2.196297e-08,0.00466573
-2.191297e-08,0.00145263
-2.186297e-08,-0.00829651
-2.181297e-08,-0.0171119
-2.176297e-08,-0.0183752
-2.171297e-08,-0.0167549
-2.166297e-08,-0.00681355
-2.161297e-08,0.0122454
-2.156297e-08,0.0253174
-2.151297e-08,0.0261688
-2.146297e-08,0.0167492
-2.141297e-08,0.00156248
-2.136297e-08,-0.00533058
-2.131297e-08,-0.00250195
-2.126297e-08,-0.00469894
-2.121297e-08,-0.00876338
-2.116297e-08,-0.00338075
-2.111297e-08,0.00123293
-2.106297e-08,-0.00464402
-2.101297e-08,-0.0117019
-2.096297e-08,-0.0143382
-2.091297e-08,-0.0147502
-2.086297e-08,-0.0107407
-2.081297e-08,-0.00464402
-2.076297e-08,0.00178218
-2.071297e-08,0.00760421
-2.066297e-08,0.00801614
-2.061297e-08,0.00710988
-2.056297e-08,0.00546214
-2.051297e-08,0.00145263
-2.046297e-08,-0.000497197
-2.041297e-08,0.000656224
-2.036297e-08,0.00667049
-2.031297e-08,0.011037
-2.026297e-08,0.00793376
-2.021297e-08,0.00735705
-2.016297e-08,0.00694511
-2.011297e-08,-0.000332422
-2.006297e-08,-0.00513834
-2.001297e-08,-0.00920277
-1.996297e-08,-0.0202701
-1.991297e-08,-0.0270533
-1.986297e-08,-0.0221925
-1.981297e-08,-0.0137066
-1.976297e-08,-0.00980695
-1.971297e-08,-0.0126356
-1.966297e-08,-0.0165627
-1.961297e-08,-0.0172218
-1.956297e-08,-0.0117019
-1.951297e-08,-0.00458909
-1.946297e-08,-0.00782965
-1.941297e-08,-0.0157114
-1.936297e-08,-0.0169472
-1.931297e-08,-0.0117842
-1.926297e-08,-0.00445178
-1.921297e-08,0.00310038
-1.916297e-08,0.00779644
-1.911297e-08,0.00321023
-1.906297e-08,-0.00384761
-1.901297e-08,-0.00439686
-1.896297e-08,-0.00656638
-1.891297e-08,-0.0104386
-1.886297e-08,-0.00741772
-1.881297e-08,-0.0088183
-1.876297e-08,-0.0170021
-1.871297e-08,-0.0175788
-1.866297e-08,-0.0204349
-1.861297e-08,-0.024362
-1.856297e-08,-0.0155191
-1.851297e-08,-0.00988933
-1.846297e-08,-0.0117019
-1.841297e-08,-0.00958725
-1.836297e-08,-0.00502849
-1.831297e-08,0.00395171
-1.826297e-08,0.0131516
-1.821297e-08,0.0152662
-1.816297e-08,0.0178477
-1.811297e-08,0.0144423
-1.806297e-08,-0.00230971
-1.801297e-08,-0.00752757
-1.796297e-08,0.00433618
-1.791297e-08,0.00609378
-1.786297e-08,-0.00461655
-1.781297e-08,-0.0145305
-1.776297e-08,-0.0201603
-1.771297e-08,-0.017057
-1.766297e-08,-0.0102189
-1.761297e-08,-0.0117293
-1.756297e-08,-0.0189519
-1.751297e-08,-0.0227692
-1.746297e-08,-0.0187871
-1.741297e-08,-0.0140636
-1.736297e-08,-0.0163979
-1.731297e-08,-0.019968
-1.726297e-08,-0.019254
-1.721297e-08,-0.0162057
-1.716297e-08,-0.0126905
-1.711297e-08,-0.00843383
-1.706297e-08,-0.00835144
-1.701297e-08,-0.0137066
-1.696297e-08,-0.0133221
-1.691297e-08,-0.00868099
-1.686297e-08,-0.0120589
-1.681297e-08,-0.0187871
-1.676297e-08,-0.0208468
-1.671297e-08,-0.0210391
-1.666297e-08,-0.0190068
-1.661297e-08,-0.0121687
-1.656297e-08,-0.00417716
-1.651297e-08,0.000244288
-1.646297e-08,0.0093618
-1.641297e-08,0.024521
-1.636297e-08,0.0280637
-1.631297e-08,0.0254822
-1.626297e-08,0.0287502
-1.621297e-08,0.022736
-1.616297e-08,0.0089224
-1.611297e-08,0.00708242
-1.606297e-08,0.0130418
-1.601297e-08,0.0127397
-1.596297e-08,0.0107349
-1.591297e-08,0.0131516
-1.586297e-08,0.0113391
-1.581297e-08,0.00700004
-1.576297e-08,0.00417141
-1.571297e-08,-0.00393
-1.566297e-08,-0.00799443
-1.561297e-08,-0.00332582
-1.556297e-08,0.000903385
-1.551297e-08,0.00422633
-1.546297e-08,0.00450096
-1.541297e-08,0.00219412
-1.536297e-08,0.000354137
-1.531297e-08,-0.000442272
-1.526297e-08,0.00213919
-1.521297e-08,0.00246874
-1.516297e-08,-0.0026118
-1.511297e-08,-0.00975202
-1.506297e-08,-0.0145305
-1.501297e-08,-0.00980695
-1.496297e-08,0.00219412
-1.491297e-08,0.0112842
-1.486297e-08,0.0111743
-1.481297e-08,0.00386932
-1.476297e-08,-0.000744358
-1.471297e-08,-0.00030496
-1.466297e-08,-0.00310612
-1.461297e-08,-0.0135144
-1.456297e-08,-0.0199955
-1.451297e-08,-0.00895561
-1.446297e-08,0.00392425
-1.441297e-08,0.00749436
-1.436297e-08,0.0136459
-1.431297e-08,0.0166668
-1.426297e-08,0.0115588
-1.421297e-08,0.00669795
-1.416297e-08,0.00469319
-1.411297e-08,0.00153502
-1.406297e-08,-0.00651146
-1.401297e-08,-0.0151072
-1.396297e-08,-0.0184851
-1.391297e-08,-0.0170021
-1.386297e-08,-0.0190068
-1.381297e-08,-0.0235107
-1.376297e-08,-0.0197758
-1.371297e-08,-0.0130475
-1.366297e-08,-0.0118392
-1.361297e-08,-0.0117842
-1.356297e-08,-0.00950486
-1.351297e-08,-0.00546789
-1.346297e-08,0.00414395
-1.341297e-08,0.0135361
-1.336297e-08,0.0144423
-1.331297e-08,0.0162823
-1.326297e-08,0.0155683
-1.321297e-08,0.00496782
-1.316297e-08,0.00123293
-1.311297e-08,0.00579169
-1.306297e-08,0.00763167
-1.301297e-08,0.0068078
-1.296297e-08,0.000656224
-1.291297e-08,-0.0034906
-1.286297e-08,0.000628761
-1.281297e-08,0.000766073
-1.276297e-08,-0.0037103
-1.271297e-08,-0.00645653
-1.266297e-08,-0.0117293
-1.261297e-08,-0.0200779
-1.256297e-08,-0.0206271
-1.251297e-08,-0.00807682
-1.246297e-08,0.00131532
-1.241297e-08,0.0042538
-1.236297e-08,0.0133438
-1.231297e-08,0.0158978
-1.226297e-08,0.00760421
-1.221297e-08,0.00804361
-1.216297e-08,0.0159253
-1.211297e-08,0.0169963
-1.206297e-08,0.00675287
-1.201297e-08,-0.00755503
-1.196297e-08,-0.0124708
-1.191297e-08,-0.00744518
-1.186297e-08,-0.0030512
-1.181297e-08,-0.00178793
-1.176297e-08,0.00219412
-1.171297e-08,0.00364962
-1.166297e-08,-0.00458909
-1.161297e-08,-0.0106308
-1.156297e-08,-0.00955978
-1.151297e-08,-0.0153818
-1.146297e-08,-0.0265865
-1.141297e-08,-0.0251584
-1.136297e-08,-0.0132397
-1.131297e-08,-0.010164
-1.126297e-08,-0.0140087
-1.121297e-08,-0.00681355
-1.116297e-08,0.00757675
-1.111297e-08,0.00845554
-1.106297e-08,0.00169979
-1.101297e-08,0.00169979
-1.096297e-08,-0.00442432
-1.091297e-08,-0.0182654
-1.086297e-08,-0.0260372
-1.081297e-08,-0.0334521
-1.076297e-08,-0.0433385
-1.071297e-08,-0.041883
-1.066297e-08,-0.0314473
-1.061297e-08,-0.0191442
-1.056297e-08,-0.00414969
-1.051297e-08,0.000711148
-1.046297e-08,-0.00382015
-1.041297e-08,-0.00316105
-1.036297e-08,-0.001733
-1.031297e-08,-0.0083789
-1.026297e-08,-0.0198307
-1.021297e-08,-0.023648
-1.016297e-08,-0.0157937
-1.011297e-08,-0.0067037
-1.006297e-08,-0.00291389
-1.001297e-08,-0.00285896
-9.962968e-09,-0.00747264
-9.912968e-09,-0.0137341
-9.862968e-09,-0.0135418
-9.812968e-09,-0.0124159
-9.762968e-09,-0.0133771
-9.712968e-09,-0.0085986
-9.662968e-09,-0.00296881
-9.612968e-09,0.00084846
-9.562968e-09,0.00244128
-9.512968e-09,-0.001733
-9.462968e-09,-0.00464402
-9.412968e-09,-0.00544043
-9.362968e-09,-0.00329836
-9.312968e-09,-0.00030496
-9.262968e-09,-0.00258434
-9.212968e-09,0.000573836
-9.162968e-09,0.00675287
-9.112968e-09,0.00480304
-9.062968e-09,0.00200188
-9.012968e-09,0.000903385
-8.962968e-09,-0.00030496
-8.912968e-09,0.00153502
-8.862968e-09,0.00101323
-8.812968e-09,-0.00280404
-8.762968e-09,-0.00401238
-8.712968e-09,-0.00206255
-8.662968e-09,0.00246874
-8.612968e-09,0.00027175
-8.562968e-09,-0.0062643
-8.512968e-09,-0.0058249
-8.462968e-09,-0.00112883
-8.412968e-09,0.00634094
-8.362968e-09,0.00996597
-8.312968e-09,0.00831823
-8.262968e-09,0.0104603
-8.212968e-09,0.00960896
-8.162968e-09,0.00312784
-8.112968e-09,-0.000524659
-8.062968e-09,-0.00439686
-8.012968e-09,-0.00571505
-7.962968e-09,0.00161741
-7.912968e-09,0.00285321
-7.862968e-09,-0.00618191
-7.812968e-09,-0.0124708
-7.762968e-09,-0.0199406
-7.712968e-09,-0.0243895
-7.662968e-09,-0.0122511
-7.612968e-09,0.00137025
-7.562968e-09,0.00224904
-7.512968e-09,-0.000799283
-7.462968e-09,-0.00662131
-7.412968e-09,-0.0148051
-7.362968e-09,-0.0129377
-7.312968e-09,-0.00700578
-7.262968e-09,-0.0146403
-7.212968e-09,-0.028042
-7.162968e-09,-0.0244169
-7.112968e-09,-0.00706071
-7.062968e-09,0.00326515
-7.012968e-09,0.00535229
-6.962968e-09,0.00634094
-6.912968e-09,0.00469319
-6.862968e-09,0.00285321
-6.812968e-09,0.00691765
-6.762968e-09,0.0068078
-6.712968e-09,-0.000771821
-6.662968e-09,-0.00365537
-6.612968e-09,-0.00585236
-6.562968e-09,-0.00497357
-6.512968e-09,-0.00269419
-6.462968e-09,-0.0134594
-6.412968e-09,-0.0219728
-6.362968e-09,-0.0156015
-6.312968e-09,-0.00791204
-6.262968e-09,-0.00557774
-6.212968e-09,-0.00099152
-6.162968e-09,0.0105152
-6.112968e-09,0.0219396
-6.062968e-09,0.0239169
-6.012968e-09,0.0161175
-5.962968e-09,0.00373201
-5.912968e-09,-0.00807682
-5.862968e-09,-0.0101365
-5.812968e-09,0.00158994
-5.762968e-09,0.0181223
-5.712968e-09,0.022324
-5.662968e-09,0.0193581
-5.612968e-09,0.0284756
-5.562968e-09,0.0347096
-5.512968e-09,0.0224614
-5.462968e-09,0.00260605
-5.412968e-09,-0.0136242
-5.362968e-09,-0.0149699
-5.312968e-09,-0.00607206
-5.262968e-09,-0.00192524
-5.212968e-09,0.00312784
-5.162968e-09,0.00911464
-5.112968e-09,0.00540722
-5.062968e-09,-0.000689433
-5.012968e-09,-0.00294135
-4.962968e-09,-0.00296881
-4.912968e-09,0.000299213
-4.862968e-09,-0.00280404
-4.812968e-09,-0.0156015
-4.762968e-09,-0.0160684
-4.712968e-09,-0.00398492
-4.662968e-09,-0.00431447
-4.612968e-09,-0.00953232
-4.562968e-09,-0.0115645
-4.512968e-09,-0.0179084
-4.462968e-09,-0.0134869
-4.412968e-09,-0.00527565
-4.362968e-09,-0.0128827
-4.312968e-09,-0.0195012
-4.262968e-09,-0.0166451
-4.212968e-09,-0.0137615
-4.162968e-09,-0.0118392
-4.112968e-09,-0.00629176
-4.062968e-09,0.00235889
-4.012968e-09,0.0072472
-3.962968e-09,0.00862032
-3.912968e-09,0.00496782
-3.862968e-09,-0.00395746
-3.812968e-09,-0.00651146
-3.762968e-09,-0.00640161
-3.712968e-09,-0.0151346
-3.662968e-09,-0.0239775
-3.612968e-09,-0.0253781
-3.562968e-09,-0.0205722
-3.512968e-09,-0.0100816
-3.462968e-09,-0.00362791
-3.412968e-09,-0.00681355
-3.362968e-09,-0.00944993
-3.312968e-09,-0.00285896
-3.262968e-09,0.00650571
-3.212968e-09,0.00730212
-3.162968e-09,0.00444603
-3.112968e-09,0.0082633
-3.062968e-09,0.0123277
-3.012968e-09,0.00804361
-2.962968e-09,0.00301799
-2.912968e-09,0.00771406
-2.862968e-09,0.0141128
-2.812968e-09,0.00774152
-2.762968e-09,-0.00439686
-2.712968e-09,-0.00826905
-2.662968e-09,-0.00436939
-2.612968e-09,0.00202934
-2.562968e-09,0.00625855
-2.512968e-09,0.00282575
-2.462968e-09,-0.00942247
-2.412968e-09,-0.0151346
-2.362968e-09,-0.00791204
-2.312968e-09,-0.00478133
-2.262968e-09,-0.00766488
-2.212968e-09,-0.0101914
-2.162968e-09,-0.0114547
-2.112968e-09,-0.00936755
-2.062968e-09,-0.0079395
-2.012968e-09,-0.00329836
-1.962968e-09,0.00719227
-1.912968e-09,0.00851047
-1.862968e-09,0.00689019
-1.812968e-09,0.0150465
-1.762968e-09,0.0152113
-1.712968e-09,0.00395171
-1.662968e-09,-0.00480879
-1.612968e-09,-0.0112075
-1.562968e-09,-0.0157388
-1.512968e-09,-0.0197483
-1.462968e-09,-0.0258175
-1.412968e-09,-0.0274378
-1.362968e-09,-0.0241423
-1.312968e-09,-0.0174964
-1.262968e-09,-0.00533058
-1.212968e-09,0.00202934
-1.162968e-09,-0.00354552
-1.112968e-09,-0.0107681
-1.062968e-09,-0.00645653
-1.012968e-09,-8.52608e-05
-9.629675e-10,-0.00291389
-9.129675e-10,-0.00522073
-8.629675e-10,-0.00252941
-8.129675e-10,-0.00159569
-7.629675e-10,-0.00593475
-7.129675e-10,-0.00934009
-6.629675e-10,-0.00736279
-6.129675e-10,-0.0105484
-5.629675e-10,-0.0150523
-5.129675e-10,-0.0159036
-4.629675e-10,-0.0219179
-4.129675e-10,-0.0220277
-3.629675e-10,-0.0126081
-3.129675e-10,-0.00412223
-2.629675e-10,0.00807107
-2.129675e-10,0.0260864
-1.629675e-10,0.0469578
-1.129675e-10,0.0736787
-6.296753e-11,0.110149
-1.296753e-11,0.153704
3.703247e-11,0.202065
8.703247e-11,0.255013
1.370325e-10,0.29692
1.870325e-10,0.31944
2.370325e-10,0.332786
2.870325e-10,0.327157
3.370325e-10,0.287968
3.870325e-10,0.228951
4.370325e-10,0.177075
4.870325e-10,0.137227
5.370325e-10,0.104189
5.870325e-10,0.0922158
6.370325e-10,0.0984223
6.870325e-10,0.105617
7.370325e-10,0.113389
7.870325e-10,0.111851
8.370325e-10,0.091749
8.870325e-10,0.0646985
9.370325e-10,0.0464909
9.870325e-10,0.0359729
1.037032e-09,0.0227909
1.087032e-09,0.0228733
1.137032e-09,0.0346547
1.187032e-09,0.0317436
1.237032e-09,0.0247957
1.287032e-09,0.0195503
1.337032e-09,0.00719227
1.387032e-09,-0.00134853
1.437032e-09,-0.00491864
1.487032e-09,-0.00747264
1.537032e-09,-0.00296881
1.587032e-09,0.00318276
1.637032e-09,0.00197442
1.687032e-09,-0.00439686
1.737032e-09,-0.00955978
1.787032e-09,-0.0113723
1.837032e-09,-0.0117568
1.887032e-09,-0.00557774
1.937032e-09,0.00351231
1.987032e-09,0.003375
2.037032e-09,0.00169979
2.087032e-09,0.00458335
2.137032e-09,0.00524244
2.187032e-09,0.00348485
2.237032e-09,0.000518912
2.287032e-09,-0.00541296
2.337032e-09,-0.00884576
2.387032e-09,-0.00307866
2.437032e-09,0.00213919
2.487032e-09,-0.0030512
2.537032e-09,-0.0112625
2.587032e-09,-0.0147227
2.637032e-09,-0.0135418
2.687032e-09,-0.00813174
2.737032e-09,-0.00360045
2.787032e-09,-0.00802189
2.837032e-09,-0.0126081
2.887032e-09,-0.0140636
2.937032e-09,-0.0210391
2.987032e-09,-0.0256253
3.037032e-09,-0.0227143
3.087032e-09,-0.0149973
3.137032e-09,-0.00618191
3.187032e-09,-0.00302374
3.237032e-09,0.00200188
3.287032e-09,0.00919703
3.337032e-09,0.0022765
3.387032e-09,-0.0112899
3.437032e-09,-0.0123609
3.487032e-09,-0.00966963
3.537032e-09,-0.0107956
3.587032e-09,-0.00788458
3.637032e-09,7.95135e-05
3.687032e-09,0.0144149
3.737032e-09,0.0212805
3.787032e-09,0.0100758
3.837032e-09,0.00419887
3.887032e-09,0.00743943
3.937032e-09,0.00430872
3.987032e-09,0.00461081
4.037032e-09,0.0139755
4.087032e-09,0.0170238
4.137032e-09,0.0136734
4.187032e-09,0.0161725
4.237032e-09,0.017985
4.287032e-09,0.0137009
4.337032e-09,0.0144423
4.387032e-09,0.0188089
4.437032e-09,0.016914
4.487032e-09,0.0147994
4.537032e-09,0.0173534
4.587032e-09,0.0205939
4.637032e-09,0.0173534
4.687032e-09,0.0089224
4.737032e-09,0.00664302
4.787032e-09,0.0052699
4.837032e-09,0.00211173
4.887032e-09,0.00535229
4.937032e-09,0.0101857
4.987032e-09,0.00900479
5.037032e-09,0.00818092
5.087032e-09,0.0148817
5.137032e-09,0.0184793
5.187032e-09,0.0136734
5.237032e-09,0.0095815
5.287032e-09,0.00894986
5.337032e-09,0.00647825
5.387032e-09,0.00342992
5.437032e-09,0.00919703
5.487032e-09,0.017216
5.537032e-09,0.0168316
5.587032e-09,0.0122728
5.637032e-09,0.00469319
5.687032e-09,0.00244128
5.737032e-09,0.0063684
5.787032e-09,-0.00384761
5.837032e-09,-0.0180731
5.887032e-09,-0.0197483
5.937032e-09,-0.0177436
5.987032e-09,-0.0106857
6.037032e-09,-0.0032709
6.087032e-09,-0.00277657
6.137032e-09,0.00167233
6.187032e-09,0.0103504
6.237032e-09,0.0117785
6.287032e-09,0.00963642
6.337032e-09,0.0122179
6.387032e-09,0.00606631
6.437032e-09,-0.00854368
6.487032e-09,-0.0127454
6.537032e-09,-0.0186773
6.587032e-09,-0.0375989
6.637032e-09,-0.0486113
6.687032e-09,-0.0388896
6.737032e-09,-0.0209292
6.787032e-09,-0.00840636
6.837032e-09,-0.00236464
6.887032e-09,-0.00165062
6.937032e-09,-0.00436939
6.987032e-09,-0.00241956
7.037032e-09,0.00617616
7.087032e-09,0.0122728
7.137032e-09,0.0110645
7.187032e-09,0.00587408
7.237032e-09,0.00329261
7.287032e-09,0.00606631
7.337032e-09,0.00837315
7.387032e-09,0.00955404
7.437032e-09,0.0124651
7.487032e-09,0.0148543
7.537032e-09,0.0182596
7.587032e-09,0.0257019
7.637032e-09,0.028915
7.687032e-09,0.0215551
7.737032e-09,0.0148817
7.787032e-09,0.0138107
7.837032e-09,0.00991105
7.887032e-09,0.00260605
7.937032e-09,-0.00225479
7.987032e-09,-0.0028315
8.037032e-09,-0.00288642
8.087032e-09,-0.00593475
8.137032e-09,-0.00983441
8.187032e-09,-0.0127729
8.237032e-09,-0.0121412
8.287032e-09,-0.00409477
8.337032e-09,0.00477558
8.387032e-09,0.00840062
8.437032e-09,0.00853793
8.487032e-09,0.00378694
8.537032e-09,-0.000909132
8.587032e-09,-0.0053855
8.637032e-09,-0.0162881
8.687032e-09,-0.0227417
8.737032e-09,-0.0178809
8.787032e-09,-0.0132397
8.837032e-09,-0.00928516
8.887032e-09,0.000491449
8.937032e-09,0.00853793
8.987032e-09,0.0103779
9.037032e-09,0.0123003
9.087032e-09,0.0148543
9.137032e-09,0.0117236
9.187032e-09,0.00384186
9.237032e-09,-0.000140186
9.287032e-09,-0.00143092
9.337032e-09,-0.00384761
9.387032e-09,-0.00780219
9.437032e-09,-0.0173866
9.487032e-09,-0.0254605
9.537032e-09,-0.0319142
9.587032e-09,-0.0427343
9.637032e-09,-0.0465516
9.687032e-09,-0.0441349
9.737032e-09,-0.0432287
9.787032e-09,-0.0358688
9.837032e-09,-0.0157937
9.887032e-09,-0.000414809
9.937032e-09,-0.00500103
9.987032e-09,-0.00511088
1.003703e-08,0.00716481
1.008703e-08,0.00691765
1.013703e-08,-0.00154077
1.018703e-08,-0.00997172
1.023703e-08,-0.0173591
1.028703e-08,-0.0168648
1.033703e-08,-0.0139812
1.038703e-08,-0.00868099
1.043703e-08,0.00183711
1.048703e-08,0.0113666
1.053703e-08,0.0129044
1.058703e-08,0.00782391
1.063703e-08,0.003375
1.068703e-08,0.000463987
1.073703e-08,-0.00099152
1.078703e-08,0.000875923
1.083703e-08,0.00543468
1.088703e-08,0.00930688
1.093703e-08,0.0108997
1.098703e-08,0.0116686
1.103703e-08,0.01068
1.108703e-08,0.0111194
1.113703e-08,0.0150191
1.118703e-08,0.0116137
1.123703e-08,0.000573836
1.128703e-08,-0.00634669
1.133703e-08,-0.00659385
1.138703e-08,-0.00252941
1.143703e-08,0.000436525
1.148703e-08,0.00172726
1.153703e-08,0.00535229
1.158703e-08,0.00944419
1.163703e-08,0.0118334
1.168703e-08,0.0101033
1.173703e-08,0.00798868
1.178703e-08,0.0144149
1.183703e-08,0.0261139
1.188703e-08,0.0287228
1.193703e-08,0.0166943
1.198703e-08,0.000134438
1.203703e-08,-0.00914785
1.208703e-08,-0.00890069
1.213703e-08,-0.0127454
1.218703e-08,-0.0205997
1.223703e-08,-0.0111251
1.228703e-08,0.00433618
1.233703e-08,0.00299053
1.238703e-08,-0.00269419
1.243703e-08,0.00123293
1.248703e-08,0.00559945
1.253703e-08,-0.000140186
1.258703e-08,-0.0056052
1.263703e-08,0.00348485
1.268703e-08,0.0119158
1.273703e-08,0.00537975
1.278703e-08,-0.000634509
1.283703e-08,0.0014801
1.288703e-08,0.000820998
1.293703e-08,-0.00511088
1.298703e-08,-0.00530311
1.303703e-08,0.00200188
1.308703e-08,0.00546214
1.313703e-08,0.00535229
1.318703e-08,0.0042538
1.323703e-08,0.000985772
1.328703e-08,0.00408902
1.333703e-08,0.0138382
1.338703e-08,0.0169963
1.343703e-08,0.00991105
1.348703e-08,0.00441857
1.353703e-08,0.00774152
1.358703e-08,0.00947165
1.363703e-08,0.00708242
1.368703e-08,0.00776898
1.373703e-08,0.00862032
1.378703e-08,0.00982866
1.383703e-08,0.0122454
1.388703e-08,0.0151564
1.393703e-08,0.0168865
1.398703e-08,0.0140579
1.403703e-08,0.00969135
1.408703e-08,0.00224904
1.413703e-08,-0.00420462
1.418703e-08,-0.00634669
1.423703e-08,-0.0105484
1.428703e-08,-0.00810428
1.433703e-08,-0.00214494
1.438703e-08,-0.00414969
1.443703e-08,7.95135e-05
1.448703e-08,0.00807107
1.453703e-08,0.00345739
1.458703e-08,-0.00132107
1.463703e-08,0.00554453
1.468703e-08,0.0118334
1.473703e-08,0.0123827
1.478703e-08,0.0156507
1.483703e-08,0.0195503
1.488703e-08,0.0173259
1.493703e-08,0.0105976
1.498703e-08,0.00845554
1.503703e-08,0.0158978
1.508703e-08,0.0233676
1.513703e-08,0.0203193
1.518703e-08,0.00922449
1.523703e-08,0.000656224
1.528703e-08,-0.00434193
1.533703e-08,-0.00711563
1.538703e-08,-0.00395746
1.543703e-08,0.00241382
1.548703e-08,0.00853793
1.553703e-08,0.011751
1.558703e-08,0.0154859
1.563703e-08,0.0188089
1.568703e-08,0.0116961
1.573703e-08,0.00565438
1.578703e-08,0.00840062
1.583703e-08,0.0107349
1.588703e-08,0.013234
1.593703e-08,0.0195229
1.598703e-08,0.0304255
1.603703e-08,0.0404767
1.608703e-08,0.0365221
1.613703e-08,0.0162549
1.618703e-08,0.000436525
1.623703e-08,-0.0053855
1.628703e-08,-0.0131574
1.633703e-08,-0.0100266
1.638703e-08,0.00117801
1.643703e-08,-0.000414809
1.648703e-08,-0.00145838
1.653703e-08,0.00763167
1.658703e-08,0.00911464
1.663703e-08,0.00134278
1.668703e-08,0.000546374
1.673703e-08,0.00186457
1.678703e-08,-0.00382015
1.683703e-08,-0.00489118
1.688703e-08,-0.00250195
1.693703e-08,-0.00491864
1.698703e-08,-0.00999918
1.703703e-08,-0.0134594
1.708703e-08,-0.00892815
1.713703e-08,-0.00335328
1.718703e-08,-0.00316105
1.723703e-08,0.00169979
1.728703e-08,0.0108997
1.733703e-08,0.011394
1.738703e-08,0.00639586
1.743703e-08,0.0110645
1.748703e-08,0.0143874
1.753703e-08,0.00573677
1.758703e-08,-0.00222733
1.763703e-08,-0.0109329
1.768703e-08,-0.0199955
1.773703e-08,-0.0199406
1.778703e-08,-0.0212588
1.783703e-08,-0.0287835
1.788703e-08,-0.0277124
1.793703e-08,-0.0161508
1.798703e-08,-0.00203509
1.803703e-08,0.00988359
1.808703e-08,0.00749436
1.813703e-08,-0.00351806
1.818703e-08,0.000985772
1.823703e-08,0.00993851
1.828703e-08,0.00609378
1.833703e-08,0.00496782
1.838703e-08,0.0111743
1.843703e-08,0.0124925
1.848703e-08,0.0074669
1.853703e-08,0.00483051
1.858703e-08,0.00730212
1.863703e-08,0.00845554
1.868703e-08,0.0052699
1.873703e-08,0.00156248
1.878703e-08,-0.00143092
1.883703e-08,-0.00269419
1.888703e-08,0.00551707
1.893703e-08,0.0189462
1.898703e-08,0.0236972
1.903703e-08,0.0194954
1.908703e-08,0.0149916
1.913703e-08,0.00922449
1.918703e-08,-0.0056052
1.923703e-08,-0.0177985
1.928703e-08,-0.0172493
1.933703e-08,-0.0227417
1.938703e-08,-0.0330951
1.943703e-08,-0.0275476
1.948703e-08,-0.0132672
1.953703e-08,-0.00631922
1.958703e-08,-0.00711563
1.963703e-08,-0.0032709
1.968703e-08,0.0101857
1.973703e-08,0.015788
1.978703e-08,0.00765913
1.983703e-08,0.0061487
1.988703e-08,0.0175456
1.993703e-08,0.024521
1.998703e-08,0.0176005
2.003703e-08,0.00499528
2.008703e-08,-0.00088167
2.013703e-08,-0.00192524
2.018703e-08,-0.00236464
2.023703e-08,0.00167233
2.028703e-08,0.00186457
2.033703e-08,-0.00513834
2.038703e-08,-0.0079395
2.043703e-08,-0.00955978
2.048703e-08,-0.0154642
2.053703e-08,-0.0163705
2.058703e-08,-0.0114547
2.063703e-08,-0.00706071
2.068703e-08,0.00175472
2.073703e-08,0.0121355
2.078703e-08,0.0204841
2.083703e-08,0.0332266
2.088703e-08,0.0361651
2.093703e-08,0.0229831
2.098703e-08,0.00689019
2.103703e-08,-0.0077198
2.108703e-08,-0.0146678
2.113703e-08,-0.0139263
2.118703e-08,-0.00758249
2.123703e-08,0.000354137
2.128703e-08,0.00266098
2.133703e-08,0.00263352
2.138703e-08,-0.000497197
2.143703e-08,-0.00280404
2.148703e-08,0.000766073
2.153703e-08,0.00145263
2.158703e-08,-0.00266673
2.163703e-08,-0.00417716
2.168703e-08,-0.00134853
2.173703e-08,0.0024962
2.178703e-08,0.00332008
2.183703e-08,0.00326515
2.188703e-08,0.00678034
2.193703e-08,0.00554453
2.198703e-08,-0.00214494
2.203703e-08,-0.00511088
2.208703e-08,-0.00115629
2.213703e-08,0.00551707
2.218703e-08,0.0125749
2.223703e-08,0.0207312
2.228703e-08,0.0250428
2.233703e-08,0.0243837
2.238703e-08,0.0234775
2.243703e-08,0.0173259
2.248703e-08,0.0108722
2.253703e-08,0.00873017
2.258703e-08,0.00406156
2.263703e-08,0.00540722
2.268703e-08,0.0126024
2.273703e-08,0.0125749
2.278703e-08,0.0130418
2.283703e-08,0.0153761
2.288703e-08,0.00875763
2.293703e-08,-0.00170554
2.298703e-08,-0.00999918
2.303703e-08,-0.0121412
2.308703e-08,-0.00662131
2.313703e-08,-0.00675862
2.318703e-08,-0.0133496
2.323703e-08,-0.0141735
2.328703e-08,-0.0118117
2.333703e-08,-0.0113448
2.338703e-08,-0.0128003
2.343703e-08,-0.0112075
2.348703e-08,-0.00154077
2.353703e-08,0.00474812
2.358703e-08,0.00532483
2.363703e-08,0.00584661
2.368703e-08,0.00480304
2.373703e-08,0.00513259
2.378703e-08,-0.000140186
2.383703e-08,-0.0049461
2.388703e-08,-0.00134853
2.393703e-08,-0.00376522
2.398703e-08,-0.00879084
2.403703e-08,-0.00912039
2.408703e-08,-0.00557774
2.413703e-08,-0.00329836
2.418703e-08,-0.0131299
2.423703e-08,-0.0207644
2.428703e-08,-0.0145854
2.433703e-08,-0.0122786
2.438703e-08,-0.0168648
2.443703e-08,-0.0140087
2.448703e-08,-0.00458909
2.453703e-08,0.00191949
2.458703e-08,0.00859285
2.463703e-08,0.017271
2.468703e-08,0.0163372
2.473703e-08,0.0104328
2.478703e-08,0.0114764
2.483703e-08,0.00963642
2.488703e-08,0.0027159
2.493703e-08,0.00175472
2.498703e-08,-0.000524659
2.503703e-08,-0.0135968
2.508703e-08,-0.0247465
2.513703e-08,-0.0277948
2.518703e-08,-0.0311178
2.523703e-08,-0.0332598
2.528703e-08,-0.0284264
2.533703e-08,-0.0181006
2.538703e-08,-0.00747264
2.543703e-08,0.00274337
2.548703e-08,0.0129044
2.553703e-08,0.0181498
2.558703e-08,0.0194954
2.563703e-08,0.0218023
2.568703e-08,0.019825
2.573703e-08,0.0161725
2.578703e-08,0.0181772
2.583703e-08,0.016145
2.588703e-08,0.00867524
2.593703e-08,0.00628601
2.598703e-08,0.00730212
2.603703e-08,0.011037
2.608703e-08,0.020539
2.613703e-08,0.0176829
2.618703e-08,-0.00552281
2.623703e-08,-0.0232361
2.628703e-08,-0.0245542
2.633703e-08,-0.0249662
2.638703e-08,-0.032793
2.643703e-08,-0.0336718
2.648703e-08,-0.0209841
2.653703e-08,-0.00966963
2.658703e-08,-0.00324344
2.663703e-08,-0.00019511
2.668703e-08,-0.00280404
2.673703e-08,-0.00744518
2.678703e-08,-0.0106583
2.683703e-08,-0.00906546
2.688703e-08,-0.00939501
2.693703e-08,-0.0111251
2.698703e-08,-0.00291389
2.703703e-08,0.00595646
2.708703e-08,0.00873017
2.713703e-08,0.0121355
2.718703e-08,0.017216
2.723703e-08,0.0207862
2.728703e-08,0.0232852
2.733703e-08,0.0257843
2.738703e-08,0.0181498
2.743703e-08,0.00172726
2.748703e-08,-0.00810428
2.753703e-08,-0.00609952
2.758703e-08,0.00430872
2.763703e-08,0.00993851
2.768703e-08,0.00678034
2.773703e-08,0.00285321
2.778703e-08,-0.00167808
2.783703e-08,-0.00019511
2.788703e-08,0.00576423
2.793703e-08,0.00128786
2.798703e-08,-0.00519326
2.803703e-08,-0.00436939
2.808703e-08,-0.00316105
2.813703e-08,0.00153502
2.818703e-08,0.00428126
2.823703e-08,-0.00574251
2.828703e-08,-0.0135968
2.833703e-08,-0.00612699
2.838703e-08,0.00807107
2.843703e-08,0.0129868
2.848703e-08,0.00480304
2.853703e-08,0.00263352
2.858703e-08,0.0089224
2.863703e-08,0.00628601
2.868703e-08,-0.00189778
2.873703e-08,-0.00846129
2.878703e-08,-0.0126081
2.883703e-08,-0.00868099
2.888703e-08,-0.0037103
2.893703e-08,-0.00675862
2.898703e-08,-0.00994426
2.903703e-08,-0.00912039
2.908703e-08,-0.00634669
2.913703e-08,-0.00203509
2.918703e-08,-0.000716896
2.923703e-08,0.00444603
2.928703e-08,0.0164746
2.933703e-08,0.0170787
2.938703e-08,0.00631348
2.943703e-08,0.00312784
2.948703e-08,0.00927941
2.953703e-08,0.0136734
2.958703e-08,0.0126298
2.963703e-08,0.00971881
2.968703e-08,0.00672541
2.973703e-08,0.00768659
2.978703e-08,0.0122179
2.983703e-08,0.00461081
2.988703e-08,-0.0110153
2.993703e-08,-0.00879084
2.998703e-08,-0.00365537
3.003703e-08,-0.0107407
3.008703e-08,-0.00398492
3.013703e-08,0.0115039
3.018703e-08,0.0179301
3.023703e-08,0.0241366
3.028703e-08,0.0253174
3.033703e-08,0.0182047
3.038703e-08,0.0143325
3.043703e-08,0.0129319
3.048703e-08,0.01068
3.053703e-08,0.00609378
3.058703e-08,-0.00247449
3.063703e-08,-0.00272165
3.068703e-08,0.0126847
3.073703e-08,0.0208136
3.078703e-08,0.0105976
3.083703e-08,-0.000414809
3.088703e-08,-0.0111801
3.093703e-08,-0.0201053
3.098703e-08,-0.0198307
3.103703e-08,-0.0226319
3.108703e-08,-0.027685
3.113703e-08,-0.024362
3.118703e-08,-0.0145854
3.123703e-08,-0.000634509
3.128703e-08,0.00499528
3.133703e-08,-0.00563266
3.138703e-08,-0.0148051
3.143703e-08,-0.0146953
3.148703e-08,-0.00890069
3.153703e-08,0.000875923
3.158703e-08,0.00749436
3.163703e-08,0.00897733
3.168703e-08,0.00400663
3.173703e-08,-0.00555028
3.178703e-08,-0.00739026
3.183703e-08,-0.00228225
3.188703e-08,-0.00469894
3.193703e-08,-0.00923024
3.198703e-08,-0.00478133
3.203703e-08,0.00455588
3.208703e-08,0.0150191
3.213703e-08,0.0175731
3.218703e-08,0.0112567
3.223703e-08,0.00494036
3.228703e-08,-0.0060446
3.233703e-08,-0.0192815
3.238703e-08,-0.0180731
3.243703e-08,-0.00623684
3.248703e-08,-0.00343567
3.253703e-08,-0.0047264
3.258703e-08,0.00137025
3.263703e-08,0.00131532
3.268703e-08,-0.00209002
3.273703e-08,0.00686272
3.278703e-08,0.0102406
3.283703e-08,-0.000964057
3.288703e-08,-0.00634669
3.293703e-08,-0.00200763
3.298703e-08,0.00178218
3.303703e-08,0.00197442
3.308703e-08,0.0029356
3.313703e-08,0.00768659
3.318703e-08,0.0106251
3.323703e-08,0.00441857
3.328703e-08,-0.00571505
3.333703e-08,-0.00733533
3.338703e-08,-0.00211748
3.343703e-08,0.0012604
3.348703e-08,-0.00200763
3.353703e-08,-0.00914785
3.358703e-08,-0.00750011
3.363703e-08,0.00392425
3.368703e-08,0.00845554
3.373703e-08,0.00417141
3.378703e-08,0.0128221
3.383703e-08,0.0317711
3.388703e-08,0.0380875
3.393703e-08,0.0361102
3.398703e-08,0.0346547
3.403703e-08,0.0330893
3.408703e-08,0.0354511
3.413703e-08,0.0345173
3.418703e-08,0.0233402
3.423703e-08,0.014662
3.428703e-08,0.00760421
3.433703e-08,-0.00395746
3.438703e-08,-0.00865353
3.443703e-08,-0.00653892
3.448703e-08,-0.000936595
3.453703e-08,0.00532483
3.458703e-08,0.00894986
3.463703e-08,0.0193306
3.468703e-08,0.0257019
3.473703e-08,0.013948
3.478703e-08,0.0054896
3.483703e-08,0.0108448
3.488703e-08,0.0145797
3.493703e-08,0.0131241
3.498703e-08,0.00496782
3.503703e-08,-0.00607206
3.508703e-08,-0.00546789
3.513703e-08,-0.00294135
3.518703e-08,-0.0107132
3.523703e-08,-0.0156015
3.528703e-08,-0.0117019
3.533703e-08,-0.00431447
3.538703e-08,0.00167233
3.543703e-08,0.00400663
3.548703e-08,0.0074669
3.553703e-08,0.00106816
3.558703e-08,-0.0138988
3.563703e-08,-0.0124433
3.568703e-08,-0.00659385
3.573703e-08,-0.010878
3.578703e-08,-0.00703324
3.583703e-08,0.00502274
3.588703e-08,0.00963642
3.593703e-08,0.00741197
3.598703e-08,0.00727466
3.603703e-08,0.0123277
3.608703e-08,0.0145797
3.613703e-08,0.00730212
3.618703e-08,-5.77984e-05
3.623703e-08,0.000546374
3.628703e-08,-0.00101898
3.633703e-08,-0.0137615
3.638703e-08,-0.0236755
3.643703e-08,-0.0264766
3.648703e-08,-0.0346879
3.653703e-08,-0.0334246
3.658703e-08,-0.0198582
3.663703e-08,-0.013789
3.668703e-08,-0.00681355
3.673703e-08,0.000436525
3.678703e-08,-0.000964057
3.683703e-08,-0.00288642
3.688703e-08,-0.00609952
3.693703e-08,-0.00736279
3.698703e-08,-0.00796697
3.703703e-08,-0.0121687
3.708703e-08,-0.00533058
3.713703e-08,0.00941673
3.718703e-08,0.0165569
3.723703e-08,0.0190011
3.728703e-08,0.0158155
3.733703e-08,0.00727466
3.738703e-08,0.00329261
3.743703e-08,0.00139771
3.748703e-08,-0.00302374
3.753703e-08,-0.00505595
3.758703e-08,-0.00390253
3.763703e-08,-0.000524659
3.768703e-08,0.0106525
3.773703e-08,0.0212805
3.778703e-08,0.019825
3.783703e-08,0.0163647
3.788703e-08,0.013234
3.793703e-08,0.00801614
3.798703e-08,0.0068078
3.803703e-08,0.00878509
3.808703e-08,0.0133438
3.813703e-08,0.0122454
3.818703e-08,0.00329261
3.823703e-08,0.00296306
3.828703e-08,0.00905971
3.833703e-08,0.00812599
3.838703e-08,0.0072472
3.843703e-08,0.0147994
3.848703e-08,0.0249604
3.853703e-08,0.0277891
3.858703e-08,0.0163647
3.863703e-08,0.00433618
3.868703e-08,0.00483051
3.873703e-08,0.0010407
3.878703e-08,-0.00917531
3.883703e-08,-0.0123335
3.888703e-08,-0.0112075
3.893703e-08,-0.000909132
3.898703e-08,0.013234
3.903703e-08,0.00988359
3.908703e-08,-0.00368283
3.913703e-08,-0.0166176
3.918703e-08,-0.0264492
3.923703e-08,-0.025433
3.928703e-08,-0.02038
3.933703e-08,-0.0110977
3.938703e-08,0.00521498
3.943703e-08,0.0146071
3.948703e-08,0.0158978
3.953703e-08,0.0206763
3.958703e-08,0.0305353
3.963703e-08,0.0288876
3.968703e-08,0.0123003
3.973703e-08,0.00450096
3.978703e-08,0.00576423
3.983703e-08,0.00345739
3.988703e-08,0.00667049
3.993703e-08,0.0127122
3.998703e-08,0.00568184
4.003703e-08,-0.000140186
4.008703e-08,0.0109546
4.013703e-08,0.0166943
4.018703e-08,0.0108997
4.023703e-08,0.00823584
4.028703e-08,0.00466573
4.033703e-08,0.00131532
4.038703e-08,0.00169979
4.043703e-08,-0.00143092
4.048703e-08,-0.00678608
4.053703e-08,-0.00744518
4.058703e-08,-0.00502849
4.063703e-08,-0.00225479
4.068703e-08,-0.00189778
4.073703e-08,-0.0099168
4.078703e-08,-0.0208468
4.083703e-08,-0.0229614
4.088703e-08,-0.0150797
4.093703e-08,-0.00365537
4.098703e-08,0.0061487
4.103703e-08,0.0155958
4.108703e-08,0.0203193
4.113703e-08,0.0105976
4.118703e-08,-0.000359885
4.123703e-08,0.00505021
4.128703e-08,0.014305
4.133703e-08,0.0157056
4.138703e-08,0.0177928
4.143703e-08,0.0225163
4.148703e-08,0.0221867
4.153703e-08,0.017985
4.158703e-08,0.0177928
4.163703e-08,0.0213354
4.168703e-08,0.022379
4.173703e-08,0.01977
4.178703e-08,0.0177653
4.183703e-08,0.0156507
4.188703e-08,0.00963642
4.193703e-08,-8.52608e-05
4.198703e-08,-0.013075
4.203703e-08,-0.020023
4.208703e-08,-0.0155466
4.213703e-08,-0.0104386
4.218703e-08,-0.00502849
4.223703e-08,0.00557199
4.228703e-08,0.0111743
4.233703e-08,0.00867524
4.238703e-08,0.00796122
4.243703e-08,0.00562692
4.248703e-08,0.00027175
4.253703e-08,0.00202934
4.258703e-08,0.0035947
4.263703e-08,-8.52608e-05
4.268703e-08,0.000189363
4.273703e-08,0.00172726
4.278703e-08,0.00364962
4.283703e-08,0.00625855
4.288703e-08,0.00205681
4.293703e-08,-0.00266673
4.298703e-08,-0.00736279
4.303703e-08,-0.013075
4.308703e-08,-0.00486372
4.313703e-08,0.00947165
4.318703e-08,0.0146346
4.323703e-08,0.0146895
4.328703e-08,0.0108448
4.333703e-08,0.00480304
4.338703e-08,0.00469319
4.343703e-08,0.00944419
4.348703e-08,0.00463827
4.353703e-08,-0.0132123
4.358703e-08,-0.0240325
4.363703e-08,-0.0202152
4.368703e-08,-0.0162881
4.373703e-08,-0.0189519
4.378703e-08,-0.0215334
4.383703e-08,-0.015574
4.388703e-08,-0.00447924
4.393703e-08,0.00101323
4.398703e-08,0.0024962
4.403703e-08,0.00796122
4.408703e-08,0.0137832
4.413703e-08,0.011037
4.418703e-08,0.00238635
4.423703e-08,-0.00198017
4.428703e-08,0.00389679
4.433703e-08,0.0133438
4.438703e-08,0.0134537
4.443703e-08,0.00999344
4.448703e-08,0.0154035
4.453703e-08,0.0191109
4.458703e-08,0.013948
4.463703e-08,0.0098012
4.468703e-08,0.00469319
4.473703e-08,-0.00453417
4.478703e-08,-0.0111251
4.483703e-08,-0.0131848
4.488703e-08,-0.00667623
4.493703e-08,0.00683526
4.498703e-08,0.0133713
4.503703e-08,0.0110095
4.508703e-08,0.0108997
4.513703e-08,0.015431
4.518703e-08,0.0175731
4.523703e-08,0.0136734
4.528703e-08,0.00367709
4.533703e-08,-0.00373776
4.538703e-08,-0.000112723
4.543703e-08,0.00312784
4.548703e-08,0.00095831
4.553703e-08,-0.00346313
4.558703e-08,-0.0155191
4.563703e-08,-0.0236205
4.568703e-08,-0.0207919
4.573703e-08,-0.0234283
4.578703e-08,-0.0281793
4.583703e-08,-0.0223298
4.588703e-08,-0.012663
4.593703e-08,-0.00414969
4.598703e-08,-0.0019527
4.603703e-08,-0.00645653
4.608703e-08,-0.00511088
4.613703e-08,-0.00310612
4.618703e-08,-0.00112883
4.623703e-08,0.0070275
4.628703e-08,0.00609378
4.633703e-08,-0.00230971
4.638703e-08,-0.00609952
4.643703e-08,-0.00662131
4.648703e-08,-0.00533058
4.653703e-08,-0.00697832
4.658703e-08,-0.0147502
4.663703e-08,-0.0201053
4.668703e-08,-0.0195012
4.673703e-08,-0.0210116
4.678703e-08,-0.0235656
4.683703e-08,-0.0277948
4.688703e-08,-0.0365278
4.693703e-08,-0.0421302
4.698703e-08,-0.0435308
4.703703e-08,-0.038615
4.708703e-08,-0.0309255
4.713703e-08,-0.0307058
4.718703e-08,-0.0248563
4.723703e-08,-0.0124433
4.728703e-08,-0.00640161
4.733703e-08,0.00455588
4.738703e-08,0.0145797
4.743703e-08,0.00815346
4.748703e-08,-0.000359885
4.753703e-08,0.000299213
4.758703e-08,0.00384186
4.763703e-08,0.003375
4.768703e-08,0.00233143
4.773703e-08,0.00186457
4.778703e-08,-0.0030512
4.783703e-08,-0.00362791
4.788703e-08,0.00378694
4.793703e-08,0.0142226
4.798703e-08,0.0242739
4.803703e-08,0.0217748
4.808703e-08,0.0123827
4.813703e-08,0.0112018
4.818703e-08,0.00408902
4.823703e-08,-0.0107681
4.828703e-08,-0.0111251
4.833703e-08,-0.00368283
4.838703e-08,-0.0030512
4.843703e-08,-0.0021724
4.848703e-08,0.00268844
4.853703e-08,0.00529737
4.858703e-08,0.00713735
4.863703e-08,0.0095815
4.868703e-08,0.00623109
4.873703e-08,0.00554453
4.878703e-08,0.00963642
4.883703e-08,0.005929
4.888703e-08,-0.000716896
4.893703e-08,-0.00247449
4.898703e-08,-0.00324344
4.903703e-08,-0.00568759
4.908703e-08,-0.00527565
4.913703e-08,0.000793536
4.918703e-08,0.00216665
4.923703e-08,-0.00340821
4.928703e-08,-0.00607206
4.933703e-08,-0.0163979
4.938703e-08,-0.0290855
4.943703e-08,-0.0198582
4.948703e-08,-0.00901054
4.953703e-08,-0.0117568
4.958703e-08,-0.0060446
4.963703e-08,0.00716481
4.968703e-08,0.00853793
4.973703e-08,0.00244128
4.978703e-08,0.00389679
4.983703e-08,0.00150756
4.988703e-08,-0.012663
4.993703e-08,-0.0186224
4.998703e-08,-0.0130475
5.003703e-08,-0.00505595
5.008703e-08,0.00386932
5.013703e-08,0.00312784
5.018703e-08,-0.00134853
5.023703e-08,0.0070275
5.028703e-08,0.00875763
5.033703e-08,-0.00395746
5.038703e-08,-0.00357298
5.043703e-08,0.00894986
5.048703e-08,0.00905971
5.053703e-08,-0.00629176
5.058703e-08,-0.0171669
5.063703e-08,-0.0120314
5.068703e-08,-0.00706071
5.073703e-08,-0.00909292
5.078703e-08,-0.00524819
5.083703e-08,-0.00200763
5.088703e-08,-0.0092577
5.093703e-08,-0.0108231
5.098703e-08,0.000985772
5.103703e-08,0.00862032
5.108703e-08,0.0072472
5.113703e-08,0.00768659
5.118703e-08,0.0121904
5.123703e-08,0.0124376
5.128703e-08,0.00587408
5.133703e-08,0.00738451
5.138703e-08,0.0167766
5.143703e-08,0.0149092
5.148703e-08,0.00436365
5.153703e-08,-0.00590729
5.158703e-08,-0.0160134
5.163703e-08,-0.0176063
5.168703e-08,-0.00513834
5.173703e-08,0.0065881
5.178703e-08,0.00362216
5.183703e-08,-0.000744358
5.188703e-08,0.00161741
5.193703e-08,0.000189363
5.198703e-08,-0.00434193
5.203703e-08,-0.00368283
5.208703e-08,0.00510513
5.213703e-08,0.0110645
5.218703e-08,0.0100758
5.223703e-08,0.0165844
5.228703e-08,0.0254548
5.233703e-08,0.0281461
5.238703e-08,0.0307001
5.243703e-08,0.0301234
5.248703e-08,0.0269103
5.253703e-08,0.0257568
5.258703e-08,0.024521
5.263703e-08,0.0256195
5.268703e-08,0.027487
5.273703e-08,0.021665
5.278703e-08,0.0140304
5.283703e-08,0.0195229
5.288703e-08,0.0321007
5.293703e-08,0.0350391
5.298703e-08,0.0371263
5.303703e-08,0.0430307
5.308703e-08,0.038774
5.313703e-08,0.030398
5.318703e-08,0.0269377
5.323703e-08,0.0221867
5.328703e-08,0.00955404
5.333703e-08,-0.00642907
5.338703e-08,-0.0110428
5.343703e-08,-0.00384761
5.348703e-08,0.0038144
5.353703e-08,0.0106525
5.358703e-08,0.0176554
5.363703e-08,0.0196602
5.368703e-08,0.0156232
5.373703e-08,0.0140853
5.378703e-08,0.013948
5.383703e-08,0.00829077
5.388703e-08,0.00455588
5.393703e-08,0.00689019
5.398703e-08,0.00878509
5.403703e-08,0.00485797
5.408703e-08,-0.00200763
5.413703e-08,-0.000634509
5.418703e-08,0.00999344
5.423703e-08,0.0178477
5.428703e-08,0.0167492
5.433703e-08,0.0135086
5.438703e-08,0.00908718
5.443703e-08,0.000216825
5.448703e-08,-0.00522073
5.453703e-08,-0.00988933
5.458703e-08,-0.0204349
5.463703e-08,-0.0261196
5.468703e-08,-0.0242522
5.473703e-08,-0.0170021
5.478703e-08,-0.00566013
5.483703e-08,-0.0021724
5.488703e-08,-0.00214494
5.493703e-08,0.00186457
5.498703e-08,5.20511e-05
5.503703e-08,-0.000826745
5.508703e-08,0.00279829
5.513703e-08,-0.00659385
5.518703e-08,-0.0159585
5.523703e-08,-0.00717056
5.528703e-08,0.00197442
5.533703e-08,0.00348485
5.538703e-08,0.00812599
5.543703e-08,0.0161725
5.548703e-08,0.022379
5.553703e-08,0.0228733
5.558703e-08,0.0158429
5.563703e-08,0.0093618
5.568703e-08,0.0070275
5.573703e-08,-0.00200763
5.578703e-08,-0.016343
5.583703e-08,-0.022577
5.588703e-08,-0.0154642
5.593703e-08,-0.000689433
5.598703e-08,0.00664302
5.603703e-08,0.00329261
5.608703e-08,5.20511e-05
5.613703e-08,-0.00266673
5.618703e-08,-0.00601714
5.623703e-08,-0.00434193
5.628703e-08,0.00205681
5.633703e-08,0.0156781
5.638703e-08,0.0308099
5.643703e-08,0.0330893
5.648703e-08,0.0295192
5.653703e-08,0.0292171
5.658703e-08,0.026718
5.663703e-08,0.0207038
5.668703e-08,0.0137009
5.673703e-08,-0.000497197
5.678703e-08,-0.017469
5.683703e-08,-0.0205997
5.688703e-08,-0.0151072
5.693703e-08,-0.00821413
5.698703e-08,-0.000964057
5.703703e-08,-0.00134853
5.708703e-08,-0.00154077
5.713703e-08,-0.000579584
5.718703e-08,-0.00365537
5.723703e-08,0.00235889
5.728703e-08,0.0114215
5.733703e-08,0.0132889
5.738703e-08,0.0175181
5.743703e-08,0.0182322
5.748703e-08,0.00941673
5.753703e-08,0.00537975
5.758703e-08,0.00793376
5.763703e-08,0.00694511
5.768703e-08,0.00444603
5.773703e-08,0.00408902
5.778703e-08,0.00318276
5.783703e-08,0.00224904
5.788703e-08,0.00507767
5.793703e-08,0.00466573
5.798703e-08,-0.00211748
5.803703e-08,0.00027175
5.808703e-08,0.00752182
5.813703e-08,0.00458335
5.818703e-08,0.00123293
5.823703e-08,-0.00088167
5.828703e-08,-0.00719802
5.833703e-08,-0.00983441
5.838703e-08,-0.00634669
5.843703e-08,0.00362216
5.848703e-08,0.0123277
5.853703e-08,0.0116961
5.858703e-08,0.0149641
5.863703e-08,0.0222691
5.868703e-08,0.0216924
5.873703e-08,0.0151564
5.878703e-08,0.00812599
5.883703e-08,0.00840062
5.888703e-08,0.0112018
5.893703e-08,0.00595646
5.898703e-08,0.00521498
5.903703e-08,0.0100209
5.908703e-08,0.00334754
5.913703e-08,-0.00324344
5.918703e-08,0.00268844
5.923703e-08,0.00301799
5.928703e-08,-0.00890069
5.933703e-08,-0.0150248
5.938703e-08,-0.0092577
5.943703e-08,-0.00574251
5.948703e-08,-0.00244703
5.953703e-08,0.00719227
5.958703e-08,0.00576423
5.963703e-08,-0.00425954
5.968703e-08,-0.00505595
5.973703e-08,-0.00335328
5.978703e-08,-0.00414969
5.983703e-08,-0.00750011
5.988703e-08,-0.0145305
5.993703e-08,-0.0150797
5.998703e-08,-0.0105484
6.003703e-08,-0.00695086
6.008703e-08,-0.00700578
6.013703e-08,-0.0110702
6.018703e-08,-0.00469894
6.023703e-08,0.00554453
6.028703e-08,0.00537975
6.033703e-08,0.0044735
6.038703e-08,-0.00115629
6.043703e-08,-0.013432
6.048703e-08,-0.0179358
6.053703e-08,-0.0202701
6.058703e-08,-0.0263393
6.063703e-08,-0.0264766
6.068703e-08,-0.022577
6.073703e-08,-0.0165902
6.078703e-08,-0.0107132
6.083703e-08,-0.0135968
6.088703e-08,-0.0131299
6.093703e-08,-0.00121122
6.098703e-08,0.00507767
6.103703e-08,0.00172726
6.108703e-08,-0.00368283
6.113703e-08,-0.0113998
6.118703e-08,-0.0167824
6.123703e-08,-0.0173866
6.128703e-08,-0.0150523
6.133703e-08,-0.00890069
6.138703e-08,-5.77984e-05
6.143703e-08,0.00787883
6.148703e-08,0.00705496
6.153703e-08,0.00348485
6.158703e-08,0.00897733
6.163703e-08,0.0125749
6.168703e-08,0.00669795
6.173703e-08,0.000216825
6.178703e-08,0.000216825
6.183703e-08,0.008483
6.188703e-08,0.0160626
6.193703e-08,0.0131241
6.198703e-08,0.00397917
6.203703e-08,-0.0062643
6.208703e-08,-0.0143108
6.213703e-08,-0.0148875
6.218703e-08,-0.0130475
6.223703e-08,-0.0137615
6.228703e-08,-0.00942247
6.233703e-08,-0.000469734
6.238703e-08,-0.0026118
6.243703e-08,-0.013789
6.248703e-08,-0.0237853
6.253703e-08,-0.0319416
6.258703e-08,-0.0302115
6.263703e-08,-0.0198856
6.268703e-08,-0.00804935
6.273703e-08,0.00191949
6.278703e-08,0.0052699
6.283703e-08,0.00554453
6.288703e-08,0.00169979
6.293703e-08,-0.00901054
6.298703e-08,-0.014503
6.303703e-08,-0.00728041
6.308703e-08,0.00639586
6.313703e-08,0.0186166
6.318703e-08,0.0235599
6.323703e-08,0.0281461
6.328703e-08,0.027844
6.333703e-08,0.00938926
6.338703e-08,-0.00508342
6.343703e-08,-0.00244703
6.348703e-08,-0.00744518
6.353703e-08,-0.0238402
6.358703e-08,-0.0240599
6.363703e-08,-0.0107132
6.368703e-08,-0.010466
6.373703e-08,-0.0116469
6.378703e-08,0.00235889
6.383703e-08,0.0112018
6.388703e-08,0.00472066
6.393703e-08,0.000463987
6.398703e-08,0.00779644
6.403703e-08,0.0143874
6.408703e-08,0.00768659
6.413703e-08,-0.00228225
6.418703e-08,-0.00467148
6.423703e-08,-0.00631922
6.428703e-08,-0.0118941
6.433703e-08,-0.0139538
6.438703e-08,-0.00895561
6.443703e-08,-0.00159569
6.448703e-08,0.0104603
6.453703e-08,0.0218023
6.458703e-08,0.0207312
6.463703e-08,0.014662
6.468703e-08,0.01252
6.473703e-08,0.0134262
6.478703e-08,0.01436
6.483703e-08,0.00576423
6.488703e-08,-0.0122236
6.493703e-08,-0.0217805
6.498703e-08,-0.0227417
6.503703e-08,-0.0260372
6.508703e-08,-0.0240599
6.513703e-08,-0.0181006
6.518703e-08,-0.015986
6.523703e-08,-0.00931262
6.528703e-08,-0.00189778
6.533703e-08,-0.00030496
6.538703e-08,0.00169979
6.543703e-08,0.00211173
6.548703e-08,0.00466573
6.553703e-08,0.00949911
6.558703e-08,0.00639586
6.563703e-08,0.0014801
6.568703e-08,-0.00324344
6.573703e-08,-0.00835144
6.578703e-08,-0.00101898
6.583703e-08,0.0114764
6.588703e-08,0.0129868
6.593703e-08,0.0112842
6.598703e-08,0.0134262
6.603703e-08,0.0162274
6.608703e-08,0.0211157
6.613703e-08,0.020896
6.618703e-08,0.00812599
6.623703e-08,-0.00165062
6.628703e-08,0.000299213
6.633703e-08,0.000463987
6.638703e-08,-0.000744358
6.643703e-08,0.0014801
6.648703e-08,0.0038144
6.653703e-08,0.00842808
6.658703e-08,0.0144973
6.663703e-08,0.0164471
6.668703e-08,0.00988359
6.673703e-08,-0.00143092
6.678703e-08,-0.00851621
6.683703e-08,-0.0103562
6.688703e-08,-0.0121962
6.693703e-08,-0.0135418
6.698703e-08,-0.0101914
6.703703e-08,-0.00500103
6.708703e-08,0.00115055
6.713703e-08,0.00705496
6.718703e-08,0.00612124
6.723703e-08,0.00474812
6.728703e-08,0.0124376
6.733703e-08,0.0193581
6.738703e-08,0.0202094
6.743703e-08,0.0230655
6.748703e-08,0.0254273
6.753703e-08,0.0261413
6.758703e-08,0.0218572
6.763703e-08,0.0121904
6.768703e-08,0.0115039
6.773703e-08,0.010323
6.778703e-08,0.00266098
6.783703e-08,0.00524244
6.788703e-08,0.00834569
6.793703e-08,0.000106976
6.798703e-08,-0.00357298
6.803703e-08,0.00172726
6.808703e-08,0.000299213
6.813703e-08,-0.00684101
6.818703e-08,-0.00574251
6.823703e-08,-0.00170554
6.828703e-08,-0.00719802
6.833703e-08,-0.0136791
6.838703e-08,-0.00684101
6.843703e-08,0.00436365
6.848703e-08,0.00603885
6.853703e-08,0.00590154
6.858703e-08,0.0091421
6.863703e-08,0.00439111
6.868703e-08,-0.00576998
6.873703e-08,-0.0111526
6.878703e-08,-0.0146953
6.883703e-08,-0.0167549
6.888703e-08,-0.0136517
6.893703e-08,-0.00741772
6.898703e-08,-0.00620937
6.903703e-08,-0.0120589
6.908703e-08,-0.0108505
6.913703e-08,-0.00362791
6.918703e-08,-0.0051658
6.923703e-08,-0.00728041
6.928703e-08,-0.0037103
6.933703e-08,0.00169979
6.938703e-08,0.0110095
6.943703e-08,0.0183145
6.948703e-08,0.0234775
6.953703e-08,0.0279813
6.958703e-08,0.0198799
6.963703e-08,0.00628601
6.968703e-08,0.00634094
6.973703e-08,0.00971881
6.978703e-08,0.00145263
6.983703e-08,-0.00653892
6.988703e-08,-0.00393
6.993703e-08,-0.00134853
6.998703e-08,-0.00379268
7.003703e-08,-0.00439686
7.008703e-08,-0.00535804
7.013703e-08,-0.0107132
7.018703e-08,-0.0121687
7.023703e-08,-0.00744518
7.028703e-08,-0.00563266
7.033703e-08,-0.00365537
7.038703e-08,-0.00294135
7.043703e-08,-0.010109
7.048703e-08,-0.0173042
7.053703e-08,-0.0222474
7.058703e-08,-0.0240325
7.063703e-08,-0.0190892
7.068703e-08,-0.0128827
7.073703e-08,-0.00634669
7.078703e-08,0.00639586
7.083703e-08,0.0142501
7.088703e-08,0.00587408
7.093703e-08,-0.00104644
7.098703e-08,0.0024962
7.103703e-08,0.00727466
7.108703e-08,0.00985612
7.113703e-08,0.00167233
7.118703e-08,-0.0109054
7.123703e-08,-0.0120863
7.128703e-08,-0.012718
7.133703e-08,-0.0176887
7.138703e-08,-0.0131299
7.143703e-08,-0.00420462
7.148703e-08,-0.00511088
7.153703e-08,-0.00728041
7.158703e-08,-0.00266673
7.163703e-08,-0.00101898
7.168703e-08,-0.00123868
7.173703e-08,0.000134438
7.178703e-08,-0.00508342
7.183703e-08,-0.0120314
7.188703e-08,-0.00843383
7.193703e-08,-0.00156823
7.198703e-08,-0.00228225
7.203703e-08,-0.00206255
7.208703e-08,0.00439111
7.213703e-08,0.00851047
7.218703e-08,0.0140853
7.223703e-08,0.0241366
7.228703e-08,0.0280088
7.233703e-08,0.0280911
7.238703e-08,0.0283658
7.243703e-08,0.023807
7.248703e-08,0.0193306
7.253703e-08,0.019056
7.258703e-08,0.0188089
7.263703e-08,0.0175731
7.268703e-08,0.011751
7.273703e-08,0.00477558
7.278703e-08,0.008483
7.283703e-08,0.0160901
7.288703e-08,0.0177104
7.293703e-08,0.0124925
7.298703e-08,0.0022765
7.303703e-08,-0.00145838
7.308703e-08,-0.00189778
7.313703e-08,-0.00530311
7.318703e-08,0.000985772
7.323703e-08,0.0123277
7.328703e-08,0.0154035
7.333703e-08,0.00743943
7.338703e-08,-0.00387507
7.343703e-08,-0.00165062
7.348703e-08,0.00752182
7.353703e-08,0.00798868
7.358703e-08,0.00804361
7.363703e-08,0.0147994
7.368703e-08,0.0224888
7.373703e-08,0.0273771
7.378703e-08,0.0252076
7.383703e-08,0.0188363
7.388703e-08,0.0159528
7.393703e-08,0.0111469
7.398703e-08,-0.000469734
7.403703e-08,-0.0056052
7.408703e-08,0.00639586
7.413703e-08,0.0179301
7.418703e-08,0.0165569
7.423703e-08,0.0161725
7.428703e-08,0.0196053
7.433703e-08,0.0186441
7.438703e-08,0.0114489
7.443703e-08,0.00436365
7.448703e-08,0.00282575
7.453703e-08,-0.00409477
7.458703e-08,-0.0159585
7.463703e-08,-0.020325
7.468703e-08,-0.0179084
7.473703e-08,-0.00804935
7.478703e-08,0.000518912
7.483703e-08,0.00027175
7.488703e-08,0.00595646
7.493703e-08,0.00971881
7.498703e-08,0.00411648
7.503703e-08,0.00991105
7.508703e-08,0.02161
7.513703e-08,0.0208136
7.518703e-08,0.0145522
7.523703e-08,0.0113666
7.528703e-08,0.00829077
7.533703e-08,0.00466573
7.538703e-08,0.00233143
7.543703e-08,0.00546214
7.548703e-08,0.00738451
7.553703e-08,-0.00302374
7.558703e-08,-0.010164
7.563703e-08,-0.00511088
7.568703e-08,-0.0037103
7.573703e-08,-0.00502849
7.578703e-08,0.00290814
7.583703e-08,0.0136734
7.588703e-08,0.019056
7.593703e-08,0.0231754
7.598703e-08,0.0269103
7.603703e-08,0.0247407
7.608703e-08,0.0129044
7.613703e-08,-0.0077198
7.618703e-08,-0.0266963
7.623703e-08,-0.0294975
7.628703e-08,-0.0250211
7.633703e-08,-0.0265315
7.638703e-08,-0.0246916
7.643703e-08,-0.0187597
7.648703e-08,-0.0109329
7.653703e-08,0.00134278
7.658703e-08,0.0120806
7.663703e-08,0.0200172
7.668703e-08,0.0179575
7.673703e-08,0.00384186
7.678703e-08,-0.000964057
7.683703e-08,0.0035947
7.688703e-08,0.00200188
7.693703e-08,0.00200188
7.698703e-08,0.00257859
7.703703e-08,-0.000579584
7.708703e-08,0.00562692
7.713703e-08,0.0131791
7.718703e-08,0.0112292
7.723703e-08,0.0111743
7.728703e-08,0.0113116
7.733703e-08,0.00419887
7.738703e-08,-0.00384761
7.743703e-08,-0.00684101
7.748703e-08,-0.00821413
7.753703e-08,-0.0191716
7.758703e-08,-0.0319416
7.763703e-08,-0.0261471
7.768703e-08,-0.0124983
7.773703e-08,-0.00824159
7.778703e-08,-0.00895561
7.783703e-08,-0.0085986
7.788703e-08,-0.00826905
7.793703e-08,-0.0133496
7.798703e-08,-0.0148875
7.803703e-08,-0.00176047
7.808703e-08,0.00873017
7.813703e-08,0.00246874
7.818703e-08,-0.00360045
7.823703e-08,-0.00346313
7.828703e-08,-0.00447924
7.833703e-08,0.00238635
7.838703e-08,0.00760421
7.843703e-08,-0.00313359
7.848703e-08,-0.0139812
7.853703e-08,-0.013432
7.858703e-08,-0.00409477
7.863703e-08,0.00818092
7.868703e-08,0.0179301
7.873703e-08,0.020539
7.878703e-08,0.0160626
7.883703e-08,0.0151289
7.888703e-08,0.0148543
7.893703e-08,0.00741197
7.898703e-08,0.00161741
7.903703e-08,-0.00255688
7.908703e-08,-0.00675862
7.913703e-08,-0.00678608
7.918703e-08,-0.00953232
7.923703e-08,-0.0115096
7.928703e-08,-0.00233718
7.933703e-08,0.00513259
7.938703e-08,0.00433618
7.943703e-08,0.00450096
7.948703e-08,0.000326675
7.953703e-08,-0.00362791
7.958703e-08,0.00301799
7.963703e-08,0.00342992
7.968703e-08,-0.0079395
7.973703e-08,-0.0141185
7.978703e-08,-0.0124433
7.983703e-08,-0.0056052
7.988703e-08,0.00332008
7.993703e-08,0.00859285
7.998703e-08,0.0140029
8.003703e-08,0.0140304
8.008703e-08,0.00518752
8.013703e-08,0.00389679
8.018703e-08,0.00469319
8.023703e-08,-0.00263926
8.028703e-08,0.000216825
8.033703e-08,0.0104603
8.038703e-08,0.00494036
8.043703e-08,-0.00983441
8.048703e-08,-0.0148326
8.053703e-08,-0.0150797
8.058703e-08,-0.0184027
8.063703e-08,-0.0156015
8.068703e-08,-0.00887322
8.073703e-08,-0.00829651
8.078703e-08,-0.0092577
8.083703e-08,-0.00368283
8.088703e-08,0.00222158
8.093703e-08,-0.00165062
8.098703e-08,-0.00640161
8.103703e-08,-0.00579744
8.108703e-08,-0.0114822
8.113703e-08,-0.0205173
8.118703e-08,-0.0195286
8.123703e-08,-0.0172218
8.128703e-08,-0.023648
8.133703e-08,-0.0258175
8.138703e-08,-0.0162881
8.143703e-08,-0.00653892
8.148703e-08,0.000711148
8.153703e-08,0.0089224
8.158703e-08,0.011806
8.163703e-08,0.0061487
8.168703e-08,-0.00233718
8.173703e-08,-0.00750011
8.178703e-08,-0.0104386
8.183703e-08,-0.0117568
8.188703e-08,-0.00799443
8.193703e-08,-0.009038
8.198703e-08,-0.017826
8.203703e-08,-0.0196659
8.208703e-08,-0.0115371
8.213703e-08,-0.00678608
8.218703e-08,-0.0161782
8.223703e-08,-0.0266139
8.228703e-08,-0.0209018
8.233703e-08,-0.00673116
8.238703e-08,0.0003816
8.243703e-08,0.0072472
8.248703e-08,0.021253
8.253703e-08,0.0221043
8.258703e-08,0.0134262
8.263703e-08,0.0177104
8.268703e-08,0.0174632
8.273703e-08,0.000189363
8.278703e-08,-0.00873591
8.283703e-08,-0.00447924
8.288703e-08,-0.00478133
8.293703e-08,-0.00390253
8.298703e-08,2.45887e-05
8.303703e-08,-0.00316105
8.308703e-08,-0.00200763
8.313703e-08,0.00683526
8.318703e-08,0.00834569
8.323703e-08,0.00455588
8.328703e-08,0.0012604
8.333703e-08,-0.00414969
8.338703e-08,-0.00975202
8.343703e-08,-0.0111251
8.348703e-08,-0.00818667
8.353703e-08,-0.0119215
8.358703e-08,-0.0179907
8.363703e-08,-0.0099168
8.368703e-08,0.00109562
8.373703e-08,0.0010407
8.378703e-08,-0.00203509
8.383703e-08,-0.00159569
8.388703e-08,-0.00255688
8.393703e-08,-0.000909132
8.398703e-08,0.00450096
8.403703e-08,0.0052699
8.408703e-08,0.0031553
8.413703e-08,-0.00252941
8.418703e-08,-0.0109329
8.423703e-08,-0.0206271
8.428703e-08,-0.0262844
8.433703e-08,-0.0207919
8.438703e-08,-0.0185949
8.443703e-08,-0.026202
8.448703e-08,-0.0279321
8.453703e-08,-0.014503
8.458703e-08,-0.00230971
8.463703e-08,-0.00439686
8.468703e-08,-0.00461655
8.473703e-08,0.000244288
8.478703e-08,0.000930848
8.483703e-08,0.00172726
8.488703e-08,-0.00236464
8.493703e-08,-0.0124433
8.498703e-08,-0.0148051
8.503703e-08,-0.0111801
8.508703e-08,-0.00782965
8.513703e-08,-0.00184285
8.518703e-08,0.00279829
8.523703e-08,0.00340246
8.528703e-08,0.00518752
8.533703e-08,0.00579169
8.538703e-08,0.00230397
8.543703e-08,-0.000716896
8.548703e-08,-0.00354552
8.553703e-08,-0.00508342
8.558703e-08,-0.00181539
8.563703e-08,0.00219412
8.568703e-08,0.00362216
8.573703e-08,0.00370455
8.578703e-08,0.00414395
8.583703e-08,0.0068078
8.588703e-08,0.00480304
8.593703e-08,-0.00631922
8.598703e-08,-0.00997172
8.603703e-08,-0.00343567
8.608703e-08,-0.00362791
8.613703e-08,-0.00862606
8.618703e-08,-0.00999918
8.623703e-08,-0.00928516
8.628703e-08,-0.0108505
8.633703e-08,-0.0132672
8.638703e-08,-0.0127729
8.643703e-08,-0.0131299
8.648703e-08,-0.0143108
8.653703e-08,-0.0178534
8.658703e-08,-0.026916
8.663703e-08,-0.0267512
8.668703e-08,-0.0177161
8.673703e-08,-0.0151621
8.678703e-08,-0.0118392
8.683703e-08,-0.00439686
8.688703e-08,-0.000826745
8.693703e-08,-0.00206255
8.698703e-08,-0.00942247
8.703703e-08,-0.0190343
8.708703e-08,-0.0172493
8.713703e-08,-0.00706071
8.718703e-08,-0.00387507
8.723703e-08,-0.00285896
8.728703e-08,0.00466573
8.733703e-08,0.012163
8.738703e-08,0.0164196
8.743703e-08,0.0166119
8.748703e-08,0.00919703
8.753703e-08,-0.00019511
8.758703e-08,-0.00478133
8.763703e-08,-0.00225479
8.768703e-08,0.00345739
8.773703e-08,0.00211173
8.778703e-08,0.000546374
8.783703e-08,0.0044735
8.788703e-08,0.00408902
8.793703e-08,0.00219412
8.798703e-08,-0.00310612
8.803703e-08,-0.0135693
8.808703e-08,-0.0142833
8.813703e-08,-0.0100266
8.818703e-08,-0.00986187
8.823703e-08,-0.00480879
8.828703e-08,-0.000909132
8.833703e-08,-0.011949
8.838703e-08,-0.0266963
8.843703e-08,-0.0266139
8.848703e-08,-0.025076
8.853703e-08,-0.0297446
8.858703e-08,-0.0185949
8.863703e-08,-0.00162315
8.868703e-08,0.00213919
8.873703e-08,0.00455588
8.878703e-08,0.0029356
8.883703e-08,-0.00574251
8.888703e-08,-0.00140346
8.893703e-08,0.00982866
8.898703e-08,0.00859285
8.903703e-08,0.00741197
8.908703e-08,0.0135635
8.913703e-08,0.0152388
8.918703e-08,0.0159253
8.923703e-08,0.0210059
8.928703e-08,0.0227085
8.933703e-08,0.0244112
8.938703e-08,0.0276792
8.943703e-08,0.0261413
8.948703e-08,0.0334738
8.953703e-08,0.0466557
8.958703e-08,0.0469853
8.963703e-08,0.041328
8.968703e-08,0.0278714
8.973703e-08,0.00743943
8.978703e-08,-0.00357298
8.983703e-08,-0.0077198
8.988703e-08,-0.0100816
8.993703e-08,-0.0142284
8.998703e-08,-0.0167549
9.003703e-08,-0.00527565
9.008703e-08,0.00106816
9.013703e-08,-0.00615445
9.018703e-08,-0.00156823
9.023703e-08,0.00480304
9.028703e-08,0.00263352
9.033703e-08,0.00708242
9.038703e-08,0.00584661
9.043703e-08,0.00115055
9.048703e-08,0.0112018
9.053703e-08,0.0164746
9.058703e-08,0.0109821
9.063703e-08,0.0126573
9.068703e-08,0.0151564
9.073703e-08,0.0120806
9.078703e-08,0.0112292
9.083703e-08,0.00875763
9.088703e-08,-0.000414809
9.093703e-08,-0.00725294
9.098703e-08,-0.0117842
9.103703e-08,-0.0148875
9.108703e-08,-0.00857114
9.113703e-08,-0.00500103
9.118703e-08,-0.00566013
9.123703e-08,0.00741197
9.128703e-08,0.0171886
9.133703e-08,0.00581915
9.138703e-08,-0.00159569
9.143703e-08,0.00606631
9.148703e-08,0.00554453
9.153703e-08,-0.00121122
9.158703e-08,0.00408902
9.163703e-08,0.0101857
9.168703e-08,0.00732958
9.173703e-08,0.00642333
9.178703e-08,0.00672541
9.183703e-08,0.000491449
9.188703e-08,-0.00362791
9.193703e-08,-0.000771821
9.198703e-08,0.000134438
9.203703e-08,0.00238635
9.208703e-08,0.00812599
9.213703e-08,0.00661556
9.218703e-08,0.00362216
9.223703e-08,0.00678034
9.228703e-08,0.00820838
9.233703e-08,0.0100484
9.238703e-08,0.014662
9.243703e-08,0.0157056
9.248703e-08,0.014662
9.253703e-08,0.0117785
9.258703e-08,0.00559945
9.263703e-08,-0.00129361
9.268703e-08,-0.00936755
9.273703e-08,-0.0180457
9.278703e-08,-0.0252408
9.283703e-08,-0.027273
9.288703e-08,-0.0235656
9.293703e-08,-0.0216982
9.298703e-08,-0.0191442
9.303703e-08,-0.0132672
9.308703e-08,-0.0145854
9.313703e-08,-0.0182104
9.318703e-08,-0.01302
9.323703e-08,-0.00975202
9.328703e-08,-0.0145579
9.333703e-08,-0.0148326
9.338703e-08,-0.00843383
9.343703e-08,-0.00513834
9.348703e-08,-0.00585236
9.353703e-08,-0.00250195
9.358703e-08,0.00612124
9.363703e-08,0.00993851
9.368703e-08,0.0104878
9.373703e-08,0.0120257
9.378703e-08,0.0029356
9.383703e-08,-0.0113723
9.388703e-08,-0.0179633
9.393703e-08,-0.0234283
9.398703e-08,-0.0263393
9.403703e-08,-0.0186224
9.408703e-08,-0.00923024
9.413703e-08,-0.00782965
9.418703e-08,-0.00868099
9.423703e-08,-0.00653892
9.428703e-08,-0.00917531
9.433703e-08,-0.0198307
9.438703e-08,-0.0238677
9.443703e-08,-0.0198856
9.448703e-08,-0.0178809
9.453703e-08,-0.0128827
9.458703e-08,-0.0112899
9.463703e-08,-0.0138165
9.468703e-08,-0.00898307
9.473703e-08,-0.0121687
9.478703e-08,-0.0245268
9.483703e-08,-0.0243071
9.488703e-08,-0.0138714
9.493703e-08,-0.00689593
9.498703e-08,-0.00972456
9.503703e-08,-0.014503
9.508703e-08,-0.00807682
9.513703e-08,-0.0060446
9.518703e-08,-0.0170021
9.523703e-08,-0.0146678
9.528703e-08,-0.00228225
9.533703e-08,-0.00121122
9.538703e-08,-0.00335328
9.543703e-08,-0.000552121
9.548703e-08,0.00436365
9.553703e-08,0.00524244
9.558703e-08,-0.00132107
9.563703e-08,-0.000277498
9.568703e-08,0.0104603
9.573703e-08,0.00754928
9.578703e-08,-0.00546789
9.583703e-08,-0.0108231
9.588703e-08,-0.0138165
9.593703e-08,-0.0120039
9.598703e-08,-0.00728041
9.603703e-08,-0.0121138
9.608703e-08,-0.0101365
9.613703e-08,0.00257859
9.618703e-08,0.00941673
9.623703e-08,0.011806
9.628703e-08,0.0082633
9.633703e-08,-0.00019511
9.638703e-08,-0.00365537
9.643703e-08,-0.00316105
9.648703e-08,0.00109562
9.653703e-08,0.00774152
9.658703e-08,0.00694511
9.663703e-08,0.00373201
9.668703e-08,0.005929
9.673703e-08,0.0087027
9.678703e-08,0.0115039
9.683703e-08,0.0125749
9.688703e-08,0.00969135
9.693703e-08,0.00809853
9.698703e-08,0.00428126
9.703703e-08,-0.00571505
9.708703e-08,-0.00975202
9.713703e-08,-0.00673116
9.718703e-08,-0.00890069
9.723703e-08,-0.0109604
9.728703e-08,-0.00914785
9.733703e-08,-0.00813174
9.738703e-08,-0.00219986
9.743703e-08,0.00477558
9.748703e-08,0.00705496
9.753703e-08,0.00925195
9.758703e-08,0.00900479
9.763703e-08,0.00529737
9.768703e-08,0.00408902
9.773703e-08,0.00623109
9.778703e-08,0.0038144
9.783703e-08,-0.00126614
9.788703e-08,0.00117801
9.793703e-08,0.00831823
9.798703e-08,0.0120806
9.803703e-08,0.0105701
9.808703e-08,0.00584661
9.813703e-08,-0.00219986
9.818703e-08,-0.00722548
9.823703e-08,-0.00522073
9.828703e-08,-0.00324344
9.833703e-08,-8.52608e-05
9.838703e-08,0.00219412
9.843703e-08,0.000711148
9.848703e-08,0.00450096
9.853703e-08,0.0126573
9.858703e-08,0.0170513
9.863703e-08,0.0126024
9.868703e-08,0.00664302
9.873703e-08,0.0113116
9.878703e-08,0.0149367
9.883703e-08,0.0127122
9.888703e-08,0.0157056
9.893703e-08,0.0213629
9.898703e-08,0.0260864
9.903703e-08,0.0303705
9.908703e-08,0.0333639
9.913703e-08,0.0341878
9.918703e-08,0.0318535
9.923703e-08,0.0277891
9.928703e-08,0.0250703
9.933703e-08,0.0204291
9.938703e-08,0.0119982
9.943703e-08,0.0129044
9.948703e-08,0.0221043
9.953703e-08,0.0202094
9.958703e-08,0.00985612
9.963703e-08,0.00752182
9.968703e-08,0.00760421
9.973703e-08,-0.00255688
9.978703e-08,-0.0121687
9.983703e-08,-0.00832398
9.988703e-08,-5.77984e-05
9.993703e-08,0.00518752
9.998703e-08,0.0169414
1.00037e-07,0.030755
1.00087e-07,0.0338308
1.00137e-07,0.0317986
1.00187e-07,0.0265807
1.00237e-07,0.0188089
1.00287e-07,0.0155683
1.00337e-07,0.0107349
1.00387e-07,0.00191949
1.00437e-07,-0.000936595
1.00487e-07,-0.00307866
1.00537e-07,-0.0102738
1.00587e-07,-0.0092577
1.00637e-07,-0.00134853
1.00687e-07,-0.00159569
1.00737e-07,-0.00431447
1.00787e-07,-0.000524659
1.00837e-07,0.00461081
1.00887e-07,0.00494036
1.00937e-07,-0.00269419
1.00987e-07,-0.0107956
1.01037e-07,-0.011592
1.01087e-07,-0.0138988
1.01137e-07,-0.0202976
1.01187e-07,-0.018897
1.01237e-07,-0.0081592
1.01287e-07,0.000518912
1.01337e-07,0.00263352
1.01387e-07,0.00367709
1.01437e-07,0.00579169
1.01487e-07,0.00867524
1.01537e-07,0.0129319
1.01587e-07,0.016859
1.01637e-07,0.0218846
1.01687e-07,0.0237796
1.01737e-07,0.0120257
1.01787e-07,-0.0105759
1.01837e-07,-0.0253781
1.01887e-07,-0.0229614
1.01937e-07,-0.0155191
1.01987e-07,-0.00810428
1.02037e-07,0.00095831
1.02087e-07,0.00186457
1.02137e-07,-0.00508342
1.02187e-07,-0.00813174
1.02237e-07,-0.00340821
1.02287e-07,0.0003816
1.02337e-07,-0.00156823
1.02387e-07,-0.00316105
1.02437e-07,-0.00568759
1.02487e-07,-0.00944993
1.02537e-07,-0.00912039
1.02587e-07,-0.0107956
1.02637e-07,-0.0151621
1.02687e-07,-0.00681355
1.02737e-07,0.00106816
1.02787e-07,-0.00733533
1.02837e-07,-0.0094774
1.02887e-07,-0.00662131
1.02937e-07,-0.0126081
1.02987e-07,-0.0121412
1.03037e-07,-0.00395746
1.03087e-07,-0.00291389
1.03137e-07,-0.00739026
1.03187e-07,-0.00711563
1.03237e-07,-0.00365537
1.03287e-07,0.000711148
1.03337e-07,0.00809853
1.03387e-07,0.0107898
1.03437e-07,0.00518752
1.03487e-07,-0.00115629
1.03537e-07,-0.00807682
1.03587e-07,-0.0139812
1.03637e-07,-0.0123335
1.03687e-07,-0.0109878
1.03737e-07,-0.0201877
1.03787e-07,-0.0285638
1.03837e-07,-0.0210391
1.03887e-07,-0.00994426
1.03937e-07,-0.00857114
1.03987e-07,-0.0116469
1.04037e-07,-0.0185674
1.04087e-07,-0.0249113
1.04137e-07,-0.0224671
1.04187e-07,-0.0189245
1.04237e-07,-0.0188421
1.04287e-07,-0.0160409
1.04337e-07,-0.0161782
1.04387e-07,-0.0185125
1.04437e-07,-0.0111251
1.04487e-07,-0.00112883
1.04537e-07,0.00455588
1.04587e-07,0.01068
1.04637e-07,0.0138382
1.04687e-07,0.0152388
1.04737e-07,0.0186166
1.04787e-07,0.0166943
1.04837e-07,0.00765913
1.04887e-07,-0.00354552
1.04937e-07,-0.0110702
1.04987e-07,-0.00980695
1.05037e-07,-0.00491864
1.05087e-07,-0.00585236
1.05137e-07,-0.00826905
1.05187e-07,0.000875923
1.05237e-07,0.0139206
1.05287e-07,0.00793376
1.05337e-07,-0.00760996
1.05387e-07,-0.00686847
1.05437e-07,-0.0023921
1.05487e-07,-0.0110153
1.05537e-07,-0.0173316
1.05587e-07,-0.0108231
1.05637e-07,0.0027159
1.05687e-07,0.0164471
1.05737e-07,0.0196602
1.05787e-07,0.0154859
1.05837e-07,0.0140853
1.05887e-07,0.00873017
1.05937e-07,-0.00230971
1.05987e-07,-0.00964217
1.06037e-07,-0.0101914
1.06087e-07,-0.0105484
1.06137e-07,-0.0103287
1.06187e-07,-0.00475387
1.06237e-07,-0.00154077
1.06287e-07,-0.00192524
1.06337e-07,-0.00288642
1.06387e-07,-0.00623684
1.06437e-07,-0.00272165
1.06487e-07,0.00820838
1.06537e-07,0.00809853
1.06587e-07,-0.000167648
1.06637e-07,0.00167233
1.06687e-07,0.00941673
1.06737e-07,0.0163922
1.06787e-07,0.0207312
1.06837e-07,0.0174357
1.06887e-07,0.0148543
1.06937e-07,0.00969135
1.06987e-07,-0.00395746
1.07037e-07,-0.0103562
1.07087e-07,-0.0117842
1.07137e-07,-0.0147776
1.07187e-07,-0.0139263
1.07237e-07,-0.0151896
1.07287e-07,-0.0164528
1.07337e-07,-0.0148051
1.07387e-07,-0.0210665
1.07437e-07,-0.0275202
1.07487e-07,-0.0211214
1.07537e-07,-0.0135418
1.07587e-07,-0.00868099
1.07637e-07,0.00112308
1.07687e-07,0.00993851
1.07737e-07,0.0114489
1.07787e-07,0.0108448
1.07837e-07,0.0156507
1.07887e-07,0.0160626
1.07937e-07,0.00469319
1.07987e-07,-0.00423208
1.08037e-07,-0.00373776
1.08087e-07,-0.00088167
1.08137e-07,-0.00664877
1.08187e-07,-0.0151896
1.08237e-07,-0.0109329
1.08287e-07,-0.00651146
1.08337e-07,-0.00931262
1.08387e-07,-0.00544043
1.08437e-07,-0.00110137
1.08487e-07,-0.00508342
1.08537e-07,-0.014503
1.08587e-07,-0.0218904
1.08637e-07,-0.01854
1.08687e-07,-0.0146403
1.08737e-07,-0.0159036
1.08787e-07,-0.00804935
1.08837e-07,0.00656064
1.08887e-07,0.0108997
1.08937e-07,0.0029356
1.08987e-07,-0.00722548
1.09037e-07,-0.00934009
1.09087e-07,-0.00725294
1.09137e-07,-0.0107132
1.09187e-07,-0.0100816
1.09237e-07,-0.00140346
1.09287e-07,0.00557199
1.09337e-07,0.0115863
1.09387e-07,0.0202369
1.09437e-07,0.0228184
1.09487e-07,0.0102681
1.09537e-07,-0.00321597
1.09587e-07,-0.00934009
1.09637e-07,-0.0126081
1.09687e-07,-0.0105484
1.09737e-07,-0.00977948
1.09787e-07,-0.00988933
1.09837e-07,-0.00876338
1.09887e-07,-0.0106308
1.09937e-07,-0.00843383
1.09987e-07,0.000436525
1.10037e-07,0.0129868
1.10087e-07,0.021253
1.10137e-07,0.0151289
1.10187e-07,0.0052699
1.10237e-07,0.00628601
1.10287e-07,0.0124101
1.10337e-07,0.0151289
1.10387e-07,0.0137832
1.10437e-07,0.0101033
1.10487e-07,0.00760421
1.10537e-07,0.00356724
1.10587e-07,-0.00445178
1.10637e-07,-0.0110977
1.10687e-07,-0.0125257
1.10737e-07,-0.00486372
1.10787e-07,0.00518752
1.10837e-07,0.00483051
1.10887e-07,0.00362216
1.10937e-07,0.0091421
1.10987e-07,0.0134262
1.11037e-07,0.014305
1.11087e-07,0.0146346
1.11137e-07,0.0173808
1.11187e-07,0.0170513
1.11237e-07,0.0123552
1.11287e-07,0.00834569
1.11337e-07,-0.00269419
1.11387e-07,-0.0151072
1.11437e-07,-0.0176063
1.11487e-07,-0.018897
1.11537e-07,-0.0179084
1.11587e-07,-0.0113448
1.11637e-07,-0.00519326
1.11687e-07,-0.000497197
1.11737e-07,-0.00390253
1.11787e-07,-0.012718
1.11837e-07,-0.012306
1.11887e-07,-0.00755503
1.11937e-07,-0.0111801
1.11987e-07,-0.023291
1.12037e-07,-0.0317219
1.12087e-07,-0.0323536
1.12137e-07,-0.0394663
1.12187e-07,-0.0434209
1.12237e-07,-0.0303488
1.12287e-07,-0.0224396
1.12337e-07,-0.0289208
1.12387e-07,-0.0314473
1.12437e-07,-0.0228516
1.12487e-07,-0.0107407
1.12537e-07,-0.00524819
1.12587e-07,-0.00445178
1.12637e-07,0.00224904
1.12687e-07,0.00727466
1.12737e-07,0.000628761
1.12787e-07,-0.00810428
1.12837e-07,-0.0101914
1.12887e-07,-0.00313359
1.12937e-07,0.00524244
1.12987e-07,0.00375947
1.13037e-07,0.00428126
1.13087e-07,0.0140304
1.13137e-07,0.0215276
1.13187e-07,0.0257019
1.13237e-07,0.0280637
1.13287e-07,0.0252076
1.13337e-07,0.0189736
1.13387e-07,0.0166668
1.13437e-07,0.0213629
1.13487e-07,0.0229008
1.13537e-07,0.0229831
1.13587e-07,0.0250977
1.13637e-07,0.0206214
1.13687e-07,0.0143874
1.13737e-07,0.00557199
1.13787e-07,-0.00401238
1.13837e-07,-0.00222733
1.13887e-07,0.0027159
1.13937e-07,0.00414395
1.13987e-07,0.00741197
1.14037e-07,0.0126024
1.14087e-07,0.0167492
1.14137e-07,0.0171611
1.14187e-07,0.0185892
1.14237e-07,0.0235324
1.14287e-07,0.017271
1.14337e-07,0.00620363
1.14387e-07,0.00771406
1.14437e-07,0.0052699
1.14487e-07,-0.00123868
1.14537e-07,0.00411648
1.14587e-07,0.00705496
1.14637e-07,0.00233143
1.14687e-07,-0.00167808
1.14737e-07,-0.00653892
1.14787e-07,-0.0053855
1.14837e-07,0.00502274
1.14887e-07,0.0149367
1.14937e-07,0.0203193
1.14987e-07,0.0191109
1.15037e-07,0.0113116
1.15087e-07,0.00559945
1.15137e-07,0.00579169
1.15187e-07,0.00378694
1.15237e-07,0.0003816
1.15287e-07,0.00257859
1.15337e-07,0.00202934
1.15387e-07,-0.00555028
1.15437e-07,-0.00884576
1.15487e-07,-0.0069234
1.15537e-07,-0.0128827
1.15587e-07,-0.0224946
1.15637e-07,-0.0216707
1.15687e-07,-0.0124159
1.15737e-07,-0.00318851
1.15787e-07,-0.00500103
1.15837e-07,-0.0085986
1.15887e-07,0.00120547
1.15937e-07,0.00472066
1.15987e-07,-0.000222573
1.16037e-07,0.00419887
1.16087e-07,0.00842808
1.16137e-07,0.00925195
1.16187e-07,0.0148268
1.16237e-07,0.019468
1.16287e-07,0.0136459
1.16337e-07,-0.00030496
1.16387e-07,-0.00695086
1.16437e-07,-0.00294135
1.16487e-07,0.0003816
1.16537e-07,0.00084846
1.16587e-07,0.00351231
1.16637e-07,0.00952657
1.16687e-07,0.0175731
1.16737e-07,0.0247133
1.16787e-07,0.0262512
1.16837e-07,0.0258392
1.16887e-07,0.0253998
1.16937e-07,0.0159802
1.16987e-07,0.00312784
1.17037e-07,0.000518912
1.17087e-07,0.0027159
1.17137e-07,0.000546374
1.17187e-07,-0.000442272
1.17237e-07,0.00598393
1.17287e-07,0.0155958
1.17337e-07,0.0203193
1.17387e-07,0.0174357
1.17437e-07,0.0108173
1.17487e-07,-0.00236464
1.17537e-07,-0.0209567
1.17587e-07,-0.0263118
1.17637e-07,-0.0154642
1.17687e-07,-0.00403984
1.17737e-07,0.00414395
1.17787e-07,0.00963642
1.17837e-07,0.0137283
1.17887e-07,0.015788
1.17937e-07,0.00466573
1.17987e-07,-0.0134869
1.18037e-07,-0.0196934
1.18087e-07,-0.0131848
1.18137e-07,-0.00453417
1.18187e-07,-0.000497197
1.18237e-07,0.00400663
1.18287e-07,0.00955404
1.18337e-07,0.00620363
1.18387e-07,-0.00143092
1.18437e-07,-0.00294135
1.18487e-07,-0.00156823
1.18537e-07,-0.00219986
1.18587e-07,0.00222158
1.18637e-07,0.0185342
1.18687e-07,0.0352863
1.18737e-07,0.0361376
1.18787e-07,0.0266082
1.18837e-07,0.0227085
1.18887e-07,0.0229557
1.18937e-07,0.0159802
1.18987e-07,0.00419887
1.19037e-07,-0.00236464
1.19087e-07,-0.00365537
1.19137e-07,-0.00118376
1.19187e-07,0.00557199
1.19237e-07,0.00988359
1.19287e-07,0.00439111
1.19337e-07,-0.00653892
1.19387e-07,-0.00832398
1.19437e-07,7.95135e-05
1.19487e-07,0.00109562
1.19537e-07,-0.00659385
1.19587e-07,-0.00695086
1.19637e-07,-0.00126614
1.19687e-07,-0.00019511
1.19737e-07,-0.00269419
1.19787e-07,-0.00456163
1.19837e-07,-0.00107391
1.19887e-07,0.00628601
1.19937e-07,0.00441857
1.19987e-07,-0.00684101
1.20037e-07,-0.0125806
1.20087e-07,-0.0100816
1.20137e-07,-0.0106857
1.20187e-07,-0.0160134
1.20237e-07,-0.0146403
1.20287e-07,-0.00895561
1.20337e-07,-0.00840636
1.20387e-07,-0.00934009
1.20437e-07,-0.00387507
1.20487e-07,0.00318276
1.20537e-07,-0.00167808
1.20587e-07,-0.0120039
1.20637e-07,-0.0092577
1.20687e-07,0.00513259
1.20737e-07,0.0162549
1.20787e-07,0.0188089
1.20837e-07,0.0152937
1.20887e-07,0.00554453
1.20937e-07,-0.00436939
1.20987e-07,-0.0085986
1.21037e-07,-0.00634669
1.21087e-07,-0.00123868
1.21137e-07,-0.00156823
1.21187e-07,0.00268844
1.21237e-07,0.0125749
1.21287e-07,0.00886748
1.21337e-07,0.0010407
1.21387e-07,0.00128786
1.21437e-07,-0.00118376
1.21487e-07,-0.0119765
1.21537e-07,-0.0272456
1.21587e-07,-0.0291679
1.21637e-07,-0.0100541
1.21687e-07,0.00414395
1.21737e-07,0.000463987
1.21787e-07,-0.00145838
1.21837e-07,0.00406156
1.21887e-07,-0.000716896
1.21937e-07,-0.00846129
1.21987e-07,-0.00181539
1.22037e-07,0.00735705
1.22087e-07,0.0101033
1.22137e-07,0.0109272
1.22187e-07,0.011751
1.22237e-07,0.0140029
1.22287e-07,0.0117236
1.22337e-07,0.00131532
1.22387e-07,-0.00123868
1.22437e-07,0.00348485
1.22487e-07,-0.00524819
1.22537e-07,-0.01302
1.22587e-07,-0.00384761
1.22637e-07,0.00397917
1.22687e-07,0.00851047
1.22737e-07,0.0148817
1.22787e-07,0.0151564
1.22837e-07,0.0138107
1.22887e-07,0.0129044
1.22937e-07,0.011037
1.22987e-07,0.00818092
1.23037e-07,-0.000250035
1.23087e-07,-0.00351806
1.23137e-07,0.00224904
1.23187e-07,0.00285321
1.23237e-07,-0.000497197
1.23287e-07,0.00257859
1.23337e-07,0.00439111
1.23387e-07,-0.00557774
1.23437e-07,-0.0144481
1.23487e-07,-0.0107681
1.23537e-07,-0.00214494
1.23587e-07,0.00241382
1.23637e-07,-0.00143092
1.23687e-07,-0.0127454
1.23737e-07,-0.0190343
1.23787e-07,-0.00909292
1.23837e-07,0.005929
1.23887e-07,0.00886748
1.23937e-07,-0.00307866
1.23987e-07,-0.0124983
1.24037e-07,-0.00266673
1.24087e-07,0.00529737
1.24137e-07,-0.00458909
1.24187e-07,-0.0152994
1.24237e-07,-0.0196659
1.24287e-07,-0.0222749
1.24337e-07,-0.0233459
1.24387e-07,-0.0227967
1.24437e-07,-0.020325
1.24487e-07,-0.015986
1.24537e-07,-0.0122236
1.24587e-07,-0.0102463
1.24637e-07,-0.010164
1.24687e-07,-0.0114547
1.24737e-07,-0.00972456
1.24787e-07,-0.00403984
1.24837e-07,0.00353977
1.24887e-07,0.0122728
1.24937e-07,0.0138107
1.24987e-07,0.00760421
1.25037e-07,0.00433618
1.25087e-07,0.00186457
1.25137e-07,-0.00313359
1.25187e-07,-0.00511088
1.25237e-07,-0.00181539
1.25287e-07,0.00244128
1.25337e-07,0.00375947
1.25387e-07,0.00417141
1.25437e-07,0.000766073
1.25487e-07,-0.00857114
1.25537e-07,-0.0128278
1.25587e-07,-0.012663
1.25637e-07,-0.0152994
1.25687e-07,-0.00607206
1.25737e-07,0.013234
1.25787e-07,0.0176829
1.25837e-07,0.00829077
1.25887e-07,-0.00159569
1.25937e-07,-0.00739026
1.25987e-07,-0.010878
1.26037e-07,-0.0147227
1.26087e-07,-0.010521
1.26137e-07,-0.00099152
1.26187e-07,0.0042538
1.26237e-07,0.00845554
1.26287e-07,0.0104328
1.26337e-07,0.00700004
1.26387e-07,-0.00214494
1.26437e-07,-0.0125257
1.26487e-07,-0.0132672
1.26537e-07,-0.0100541
1.26587e-07,-0.014146
1.26637e-07,-0.0177161
1.26687e-07,-0.0158761
1.26737e-07,-0.0129651
1.26787e-07,-0.0102738
1.26837e-07,-0.0107407
1.26887e-07,-0.0103837
1.26937e-07,-0.0115371
1.26987e-07,-0.0193364
1.27037e-07,-0.0188695
1.27087e-07,-0.0112075
1.27137e-07,-0.00862606
1.27187e-07,-0.00206255
1.27237e-07,0.00678034
1.27287e-07,0.0072472
1.27337e-07,0.00727466
1.27387e-07,0.00678034
1.27437e-07,0.00172726
1.27487e-07,0.00156248
1.27537e-07,-0.00132107
1.27587e-07,-0.0106308
1.27637e-07,-0.0113448
1.27687e-07,-0.00700578
1.27737e-07,-0.00376522
1.27787e-07,-0.00206255
1.27837e-07,-0.00544043
1.27887e-07,-0.00755503
1.27937e-07,-0.00879084
1.27987e-07,-0.0146129
1.28037e-07,-0.0167275
1.28087e-07,-0.0109878
1.28137e-07,-0.00412223
1.28187e-07,0.000711148
1.28237e-07,0.00485797
1.28287e-07,0.0100758
1.28337e-07,0.0139755
1.28387e-07,0.0149092
1.28437e-07,0.0161999
1.28487e-07,0.016859
1.28537e-07,0.0154859
1.28587e-07,0.0125749
1.28637e-07,0.00112308
1.28687e-07,-0.0147776
1.28737e-07,-0.0241148
1.28787e-07,-0.0329303
1.28837e-07,-0.0347703
1.28887e-07,-0.0220277
1.28937e-07,-0.0150797
1.28987e-07,-0.0161233
1.29037e-07,-0.0119765
1.29087e-07,-0.00796697
1.29137e-07,-0.00310612
1.29187e-07,0.00543468
1.29237e-07,0.0102955
1.29287e-07,0.013234
1.29337e-07,0.0145797
1.29387e-07,0.00922449
1.29437e-07,0.00664302
1.29487e-07,0.00878509
1.29537e-07,0.000216825
1.29587e-07,-0.00829651
1.29637e-07,-0.00184285
1.29687e-07,0.00384186
1.29737e-07,0.00288068
1.29787e-07,0.00436365
1.29837e-07,0.00721973
1.29887e-07,0.00342992
1.29937e-07,-0.00725294
1.29987e-07,-0.0106308
1.30037e-07,-0.000909132
1.30087e-07,0.00955404
1.30137e-07,0.0113666
1.30187e-07,0.00386932
1.30237e-07,-0.00544043
1.30287e-07,-0.00373776
1.30337e-07,0.0102131
1.30387e-07,0.0226261
1.30437e-07,0.0286404
1.30487e-07,0.0364123
1.30537e-07,0.0430581
1.30587e-07,0.0405041
1.30637e-07,0.0302607
1.30687e-07,0.0131516
1.30737e-07,-0.00522073
1.30787e-07,-0.00961471
1.30837e-07,-0.00198017
1.30887e-07,-0.00145838
1.30937e-07,-0.00747264
1.30987e-07,-0.00645653
1.31037e-07,-0.00338075
1.31087e-07,-0.00722548
1.31137e-07,-0.0119215
1.31187e-07,-0.00972456
1.31237e-07,-0.00250195
1.31287e-07,0.00194696
1.31337e-07,0.00348485
1.31387e-07,0.00672541
1.31437e-07,0.00664302
1.31487e-07,0.0014801
1.31537e-07,-0.006484
1.31587e-07,-0.0110153
1.31637e-07,-0.00167808
1.31687e-07,0.00787883
1.31737e-07,0.00194696
1.31787e-07,-0.00464402
1.31837e-07,-0.00390253
1.31887e-07,-0.00340821
1.31937e-07,-0.000661971
1.31987e-07,0.00191949
1.32037e-07,0.00189203
1.32087e-07,0.00620363
1.32137e-07,0.0121355
1.32187e-07,0.0118334
1.32237e-07,0.00430872
1.32287e-07,-0.000716896
1.32337e-07,-0.0034906
1.32387e-07,-0.0179907
1.32437e-07,-0.027685
1.32487e-07,-0.0155466
1.32537e-07,-0.0079395
1.32587e-07,-0.0141185
1.32637e-07,-0.0192265
1.32687e-07,-0.0270533
1.32737e-07,-0.0299369
1.32787e-07,-0.0183477
1.32837e-07,-0.00826905
1.32887e-07,-0.00972456
1.32937e-07,-0.0146129
1.32987e-07,-0.00796697
1.33037e-07,0.00856539
1.33087e-07,0.0151838
1.33137e-07,0.0057093
1.33187e-07,-0.00403984
1.33237e-07,-0.00236464
1.33287e-07,0.00178218
1.33337e-07,-0.00365537
1.33387e-07,-0.0130475
1.33437e-07,-0.013075
1.33487e-07,-0.0110428
1.33537e-07,-0.0118392
1.33587e-07,-0.00533058
1.33637e-07,0.00027175
1.33687e-07,0.00139771
1.33737e-07,0.00804361
1.33787e-07,0.0109272
1.33837e-07,0.00732958
1.33887e-07,0.00927941
1.33937e-07,0.0116137
1.33987e-07,0.00881255
1.34037e-07,0.00452842
1.34087e-07,0.00719227
1.34137e-07,0.0200447
1.34187e-07,0.0210882
1.34237e-07,0.00689019
1.34287e-07,0.00274337
1.34337e-07,0.00516006
1.34387e-07,0.00323769
1.34437e-07,0.00776898
1.34487e-07,0.0118609
1.34537e-07,0.00466573
1.34587e-07,0.00373201
1.34637e-07,0.0158704
1.34687e-07,0.022324
1.34737e-07,0.0159802
1.34787e-07,0.00985612
1.34837e-07,0.015431
1.34887e-07,0.0254822
1.34937e-07,0.0244387
1.34987e-07,0.0159528
1.35037e-07,0.0109546
1.35087e-07,0.00782391
1.35137e-07,0.00631348
1.35187e-07,0.00326515
1.35237e-07,-0.0051658
1.35287e-07,-0.0102463
1.35337e-07,-0.0103013
1.35387e-07,-0.00873591
1.35437e-07,-0.000909132
1.35487e-07,0.00326515
1.35537e-07,-0.00156823
1.35587e-07,0.00115055
1.35637e-07,0.00686272
1.35687e-07,0.00466573
1.35737e-07,0.00307291
1.35787e-07,0.00301799
1.35837e-07,-0.000277498
1.35887e-07,-0.00527565
1.35937e-07,-0.00826905
1.35987e-07,-0.0112075
1.36037e-07,-0.0139812
1.36087e-07,-0.00917531
1.36137e-07,-0.00318851
1.36187e-07,-0.00134853
1.36237e-07,0.0024962
1.36287e-07,0.00307291
1.36337e-07,-0.00255688
1.36387e-07,-0.0101365
1.36437e-07,-0.0114822
1.36487e-07,-0.00434193
1.36537e-07,-0.00590729
1.36587e-07,-0.0160684
1.36637e-07,-0.0196385
1.36687e-07,-0.0106583
1.36737e-07,0.00669795
1.36787e-07,0.0108997
1.36837e-07,-0.00200763
1.36887e-07,-0.00994426
1.36937e-07,-0.00467148
1.36987e-07,0.00299053
1.37037e-07,-0.00299627
1.37087e-07,-0.0156564
1.37137e-07,-0.0142559
1.37187e-07,-0.0124708
1.37237e-07,-0.0189794
1.37287e-07,-0.0183203
1.37337e-07,-0.014915
1.37387e-07,-0.0117842
1.37437e-07,-0.00200763
1.37487e-07,0.00499528
1.37537e-07,0.000683686
1.37587e-07,-0.00178793
1.37637e-07,0.00370455
1.37687e-07,0.0010407
1.37737e-07,-0.00769234
1.37787e-07,-0.00585236
1.37837e-07,0.00202934
1.37887e-07,0.0098012
1.37937e-07,0.0149367
1.37987e-07,0.00999344
1.38037e-07,0.000601299
1.38087e-07,-0.00708817
1.38137e-07,-0.018128
1.38187e-07,-0.0264766
1.38237e-07,-0.0276026
1.38287e-07,-0.0290032
1.38337e-07,-0.0308431
1.38387e-07,-0.0338915
1.38437e-07,-0.0356765
1.38487e-07,-0.0311178
1.38537e-07,-0.0221376
1.38587e-07,-0.00851621
1.38637e-07,-0.00176047
1.38687e-07,-0.00357298
1.38737e-07,0.00106816
1.38787e-07,0.00540722
1.38837e-07,0.00601139
1.38887e-07,0.0112018
1.38937e-07,0.0156232
1.38987e-07,0.0151014
1.39037e-07,0.00867524
1.39087e-07,0.0035947
1.39137e-07,0.00776898
1.39187e-07,0.0100758
1.39237e-07,0.00809853
1.39287e-07,0.00444603
1.39337e-07,-0.00491864
1.39387e-07,-0.0114547
1.39437e-07,-0.00923024
1.39487e-07,-0.00541296
1.39537e-07,-0.00417716
1.39587e-07,-0.00530311
1.39637e-07,-0.00475387
1.39687e-07,0.0038144
1.39737e-07,0.0143874
1.39787e-07,0.0152113
1.39837e-07,0.00686272
1.39887e-07,0.0024962
1.39937e-07,0.00466573
1.39987e-07,0.00260605
1.40037e-07,-0.000414809
1.40087e-07,0.00285321
1.40137e-07,0.00598393
1.40187e-07,0.00584661
1.40237e-07,0.0057093
1.40287e-07,0.00721973
1.40337e-07,0.0139755
1.40387e-07,0.0181772
1.40437e-07,0.0144149
1.40487e-07,0.0167492
1.40537e-07,0.015788
1.40587e-07,-3.03361e-05
1.40637e-07,-0.00557774
1.40687e-07,0.00474812
1.40737e-07,0.0137009
1.40787e-07,0.0172435
1.40837e-07,0.0166943
1.40887e-07,0.0192757
1.40937e-07,0.0240542
1.40987e-07,0.021253
1.41037e-07,0.00930688
1.41087e-07,-0.00140346
1.41137e-07,-0.00170554
1.41187e-07,-0.00159569
1.41237e-07,-0.00376522
1.41287e-07,-0.00549535
1.41337e-07,-0.0145305
1.41387e-07,-0.025131
1.41437e-07,-0.0257901
1.41487e-07,-0.0191991
1.41537e-07,-0.0135693
1.41587e-07,-0.00664877
1.41637e-07,0.00175472
1.41687e-07,0.00529737
1.41737e-07,0.00776898
1.41787e-07,0.0104054
1.41837e-07,0.0123003
1.41887e-07,0.0148543
1.41937e-07,0.0118334
1.41987e-07,0.00200188
1.42037e-07,-0.00362791
1.42087e-07,0.00480304
1.42137e-07,0.0160077
1.42187e-07,0.0106251
1.42237e-07,-0.00343567
1.42287e-07,-0.0028315
1.42337e-07,0.00999344
1.42387e-07,0.0107075
1.42437e-07,0.00211173
1.42487e-07,0.00197442
1.42537e-07,0.00329261
1.42587e-07,0.00505021
1.42637e-07,0.0111743
1.42687e-07,0.0109821
1.42737e-07,0.00738451
1.42787e-07,0.00996597
1.42837e-07,0.0135361
1.42887e-07,0.0147444
1.42937e-07,0.0158704
1.42987e-07,0.0110919
1.43037e-07,0.0012604
1.43087e-07,-0.000469734
1.43137e-07,0.00590154
1.43187e-07,0.00345739
1.43237e-07,-0.00892815
1.43287e-07,-0.0127729
1.43337e-07,-0.00934009
1.43387e-07,-0.00983441
1.43437e-07,-0.00934009
1.43487e-07,-0.00417716
1.43537e-07,-0.00140346
1.43587e-07,-0.00247449
1.43637e-07,0.000106976
1.43687e-07,0.00960896
1.43737e-07,0.0153486
1.43787e-07,0.0115863
1.43837e-07,0.0107898
1.43887e-07,0.0123277
1.43937e-07,0.00834569
1.43987e-07,0.00590154
1.44037e-07,0.0063684
1.44087e-07,0.00224904
1.44137e-07,-0.00428701
1.44187e-07,-0.00502849
1.44237e-07,-0.00209002
1.44287e-07,0.00455588
1.44337e-07,0.0130967
1.44387e-07,0.0105976
1.44437e-07,0.0024962
1.44487e-07,-0.0021724
1.44537e-07,-0.00966963
1.44587e-07,-0.014915
1.44637e-07,-0.0116469
1.44687e-07,-0.0088183
1.44737e-07,-0.0104386
1.44787e-07,-0.00777473
1.44837e-07,0.00274337
1.44887e-07,0.00845554
1.44937e-07,0.00285321
1.44987e-07,-0.0028315
1.45037e-07,0.000601299
1.45087e-07,0.00458335
1.45137e-07,-0.000112723
1.45187e-07,-0.00346313
1.45237e-07,-0.000359885
1.45287e-07,0.00433618
1.45337e-07,0.0124651
1.45387e-07,0.0239443
1.45437e-07,0.029684
1.45487e-07,0.0233676
1.45537e-07,0.0149092
1.45587e-07,0.00818092
1.45637e-07,-0.00250195
1.45687e-07,-0.00299627
1.45737e-07,0.00765913
1.45787e-07,0.010323
1.45837e-07,0.0110919
1.45887e-07,0.0144973
1.45937e-07,0.0122454
1.45987e-07,0.0124651
1.46037e-07,0.0181772
1.46087e-07,0.0244936
1.46137e-07,0.0301234
1.46187e-07,0.0258667
1.46237e-07,0.0123003
1.46287e-07,0.00167233
1.46337e-07,-0.00769234
1.46387e-07,-0.0202976
1.46437e-07,-0.0316121
1.46487e-07,-0.0362532
1.46537e-07,-0.0330401
1.46587e-07,-0.0248289
1.46637e-07,-0.0118117
1.46687e-07,0.00340246
1.46737e-07,0.0118883
1.46787e-07,0.0104054
1.46837e-07,0.00606631
1.46887e-07,0.00741197
1.46937e-07,0.00889494
1.46987e-07,0.000875923
1.47037e-07,-0.0092577
1.47087e-07,-0.00964217
1.47137e-07,-0.00280404
1.47187e-07,-0.000250035
1.47237e-07,-0.00143092
1.47287e-07,0.00612124
1.47337e-07,0.0201271
1.47387e-07,0.0247407
1.47437e-07,0.0186166
1.47487e-07,0.00988359
1.47537e-07,-0.00250195
1.47587e-07,-0.011592
1.47637e-07,-0.0129651
1.47687e-07,-0.0164803
1.47737e-07,-0.0171394
1.47787e-07,-0.0149973
1.47837e-07,-0.0197209
1.47887e-07,-0.0168922
1.47937e-07,-0.00145838
1.47987e-07,0.0089224
1.48037e-07,0.0105152
1.48087e-07,0.00741197
1.48137e-07,0.00524244
1.48187e-07,0.00342992
1.48237e-07,-0.00673116
1.48287e-07,-0.0167275
1.48337e-07,-0.0210391
1.48387e-07,-0.0211214
1.48437e-07,-0.0116195
1.48487e-07,0.00230397
1.48537e-07,0.00897733
1.48587e-07,0.00991105
1.48637e-07,0.0141952
1.48687e-07,0.0133713
1.48737e-07,0.00897733
1.48787e-07,0.0175731
1.48837e-07,0.0231754
1.48887e-07,0.0121355
1.48937e-07,-0.000222573
1.48987e-07,-0.0121138
1.49037e-07,-0.0256527
1.49087e-07,-0.0280694
1.49137e-07,-0.0209841
1.49187e-07,-0.0188146
1.49237e-07,-0.0185674
1.49287e-07,-0.0110428
1.49337e-07,-0.00132107
1.49387e-07,0.00219412
1.49437e-07,0.000656224
1.49487e-07,-0.00733533
1.49537e-07,-0.0204624
1.49587e-07,-0.0231262
1.49637e-07,-0.0164254
1.49687e-07,-0.0118392
1.49737e-07,-0.00101898
1.49787e-07,0.0137558
1.49837e-07,0.0155408
1.49887e-07,0.00966389
1.49937e-07,0.00798868
1.49987e-07,0.0108997
1.50037e-07,0.0146346
1.50087e-07,0.00944419
1.50137e-07,0.000820998
1.50187e-07,0.00194696
1.50237e-07,0.00678034
1.50287e-07,0.0109546
1.50337e-07,0.0119158
1.50387e-07,0.00678034
1.50437e-07,0.00793376
1.50487e-07,0.0130692
1.50537e-07,0.00672541
1.50587e-07,0.00321023
1.50637e-07,0.00774152
1.50687e-07,0.00197442
1.50737e-07,-0.00664877
1.50787e-07,-0.0101914
1.50837e-07,-0.0142559
1.50887e-07,-0.0110977
1.50937e-07,-0.000552121
1.50987e-07,0.00244128
1.51037e-07,-0.00555028
1.51087e-07,-0.00909292
1.51137e-07,-0.00467148
1.51187e-07,-0.00810428
1.51237e-07,-0.0125532
1.51287e-07,-0.0104935
1.51337e-07,-0.0112075
1.51387e-07,-0.0077198
1.51437e-07,-0.00121122
1.51487e-07,2.45887e-05
1.51537e-07,-0.00343567
1.51587e-07,-0.0116195
1.51637e-07,-0.0105759
1.51687e-07,-0.00181539
1.51737e-07,-0.00747264
1.51787e-07,-0.0151346
1.51837e-07,-0.00662131
1.51887e-07,-0.00110137
1.51937e-07,-0.00571505
1.51987e-07,-0.00667623
1.52037e-07,-0.00821413
1.52087e-07,-0.0143382
1.52137e-07,-0.0166725
1.52187e-07,-0.0126356
1.52237e-07,-0.00233718
1.52287e-07,0.00721973
1.52337e-07,0.00202934
1.52387e-07,-0.0118666
1.52437e-07,-0.0135144
1.52487e-07,-0.00744518
1.52537e-07,-0.0104111
1.52587e-07,-0.0106583
1.52637e-07,-0.00222733
1.52687e-07,-0.00211748
1.52737e-07,-0.00977948
1.52787e-07,-0.0122786
1.52837e-07,-0.00788458
1.52887e-07,0.000161901
1.52937e-07,0.00642333
1.52987e-07,0.00661556
1.53037e-07,0.00675287
1.53087e-07,0.0122728
1.53137e-07,0.0147719
1.53187e-07,0.00719227
1.53237e-07,0.000463987
1.53287e-07,-0.000387347
1.53337e-07,-0.00774727
1.53387e-07,-0.0111526
1.53437e-07,0.00422633
1.53487e-07,0.0202369
1.53537e-07,0.0257568
1.53587e-07,0.022379
1.53637e-07,0.00947165
1.53687e-07,0.000436525
1.53737e-07,0.000106976
1.53787e-07,-0.00530311
1.53837e-07,-0.013075
1.53887e-07,-0.0133221
1.53937e-07,-0.0140362
1.53987e-07,-0.0160958
1.54037e-07,-0.00988933
1.54087e-07,0.00120547
1.54137e-07,0.0101857
1.54187e-07,0.0160901
1.54237e-07,0.0190835
1.54287e-07,0.0244661
1.54337e-07,0.0325126
1.54387e-07,0.0309198
1.54437e-07,0.0188912
1.54487e-07,0.011806
1.54537e-07,0.0157605
1.54587e-07,0.0174083
1.54637e-07,0.00878509
1.54687e-07,-0.000661971
1.54737e-07,-0.00799443
1.54787e-07,-0.015629
1.54837e-07,-0.0172493
1.54887e-07,-0.011592
1.54937e-07,-0.0085986
1.54987e-07,-0.013432
1.55037e-07,-0.022934
1.55087e-07,-0.0294151
1.55137e-07,-0.0220552
1.55187e-07,-0.00983441
1.55237e-07,-0.00824159
1.55287e-07,-0.00807682
1.55337e-07,-0.00587982
1.55387e-07,-0.00851621
1.55437e-07,-0.0069234
1.55487e-07,-0.000167648
1.55537e-07,-0.00192524
1.55587e-07,-0.0107132
1.55637e-07,-0.0196385
1.55687e-07,-0.0289482
1.55737e-07,-0.0315572
1.55787e-07,-0.0259823
1.55837e-07,-0.021808
1.55887e-07,-0.0159311
1.55937e-07,-0.00233718
1.55987e-07,0.0141952
1.56037e-07,0.0286129
1.56087e-07,0.0333365
1.56137e-07,0.0267455
1.56187e-07,0.0205115
1.56237e-07,0.0206488
1.56287e-07,0.0248231
1.56337e-07,0.0277341
1.56387e-07,0.0221867
1.56437e-07,0.0180674
1.56487e-07,0.0240542
1.56537e-07,0.0216924
1.56587e-07,0.0130692
1.56637e-07,0.0153486
1.56687e-07,0.00996597
1.56737e-07,-0.00942247
1.56787e-07,-0.0193639
1.56837e-07,-0.0180182
1.56887e-07,-0.0198307
1.56937e-07,-0.0223298
1.56987e-07,-0.0201877
1.57037e-07,-0.0226319
1.57087e-07,-0.022522
1.57137e-07,-0.010878
1.57187e-07,-0.00121122
1.57237e-07,0.000738611
1.57287e-07,-0.00368283
1.57337e-07,-0.00980695
1.57387e-07,-0.00892815
1.57437e-07,-0.00491864
1.57487e-07,0.00219412
1.57537e-07,0.0103779
1.57587e-07,0.00708242
1.57637e-07,-0.000140186
1.57687e-07,-0.00480879
1.57737e-07,-0.0145854
1.57787e-07,-0.0219179
1.57837e-07,-0.0239775
1.57887e-07,-0.0294151
1.57937e-07,-0.0301291
1.57987e-07,-0.0168922
1.58037e-07,0.00222158
1.58087e-07,0.0107898
1.58137e-07,0.00617616
1.58187e-07,0.0082633
1.58237e-07,0.017216
1.58287e-07,0.0177653
1.58337e-07,0.0159802
1.58387e-07,0.0173259
1.58437e-07,0.0203468
1.58487e-07,0.0244661
1.58537e-07,0.025647
1.58587e-07,0.0253174
1.58637e-07,0.0227085
1.58687e-07,0.0148268
1.58737e-07,0.0082633
1.58787e-07,0.00408902
1.58837e-07,-0.00310612
1.58887e-07,-0.0117842
1.58937e-07,-0.0176612
1.58987e-07,-0.0179358
1.59037e-07,-0.0171943
1.59087e-07,-0.021451
1.59137e-07,-0.0248838
1.59187e-07,-0.0239226
1.59237e-07,-0.0199406
1.59287e-07,-0.0164803
1.59337e-07,-0.0154642
1.59387e-07,-0.00634669
1.59437e-07,0.0022765
1.59487e-07,-0.00453417
1.59537e-07,-0.0105484
1.59587e-07,-0.00857114
1.59637e-07,-0.010521
