LECROYWR640Zi,59892,Waveform
Segments,1,SegmentSize,4002
Segment,TrigTime,TimeSinceSegment1
#1,01-Nov-2023 13:34:15,0                 
Time,Ampl
-4.043874e-08,0.00386932
-4.038874e-08,-0.00123868
-4.033874e-08,-0.00629176
-4.028874e-08,-0.00420462
-4.023874e-08,-0.00566013
-4.018874e-08,-0.0151621
-4.013874e-08,-0.0151072
-4.008874e-08,-0.00760996
-4.003874e-08,-0.00997172
-3.998874e-08,-0.0127454
-3.993874e-08,-0.00541296
-3.988874e-08,0.000299213
-3.983874e-08,0.00191949
-3.978874e-08,0.00543468
-3.973874e-08,0.0119707
-3.968874e-08,0.0160626
-3.963874e-08,0.00785137
-3.958874e-08,-0.000140186
-3.953874e-08,0.000738611
-3.948874e-08,-0.0122236
-3.943874e-08,-0.0374341
-3.938874e-08,-0.0484191
-3.933874e-08,-0.0413887
-3.928874e-08,-0.032436
-3.923874e-08,-0.0343583
-3.918874e-08,-0.0333697
-3.913874e-08,-0.0195836
-3.908874e-08,-0.00917531
-3.903874e-08,-0.00420462
-3.898874e-08,0.00134278
-3.893874e-08,0.00543468
-3.888874e-08,0.00299053
-3.883874e-08,-0.00870845
-3.878874e-08,-0.0129651
-3.873874e-08,-0.00497357
-3.868874e-08,-0.00741772
-3.863874e-08,-0.0171669
-3.858874e-08,-0.0122511
-3.853874e-08,0.00244128
-3.848874e-08,0.00916956
-3.843874e-08,0.00623109
-3.838874e-08,0.00757675
-3.833874e-08,0.0148268
-3.828874e-08,0.015788
-3.823874e-08,0.0114489
-3.818874e-08,0.00779644
-3.813874e-08,0.00392425
-3.808874e-08,-0.00101898
-3.803874e-08,-0.00653892
-3.798874e-08,-0.00966963
-3.793874e-08,-0.00522073
-3.788874e-08,0.00112308
-3.783874e-08,-0.00200763
-3.778874e-08,-0.00810428
-3.773874e-08,-0.00884576
-3.768874e-08,-0.00928516
-3.763874e-08,-0.0135144
-3.758874e-08,-0.019611
-3.753874e-08,-0.0140911
-3.748874e-08,0.00551707
-3.743874e-08,0.0127946
-3.738874e-08,0.00244128
-3.733874e-08,-0.00412223
-3.728874e-08,-0.00664877
-3.723874e-08,-0.0147776
-3.718874e-08,-0.0176063
-3.713874e-08,-0.0121138
-3.708874e-08,-0.0140911
-3.703874e-08,-0.0208468
-3.698874e-08,-0.0224946
-3.693874e-08,-0.0154917
-3.688874e-08,-0.00316105
-3.683874e-08,-0.00384761
-3.678874e-08,-0.0123609
-3.673874e-08,-0.0049461
-3.668874e-08,0.00683526
-3.663874e-08,0.00477558
-3.658874e-08,-0.00112883
-3.653874e-08,-0.000222573
-3.648874e-08,0.00557199
-3.643874e-08,0.00375947
-3.638874e-08,-0.0028315
-3.633874e-08,0.000656224
-3.628874e-08,-0.000167648
-3.623874e-08,-0.00884576
-3.618874e-08,-0.0058249
-3.613874e-08,0.000985772
-3.608874e-08,0.00623109
-3.603874e-08,0.0176829
-3.598874e-08,0.0168041
-3.593874e-08,0.00494036
-3.588874e-08,0.0068078
-3.583874e-08,0.00996597
-3.578874e-08,0.00639586
-3.573874e-08,0.00529737
-3.568874e-08,-0.000607046
-3.563874e-08,-0.00818667
-3.558874e-08,-0.00920277
-3.553874e-08,-0.00939501
-3.548874e-08,-0.0162606
-3.543874e-08,-0.0284539
-3.538874e-08,-0.0354294
-3.533874e-08,-0.0348252
-3.528874e-08,-0.0318592
-3.523874e-08,-0.0272456
-3.518874e-08,-0.0277399
-3.513874e-08,-0.03315
-3.508874e-08,-0.0321064
-3.503874e-08,-0.0247465
-3.498874e-08,-0.0142559
-3.493874e-08,-0.00513834
-3.488874e-08,-0.00148584
-3.483874e-08,-0.00143092
-3.478874e-08,-0.00258434
-3.473874e-08,-0.00110137
-3.468874e-08,0.000766073
-3.463874e-08,-0.00288642
-3.458874e-08,-0.0124983
-3.453874e-08,-0.025845
-3.448874e-08,-0.0372968
-3.443874e-08,-0.0420478
-3.438874e-08,-0.0383404
-3.433874e-08,-0.0329852
-3.428874e-08,-0.0360335
-3.423874e-08,-0.0357589
-3.418874e-08,-0.024719
-3.413874e-08,-0.0187322
-3.408874e-08,-0.0169746
-3.403874e-08,-0.00865353
-3.398874e-08,0.000628761
-3.393874e-08,0.00230397
-3.388874e-08,-0.0019527
-3.383874e-08,-0.00335328
-3.378874e-08,-0.000579584
-3.373874e-08,0.00540722
-3.368874e-08,0.0169963
-3.363874e-08,0.0236422
-3.358874e-08,0.0183695
-3.353874e-08,0.0136734
-3.348874e-08,0.00991105
-3.343874e-08,-0.00167808
-3.338874e-08,-0.00876338
-3.333874e-08,-0.00695086
-3.328874e-08,-0.00876338
-3.323874e-08,-0.0103013
-3.318874e-08,-0.00782965
-3.313874e-08,-0.0113723
-3.308874e-08,-0.0205173
-3.303874e-08,-0.0245542
-3.298874e-08,-0.0176337
-3.293874e-08,-0.009038
-3.288874e-08,-0.0100541
-3.283874e-08,-0.0103562
-3.278874e-08,0.000436525
-3.273874e-08,0.011751
-3.268874e-08,0.00988359
-3.263874e-08,0.000683686
-3.258874e-08,5.20511e-05
-3.253874e-08,0.00845554
-3.248874e-08,0.0228184
-3.243874e-08,0.037291
-3.238874e-08,0.0368791
-3.233874e-08,0.0264709
-3.228874e-08,0.0244661
-3.223874e-08,0.0232028
-3.218874e-08,0.0070275
-3.213874e-08,-0.00920277
-3.208874e-08,-0.0169472
-3.203874e-08,-0.0266139
-3.198874e-08,-0.0321064
-3.193874e-08,-0.0289757
-3.188874e-08,-0.0196659
-3.183874e-08,-0.0109878
-3.178874e-08,-0.0109878
-3.173874e-08,-0.00296881
-3.168874e-08,0.0125749
-3.163874e-08,0.0155408
-3.158874e-08,0.01252
-3.153874e-08,0.0112567
-3.148874e-08,0.00955404
-3.143874e-08,0.00345739
-3.138874e-08,-0.00587982
-3.133874e-08,-0.00818667
-3.128874e-08,-0.00461655
-3.123874e-08,0.000161901
-3.118874e-08,0.00598393
-3.113874e-08,0.00823584
-3.108874e-08,0.00650571
-3.103874e-08,0.00318276
-3.098874e-08,-0.00145838
-3.093874e-08,-0.00288642
-3.088874e-08,-0.00574251
-3.083874e-08,-0.0173042
-3.078874e-08,-0.0238402
-3.073874e-08,-0.0175239
-3.068874e-08,-0.00791204
-3.063874e-08,0.00139771
-3.058874e-08,0.0108722
-3.053874e-08,0.01977
-3.048874e-08,0.0217473
-3.043874e-08,0.0138107
-3.038874e-08,0.00922449
-3.033874e-08,0.0130418
-3.028874e-08,0.0128221
-3.023874e-08,0.0068078
-3.018874e-08,0.00205681
-3.013874e-08,-0.000552121
-3.008874e-08,-0.000222573
-3.003874e-08,0.00115055
-2.998874e-08,-0.00211748
-2.993874e-08,-0.00640161
-2.988874e-08,-0.00730787
-2.983874e-08,-0.00862606
-2.978874e-08,-0.00541296
-2.973874e-08,0.00535229
-2.968874e-08,0.0159253
-2.963874e-08,0.0208685
-2.958874e-08,0.0174083
-2.953874e-08,0.0138931
-2.948874e-08,0.0121355
-2.943874e-08,0.000711148
-2.938874e-08,-0.0150248
-2.933874e-08,-0.023291
-2.928874e-08,-0.0241698
-2.923874e-08,-0.0266963
-2.918874e-08,-0.0299643
-2.913874e-08,-0.027273
-2.908874e-08,-0.0282617
-2.903874e-08,-0.030239
-2.898874e-08,-0.0256802
-2.893874e-08,-0.0209292
-2.888874e-08,-0.0120039
-2.883874e-08,0.000656224
-2.878874e-08,0.00691765
-2.873874e-08,0.00851047
-2.868874e-08,0.0102406
-2.863874e-08,0.00996597
-2.858874e-08,0.00787883
-2.853874e-08,0.00411648
-2.848874e-08,-0.00255688
-2.843874e-08,-0.00651146
-2.838874e-08,-0.00156823
-2.833874e-08,0.00971881
-2.828874e-08,0.0146346
-2.823874e-08,0.005929
-2.818874e-08,-0.00420462
-2.813874e-08,-0.0096971
-2.808874e-08,-0.0181006
-2.803874e-08,-0.023648
-2.798874e-08,-0.0206546
-2.793874e-08,-0.0124708
-2.788874e-08,0.000161901
-2.783874e-08,0.011394
-2.778874e-08,0.0207312
-2.773874e-08,0.0280362
-2.768874e-08,0.0253998
-2.763874e-08,0.0208685
-2.758874e-08,0.0188363
-2.753874e-08,0.00796122
-2.748874e-08,-0.00178793
-2.743874e-08,-0.00609952
-2.738874e-08,-0.0118392
-2.733874e-08,-0.00637415
-2.728874e-08,-0.00258434
-2.723874e-08,-0.00923024
-2.718874e-08,-0.0053855
-2.713874e-08,-0.00140346
-2.708874e-08,-0.00535804
-2.703874e-08,-0.00629176
-2.698874e-08,-0.00579744
-2.693874e-08,-0.0069234
-2.688874e-08,-0.00791204
-2.683874e-08,-0.00642907
-2.678874e-08,-0.00634669
-2.673874e-08,-0.00398492
-2.668874e-08,0.00222158
-2.663874e-08,-0.001733
-2.658874e-08,-0.00637415
-2.653874e-08,0.00263352
-2.648874e-08,0.0137558
-2.643874e-08,0.0202094
-2.638874e-08,0.0204566
-2.633874e-08,0.0132615
-2.628874e-08,0.00216665
-2.623874e-08,-0.0126905
-2.618874e-08,-0.0232361
-2.613874e-08,-0.0228241
-2.608874e-08,-0.0244169
-2.603874e-08,-0.0323261
-2.598874e-08,-0.0354843
-2.593874e-08,-0.0302664
-2.588874e-08,-0.0219179
-2.583874e-08,-0.0163705
-2.578874e-08,-0.0148051
-2.573874e-08,-0.0124983
-2.568874e-08,-0.00609952
-2.563874e-08,-0.00343567
-2.558874e-08,-0.00574251
-2.553874e-08,-0.00277657
-2.548874e-08,-0.00181539
-2.543874e-08,-0.0135418
-2.538874e-08,-0.0205997
-2.533874e-08,-0.0109604
-2.528874e-08,-0.00228225
-2.523874e-08,0.000820998
-2.518874e-08,0.0074669
-2.513874e-08,0.0117785
-2.508874e-08,0.00974627
-2.503874e-08,0.00647825
-2.498874e-08,0.00516006
-2.493874e-08,0.00131532
-2.488874e-08,-0.00870845
-2.483874e-08,-0.0139538
-2.478874e-08,-0.00917531
-2.473874e-08,-0.0102189
-2.468874e-08,-0.0178809
-2.463874e-08,-0.0180731
-2.458874e-08,-0.0138165
-2.453874e-08,-0.0100541
-2.448874e-08,-0.0104111
-2.443874e-08,-0.0135693
-2.438874e-08,-0.00942247
-2.433874e-08,-0.0100816
-2.428874e-08,-0.0228241
-2.423874e-08,-0.0279047
-2.418874e-08,-0.0212588
-2.413874e-08,-0.0192265
-2.408874e-08,-0.025845
-2.403874e-08,-0.0301291
-2.398874e-08,-0.0336718
-2.393874e-08,-0.0405648
-2.388874e-08,-0.0400156
-2.383874e-08,-0.0359511
-2.378874e-08,-0.0353195
-2.373874e-08,-0.0249113
-2.368874e-08,-0.0116744
-2.363874e-08,-0.0127454
-2.358874e-08,-0.0124983
-2.353874e-08,-0.00511088
-2.348874e-08,-0.0049461
-2.343874e-08,-0.00782965
-2.338874e-08,-0.0124708
-2.333874e-08,-0.0207095
-2.328874e-08,-0.0254605
-2.323874e-08,-0.0299094
-2.318874e-08,-0.0328204
-2.313874e-08,-0.0248563
-2.308874e-08,-0.0161782
-2.303874e-08,-0.0177436
-2.298874e-08,-0.0167549
-2.293874e-08,-0.00788458
-2.288874e-08,0.000106976
-2.283874e-08,0.00502274
-2.278874e-08,0.00982866
-2.273874e-08,0.0149641
-2.268874e-08,0.0159253
-2.263874e-08,0.0180948
-2.258874e-08,0.0254822
-2.253874e-08,0.0252076
-2.248874e-08,0.0130418
-2.243874e-08,-0.00250195
-2.238874e-08,-0.010878
-2.233874e-08,-0.00722548
-2.228874e-08,-0.00406731
-2.223874e-08,-0.0129926
-2.218874e-08,-0.0237853
-2.213874e-08,-0.0289482
-2.208874e-08,-0.0366377
-2.203874e-08,-0.0397959
-2.198874e-08,-0.0274653
-2.193874e-08,-0.0079395
-2.188874e-08,0.00216665
-2.183874e-08,-0.00390253
-2.178874e-08,-0.00958725
-2.173874e-08,-0.00782965
-2.168874e-08,-0.0115371
-2.163874e-08,-0.0126081
-2.158874e-08,-0.00780219
-2.153874e-08,-0.0129926
-2.148874e-08,-0.0164254
-2.143874e-08,-0.00835144
-2.138874e-08,0.00027175
-2.133874e-08,0.0072472
-2.128874e-08,0.00513259
-2.123874e-08,-0.00651146
-2.118874e-08,-0.0107681
-2.113874e-08,-0.00909292
-2.108874e-08,-0.0172767
-2.103874e-08,-0.0297172
-2.098874e-08,-0.0320789
-2.093874e-08,-0.0302939
-2.088874e-08,-0.0283441
-2.083874e-08,-0.0197758
-2.078874e-08,-0.0109329
-2.073874e-08,-0.00121122
-2.068874e-08,0.0140029
-2.063874e-08,0.0153761
-2.058874e-08,0.00414395
-2.053874e-08,0.000106976
-2.048874e-08,-0.00944993
-2.043874e-08,-0.0257077
-2.038874e-08,-0.025845
-2.033874e-08,-0.0143382
-2.028874e-08,-0.00667623
-2.023874e-08,2.45887e-05
-2.018874e-08,0.0089224
-2.013874e-08,0.0120806
-2.008874e-08,0.00491289
-2.003874e-08,-0.0077198
-1.998874e-08,-0.0170845
-1.993874e-08,-0.0212313
-1.988874e-08,-0.0221101
-1.983874e-08,-0.0209841
-1.978874e-08,-0.0215334
-1.973874e-08,-0.0219453
-1.968874e-08,-0.0265041
-1.963874e-08,-0.0329852
-1.958874e-08,-0.0206546
-1.953874e-08,-0.000607046
-1.948874e-08,0.00342992
-1.943874e-08,0.00200188
-1.938874e-08,0.00115055
-1.933874e-08,-0.00442432
-1.928874e-08,-0.00782965
-1.923874e-08,-0.0103562
-1.918874e-08,-0.0131024
-1.913874e-08,-0.00826905
-1.908874e-08,-0.00423208
-1.903874e-08,-0.00225479
-1.898874e-08,0.00581915
-1.893874e-08,0.00765913
-1.888874e-08,-0.00110137
-1.883874e-08,-0.00917531
-1.878874e-08,-0.0142284
-1.873874e-08,-0.0191991
-1.868874e-08,-0.0249113
-1.863874e-08,-0.028399
-1.858874e-08,-0.024719
-1.853874e-08,-0.0131024
-1.848874e-08,-0.00162315
-1.843874e-08,-0.00019511
-1.838874e-08,-0.00274911
-1.833874e-08,0.000409062
-1.828874e-08,0.00543468
-1.823874e-08,0.00532483
-1.818874e-08,-0.00219986
-1.813874e-08,-0.00986187
-1.808874e-08,-0.01302
-1.803874e-08,-0.0157114
-1.798874e-08,-0.0161782
-1.793874e-08,-0.0133496
-1.788874e-08,-0.0106583
-1.783874e-08,-0.00579744
-1.778874e-08,-0.000250035
-1.773874e-08,0.000820998
-1.768874e-08,-0.000277498
-1.763874e-08,-0.00376522
-1.758874e-08,-0.00631922
-1.753874e-08,-3.03361e-05
-1.748874e-08,0.00955404
-1.743874e-08,0.0113116
-1.738874e-08,0.00837315
-1.733874e-08,0.00933434
-1.728874e-08,0.00807107
-1.723874e-08,0.008483
-1.718874e-08,0.0185617
-1.713874e-08,0.0167766
-1.708874e-08,0.00537975
-1.703874e-08,0.00266098
-1.698874e-08,-0.00464402
-1.693874e-08,-0.0120314
-1.688874e-08,-0.00623684
-1.683874e-08,0.00084846
-1.678874e-08,-0.00165062
-1.673874e-08,-0.00802189
-1.668874e-08,-0.00934009
-1.663874e-08,-0.013789
-1.658874e-08,-0.0196659
-1.653874e-08,-0.0183477
-1.648874e-08,-0.0205173
-1.643874e-08,-0.0256253
-1.638874e-08,-0.0288933
-1.633874e-08,-0.0306509
-1.628874e-08,-0.0269984
-1.623874e-08,-0.0244444
-1.618874e-08,-0.0187048
-1.613874e-08,-0.00478133
-1.608874e-08,-0.00107391
-1.603874e-08,-0.00684101
-1.598874e-08,-0.000140186
-1.593874e-08,0.0150191
-1.588874e-08,0.022022
-1.583874e-08,0.0220769
-1.578874e-08,0.0161175
-1.573874e-08,0.00334754
-1.568874e-08,-0.00785712
-1.563874e-08,-0.0129102
-1.558874e-08,-0.00986187
-1.553874e-08,-0.00198017
-1.548874e-08,-0.00373776
-1.543874e-08,-0.01486
-1.538874e-08,-0.02038
-1.533874e-08,-0.0189794
-1.528874e-08,-0.0167275
-1.523874e-08,-0.0172218
-1.518874e-08,-0.0228516
-1.513874e-08,-0.0315297
-1.508874e-08,-0.0383678
-1.503874e-08,-0.0398508
-1.498874e-08,-0.0391642
-1.493874e-08,-0.0362258
-1.488874e-08,-0.0296897
-1.483874e-08,-0.0255704
-1.478874e-08,-0.0124433
-1.473874e-08,0.0124376
-1.468874e-08,0.0222691
-1.463874e-08,0.0121904
-1.458874e-08,0.00169979
-1.453874e-08,0.00142517
-1.448874e-08,0.00175472
-1.443874e-08,-0.0100541
-1.438874e-08,-0.0197209
-1.433874e-08,-0.0193913
-1.428874e-08,-0.0270259
-1.423874e-08,-0.0403451
-1.418874e-08,-0.0416084
-1.413874e-08,-0.0296623
-1.408874e-08,-0.0197483
-1.403874e-08,-0.0212862
-1.398874e-08,-0.0248838
-1.393874e-08,-0.0220002
-1.388874e-08,-0.0136242
-1.383874e-08,-0.00653892
-1.378874e-08,-0.000936595
-1.373874e-08,0.00189203
-1.368874e-08,-0.00678608
-1.363874e-08,-0.0119765
-1.358874e-08,-0.00285896
-1.353874e-08,0.00529737
-1.348874e-08,0.00771406
-1.343874e-08,0.00444603
-1.338874e-08,-0.00255688
-1.333874e-08,-0.00686847
-1.328874e-08,-0.0111801
-1.323874e-08,-0.0172493
-1.318874e-08,-0.023648
-1.313874e-08,-0.0261745
-1.308874e-08,-0.0270259
-1.303874e-08,-0.0333697
-1.298874e-08,-0.0346604
-1.293874e-08,-0.0291405
-1.288874e-08,-0.034221
-1.283874e-08,-0.0433111
-1.278874e-08,-0.0393565
-1.273874e-08,-0.0325458
-1.268874e-08,-0.0343309
-1.263874e-08,-0.0387798
-1.258874e-08,-0.0384502
-1.253874e-08,-0.0291954
-1.248874e-08,-0.0218355
-1.243874e-08,-0.0296073
-1.238874e-08,-0.037846
-1.233874e-08,-0.0336718
-1.228874e-08,-0.0269435
-1.223874e-08,-0.0255429
-1.218874e-08,-0.0268611
-1.213874e-08,-0.0224122
-1.208874e-08,-0.0142284
-1.203874e-08,-0.0148326
-1.198874e-08,-0.0173042
-1.193874e-08,-0.012718
-1.188874e-08,-0.0112625
-1.183874e-08,-0.0120863
-1.178874e-08,-0.0106034
-1.173874e-08,-0.0134869
-1.168874e-08,-0.0198856
-1.163874e-08,-0.0281244
-1.158874e-08,-0.0321613
-1.153874e-08,-0.023291
-1.148874e-08,-0.0171119
-1.143874e-08,-0.0190343
-1.138874e-08,-0.0138439
-1.133874e-08,-0.0135418
-1.128874e-08,-0.0209841
-1.123874e-08,-0.0174415
-1.118874e-08,-0.0166451
-1.113874e-08,-0.0248838
-1.108874e-08,-0.024005
-1.103874e-08,-0.0202427
-1.098874e-08,-0.0208194
-1.093874e-08,-0.0157663
-1.088874e-08,-0.00697832
-1.083874e-08,-0.00942247
-1.078874e-08,-0.0218629
-1.073874e-08,-0.0263393
-1.068874e-08,-0.0251859
-1.063874e-08,-0.0246092
-1.058874e-08,-0.0146953
-1.053874e-08,-0.00274911
-1.048874e-08,0.00095831
-1.043874e-08,0.00112308
-1.038874e-08,-0.00230971
-1.033874e-08,-0.00848875
-1.028874e-08,-0.0154917
-1.023874e-08,-0.019611
-1.018874e-08,-0.0171119
-1.013874e-08,-0.0204624
-1.008874e-08,-0.0338365
-1.003874e-08,-0.0391368
-9.988741e-09,-0.03499
-9.938741e-09,-0.0329852
-9.888741e-09,-0.0288658
-9.838741e-09,-0.0253232
-9.788741e-09,-0.0284264
-9.738741e-09,-0.0248838
-9.688741e-09,-0.0124433
-9.638741e-09,-0.00728041
-9.588741e-09,-0.00958725
-9.538741e-09,-0.00802189
-9.488741e-09,-0.00695086
-9.438741e-09,-0.0105759
-9.388741e-09,-0.00700578
-9.338741e-09,0.00505021
-9.288741e-09,0.011394
-9.238741e-09,0.00823584
-9.188741e-09,0.00782391
-9.138741e-09,0.0091421
-9.088741e-09,-8.52608e-05
-9.038741e-09,-0.00934009
-8.988741e-09,-0.0124159
-8.938741e-09,-0.0175513
-8.888741e-09,-0.0162331
-8.838741e-09,-0.0096971
-8.788741e-09,-0.00763742
-8.738741e-09,-0.00511088
-8.688741e-09,-0.00988933
-8.638741e-09,-0.0212313
-8.588741e-09,-0.0232635
-8.538741e-09,-0.026559
-8.488741e-09,-0.0377911
-8.438741e-09,-0.0380932
-8.388741e-09,-0.0241423
-8.338741e-09,-0.0122511
-8.288741e-09,-0.00818667
-8.238741e-09,-0.00513834
-8.188741e-09,-0.00184285
-8.138741e-09,-0.00750011
-8.088741e-09,-0.0156564
-8.038741e-09,-0.0136791
-7.988741e-09,-0.0147502
-7.938741e-09,-0.0190892
-7.888741e-09,-0.016343
-7.838741e-09,-0.021451
-7.788741e-09,-0.0324909
-7.738741e-09,-0.0348526
-7.688741e-09,-0.0381756
-7.638741e-09,-0.044794
-7.588741e-09,-0.0478698
-7.538741e-09,-0.0475128
-7.488741e-09,-0.0411965
-7.438741e-09,-0.0326557
-7.388741e-09,-0.0234832
-7.338741e-09,-0.0121412
-7.288741e-09,-0.0019527
-7.238741e-09,0.00513259
-7.188741e-09,0.00631348
-7.138741e-09,0.00598393
-7.088741e-09,0.00510513
-7.038741e-09,-0.00587982
-6.988741e-09,-0.0156564
-6.938741e-09,-0.0170296
-6.888741e-09,-0.0245268
-6.838741e-09,-0.0321888
-6.788741e-09,-0.0302664
-6.738741e-09,-0.0276026
-6.688741e-09,-0.0260372
-6.638741e-09,-0.0242796
-6.588741e-09,-0.0261471
-6.538741e-09,-0.0250211
-6.488741e-09,-0.0202427
-6.438741e-09,-0.0219179
-6.388741e-09,-0.0229889
-6.338741e-09,-0.0201603
-6.288741e-09,-0.0220277
-6.238741e-09,-0.0238128
-6.188741e-09,-0.0181555
-6.138741e-09,-0.00813174
-6.088741e-09,-0.00428701
-6.038741e-09,-0.00557774
-5.988741e-09,-0.00338075
-5.938741e-09,-0.00414969
-5.888741e-09,-0.0102463
-5.838741e-09,-0.0158212
-5.788741e-09,-0.0192265
-5.738741e-09,-0.0183477
-5.688741e-09,-0.0113174
-5.638741e-09,-0.00241956
-5.588741e-09,-0.00351806
-5.538741e-09,-0.00725294
-5.488741e-09,-0.00469894
-5.438741e-09,-0.00988933
-5.388741e-09,-0.0195561
-5.338741e-09,-0.026559
-5.288741e-09,-0.0412788
-5.238741e-09,-0.0570148
-5.188741e-09,-0.0549002
-5.138741e-09,-0.0387248
-5.088741e-09,-0.0233459
-5.038741e-09,-0.0149699
-4.988741e-09,-0.0175239
-4.938741e-09,-0.0237853
-4.888741e-09,-0.0258999
-4.838741e-09,-0.0288658
-4.788741e-09,-0.0289482
-4.738741e-09,-0.0219179
-4.688741e-09,-0.0224122
-4.638741e-09,-0.0324634
-4.588741e-09,-0.0319416
-4.538741e-09,-0.0226593
-4.488741e-09,-0.0258999
-4.438741e-09,-0.0364729
-4.388741e-09,-0.0384228
-4.338741e-09,-0.0366926
-4.288741e-09,-0.0337541
-4.238741e-09,-0.0251584
-4.188741e-09,-0.0172493
-4.138741e-09,-0.0130475
-4.088741e-09,-0.00760996
-4.038741e-09,-0.00335328
-3.988741e-09,-0.00310612
-3.938741e-09,-0.00274911
-3.888741e-09,-0.00123868
-3.838741e-09,0.0029356
-3.788741e-09,0.00787883
-3.738741e-09,0.00710988
-3.688741e-09,0.00697257
-3.638741e-09,0.00823584
-3.588741e-09,0.00211173
-3.538741e-09,-0.00722548
-3.488741e-09,-0.0152994
-3.438741e-09,-0.0256802
-3.388741e-09,-0.0348252
-3.338741e-09,-0.0335344
-3.288741e-09,-0.0252408
-3.238741e-09,-0.0164254
-3.188741e-09,-0.00673116
-3.138741e-09,-0.0021724
-3.088741e-09,-0.00810428
-3.038741e-09,-0.0231811
-2.988741e-09,-0.0329852
-2.938741e-09,-0.0300467
-2.888741e-09,-0.0322986
-2.838741e-09,-0.0361434
-2.788741e-09,-0.0265041
-2.738741e-09,-0.0138714
-2.688741e-09,-0.00966963
-2.638741e-09,-0.0134045
-2.588741e-09,-0.0121687
-2.538741e-09,-0.0092577
-2.488741e-09,-0.023648
-2.438741e-09,-0.0394938
-2.388741e-09,-0.0402902
-2.338741e-09,-0.0324909
-2.288741e-09,-0.020325
-2.238741e-09,-0.0146678
-2.188741e-09,-0.0174964
-2.138741e-09,-0.0216158
-2.088741e-09,-0.0209841
-2.038741e-09,-0.0163979
-1.988741e-09,-0.0188695
-1.938741e-09,-0.0205447
-1.888741e-09,-0.0152994
-1.838741e-09,-0.0134869
-1.788741e-09,-0.010878
-1.738741e-09,-0.00708817
-1.688741e-09,-0.0079395
-1.638741e-09,-0.00579744
-1.588741e-09,-0.00255688
-1.538741e-09,-0.00428701
-1.488741e-09,-0.00686847
-1.438741e-09,-0.0106034
-1.388741e-09,-0.0155191
-1.338741e-09,-0.0164528
-1.288741e-09,-0.0217256
-1.238741e-09,-0.0335619
-1.188741e-09,-0.0339738
-1.138741e-09,-0.0242522
-1.088741e-09,-0.0206546
-1.038741e-09,-0.0259274
-9.887415e-10,-0.0282067
-9.387415e-10,-0.0195012
-8.887415e-10,-0.00725294
-8.387415e-10,-0.00088167
-7.887415e-10,-0.00302374
-7.387415e-10,-0.00799443
-6.887415e-10,-0.0143382
-6.387415e-10,-0.017469
-5.887415e-10,-0.00934009
-5.387415e-10,-0.00140346
-4.887415e-10,-0.00121122
-4.387415e-10,-0.00272165
-3.887415e-10,-0.00788458
-3.387415e-10,-0.0166451
-2.887415e-10,-0.0172493
-2.387415e-10,-0.00892815
-1.887415e-10,-0.000524659
-1.387415e-10,0.024521
-8.874147e-11,0.073459
-3.874147e-11,0.12421
1.125853e-11,0.180617
6.125853e-11,0.245621
1.112585e-10,0.303676
1.612585e-10,0.350582
2.112585e-10,0.376644
2.612585e-10,0.372579
3.112585e-10,0.337208
3.612585e-10,0.273138
4.112585e-10,0.197781
4.612585e-10,0.138572
5.112585e-10,0.103695
5.612585e-10,0.0798852
6.112585e-10,0.0646436
6.612585e-10,0.0600299
7.112585e-10,0.0529171
7.612585e-10,0.0373185
8.112585e-10,0.0232852
8.612585e-10,0.0102131
9.112585e-10,-0.00302374
9.612585e-10,-0.00994426
1.011259e-09,-0.0114547
1.061259e-09,0.00123293
1.111259e-09,0.0239993
1.161259e-09,0.0303705
1.211259e-09,0.0285031
1.261259e-09,0.0340779
1.311259e-09,0.0262237
1.361259e-09,0.00944419
1.411259e-09,0.0102955
1.461259e-09,0.0141128
1.511259e-09,0.00710988
1.561259e-09,0.00211173
1.611259e-09,0.00370455
1.661259e-09,0.00823584
1.711259e-09,0.00944419
1.761259e-09,0.00705496
1.811259e-09,0.00738451
1.861259e-09,0.00864778
1.911259e-09,0.0123552
1.961259e-09,0.0156507
2.011259e-09,0.00884002
2.061259e-09,0.000409062
2.111259e-09,-0.00502849
2.161259e-09,-0.013789
2.211259e-09,-0.0208743
2.261259e-09,-0.0246092
2.311259e-09,-0.0322986
2.361259e-09,-0.0385326
2.411259e-09,-0.0302115
2.461259e-09,-0.0139538
2.511259e-09,-0.00148584
2.561259e-09,0.0115863
2.611259e-09,0.0223515
2.661259e-09,0.0228184
2.711259e-09,0.0229831
2.761259e-09,0.0252351
2.811259e-09,0.0181498
2.861259e-09,0.0052699
2.911259e-09,0.000436525
2.961259e-09,-0.000387347
3.011259e-09,-0.00810428
3.061259e-09,-0.0116744
3.111259e-09,-0.00994426
3.161259e-09,-0.0141185
3.211259e-09,-0.0186224
3.261259e-09,-0.0173316
3.311259e-09,-0.0114272
3.361259e-09,-0.00804935
3.411259e-09,-0.0094774
3.461259e-09,-0.00846129
3.511259e-09,-0.00722548
3.561259e-09,-0.0128553
3.611259e-09,-0.0176887
3.661259e-09,-0.0129102
3.711259e-09,-0.0103837
3.761259e-09,-0.0153543
3.811259e-09,-0.0138714
3.861259e-09,-0.00813174
3.911259e-09,-0.00873591
3.961259e-09,-0.00862606
4.011259e-09,-0.00101898
4.061259e-09,0.00186457
4.111259e-09,-0.00873591
4.161259e-09,-0.0191716
4.211259e-09,-0.0231537
4.261259e-09,-0.0269435
4.311259e-09,-0.0257077
4.361259e-09,-0.0217256
4.411259e-09,-0.0238128
4.461259e-09,-0.0232635
4.511259e-09,-0.0165352
4.561259e-09,-0.0126081
4.611259e-09,-0.00975202
4.661259e-09,-0.00590729
4.711259e-09,-0.00961471
4.761259e-09,-0.0198033
4.811259e-09,-0.0227143
4.861259e-09,-0.015272
4.911259e-09,-0.0111801
4.961259e-09,-0.0145305
5.011259e-09,-0.0151896
5.061259e-09,-0.0104935
5.111259e-09,-0.00332582
5.161259e-09,-0.000854208
5.211259e-09,-0.00500103
5.261259e-09,-0.0100266
5.311259e-09,-0.0212038
5.361259e-09,-0.0293876
5.411259e-09,-0.0183752
5.461259e-09,-0.00615445
5.511259e-09,-0.00747264
5.561259e-09,-0.00843383
5.611259e-09,-0.00651146
5.661259e-09,-0.00653892
5.711259e-09,-0.00533058
5.761259e-09,-0.0109604
5.811259e-09,-0.0207095
5.861259e-09,-0.0204898
5.911259e-09,-0.0154093
5.961259e-09,-0.00736279
6.011259e-09,0.00713735
6.061259e-09,0.0184793
6.111259e-09,0.0154585
6.161259e-09,0.00252367
6.211259e-09,-0.00988933
6.261259e-09,-0.0202152
6.311259e-09,-0.0238402
6.361259e-09,-0.022522
6.411259e-09,-0.0253507
6.461259e-09,-0.0250486
6.511259e-09,-0.0113448
6.561259e-09,0.00164487
6.611259e-09,-0.0026118
6.661259e-09,-0.0118392
6.711259e-09,-0.0183477
6.761259e-09,-0.0269435
6.811259e-09,-0.0346329
6.861259e-09,-0.0428442
6.911259e-09,-0.0480071
6.961259e-09,-0.0407021
7.011259e-09,-0.025845
7.061259e-09,-0.0134869
7.111259e-09,-0.00821413
7.161259e-09,-0.0128278
7.211259e-09,-0.0165627
7.261259e-09,-0.00590729
7.311259e-09,0.000518912
7.361259e-09,-0.00766488
7.411259e-09,-0.00862606
7.461259e-09,0.000875923
7.511259e-09,0.0109546
7.561259e-09,0.0177653
7.611259e-09,0.0181772
7.661259e-09,0.0149916
7.711259e-09,0.0114489
7.761259e-09,0.00609378
7.811259e-09,0.000930848
7.861259e-09,-0.000909132
7.911259e-09,-0.000222573
7.961259e-09,0.00507767
8.011259e-09,0.0110645
8.061259e-09,0.0098012
8.111259e-09,0.00436365
8.161259e-09,-0.000359885
8.211259e-09,-0.00340821
8.261259e-09,-0.00642907
8.311259e-09,-0.012718
8.361259e-09,-0.0222199
8.411259e-09,-0.027273
8.461259e-09,-0.0269435
8.511259e-09,-0.0314748
8.561259e-09,-0.0330401
8.611259e-09,-0.0275476
8.661259e-09,-0.0249662
8.711259e-09,-0.0204074
8.761259e-09,-0.017414
8.811259e-09,-0.020325
8.861259e-09,-0.0196934
8.911259e-09,-0.0195012
8.961259e-09,-0.0187322
9.011259e-09,-0.0120589
9.061259e-09,-0.0121687
9.111259e-09,-0.0190892
9.161259e-09,-0.0207095
9.211259e-09,-0.0182379
9.261259e-09,-0.015629
9.311259e-09,-0.0167275
9.361259e-09,-0.025433
9.411259e-09,-0.0328479
9.461259e-09,-0.027987
9.511259e-09,-0.0231811
9.561259e-09,-0.030239
9.611259e-09,-0.0356765
9.661259e-09,-0.0354294
9.711259e-09,-0.0362258
9.761259e-09,-0.0370771
9.811259e-09,-0.0375989
9.861259e-09,-0.0295524
9.911259e-09,-0.0132397
9.961259e-09,-0.0122786
1.001126e-08,-0.0223847
1.006126e-08,-0.0207644
1.011126e-08,-0.0194188
1.016126e-08,-0.0233184
1.021126e-08,-0.0162606
1.026126e-08,-0.0101365
1.031126e-08,-0.0196934
1.036126e-08,-0.0273829
1.041126e-08,-0.024005
1.046126e-08,-0.0197483
1.051126e-08,-0.0148326
1.056126e-08,-0.00631922
1.061126e-08,0.000985772
1.066126e-08,0.00279829
1.071126e-08,-0.00101898
1.076126e-08,-0.00912039
1.081126e-08,-0.0112625
1.086126e-08,-0.0088183
1.091126e-08,-0.0123609
1.096126e-08,-0.0171394
1.101126e-08,-0.0215059
1.106126e-08,-0.0232635
1.111126e-08,-0.0239226
1.116126e-08,-0.0249113
1.121126e-08,-0.0165352
1.126126e-08,-0.0112075
1.131126e-08,-0.0210391
1.136126e-08,-0.0298545
1.141126e-08,-0.0287835
1.146126e-08,-0.0257626
1.151126e-08,-0.0264766
1.156126e-08,-0.0271357
1.161126e-08,-0.0239226
1.166126e-08,-0.0155191
1.171126e-08,-0.00030496
1.176126e-08,0.0109546
1.181126e-08,0.00938926
1.186126e-08,0.0063684
1.191126e-08,0.0074669
1.196126e-08,0.0065881
1.201126e-08,0.011037
1.206126e-08,0.0233676
1.211126e-08,0.024933
1.216126e-08,0.0137832
1.221126e-08,0.00919703
1.226126e-08,0.0129319
1.231126e-08,0.0112018
1.236126e-08,0.000985772
1.241126e-08,-0.00777473
1.246126e-08,-0.00909292
1.251126e-08,-0.0114547
1.256126e-08,-0.0166725
1.261126e-08,-0.0131299
1.266126e-08,-0.00826905
1.271126e-08,-0.0154093
1.276126e-08,-0.0241698
1.281126e-08,-0.0246641
1.286126e-08,-0.0177985
1.291126e-08,-0.00848875
1.296126e-08,-0.00950486
1.301126e-08,-0.0199131
1.306126e-08,-0.0262569
1.311126e-08,-0.0284814
1.316126e-08,-0.0261471
1.321126e-08,-0.0164803
1.326126e-08,-0.00942247
1.331126e-08,-0.0121687
1.336126e-08,-0.0179633
1.341126e-08,-0.0170021
1.346126e-08,-0.00923024
1.351126e-08,-0.00384761
1.356126e-08,-0.0028315
1.361126e-08,-0.00645653
1.366126e-08,-0.0153818
1.371126e-08,-0.0139538
1.376126e-08,-0.00706071
1.381126e-08,-0.0135144
1.386126e-08,-0.0106857
1.391126e-08,0.00757675
1.396126e-08,0.0141677
1.401126e-08,0.0114764
1.406126e-08,0.00516006
1.411126e-08,-0.0067037
1.416126e-08,-0.0162057
1.421126e-08,-0.0232086
1.426126e-08,-0.0277124
1.431126e-08,-0.028756
1.436126e-08,-0.0304587
1.441126e-08,-0.0296348
1.446126e-08,-0.0263668
1.451126e-08,-0.0255978
1.456126e-08,-0.0260372
1.461126e-08,-0.0261745
1.466126e-08,-0.0199406
1.471126e-08,-0.0049461
1.476126e-08,0.00241382
1.481126e-08,-0.00475387
1.486126e-08,-0.00870845
1.491126e-08,-0.00436939
1.496126e-08,-0.00206255
1.501126e-08,-0.00148584
1.506126e-08,0.00235889
1.511126e-08,0.00864778
1.516126e-08,0.00933434
1.521126e-08,0.00521498
1.526126e-08,0.00208427
1.531126e-08,-0.0103013
1.536126e-08,-0.0245268
1.541126e-08,-0.0222199
1.546126e-08,-0.0164254
1.551126e-08,-0.0202976
1.556126e-08,-0.0212313
1.561126e-08,-0.0118117
1.566126e-08,-0.00675862
1.571126e-08,-0.00711563
1.576126e-08,-0.0021724
1.581126e-08,-0.00489118
1.586126e-08,-0.0151346
1.591126e-08,-0.0121138
1.596126e-08,-0.00225479
1.601126e-08,0.000546374
1.606126e-08,-0.00178793
1.611126e-08,-0.00480879
1.616126e-08,-0.00228225
1.621126e-08,0.00480304
1.626126e-08,0.00873017
1.631126e-08,0.00829077
1.636126e-08,0.00430872
1.641126e-08,-0.00703324
1.646126e-08,-0.0154367
1.651126e-08,-0.0142559
1.656126e-08,-0.0201877
1.661126e-08,-0.0254056
1.666126e-08,-0.0189794
1.671126e-08,-0.0167
1.676126e-08,-0.0187048
1.681126e-08,-0.0170296
1.686126e-08,-0.0109329
1.691126e-08,-0.00502849
1.696126e-08,-0.00999918
1.701126e-08,-0.0162057
1.706126e-08,-0.00717056
1.711126e-08,0.00115055
1.716126e-08,-0.0049461
1.721126e-08,-0.0100816
1.726126e-08,-0.0104386
1.731126e-08,-0.0107407
1.736126e-08,-0.0107407
1.741126e-08,-0.011949
1.746126e-08,-0.00955978
1.751126e-08,-0.00725294
1.756126e-08,-0.00865353
1.761126e-08,-0.00909292
1.766126e-08,-0.0154093
1.771126e-08,-0.0241148
1.776126e-08,-0.0243345
1.781126e-08,-0.0187048
1.786126e-08,-0.0100266
1.791126e-08,-0.00832398
1.796126e-08,-0.0170845
1.801126e-08,-0.0195012
1.806126e-08,-0.0128003
1.811126e-08,-0.00403984
1.816126e-08,0.00452842
1.821126e-08,0.00436365
1.826126e-08,0.00084846
1.831126e-08,0.00444603
1.836126e-08,0.00672541
1.841126e-08,0.00543468
1.846126e-08,0.00419887
1.851126e-08,0.00422633
1.856126e-08,0.00754928
1.861126e-08,0.00406156
1.866126e-08,-0.00739026
1.871126e-08,-0.0122511
1.876126e-08,-0.0119215
1.881126e-08,-0.0124159
1.886126e-08,-0.0107407
1.891126e-08,-0.00892815
1.896126e-08,-0.0118117
1.901126e-08,-0.0176612
1.906126e-08,-0.0197483
1.911126e-08,-0.0160409
1.916126e-08,-0.00832398
1.921126e-08,-0.000332422
1.926126e-08,0.00710988
1.931126e-08,0.012108
1.936126e-08,0.00535229
1.941126e-08,-0.00107391
1.946126e-08,0.00422633
1.951126e-08,0.00158994
1.956126e-08,-0.00796697
1.961126e-08,-0.00977948
1.966126e-08,-0.00884576
1.971126e-08,-0.00887322
1.976126e-08,-0.0094774
1.981126e-08,-0.00178793
1.986126e-08,0.0111469
1.991126e-08,0.00620363
1.996126e-08,-0.010878
2.001126e-08,-0.0187322
2.006126e-08,-0.0194737
2.011126e-08,-0.0198582
2.016126e-08,-0.0139263
2.021126e-08,-0.00425954
2.026126e-08,-0.00115629
2.031126e-08,-0.00656638
2.036126e-08,-0.0146678
2.041126e-08,-0.0133221
2.046126e-08,-0.00730787
2.051126e-08,-0.0092577
2.056126e-08,-0.0142833
2.061126e-08,-0.014146
2.066126e-08,-0.00741772
2.071126e-08,0.00109562
2.076126e-08,0.00370455
2.081126e-08,0.00235889
2.086126e-08,0.00886748
2.091126e-08,0.0113116
2.096126e-08,-0.00697832
2.101126e-08,-0.0200504
2.106126e-08,-0.0124983
2.111126e-08,-0.0051658
2.116126e-08,-0.00612699
2.121126e-08,-0.0136517
2.126126e-08,-0.0219453
2.131126e-08,-0.0235656
2.136126e-08,-0.0251584
2.141126e-08,-0.0284264
2.146126e-08,-0.0261196
2.151126e-08,-0.026559
2.156126e-08,-0.0343858
2.161126e-08,-0.0336443
2.166126e-08,-0.0255154
2.171126e-08,-0.0217805
2.176126e-08,-0.0176337
2.181126e-08,-0.00832398
2.186126e-08,-0.000936595
2.191126e-08,-0.00250195
2.196126e-08,-0.00714309
2.201126e-08,-0.0169472
2.206126e-08,-0.0318592
2.211126e-08,-0.038258
2.216126e-08,-0.0386425
2.221126e-08,-0.0341112
2.226126e-08,-0.0244719
2.231126e-08,-0.0176612
2.236126e-08,-0.00892815
2.241126e-08,0.00408902
2.246126e-08,0.0114764
2.251126e-08,0.00908718
2.256126e-08,0.0116137
2.261126e-08,0.0226261
2.266126e-08,0.0219396
2.271126e-08,0.00749436
2.276126e-08,-0.00829651
2.281126e-08,-0.0171669
2.286126e-08,-0.0170845
2.291126e-08,-0.0143108
2.296126e-08,-0.012718
2.301126e-08,-0.0117842
2.306126e-08,-0.00659385
2.311126e-08,0.00175472
2.316126e-08,0.0042538
2.321126e-08,0.00158994
2.326126e-08,-5.77984e-05
2.331126e-08,0.00216665
2.336126e-08,0.00779644
2.341126e-08,0.00807107
2.346126e-08,0.0038144
2.351126e-08,0.00667049
2.356126e-08,0.008483
2.361126e-08,0.00255113
2.366126e-08,-0.00154077
2.371126e-08,-0.00296881
2.376126e-08,-0.00439686
2.381126e-08,-0.00368283
2.386126e-08,-0.00181539
2.391126e-08,-0.00247449
2.396126e-08,-0.00975202
2.401126e-08,-0.0206821
2.406126e-08,-0.0233184
2.411126e-08,-0.0171394
2.416126e-08,-0.0140911
2.421126e-08,-0.0124433
2.426126e-08,-0.00730787
2.431126e-08,-0.00403984
2.436126e-08,-0.00178793
2.441126e-08,-0.00535804
2.446126e-08,-0.0143932
2.451126e-08,-0.0211214
2.456126e-08,-0.0315297
2.461126e-08,-0.0363631
2.466126e-08,-0.0335894
2.471126e-08,-0.0415809
2.476126e-08,-0.0460573
2.481126e-08,-0.0344132
2.486126e-08,-0.0290032
2.491126e-08,-0.0307333
2.496126e-08,-0.0247465
2.501126e-08,-0.0198033
2.506126e-08,-0.0187871
2.511126e-08,-0.0146678
2.516126e-08,-0.0102738
2.521126e-08,-0.00667623
2.526126e-08,-0.00835144
2.531126e-08,-0.0190892
2.536126e-08,-0.0241972
2.541126e-08,-0.0195836
2.546126e-08,-0.0175239
2.551126e-08,-0.0152994
2.556126e-08,-0.00964217
2.561126e-08,-0.00950486
2.566126e-08,-0.0136791
2.571126e-08,-0.0143657
2.576126e-08,-0.0111801
2.581126e-08,-0.00717056
2.586126e-08,-0.0109054
2.591126e-08,-0.0196934
2.596126e-08,-0.0211489
2.601126e-08,-0.0186498
2.606126e-08,-0.0116744
2.611126e-08,-0.00810428
2.616126e-08,-0.0226593
2.621126e-08,-0.0341386
2.626126e-08,-0.0256253
2.631126e-08,-0.0123335
2.636126e-08,-0.00192524
2.641126e-08,0.00949911
2.646126e-08,0.0142776
2.651126e-08,0.00579169
2.656126e-08,-0.00901054
2.661126e-08,-0.0210665
2.666126e-08,-0.0237853
2.671126e-08,-0.0285363
2.676126e-08,-0.0390819
2.681126e-08,-0.0324634
2.686126e-08,-0.0142833
2.691126e-08,-0.00285896
2.696126e-08,0.00606631
2.701126e-08,0.0110095
2.706126e-08,0.0119707
2.711126e-08,0.0158978
2.716126e-08,0.0136185
2.721126e-08,0.00246874
2.726126e-08,-0.00428701
2.731126e-08,-0.00931262
2.736126e-08,-0.0150523
2.741126e-08,-0.0129651
2.746126e-08,-0.0120039
2.751126e-08,-0.0207644
2.756126e-08,-0.0267238
2.761126e-08,-0.022577
2.766126e-08,-0.0126356
2.771126e-08,-0.00689593
2.776126e-08,-0.0153818
2.781126e-08,-0.024005
2.786126e-08,-0.0195836
2.791126e-08,-0.0146678
2.796126e-08,-0.0128827
2.801126e-08,-0.00785712
2.806126e-08,-0.00244703
2.811126e-08,-0.0019527
2.816126e-08,-0.00406731
2.821126e-08,-0.00500103
2.826126e-08,-0.0107407
2.831126e-08,-0.0192265
2.836126e-08,-0.0216707
2.841126e-08,-0.0194737
2.846126e-08,-0.0171943
2.851126e-08,-0.0204624
2.856126e-08,-0.0224122
2.861126e-08,-0.0123884
2.866126e-08,-0.000222573
2.871126e-08,0.00496782
2.876126e-08,0.00433618
2.881126e-08,-0.00162315
2.886126e-08,-0.00535804
2.891126e-08,-2.87366e-06
2.896126e-08,0.00933434
2.901126e-08,0.014717
2.906126e-08,0.0109546
2.911126e-08,2.45887e-05
2.916126e-08,-0.0116469
2.921126e-08,-0.0176337
2.926126e-08,-0.0106308
2.931126e-08,-0.00368283
2.936126e-08,-0.0134869
2.941126e-08,-0.0266963
2.946126e-08,-0.0273554
2.951126e-08,-0.0218904
2.956126e-08,-0.0186498
2.961126e-08,-0.0132397
2.966126e-08,-0.00950486
2.971126e-08,-0.0118117
2.976126e-08,-0.01486
2.981126e-08,-0.0189794
2.986126e-08,-0.0183752
2.991126e-08,-0.0128278
2.996126e-08,-0.0113174
3.001126e-08,-0.00810428
3.006126e-08,0.00109562
3.011126e-08,0.0125749
3.016126e-08,0.0188912
3.021126e-08,0.0166393
3.026126e-08,0.0160626
3.031126e-08,0.0147719
3.036126e-08,0.0070275
3.041126e-08,0.00310038
3.046126e-08,-0.00107391
3.051126e-08,-0.0135144
3.056126e-08,-0.0230438
3.061126e-08,-0.0240874
3.066126e-08,-0.0258724
3.071126e-08,-0.0298545
3.076126e-08,-0.0292229
3.081126e-08,-0.0256802
3.086126e-08,-0.0259548
3.091126e-08,-0.0274378
3.096126e-08,-0.0231262
3.101126e-08,-0.0162331
3.106126e-08,-0.0106857
3.111126e-08,-0.012306
3.116126e-08,-0.0231262
3.121126e-08,-0.0252408
3.126126e-08,-0.0228241
3.131126e-08,-0.0274653
3.136126e-08,-0.0200779
3.141126e-08,-0.00711563
3.146126e-08,-0.00607206
3.151126e-08,-0.00489118
3.156126e-08,0.00115055
3.161126e-08,0.00801614
3.166126e-08,0.011394
3.171126e-08,0.00496782
3.176126e-08,-0.00313359
3.181126e-08,-0.00530311
3.186126e-08,-0.00579744
3.191126e-08,-0.00796697
3.196126e-08,-0.01302
3.201126e-08,-0.0153269
3.206126e-08,-0.0149699
3.211126e-08,-0.022879
3.216126e-08,-0.0273005
3.221126e-08,-0.0166725
3.226126e-08,-0.0135144
3.231126e-08,-0.0218629
3.236126e-08,-0.0250211
3.241126e-08,-0.0274653
3.246126e-08,-0.0275751
3.251126e-08,-0.0206546
3.256126e-08,-0.0148875
3.261126e-08,-0.0132947
3.266126e-08,-0.0142284
3.271126e-08,-0.013432
3.276126e-08,-0.0113723
3.281126e-08,-0.0103287
3.286126e-08,-0.00848875
3.291126e-08,-0.009038
3.296126e-08,-0.0124433
3.301126e-08,-0.014503
3.306126e-08,-0.0123609
3.311126e-08,-0.0120589
3.316126e-08,-0.019611
3.321126e-08,-0.0209018
3.326126e-08,-0.00887322
3.331126e-08,-0.00280404
3.336126e-08,-0.00983441
3.341126e-08,-0.0129651
3.346126e-08,-0.00829651
3.351126e-08,-0.00590729
3.356126e-08,-0.00519326
3.361126e-08,-0.00167808
3.366126e-08,0.00502274
3.371126e-08,0.00743943
3.376126e-08,7.95135e-05
3.381126e-08,-0.00601714
3.386126e-08,-0.00717056
3.391126e-08,-0.0132947
3.396126e-08,-0.019611
3.401126e-08,-0.0160684
3.406126e-08,-0.0103013
3.411126e-08,-0.00876338
3.416126e-08,-0.0060446
3.421126e-08,-0.00376522
3.426126e-08,-0.00950486
3.431126e-08,-0.0153269
3.436126e-08,-0.0092577
3.441126e-08,-0.00338075
3.446126e-08,-0.0110428
3.451126e-08,-0.0255429
3.456126e-08,-0.0324909
3.461126e-08,-0.0235931
3.466126e-08,-0.0109604
3.471126e-08,-0.010164
3.476126e-08,-0.0116744
3.481126e-08,0.000134438
3.486126e-08,0.0143325
3.491126e-08,0.0133713
3.496126e-08,0.00749436
3.501126e-08,0.00559945
3.506126e-08,-0.0028315
3.511126e-08,-0.0175788
3.516126e-08,-0.0312001
3.521126e-08,-0.0354019
3.526126e-08,-0.026559
3.531126e-08,-0.0223023
3.536126e-08,-0.0296897
3.541126e-08,-0.0302664
3.546126e-08,-0.0201053
3.551126e-08,-0.0188421
3.556126e-08,-0.0294426
3.561126e-08,-0.0332049
3.566126e-08,-0.0307882
3.571126e-08,-0.0297996
3.576126e-08,-0.0229065
3.581126e-08,-0.0163705
3.586126e-08,-0.0139538
3.591126e-08,-0.00980695
3.596126e-08,-0.0136242
3.601126e-08,-0.0185125
3.606126e-08,-0.0159311
3.611126e-08,-0.0175788
3.616126e-08,-0.0208468
3.621126e-08,-0.0187322
3.626126e-08,-0.01302
3.631126e-08,-0.0167275
3.636126e-08,-0.0334521
3.641126e-08,-0.0351273
3.646126e-08,-0.0205722
3.651126e-08,-0.0138988
3.656126e-08,-0.0088183
3.661126e-08,0.000683686
3.666126e-08,0.00491289
3.671126e-08,0.000436525
3.676126e-08,-0.0110153
3.681126e-08,-0.0209567
3.686126e-08,-0.023291
3.691126e-08,-0.0235656
3.696126e-08,-0.0267787
3.701126e-08,-0.0314198
3.706126e-08,-0.0333971
3.711126e-08,-0.0311178
3.716126e-08,-0.0267238
3.721126e-08,-0.0223298
3.726126e-08,-0.0243345
3.731126e-08,-0.0325733
3.736126e-08,-0.0366926
3.741126e-08,-0.0371595
3.746126e-08,-0.0359511
3.751126e-08,-0.034578
3.756126e-08,-0.0338915
3.761126e-08,-0.0245817
3.766126e-08,-0.0140636
3.771126e-08,-0.0116469
3.776126e-08,-0.00848875
3.781126e-08,-0.00717056
3.786126e-08,-0.00785712
3.791126e-08,-0.0028315
3.796126e-08,0.000299213
3.801126e-08,-0.00165062
3.806126e-08,-0.00280404
3.811126e-08,-0.00165062
3.816126e-08,-0.00189778
3.821126e-08,-0.00598967
3.826126e-08,-0.00725294
3.831126e-08,-0.00879084
3.836126e-08,-0.0161782
3.841126e-08,-0.0150248
3.846126e-08,-0.00741772
3.851126e-08,-0.0103287
3.856126e-08,-0.0108231
3.861126e-08,-0.00266673
3.866126e-08,-0.00236464
3.871126e-08,-0.0081592
3.876126e-08,-0.0114822
3.881126e-08,-0.00977948
3.886126e-08,-0.00307866
3.891126e-08,0.00252367
3.896126e-08,0.00351231
3.901126e-08,0.00430872
3.906126e-08,0.00812599
3.911126e-08,0.0054896
3.916126e-08,-0.006484
3.921126e-08,-0.0123609
3.926126e-08,-0.0133496
3.931126e-08,-0.0226319
3.936126e-08,-0.0331774
3.941126e-08,-0.0312551
3.946126e-08,-0.0226868
3.951126e-08,-0.0221376
3.956126e-08,-0.0260098
3.961126e-08,-0.0266414
3.966126e-08,-0.0286187
3.971126e-08,-0.030953
3.976126e-08,-0.0268611
3.981126e-08,-0.0210665
3.986126e-08,-0.017057
3.991126e-08,-0.0109054
3.996126e-08,-0.00593475
4.001126e-08,-0.00629176
4.006126e-08,-0.0121412
4.011126e-08,-0.0157937
4.016126e-08,-0.01486
4.021126e-08,-0.0160684
4.026126e-08,-0.0105484
4.031126e-08,0.000491449
4.036126e-08,0.00321023
4.041126e-08,0.00625855
4.046126e-08,0.0137009
4.051126e-08,0.0169689
4.056126e-08,0.0128495
4.061126e-08,0.00820838
4.066126e-08,0.0126847
4.071126e-08,0.0119982
4.076126e-08,-0.00178793
4.081126e-08,-0.0117568
4.086126e-08,-0.0135693
4.091126e-08,-0.010466
4.096126e-08,-0.00574251
4.101126e-08,-0.00541296
4.106126e-08,-0.00414969
4.111126e-08,0.000491449
4.116126e-08,0.000409062
4.121126e-08,-0.00219986
4.126126e-08,-0.00189778
4.131126e-08,-0.00107391
4.136126e-08,-0.00343567
4.141126e-08,-0.0120589
4.146126e-08,-0.014915
4.151126e-08,-0.00247449
4.156126e-08,0.00634094
4.161126e-08,0.00200188
4.166126e-08,-0.00230971
4.171126e-08,-0.000909132
4.176126e-08,0.00246874
4.181126e-08,0.00455588
4.186126e-08,0.00414395
4.191126e-08,-0.00104644
4.196126e-08,-0.00629176
4.201126e-08,-0.00423208
4.206126e-08,-0.00585236
4.211126e-08,-0.0144756
4.216126e-08,-0.014503
4.221126e-08,-0.00901054
4.226126e-08,-0.00733533
4.231126e-08,-0.00706071
4.236126e-08,-0.0102738
4.241126e-08,-0.016343
4.246126e-08,-0.0224396
4.251126e-08,-0.0269984
4.256126e-08,-0.0295249
4.261126e-08,-0.0322712
4.266126e-08,-0.0243895
4.271126e-08,-0.006484
4.276126e-08,-0.00118376
4.281126e-08,-0.00436939
4.286126e-08,-0.001733
4.291126e-08,-0.00469894
4.296126e-08,-0.0122786
4.301126e-08,-0.012718
4.306126e-08,-0.0118392
4.311126e-08,-0.0120314
4.316126e-08,-0.00983441
4.321126e-08,-0.00552281
4.326126e-08,-0.000689433
4.331126e-08,0.00164487
4.336126e-08,0.000134438
4.341126e-08,-0.00423208
4.346126e-08,-0.00846129
4.351126e-08,-0.010466
4.356126e-08,-0.0102738
4.361126e-08,-0.00857114
4.366126e-08,-0.00895561
4.371126e-08,-0.0175239
4.376126e-08,-0.0273554
4.381126e-08,-0.0266139
4.386126e-08,-0.0266414
4.391126e-08,-0.0310628
4.396126e-08,-0.0277673
4.401126e-08,-0.0208468
4.406126e-08,-0.010521
4.411126e-08,-0.00450671
4.416126e-08,-0.0134869
4.421126e-08,-0.0170296
4.426126e-08,-0.00923024
4.431126e-08,-0.00607206
4.436126e-08,-0.0049461
4.441126e-08,0.000134438
4.446126e-08,0.0038144
4.451126e-08,0.00321023
4.456126e-08,0.00288068
4.461126e-08,0.00562692
4.466126e-08,0.00999344
4.471126e-08,0.0136185
4.476126e-08,0.011394
4.481126e-08,0.00329261
4.486126e-08,-0.00123868
4.491126e-08,5.20511e-05
4.496126e-08,-0.00467148
4.501126e-08,-0.0151072
4.506126e-08,-0.0143382
4.511126e-08,-0.00714309
4.516126e-08,-0.010466
4.521126e-08,-0.0154642
4.526126e-08,-0.0141735
4.531126e-08,-0.0186224
4.536126e-08,-0.0243345
4.541126e-08,-0.0191991
4.546126e-08,-0.0083789
4.551126e-08,0.00027175
4.556126e-08,5.20511e-05
4.561126e-08,-0.00272165
4.566126e-08,0.0031553
4.571126e-08,0.00540722
4.576126e-08,-0.00651146
4.581126e-08,-0.0175788
4.586126e-08,-0.0149424
4.591126e-08,-0.00505595
4.596126e-08,0.00252367
4.601126e-08,0.00469319
4.606126e-08,0.00095831
4.611126e-08,-0.00868099
4.616126e-08,-0.0236205
4.621126e-08,-0.0337267
4.626126e-08,-0.0325733
4.631126e-08,-0.0358962
4.636126e-08,-0.0439976
4.641126e-08,-0.0423773
4.646126e-08,-0.0376813
4.651126e-08,-0.0285088
4.656126e-08,-0.0122236
4.661126e-08,-0.00684101
4.666126e-08,-0.00961471
4.671126e-08,-0.0109054
4.676126e-08,-0.0143382
4.681126e-08,-0.012718
4.686126e-08,-0.00813174
4.691126e-08,-0.0124983
4.696126e-08,-0.0179084
4.701126e-08,-0.014503
4.706126e-08,-0.0102463
4.711126e-08,-0.0135693
4.716126e-08,-0.0176612
4.721126e-08,-0.0161782
4.726126e-08,-0.0121687
4.731126e-08,-0.00458909
4.736126e-08,0.000491449
4.741126e-08,-0.00214494
4.746126e-08,-0.00162315
4.751126e-08,-0.0032709
4.756126e-08,-0.0149424
4.761126e-08,-0.0174415
4.766126e-08,-0.00376522
4.771126e-08,0.00161741
4.776126e-08,-0.00741772
4.781126e-08,-0.0105484
4.786126e-08,-0.0122236
4.791126e-08,-0.0231262
4.796126e-08,-0.0352097
4.801126e-08,-0.0430914
4.806126e-08,-0.0378735
4.811126e-08,-0.0296897
4.816126e-08,-0.0318043
4.821126e-08,-0.0241423
4.826126e-08,-0.00958725
4.831126e-08,-0.00780219
4.836126e-08,-0.00923024
4.841126e-08,-0.00678608
4.846126e-08,-0.00533058
4.851126e-08,-0.00176047
4.856126e-08,0.00565438
4.861126e-08,0.00743943
4.866126e-08,0.00123293
4.871126e-08,-0.00343567
4.876126e-08,-0.0104935
4.881126e-08,-0.0219728
4.886126e-08,-0.0224671
4.891126e-08,-0.0158212
4.896126e-08,-0.0158487
4.901126e-08,-0.0173591
4.906126e-08,-0.0176337
4.911126e-08,-0.0145854
4.916126e-08,-0.00579744
4.921126e-08,-0.000112723
4.926126e-08,-0.00134853
4.931126e-08,-0.00357298
4.936126e-08,-0.000332422
4.941126e-08,-0.00088167
4.946126e-08,-0.00544043
4.951126e-08,0.00128786
4.956126e-08,0.00727466
4.961126e-08,0.00235889
4.966126e-08,-0.0015133
4.971126e-08,-0.00162315
4.976126e-08,-0.00486372
4.981126e-08,-0.0069234
4.986126e-08,0.00191949
4.991126e-08,0.00612124
4.996126e-08,-0.00456163
5.001126e-08,-0.0102189
5.006126e-08,-0.00934009
5.011126e-08,-0.0129651
5.016126e-08,-0.0191167
5.021126e-08,-0.0215883
5.026126e-08,-0.00977948
5.031126e-08,0.00694511
5.036126e-08,0.00881255
5.041126e-08,0.00656064
5.046126e-08,0.0134537
5.051126e-08,0.0193306
5.056126e-08,0.0207587
5.061126e-08,0.0236972
5.066126e-08,0.0264983
5.071126e-08,0.0227634
5.076126e-08,0.0093618
5.081126e-08,-0.00219986
5.086126e-08,-0.006484
5.091126e-08,-0.0104111
5.096126e-08,-0.0103837
5.101126e-08,-0.00557774
5.106126e-08,0.000903385
5.111126e-08,0.0072472
5.116126e-08,0.00787883
5.121126e-08,0.00200188
5.126126e-08,-0.00568759
5.131126e-08,-0.0130475
5.136126e-08,-0.0161233
5.141126e-08,-0.0122786
5.146126e-08,-0.00703324
5.151126e-08,-0.00675862
5.156126e-08,-0.015574
5.161126e-08,-0.021094
5.166126e-08,-0.00656638
5.171126e-08,0.011806
5.176126e-08,0.0118883
5.181126e-08,0.00463827
5.186126e-08,0.00859285
5.191126e-08,0.0147444
5.196126e-08,0.0102406
5.201126e-08,0.00590154
5.206126e-08,0.0137832
5.211126e-08,0.0244112
5.216126e-08,0.0163647
5.221126e-08,-0.00681355
5.226126e-08,-0.0188695
5.231126e-08,-0.0168648
5.236126e-08,-0.0156015
5.241126e-08,-0.0138988
5.246126e-08,-0.00782965
5.251126e-08,-0.00640161
5.256126e-08,-0.00813174
5.261126e-08,-0.00137599
5.266126e-08,0.01068
5.271126e-08,0.0192208
5.276126e-08,0.0200996
5.281126e-08,0.0127397
5.286126e-08,0.00653317
5.291126e-08,0.0029356
5.296126e-08,-0.00791204
5.301126e-08,-0.0173042
5.306126e-08,-0.0142559
5.311126e-08,-0.0121962
5.316126e-08,-0.0174964
5.321126e-08,-0.0151621
5.326126e-08,-0.0083789
5.331126e-08,-0.00868099
5.336126e-08,-0.00681355
5.341126e-08,-0.00601714
5.346126e-08,-0.0169197
5.351126e-08,-0.0236205
5.356126e-08,-0.0160958
5.361126e-08,-0.00541296
5.366126e-08,0.00304545
5.371126e-08,0.00612124
5.376126e-08,0.00288068
5.381126e-08,0.00197442
5.386126e-08,0.000409062
5.391126e-08,-0.011592
5.396126e-08,-0.0245268
5.401126e-08,-0.0282891
5.406126e-08,-0.0273829
5.411126e-08,-0.0254605
5.416126e-08,-0.0267787
5.421126e-08,-0.0288384
5.426126e-08,-0.0226868
5.431126e-08,-0.0128827
5.436126e-08,-0.00387507
5.441126e-08,0.00183711
5.446126e-08,-0.00351806
5.451126e-08,-0.0140636
5.456126e-08,-0.0222199
5.461126e-08,-0.0268062
5.466126e-08,-0.0240599
5.471126e-08,-0.0190618
5.476126e-08,-0.0152445
5.481126e-08,-0.00780219
5.486126e-08,0.000409062
5.491126e-08,0.00601139
5.496126e-08,0.0113666
5.501126e-08,0.0110919
5.506126e-08,0.000985772
5.511126e-08,-0.0111526
5.516126e-08,-0.0204349
5.521126e-08,-0.023291
5.526126e-08,-0.0172218
5.531126e-08,-0.0160409
5.536126e-08,-0.0248838
5.541126e-08,-0.0253781
5.546126e-08,-0.0218904
5.551126e-08,-0.0309255
5.556126e-08,-0.0398508
5.561126e-08,-0.0344407
5.566126e-08,-0.0248014
5.571126e-08,-0.0281518
5.576126e-08,-0.0321064
5.581126e-08,-0.0190618
5.586126e-08,-0.00890069
5.591126e-08,-0.0112075
5.596126e-08,-0.0133771
5.601126e-08,-0.0165627
5.606126e-08,-0.0187597
5.611126e-08,-0.0147227
5.616126e-08,-0.0122786
5.621126e-08,-0.0118392
5.626126e-08,-0.00804935
5.631126e-08,-0.00428701
5.636126e-08,-0.00362791
5.641126e-08,-0.00387507
5.646126e-08,-0.00099152
5.651126e-08,0.000930848
5.656126e-08,-0.00596221
5.661126e-08,-0.0165352
5.666126e-08,-0.0166725
5.671126e-08,-0.0118392
5.676126e-08,-0.0188695
5.681126e-08,-0.0246916
5.686126e-08,-0.0178809
5.691126e-08,-0.0162057
5.696126e-08,-0.0207919
5.701126e-08,-0.0151896
5.706126e-08,-0.00505595
5.711126e-08,-0.00675862
5.716126e-08,-0.0165352
5.721126e-08,-0.0210665
5.726126e-08,-0.0220277
5.731126e-08,-0.0257351
5.736126e-08,-0.0319416
5.741126e-08,-0.0407021
5.746126e-08,-0.0363631
5.751126e-08,-0.0210391
5.756126e-08,-0.0204074
5.761126e-08,-0.020737
5.766126e-08,-0.00703324
5.771126e-08,0.00400663
5.776126e-08,0.00342992
5.781126e-08,-0.00209002
5.786126e-08,-0.00478133
5.791126e-08,-0.00942247
5.796126e-08,-0.0159311
5.801126e-08,-0.0118392
5.806126e-08,-0.00513834
5.811126e-08,-0.00766488
5.816126e-08,-0.00390253
5.821126e-08,0.00598393
5.826126e-08,0.00200188
5.831126e-08,-0.00634669
5.836126e-08,-0.00747264
5.841126e-08,-0.010164
5.846126e-08,-0.013075
5.851126e-08,-0.0139812
5.856126e-08,-0.015272
5.861126e-08,-0.011949
5.866126e-08,-0.0115371
5.871126e-08,-0.0204898
5.876126e-08,-0.0226593
5.881126e-08,-0.0187048
5.886126e-08,-0.0241698
5.891126e-08,-0.0304861
5.896126e-08,-0.0293602
5.901126e-08,-0.0278497
5.906126e-08,-0.0269984
5.911126e-08,-0.0206271
5.916126e-08,-0.00769234
5.921126e-08,0.00310038
5.926126e-08,0.00606631
5.931126e-08,-0.000442272
5.936126e-08,-0.0122786
5.941126e-08,-0.013432
5.946126e-08,-0.00766488
5.951126e-08,-0.00958725
5.956126e-08,-0.00804935
5.961126e-08,-0.00373776
5.966126e-08,-0.00942247
5.971126e-08,-0.0186224
5.976126e-08,-0.0292778
5.981126e-08,-0.0333971
5.986126e-08,-0.020737
5.991126e-08,-0.0115371
5.996126e-08,-0.0174415
6.001126e-08,-0.0187597
6.006126e-08,-0.013432
6.011126e-08,-0.0184851
6.016126e-08,-0.0287835
6.021126e-08,-0.0313924
6.026126e-08,-0.0279047
6.031126e-08,-0.0271906
6.036126e-08,-0.033507
6.041126e-08,-0.0347703
6.046126e-08,-0.0253781
6.051126e-08,-0.0177985
6.056126e-08,-0.0138439
6.061126e-08,-0.0121687
6.066126e-08,-0.0151621
6.071126e-08,-0.0136242
6.076126e-08,-0.00931262
6.081126e-08,-0.00620937
6.086126e-08,-0.00258434
6.091126e-08,-0.00607206
6.096126e-08,-0.013789
6.101126e-08,-0.0234832
6.106126e-08,-0.0316121
6.111126e-08,-0.0260372
6.116126e-08,-0.0140911
6.121126e-08,-0.00999918
6.126126e-08,-0.0126081
6.131126e-08,-0.0135144
6.136126e-08,-0.0158487
6.141126e-08,-0.0226044
6.146126e-08,-0.0211489
6.151126e-08,-0.0152445
6.156126e-08,-0.0164254
6.161126e-08,-0.0158212
6.166126e-08,-0.00966963
6.171126e-08,-0.00357298
6.176126e-08,-0.00140346
6.181126e-08,-0.00467148
6.186126e-08,-0.00678608
6.191126e-08,-0.00854368
6.196126e-08,-0.0144481
6.201126e-08,-0.0163979
6.206126e-08,-0.0112625
6.211126e-08,-0.00447924
6.216126e-08,0.00364962
6.221126e-08,0.00732958
6.226126e-08,0.000930848
6.231126e-08,-0.00782965
6.236126e-08,-0.00884576
6.241126e-08,-0.00664877
6.246126e-08,-0.0142833
6.251126e-08,-0.021094
6.256126e-08,-0.0167275
6.261126e-08,-0.014146
6.266126e-08,-0.0102189
6.271126e-08,0.00348485
6.276126e-08,0.0133713
6.281126e-08,0.0153486
6.286126e-08,0.0124376
6.291126e-08,-0.000524659
6.296126e-08,-0.00879084
6.301126e-08,-0.00453417
6.306126e-08,-0.00412223
6.311126e-08,-0.00365537
6.316126e-08,0.00532483
6.321126e-08,0.0126573
6.326126e-08,0.010323
6.331126e-08,-0.00211748
6.336126e-08,-0.0126081
6.341126e-08,-0.0104386
6.346126e-08,-0.00664877
6.351126e-08,-0.00966963
6.356126e-08,-0.0180182
6.361126e-08,-0.0268062
6.366126e-08,-0.0232086
6.371126e-08,-0.0143932
6.376126e-08,-0.0182654
6.381126e-08,-0.0223298
6.386126e-08,-0.0189519
6.391126e-08,-0.0219453
6.396126e-08,-0.0274378
6.401126e-08,-0.0238128
6.406126e-08,-0.0103013
6.411126e-08,-0.00019511
6.416126e-08,-0.00393
6.421126e-08,-0.00585236
6.426126e-08,0.00117801
6.431126e-08,0.00288068
6.436126e-08,-0.00340821
6.441126e-08,-0.00994426
6.446126e-08,-0.010109
6.451126e-08,-0.00219986
6.456126e-08,0.00244128
6.461126e-08,0.000875923
6.466126e-08,0.00397917
6.471126e-08,0.000161901
6.476126e-08,-0.0180182
6.481126e-08,-0.0262844
6.486126e-08,-0.0218904
6.491126e-08,-0.0224122
6.496126e-08,-0.0270533
6.501126e-08,-0.0248838
6.506126e-08,-0.0149424
6.511126e-08,-0.0116195
6.516126e-08,-0.015986
6.521126e-08,-0.0167
6.526126e-08,-0.0140087
6.531126e-08,-0.0128003
6.536126e-08,-0.015986
6.541126e-08,-0.0163155
6.546126e-08,-0.0110428
6.551126e-08,-0.00156823
6.556126e-08,0.0155683
6.561126e-08,0.0246584
6.566126e-08,0.0211706
6.571126e-08,0.0210882
6.576126e-08,0.0166393
6.581126e-08,0.00878509
6.586126e-08,0.0116137
6.591126e-08,0.0107624
6.596126e-08,-0.00110137
6.601126e-08,-0.00780219
6.606126e-08,-0.00255688
6.611126e-08,0.000354137
6.616126e-08,-0.0113998
6.621126e-08,-0.0218629
6.626126e-08,-0.0191991
6.631126e-08,-0.0204349
6.636126e-08,-0.0307882
6.641126e-08,-0.0306234
6.646126e-08,-0.0195836
6.651126e-08,-0.0170021
6.656126e-08,-0.0209841
6.661126e-08,-0.0156015
6.666126e-08,-0.000744358
6.671126e-08,0.00656064
6.676126e-08,-0.00107391
6.681126e-08,-0.0100266
6.686126e-08,-0.00936755
6.691126e-08,-0.0118666
6.696126e-08,-0.023291
6.701126e-08,-0.0243345
6.706126e-08,-0.0139538
6.711126e-08,-0.00533058
6.716126e-08,0.000463987
6.721126e-08,0.00452842
6.726126e-08,0.010323
6.731126e-08,0.0169689
6.736126e-08,0.0145247
6.741126e-08,0.00705496
6.746126e-08,0.00785137
6.751126e-08,0.00466573
6.756126e-08,-0.01486
6.761126e-08,-0.0286187
6.766126e-08,-0.01854
6.771126e-08,-0.000771821
6.776126e-08,0.0031553
6.781126e-08,-0.000826745
6.786126e-08,-0.00508342
6.791126e-08,-0.0140362
6.796126e-08,-0.0167
6.801126e-08,-0.0116195
6.806126e-08,-0.0157663
6.811126e-08,-0.0246641
6.816126e-08,-0.0251859
6.821126e-08,-0.019968
6.826126e-08,-0.00887322
6.831126e-08,0.0087027
6.836126e-08,0.0172984
6.841126e-08,0.00930688
6.846126e-08,0.00411648
6.851126e-08,0.0120531
6.856126e-08,0.0147994
6.861126e-08,0.00776898
6.866126e-08,0.00738451
6.871126e-08,0.0140853
6.876126e-08,0.0157056
6.881126e-08,0.0109546
6.886126e-08,0.00568184
6.891126e-08,-0.00145838
6.896126e-08,-0.00678608
6.901126e-08,-0.00486372
6.906126e-08,-0.00741772
6.911126e-08,-0.0129651
6.916126e-08,-0.0118941
6.921126e-08,-0.0131848
6.926126e-08,-0.0169197
6.931126e-08,-0.0226319
6.936126e-08,-0.0314198
6.941126e-08,-0.0293602
6.946126e-08,-0.0191991
6.951126e-08,-0.00901054
6.956126e-08,0.00134278
6.961126e-08,0.00787883
6.966126e-08,0.0104878
6.971126e-08,0.00430872
6.976126e-08,-0.00524819
6.981126e-08,-0.00865353
6.986126e-08,-0.00912039
6.991126e-08,-0.00931262
6.996126e-08,-0.0172767
7.001126e-08,-0.0242522
7.006126e-08,-0.0180457
7.011126e-08,-0.0208194
7.016126e-08,-0.034221
7.021126e-08,-0.0317769
7.026126e-08,-0.0193639
7.031126e-08,-0.0143932
7.036126e-08,-0.012306
7.041126e-08,-0.00640161
7.046126e-08,-0.00107391
7.051126e-08,-0.00258434
7.056126e-08,-0.0099168
7.061126e-08,-0.015217
7.066126e-08,-0.014915
7.071126e-08,-0.0174415
7.076126e-08,-0.0228241
7.081126e-08,-0.0202976
7.086126e-08,-0.0117293
7.091126e-08,-0.00835144
7.096126e-08,-0.0129377
7.101126e-08,-0.0218904
7.106126e-08,-0.0287835
7.111126e-08,-0.0248014
7.116126e-08,-0.0111801
7.121126e-08,0.00285321
7.126126e-08,0.00710988
7.131126e-08,2.45887e-05
7.136126e-08,-0.00478133
7.141126e-08,-0.0023921
7.146126e-08,-0.00258434
7.151126e-08,-0.00640161
7.156126e-08,-0.00664877
7.161126e-08,-0.00365537
7.166126e-08,-0.00228225
7.171126e-08,-0.00467148
7.176126e-08,-0.0101914
7.181126e-08,-0.0115645
7.186126e-08,-0.0058249
7.191126e-08,-0.00571505
7.196126e-08,-0.0141735
7.201126e-08,-0.0156015
7.206126e-08,-0.00681355
7.211126e-08,-0.000771821
7.216126e-08,-0.00898307
7.221126e-08,-0.0316945
7.226126e-08,-0.0476227
7.231126e-08,-0.0457003
7.236126e-08,-0.0433111
7.241126e-08,-0.0426794
7.246126e-08,-0.0271632
7.251126e-08,-0.00313359
7.256126e-08,0.00400663
7.261126e-08,-0.00291389
7.266126e-08,-0.00258434
7.271126e-08,-0.00343567
7.276126e-08,-0.0174415
7.281126e-08,-0.0277399
7.286126e-08,-0.0234283
7.291126e-08,-0.0168099
7.296126e-08,-0.0167824
7.301126e-08,-0.0170845
7.306126e-08,-0.0112075
7.311126e-08,-0.00134853
7.316126e-08,0.00364962
7.321126e-08,-0.00307866
7.326126e-08,-0.0116195
7.331126e-08,-0.0123884
7.336126e-08,-0.00843383
7.341126e-08,0.00156248
7.346126e-08,0.00543468
7.351126e-08,-0.00821413
7.356126e-08,-0.0168922
7.361126e-08,-0.0120314
7.366126e-08,-0.0062643
7.371126e-08,0.00244128
7.376126e-08,0.0087027
7.381126e-08,0.00559945
7.386126e-08,0.00364962
7.391126e-08,0.00222158
7.396126e-08,-0.00434193
7.401126e-08,-0.00571505
7.406126e-08,0.00230397
7.411126e-08,0.00686272
7.416126e-08,0.00397917
7.421126e-08,0.00392425
7.426126e-08,0.00428126
7.431126e-08,-0.0032709
7.436126e-08,-0.0117019
7.441126e-08,-0.0152994
7.446126e-08,-0.0145305
7.451126e-08,-0.00879084
7.456126e-08,-0.00593475
7.461126e-08,-0.00835144
7.466126e-08,-0.00145838
7.471126e-08,0.0152937
7.476126e-08,0.0178202
7.481126e-08,0.00573677
7.486126e-08,0.00134278
7.491126e-08,-0.00189778
7.496126e-08,-0.0138714
7.501126e-08,-0.0220277
7.506126e-08,-0.0231811
7.511126e-08,-0.0274927
7.516126e-08,-0.0310354
7.521126e-08,-0.021808
7.526126e-08,-0.0119215
7.531126e-08,-0.00977948
7.536126e-08,-0.00439686
7.541126e-08,-0.00165062
7.546126e-08,-0.00541296
7.551126e-08,-0.0106857
7.556126e-08,-0.015986
7.561126e-08,-0.0171669
7.566126e-08,-0.0163979
7.571126e-08,-0.0149973
7.576126e-08,-0.0118941
7.581126e-08,-0.00975202
7.586126e-08,-0.0110702
7.591126e-08,-0.0126905
7.596126e-08,-0.00739026
7.601126e-08,0.000134438
7.606126e-08,-0.00461655
7.611126e-08,-0.0187871
7.616126e-08,-0.0216982
7.621126e-08,-0.0202152
7.626126e-08,-0.0247739
7.631126e-08,-0.0162606
7.636126e-08,-0.00467148
7.641126e-08,-0.00497357
7.646126e-08,0.00164487
7.651126e-08,0.0127397
7.656126e-08,0.0154035
7.661126e-08,0.0155134
7.666126e-08,0.0137009
7.671126e-08,0.0063684
7.676126e-08,-0.00362791
7.681126e-08,-0.0107956
7.686126e-08,-0.0113174
7.691126e-08,-0.00618191
7.696126e-08,0.00277083
7.701126e-08,0.01252
7.706126e-08,0.0116412
7.711126e-08,0.00180964
7.716126e-08,-0.00414969
7.721126e-08,-0.0118117
7.726126e-08,-0.0163155
7.731126e-08,-0.00802189
7.736126e-08,-0.00288642
7.741126e-08,-0.00876338
7.746126e-08,-0.0128553
7.751126e-08,-0.010109
7.756126e-08,-0.0146403
7.761126e-08,-0.0221376
7.766126e-08,-0.0167275
7.771126e-08,-0.0140911
7.776126e-08,-0.0162606
7.781126e-08,-0.00865353
7.786126e-08,-0.006484
7.791126e-08,-0.013432
7.796126e-08,-0.012663
7.801126e-08,-0.00901054
7.806126e-08,-0.0127729
7.811126e-08,-0.0190892
7.816126e-08,-0.0178534
7.821126e-08,-0.00890069
7.826126e-08,0.000875923
7.831126e-08,0.0070275
7.836126e-08,0.00312784
7.841126e-08,-0.00401238
7.846126e-08,-0.00351806
7.851126e-08,-0.00491864
7.856126e-08,-0.0126356
7.861126e-08,-0.0175788
7.866126e-08,-0.0120863
7.871126e-08,-0.000387347
7.876126e-08,0.00466573
7.881126e-08,0.00598393
7.886126e-08,0.00721973
7.891126e-08,0.00406156
7.896126e-08,-0.00126614
7.901126e-08,-0.00975202
7.906126e-08,-0.0149699
7.911126e-08,-0.0108505
7.916126e-08,-0.00609952
7.921126e-08,0.00158994
7.926126e-08,0.0117785
7.931126e-08,0.00689019
7.936126e-08,-0.0101914
7.941126e-08,-0.0165902
7.946126e-08,-0.0106308
7.951126e-08,-0.0094774
7.956126e-08,-0.015986
7.961126e-08,-0.0193089
7.966126e-08,-0.0186773
7.971126e-08,-0.0190892
7.976126e-08,-0.0185949
7.981126e-08,-0.0160409
7.986126e-08,-0.0167549
7.991126e-08,-0.0199131
7.996126e-08,-0.0204074
8.001126e-08,-0.0185674
8.006126e-08,-0.0199131
8.011126e-08,-0.0276575
8.016126e-08,-0.035347
8.021126e-08,-0.038972
8.026126e-08,-0.0411965
8.031126e-08,-0.0416084
8.036126e-08,-0.0343034
8.041126e-08,-0.0205173
8.046126e-08,-0.0121412
8.051126e-08,-0.0151072
8.056126e-08,-0.0248014
8.061126e-08,-0.0292778
8.066126e-08,-0.0275476
8.071126e-08,-0.0301291
8.076126e-08,-0.0331225
8.081126e-08,-0.0255978
8.086126e-08,-0.0102463
8.091126e-08,0.000518912
8.096126e-08,0.00691765
8.101126e-08,0.0176554
8.106126e-08,0.0288326
8.111126e-08,0.0249604
8.116126e-08,0.00156248
8.121126e-08,-0.0191716
8.126126e-08,-0.0263118
8.131126e-08,-0.0296897
8.136126e-08,-0.0314198
8.141126e-08,-0.0348801
8.146126e-08,-0.0380383
8.151126e-08,-0.0317494
8.156126e-08,-0.0166451
8.161126e-08,-0.000414809
8.166126e-08,0.00774152
8.171126e-08,0.00743943
8.176126e-08,0.00386932
8.181126e-08,0.00373201
8.186126e-08,0.0151838
8.191126e-08,0.0235324
8.196126e-08,0.0114215
8.201126e-08,0.000985772
8.206126e-08,0.00642333
8.211126e-08,0.00109562
8.216126e-08,-0.0169472
8.221126e-08,-0.0229065
8.226126e-08,-0.0252957
8.231126e-08,-0.0344132
8.236126e-08,-0.032793
8.241126e-08,-0.0166451
8.246126e-08,-0.00500103
8.251126e-08,-0.00788458
8.256126e-08,-0.00975202
8.261126e-08,-0.00307866
8.266126e-08,-0.00132107
8.271126e-08,-0.00307866
8.276126e-08,0.000106976
8.281126e-08,0.00439111
8.286126e-08,0.00603885
8.291126e-08,0.00266098
8.296126e-08,-0.00332582
8.301126e-08,-0.000826745
8.306126e-08,0.00364962
8.311126e-08,-0.00955978
8.316126e-08,-0.0263942
8.321126e-08,-0.0248014
8.326126e-08,-0.0199131
8.331126e-08,-0.0251859
8.336126e-08,-0.025488
8.341126e-08,-0.0138165
8.346126e-08,-0.00527565
8.351126e-08,-0.0067037
8.356126e-08,-0.00708817
8.361126e-08,-0.00368283
8.366126e-08,-0.00876338
8.371126e-08,-0.0257351
8.376126e-08,-0.0399057
8.381126e-08,-0.0363081
8.386126e-08,-0.0238128
8.391126e-08,-0.0222474
8.396126e-08,-0.0277673
8.401126e-08,-0.0275202
8.406126e-08,-0.02038
8.411126e-08,-0.0128827
8.416126e-08,-0.0151072
8.421126e-08,-0.0216707
8.426126e-08,-0.020023
8.431126e-08,-0.0216707
8.436126e-08,-0.033864
8.441126e-08,-0.0356491
8.446126e-08,-0.0224671
8.451126e-08,-0.0122511
8.456126e-08,-0.0123884
8.461126e-08,-0.0165352
8.466126e-08,-0.0151621
8.471126e-08,-0.0138439
8.476126e-08,-0.017469
8.481126e-08,-0.0185125
8.486126e-08,-0.0167
8.491126e-08,-0.0088183
8.496126e-08,0.00375947
8.501126e-08,0.00798868
8.506126e-08,0.00862032
8.511126e-08,0.0158978
8.516126e-08,0.0240267
8.521126e-08,0.0270476
8.526126e-08,0.0249879
8.531126e-08,0.0205665
8.536126e-08,0.016859
8.541126e-08,0.0183969
8.546126e-08,0.0267455
8.551126e-08,0.0272947
8.556126e-08,0.0174083
8.561126e-08,0.0125749
8.566126e-08,0.0122454
8.571126e-08,0.0130418
8.576126e-08,0.0166943
8.581126e-08,0.0137009
8.586126e-08,0.00581915
8.591126e-08,0.0044735
8.596126e-08,-0.000497197
8.601126e-08,-0.00618191
8.606126e-08,-0.0026118
8.611126e-08,-0.00936755
8.616126e-08,-0.0176612
8.621126e-08,-0.00728041
8.626126e-08,0.00260605
8.631126e-08,0.0042538
8.636126e-08,0.0044735
8.641126e-08,0.0027159
8.646126e-08,0.00551707
8.651126e-08,0.0130418
8.656126e-08,0.0123827
8.661126e-08,0.0022765
8.666126e-08,-0.00593475
8.671126e-08,-0.0104111
8.676126e-08,-0.0142284
8.681126e-08,-0.012306
8.686126e-08,-0.00354552
8.691126e-08,0.000985772
8.696126e-08,0.00364962
8.701126e-08,0.016502
8.706126e-08,0.0313592
8.711126e-08,0.0348469
8.716126e-08,0.0266631
8.721126e-08,0.0145247
8.726126e-08,0.00537975
8.731126e-08,0.00389679
8.736126e-08,0.00645079
8.741126e-08,0.000546374
8.746126e-08,-0.00662131
8.751126e-08,-0.00406731
8.756126e-08,-0.00236464
8.761126e-08,-0.00401238
8.766126e-08,-0.00272165
8.771126e-08,-0.00277657
8.776126e-08,-0.00689593
8.781126e-08,-0.00576998
8.786126e-08,0.00708242
8.791126e-08,0.0181223
8.796126e-08,0.0136734
8.801126e-08,0.0106525
8.806126e-08,0.0221867
8.811126e-08,0.0241915
8.816126e-08,0.00634094
8.821126e-08,-0.00508342
8.826126e-08,-0.00486372
8.831126e-08,-0.00832398
8.836126e-08,-0.0118392
8.841126e-08,-0.0138988
8.846126e-08,-0.0171119
8.851126e-08,-0.0184301
8.856126e-08,-0.0187597
8.861126e-08,-0.0195012
8.866126e-08,-0.0184301
8.871126e-08,-0.0113174
8.876126e-08,-0.00689593
8.881126e-08,-0.00782965
8.886126e-08,0.000299213
8.891126e-08,0.0130143
8.896126e-08,0.0170238
8.901126e-08,0.0148543
8.906126e-08,0.00683526
8.911126e-08,-0.00338075
8.916126e-08,-0.00609952
8.921126e-08,-0.00964217
8.926126e-08,-0.0162606
8.931126e-08,-0.0188146
8.936126e-08,-0.0190068
8.941126e-08,-0.0140911
8.946126e-08,-0.00780219
8.951126e-08,-0.00343567
8.956126e-08,0.000628761
8.961126e-08,-0.00387507
8.966126e-08,-0.013432
8.971126e-08,-0.0132397
8.976126e-08,-0.00420462
8.981126e-08,-0.00178793
8.986126e-08,-0.00442432
8.991126e-08,-0.00030496
8.996126e-08,0.00430872
9.001126e-08,0.00532483
9.006126e-08,0.00862032
9.011126e-08,0.0145247
9.016126e-08,0.0162274
9.021126e-08,0.0159253
9.026126e-08,0.0222142
9.031126e-08,0.0268553
9.036126e-08,0.0221867
9.041126e-08,0.0173259
9.046126e-08,0.0139755
9.051126e-08,-0.00115629
9.056126e-08,-0.0193913
9.061126e-08,-0.0206821
9.066126e-08,-0.0175239
9.071126e-08,-0.0204074
9.076126e-08,-0.0183477
9.081126e-08,-0.0153269
9.086126e-08,-0.0171394
9.091126e-08,-0.0135693
9.096126e-08,-0.00906546
9.101126e-08,-0.0135418
9.106126e-08,-0.0154642
9.111126e-08,-0.0126356
9.116126e-08,-0.0168099
9.121126e-08,-0.0167824
9.126126e-08,-0.00511088
9.131126e-08,-0.00524819
9.136126e-08,-0.013432
9.141126e-08,-0.00486372
9.146126e-08,0.0082633
9.151126e-08,0.00496782
9.156126e-08,-0.00769234
9.161126e-08,-0.00879084
9.166126e-08,-0.00475387
9.171126e-08,-0.0173866
9.176126e-08,-0.0331774
9.181126e-08,-0.0329303
9.186126e-08,-0.0275751
9.191126e-08,-0.028756
9.196126e-08,-0.0283715
9.201126e-08,-0.0198856
9.206126e-08,-0.0138439
9.211126e-08,-0.0129377
9.216126e-08,-0.00821413
9.221126e-08,-0.00307866
9.226126e-08,0.00175472
9.231126e-08,0.0104878
9.236126e-08,0.00960896
9.241126e-08,0.00153502
9.246126e-08,0.00483051
9.251126e-08,0.00584661
9.256126e-08,-0.00211748
9.261126e-08,-0.00695086
9.266126e-08,-0.0166176
9.271126e-08,-0.0242522
9.276126e-08,-0.0205173
9.281126e-08,-0.0220552
9.286126e-08,-0.0264492
9.291126e-08,-0.0269435
9.296126e-08,-0.0316395
9.301126e-08,-0.0302664
9.306126e-08,-0.0212588
9.311126e-08,-0.022522
9.316126e-08,-0.0265315
9.321126e-08,-0.0190618
9.326126e-08,-0.0101365
9.331126e-08,-0.0106308
9.336126e-08,-0.0172493
9.341126e-08,-0.0202427
9.346126e-08,-0.0217805
9.351126e-08,-0.0280145
9.356126e-08,-0.0322986
9.361126e-08,-0.0318592
9.366126e-08,-0.0228241
9.371126e-08,-0.00901054
9.376126e-08,-0.00637415
9.381126e-08,-0.0105484
9.386126e-08,-0.011949
9.391126e-08,-0.0137615
9.396126e-08,-0.0136242
9.401126e-08,-0.0121687
9.406126e-08,-0.0157663
9.411126e-08,-0.0171394
9.416126e-08,-0.0112075
9.421126e-08,-0.000634509
9.426126e-08,0.01252
9.431126e-08,0.0226261
9.436126e-08,0.0298213
9.441126e-08,0.0309747
9.446126e-08,0.0191659
9.451126e-08,0.00342992
9.456126e-08,-0.0120039
9.461126e-08,-0.0334246
9.466126e-08,-0.0486388
9.471126e-08,-0.0509181
9.476126e-08,-0.0500393
9.481126e-08,-0.0410591
9.486126e-08,-0.0261745
9.491126e-08,-0.0159311
9.496126e-08,-0.00802189
9.501126e-08,-0.00198017
9.506126e-08,-0.000112723
9.511126e-08,-0.00744518
9.516126e-08,-0.0144206
9.521126e-08,-0.0117568
9.526126e-08,-0.0128827
9.531126e-08,-0.015217
9.536126e-08,-0.00983441
9.541126e-08,-0.00316105
9.546126e-08,-0.00335328
9.551126e-08,-0.00728041
9.556126e-08,-0.00436939
9.561126e-08,-0.00266673
9.566126e-08,-0.00750011
9.571126e-08,-0.0117019
9.576126e-08,-0.0154093
9.581126e-08,-0.0142009
9.586126e-08,-0.0102189
9.591126e-08,-0.0128553
9.596126e-08,-0.0182379
9.601126e-08,-0.0183752
9.606126e-08,-0.00958725
9.611126e-08,-0.00277657
9.616126e-08,-0.00447924
9.621126e-08,0.00246874
9.626126e-08,0.0155683
9.631126e-08,0.01436
9.636126e-08,0.00499528
9.641126e-08,0.00161741
9.646126e-08,-0.00129361
9.651126e-08,-0.00829651
9.656126e-08,-0.00972456
9.661126e-08,-0.00222733
9.666126e-08,0.00375947
9.671126e-08,0.000354137
9.676126e-08,-0.00409477
9.681126e-08,0.000161901
9.686126e-08,0.00480304
9.691126e-08,0.00353977
9.696126e-08,-0.00513834
9.701126e-08,-0.0207095
9.706126e-08,-0.0277399
9.711126e-08,-0.0289482
9.716126e-08,-0.0349625
9.721126e-08,-0.0333422
9.726126e-08,-0.0264766
9.731126e-08,-0.02763
9.736126e-08,-0.0283441
9.741126e-08,-0.0207919
9.746126e-08,-0.0121138
9.751126e-08,-0.00835144
9.756126e-08,-0.0100816
9.761126e-08,-0.0156015
9.766126e-08,-0.0183203
9.771126e-08,-0.0142833
9.776126e-08,-0.0127454
9.781126e-08,-0.0133496
9.786126e-08,-0.00478133
9.791126e-08,-0.000250035
9.796126e-08,-0.00997172
9.801126e-08,-0.0194737
9.806126e-08,-0.0188695
9.811126e-08,-0.0128003
9.816126e-08,-0.0151896
9.821126e-08,-0.0204624
9.826126e-08,-0.0166176
9.831126e-08,-0.0159036
9.836126e-08,-0.0195286
9.841126e-08,-0.0143382
9.846126e-08,-0.00782965
9.851126e-08,-0.0128003
9.856126e-08,-0.0193089
9.861126e-08,-0.0181555
9.866126e-08,-0.0150248
9.871126e-08,-0.0145305
9.876126e-08,-0.0144756
9.881126e-08,-0.0102738
9.886126e-08,-0.0122511
9.891126e-08,-0.0220552
9.896126e-08,-0.0199406
9.901126e-08,-0.012306
9.906126e-08,-0.0162057
9.911126e-08,-0.026559
9.916126e-08,-0.0362258
9.921126e-08,-0.0372693
9.926126e-08,-0.0268611
9.931126e-08,-0.0179358
9.936126e-08,-0.0141185
9.941126e-08,-0.0115645
9.946126e-08,-0.0132397
9.951126e-08,-0.0140911
9.956126e-08,-0.0154093
9.961126e-08,-0.0213686
9.966126e-08,-0.0209292
9.971126e-08,-0.0162881
9.976126e-08,-0.0144756
9.981126e-08,-0.0138439
9.986126e-08,-0.014503
9.991126e-08,-0.0131574
9.996126e-08,-0.012718
1.000113e-07,-0.0126356
1.000613e-07,-0.0047264
1.001113e-07,-0.0015133
1.001613e-07,-0.0149424
1.002113e-07,-0.0238402
1.002613e-07,-0.0163979
1.003113e-07,-0.0154093
1.003613e-07,-0.0241423
1.004113e-07,-0.0213961
1.004613e-07,-0.010164
1.005113e-07,-0.00156823
1.005613e-07,0.00543468
1.006113e-07,0.0104054
1.006613e-07,0.0157331
1.007113e-07,0.0165844
1.007613e-07,0.0035947
1.008113e-07,-0.012306
1.008613e-07,-0.0256527
1.009113e-07,-0.0432287
1.009613e-07,-0.0544608
1.010113e-07,-0.0545432
1.010613e-07,-0.0489134
1.011113e-07,-0.0319691
1.011613e-07,-0.0103562
1.012113e-07,-0.00343567
1.012613e-07,-0.011235
1.013113e-07,-0.0189519
1.013613e-07,-0.0218904
1.014113e-07,-0.0248563
1.014613e-07,-0.0263668
1.015113e-07,-0.0205997
1.015613e-07,-0.0165902
1.016113e-07,-0.0215334
1.016613e-07,-0.0225495
1.017113e-07,-0.0197209
1.017613e-07,-0.0238128
1.018113e-07,-0.0285912
1.018613e-07,-0.0277124
1.019113e-07,-0.0234283
1.019613e-07,-0.0153269
1.020113e-07,-0.00708817
1.020613e-07,-0.000661971
1.021113e-07,0.00565438
1.021613e-07,0.00095831
1.022113e-07,-0.0109054
1.022613e-07,-0.0133496
1.023113e-07,-0.0115645
1.023613e-07,-0.00758249
1.024113e-07,0.00189203
1.024613e-07,0.00705496
1.025113e-07,0.00650571
1.025613e-07,0.00546214
1.026113e-07,0.000875923
1.026613e-07,-0.010466
1.027113e-07,-0.0235107
1.027613e-07,-0.0319142
1.028113e-07,-0.034221
1.028613e-07,-0.0286736
1.029113e-07,-0.0178809
1.029613e-07,-0.00782965
1.030113e-07,-0.000497197
1.030613e-07,0.00274337
1.031113e-07,0.000106976
1.031613e-07,-0.00571505
1.032113e-07,-0.0060446
1.032613e-07,-0.00154077
1.033113e-07,-0.00414969
1.033613e-07,-0.00711563
1.034113e-07,-0.000661971
1.034613e-07,-0.000442272
1.035113e-07,-0.0117842
1.035613e-07,-0.0188695
1.036113e-07,-0.0148326
1.036613e-07,-0.00491864
1.037113e-07,-0.00167808
1.037613e-07,-0.00887322
1.038113e-07,-0.0115096
1.038613e-07,-0.0083789
1.039113e-07,-0.0125532
1.039613e-07,-0.0195012
1.040113e-07,-0.0209567
1.040613e-07,-0.0206821
1.041113e-07,-0.0195012
1.041613e-07,-0.0120039
1.042113e-07,0.000711148
1.042613e-07,0.00483051
1.043113e-07,-0.00544043
1.043613e-07,-0.0154917
1.044113e-07,-0.0148051
1.044613e-07,-0.00931262
1.045113e-07,-0.0109878
1.045613e-07,-0.0210116
1.046113e-07,-0.022879
1.046613e-07,-0.0161233
1.047113e-07,-0.0115645
1.047613e-07,-0.00110137
1.048113e-07,0.0091421
1.048613e-07,0.0063684
1.049113e-07,-0.00165062
1.049613e-07,-0.0124159
1.050113e-07,-0.0223573
1.050613e-07,-0.0231537
1.051113e-07,-0.0230987
1.051613e-07,-0.0307058
1.052113e-07,-0.0329852
1.052613e-07,-0.0237853
1.053113e-07,-0.0154367
1.053613e-07,-0.00645653
1.054113e-07,0.00356724
1.054613e-07,0.00590154
1.055113e-07,0.00266098
1.055613e-07,0.000463987
1.056113e-07,0.00414395
1.056613e-07,0.00551707
1.057113e-07,-0.00566013
1.057613e-07,-0.0166725
1.058113e-07,-0.015629
1.058613e-07,-0.0120039
1.059113e-07,-0.00785712
1.059613e-07,-0.00321597
1.060113e-07,-0.00920277
1.060613e-07,-0.0163979
1.061113e-07,-0.0129377
1.061613e-07,-0.0112625
1.062113e-07,-0.0205722
1.062613e-07,-0.026559
1.063113e-07,-0.0179907
1.063613e-07,-0.0125532
1.064113e-07,-0.0159311
1.064613e-07,-0.0161508
1.065113e-07,-0.0206546
1.065613e-07,-0.0278497
1.066113e-07,-0.0221376
1.066613e-07,-0.0110702
1.067113e-07,-0.00686847
1.067613e-07,-0.00272165
1.068113e-07,0.00134278
1.068613e-07,-0.00115629
1.069113e-07,-0.00156823
1.069613e-07,0.00496782
1.070113e-07,0.0126573
1.070613e-07,0.0143325
1.071113e-07,0.00351231
1.071613e-07,-0.0110153
1.072113e-07,-0.01302
1.072613e-07,-0.00942247
1.073113e-07,-0.0159036
1.073613e-07,-0.0227692
1.074113e-07,-0.0125257
1.074613e-07,0.00625855
1.075113e-07,0.00408902
1.075613e-07,-0.0171669
1.076113e-07,-0.0252408
1.076613e-07,-0.0287835
1.077113e-07,-0.0428167
1.077613e-07,-0.0489134
1.078113e-07,-0.0416084
1.078613e-07,-0.0305136
1.079113e-07,-0.0278772
1.079613e-07,-0.0312551
1.080113e-07,-0.0245268
1.080613e-07,-0.0123335
1.081113e-07,-0.00898307
1.081613e-07,-0.0137341
1.082113e-07,-0.0132123
1.082613e-07,-0.00590729
1.083113e-07,-0.0051658
1.083613e-07,-0.0102189
1.084113e-07,-0.0120039
1.084613e-07,-0.0161233
1.085113e-07,-0.0275751
1.085613e-07,-0.0332049
1.086113e-07,-0.0286736
1.086613e-07,-0.0246366
1.087113e-07,-0.0172767
1.087613e-07,-0.00728041
1.088113e-07,-0.00760996
1.088613e-07,-0.0100816
1.089113e-07,-0.0062643
1.089613e-07,-0.00574251
1.090113e-07,-0.00524819
1.090613e-07,-8.52608e-05
1.091113e-07,0.00757675
1.091613e-07,0.0168316
1.092113e-07,0.0164196
1.092613e-07,0.0112842
1.093113e-07,0.00708242
1.093613e-07,-0.00500103
1.094113e-07,-0.0131848
1.094613e-07,-0.0120039
1.095113e-07,-0.00656638
1.095613e-07,0.00153502
1.096113e-07,2.45887e-05
1.096613e-07,-0.00972456
1.097113e-07,-0.0151896
1.097613e-07,-0.0183752
1.098113e-07,-0.0206546
1.098613e-07,-0.0176612
1.099113e-07,-0.0125806
1.099613e-07,-0.00576998
1.100113e-07,0.00642333
1.100613e-07,0.0124925
1.101113e-07,0.008483
1.101613e-07,0.00480304
1.102113e-07,-0.0037103
1.102613e-07,-0.0145305
1.103113e-07,-0.0122511
1.103613e-07,-0.00505595
1.104113e-07,-0.00689593
1.104613e-07,-0.00673116
1.105113e-07,0.00406156
1.105613e-07,0.00798868
1.106113e-07,0.00156248
1.106613e-07,-0.00343567
1.107113e-07,-0.0124433
1.107613e-07,-0.0211764
1.108113e-07,-0.0149424
1.108613e-07,-0.00296881
1.109113e-07,-0.000167648
1.109613e-07,-0.00338075
1.110113e-07,-0.000909132
1.110613e-07,0.00458335
1.111113e-07,-0.00645653
1.111613e-07,-0.0282891
1.112113e-07,-0.0341661
1.112613e-07,-0.0246916
1.113113e-07,-0.0146678
1.113613e-07,-0.0104386
1.114113e-07,-0.0112075
1.114613e-07,-0.0125532
1.115113e-07,-0.0175239
1.115613e-07,-0.027685
1.116113e-07,-0.030953
1.116613e-07,-0.0227692
1.117113e-07,-0.0190068
1.117613e-07,-0.0183203
1.118113e-07,-0.00807682
1.118613e-07,0.000463987
1.119113e-07,-0.00107391
1.119613e-07,-0.00862606
1.120113e-07,-0.0168922
1.120613e-07,-0.0223573
1.121113e-07,-0.0229065
1.121613e-07,-0.0155191
1.122113e-07,-0.00598967
1.122613e-07,0.00202934
1.123113e-07,0.00867524
1.123613e-07,0.008483
1.124113e-07,0.00145263
1.124613e-07,-0.00450671
1.125113e-07,-0.0102738
1.125613e-07,-0.0187871
1.126113e-07,-0.0187322
1.126613e-07,-0.0114822
1.127113e-07,-0.0123609
1.127613e-07,-0.0150523
1.128113e-07,-0.0109054
1.128613e-07,-0.00840636
1.129113e-07,-0.00662131
1.129613e-07,-0.0083789
1.130113e-07,-0.0208743
1.130613e-07,-0.0244719
1.131113e-07,-0.0170021
1.131613e-07,-0.0162331
1.132113e-07,-0.0111801
1.132613e-07,-0.00214494
1.133113e-07,-0.0049461
1.133613e-07,-0.0109054
1.134113e-07,-0.0124983
1.134613e-07,-0.0137341
1.135113e-07,-0.0135968
1.135613e-07,-0.0134869
1.136113e-07,-0.015272
1.136613e-07,-0.012306
1.137113e-07,-0.00986187
1.137613e-07,-0.0193639
1.138113e-07,-0.0284814
1.138613e-07,-0.0246916
1.139113e-07,-0.015574
1.139613e-07,-0.0129377
1.140113e-07,-0.0159036
1.140613e-07,-0.018897
1.141113e-07,-0.0304861
1.141613e-07,-0.0456454
1.142113e-07,-0.0486388
1.142613e-07,-0.0390544
1.143113e-07,-0.0208194
1.143613e-07,-0.0126081
1.144113e-07,-0.0165352
1.144613e-07,-0.0124159
1.145113e-07,-0.0113998
1.145613e-07,-0.0201053
1.146113e-07,-0.0252957
1.146613e-07,-0.0267787
1.147113e-07,-0.0277399
1.147613e-07,-0.0301017
1.148113e-07,-0.0293876
1.148613e-07,-0.0229889
1.149113e-07,-0.0244169
1.149613e-07,-0.0297721
1.150113e-07,-0.0284814
1.150613e-07,-0.03131
1.151113e-07,-0.0359237
1.151613e-07,-0.037132
1.152113e-07,-0.0430639
1.152613e-07,-0.0413612
1.153113e-07,-0.0274927
1.153613e-07,-0.0189245
1.154113e-07,-0.0109329
1.154613e-07,0.00172726
1.155113e-07,0.00886748
1.155613e-07,0.0104054
1.156113e-07,0.00617616
1.156613e-07,-0.00747264
1.157113e-07,-0.0182928
1.157613e-07,-0.0168922
1.158113e-07,-0.019968
1.158613e-07,-0.0296897
1.159113e-07,-0.0313649
1.159613e-07,-0.0346329
1.160113e-07,-0.043009
1.160613e-07,-0.0453433
1.161113e-07,-0.041883
1.161613e-07,-0.0340288
1.162113e-07,-0.0263942
1.162613e-07,-0.0160684
1.163113e-07,-0.000332422
1.163613e-07,0.00406156
1.164113e-07,0.000903385
1.164613e-07,0.00197442
1.165113e-07,-0.00318851
1.165613e-07,-0.00706071
1.166113e-07,-0.00277657
1.166613e-07,0.000903385
1.167113e-07,0.0107075
1.167613e-07,0.017628
1.168113e-07,0.0130692
1.168613e-07,0.0109272
1.169113e-07,0.0100209
1.169613e-07,0.00576423
1.170113e-07,-3.03361e-05
1.170613e-07,-0.011592
1.171113e-07,-0.0249936
1.171613e-07,-0.0268062
1.172113e-07,-0.0198856
1.172613e-07,-0.0196934
1.173113e-07,-0.0234008
1.173613e-07,-0.0197209
1.174113e-07,-0.0129102
1.174613e-07,-0.00901054
1.175113e-07,-0.0108505
1.175613e-07,-0.0166451
1.176113e-07,-0.0173866
1.176613e-07,-0.0136791
1.177113e-07,-0.00851621
1.177613e-07,-0.00848875
1.178113e-07,-0.0143657
1.178613e-07,-0.0166176
1.179113e-07,-0.0198307
1.179613e-07,-0.0256253
1.180113e-07,-0.0297721
1.180613e-07,-0.0289482
1.181113e-07,-0.0245542
1.181613e-07,-0.0266139
1.182113e-07,-0.0292503
1.182613e-07,-0.0262844
1.183113e-07,-0.0201603
1.183613e-07,-0.00780219
1.184113e-07,-0.000936595
1.184613e-07,-0.00785712
1.185113e-07,-0.013789
1.185613e-07,-0.00854368
1.186113e-07,0.000930848
1.186613e-07,-0.00533058
1.187113e-07,-0.0186224
1.187613e-07,-0.0124708
1.188113e-07,-0.000359885
1.188613e-07,0.00027175
1.189113e-07,-0.00250195
1.189613e-07,-0.00154077
1.190113e-07,-0.000964057
1.190613e-07,-0.00181539
1.191113e-07,0.00296306
1.191613e-07,0.00521498
1.192113e-07,-0.00428701
1.192613e-07,-0.0145305
1.193113e-07,-0.0213961
1.193613e-07,-0.0293052
1.194113e-07,-0.0328754
1.194613e-07,-0.0262844
1.195113e-07,-0.0147776
1.195613e-07,-0.0133771
1.196113e-07,-0.0209841
1.196613e-07,-0.0199406
1.197113e-07,-0.0162057
1.197613e-07,-0.0180182
1.198113e-07,-0.0135968
1.198613e-07,-0.00362791
1.199113e-07,0.00397917
1.199613e-07,0.00524244
1.200113e-07,0.00101323
1.200613e-07,0.00222158
1.201113e-07,0.00559945
1.201613e-07,0.000216825
1.202113e-07,-0.00263926
1.202613e-07,0.00191949
1.203113e-07,0.000711148
1.203613e-07,-0.00450671
1.204113e-07,-0.00755503
1.204613e-07,-0.00612699
1.205113e-07,-0.00228225
1.205613e-07,-0.0106034
1.206113e-07,-0.0253507
1.206613e-07,-0.0229614
1.207113e-07,-0.0130475
1.207613e-07,-0.0146129
1.208113e-07,-0.0134869
1.208613e-07,-0.00667623
1.209113e-07,-0.0077198
1.209613e-07,-0.0096971
1.210113e-07,-0.0092577
1.210613e-07,-0.00730787
1.211113e-07,0.000518912
1.211613e-07,0.00812599
1.212113e-07,0.0126298
1.212613e-07,0.0128495
1.213113e-07,0.0082633
1.213613e-07,0.00721973
1.214113e-07,0.0123277
1.214613e-07,0.0148543
1.215113e-07,0.00321023
1.215613e-07,-0.0138439
1.216113e-07,-0.0185674
1.216613e-07,-0.0142284
1.217113e-07,-0.00986187
1.217613e-07,-0.0114822
1.218113e-07,-0.0201603
1.218613e-07,-0.0244444
1.219113e-07,-0.0181006
1.219613e-07,-0.0106583
1.220113e-07,-0.00703324
1.220613e-07,-0.00557774
1.221113e-07,-0.00423208
1.221613e-07,-0.00340821
1.222113e-07,-0.0114822
1.222613e-07,-0.0246092
1.223113e-07,-0.0338091
1.223613e-07,-0.0371046
1.224113e-07,-0.0343034
1.224613e-07,-0.0317494
1.225113e-07,-0.0316121
1.225613e-07,-0.0297996
1.226113e-07,-0.0184027
1.226613e-07,0.000546374
1.227113e-07,0.00785137
1.227613e-07,0.00224904
1.228113e-07,0.00145263
1.228613e-07,0.00601139
1.229113e-07,0.00894986
1.229613e-07,0.0133713
1.230113e-07,0.0153486
1.230613e-07,0.00947165
1.231113e-07,-5.77984e-05
1.231613e-07,-0.00546789
1.232113e-07,-0.00620937
1.232613e-07,-0.0085986
1.233113e-07,-0.00788458
1.233613e-07,-0.00664877
1.234113e-07,-0.0166725
1.234613e-07,-0.0237853
1.235113e-07,-0.0194462
1.235613e-07,-0.0211489
1.236113e-07,-0.0290581
1.236613e-07,-0.0299369
1.237113e-07,-0.0207919
1.237613e-07,-0.00829651
1.238113e-07,-8.52608e-05
1.238613e-07,0.00235889
1.239113e-07,-0.00255688
1.239613e-07,-0.0099168
1.240113e-07,-0.0132397
1.240613e-07,-0.0137066
1.241113e-07,-0.0135693
1.241613e-07,-0.01486
1.242113e-07,-0.0147227
1.242613e-07,-0.0118941
1.243113e-07,-0.00890069
1.243613e-07,-0.00958725
1.244113e-07,-0.0171119
1.244613e-07,-0.0249662
1.245113e-07,-0.027987
1.245613e-07,-0.0282617
1.246113e-07,-0.0294426
1.246613e-07,-0.0295799
1.247113e-07,-0.0226044
1.247613e-07,-0.023291
1.248113e-07,-0.0432012
1.248613e-07,-0.0609694
1.249113e-07,-0.0591843
1.249613e-07,-0.0430914
1.250113e-07,-0.0270259
1.250613e-07,-0.0167824
1.251113e-07,-0.00417716
1.251613e-07,0.0052699
1.252113e-07,0.00307291
1.252613e-07,0.00178218
1.253113e-07,-0.00145838
1.253613e-07,-0.017469
1.254113e-07,-0.0262844
1.254613e-07,-0.0222199
1.255113e-07,-0.0235656
1.255613e-07,-0.0223847
1.256113e-07,-0.0113174
1.256613e-07,-0.00393
1.257113e-07,-0.000332422
1.257613e-07,0.00370455
1.258113e-07,0.00120547
1.258613e-07,-0.0062643
1.259113e-07,-0.0109878
1.259613e-07,-0.0118117
1.260113e-07,-0.0113998
1.260613e-07,-0.0204898
1.261113e-07,-0.0342485
1.261613e-07,-0.0349076
1.262113e-07,-0.0312001
1.262613e-07,-0.032024
1.263113e-07,-0.034221
1.263613e-07,-0.0334795
1.264113e-07,-0.0214785
1.264613e-07,-0.0160958
1.265113e-07,-0.0213961
1.265613e-07,-0.0168373
1.266113e-07,-0.0165902
1.266613e-07,-0.0187871
1.267113e-07,-0.0147227
1.267613e-07,-0.0214235
1.268113e-07,-0.0214785
1.268613e-07,-0.00936755
1.269113e-07,-0.00766488
1.269613e-07,-0.00966963
1.270113e-07,-0.00566013
1.270613e-07,-0.00673116
1.271113e-07,-0.0217805
1.271613e-07,-0.0354294
1.272113e-07,-0.0261745
1.272613e-07,-0.00887322
1.273113e-07,-0.00975202
1.273613e-07,-0.0193913
1.274113e-07,-0.0189245
1.274613e-07,-0.0103837
1.275113e-07,-0.00936755
1.275613e-07,-0.0182104
1.276113e-07,-0.0176612
1.276613e-07,-0.00826905
1.277113e-07,-0.00557774
1.277613e-07,-0.00950486
1.278113e-07,-0.0176063
1.278613e-07,-0.0189245
1.279113e-07,-0.00901054
1.279613e-07,-0.00997172
1.280113e-07,-0.0197209
1.280613e-07,-0.0174964
1.281113e-07,-0.0160409
1.281613e-07,-0.0249387
1.282113e-07,-0.0256802
1.282613e-07,-0.0223573
1.283113e-07,-0.0304861
1.283613e-07,-0.0343858
1.284113e-07,-0.025433
1.284613e-07,-0.0173316
1.285113e-07,-0.0145854
1.285613e-07,-0.0131848
1.286113e-07,-0.0108231
1.286613e-07,-0.01302
1.287113e-07,-0.0189794
1.287613e-07,-0.0172767
1.288113e-07,-0.00923024
1.288613e-07,-0.00154077
1.289113e-07,0.00562692
1.289613e-07,0.0137832
1.290113e-07,0.0232303
1.290613e-07,0.0298487
1.291113e-07,0.0308648
1.291613e-07,0.0262786
1.292113e-07,0.0166668
1.292613e-07,0.00310038
1.293113e-07,-0.00999918
1.293613e-07,-0.0132672
1.294113e-07,-0.00788458
1.294613e-07,-0.00390253
1.295113e-07,-0.000826745
1.295613e-07,0.00274337
1.296113e-07,-0.00143092
1.296613e-07,-0.00733533
1.297113e-07,-0.00700578
1.297613e-07,-0.0154093
1.298113e-07,-0.0273279
1.298613e-07,-0.0255429
1.299113e-07,-0.0222749
1.299613e-07,-0.0207095
1.300113e-07,-0.0144481
1.300613e-07,-0.0140636
1.301113e-07,-0.01302
1.301613e-07,-0.00307866
1.302113e-07,-0.00228225
1.302613e-07,-0.00563266
1.303113e-07,0.0035947
1.303613e-07,0.0120257
1.304113e-07,0.00881255
1.304613e-07,-0.000716896
1.305113e-07,-0.00478133
1.305613e-07,-0.00266673
1.306113e-07,-0.00612699
1.306613e-07,-0.00739026
1.307113e-07,-0.00269419
1.307613e-07,-0.00112883
1.308113e-07,0.00378694
1.308613e-07,0.0129319
1.309113e-07,0.017628
1.309613e-07,0.0156507
1.310113e-07,0.00419887
1.310613e-07,-0.0106857
1.311113e-07,-0.016343
1.311613e-07,-0.0126081
1.312113e-07,-0.00458909
1.312613e-07,0.00334754
1.313113e-07,0.00345739
1.313613e-07,0.00128786
1.314113e-07,0.00472066
1.314613e-07,0.00260605
1.315113e-07,-0.00862606
1.315613e-07,-0.0209292
1.316113e-07,-0.0315022
1.316613e-07,-0.0379559
1.317113e-07,-0.0432561
1.317613e-07,-0.0442722
1.318113e-07,-0.0293052
1.318613e-07,-0.0151346
1.319113e-07,-0.0177436
1.319613e-07,-0.0249387
1.320113e-07,-0.0332873
1.320613e-07,-0.0337541
1.321113e-07,-0.0237578
1.321613e-07,-0.0194188
1.322113e-07,-0.0183477
1.322613e-07,-0.0198856
1.323113e-07,-0.0198856
1.323613e-07,-0.0106308
1.324113e-07,-0.00752757
1.324613e-07,-0.0104386
1.325113e-07,-0.00909292
1.325613e-07,-0.0134869
1.326113e-07,-0.0229065
1.326613e-07,-0.0239226
1.327113e-07,-0.0249113
1.327613e-07,-0.0353744
1.328113e-07,-0.0397959
1.328613e-07,-0.0336718
1.329113e-07,-0.0329577
1.329613e-07,-0.0335619
1.330113e-07,-0.0208468
1.330613e-07,-0.0123609
1.331113e-07,-0.0222199
1.331613e-07,-0.0237853
1.332113e-07,-0.0124159
1.332613e-07,-0.013075
1.333113e-07,-0.0205173
1.333613e-07,-0.0220002
1.334113e-07,-0.0215883
1.334613e-07,-0.0242522
1.335113e-07,-0.0333147
1.335613e-07,-0.0413612
1.336113e-07,-0.0369398
1.336613e-07,-0.0261471
1.337113e-07,-0.0204349
1.337613e-07,-0.0194188
1.338113e-07,-0.0169197
1.338613e-07,-0.0104111
1.339113e-07,-0.00294135
1.339613e-07,0.00167233
1.340113e-07,0.00601139
1.340613e-07,0.0120531
1.341113e-07,0.0119433
1.341613e-07,0.0120806
1.342113e-07,0.0222417
1.342613e-07,0.0278714
1.343113e-07,0.0229008
1.343613e-07,0.0131791
1.344113e-07,-0.00143092
1.344613e-07,-0.0124708
1.345113e-07,-0.013432
1.345613e-07,-0.0148875
1.346113e-07,-0.0198856
1.346613e-07,-0.0176887
1.347113e-07,-0.0142009
1.347613e-07,-0.0190068
1.348113e-07,-0.0210665
1.348613e-07,-0.0145305
1.349113e-07,-0.0145579
1.349613e-07,-0.030239
1.350113e-07,-0.0391368
1.350613e-07,-0.0301566
1.351113e-07,-0.0260372
1.351613e-07,-0.027685
1.352113e-07,-0.022165
1.352613e-07,-0.0131848
1.353113e-07,-0.00219986
1.353613e-07,0.00452842
1.354113e-07,0.00238635
1.354613e-07,0.00233143
1.355113e-07,0.0012604
1.355613e-07,-0.00884576
1.356113e-07,-0.0135144
1.356613e-07,-0.00804935
1.357113e-07,-0.0110428
1.357613e-07,-0.0191442
1.358113e-07,-0.0149424
1.358613e-07,-0.00796697
1.359113e-07,-0.0105484
1.359613e-07,-0.0148326
1.360113e-07,-0.0125532
1.360613e-07,-0.00634669
1.361113e-07,-0.00373776
1.361613e-07,-0.001733
1.362113e-07,0.0104054
1.362613e-07,0.019825
1.363113e-07,0.013234
1.363613e-07,0.00738451
1.364113e-07,0.0105976
1.364613e-07,0.0106251
1.365113e-07,-0.001733
1.365613e-07,-0.0168648
1.366113e-07,-0.0173866
1.366613e-07,-0.00728041
1.367113e-07,-0.00247449
1.367613e-07,-0.00733533
1.368113e-07,-0.0149699
1.368613e-07,-0.0168922
1.369113e-07,-0.0146678
1.369613e-07,-0.0205997
1.370113e-07,-0.0280145
1.370613e-07,-0.0248838
1.371113e-07,-0.0227692
1.371613e-07,-0.0212588
1.372113e-07,-0.0125257
1.372613e-07,-0.00615445
1.373113e-07,-0.00708817
1.373613e-07,-0.0131848
1.374113e-07,-0.0160958
1.374613e-07,-0.00901054
1.375113e-07,-0.0037103
1.375613e-07,-0.00241956
1.376113e-07,0.00719227
1.376613e-07,0.0118334
1.377113e-07,-0.00475387
1.377613e-07,-0.020023
1.378113e-07,-0.019968
1.378613e-07,-0.0207644
1.379113e-07,-0.0223298
1.379613e-07,-0.0198856
1.380113e-07,-0.0183477
1.380613e-07,-0.0117293
1.381113e-07,-0.00574251
1.381613e-07,-0.0116195
1.382113e-07,-0.0126356
1.382613e-07,-0.00579744
1.383113e-07,-0.00912039
1.383613e-07,-0.0113448
1.384113e-07,-0.00294135
1.384613e-07,-0.000607046
1.385113e-07,-0.00500103
1.385613e-07,-0.00222733
1.386113e-07,0.00700004
1.386613e-07,0.0119158
1.387113e-07,0.00452842
1.387613e-07,-0.0126081
1.388113e-07,-0.0184576
1.388613e-07,-0.00571505
1.389113e-07,0.00485797
1.389613e-07,0.00862032
1.390113e-07,0.00971881
1.390613e-07,0.0068078
1.391113e-07,0.0040341
1.391613e-07,-0.000277498
1.392113e-07,-0.0058249
1.392613e-07,-0.0103013
1.393113e-07,-0.0179907
1.393613e-07,-0.0221925
1.394113e-07,-0.0136517
1.394613e-07,-0.0056052
1.395113e-07,-0.00697832
1.395613e-07,-0.00684101
1.396113e-07,-0.00596221
1.396613e-07,-0.0136791
1.397113e-07,-0.0235107
1.397613e-07,-0.0253232
1.398113e-07,-0.0222199
1.398613e-07,-0.0163705
1.399113e-07,-0.0109878
1.399613e-07,-0.0129926
1.400113e-07,-0.0125806
1.400613e-07,-0.0026118
1.401113e-07,0.0014801
1.401613e-07,-0.0077198
1.402113e-07,-0.0183203
1.402613e-07,-0.0265315
1.403113e-07,-0.0279321
1.403613e-07,-0.0168373
1.404113e-07,-0.00519326
1.404613e-07,0.00112308
1.405113e-07,0.00233143
1.405613e-07,-0.00258434
1.406113e-07,-0.00505595
1.406613e-07,-0.00099152
1.407113e-07,0.00647825
1.407613e-07,0.0166668
1.408113e-07,0.0246034
1.408613e-07,0.0170787
1.409113e-07,0.00183711
1.409613e-07,-0.00132107
1.410113e-07,-0.00241956
1.410613e-07,-0.015272
1.411113e-07,-0.0246916
1.411613e-07,-0.02038
1.412113e-07,-0.0191716
1.412613e-07,-0.0260921
1.413113e-07,-0.0262844
1.413613e-07,-0.0207644
1.414113e-07,-0.0170296
1.414613e-07,-0.0129926
1.415113e-07,-0.0123884
1.415613e-07,-0.0162606
1.416113e-07,-0.0175239
1.416613e-07,-0.0137341
1.417113e-07,-0.0103287
1.417613e-07,-0.0159585
1.418113e-07,-0.0229614
1.418613e-07,-0.0219179
1.419113e-07,-0.0194737
1.419613e-07,-0.019611
1.420113e-07,-0.019611
1.420613e-07,-0.0117568
1.421113e-07,0.00255113
1.421613e-07,0.00738451
1.422113e-07,-0.000634509
1.422613e-07,-0.0105759
1.423113e-07,-0.0134869
1.423613e-07,-0.0108231
1.424113e-07,-0.0106308
1.424613e-07,-0.0126081
1.425113e-07,-0.0131848
1.425613e-07,-0.0140087
1.426113e-07,-0.0151346
1.426613e-07,-0.0132947
1.427113e-07,-0.0116744
1.427613e-07,-0.0161782
1.428113e-07,-0.0219453
1.428613e-07,-0.0188421
1.429113e-07,-0.0113174
1.429613e-07,-0.0148051
1.430113e-07,-0.0250486
1.430613e-07,-0.0271632
1.431113e-07,-0.0253232
1.431613e-07,-0.0277399
1.432113e-07,-0.0270808
1.432613e-07,-0.0214785
1.433113e-07,-0.0154917
1.433613e-07,-0.00642907
1.434113e-07,-0.00228225
1.434613e-07,-0.0060446
1.435113e-07,-0.009038
1.435613e-07,-0.0127454
1.436113e-07,-0.0185125
1.436613e-07,-0.0262844
1.437113e-07,-0.0382031
1.437613e-07,-0.0446567
1.438113e-07,-0.0360335
1.438613e-07,-0.0234558
1.439113e-07,-0.01486
1.439613e-07,-0.00247449
1.440113e-07,0.00886748
1.440613e-07,0.00771406
1.441113e-07,-0.000167648
1.441613e-07,-0.00354552
1.442113e-07,-0.00030496
1.442613e-07,0.00809853
1.443113e-07,0.016502
1.443613e-07,0.0145797
1.444113e-07,0.00455588
1.444613e-07,0.00312784
1.445113e-07,0.00988359
1.445613e-07,0.0115588
1.446113e-07,0.00815346
1.446613e-07,0.0022765
1.447113e-07,-0.00176047
1.447613e-07,-0.00137599
1.448113e-07,-0.00431447
1.448613e-07,-0.0131848
1.449113e-07,-0.0187048
1.449613e-07,-0.0113174
1.450113e-07,-0.00112883
1.450613e-07,0.00112308
1.451113e-07,0.0024962
1.451613e-07,0.00645079
1.452113e-07,0.0121355
1.452613e-07,0.0219121
1.453113e-07,0.0351764
1.453613e-07,0.0412456
1.454113e-07,0.0381149
1.454613e-07,0.0343251
1.455113e-07,0.0255921
1.455613e-07,0.0136185
1.456113e-07,0.00117801
1.456613e-07,-0.0149699
1.457113e-07,-0.0232086
1.457613e-07,-0.0252957
1.458113e-07,-0.0275476
1.458613e-07,-0.0207644
1.459113e-07,-0.0135144
1.459613e-07,-0.0142009
1.460113e-07,-0.0157388
1.460613e-07,-0.0145579
1.461113e-07,-0.00689593
1.461613e-07,0.00290814
1.462113e-07,0.00521498
1.462613e-07,0.0031553
1.463113e-07,0.00224904
1.463613e-07,0.00134278
1.464113e-07,-0.00101898
1.464613e-07,0.00164487
1.465113e-07,0.00697257
1.465613e-07,-0.00307866
1.466113e-07,-0.0172218
1.466613e-07,-0.0165078
1.467113e-07,-0.0198582
1.467613e-07,-0.0325183
1.468113e-07,-0.0348801
1.468613e-07,-0.0278223
1.469113e-07,-0.0196659
1.469613e-07,-0.0117842
1.470113e-07,-0.00840636
1.470613e-07,-0.0100541
1.471113e-07,-0.0134869
1.471613e-07,-0.0173316
1.472113e-07,-0.0212313
1.472613e-07,-0.0251584
1.473113e-07,-0.0299094
1.473613e-07,-0.0348801
1.474113e-07,-0.032738
1.474613e-07,-0.0243071
1.475113e-07,-0.0156564
1.475613e-07,-0.00563266
1.476113e-07,-0.001733
1.476613e-07,-0.00958725
1.477113e-07,-0.0194737
1.477613e-07,-0.030184
1.478113e-07,-0.0429266
1.478613e-07,-0.0397959
1.479113e-07,-0.0250486
1.479613e-07,-0.023291
1.480113e-07,-0.0211214
1.480613e-07,-0.0119765
1.481113e-07,-0.0156839
1.481613e-07,-0.0173866
1.482113e-07,-0.0113174
1.482613e-07,-0.0185125
1.483113e-07,-0.0332598
1.483613e-07,-0.042954
1.484113e-07,-0.0402078
1.484613e-07,-0.0243895
1.485113e-07,-0.00906546
1.485613e-07,-0.00145838
1.486113e-07,0.00384186
1.486613e-07,0.00617616
1.487113e-07,-0.00393
1.487613e-07,-0.0218629
1.488113e-07,-0.0358688
1.488613e-07,-0.0392466
1.489113e-07,-0.0356491
1.489613e-07,-0.0396311
1.490113e-07,-0.0409493
1.490613e-07,-0.0315297
1.491113e-07,-0.0333422
1.491613e-07,-0.0380383
1.492113e-07,-0.0237578
1.492613e-07,-0.00601714
1.493113e-07,-0.00362791
1.493613e-07,-0.00890069
1.494113e-07,-0.00307866
1.494613e-07,0.0118609
1.495113e-07,0.0182596
1.495613e-07,0.0163098
1.496113e-07,0.0122728
1.496613e-07,0.00760421
1.497113e-07,0.00392425
1.497613e-07,-0.00088167
1.498113e-07,-0.00497357
1.498613e-07,-0.0110428
1.499113e-07,-0.0210391
1.499613e-07,-0.0253781
1.500113e-07,-0.0201603
1.500613e-07,-0.0118666
1.501113e-07,-0.00585236
1.501613e-07,-0.00225479
1.502113e-07,-0.00129361
1.502613e-07,-0.00269419
1.503113e-07,-0.00818667
1.503613e-07,-0.0131024
1.504113e-07,-0.00964217
1.504613e-07,-0.0109054
1.505113e-07,-0.0216432
1.505613e-07,-0.0275751
1.506113e-07,-0.0255978
1.506613e-07,-0.0224946
1.507113e-07,-0.0271357
1.507613e-07,-0.0349625
1.508113e-07,-0.0346055
1.508613e-07,-0.0290306
1.509113e-07,-0.0247465
1.509613e-07,-0.0215608
1.510113e-07,-0.013432
1.510613e-07,-0.00634669
1.511113e-07,-0.0125257
1.511613e-07,-0.0237029
1.512113e-07,-0.0282342
1.512613e-07,-0.025845
1.513113e-07,-0.0226868
1.513613e-07,-0.0223298
1.514113e-07,-0.0205722
1.514613e-07,-0.0195286
1.515113e-07,-0.019254
1.515613e-07,-0.015574
1.516113e-07,-0.0119765
1.516613e-07,-0.00857114
1.517113e-07,-0.00826905
1.517613e-07,-0.0140911
1.518113e-07,-0.015217
1.518613e-07,-0.00953232
1.519113e-07,-0.00458909
1.519613e-07,-0.00294135
1.520113e-07,-0.00373776
1.520613e-07,-0.00252941
1.521113e-07,-0.00181539
1.521613e-07,-0.00156823
1.522113e-07,0.0035947
1.522613e-07,0.00716481
1.523113e-07,0.00741197
1.523613e-07,0.00551707
1.524113e-07,-0.00313359
1.524613e-07,-0.0110977
1.525113e-07,-0.0133771
1.525613e-07,-0.0155466
1.526113e-07,-0.0162057
1.526613e-07,-0.0133496
1.527113e-07,-0.010164
1.527613e-07,-0.00656638
1.528113e-07,-0.00187032
1.528613e-07,0.00255113
1.529113e-07,0.00735705
1.529613e-07,0.00689019
1.530113e-07,-0.00365537
1.530613e-07,-0.0140911
1.531113e-07,-0.0215059
1.531613e-07,-0.0290581
1.532113e-07,-0.0310079
1.532613e-07,-0.0285363
1.533113e-07,-0.0217256
1.533613e-07,-0.00920277
1.534113e-07,0.000244288
1.534613e-07,0.00518752
1.535113e-07,0.0065881
1.535613e-07,0.00378694
1.536113e-07,0.00194696
1.536613e-07,-0.0021724
1.537113e-07,-0.0106308
1.537613e-07,-0.0171669
1.538113e-07,-0.0184851
1.538613e-07,-0.00988933
1.539113e-07,-0.00695086
1.539613e-07,-0.0177161
1.540113e-07,-0.014146
1.540613e-07,-0.00198017
1.541113e-07,-0.00447924
1.541613e-07,-0.00923024
1.542113e-07,-0.00176047
1.542613e-07,0.00993851
1.543113e-07,0.00752182
1.543613e-07,-0.0047264
1.544113e-07,-0.00895561
1.544613e-07,-0.0103562
1.545113e-07,-0.0180731
1.545613e-07,-0.0266414
1.546113e-07,-0.0297721
1.546613e-07,-0.0268336
1.547113e-07,-0.0239775
1.547613e-07,-0.0244169
1.548113e-07,-0.0219179
1.548613e-07,-0.0118666
1.549113e-07,-0.00593475
1.549613e-07,-0.0115645
1.550113e-07,-0.0107132
1.550613e-07,-0.00552281
1.551113e-07,-0.0106308
1.551613e-07,-0.0134594
1.552113e-07,-0.00988933
1.552613e-07,-0.00568759
1.553113e-07,-0.000524659
1.553613e-07,0.00145263
1.554113e-07,0.0003816
1.554613e-07,-0.00162315
1.555113e-07,-0.00840636
1.555613e-07,-0.018897
1.556113e-07,-0.0237853
1.556613e-07,-0.0238952
1.557113e-07,-0.025076
1.557613e-07,-0.0187597
1.558113e-07,-0.0021724
1.558613e-07,0.0101582
1.559113e-07,0.0103779
1.559613e-07,0.00620363
1.560113e-07,0.00384186
1.560613e-07,-0.00189778
1.561113e-07,-0.0170296
1.561613e-07,-0.029113
1.562113e-07,-0.0255978
1.562613e-07,-0.0157663
1.563113e-07,-0.00942247
1.563613e-07,-0.0117019
1.564113e-07,-0.0189519
1.564613e-07,-0.0209018
1.565113e-07,-0.0199955
1.565613e-07,-0.0170296
1.566113e-07,-0.0142833
1.566613e-07,-0.0212038
1.567113e-07,-0.0248014
1.567613e-07,-0.0184851
1.568113e-07,-0.017771
1.568613e-07,-0.0158761
1.569113e-07,-0.011235
1.569613e-07,-0.0177161
1.570113e-07,-0.0219453
1.570613e-07,-0.0148326
1.571113e-07,-0.0110702
1.571613e-07,-0.0135144
1.572113e-07,-0.0145579
1.572613e-07,-0.0113998
1.573113e-07,-0.00846129
1.573613e-07,-0.00848875
1.574113e-07,-0.00587982
1.574613e-07,-0.00406731
1.575113e-07,-0.00601714
1.575613e-07,-0.00156823
1.576113e-07,0.00601139
1.576613e-07,0.00730212
1.577113e-07,0.00845554
1.577613e-07,0.00812599
1.578113e-07,-0.00272165
1.578613e-07,-0.0160134
1.579113e-07,-0.0277673
1.579613e-07,-0.0394114
1.580113e-07,-0.0380932
1.580613e-07,-0.0258724
1.581113e-07,-0.0169197
1.581613e-07,-0.00975202
1.582113e-07,-0.00307866
1.582613e-07,-0.00143092
1.583113e-07,-0.00302374
1.583613e-07,-0.00618191
1.584113e-07,-0.0108505
1.584613e-07,-0.0124433
1.585113e-07,-0.0157663
1.585613e-07,-0.0284539
1.586113e-07,-0.032436
1.586613e-07,-0.0225495
1.587113e-07,-0.0262569
1.587613e-07,-0.0373792
1.588113e-07,-0.0313924
1.588613e-07,-0.0183477
1.589113e-07,-0.0173316
1.589613e-07,-0.0271632
1.590113e-07,-0.0337541
1.590613e-07,-0.0369947
1.591113e-07,-0.0380108
1.591613e-07,-0.0327106
1.592113e-07,-0.0295249
1.592613e-07,-0.0286461
1.593113e-07,-0.0293876
1.593613e-07,-0.0358138
1.594113e-07,-0.0363631
1.594613e-07,-0.030239
1.595113e-07,-0.0296623
1.595613e-07,-0.0262844
1.596113e-07,-0.0129377
