LECROYWR640Zi,59892,Waveform
Segments,1,SegmentSize,4002
Segment,TrigTime,TimeSinceSegment1
#1,01-Nov-2023 13:34:09,0                 
Time,Ampl
-4.041689e-08,-0.00631922
-4.036689e-08,-0.0127729
-4.031689e-08,-0.00662131
-4.026689e-08,0.00191949
-4.021689e-08,0.00216665
-4.016689e-08,0.000711148
-4.011689e-08,0.00510513
-4.006689e-08,0.00710988
-4.001689e-08,0.000134438
-3.996689e-08,-0.00739026
-3.991689e-08,-0.0096971
-3.986689e-08,-0.0118117
-3.981689e-08,-0.00928516
-3.976689e-08,0.00180964
-3.971689e-08,0.0119158
-3.966689e-08,0.0160901
-3.961689e-08,0.0145247
-3.956689e-08,0.00963642
-3.951689e-08,0.00952657
-3.946689e-08,0.00829077
-3.941689e-08,-0.00486372
-3.936689e-08,-0.0227692
-3.931689e-08,-0.0323261
-3.926689e-08,-0.0299643
-3.921689e-08,-0.0278497
-3.916689e-08,-0.0304312
-3.911689e-08,-0.0274378
-3.906689e-08,-0.0250211
-3.901689e-08,-0.0293876
-3.896689e-08,-0.0299643
-3.891689e-08,-0.0262295
-3.886689e-08,-0.0189794
-3.881689e-08,-0.00686847
-3.876689e-08,-0.00478133
-3.871689e-08,-0.00890069
-3.866689e-08,-0.00206255
-3.861689e-08,0.00807107
-3.856689e-08,0.0120531
-3.851689e-08,0.0103504
-3.846689e-08,0.0103504
-3.841689e-08,0.0165295
-3.836689e-08,0.0210608
-3.831689e-08,0.0213629
-3.826689e-08,0.0189187
-3.821689e-08,0.014305
-3.816689e-08,0.00513259
-3.811689e-08,-0.0083789
-3.806689e-08,-0.010466
-3.801689e-08,0.000244288
-3.796689e-08,0.00422633
-3.791689e-08,0.00183711
-3.786689e-08,0.00472066
-3.781689e-08,0.0107624
-3.776689e-08,0.0160901
-3.771689e-08,0.0207587
-3.766689e-08,0.0206214
-3.761689e-08,0.0101857
-3.756689e-08,0.000546374
-3.751689e-08,0.00900479
-3.746689e-08,0.0185892
-3.741689e-08,0.0141677
-3.736689e-08,0.0153211
-3.731689e-08,0.0249879
-3.726689e-08,0.0346272
-3.721689e-08,0.0444038
-3.716689e-08,0.0450629
-3.711689e-08,0.0356982
-3.706689e-08,0.0272398
-3.701689e-08,0.0204017
-3.696689e-08,0.0155134
-3.691689e-08,0.0144149
-3.686689e-08,0.00851047
-3.681689e-08,0.000820998
-3.676689e-08,0.00101323
-3.671689e-08,0.0014801
-3.666689e-08,-0.0053855
-3.661689e-08,-0.0136791
-3.656689e-08,-0.0107132
-3.651689e-08,0.00137025
-3.646689e-08,0.00483051
-3.641689e-08,-0.00360045
-3.636689e-08,-0.00664877
-3.631689e-08,0.00463827
-3.626689e-08,0.0148817
-3.621689e-08,0.0106525
-3.616689e-08,0.00139771
-3.611689e-08,0.000930848
-3.606689e-08,0.00840062
-3.601689e-08,0.0160077
-3.596689e-08,0.0246858
-3.591689e-08,0.0317162
-3.586689e-08,0.0240542
-3.581689e-08,0.00996597
-3.576689e-08,0.00348485
-3.571689e-08,-0.000387347
-3.566689e-08,-0.00178793
-3.561689e-08,-0.00294135
-3.556689e-08,-0.00755503
-3.551689e-08,-0.00840636
-3.546689e-08,-0.00552281
-3.541689e-08,-0.00395746
-3.536689e-08,-0.00447924
-3.531689e-08,-0.00390253
-3.526689e-08,-0.00178793
-3.521689e-08,-2.87366e-06
-3.516689e-08,0.00472066
-3.511689e-08,0.0106525
-3.506689e-08,0.0164196
-3.501689e-08,0.0229557
-3.496689e-08,0.0227085
-3.491689e-08,0.0167766
-3.486689e-08,0.0191384
-3.481689e-08,0.0298213
-3.476689e-08,0.0310296
-3.471689e-08,0.0233402
-3.466689e-08,0.0206214
-3.461689e-08,0.0132065
-3.456689e-08,-0.00802189
-3.451689e-08,-0.0247465
-3.446689e-08,-0.0222474
-3.441689e-08,-0.0180457
-3.436689e-08,-0.0221376
-3.431689e-08,-0.0197209
-3.426689e-08,-0.0136791
-3.421689e-08,-0.00796697
-3.416689e-08,0.00112308
-3.411689e-08,0.00645079
-3.406689e-08,0.00689019
-3.401689e-08,0.00955404
-3.396689e-08,0.0149916
-3.391689e-08,0.0175456
-3.386689e-08,0.0186441
-3.381689e-08,0.0159802
-3.376689e-08,0.0116412
-3.371689e-08,0.0144698
-3.366689e-08,0.0126573
-3.361689e-08,0.00408902
-3.356689e-08,-0.000661971
-3.351689e-08,-0.0058249
-3.346689e-08,-0.00659385
-3.341689e-08,-0.000222573
-3.336689e-08,0.00342992
-3.331689e-08,0.00851047
-3.326689e-08,0.0123277
-3.321689e-08,0.00205681
-3.316689e-08,-0.00711563
-3.311689e-08,-0.00129361
-3.306689e-08,0.00450096
-3.301689e-08,0.00669795
-3.296689e-08,0.00647825
-3.291689e-08,-0.00384761
-3.286689e-08,-0.011949
-3.281689e-08,-0.0122511
-3.276689e-08,-0.0132123
-3.271689e-08,-0.00725294
-3.266689e-08,0.00356724
-3.261689e-08,0.0095815
-3.256689e-08,0.00782391
-3.251689e-08,-0.00110137
-3.246689e-08,-0.00395746
-3.241689e-08,-0.00170554
-3.236689e-08,-0.00747264
-3.231689e-08,-0.0104386
-3.226689e-08,-0.00442432
-3.221689e-08,-0.00722548
-3.216689e-08,-0.0150797
-3.211689e-08,-0.0115645
-3.206689e-08,-0.00393
-3.201689e-08,-0.00332582
-3.196689e-08,-0.0102738
-3.191689e-08,-0.0172493
-3.186689e-08,-0.0202427
-3.181689e-08,-0.0224671
-3.176689e-08,-0.0224396
-3.171689e-08,-0.0187322
-3.166689e-08,-0.0151346
-3.161689e-08,-0.0155466
-3.156689e-08,-0.0248563
-3.151689e-08,-0.040812
-3.146689e-08,-0.0408394
-3.141689e-08,-0.0283166
-3.136689e-08,-0.0290032
-3.131689e-08,-0.0273279
-3.126689e-08,-0.00923024
-3.121689e-08,0.00384186
-3.116689e-08,0.00477558
-3.111689e-08,0.00864778
-3.106689e-08,0.0159528
-3.101689e-08,0.0154585
-3.096689e-08,0.012877
-3.091689e-08,0.0149367
-3.086689e-08,0.0126024
-3.081689e-08,0.0087027
-3.076689e-08,0.00584661
-3.071689e-08,-0.00307866
-3.066689e-08,-0.0106583
-3.061689e-08,-0.0198033
-3.056689e-08,-0.0303488
-3.051689e-08,-0.0285912
-3.046689e-08,-0.022522
-3.041689e-08,-0.0147502
-3.036689e-08,-0.00428701
-3.031689e-08,-0.00425954
-3.026689e-08,-0.00640161
-3.021689e-08,-0.000140186
-3.016689e-08,-0.00118376
-3.011689e-08,-0.00961471
-3.006689e-08,-0.00906546
-3.001689e-08,-0.00527565
-2.996689e-08,-0.00618191
-2.991689e-08,-0.00450671
-2.986689e-08,0.00441857
-2.981689e-08,0.0124651
-2.976689e-08,0.0122454
-2.971689e-08,0.0125474
-2.966689e-08,0.0199348
-2.961689e-08,0.0264983
-2.956689e-08,0.0247957
-2.951689e-08,0.0192757
-2.946689e-08,0.0152388
-2.941689e-08,0.0108448
-2.936689e-08,0.00554453
-2.931689e-08,-0.00269419
-2.926689e-08,-0.0139263
-2.921689e-08,-0.0177161
-2.916689e-08,-0.010164
-2.911689e-08,-0.00299627
-2.906689e-08,-0.00497357
-2.901689e-08,-0.0149699
-2.896689e-08,-0.0264217
-2.891689e-08,-0.0308706
-2.886689e-08,-0.0277948
-2.881689e-08,-0.0198856
-2.876689e-08,-0.00953232
-2.871689e-08,-0.00447924
-2.866689e-08,-0.00546789
-2.861689e-08,-0.00167808
-2.856689e-08,0.00584661
-2.851689e-08,0.0074669
-2.846689e-08,0.0123552
-2.841689e-08,0.0207862
-2.836689e-08,0.0132065
-2.831689e-08,-0.00354552
-2.826689e-08,-0.00725294
-2.821689e-08,-0.00030496
-2.816689e-08,0.000656224
-2.811689e-08,-0.00760996
-2.806689e-08,-0.0113448
-2.801689e-08,-0.00222733
-2.796689e-08,0.00732958
-2.791689e-08,0.0126573
-2.786689e-08,0.0241915
-2.781689e-08,0.0294643
-2.776689e-08,0.0183695
-2.771689e-08,0.0104878
-2.766689e-08,0.0124101
-2.761689e-08,0.0114215
-2.756689e-08,0.00631348
-2.751689e-08,0.00807107
-2.746689e-08,0.0129868
-2.741689e-08,0.0063684
-2.736689e-08,0.000820998
-2.731689e-08,0.0068078
-2.726689e-08,0.00469319
-2.721689e-08,-0.00508342
-2.716689e-08,-0.00728041
-2.711689e-08,-0.00434193
-2.706689e-08,-0.0026118
-2.701689e-08,-0.00533058
-2.696689e-08,-0.011592
-2.691689e-08,-0.0110153
-2.686689e-08,-0.000414809
-2.681689e-08,0.00252367
-2.676689e-08,-0.00274911
-2.671689e-08,5.20511e-05
-2.666689e-08,0.00191949
-2.661689e-08,-0.00453417
-2.656689e-08,-0.00870845
-2.651689e-08,-0.00870845
-2.646689e-08,-0.0116469
-2.641689e-08,-0.0160684
-2.636689e-08,-0.0100266
-2.631689e-08,0.00395171
-2.626689e-08,0.0141677
-2.621689e-08,0.0200721
-2.616689e-08,0.0191659
-2.611689e-08,0.017216
-2.606689e-08,0.0198524
-2.601689e-08,0.0138931
-2.596689e-08,0.00422633
-2.591689e-08,0.00246874
-2.586689e-08,0.000711148
-2.581689e-08,-0.00354552
-2.576689e-08,-0.00656638
-2.571689e-08,-0.00436939
-2.566689e-08,0.00488543
-2.561689e-08,0.00947165
-2.556689e-08,0.00639586
-2.551689e-08,0.00897733
-2.546689e-08,0.01252
-2.541689e-08,0.00721973
-2.536689e-08,0.00499528
-2.531689e-08,0.0105701
-2.526689e-08,0.00925195
-2.521689e-08,-0.00409477
-2.516689e-08,-0.0115371
-2.511689e-08,-0.0085986
-2.506689e-08,-0.0128553
-2.501689e-08,-0.0165902
-2.496689e-08,-0.0128003
-2.491689e-08,-0.0162881
-2.486689e-08,-0.0195286
-2.481689e-08,-0.0146953
-2.476689e-08,-0.0105759
-2.471689e-08,-0.00280404
-2.466689e-08,0.0118609
-2.461689e-08,0.0214178
-2.456689e-08,0.0177104
-2.451689e-08,0.00584661
-2.446689e-08,-0.00156823
-2.441689e-08,-0.000552121
-2.436689e-08,0.00120547
-2.431689e-08,0.00150756
-2.426689e-08,0.00477558
-2.421689e-08,0.0110919
-2.416689e-08,0.0128221
-2.411689e-08,0.00823584
-2.406689e-08,0.00238635
-2.401689e-08,-0.0062643
-2.396689e-08,-0.010466
-2.391689e-08,-0.00620937
-2.386689e-08,-0.00868099
-2.381689e-08,-0.0145579
-2.376689e-08,-0.00659385
-2.371689e-08,0.00378694
-2.366689e-08,0.00499528
-2.361689e-08,0.00933434
-2.356689e-08,0.00851047
-2.351689e-08,-0.00250195
-2.346689e-08,-0.006484
-2.341689e-08,-0.0133221
-2.336689e-08,-0.0241972
-2.331689e-08,-0.0197209
-2.326689e-08,-0.00914785
-2.321689e-08,5.20511e-05
-2.316689e-08,0.012877
-2.311689e-08,0.0175731
-2.306689e-08,0.0153486
-2.301689e-08,0.0192208
-2.296689e-08,0.0190835
-2.291689e-08,0.00991105
-2.286689e-08,0.00191949
-2.281689e-08,-0.0032709
-2.276689e-08,-0.00920277
-2.271689e-08,-0.0132672
-2.266689e-08,-0.0127729
-2.261689e-08,-0.0201877
-2.256689e-08,-0.0336992
-2.251689e-08,-0.0278497
-2.246689e-08,-0.00936755
-2.241689e-08,-0.00395746
-2.236689e-08,-0.00519326
-2.231689e-08,0.000244288
-2.226689e-08,0.0089224
-2.221689e-08,0.0182047
-2.216689e-08,0.0255921
-2.211689e-08,0.0279264
-2.206689e-08,0.0278165
-2.201689e-08,0.022022
-2.196689e-08,0.0148817
-2.191689e-08,0.0133713
-2.186689e-08,0.00590154
-2.181689e-08,-0.00346313
-2.176689e-08,-0.00651146
-2.171689e-08,-0.0107407
-2.166689e-08,-0.0103837
-2.161689e-08,-0.00480879
-2.156689e-08,-0.000689433
-2.151689e-08,0.00595646
-2.146689e-08,0.0110095
-2.141689e-08,0.0105152
-2.136689e-08,0.00653317
-2.131689e-08,0.00370455
-2.126689e-08,0.00345739
-2.121689e-08,-0.00717056
-2.116689e-08,-0.0165902
-2.111689e-08,-0.00678608
-2.106689e-08,0.00233143
-2.101689e-08,0.00329261
-2.096689e-08,0.00535229
-2.091689e-08,0.00546214
-2.086689e-08,0.00411648
-2.081689e-08,-0.000524659
-2.076689e-08,-0.00651146
-2.071689e-08,-0.00914785
-2.066689e-08,-0.0156015
-2.061689e-08,-0.0240325
-2.056689e-08,-0.0275202
-2.051689e-08,-0.0202976
-2.046689e-08,-0.00662131
-2.041689e-08,-0.00401238
-2.036689e-08,-0.00384761
-2.031689e-08,0.00562692
-2.026689e-08,0.00881255
-2.021689e-08,-0.0019527
-2.016689e-08,-0.0129651
-2.011689e-08,-0.0104111
-2.006689e-08,-0.00321597
-2.001689e-08,-0.00835144
-1.996689e-08,-0.0153543
-1.991689e-08,-0.0056052
-1.986689e-08,0.0109821
-1.981689e-08,0.0148268
-1.976689e-08,0.00903225
-1.971689e-08,0.00754928
-1.966689e-08,0.0113116
-1.961689e-08,0.0174357
-1.956689e-08,0.0203193
-1.951689e-08,0.0152388
-1.946689e-08,0.0132065
-1.941689e-08,0.0173808
-1.936689e-08,0.0164196
-1.931689e-08,0.000656224
-1.926689e-08,-0.0186498
-1.921689e-08,-0.0209018
-1.916689e-08,-0.0179907
-1.911689e-08,-0.0173866
-1.906689e-08,-0.0069234
-1.901689e-08,0.00353977
-1.896689e-08,0.000573836
-1.891689e-08,-0.00483625
-1.886689e-08,0.000766073
-1.881689e-08,0.00595646
-1.876689e-08,0.00340246
-1.871689e-08,0.00351231
-1.866689e-08,0.00686272
-1.861689e-08,0.0144423
-1.856689e-08,0.0182047
-1.851689e-08,0.0117785
-1.846689e-08,0.0152388
-1.841689e-08,0.0237521
-1.836689e-08,0.0209784
-1.831689e-08,0.0191659
-1.826689e-08,0.0214178
-1.821689e-08,0.0217199
-1.816689e-08,0.020539
-1.811689e-08,0.0208411
-1.806689e-08,0.0260589
-1.801689e-08,0.0235324
-1.796689e-08,0.00840062
-1.791689e-08,-0.00110137
-1.786689e-08,5.20511e-05
-1.781689e-08,-0.000222573
-1.776689e-08,-0.00365537
-1.771689e-08,-0.00318851
-1.766689e-08,-0.00607206
-1.761689e-08,-0.0121412
-1.756689e-08,-0.0120589
-1.751689e-08,-0.0182104
-1.746689e-08,-0.0301291
-1.741689e-08,-0.0327655
-1.736689e-08,-0.0305136
-1.731689e-08,-0.0249113
-1.726689e-08,-0.0184851
-1.721689e-08,-0.016343
-1.716689e-08,-0.00752757
-1.711689e-08,0.00628601
-1.706689e-08,0.00944419
-1.701689e-08,0.00521498
-1.696689e-08,0.0010407
-1.691689e-08,-0.00384761
-1.686689e-08,-0.00225479
-1.681689e-08,0.00128786
-1.676689e-08,-0.00384761
-1.671689e-08,-0.00522073
-1.666689e-08,-0.0015133
-1.661689e-08,-0.00574251
-1.656689e-08,-0.0117019
-1.651689e-08,-0.0135968
-1.646689e-08,-0.0138714
-1.641689e-08,-0.0143108
-1.636689e-08,-0.0162057
-1.631689e-08,-0.01302
-1.626689e-08,-0.00986187
-1.621689e-08,-0.0157388
-1.616689e-08,-0.0172767
-1.611689e-08,-0.00763742
-1.606689e-08,0.00150756
-1.601689e-08,0.00472066
-1.596689e-08,0.00499528
-1.591689e-08,0.00279829
-1.586689e-08,-0.0047264
-1.581689e-08,-0.0148875
-1.576689e-08,-0.0193913
-1.571689e-08,-0.0220552
-1.566689e-08,-0.0218355
-1.561689e-08,-0.0106034
-1.556689e-08,0.00230397
-1.551689e-08,0.0128495
-1.546689e-08,0.0218297
-1.541689e-08,0.0189736
-1.536689e-08,0.00513259
-1.531689e-08,-0.000936595
-1.526689e-08,-0.000579584
-1.521689e-08,-0.0123335
-1.516689e-08,-0.0242522
-1.511689e-08,-0.0209567
-1.506689e-08,-0.013789
-1.501689e-08,-0.0118117
-1.496689e-08,-0.0133496
-1.491689e-08,-0.0157937
-1.486689e-08,-0.0140362
-1.481689e-08,-0.00799443
-1.476689e-08,-0.00316105
-1.471689e-08,0.00518752
-1.466689e-08,0.0202369
-1.461689e-08,0.0280637
-1.456689e-08,0.0218846
-1.451689e-08,0.0159528
-1.446689e-08,0.0157331
-1.441689e-08,0.00999344
-1.436689e-08,0.00106816
-1.431689e-08,0.000711148
-1.426689e-08,0.00441857
-1.421689e-08,0.00189203
-1.416689e-08,-0.00420462
-1.411689e-08,-0.00936755
-1.406689e-08,-0.0125532
-1.401689e-08,-0.00901054
-1.396689e-08,-0.00832398
-1.391689e-08,-0.0181555
-1.386689e-08,-0.0195012
-1.381689e-08,-0.0132397
-1.376689e-08,-0.017057
-1.371689e-08,-0.0214785
-1.366689e-08,-0.022165
-1.361689e-08,-0.029882
-1.356689e-08,-0.0308431
-1.351689e-08,-0.0110153
-1.346689e-08,0.00864778
-1.341689e-08,0.00840062
-1.336689e-08,0.00268844
-1.331689e-08,0.00708242
-1.326689e-08,0.00853793
-1.321689e-08,0.00178218
-1.316689e-08,-0.000112723
-1.311689e-08,-0.00121122
-1.306689e-08,-0.0023921
-1.301689e-08,0.00332008
-1.296689e-08,0.00518752
-1.291689e-08,0.00282575
-1.286689e-08,0.00625855
-1.281689e-08,0.0100484
-1.276689e-08,0.00952657
-1.271689e-08,0.00949911
-1.266689e-08,0.0127122
-1.261689e-08,0.0182047
-1.256689e-08,0.0196877
-1.251689e-08,0.0157605
-1.246689e-08,0.015431
-1.241689e-08,0.0127946
-1.236689e-08,0.00579169
-1.231689e-08,0.00430872
-1.226689e-08,0.000436525
-1.221689e-08,-0.00453417
-1.216689e-08,-0.00464402
-1.211689e-08,-0.00876338
-1.206689e-08,-0.013789
-1.201689e-08,-0.0172493
-1.196689e-08,-0.0243071
-1.191689e-08,-0.0318318
-1.186689e-08,-0.0392192
-1.181689e-08,-0.0435857
-1.176689e-08,-0.0380932
-1.171689e-08,-0.0266414
-1.166689e-08,-0.0177436
-1.161689e-08,-0.0176063
-1.156689e-08,-0.0198033
-1.151689e-08,-0.0175513
-1.146689e-08,-0.0160684
-1.141689e-08,-0.0129102
-1.136689e-08,-0.0107407
-1.131689e-08,-0.0129651
-1.126689e-08,-0.00763742
-1.121689e-08,0.00027175
-1.116689e-08,-0.000414809
-1.111689e-08,-0.00469894
-1.106689e-08,-0.0119765
-1.101689e-08,-0.0171394
-1.096689e-08,-0.0158212
-1.091689e-08,-0.0156839
-1.086689e-08,-0.0125532
-1.081689e-08,-0.000799283
-1.076689e-08,0.00873017
-1.071689e-08,0.0106525
-1.066689e-08,0.0137832
-1.061689e-08,0.0109546
-1.056689e-08,-0.00379268
-1.051689e-08,-0.00999918
-1.046689e-08,-0.00936755
-1.041689e-08,-0.0113723
-1.036689e-08,-0.00549535
-1.031689e-08,0.00219412
-1.026689e-08,0.00307291
-1.021689e-08,-0.00200763
-1.016689e-08,-0.00818667
-1.011689e-08,-0.00453417
-1.006689e-08,0.000903385
-1.001689e-08,-0.000524659
-9.966891e-09,0.00455588
-9.916891e-09,0.0142226
-9.866891e-09,0.019056
-9.816891e-09,0.0237246
-9.766891e-09,0.0247407
-9.716891e-09,0.020539
-9.666891e-09,0.0162823
-9.616891e-09,0.00620363
-9.566891e-09,-0.0120314
-9.516891e-09,-0.0249662
-9.466891e-09,-0.023648
-9.416891e-09,-0.0196934
-9.366891e-09,-0.018897
-9.316891e-09,-0.0144481
-9.266891e-09,-0.00818667
-9.216891e-09,-0.00230971
-9.166891e-09,0.00288068
-9.116891e-09,0.00472066
-9.066891e-09,0.00537975
-9.016891e-09,0.00579169
-8.966891e-09,0.00340246
-8.916891e-09,0.00290814
-8.866891e-09,0.00823584
-8.816891e-09,0.0107349
-8.766891e-09,0.0042538
-8.716891e-09,-0.00436939
-8.666891e-09,-0.00848875
-8.616891e-09,-0.0053855
-8.566891e-09,-0.00291389
-8.516891e-09,-0.00615445
-8.466891e-09,0.00631348
-8.416891e-09,0.0260864
-8.366891e-09,0.027075
-8.316891e-09,0.0231205
-8.266891e-09,0.0152388
-8.216891e-09,-0.0047264
-8.166891e-09,-0.0211489
-8.116891e-09,-0.0264766
-8.066891e-09,-0.0238952
-8.016891e-09,-0.0213686
-7.966891e-09,-0.0218355
-7.916891e-09,-0.0164803
-7.866891e-09,-0.0106034
-7.816891e-09,-0.00851621
-7.766891e-09,-0.00373776
-7.716891e-09,-0.00436939
-7.666891e-09,-0.0112075
-7.616891e-09,-0.0137341
-7.566891e-09,-0.0127729
-7.516891e-09,-0.00939501
-7.466891e-09,-0.00357298
-7.416891e-09,-0.0015133
-7.366891e-09,-0.00491864
-7.316891e-09,-0.0081592
-7.266891e-09,-0.0104111
-7.216891e-09,-0.0122786
-7.166891e-09,-0.0110428
-7.116891e-09,-0.00478133
-7.066891e-09,0.00485797
-7.016891e-09,0.010323
-6.966891e-09,0.0102681
-6.916891e-09,0.00818092
-6.866891e-09,0.00268844
-6.816891e-09,-0.00291389
-6.766891e-09,-0.00453417
-6.716891e-09,0.000875923
-6.666891e-09,0.0127397
-6.616891e-09,0.0218572
-6.566891e-09,0.0255646
-6.516891e-09,0.0278165
-6.466891e-09,0.0275419
-6.416891e-09,0.0205665
-6.366891e-09,0.0107898
-6.316891e-09,0.00194696
-6.266891e-09,-0.00895561
-6.216891e-09,-0.0114272
-6.166891e-09,-0.00203509
-6.116891e-09,0.00502274
-6.066891e-09,0.00922449
-6.016891e-09,0.0126573
-5.966891e-09,0.0149916
-5.916891e-09,0.017271
-5.866891e-09,0.0144973
-5.816891e-09,0.00727466
-5.766891e-09,0.00161741
-5.716891e-09,0.00367709
-5.666891e-09,0.0101033
-5.616891e-09,0.0180674
-5.566891e-09,0.0314141
-5.516891e-09,0.0384994
-5.466891e-09,0.0331168
-5.416891e-09,0.0239443
-5.366891e-09,0.0130418
-5.316891e-09,-0.00154077
-5.266891e-09,-0.0134869
-5.216891e-09,-0.0162331
-5.166891e-09,-0.0146678
-5.116891e-09,-0.0083789
-5.066891e-09,0.000573836
-5.016891e-09,0.00362216
-4.966891e-09,0.00167233
-4.916891e-09,-0.000414809
-4.866891e-09,0.00180964
-4.816891e-09,0.00318276
-4.766891e-09,0.00158994
-4.716891e-09,0.00241382
-4.666891e-09,0.00145263
-4.616891e-09,-0.00228225
-4.566891e-09,-0.00368283
-4.516891e-09,-0.00206255
-4.466891e-09,-0.00288642
-4.416891e-09,-0.006484
-4.366891e-09,-0.00796697
-4.316891e-09,-0.00500103
-4.266891e-09,0.00120547
-4.216891e-09,-0.00409477
-4.166891e-09,-0.0183752
-4.116891e-09,-0.0172767
-4.066891e-09,-0.00618191
-4.016891e-09,0.000189363
-3.966891e-09,0.00485797
-3.916891e-09,0.00639586
-3.866891e-09,0.00461081
-3.816891e-09,-8.52608e-05
-3.766891e-09,-0.00774727
-3.716891e-09,-0.00681355
-3.666891e-09,-0.00187032
-3.616891e-09,-0.00302374
-3.566891e-09,0.00169979
-3.516891e-09,0.00686272
-3.466891e-09,-0.00192524
-3.416891e-09,-0.00782965
-3.366891e-09,-0.0049461
-3.316891e-09,-0.00912039
-3.266891e-09,-0.0128278
-3.216891e-09,-0.00637415
-3.166891e-09,-0.00143092
-3.116891e-09,0.00134278
-3.066891e-09,0.012108
-3.016891e-09,0.0226261
-2.966891e-09,0.0205115
-2.916891e-09,0.0140853
-2.866891e-09,0.0138107
-2.816891e-09,0.0149641
-2.766891e-09,0.0102131
-2.716891e-09,-0.00104644
-2.666891e-09,-0.011949
-2.616891e-09,-0.0155191
-2.566891e-09,-0.0134045
-2.516891e-09,-0.00999918
-2.466891e-09,-0.0100266
-2.416891e-09,-0.0194188
-2.366891e-09,-0.0285912
-2.316891e-09,-0.0210665
-2.266891e-09,-0.0092577
-2.216891e-09,-0.00931262
-2.166891e-09,-0.0124708
-2.116891e-09,-0.0168922
-2.066891e-09,-0.0219728
-2.016891e-09,-0.0154093
-1.966891e-09,-0.00351806
-1.916891e-09,0.000463987
-1.866891e-09,0.00535229
-1.816891e-09,0.0105701
-1.766891e-09,0.00524244
-1.716891e-09,0.00120547
-1.666891e-09,0.00222158
-1.616891e-09,-0.00445178
-1.566891e-09,-0.0173866
-1.516891e-09,-0.025433
-1.466891e-09,-0.0244169
-1.416891e-09,-0.0211214
-1.366891e-09,-0.0156015
-1.316891e-09,-0.00519326
-1.266891e-09,-0.000387347
-1.216891e-09,-0.00255688
-1.166891e-09,-0.00357298
-1.116891e-09,-0.00178793
-1.066891e-09,0.00310038
-1.016891e-09,0.00686272
-9.668912e-10,0.00573677
-9.168912e-10,0.0070275
-8.668912e-10,0.017216
-8.168912e-10,0.0244112
-7.668912e-10,0.0166943
-7.168912e-10,0.00818092
-6.668912e-10,0.0113391
-6.168912e-10,0.0190835
-5.668912e-10,0.0235324
-5.168912e-10,0.0214727
-4.668912e-10,0.0122728
-4.168912e-10,-0.00101898
-3.668912e-10,-0.0128003
-3.168912e-10,-0.019611
-2.668912e-10,-0.0165078
-2.168912e-10,-0.00637415
-1.668912e-10,0.00161741
-1.168912e-10,0.026361
-6.689122e-11,0.0797204
-1.689122e-11,0.135222
3.310878e-11,0.184325
8.310878e-11,0.242215
1.331088e-10,0.305516
1.831088e-10,0.355855
2.331088e-10,0.38307
2.831088e-10,0.383619
3.331088e-10,0.358985
3.831088e-10,0.319083
4.331088e-10,0.270886
4.831088e-10,0.214012
5.331088e-10,0.154391
5.831088e-10,0.115394
6.331088e-10,0.105563
6.831088e-10,0.104244
7.331088e-10,0.107265
7.831088e-10,0.116575
8.331088e-10,0.106579
8.831088e-10,0.0787043
9.331088e-10,0.0653576
9.831088e-10,0.0551141
1.033109e-09,0.0307825
1.083109e-09,0.013591
1.133109e-09,0.0112292
1.183109e-09,0.0140853
1.233109e-09,0.016145
1.283109e-09,0.013948
1.333109e-09,0.0127122
1.383109e-09,0.0111469
1.433109e-09,0.00584661
1.483109e-09,0.00408902
1.533109e-09,0.0072472
1.583109e-09,0.0168316
1.633109e-09,0.0273222
1.683109e-09,0.0254822
1.733109e-09,0.0248231
1.783109e-09,0.032952
1.833109e-09,0.0324851
1.883109e-09,0.0276518
1.933109e-09,0.0284482
1.983109e-09,0.0261413
2.033109e-09,0.0221043
2.083109e-09,0.0234225
2.133109e-09,0.0222142
2.183109e-09,0.0171611
2.233109e-09,0.0180674
2.283109e-09,0.0219121
2.333109e-09,0.02161
2.383109e-09,0.0166393
2.433109e-09,0.00661556
2.483109e-09,0.000601299
2.533109e-09,0.0029356
2.583109e-09,0.00263352
2.633109e-09,0.00430872
2.683109e-09,0.0130143
2.733109e-09,0.0163922
2.783109e-09,0.0166668
2.833109e-09,0.0181498
2.883109e-09,0.0133164
2.933109e-09,0.00710988
2.983109e-09,0.00834569
3.033109e-09,0.0146346
3.083109e-09,0.0205115
3.133109e-09,0.0226811
3.183109e-09,0.0217473
3.233109e-09,0.019825
3.283109e-09,0.0131791
3.333109e-09,0.00150756
3.383109e-09,-0.00329836
3.433109e-09,-0.000469734
3.483109e-09,0.00323769
3.533109e-09,0.00796122
3.583109e-09,0.0130143
3.633109e-09,0.0159528
3.683109e-09,0.0140853
3.733109e-09,0.0127671
3.783109e-09,0.0131791
3.833109e-09,0.0145247
3.883109e-09,0.0196602
3.933109e-09,0.0145797
3.983109e-09,0.00161741
4.033109e-09,0.00180964
4.083109e-09,0.00466573
4.133109e-09,0.0022765
4.183109e-09,0.00439111
4.233109e-09,0.00384186
4.283109e-09,0.00452842
4.333109e-09,0.0126298
4.383109e-09,0.0158704
4.433109e-09,0.0177378
4.483109e-09,0.0189462
4.533109e-09,0.0112842
4.583109e-09,0.00373201
4.633109e-09,0.000326675
4.683109e-09,-0.00266673
4.733109e-09,0.000820998
4.783109e-09,0.0106251
4.833109e-09,0.00894986
4.883109e-09,-0.00590729
4.933109e-09,-0.0138165
4.983109e-09,-0.0151072
5.033109e-09,-0.0191991
5.083109e-09,-0.0162057
5.133109e-09,-0.00403984
5.183109e-09,0.00318276
5.233109e-09,0.00513259
5.283109e-09,0.00991105
5.333109e-09,0.0171611
5.383109e-09,0.0185068
5.433109e-09,0.00631348
5.483109e-09,-0.00736279
5.533109e-09,-0.0088183
5.583109e-09,-0.00456163
5.633109e-09,-0.000277498
5.683109e-09,0.00472066
5.733109e-09,0.00944419
5.783109e-09,0.0156781
5.833109e-09,0.0148817
5.883109e-09,-0.00458909
5.933109e-09,-0.025131
5.983109e-09,-0.0303213
6.033109e-09,-0.0315297
6.083109e-09,-0.0350449
6.133109e-09,-0.030541
6.183109e-09,-0.0154093
6.233109e-09,-0.00156823
6.283109e-09,0.00941673
6.333109e-09,0.0171337
6.383109e-09,0.0155958
6.433109e-09,0.0110645
6.483109e-09,0.00606631
6.533109e-09,-0.00187032
6.583109e-09,-0.00997172
6.633109e-09,-0.0117293
6.683109e-09,-0.00598967
6.733109e-09,-0.00686847
6.783109e-09,-0.0162881
6.833109e-09,-0.0174964
6.883109e-09,-0.00412223
6.933109e-09,0.0123003
6.983109e-09,0.014717
7.033109e-09,0.00829077
7.083109e-09,0.0107624
7.133109e-09,0.0185617
7.183109e-09,0.0199074
7.233109e-09,0.0117236
7.283109e-09,-0.00159569
7.333109e-09,-0.00958725
7.383109e-09,-0.00961471
7.433109e-09,-0.0083789
7.483109e-09,-0.00546789
7.533109e-09,0.00329261
7.583109e-09,0.0119982
7.633109e-09,0.0151838
7.683109e-09,0.0138382
7.733109e-09,0.0103779
7.783109e-09,0.00691765
7.833109e-09,0.00230397
7.883109e-09,0.00200188
7.933109e-09,0.00749436
7.983109e-09,0.0123277
8.033109e-09,0.0151014
8.083109e-09,0.0149367
8.133109e-09,0.0137832
8.183109e-09,0.0112292
8.233109e-09,0.00897733
8.283109e-09,0.0082633
8.333109e-09,0.00463827
8.383109e-09,0.00617616
8.433109e-09,0.0124101
8.483109e-09,0.013591
8.533109e-09,0.0155408
8.583109e-09,0.0133164
8.633109e-09,0.000326675
8.683109e-09,-0.00810428
8.733109e-09,-0.00818667
8.783109e-09,-0.00598967
8.833109e-09,-0.0053855
8.883109e-09,-0.0160958
8.933109e-09,-0.0257901
8.983109e-09,-0.0200504
9.033109e-09,-0.014503
9.083109e-09,-0.0138439
9.133109e-09,-0.0126905
9.183109e-09,-0.0143932
9.233109e-09,-0.014146
9.283109e-09,-0.0115096
9.333109e-09,-0.010521
9.383109e-09,-0.0085986
9.433109e-09,-0.00923024
9.483109e-09,-0.0107681
9.533109e-09,-0.0107132
9.583109e-09,-0.0203525
9.633109e-09,-0.034578
9.683109e-09,-0.0354568
9.733109e-09,-0.0270808
9.783109e-09,-0.0209841
9.833109e-09,-0.0143932
9.883109e-09,-0.00607206
9.933109e-09,0.00027175
9.983109e-09,0.00109562
1.003311e-08,-0.00285896
1.008311e-08,0.00244128
1.013311e-08,0.0138931
1.018311e-08,0.0134262
1.023311e-08,0.0100209
1.028311e-08,0.0159528
1.033311e-08,0.0235873
1.038311e-08,0.026004
1.043311e-08,0.0243013
1.048311e-08,0.0224614
1.053311e-08,0.0194405
1.058311e-08,0.0112018
1.063311e-08,0.00186457
1.068311e-08,-0.00167808
1.073311e-08,0.0012604
1.078311e-08,0.00439111
1.083311e-08,0.00510513
1.088311e-08,0.00831823
1.093311e-08,0.0109272
1.098311e-08,0.00389679
1.103311e-08,-0.00541296
1.108311e-08,-0.0067037
1.113311e-08,-0.00675862
1.118311e-08,-0.00159569
1.123311e-08,0.0114489
1.128311e-08,0.0179026
1.133311e-08,0.0183145
1.138311e-08,0.0133164
1.143311e-08,-0.00244703
1.148311e-08,-0.016343
1.153311e-08,-0.0194737
1.158311e-08,-0.0244444
1.163311e-08,-0.0375989
1.168311e-08,-0.0454806
1.173311e-08,-0.0407021
1.178311e-08,-0.0357314
1.183311e-08,-0.0284539
1.188311e-08,-0.00994426
1.193311e-08,0.00480304
1.198311e-08,0.0113391
1.203311e-08,0.0153211
1.208311e-08,0.0169414
1.213311e-08,0.0199348
1.218311e-08,0.0185617
1.223311e-08,0.00590154
1.228311e-08,-0.00428701
1.233311e-08,-0.0023921
1.238311e-08,-0.0067037
1.243311e-08,-0.017414
1.248311e-08,-0.0157114
1.253311e-08,-0.0128553
1.258311e-08,-0.022165
1.263311e-08,-0.02763
1.268311e-08,-0.0198033
1.273311e-08,-0.0134594
1.278311e-08,-0.0140087
1.283311e-08,-0.0145579
1.288311e-08,-0.0122786
1.293311e-08,-0.00579744
1.298311e-08,-0.00310612
1.303311e-08,-0.0119215
1.308311e-08,-0.0177436
1.313311e-08,-0.0118941
1.318311e-08,-0.0083789
1.323311e-08,-0.00675862
1.328311e-08,0.000354137
1.333311e-08,0.00757675
1.338311e-08,0.0119433
1.343311e-08,0.0165295
1.348311e-08,0.0239718
1.353311e-08,0.0211157
1.358311e-08,0.00505021
1.363311e-08,-0.00148584
1.368311e-08,-0.00112883
1.373311e-08,-0.00826905
1.378311e-08,-0.0160958
1.383311e-08,-0.0192815
1.388311e-08,-0.0192815
1.393311e-08,-0.0147227
1.398311e-08,-0.00362791
1.403311e-08,0.00378694
1.408311e-08,0.005929
1.413311e-08,0.0135635
1.418311e-08,0.0119433
1.423311e-08,-0.00211748
1.428311e-08,-0.00752757
1.433311e-08,-0.00541296
1.438311e-08,-0.00623684
1.443311e-08,-0.014503
1.448311e-08,-0.0251584
1.453311e-08,-0.025488
1.458311e-08,-0.0184301
1.463311e-08,-0.0103562
1.468311e-08,-0.00118376
1.473311e-08,0.00708242
1.478311e-08,0.0138656
1.483311e-08,0.0178202
1.488311e-08,0.0206214
1.493311e-08,0.0173534
1.498311e-08,0.00617616
1.503311e-08,-0.00099152
1.508311e-08,-0.00722548
1.513311e-08,-0.0125257
1.518311e-08,-0.0079395
1.523311e-08,-0.00475387
1.528311e-08,-0.00796697
1.533311e-08,-0.00744518
1.538311e-08,-0.00491864
1.543311e-08,-0.00420462
1.548311e-08,-0.00318851
1.553311e-08,-0.00288642
1.558311e-08,-0.00263926
1.563311e-08,-0.00263926
1.568311e-08,-0.00442432
1.573311e-08,-0.00313359
1.578311e-08,-0.00110137
1.583311e-08,-0.000552121
1.588311e-08,0.00312784
1.593311e-08,0.00164487
1.598311e-08,-0.00464402
1.603311e-08,-0.00708817
1.608311e-08,-0.00769234
1.613311e-08,-0.00228225
1.618311e-08,0.00469319
1.623311e-08,0.00529737
1.628311e-08,0.00829077
1.633311e-08,0.0112567
1.638311e-08,0.0098012
1.643311e-08,0.00818092
1.648311e-08,0.00342992
1.653311e-08,-0.00104644
1.658311e-08,-0.00662131
1.663311e-08,-0.0167549
1.668311e-08,-0.0193089
1.673311e-08,-0.0184301
1.678311e-08,-0.0223023
1.683311e-08,-0.0244719
1.688311e-08,-0.0213686
1.693311e-08,-0.00890069
1.698311e-08,-8.52608e-05
1.703311e-08,-0.00513834
1.708311e-08,-0.00931262
1.713311e-08,-0.00640161
1.718311e-08,0.000326675
1.723311e-08,0.00202934
1.728311e-08,-0.000497197
1.733311e-08,0.00595646
1.738311e-08,0.00947165
1.743311e-08,7.95135e-05
1.748311e-08,-0.00203509
1.753311e-08,0.0035947
1.758311e-08,0.00189203
1.763311e-08,0.00112308
1.768311e-08,0.00301799
1.773311e-08,0.00202934
1.778311e-08,0.00598393
1.783311e-08,0.00694511
1.788311e-08,-0.0030512
1.793311e-08,-0.00596221
1.798311e-08,-0.00101898
1.803311e-08,-0.00107391
1.808311e-08,-0.000909132
1.813311e-08,-0.00206255
1.818311e-08,-0.00585236
1.823311e-08,-0.00719802
1.828311e-08,-0.0092577
1.833311e-08,-0.00338075
1.838311e-08,0.00884002
1.843311e-08,0.0114764
1.848311e-08,0.0102681
1.853311e-08,0.00540722
1.858311e-08,-0.00714309
1.863311e-08,-0.00994426
1.868311e-08,0.000766073
1.873311e-08,0.0068078
1.878311e-08,0.00128786
1.883311e-08,0.000628761
1.888311e-08,0.0118334
1.893311e-08,0.0174083
1.898311e-08,0.0173259
1.903311e-08,0.0217748
1.908311e-08,0.0258118
1.913311e-08,0.0276792
1.918311e-08,0.0219945
1.923311e-08,0.0087027
1.928311e-08,-0.00110137
1.933311e-08,-0.0118117
1.938311e-08,-0.0285363
1.943311e-08,-0.0358138
1.948311e-08,-0.0227692
1.953311e-08,-0.00988933
1.958311e-08,-0.0130475
1.963311e-08,-0.018897
1.968311e-08,-0.0192265
1.973311e-08,-0.0164528
1.978311e-08,-0.0120314
1.983311e-08,-0.00928516
1.988311e-08,-0.0100816
1.993311e-08,-0.0103287
1.998311e-08,-0.00873591
2.003311e-08,-0.0067037
2.008311e-08,-0.000771821
2.013311e-08,0.00581915
2.018311e-08,0.00397917
2.023311e-08,-0.00285896
2.028311e-08,-0.00766488
2.033311e-08,-0.0117568
2.038311e-08,-0.0115371
2.043311e-08,-0.00728041
2.048311e-08,-0.00686847
2.053311e-08,-0.00917531
2.058311e-08,-0.0111251
2.063311e-08,-0.0117019
2.068311e-08,-0.0100266
2.073311e-08,-0.00579744
2.078311e-08,0.000985772
2.083311e-08,0.00312784
2.088311e-08,-0.00129361
2.093311e-08,-0.00854368
2.098311e-08,-0.0183752
2.103311e-08,-0.0206271
2.108311e-08,-0.0129377
2.113311e-08,-0.00535804
2.118311e-08,0.00213919
2.123311e-08,0.00645079
2.128311e-08,0.00474812
2.133311e-08,0.00859285
2.138311e-08,0.0188638
2.143311e-08,0.0199348
2.148311e-08,0.012163
2.153311e-08,0.0108173
2.158311e-08,0.0150465
2.163311e-08,0.0186715
2.168311e-08,0.0236697
2.173311e-08,0.0235873
2.178311e-08,0.0187814
2.183311e-08,0.0144973
2.188311e-08,0.00727466
2.193311e-08,0.00430872
2.198311e-08,0.00639586
2.203311e-08,0.00436365
2.208311e-08,0.00664302
2.213311e-08,0.0130143
2.218311e-08,0.00735705
2.223311e-08,-2.87366e-06
2.228311e-08,0.0057093
2.233311e-08,0.00721973
2.238311e-08,-0.000661971
2.243311e-08,-0.000277498
2.248311e-08,0.00631348
2.253311e-08,0.0070275
2.258311e-08,0.00422633
2.263311e-08,0.00384186
2.268311e-08,0.00397917
2.273311e-08,0.00721973
2.278311e-08,0.0167217
2.283311e-08,0.0168041
2.288311e-08,0.0072472
2.293311e-08,0.00579169
2.298311e-08,0.00441857
2.303311e-08,-0.00651146
2.308311e-08,-0.0162331
2.313311e-08,-0.0175788
2.318311e-08,-0.0170021
2.323311e-08,-0.0166451
2.328311e-08,-0.0118666
2.333311e-08,-0.0121412
2.338311e-08,-0.0212038
2.343311e-08,-0.0231811
2.348311e-08,-0.0134045
2.353311e-08,-0.00950486
2.358311e-08,-0.0220826
2.363311e-08,-0.0326557
2.368311e-08,-0.0256802
2.373311e-08,-0.0140362
2.378311e-08,-0.0114272
2.383311e-08,-0.0135418
2.388311e-08,-0.0128003
2.393311e-08,-0.0077198
2.398311e-08,-0.000140186
2.403311e-08,0.00754928
2.408311e-08,0.0101857
2.413311e-08,0.00653317
2.418311e-08,0.00436365
2.423311e-08,0.00183711
2.428311e-08,-0.00434193
2.433311e-08,-0.00272165
2.438311e-08,0.00255113
2.443311e-08,-0.00332582
2.448311e-08,-0.00851621
2.453311e-08,-0.00678608
2.458311e-08,-0.00741772
2.463311e-08,-0.00868099
2.468311e-08,-0.0102738
2.473311e-08,-0.0106857
2.478311e-08,-0.0132397
2.483311e-08,-0.0208194
2.488311e-08,-0.0195286
2.493311e-08,-0.00681355
2.498311e-08,0.00606631
2.503311e-08,0.00999344
2.508311e-08,0.0040341
2.513311e-08,-0.00154077
2.518311e-08,-0.00176047
2.523311e-08,0.00164487
2.528311e-08,0.00620363
2.533311e-08,0.00985612
2.538311e-08,0.00963642
2.543311e-08,-0.000140186
2.548311e-08,-0.0106308
2.553311e-08,-0.00851621
2.558311e-08,-0.0037103
2.563311e-08,-0.001733
2.568311e-08,0.00296306
2.573311e-08,0.00084846
2.578311e-08,-0.00469894
2.583311e-08,-0.00439686
2.588311e-08,-0.00791204
2.593311e-08,-0.0100266
2.598311e-08,-0.00587982
2.603311e-08,-0.00843383
2.608311e-08,-0.0107956
2.613311e-08,-0.00513834
2.618311e-08,-0.00574251
2.623311e-08,-0.0107681
2.628311e-08,-0.010878
2.633311e-08,-0.0199131
2.638311e-08,-0.0321888
2.643311e-08,-0.0249662
2.648311e-08,-0.0126081
2.653311e-08,-0.00994426
2.658311e-08,-0.00587982
2.663311e-08,-0.00332582
2.668311e-08,-0.00659385
2.673311e-08,-0.00368283
2.678311e-08,0.00573677
2.683311e-08,0.0146071
2.688311e-08,0.0221867
2.693311e-08,0.0255646
2.698311e-08,0.0238894
2.703311e-08,0.0136734
2.708311e-08,-0.00456163
2.713311e-08,-0.015574
2.718311e-08,-0.0144756
2.723311e-08,-0.0143932
2.728311e-08,-0.0212588
2.733311e-08,-0.0212313
2.738311e-08,-0.0124983
2.743311e-08,-0.00629176
2.748311e-08,0.00348485
2.753311e-08,0.00774152
2.758311e-08,-0.00826905
2.763311e-08,-0.0227143
2.768311e-08,-0.0190618
2.773311e-08,-0.0134869
2.778311e-08,-0.0139812
2.783311e-08,-0.00958725
2.788311e-08,-0.0060446
2.793311e-08,-0.00684101
2.798311e-08,-0.00159569
2.803311e-08,0.00414395
2.808311e-08,0.00713735
2.813311e-08,0.0106525
2.818311e-08,0.01252
2.823311e-08,0.0107624
2.828311e-08,0.00853793
2.833311e-08,0.0127946
2.838311e-08,0.0189736
2.843311e-08,0.0214727
2.848311e-08,0.0218023
2.853311e-08,0.0215276
2.858311e-08,0.0228184
2.863311e-08,0.0241366
2.868311e-08,0.0232028
2.873311e-08,0.014305
2.878311e-08,-0.00351806
2.883311e-08,-0.0205173
2.888311e-08,-0.033507
2.893311e-08,-0.0424048
2.898311e-08,-0.0415809
2.903311e-08,-0.0315846
2.908311e-08,-0.0268886
2.913311e-08,-0.0306234
2.918311e-08,-0.0279321
2.923311e-08,-0.0233459
2.928311e-08,-0.0243345
2.933311e-08,-0.0206546
2.938311e-08,-0.0122236
2.943311e-08,-0.00362791
2.948311e-08,0.00477558
2.953311e-08,0.00941673
2.958311e-08,0.0126298
2.963311e-08,0.0209784
2.968311e-08,0.024219
2.973311e-08,0.0128495
2.978311e-08,0.00128786
2.983311e-08,-0.00420462
2.988311e-08,-0.00302374
2.993311e-08,0.0122179
2.998311e-08,0.0306452
3.003311e-08,0.0382248
3.008311e-08,0.035506
3.013311e-08,0.027844
3.018311e-08,0.0164196
3.023311e-08,0.00112308
3.028311e-08,-0.00857114
3.033311e-08,-0.00999918
3.038311e-08,-0.00818667
3.043311e-08,-0.0026118
3.048311e-08,0.000573836
3.053311e-08,5.20511e-05
3.058311e-08,0.00705496
3.063311e-08,0.0142226
3.068311e-08,0.00752182
3.073311e-08,-0.00184285
3.078311e-08,-0.00464402
3.083311e-08,-0.00725294
3.088311e-08,-0.00999918
3.093311e-08,-0.00722548
3.098311e-08,0.000299213
3.103311e-08,0.0072472
3.108311e-08,0.00807107
3.113311e-08,0.000683686
3.118311e-08,-0.00664877
3.123311e-08,-0.00928516
3.128311e-08,-0.0114822
3.133311e-08,-0.0121138
3.138311e-08,-0.0103287
3.143311e-08,-0.00607206
3.148311e-08,-0.00030496
3.153311e-08,0.000436525
3.158311e-08,-0.00198017
3.163311e-08,-0.00178793
3.168311e-08,-0.00121122
3.173311e-08,-0.00340821
3.178311e-08,-0.010466
3.183311e-08,-0.0156015
3.188311e-08,-0.00791204
3.193311e-08,0.00900479
3.198311e-08,0.0204841
3.203311e-08,0.0159528
3.208311e-08,0.00433618
3.213311e-08,0.00194696
3.218311e-08,0.00510513
3.223311e-08,0.00238635
3.228311e-08,-0.00296881
3.233311e-08,-0.00579744
3.238311e-08,-0.0109329
3.243311e-08,-0.0193364
3.248311e-08,-0.0247739
3.253311e-08,-0.023648
3.258311e-08,-0.0237853
3.263311e-08,-0.0306784
3.268311e-08,-0.0313375
3.273311e-08,-0.0235656
3.278311e-08,-0.015986
3.283311e-08,-0.00714309
3.288311e-08,-0.00291389
3.293311e-08,-0.00491864
3.298311e-08,-0.00439686
3.303311e-08,-0.00469894
3.308311e-08,-0.00769234
3.313311e-08,-0.00865353
3.318311e-08,-0.0134045
3.323311e-08,-0.0219453
3.328311e-08,-0.0256802
3.333311e-08,-0.028042
3.338311e-08,-0.0333697
3.343311e-08,-0.0371869
3.348311e-08,-0.0268611
3.353311e-08,-0.00598967
3.358311e-08,0.00274337
3.363311e-08,0.00252367
3.368311e-08,0.00947165
3.373311e-08,0.0189462
3.378311e-08,0.0209784
3.383311e-08,0.0160626
3.388311e-08,0.00963642
3.393311e-08,0.00960896
3.398311e-08,0.012877
3.403311e-08,0.00444603
3.408311e-08,-0.00695086
3.413311e-08,-0.0129377
3.418311e-08,-0.0235656
3.423311e-08,-0.0267512
3.428311e-08,-0.0193913
3.433311e-08,-0.0181555
3.438311e-08,-0.0215059
3.443311e-08,-0.0273829
3.448311e-08,-0.0277124
3.453311e-08,-0.0191716
3.458311e-08,-0.0143657
3.463311e-08,-0.00576998
3.468311e-08,0.00628601
3.473311e-08,0.00779644
3.478311e-08,0.00752182
3.483311e-08,0.00820838
3.488311e-08,0.00164487
3.493311e-08,-0.00214494
3.498311e-08,0.0014801
3.503311e-08,0.00027175
3.508311e-08,-0.00576998
3.513311e-08,-0.00535804
3.518311e-08,0.0054896
3.523311e-08,0.0179575
3.528311e-08,0.0181772
3.533311e-08,0.00851047
3.538311e-08,0.00150756
3.543311e-08,0.00117801
3.548311e-08,0.00521498
3.553311e-08,0.00790629
3.558311e-08,0.0105701
3.563311e-08,0.0145522
3.568311e-08,0.0143325
3.573311e-08,0.014662
3.578311e-08,0.0148268
3.583311e-08,0.00397917
3.588311e-08,-0.00931262
3.593311e-08,-0.017057
3.598311e-08,-0.0303488
3.603311e-08,-0.0428991
3.608311e-08,-0.0389171
3.613311e-08,-0.0269984
3.618311e-08,-0.0166451
3.623311e-08,-0.00739026
3.628311e-08,-0.00351806
3.633311e-08,-0.00695086
3.638311e-08,-0.0160134
3.643311e-08,-0.0235656
3.648311e-08,-0.0269984
3.653311e-08,-0.0293602
3.658311e-08,-0.027685
3.663311e-08,-0.0279596
3.668311e-08,-0.0290581
3.673311e-08,-0.0201328
3.678311e-08,-0.0115096
3.683311e-08,-0.0125806
3.688311e-08,-0.0149424
3.693311e-08,-0.0153269
3.698311e-08,-0.0179358
3.703311e-08,-0.0195561
3.708311e-08,-0.0140636
3.713311e-08,-0.00917531
3.718311e-08,-0.0137615
3.723311e-08,-0.0168099
3.728311e-08,-0.0124983
3.733311e-08,-0.0123609
3.738311e-08,-0.0168922
3.743311e-08,-0.0227143
3.748311e-08,-0.0277124
3.753311e-08,-0.0220277
3.758311e-08,-0.0160684
3.763311e-08,-0.0194737
3.768311e-08,-0.0174964
3.773311e-08,-0.0117842
3.778311e-08,-0.0114822
3.783311e-08,-0.0115096
3.788311e-08,-0.00848875
3.793311e-08,-0.00365537
3.798311e-08,-0.00219986
3.803311e-08,-2.87366e-06
3.808311e-08,0.00557199
3.813311e-08,0.00474812
3.818311e-08,0.0010407
3.823311e-08,-0.0019527
3.828311e-08,-0.00500103
3.833311e-08,-0.00664877
3.838311e-08,-0.00892815
3.843311e-08,-0.006484
3.848311e-08,-0.00318851
3.853311e-08,-0.00703324
3.858311e-08,-0.00714309
3.863311e-08,-0.00612699
3.868311e-08,-0.0162331
3.873311e-08,-0.0226319
3.878311e-08,-0.0193089
3.883311e-08,-0.0234832
3.888311e-08,-0.0279321
3.893311e-08,-0.0192265
3.898311e-08,-0.0121687
3.903311e-08,-0.0150797
3.908311e-08,-0.0164528
3.913311e-08,-0.0096971
3.918311e-08,-0.00104644
3.923311e-08,0.000683686
3.928311e-08,-0.00118376
3.933311e-08,-0.000222573
3.938311e-08,-0.00189778
3.943311e-08,-0.00678608
3.948311e-08,-0.00667623
3.953311e-08,-0.00461655
3.958311e-08,-0.00412223
3.963311e-08,-0.00247449
3.968311e-08,-0.00274911
3.973311e-08,-0.00362791
3.978311e-08,-0.00478133
3.983311e-08,-0.0143108
3.988311e-08,-0.025131
3.993311e-08,-0.0230438
3.998311e-08,-0.0165078
4.003311e-08,-0.0175239
4.008311e-08,-0.0170296
4.013311e-08,-0.00728041
4.018311e-08,-0.00132107
4.023311e-08,-0.00791204
4.028311e-08,-0.0126081
4.033311e-08,-0.0126356
4.038311e-08,-0.0207919
4.043311e-08,-0.0259823
4.048311e-08,-0.0231811
4.053311e-08,-0.028756
4.058311e-08,-0.0321613
4.063311e-08,-0.0175513
4.068311e-08,-0.00140346
4.073311e-08,0.00367709
4.078311e-08,0.00301799
4.083311e-08,0.00164487
4.088311e-08,0.00345739
4.093311e-08,0.0029356
4.098311e-08,-0.00316105
4.103311e-08,-0.00741772
4.108311e-08,-0.010466
4.113311e-08,-0.01302
4.118311e-08,-0.0115096
4.123311e-08,-0.00620937
4.128311e-08,0.00288068
4.133311e-08,0.0120806
4.138311e-08,0.0167217
4.143311e-08,0.0158978
4.148311e-08,0.00999344
4.153311e-08,0.00120547
4.158311e-08,-0.00609952
4.163311e-08,-0.00730787
4.168311e-08,-0.00546789
4.173311e-08,-0.00436939
4.178311e-08,-0.00310612
4.183311e-08,-0.00450671
4.188311e-08,-0.0056052
4.193311e-08,-0.000771821
4.198311e-08,0.00326515
4.203311e-08,0.00321023
4.208311e-08,0.000244288
4.213311e-08,-0.00708817
4.218311e-08,-0.00942247
4.223311e-08,-0.0015133
4.228311e-08,0.00323769
4.233311e-08,-0.000909132
4.238311e-08,-0.00187032
4.243311e-08,0.00625855
4.248311e-08,0.0106251
4.253311e-08,0.00524244
4.258311e-08,0.00562692
4.263311e-08,0.0152937
4.268311e-08,0.0215276
4.273311e-08,0.0193032
4.278311e-08,0.0158704
4.283311e-08,0.0175731
4.288311e-08,0.0179575
4.293311e-08,0.0123277
4.298311e-08,0.000491449
4.303311e-08,-0.0160684
4.308311e-08,-0.0232635
4.313311e-08,-0.0132947
4.318311e-08,-0.00288642
4.323311e-08,0.000985772
4.328311e-08,0.00705496
4.333311e-08,0.00804361
4.338311e-08,-0.00118376
4.343311e-08,-0.00999918
4.348311e-08,-0.0138714
4.353311e-08,-0.0178534
4.358311e-08,-0.0189519
4.363311e-08,-0.0194462
4.368311e-08,-0.0253781
4.373311e-08,-0.026559
4.378311e-08,-0.0248014
4.383311e-08,-0.0289208
4.388311e-08,-0.0315297
4.393311e-08,-0.0277673
4.398311e-08,-0.0179907
4.403311e-08,-0.00549535
4.408311e-08,0.00329261
4.413311e-08,0.0103779
4.418311e-08,0.0178477
4.423311e-08,0.0183969
4.428311e-08,0.00774152
4.433311e-08,-0.00403984
4.438311e-08,-0.00961471
4.443311e-08,-0.0170845
4.448311e-08,-0.0199131
4.453311e-08,-0.0083789
4.458311e-08,0.000216825
4.463311e-08,0.0042538
4.468311e-08,0.0133988
4.473311e-08,0.0139755
4.478311e-08,0.00532483
4.483311e-08,-0.000936595
4.488311e-08,-0.00258434
4.493311e-08,0.000601299
4.498311e-08,-0.00258434
4.503311e-08,-0.0153818
4.508311e-08,-0.0190343
4.513311e-08,-0.0154367
4.518311e-08,-0.0241423
4.523311e-08,-0.0323261
4.528311e-08,-0.0174415
4.533311e-08,0.00178218
4.538311e-08,0.00419887
4.543311e-08,0.00441857
4.548311e-08,0.0103504
4.553311e-08,0.0153761
4.558311e-08,0.017271
4.563311e-08,0.00927941
4.568311e-08,-0.00181539
4.573311e-08,-0.00667623
4.578311e-08,-0.00892815
4.583311e-08,-0.00209002
4.588311e-08,0.00672541
4.593311e-08,0.00241382
4.598311e-08,-0.00019511
4.603311e-08,0.00532483
4.608311e-08,0.00650571
4.613311e-08,0.0100484
4.618311e-08,0.0182322
4.623311e-08,0.0152937
4.628311e-08,0.00466573
4.633311e-08,-0.000167648
4.638311e-08,-0.00154077
4.643311e-08,-0.00587982
4.648311e-08,-0.0107407
4.653311e-08,-0.0104386
4.658311e-08,-0.00931262
4.663311e-08,-0.0106308
4.668311e-08,-0.00736279
4.673311e-08,0.00145263
4.678311e-08,0.0061487
4.683311e-08,0.00342992
4.688311e-08,0.0074669
4.693311e-08,0.0199623
4.698311e-08,0.0241366
4.703311e-08,0.0240267
4.708311e-08,0.0235599
4.713311e-08,0.0124376
4.718311e-08,-0.00445178
4.723311e-08,-0.0162331
4.728311e-08,-0.0152445
4.733311e-08,-0.00598967
4.738311e-08,-3.03361e-05
4.743311e-08,0.00219412
4.748311e-08,0.00288068
4.753311e-08,0.00864778
4.758311e-08,0.0162549
4.763311e-08,0.0174907
4.768311e-08,0.019825
4.773311e-08,0.0193581
4.778311e-08,0.0103779
4.783311e-08,0.000738611
4.788311e-08,-0.00574251
4.793311e-08,-0.00810428
4.798311e-08,-0.00807682
4.803311e-08,-0.00478133
4.808311e-08,0.00345739
4.813311e-08,0.0110095
4.818311e-08,0.0115588
4.823311e-08,0.00444603
4.828311e-08,-0.000689433
4.833311e-08,-0.00423208
4.838311e-08,-0.0168373
4.843311e-08,-0.0246641
4.848311e-08,-0.0195012
4.853311e-08,-0.0162606
4.858311e-08,-0.0167824
4.863311e-08,-0.0184851
4.868311e-08,-0.0190343
4.873311e-08,-0.0134594
4.878311e-08,-0.0109604
4.883311e-08,-0.0192265
4.888311e-08,-0.0256253
4.893311e-08,-0.0216158
4.898311e-08,-0.015272
4.903311e-08,-0.00678608
4.908311e-08,0.00628601
4.913311e-08,0.0166393
4.918311e-08,0.0209235
4.923311e-08,0.0200721
4.928311e-08,0.014305
4.933311e-08,0.00647825
4.938311e-08,-0.00107391
4.943311e-08,-0.0114272
4.948311e-08,-0.0164528
4.953311e-08,-0.00612699
4.958311e-08,0.00787883
4.963311e-08,0.010323
4.968311e-08,0.00120547
4.973311e-08,-0.00294135
4.978311e-08,0.00408902
4.983311e-08,0.00691765
4.988311e-08,-0.00112883
4.993311e-08,-0.0120589
4.998311e-08,-0.0144756
5.003311e-08,-0.0108231
5.008311e-08,-0.0102463
5.013311e-08,-0.00373776
5.018311e-08,0.0074669
5.023311e-08,0.0110919
5.028311e-08,0.0147994
5.033311e-08,0.0204291
5.038311e-08,0.018699
5.043311e-08,0.0120806
5.048311e-08,0.00532483
5.053311e-08,0.00301799
5.058311e-08,0.00499528
5.063311e-08,0.00458335
5.068311e-08,0.00966389
5.073311e-08,0.0218297
5.078311e-08,0.0273497
5.083311e-08,0.0261962
5.088311e-08,0.0260589
5.093311e-08,0.0272398
5.098311e-08,0.0250703
5.103311e-08,0.0229008
5.108311e-08,0.0255921
5.113311e-08,0.0225987
5.118311e-08,0.0116686
5.123311e-08,0.00422633
5.128311e-08,-0.00211748
5.133311e-08,-0.00513834
5.138311e-08,0.00342992
5.143311e-08,0.0118883
5.148311e-08,0.0120531
5.153311e-08,0.0102681
5.158311e-08,0.00796122
5.163311e-08,0.00145263
5.168311e-08,-0.00445178
5.173311e-08,-0.00258434
5.178311e-08,0.00282575
5.183311e-08,0.00776898
5.188311e-08,0.0118334
5.193311e-08,0.0146895
5.198311e-08,0.0211981
5.203311e-08,0.0264709
5.208311e-08,0.0224888
5.213311e-08,0.0189187
5.218311e-08,0.0222417
5.223311e-08,0.0250428
5.228311e-08,0.0208136
5.233311e-08,0.00925195
5.238311e-08,-0.00126614
5.243311e-08,-0.00269419
5.248311e-08,-0.00176047
5.253311e-08,-0.00609952
5.258311e-08,-0.0143382
5.263311e-08,-0.0267787
5.268311e-08,-0.0352371
5.273311e-08,-0.0290855
5.278311e-08,-0.0189794
5.283311e-08,-0.0187597
5.288311e-08,-0.0266414
5.293311e-08,-0.030953
5.298311e-08,-0.0232635
5.303311e-08,-0.0158761
5.308311e-08,-0.0164803
5.313311e-08,-0.0148326
5.318311e-08,-0.0186224
5.323311e-08,-0.0271083
5.328311e-08,-0.0255978
5.333311e-08,-0.0268336
5.338311e-08,-0.0312551
5.343311e-08,-0.0245542
5.348311e-08,-0.0172218
5.353311e-08,-0.0113174
5.358311e-08,-0.00137599
5.363311e-08,0.00241382
5.368311e-08,0.00301799
5.373311e-08,0.00886748
5.378311e-08,0.0105152
5.383311e-08,0.0091421
5.388311e-08,0.0118883
5.393311e-08,0.0102681
5.398311e-08,-0.000964057
5.403311e-08,-0.013075
5.408311e-08,-0.0144206
5.413311e-08,-0.0110977
5.418311e-08,-0.00958725
5.423311e-08,-0.00483625
5.428311e-08,-0.00475387
5.433311e-08,-0.0135144
5.438311e-08,-0.017057
5.443311e-08,-0.00953232
5.448311e-08,-0.00357298
5.453311e-08,-0.00272165
5.458311e-08,0.0024962
5.463311e-08,0.00908718
5.468311e-08,0.0130692
5.473311e-08,0.0138107
5.478311e-08,0.00419887
5.483311e-08,-0.00587982
5.488311e-08,-0.00233718
5.493311e-08,0.00128786
5.498311e-08,-0.00689593
5.503311e-08,-0.0124983
5.508311e-08,-0.00563266
5.513311e-08,0.0014801
5.518311e-08,0.000573836
5.523311e-08,-0.00203509
5.528311e-08,-0.00156823
5.533311e-08,-0.00181539
5.538311e-08,-0.00500103
5.543311e-08,-0.0085986
5.548311e-08,-0.0113174
5.553311e-08,-0.00873591
5.558311e-08,-0.00623684
5.563311e-08,-0.0165352
5.568311e-08,-0.025076
5.573311e-08,-0.0191991
5.578311e-08,-0.0160684
5.583311e-08,-0.0156564
5.588311e-08,-0.00434193
5.593311e-08,0.00304545
5.598311e-08,-0.0021724
5.603311e-08,0.00084846
5.608311e-08,0.0107349
5.613311e-08,0.00559945
5.618311e-08,-0.00401238
5.623311e-08,-0.00467148
5.628311e-08,-0.00176047
5.633311e-08,0.00700004
5.638311e-08,0.0111194
5.643311e-08,0.00650571
5.648311e-08,0.00546214
5.653311e-08,0.000161901
5.658311e-08,-0.00587982
5.663311e-08,-0.0047264
5.668311e-08,-0.00574251
5.673311e-08,-0.000359885
5.678311e-08,0.0131516
5.683311e-08,0.0149092
5.688311e-08,0.0101857
5.693311e-08,0.011751
5.698311e-08,0.00573677
5.703311e-08,-0.00944993
5.708311e-08,-0.0173591
5.713311e-08,-0.0149699
5.718311e-08,-0.0135693
5.723311e-08,-0.0158487
5.728311e-08,-0.0096971
5.733311e-08,0.000189363
5.738311e-08,0.00183711
5.743311e-08,0.00178218
5.748311e-08,0.00765913
5.753311e-08,0.0126573
5.758311e-08,0.00840062
5.763311e-08,0.00430872
5.768311e-08,0.00889494
5.773311e-08,0.00900479
5.778311e-08,0.00565438
5.783311e-08,0.00985612
5.788311e-08,0.0129319
5.793311e-08,0.0175456
5.798311e-08,0.0254273
5.803311e-08,0.0216375
5.808311e-08,0.00779644
5.813311e-08,-0.00475387
5.818311e-08,-0.0094774
5.823311e-08,-0.00629176
5.828311e-08,-0.000716896
5.833311e-08,0.00949911
5.838311e-08,0.0207038
5.843311e-08,0.0219396
5.848311e-08,0.0206214
5.853311e-08,0.0189462
5.858311e-08,0.00675287
5.863311e-08,-0.00747264
5.868311e-08,-0.0100541
5.873311e-08,-0.00788458
5.878311e-08,-0.0114272
5.883311e-08,-0.0119765
5.888311e-08,-0.00134853
5.893311e-08,0.0105976
5.898311e-08,0.0108997
5.903311e-08,0.00277083
5.908311e-08,-0.00318851
5.913311e-08,-0.0103287
5.918311e-08,-0.0197758
5.923311e-08,-0.0244169
5.928311e-08,-0.0214785
5.933311e-08,-0.011235
5.938311e-08,0.00123293
5.943311e-08,0.0104603
5.948311e-08,0.01252
5.953311e-08,0.00911464
5.958311e-08,0.00785137
5.963311e-08,0.0110095
5.968311e-08,0.0144149
5.973311e-08,0.0104328
5.978311e-08,0.00252367
5.983311e-08,0.000463987
5.988311e-08,0.00134278
5.993311e-08,0.00257859
5.998311e-08,0.00606631
6.003311e-08,0.00444603
6.008311e-08,-0.00527565
6.013311e-08,-0.0118392
6.018311e-08,-0.00884576
6.023311e-08,0.000491449
6.028311e-08,0.00738451
6.033311e-08,0.00524244
6.038311e-08,0.000299213
6.043311e-08,0.00208427
6.048311e-08,0.00809853
6.053311e-08,0.00809853
6.058311e-08,0.00463827
6.063311e-08,0.000601299
6.068311e-08,-0.00233718
6.073311e-08,0.00332008
6.078311e-08,0.0082633
6.083311e-08,0.00257859
6.088311e-08,-0.00423208
6.093311e-08,-0.00181539
6.098311e-08,0.00496782
6.103311e-08,0.00650571
6.108311e-08,0.00551707
6.113311e-08,0.0054896
6.118311e-08,0.0031553
6.123311e-08,0.00183711
6.128311e-08,0.00537975
6.133311e-08,0.00969135
6.138311e-08,0.0109821
6.143311e-08,0.0100484
6.148311e-08,0.0132889
6.153311e-08,0.0155134
6.158311e-08,0.00510513
6.163311e-08,-0.00318851
6.168311e-08,0.00310038
6.173311e-08,0.00785137
6.178311e-08,0.00310038
6.183311e-08,-0.00382015
6.188311e-08,-0.00966963
6.193311e-08,-0.00697832
6.198311e-08,0.00266098
6.203311e-08,0.00370455
6.208311e-08,-0.000442272
6.213311e-08,-0.00162315
6.218311e-08,-0.00409477
6.223311e-08,-0.00541296
6.228311e-08,-0.00198017
6.233311e-08,0.00342992
6.238311e-08,0.0063684
6.243311e-08,0.00123293
6.248311e-08,-0.00425954
6.253311e-08,0.00120547
6.258311e-08,0.00483051
6.263311e-08,-0.00206255
6.268311e-08,-0.00541296
6.273311e-08,-0.00277657
6.278311e-08,-0.00398492
6.283311e-08,-0.00659385
6.288311e-08,-0.00566013
6.293311e-08,-0.0049461
6.298311e-08,-0.0085986
6.303311e-08,-0.0140911
6.308311e-08,-0.0145854
6.313311e-08,-0.0110428
6.318311e-08,-0.0115096
6.323311e-08,-0.0149699
6.328311e-08,-0.0104386
6.333311e-08,0.00329261
6.338311e-08,0.0157056
6.343311e-08,0.0233676
6.348311e-08,0.0273497
6.353311e-08,0.0313592
6.358311e-08,0.0380325
6.363311e-08,0.0398725
6.368311e-08,0.0356982
6.373311e-08,0.0247407
6.378311e-08,0.0063684
6.383311e-08,-0.00618191
6.388311e-08,-0.00703324
6.393311e-08,-0.00291389
6.398311e-08,5.20511e-05
6.403311e-08,-0.00346313
6.408311e-08,-0.00601714
6.413311e-08,-0.00486372
6.418311e-08,-0.0115371
6.423311e-08,-0.0113174
6.428311e-08,-0.000167648
6.433311e-08,-5.77984e-05
6.438311e-08,-0.00533058
6.443311e-08,-0.0053855
6.448311e-08,-0.00099152
6.453311e-08,0.00551707
6.458311e-08,0.00329261
6.463311e-08,-0.00549535
6.468311e-08,-0.00502849
6.473311e-08,-0.00214494
6.478311e-08,-0.00928516
6.483311e-08,-0.0099168
6.488311e-08,-0.00228225
6.493311e-08,-0.00728041
6.498311e-08,-0.0106583
6.503311e-08,0.00156248
6.508311e-08,0.00894986
6.513311e-08,0.00820838
6.518311e-08,0.00397917
6.523311e-08,-0.00274911
6.528311e-08,-0.00132107
6.533311e-08,0.000354137
6.538311e-08,-0.00390253
6.543311e-08,-0.00598967
6.548311e-08,-0.0100816
6.553311e-08,-0.0182104
6.558311e-08,-0.0247465
6.563311e-08,-0.0259823
6.568311e-08,-0.0241972
6.573311e-08,-0.0224671
6.578311e-08,-0.0163705
6.583311e-08,-0.0100816
6.588311e-08,-0.00662131
6.593311e-08,-0.00458909
6.598311e-08,-0.00923024
6.603311e-08,-0.00857114
6.608311e-08,0.00178218
6.613311e-08,0.00537975
6.618311e-08,0.00700004
6.623311e-08,0.00818092
6.628311e-08,-0.000716896
6.633311e-08,-0.00189778
6.638311e-08,0.00565438
6.643311e-08,-0.000387347
6.648311e-08,-0.00755503
6.653311e-08,-0.00203509
6.658311e-08,0.00301799
6.663311e-08,0.00650571
6.668311e-08,0.0108722
6.673311e-08,0.00683526
6.678311e-08,-0.000771821
6.683311e-08,-0.00373776
6.688311e-08,-0.00475387
6.693311e-08,0.00321023
6.698311e-08,0.0115588
6.703311e-08,0.00128786
6.708311e-08,-0.0069234
6.713311e-08,-0.00291389
6.718311e-08,-0.00524819
6.723311e-08,-0.00997172
6.728311e-08,-0.00609952
6.733311e-08,0.00488543
6.738311e-08,0.0148268
6.743311e-08,0.021967
6.748311e-08,0.0308099
6.753311e-08,0.0341329
6.758311e-08,0.0269927
6.763311e-08,0.0142501
6.768311e-08,0.00257859
6.773311e-08,-0.000936595
6.778311e-08,0.00260605
6.783311e-08,0.00318276
6.788311e-08,0.00142517
6.793311e-08,0.00142517
6.798311e-08,-0.00519326
6.803311e-08,-0.0124983
6.808311e-08,-0.0155466
6.813311e-08,-0.0264217
6.818311e-08,-0.0371046
6.823311e-08,-0.0340562
6.828311e-08,-0.0249662
6.833311e-08,-0.015986
6.838311e-08,-0.00821413
6.843311e-08,-0.00549535
6.848311e-08,-0.00198017
6.853311e-08,0.00213919
6.858311e-08,-0.000689433
6.863311e-08,-0.00601714
6.868311e-08,-0.00651146
6.873311e-08,0.000738611
6.878311e-08,0.0102406
6.883311e-08,0.0130143
6.888311e-08,0.00727466
6.893311e-08,-0.00851621
6.898311e-08,-0.027685
6.903311e-08,-0.0309804
6.908311e-08,-0.0204349
6.913311e-08,-0.0171669
6.918311e-08,-0.0253781
6.923311e-08,-0.0287835
6.928311e-08,-0.0190892
6.933311e-08,-0.00958725
6.938311e-08,-0.00546789
6.943311e-08,-0.000359885
6.948311e-08,0.0052699
6.953311e-08,0.00672541
6.958311e-08,0.00268844
6.963311e-08,-0.001733
6.968311e-08,-0.00176047
6.973311e-08,0.00334754
6.978311e-08,0.00669795
6.983311e-08,0.00537975
6.988311e-08,0.00480304
6.993311e-08,0.000656224
6.998311e-08,-0.0102738
7.003311e-08,-0.0138165
7.008311e-08,-0.00324344
7.013311e-08,0.000985772
7.018311e-08,-0.00914785
7.023311e-08,-0.0142833
7.028311e-08,-0.00851621
7.033311e-08,-0.00461655
7.038311e-08,-0.00544043
7.043311e-08,-0.00689593
7.048311e-08,-0.0119765
7.053311e-08,-0.01302
7.058311e-08,-0.00450671
7.063311e-08,-0.00145838
7.068311e-08,-0.00453417
7.073311e-08,-0.00088167
7.078311e-08,0.00364962
7.083311e-08,0.0057093
7.088311e-08,0.0155683
7.093311e-08,0.0229831
7.098311e-08,0.0137009
7.103311e-08,0.000189363
7.108311e-08,-0.00203509
7.113311e-08,0.00084846
7.118311e-08,-0.0026118
7.123311e-08,-0.00791204
7.128311e-08,-0.0100816
7.133311e-08,-0.0112899
7.138311e-08,-0.011592
7.143311e-08,-0.0116195
7.148311e-08,-0.0100816
7.153311e-08,-0.00799443
7.158311e-08,-0.0106583
7.163311e-08,-0.0167824
7.168311e-08,-0.0240325
7.173311e-08,-0.0288109
7.178311e-08,-0.0230164
7.183311e-08,-0.0113448
7.188311e-08,-0.00522073
7.193311e-08,-0.00587982
7.198311e-08,-0.00233718
7.203311e-08,0.00735705
7.208311e-08,0.0102131
7.213311e-08,0.00908718
7.218311e-08,0.00612124
7.223311e-08,0.00123293
7.228311e-08,0.00158994
7.233311e-08,0.000518912
7.238311e-08,0.00189203
7.243311e-08,0.00689019
7.248311e-08,0.0014801
7.253311e-08,-0.00931262
7.258311e-08,-0.0165078
7.263311e-08,-0.0199955
7.268311e-08,-0.0173316
7.273311e-08,-0.0110977
7.278311e-08,-0.00986187
7.283311e-08,-0.0143382
7.288311e-08,-0.0146953
7.293311e-08,-0.00895561
7.298311e-08,-0.011235
7.303311e-08,-0.0177436
7.308311e-08,-0.0104386
7.313311e-08,0.0024962
7.318311e-08,0.00908718
7.323311e-08,0.00829077
7.328311e-08,0.00123293
7.333311e-08,-0.00354552
7.338311e-08,-0.00469894
7.343311e-08,-0.00890069
7.348311e-08,-0.0141185
7.353311e-08,-0.0140911
7.358311e-08,-0.0121962
7.363311e-08,-0.011949
7.368311e-08,-0.00997172
7.373311e-08,-0.00870845
7.378311e-08,-0.0121687
7.383311e-08,-0.0166176
7.388311e-08,-0.0168922
7.393311e-08,-0.0146129
7.398311e-08,-0.0180182
7.403311e-08,-0.0266689
7.408311e-08,-0.0304587
7.413311e-08,-0.0259274
7.418311e-08,-0.0184301
7.423311e-08,-0.0122236
7.428311e-08,-0.00868099
7.433311e-08,-0.0112075
7.438311e-08,-0.0129102
7.443311e-08,-0.00568759
7.448311e-08,0.00145263
7.453311e-08,0.00186457
7.458311e-08,0.00370455
7.463311e-08,0.0129319
7.468311e-08,0.0200996
7.473311e-08,0.0205115
7.478311e-08,0.0192757
7.483311e-08,0.0155958
7.488311e-08,0.0105701
7.493311e-08,0.00334754
7.498311e-08,-0.00920277
7.503311e-08,-0.0195012
7.508311e-08,-0.0226319
7.513311e-08,-0.0230438
7.518311e-08,-0.0196385
7.523311e-08,-0.011235
7.528311e-08,-0.00316105
7.533311e-08,-0.000387347
7.538311e-08,-0.00741772
7.543311e-08,-0.0249113
7.548311e-08,-0.0386699
7.553311e-08,-0.0351547
7.558311e-08,-0.0311178
7.563311e-08,-0.0369398
7.568311e-08,-0.0325183
7.573311e-08,-0.0180731
7.578311e-08,-0.0120863
7.583311e-08,-0.0139538
7.588311e-08,-0.0128003
7.593311e-08,-0.00826905
7.598311e-08,-0.0101914
7.603311e-08,-0.014915
7.608311e-08,-0.0107407
7.613311e-08,-0.00593475
7.618311e-08,-0.00601714
7.623311e-08,-0.00274911
7.628311e-08,0.00417141
7.633311e-08,0.0109546
7.638311e-08,0.0121904
7.643311e-08,0.00763167
7.648311e-08,0.00955404
7.653311e-08,0.0125474
7.658311e-08,0.00617616
7.663311e-08,0.00507767
7.668311e-08,0.00859285
7.673311e-08,0.00856539
7.678311e-08,0.0130692
7.683311e-08,0.0155408
7.688311e-08,0.00565438
7.693311e-08,-0.00700578
7.698311e-08,-0.00585236
7.703311e-08,-0.00099152
7.708311e-08,-0.00653892
7.713311e-08,-0.00524819
7.718311e-08,0.000354137
7.723311e-08,-0.00461655
7.728311e-08,-0.00752757
7.733311e-08,-0.00403984
7.738311e-08,0.0027159
7.743311e-08,0.00815346
7.748311e-08,0.00441857
7.753311e-08,0.00156248
7.758311e-08,0.0063684
7.763311e-08,0.00650571
7.768311e-08,-0.00568759
7.773311e-08,-0.0164254
7.778311e-08,-0.0185674
7.783311e-08,-0.0239501
7.788311e-08,-0.027685
7.793311e-08,-0.0221376
7.798311e-08,-0.0158212
7.803311e-08,-0.00944993
7.808311e-08,-0.00393
7.813311e-08,-0.00458909
7.818311e-08,-0.0030512
7.823311e-08,0.00180964
7.828311e-08,-0.000112723
7.833311e-08,-0.0015133
7.838311e-08,0.00142517
7.843311e-08,-0.00110137
7.848311e-08,-0.00365537
7.853311e-08,0.00441857
7.858311e-08,0.0146895
7.863311e-08,0.0151014
7.868311e-08,0.00749436
7.873311e-08,-0.00274911
7.878311e-08,-0.0106034
7.883311e-08,-0.012306
7.888311e-08,-0.00574251
7.893311e-08,0.00708242
7.898311e-08,0.0104054
7.903311e-08,0.000738611
7.908311e-08,-0.0051658
7.913311e-08,-0.00714309
7.918311e-08,-0.0130475
7.923311e-08,-0.0213411
7.928311e-08,-0.0293052
7.933311e-08,-0.0305685
7.938311e-08,-0.0226319
7.943311e-08,-0.0110153
7.948311e-08,0.000930848
7.953311e-08,0.00625855
7.958311e-08,0.00689019
7.963311e-08,0.013234
7.968311e-08,0.0117236
7.973311e-08,0.000656224
7.978311e-08,-0.00508342
7.983311e-08,-0.0155466
7.988311e-08,-0.0271083
7.993311e-08,-0.0235107
7.998311e-08,-0.01302
8.003311e-08,-0.00601714
8.008311e-08,-0.00442432
8.013311e-08,-0.00486372
8.018311e-08,7.95135e-05
8.023311e-08,0.0042538
8.028311e-08,0.00169979
8.033311e-08,0.000875923
8.038311e-08,-0.000661971
8.043311e-08,-0.0077198
8.048311e-08,-0.00865353
8.053311e-08,-0.00266673
8.058311e-08,0.000738611
8.063311e-08,0.00477558
8.068311e-08,0.0089224
8.073311e-08,0.00252367
8.078311e-08,-0.0107681
8.083311e-08,-0.0153818
8.088311e-08,-0.0148326
8.093311e-08,-0.0180182
8.098311e-08,-0.0151072
8.103311e-08,-0.0092577
8.108311e-08,-0.0096971
8.113311e-08,-0.00659385
8.118311e-08,-0.00178793
8.123311e-08,-0.00491864
8.128311e-08,-0.0109329
8.133311e-08,-0.0105759
8.138311e-08,-3.03361e-05
8.143311e-08,0.00483051
8.148311e-08,-0.0037103
8.153311e-08,-0.00274911
8.158311e-08,0.00186457
8.163311e-08,-0.0058249
8.168311e-08,-0.0102738
8.173311e-08,-0.0126905
8.178311e-08,-0.01486
8.183311e-08,-0.00571505
8.188311e-08,0.000546374
8.193311e-08,0.000903385
8.198311e-08,0.00342992
8.203311e-08,-0.00134853
8.208311e-08,-0.00362791
8.213311e-08,0.00400663
8.218311e-08,0.00518752
8.223311e-08,0.000793536
8.228311e-08,-0.00233718
8.233311e-08,-0.00857114
8.238311e-08,-0.0133771
8.243311e-08,-0.0131848
8.248311e-08,-0.0144481
8.253311e-08,-0.0156015
8.258311e-08,-0.0184301
8.263311e-08,-0.0233734
8.268311e-08,-0.0169746
8.273311e-08,-0.00154077
8.278311e-08,0.00798868
8.283311e-08,0.00562692
8.288311e-08,2.45887e-05
8.293311e-08,0.00463827
8.298311e-08,0.00875763
8.303311e-08,0.00727466
8.308311e-08,0.0102955
8.313311e-08,0.00916956
8.318311e-08,0.00809853
8.323311e-08,0.0134262
8.328311e-08,0.0107075
8.333311e-08,0.00150756
8.338311e-08,-0.00379268
8.343311e-08,-0.00631922
8.348311e-08,-0.01302
8.353311e-08,-0.0201877
8.358311e-08,-0.021451
8.363311e-08,-0.0219728
8.368311e-08,-0.017469
8.373311e-08,-0.0135968
8.378311e-08,-0.021094
8.383311e-08,-0.0212038
8.388311e-08,-0.00736279
8.393311e-08,0.00329261
8.398311e-08,-0.00099152
8.403311e-08,-0.0155466
8.408311e-08,-0.017414
8.413311e-08,-0.00760996
8.418311e-08,-0.00917531
8.423311e-08,-0.0120589
8.428311e-08,-0.00766488
8.433311e-08,-0.0103837
8.438311e-08,-0.0144481
8.443311e-08,-0.0154367
8.448311e-08,-0.0215608
8.453311e-08,-0.0245817
8.458311e-08,-0.0173316
8.463311e-08,-0.00999918
8.468311e-08,-0.00851621
8.473311e-08,-0.00706071
8.478311e-08,-0.00467148
8.483311e-08,-0.00291389
8.488311e-08,0.00326515
8.493311e-08,0.00919703
8.498311e-08,0.00694511
8.503311e-08,0.00299053
8.508311e-08,-0.00156823
8.513311e-08,-0.0110702
8.518311e-08,-0.0188146
8.523311e-08,-0.0175788
8.528311e-08,-0.0107681
8.533311e-08,-0.00681355
8.538311e-08,-0.00351806
8.543311e-08,0.000738611
8.548311e-08,-0.00338075
8.553311e-08,-0.0112625
8.558311e-08,-0.0173591
8.563311e-08,-0.0252408
8.568311e-08,-0.0275476
8.573311e-08,-0.0204898
8.578311e-08,-0.0154917
8.583311e-08,-0.017057
8.588311e-08,-0.0137341
8.593311e-08,-0.00895561
8.598311e-08,-0.0088183
8.603311e-08,-0.00436939
8.608311e-08,-0.00456163
8.613311e-08,-0.00747264
8.618311e-08,-0.000112723
8.623311e-08,-0.001733
8.628311e-08,-0.00873591
8.633311e-08,-5.77984e-05
8.638311e-08,0.00738451
8.643311e-08,0.00211173
8.648311e-08,-0.00417716
8.653311e-08,-0.001733
8.658311e-08,0.0072472
8.663311e-08,0.00721973
8.668311e-08,0.00164487
8.673311e-08,0.00513259
8.678311e-08,0.00386932
8.683311e-08,-0.00994426
8.688311e-08,-0.0140362
8.693311e-08,-0.00574251
8.698311e-08,-0.00752757
8.703311e-08,-0.0179084
8.708311e-08,-0.015217
8.713311e-08,0.00370455
8.718311e-08,0.0180125
8.723311e-08,0.017985
8.728311e-08,0.0180948
8.733311e-08,0.0210608
8.738311e-08,0.0183145
8.743311e-08,0.0111469
8.748311e-08,0.00507767
8.753311e-08,0.00477558
8.758311e-08,0.00419887
8.763311e-08,0.00362216
8.768311e-08,0.011037
8.773311e-08,0.0138656
8.778311e-08,0.00779644
8.783311e-08,0.00721973
8.788311e-08,0.0109272
8.793311e-08,0.0104054
8.798311e-08,0.00884002
8.803311e-08,0.00774152
8.808311e-08,0.0068078
8.813311e-08,0.00911464
8.818311e-08,0.0070275
8.823311e-08,0.0014801
8.828311e-08,0.00603885
8.833311e-08,0.0130967
8.838311e-08,0.01436
8.843311e-08,0.0106251
8.848311e-08,-0.000799283
8.853311e-08,-0.00684101
8.858311e-08,-0.00678608
8.863311e-08,-0.0111801
8.868311e-08,-0.0127729
8.873311e-08,-0.014146
8.878311e-08,-0.0137066
8.883311e-08,-0.00587982
8.888311e-08,-0.00178793
8.893311e-08,-0.000716896
8.898311e-08,-0.000936595
8.903311e-08,-0.00653892
8.908311e-08,-0.00868099
8.913311e-08,-0.00535804
8.918311e-08,0.00191949
8.923311e-08,0.0136734
8.928311e-08,0.0164746
8.933311e-08,0.0136185
8.938311e-08,0.0206214
8.943311e-08,0.0225163
8.948311e-08,0.0133164
8.953311e-08,0.0155958
8.958311e-08,0.02529
8.963311e-08,0.0198799
8.968311e-08,0.0038144
8.973311e-08,-0.00329836
8.978311e-08,0.00084846
8.983311e-08,0.00491289
8.988311e-08,0.0052699
8.993311e-08,0.00353977
8.998311e-08,-0.00318851
9.003311e-08,-0.00923024
9.008311e-08,0.000463987
9.013311e-08,0.0130143
9.018311e-08,0.0105152
9.023311e-08,0.00884002
9.028311e-08,0.0087027
9.033311e-08,0.00205681
9.038311e-08,0.00310038
9.043311e-08,0.00894986
9.048311e-08,0.0102406
9.053311e-08,0.011806
9.058311e-08,0.0124376
9.063311e-08,0.0102406
9.068311e-08,0.00587408
9.073311e-08,0.000354137
9.078311e-08,0.00183711
9.083311e-08,0.00505021
9.088311e-08,-0.00563266
9.093311e-08,-0.0147776
9.098311e-08,-0.0120314
9.103311e-08,-0.0149699
9.108311e-08,-0.0213411
9.113311e-08,-0.0199131
9.118311e-08,-0.0152994
9.123311e-08,-0.0149973
9.128311e-08,-0.0131574
9.133311e-08,-0.00461655
9.138311e-08,0.00131532
9.143311e-08,-0.0028315
9.148311e-08,-0.00780219
9.153311e-08,0.00282575
9.158311e-08,0.0149641
9.163311e-08,0.00840062
9.168311e-08,0.00156248
9.173311e-08,0.00785137
9.178311e-08,0.0124376
9.183311e-08,0.00664302
9.188311e-08,-0.00115629
9.193311e-08,-0.0019527
9.198311e-08,-0.00230971
9.203311e-08,-0.00450671
9.208311e-08,0.0022765
9.213311e-08,0.00966389
9.218311e-08,0.00840062
9.223311e-08,0.00623109
9.228311e-08,0.00557199
9.233311e-08,0.00477558
9.238311e-08,-0.00137599
9.243311e-08,-0.0079395
9.248311e-08,-0.00739026
9.253311e-08,-0.0105759
9.258311e-08,-0.015574
9.263311e-08,-0.0149973
9.268311e-08,-0.0176887
9.273311e-08,-0.0259274
9.278311e-08,-0.0332049
9.283311e-08,-0.0324909
9.288311e-08,-0.0232086
9.293311e-08,-0.0195012
9.298311e-08,-0.0226593
9.303311e-08,-0.0202701
9.308311e-08,-0.0144481
9.313311e-08,-0.00357298
9.318311e-08,0.00960896
9.323311e-08,0.00840062
9.328311e-08,-0.00230971
9.333311e-08,-0.00607206
9.338311e-08,-0.00148584
9.343311e-08,-0.00162315
9.348311e-08,-0.00953232
9.353311e-08,-0.00999918
9.358311e-08,-0.00846129
9.363311e-08,-0.0176612
9.368311e-08,-0.0241698
9.373311e-08,-0.0167824
9.378311e-08,-0.00752757
9.383311e-08,-0.00865353
9.388311e-08,-0.0154093
9.393311e-08,-0.0172767
9.398311e-08,-0.0156839
9.403311e-08,-0.0160409
9.408311e-08,-0.0103837
9.413311e-08,0.000711148
9.418311e-08,0.00537975
9.423311e-08,0.00598393
9.428311e-08,0.0105976
9.433311e-08,0.0152937
9.438311e-08,0.0145522
9.443311e-08,0.0153761
9.448311e-08,0.0146895
9.453311e-08,0.00713735
9.458311e-08,0.00285321
9.463311e-08,-0.00167808
9.468311e-08,-0.0131848
9.473311e-08,-0.0226593
9.478311e-08,-0.0274378
9.483311e-08,-0.0278772
9.488311e-08,-0.0195561
9.493311e-08,-0.00953232
9.498311e-08,-0.00697832
9.503311e-08,-0.00763742
9.508311e-08,-0.0102463
9.513311e-08,-0.0120039
9.518311e-08,-0.00681355
9.523311e-08,-0.00316105
9.528311e-08,-0.00549535
9.533311e-08,-0.0077198
9.538311e-08,-0.00505595
9.543311e-08,0.00117801
9.548311e-08,0.00084846
9.553311e-08,-0.00376522
9.558311e-08,-0.00524819
9.563311e-08,-0.00782965
9.568311e-08,-0.0092577
9.573311e-08,-0.00502849
9.578311e-08,-0.00143092
9.583311e-08,-0.000414809
9.588311e-08,0.00191949
9.593311e-08,0.00101323
9.598311e-08,-0.00263926
9.603311e-08,-0.00338075
9.608311e-08,-0.00398492
9.613311e-08,0.000766073
9.618311e-08,0.0111743
9.623311e-08,0.0116412
9.628311e-08,0.00576423
9.633311e-08,0.00689019
9.638311e-08,0.00752182
9.643311e-08,-0.000524659
9.648311e-08,-0.00766488
9.653311e-08,-0.00876338
9.658311e-08,-0.0108231
9.663311e-08,-0.0138165
9.668311e-08,-0.0144756
9.673311e-08,-0.0135418
9.678311e-08,-0.015217
9.683311e-08,-0.017826
9.688311e-08,-0.0117842
9.693311e-08,-0.00464402
9.698311e-08,-0.00513834
9.703311e-08,-0.00758249
9.708311e-08,-0.0105759
9.713311e-08,-0.0101914
9.718311e-08,-0.00788458
9.723311e-08,-0.00873591
9.728311e-08,-0.00557774
9.733311e-08,-0.00288642
9.738311e-08,-0.00733533
9.743311e-08,-0.00865353
9.748311e-08,-0.00511088
9.753311e-08,0.00200188
9.758311e-08,0.0126847
9.763311e-08,0.0168041
9.768311e-08,0.0171611
9.773311e-08,0.0183145
9.778311e-08,0.0138382
9.783311e-08,0.00903225
9.788311e-08,0.0072472
9.793311e-08,-0.000222573
9.798311e-08,-0.0182654
9.803311e-08,-0.036061
9.808311e-08,-0.0358138
9.813311e-08,-0.0249936
9.818311e-08,-0.0247739
9.823311e-08,-0.0282067
9.828311e-08,-0.0215059
9.833311e-08,-0.011592
9.838311e-08,-0.00335328
9.843311e-08,-0.00664877
9.848311e-08,-0.0196385
9.853311e-08,-0.0128278
9.858311e-08,0.000161901
9.863311e-08,-0.00821413
9.868311e-08,-0.0128278
9.873311e-08,-0.00387507
9.878311e-08,-0.00162315
9.883311e-08,-0.00299627
9.888311e-08,-0.00123868
9.893311e-08,-0.00255688
9.898311e-08,-0.00329836
9.903311e-08,-0.00442432
9.908311e-08,-0.0158761
9.913311e-08,-0.0249387
9.918311e-08,-0.0210116
9.923311e-08,-0.0167824
9.928311e-08,-0.0128003
9.933311e-08,-0.00280404
9.938311e-08,0.0042538
9.943311e-08,0.00790629
9.948311e-08,0.012163
9.953311e-08,0.00743943
9.958311e-08,-0.00255688
9.963311e-08,-0.00357298
9.968311e-08,0.00513259
9.973311e-08,0.016914
9.978311e-08,0.0199348
9.983311e-08,0.0132615
9.988311e-08,0.0123277
9.993311e-08,0.0128495
9.998311e-08,0.00115055
1.000331e-07,-0.0111251
1.000831e-07,-0.0127454
1.001331e-07,-0.0143382
1.001831e-07,-0.0165627
1.002331e-07,-0.00931262
1.002831e-07,0.00200188
1.003331e-07,0.00933434
1.003831e-07,0.0108997
1.004331e-07,0.0089224
1.004831e-07,0.0130967
1.005331e-07,0.0211157
1.005831e-07,0.0219396
1.006331e-07,0.0208136
1.006831e-07,0.0224064
1.007331e-07,0.0178477
1.007831e-07,0.00911464
1.008331e-07,0.00749436
1.008831e-07,0.00565438
1.009331e-07,-0.00214494
1.009831e-07,-0.00681355
1.010331e-07,-0.00782965
1.010831e-07,-0.0047264
1.011331e-07,0.0029356
1.011831e-07,0.00903225
1.012331e-07,0.0113666
1.012831e-07,0.00982866
1.013331e-07,0.0107075
1.013831e-07,0.0158155
1.014331e-07,0.0135086
1.014831e-07,0.0112292
1.015331e-07,0.0182596
1.015831e-07,0.0165295
1.016331e-07,0.00516006
1.016831e-07,0.00230397
1.017331e-07,0.00796122
1.017831e-07,0.0118883
1.018331e-07,0.0119982
1.018831e-07,0.0152937
1.019331e-07,0.0185342
1.019831e-07,0.0152937
1.020331e-07,0.0128495
1.020831e-07,0.0133438
1.021331e-07,0.0112567
1.021831e-07,0.00535229
1.022331e-07,-0.00425954
1.022831e-07,-0.0117293
1.023331e-07,-0.0104935
1.023831e-07,-0.00535804
1.024331e-07,0.000711148
1.024831e-07,0.00628601
1.025331e-07,0.00815346
1.025831e-07,0.00862032
1.026331e-07,0.00345739
1.026831e-07,-0.0053855
1.027331e-07,-0.00557774
1.027831e-07,-0.00288642
1.028331e-07,-0.00607206
1.028831e-07,-0.00920277
1.029331e-07,-0.00986187
1.029831e-07,-0.0110702
1.030331e-07,-0.0132672
1.030831e-07,-0.0118117
1.031331e-07,-0.00269419
1.031831e-07,0.00384186
1.032331e-07,0.00433618
1.032831e-07,0.0102955
1.033331e-07,0.016502
1.033831e-07,0.0167217
1.034331e-07,0.0214178
1.034831e-07,0.024521
1.035331e-07,0.014662
1.035831e-07,0.0031553
1.036331e-07,-0.00818667
1.036831e-07,-0.0226044
1.037331e-07,-0.0248838
1.037831e-07,-0.0158212
1.038331e-07,-0.010521
1.038831e-07,-0.0109329
1.039331e-07,-0.0079395
1.039831e-07,0.00367709
1.040331e-07,0.00963642
1.040831e-07,0.00246874
1.041331e-07,-0.00618191
1.041831e-07,-0.00895561
1.042331e-07,-0.00651146
1.042831e-07,-0.0103837
1.043331e-07,-0.0215883
1.043831e-07,-0.025131
1.044331e-07,-0.0273005
1.044831e-07,-0.0321613
1.045331e-07,-0.0228516
1.045831e-07,-0.00980695
1.046331e-07,-0.0062643
1.046831e-07,0.00458335
1.047331e-07,0.0144698
1.047831e-07,0.00455588
1.048331e-07,-0.000936595
1.048831e-07,0.00796122
1.049331e-07,0.00452842
1.049831e-07,-0.00673116
1.050331e-07,-0.00324344
1.050831e-07,0.00477558
1.051331e-07,-0.00030496
1.051831e-07,-0.00640161
1.052331e-07,-0.00192524
1.052831e-07,-0.000387347
1.053331e-07,-0.00414969
1.053831e-07,-0.00642907
1.054331e-07,-0.0123609
1.054831e-07,-0.0185125
1.055331e-07,-0.0176337
1.055831e-07,-0.0131024
1.056331e-07,-0.0060446
1.056831e-07,0.00518752
1.057331e-07,0.0118334
1.057831e-07,0.00894986
1.058331e-07,0.00606631
1.058831e-07,0.0054896
1.059331e-07,0.00625855
1.059831e-07,0.0147994
1.060331e-07,0.0238619
1.060831e-07,0.0243563
1.061331e-07,0.0259216
1.061831e-07,0.0254273
1.062331e-07,0.0154585
1.062831e-07,0.0104054
1.063331e-07,0.0147994
1.063831e-07,0.0197151
1.064331e-07,0.0220494
1.064831e-07,0.0205115
1.065331e-07,0.0165569
1.065831e-07,0.014662
1.066331e-07,0.0107624
1.066831e-07,0.00216665
1.067331e-07,-0.00401238
1.067831e-07,-0.00296881
1.068331e-07,0.00340246
1.068831e-07,0.00521498
1.069331e-07,-0.00110137
1.069831e-07,-0.00620937
1.070331e-07,-0.0067037
1.070831e-07,-0.0021724
1.071331e-07,0.00244128
1.071831e-07,0.00128786
1.072331e-07,0.00406156
1.072831e-07,0.00840062
1.073331e-07,0.00993851
1.073831e-07,0.0141403
1.074331e-07,0.0120257
1.074831e-07,0.00483051
1.075331e-07,0.00543468
1.075831e-07,0.0115313
1.076331e-07,0.0122454
1.076831e-07,0.00631348
1.077331e-07,0.00321023
1.077831e-07,0.00301799
1.078331e-07,-0.00395746
1.078831e-07,-0.00892815
1.079331e-07,-0.00170554
1.079831e-07,0.00027175
1.080331e-07,-0.00667623
1.080831e-07,-0.0100266
1.081331e-07,-0.0123609
1.081831e-07,-0.0206821
1.082331e-07,-0.0318318
1.082831e-07,-0.0350723
1.083331e-07,-0.0284539
1.083831e-07,-0.0175513
1.084331e-07,-0.0106308
1.084831e-07,-0.0122786
1.085331e-07,-0.0138988
1.085831e-07,-0.0140362
1.086331e-07,-0.0199406
1.086831e-07,-0.0246092
1.087331e-07,-0.0210391
1.087831e-07,-0.0191991
1.088331e-07,-0.0216158
1.088831e-07,-0.0151072
1.089331e-07,-0.00574251
1.089831e-07,-0.00944993
1.090331e-07,-0.0160684
1.090831e-07,-0.0134869
1.091331e-07,-0.0112625
1.091831e-07,-0.0150797
1.092331e-07,-0.0119765
1.092831e-07,0.00027175
1.093331e-07,0.0116686
1.093831e-07,0.0231754
1.094331e-07,0.0274046
1.094831e-07,0.0180674
1.095331e-07,0.00862032
1.095831e-07,0.00142517
1.096331e-07,-0.00675862
1.096831e-07,-0.0136791
1.097331e-07,-0.0171119
1.097831e-07,-0.0135418
1.098331e-07,-0.00870845
1.098831e-07,-0.00546789
1.099331e-07,-0.00132107
1.099831e-07,0.00101323
1.100331e-07,-0.000744358
1.100831e-07,-0.00019511
1.101331e-07,0.00367709
1.101831e-07,0.00326515
1.102331e-07,0.00765913
1.102831e-07,0.0153211
1.103331e-07,0.0131791
1.103831e-07,0.00796122
1.104331e-07,0.00257859
1.104831e-07,0.00131532
1.105331e-07,0.00862032
1.105831e-07,0.0129044
1.106331e-07,0.0129044
1.106831e-07,0.0105427
1.107331e-07,0.00779644
1.107831e-07,0.0148268
1.108331e-07,0.0204841
1.108831e-07,0.0137009
1.109331e-07,0.00318276
1.109831e-07,-0.00747264
1.110331e-07,-0.0094774
1.110831e-07,-0.000744358
1.111331e-07,0.000161901
1.111831e-07,-0.00634669
1.112331e-07,-0.0058249
1.112831e-07,-0.00368283
1.113331e-07,-0.00590729
1.113831e-07,-0.00934009
1.114331e-07,-0.0123884
1.114831e-07,-0.00944993
1.115331e-07,-0.00324344
1.115831e-07,-0.00129361
1.116331e-07,0.00290814
1.116831e-07,0.0121355
1.117331e-07,0.0228458
1.117831e-07,0.0303431
1.118331e-07,0.0286953
1.118831e-07,0.024164
1.119331e-07,0.0208136
1.119831e-07,0.011806
1.120331e-07,0.00153502
1.120831e-07,-0.00176047
1.121331e-07,-0.000909132
1.121831e-07,0.00721973
1.122331e-07,0.0203468
1.122831e-07,0.0259491
1.123331e-07,0.0299311
1.123831e-07,0.031881
1.124331e-07,0.0168041
1.124831e-07,-0.00318851
1.125331e-07,-0.0118392
1.125831e-07,-0.0157114
1.126331e-07,-0.0144206
1.126831e-07,-0.00478133
1.127331e-07,0.00667049
1.127831e-07,0.0177104
1.128331e-07,0.0260864
1.128831e-07,0.0268279
1.129331e-07,0.0197975
1.129831e-07,0.0133988
1.130331e-07,0.00897733
1.130831e-07,-0.00112883
1.131331e-07,-0.00338075
1.131831e-07,0.00332008
1.132331e-07,0.00131532
1.132831e-07,-0.000387347
1.133331e-07,-0.00112883
1.133831e-07,-0.00511088
1.134331e-07,-0.00294135
1.134831e-07,0.00178218
1.135331e-07,0.0082633
1.135831e-07,0.0158704
1.136331e-07,0.0182596
1.136831e-07,0.0185892
1.137331e-07,0.0197151
1.137831e-07,0.0176554
1.138331e-07,0.0155683
1.138831e-07,0.0222966
1.139331e-07,0.0275968
1.139831e-07,0.0205939
1.140331e-07,0.0130967
1.140831e-07,0.0122179
1.141331e-07,0.0146895
1.141831e-07,0.0192483
1.142331e-07,0.0231479
1.142831e-07,0.0221593
1.143331e-07,0.0153211
1.143831e-07,0.00760421
1.144331e-07,0.0035947
1.144831e-07,-0.00123868
1.145331e-07,-0.00895561
1.145831e-07,-0.00854368
1.146331e-07,-0.00211748
1.146831e-07,-0.00159569
1.147331e-07,-0.00165062
1.147831e-07,-0.000414809
1.148331e-07,-0.00508342
1.148831e-07,-0.0118392
1.149331e-07,-0.0104386
1.149831e-07,-0.00101898
1.150331e-07,0.00161741
1.150831e-07,-0.00123868
1.151331e-07,0.00348485
1.151831e-07,0.00903225
1.152331e-07,0.011394
1.152831e-07,0.00820838
1.153331e-07,-0.00299627
1.153831e-07,-0.00555028
1.154331e-07,0.00400663
1.154831e-07,0.00922449
1.155331e-07,0.00894986
1.155831e-07,0.00916956
1.156331e-07,0.00417141
1.156831e-07,-0.00689593
1.157331e-07,-0.0103287
1.157831e-07,0.000106976
1.158331e-07,0.0040341
1.158831e-07,-0.00618191
1.159331e-07,-0.00475387
1.159831e-07,0.00782391
1.160331e-07,0.0116686
1.160831e-07,0.0074669
1.161331e-07,0.00164487
1.161831e-07,0.00158994
1.162331e-07,0.00419887
1.162831e-07,0.000683686
1.163331e-07,-0.00288642
1.163831e-07,-0.00156823
1.164331e-07,0.000985772
1.164831e-07,0.00485797
1.165331e-07,0.0111743
1.165831e-07,0.00853793
1.166331e-07,-0.00475387
1.166831e-07,-0.00865353
1.167331e-07,-0.0049461
1.167831e-07,-0.00700578
1.168331e-07,-0.0053855
1.168831e-07,0.00106816
1.169331e-07,0.00428126
1.169831e-07,0.00947165
1.170331e-07,0.0104878
1.170831e-07,0.00180964
1.171331e-07,-0.000607046
1.171831e-07,0.00263352
1.172331e-07,-0.00360045
1.172831e-07,-0.0104935
1.173331e-07,-0.00277657
1.173831e-07,0.00713735
1.174331e-07,0.0068078
1.174831e-07,0.00974627
1.175331e-07,0.0187265
1.175831e-07,0.0191659
1.176331e-07,0.0149916
1.176831e-07,0.0132065
1.177331e-07,0.00645079
1.177831e-07,-0.000222573
1.178331e-07,-0.00321597
1.178831e-07,-0.006484
1.179331e-07,-0.000771821
1.179831e-07,0.00312784
1.180331e-07,-0.0123884
1.180831e-07,-0.0271632
1.181331e-07,-0.0296623
1.181831e-07,-0.030239
1.182331e-07,-0.026559
1.182831e-07,-0.0171669
1.183331e-07,-0.0107132
1.183831e-07,-0.0129377
1.184331e-07,-0.0129651
1.184831e-07,-0.00178793
1.185331e-07,0.000463987
1.185831e-07,-0.0088183
1.186331e-07,-0.00447924
1.186831e-07,0.00749436
1.187331e-07,0.0109546
1.187831e-07,0.0107624
1.188331e-07,0.00894986
1.188831e-07,0.00219412
1.189331e-07,-0.00228225
1.189831e-07,-0.00143092
1.190331e-07,-0.00508342
1.190831e-07,-0.00892815
1.191331e-07,-0.00442432
1.191831e-07,0.00367709
1.192331e-07,0.00894986
1.192831e-07,0.00938926
1.193331e-07,0.0115863
1.193831e-07,0.01436
1.194331e-07,0.012877
1.194831e-07,0.0140029
1.195331e-07,0.0168041
1.195831e-07,0.0222417
1.196331e-07,0.031826
1.196831e-07,0.0349293
1.197331e-07,0.0287777
1.197831e-07,0.0222142
1.198331e-07,0.0229008
1.198831e-07,0.0238619
1.199331e-07,0.0208685
1.199831e-07,0.0213903
1.200331e-07,0.0228733
1.200831e-07,0.0245485
1.201331e-07,0.027487
1.201831e-07,0.0232303
1.202331e-07,0.0166943
1.202831e-07,0.0154035
1.203331e-07,0.0144698
1.203831e-07,0.0136459
1.204331e-07,0.011037
1.204831e-07,0.00323769
1.205331e-07,-0.0053855
1.205831e-07,-0.00447924
1.206331e-07,0.00587408
1.206831e-07,0.00790629
1.207331e-07,0.00463827
1.207831e-07,0.00694511
1.208331e-07,0.00837315
1.208831e-07,0.010323
1.209331e-07,0.0130967
1.209831e-07,0.0129868
1.210331e-07,0.0158429
1.210831e-07,0.0224339
1.211331e-07,0.0236697
1.211831e-07,0.0179575
1.212331e-07,0.0120531
1.212831e-07,0.0124925
1.213331e-07,0.0152113
1.213831e-07,0.00713735
1.214331e-07,-0.00491864
1.214831e-07,-0.00563266
1.215331e-07,-0.00439686
1.215831e-07,-0.00966963
1.216331e-07,-0.00975202
1.216831e-07,-0.00198017
1.217331e-07,0.00233143
1.217831e-07,0.00260605
1.218331e-07,0.00112308
1.218831e-07,-0.00555028
1.219331e-07,-0.00966963
1.219831e-07,-0.00642907
1.220331e-07,-0.00590729
1.220831e-07,-0.0111526
1.221331e-07,-0.0124159
1.221831e-07,-0.00766488
1.222331e-07,-0.00206255
1.222831e-07,0.00700004
1.223331e-07,0.0115588
1.223831e-07,0.00601139
1.224331e-07,0.00829077
1.224831e-07,0.0158429
1.225331e-07,0.0121904
1.225831e-07,0.005929
1.226331e-07,0.00513259
1.226831e-07,0.0101033
1.227331e-07,0.0140579
1.227831e-07,0.0105701
1.228331e-07,0.0102131
1.228831e-07,0.0109821
1.229331e-07,0.0068078
1.229831e-07,0.0068078
1.230331e-07,0.00966389
1.230831e-07,0.0105152
1.231331e-07,0.0108448
1.231831e-07,0.0107349
1.232331e-07,0.0112292
1.232831e-07,0.0127671
1.233331e-07,0.0106251
1.233831e-07,0.00194696
1.234331e-07,0.000711148
1.234831e-07,0.0102955
1.235331e-07,0.0151014
1.235831e-07,0.0201271
1.236331e-07,0.0277616
1.236831e-07,0.0291622
1.237331e-07,0.0299861
1.237831e-07,0.0278989
1.238331e-07,0.0163647
1.238831e-07,0.00579169
1.239331e-07,0.00436365
1.239831e-07,0.00356724
1.240331e-07,0.00367709
1.240831e-07,0.00969135
1.241331e-07,0.0137009
1.241831e-07,0.0151014
1.242331e-07,0.0065881
1.242831e-07,-0.0109604
1.243331e-07,-0.0151896
1.243831e-07,-0.0129651
1.244331e-07,-0.0153543
1.244831e-07,-0.0147227
1.245331e-07,-0.0146129
1.245831e-07,-0.0129651
1.246331e-07,-0.00417716
1.246831e-07,0.00743943
1.247331e-07,0.0203468
1.247831e-07,0.0261688
1.248331e-07,0.0218572
1.248831e-07,0.0246858
1.249331e-07,0.0306726
1.249831e-07,0.0202918
1.250331e-07,0.0107898
1.250831e-07,0.015074
1.251331e-07,0.0100484
1.251831e-07,0.00191949
1.252331e-07,0.00400663
1.252831e-07,-0.00203509
1.253331e-07,-0.00810428
1.253831e-07,-0.00181539
1.254331e-07,0.00164487
1.254831e-07,0.000573836
1.255331e-07,-2.87366e-06
1.255831e-07,-0.000524659
1.256331e-07,0.000930848
1.256831e-07,0.00461081
1.257331e-07,0.0111743
1.257831e-07,0.0155958
1.258331e-07,0.00955404
1.258831e-07,-0.000771821
1.259331e-07,-0.00829651
1.259831e-07,-0.0139538
1.260331e-07,-0.0109604
1.260831e-07,-0.000607046
1.261331e-07,0.000903385
1.261831e-07,-0.00620937
1.262331e-07,-0.00854368
1.262831e-07,-0.00491864
1.263331e-07,0.000711148
1.263831e-07,0.0100758
1.264331e-07,0.0187265
1.264831e-07,0.0236148
1.265331e-07,0.0290523
1.265831e-07,0.0268828
1.266331e-07,0.0203468
1.266831e-07,0.0227909
1.267331e-07,0.0218023
1.267831e-07,0.0100758
1.268331e-07,0.0029356
1.268831e-07,0.00694511
1.269331e-07,0.0107349
1.269831e-07,0.00749436
1.270331e-07,-0.000250035
1.270831e-07,-0.006484
1.271331e-07,-0.00730787
1.271831e-07,-0.00906546
1.272331e-07,-0.00519326
1.272831e-07,0.00400663
1.273331e-07,0.000875923
1.273831e-07,-0.00181539
1.274331e-07,0.0072472
1.274831e-07,0.0138931
1.275331e-07,0.0189462
1.275831e-07,0.0240267
1.276331e-07,0.0178751
1.276831e-07,0.00397917
1.277331e-07,-0.00192524
1.277831e-07,0.000546374
1.278331e-07,-0.00137599
1.278831e-07,-0.00502849
1.279331e-07,-0.00233718
1.279831e-07,0.000875923
1.280331e-07,0.00617616
1.280831e-07,0.0152662
1.281331e-07,0.0192208
1.281831e-07,0.021665
1.282331e-07,0.025647
1.282831e-07,0.0265258
1.283331e-07,0.0261413
1.283831e-07,0.0218297
1.284331e-07,0.0151014
1.284831e-07,0.0119158
1.285331e-07,0.00623109
1.285831e-07,-0.00263926
1.286331e-07,-0.0060446
1.286831e-07,-0.00162315
1.287331e-07,0.00244128
1.287831e-07,0.00134278
1.288331e-07,-0.00200763
1.288831e-07,-0.00513834
1.289331e-07,-0.000771821
1.289831e-07,0.00200188
1.290331e-07,-0.0110153
1.290831e-07,-0.0197209
1.291331e-07,-0.0175239
1.291831e-07,-0.0250486
1.292331e-07,-0.0345231
1.292831e-07,-0.0292778
1.293331e-07,-0.0181006
1.293831e-07,-0.014503
1.294331e-07,-0.0142009
1.294831e-07,-0.00744518
1.295331e-07,0.00321023
1.295831e-07,0.0111743
1.296331e-07,0.0126024
1.296831e-07,0.0107898
1.297331e-07,0.00947165
1.297831e-07,0.00700004
1.298331e-07,0.0065881
1.298831e-07,0.0104878
1.299331e-07,0.0135086
1.299831e-07,0.0101033
1.300331e-07,0.00417141
1.300831e-07,0.000546374
1.301331e-07,-0.00612699
1.301831e-07,-0.0128278
1.302331e-07,-0.00906546
1.302831e-07,-0.00321597
1.303331e-07,-0.00200763
1.303831e-07,0.000299213
1.304331e-07,0.00106816
1.304831e-07,0.00386932
1.305331e-07,0.0093618
1.305831e-07,0.0070275
1.306331e-07,-0.00030496
1.306831e-07,-0.00475387
1.307331e-07,-0.00255688
1.307831e-07,0.00345739
1.308331e-07,0.00667049
1.308831e-07,0.0108173
1.309331e-07,0.0192483
1.309831e-07,0.0255921
1.310331e-07,0.0261688
1.310831e-07,0.0202644
1.311331e-07,0.0112292
1.311831e-07,0.00683526
1.312331e-07,0.00428126
1.312831e-07,0.00123293
1.313331e-07,0.000683686
1.313831e-07,-0.00524819
1.314331e-07,-0.0149699
1.314831e-07,-0.0165627
1.315331e-07,-0.00862606
1.315831e-07,0.0044735
1.316331e-07,0.0149367
1.316831e-07,0.0190286
1.317331e-07,0.0186441
1.317831e-07,0.019413
1.318331e-07,0.0229282
1.318831e-07,0.0180948
1.319331e-07,0.0098012
1.319831e-07,0.0061487
1.320331e-07,-0.00294135
1.320831e-07,-0.00953232
1.321331e-07,-0.00760996
1.321831e-07,-0.00818667
1.322331e-07,-0.00901054
1.322831e-07,-0.0105484
1.323331e-07,-0.0140911
1.323831e-07,-0.0132397
1.324331e-07,-0.0129926
1.324831e-07,-0.0180731
1.325331e-07,-0.0183203
1.325831e-07,-0.0117019
1.326331e-07,-0.0139538
1.326831e-07,-0.0219453
1.327331e-07,-0.0183477
1.327831e-07,-0.00936755
1.328331e-07,-0.0118666
1.328831e-07,-0.0208468
1.329331e-07,-0.0191442
1.329831e-07,-0.0146129
1.330331e-07,-0.019611
1.330831e-07,-0.0217805
1.331331e-07,-0.0124159
1.331831e-07,-0.000661971
1.332331e-07,0.00455588
1.332831e-07,0.00689019
1.333331e-07,0.0106525
1.333831e-07,0.0137283
1.334331e-07,0.0165295
1.334831e-07,0.0163098
1.335331e-07,0.0126573
1.335831e-07,0.0102406
1.336331e-07,0.0112567
1.336831e-07,0.0169963
1.337331e-07,0.0210059
1.337831e-07,0.018342
1.338331e-07,0.0165569
1.338831e-07,0.0204841
1.339331e-07,0.0243837
1.339831e-07,0.0262237
1.340331e-07,0.0226811
1.340831e-07,0.00873017
1.341331e-07,-0.00123868
1.341831e-07,-0.00486372
1.342331e-07,-0.0147502
1.342831e-07,-0.0168373
1.343331e-07,-0.00393
1.343831e-07,0.00829077
1.344331e-07,0.0168316
1.344831e-07,0.0165844
1.345331e-07,0.00576423
1.345831e-07,-0.000771821
1.346331e-07,-0.00609952
1.346831e-07,-0.0132672
1.347331e-07,-0.00848875
1.347831e-07,-0.000414809
1.348331e-07,-0.00203509
1.348831e-07,-0.00505595
1.349331e-07,-0.0099168
1.349831e-07,-0.018897
1.350331e-07,-0.0227692
1.350831e-07,-0.0233184
1.351331e-07,-0.0267512
1.351831e-07,-0.0315022
1.352331e-07,-0.0333422
1.352831e-07,-0.0321064
1.353331e-07,-0.0296073
1.353831e-07,-0.0178809
1.354331e-07,-0.0053855
1.354831e-07,-0.00708817
1.355331e-07,-0.00612699
1.355831e-07,0.00686272
1.356331e-07,0.0170513
1.356831e-07,0.0191109
1.357331e-07,0.0190835
1.357831e-07,0.0174083
1.358331e-07,0.01436
1.358831e-07,0.0103504
1.359331e-07,0.00499528
1.359831e-07,0.00356724
1.360331e-07,0.00208427
1.360831e-07,-0.00420462
1.361331e-07,-0.010878
1.361831e-07,-0.0129651
1.362331e-07,-0.00846129
1.362831e-07,-0.00719802
1.363331e-07,-0.00865353
1.363831e-07,0.000683686
1.364331e-07,0.0100758
1.364831e-07,0.0128221
1.365331e-07,0.0195778
1.365831e-07,0.018699
1.366331e-07,0.00829077
1.366831e-07,0.00461081
1.367331e-07,0.00323769
1.367831e-07,-0.00230971
1.368331e-07,-0.00906546
1.368831e-07,-0.0175513
1.369331e-07,-0.0258999
1.369831e-07,-0.0262569
1.370331e-07,-0.0223573
1.370831e-07,-0.025845
1.371331e-07,-0.0257077
1.371831e-07,-0.0137341
1.372331e-07,-0.00659385
1.372831e-07,-0.00574251
1.373331e-07,-0.00384761
1.373831e-07,-0.00711563
1.374331e-07,-0.00966963
1.374831e-07,-0.00162315
1.375331e-07,0.00510513
1.375831e-07,0.00414395
1.376331e-07,0.00721973
1.376831e-07,0.0185342
1.377331e-07,0.0294093
1.377831e-07,0.0261688
1.378331e-07,0.0112018
1.378831e-07,-0.00332582
1.379331e-07,-0.0151346
1.379831e-07,-0.0167824
1.380331e-07,-0.0115645
1.380831e-07,-0.0106857
1.381331e-07,-0.00346313
1.381831e-07,0.00768659
1.382331e-07,0.00966389
1.382831e-07,0.0105976
1.383331e-07,0.00988359
1.383831e-07,0.00417141
1.384331e-07,0.00521498
1.384831e-07,0.00875763
1.385331e-07,0.00472066
1.385831e-07,0.000244288
1.386331e-07,0.00150756
1.386831e-07,0.00738451
1.387331e-07,0.0098012
1.387831e-07,0.0012604
1.388331e-07,-0.00555028
1.388831e-07,0.00222158
1.389331e-07,0.00900479
1.389831e-07,0.00422633
1.390331e-07,0.00546214
1.390831e-07,0.0151564
1.391331e-07,0.0199074
1.391831e-07,0.0210059
1.392331e-07,0.0202644
1.392831e-07,0.0129044
1.393331e-07,0.00348485
1.393831e-07,-0.000387347
1.394331e-07,-0.0030512
1.394831e-07,-0.00730787
1.395331e-07,-0.00895561
1.395831e-07,-0.00659385
1.396331e-07,-0.00294135
1.396831e-07,-0.000112723
1.397331e-07,0.00661556
1.397831e-07,0.00908718
1.398331e-07,-0.00340821
1.398831e-07,-0.0134594
1.399331e-07,-0.00950486
1.399831e-07,-0.00365537
1.400331e-07,-0.000469734
1.400831e-07,0.000656224
1.401331e-07,-0.000112723
1.401831e-07,0.00216665
1.402331e-07,0.00285321
1.402831e-07,-0.00368283
1.403331e-07,-0.0109878
1.403831e-07,-0.0115645
1.404331e-07,-0.00486372
1.404831e-07,0.00771406
1.405331e-07,0.0205939
1.405831e-07,0.0236972
1.406331e-07,0.0196053
1.406831e-07,0.0157056
1.407331e-07,0.0100209
1.407831e-07,0.0038144
1.408331e-07,0.00513259
1.408831e-07,0.0098012
1.409331e-07,-0.000634509
1.409831e-07,-0.0170296
1.410331e-07,-0.0125806
1.410831e-07,0.00202934
1.411331e-07,0.00988359
1.411831e-07,0.0162274
1.412331e-07,0.0167492
1.412831e-07,0.0110645
1.413331e-07,0.0123552
1.413831e-07,0.0152388
1.414331e-07,0.0123827
1.414831e-07,0.0110645
1.415331e-07,0.00774152
1.415831e-07,0.00428126
1.416331e-07,0.00584661
1.416831e-07,0.000683686
1.417331e-07,-0.000771821
1.417831e-07,0.00925195
1.418331e-07,0.00727466
1.418831e-07,-0.00280404
1.419331e-07,-0.00228225
1.419831e-07,0.00441857
1.420331e-07,0.00829077
1.420831e-07,0.00949911
1.421331e-07,0.0144698
1.421831e-07,0.0153761
1.422331e-07,0.00661556
1.422831e-07,-0.00291389
1.423331e-07,-0.0138714
1.423831e-07,-0.0184027
1.424331e-07,-0.0138714
1.424831e-07,-0.0120314
1.425331e-07,-0.00848875
1.425831e-07,-0.00398492
1.426331e-07,7.95135e-05
1.426831e-07,0.00307291
1.427331e-07,0.00123293
1.427831e-07,0.00595646
1.428331e-07,0.00897733
1.428831e-07,0.00469319
1.429331e-07,0.0119433
1.429831e-07,0.019413
1.430331e-07,0.0117236
1.430831e-07,0.00642333
1.431331e-07,0.0123003
1.431831e-07,0.0171611
1.432331e-07,0.0207587
1.432831e-07,0.0260315
1.433331e-07,0.0225712
1.433831e-07,0.0121355
1.434331e-07,0.00505021
1.434831e-07,0.00386932
1.435331e-07,0.00524244
1.435831e-07,0.00241382
1.436331e-07,-0.0049461
1.436831e-07,-0.0108505
1.437331e-07,-0.00566013
1.437831e-07,0.003375
1.438331e-07,0.000326675
1.438831e-07,-0.00458909
1.439331e-07,-0.00247449
1.439831e-07,-0.00241956
1.440331e-07,-0.00552281
1.440831e-07,-0.00788458
1.441331e-07,-0.0110977
1.441831e-07,-0.0114547
1.442331e-07,-0.00703324
1.442831e-07,-0.00653892
1.443331e-07,-0.0110153
1.443831e-07,-0.00972456
1.444331e-07,-0.00678608
1.444831e-07,-0.0106034
1.445331e-07,-0.00912039
1.445831e-07,-0.000497197
1.446331e-07,0.00584661
1.446831e-07,0.0102406
1.447331e-07,0.00853793
1.447831e-07,0.000216825
1.448331e-07,-0.00420462
1.448831e-07,-0.00425954
1.449331e-07,-0.00717056
1.449831e-07,-0.0142833
1.450331e-07,-0.0211214
1.450831e-07,-0.0212862
1.451331e-07,-0.0184027
1.451831e-07,-0.0193639
1.452331e-07,-0.0246916
1.452831e-07,-0.028756
1.453331e-07,-0.0218355
1.453831e-07,-0.012306
1.454331e-07,-0.00923024
1.454831e-07,0.000820998
1.455331e-07,0.0105976
1.455831e-07,0.00502274
1.456331e-07,-0.00390253
1.456831e-07,-0.0106034
1.457331e-07,-0.0121687
1.457831e-07,-0.00607206
1.458331e-07,-0.00272165
1.458831e-07,-0.000799283
1.459331e-07,0.00362216
1.459831e-07,0.00540722
1.460331e-07,0.0022765
1.460831e-07,-0.00112883
1.461331e-07,-0.000442272
1.461831e-07,-0.00708817
1.462331e-07,-0.0201328
1.462831e-07,-0.0208468
1.463331e-07,-0.0168099
1.463831e-07,-0.0196659
1.464331e-07,-0.0151621
1.464831e-07,-0.00203509
1.465331e-07,0.00348485
1.465831e-07,0.00101323
1.466331e-07,-0.00318851
1.466831e-07,-0.00695086
1.467331e-07,-0.0110428
1.467831e-07,-0.0121687
1.468331e-07,-0.00673116
1.468831e-07,-0.00566013
1.469331e-07,-0.00722548
1.469831e-07,-0.00447924
1.470331e-07,-0.00263926
1.470831e-07,0.000628761
1.471331e-07,0.00329261
1.471831e-07,0.00266098
1.472331e-07,0.000354137
1.472831e-07,-0.00222733
1.473331e-07,0.00183711
1.473831e-07,0.00818092
1.474331e-07,0.0100209
1.474831e-07,0.0123277
1.475331e-07,0.0130692
1.475831e-07,0.00925195
1.476331e-07,0.00606631
1.476831e-07,0.00342992
1.477331e-07,0.00208427
1.477831e-07,0.00516006
1.478331e-07,0.00916956
1.478831e-07,0.0108997
1.479331e-07,0.00947165
1.479831e-07,0.0101857
1.480331e-07,0.0144698
1.480831e-07,0.0164196
1.481331e-07,0.0149641
1.481831e-07,0.00483051
1.482331e-07,-0.00681355
1.482831e-07,-0.0100541
1.483331e-07,-0.0125257
1.483831e-07,-0.00846129
1.484331e-07,-0.000497197
1.484831e-07,-0.00365537
1.485331e-07,-0.00870845
1.485831e-07,-0.00659385
1.486331e-07,0.00279829
1.486831e-07,0.0191384
1.487331e-07,0.026773
1.487831e-07,0.0207862
1.488331e-07,0.0173808
1.488831e-07,0.0199074
1.489331e-07,0.0198524
1.489831e-07,0.0098012
1.490331e-07,0.000683686
1.490831e-07,0.00664302
1.491331e-07,0.00634094
1.491831e-07,-0.0047264
1.492331e-07,-0.00236464
1.492831e-07,0.00463827
1.493331e-07,-0.000744358
1.493831e-07,-0.0105759
1.494331e-07,-0.0116744
1.494831e-07,-0.00497357
1.495331e-07,-0.00134853
1.495831e-07,-0.00730787
1.496331e-07,-0.0162881
1.496831e-07,-0.0121687
1.497331e-07,-0.00134853
1.497831e-07,-0.00170554
1.498331e-07,-0.00876338
1.498831e-07,-0.00912039
1.499331e-07,-0.00585236
1.499831e-07,-0.00936755
1.500331e-07,-0.0109604
1.500831e-07,-0.00574251
1.501331e-07,-0.00145838
1.501831e-07,0.00095831
1.502331e-07,0.000683686
1.502831e-07,0.000244288
1.503331e-07,-0.00299627
1.503831e-07,-0.00612699
1.504331e-07,-0.0026118
1.504831e-07,-0.00675862
1.505331e-07,-0.0125806
1.505831e-07,-0.013432
1.506331e-07,-0.0239226
1.506831e-07,-0.0280694
1.507331e-07,-0.0171119
1.507831e-07,-0.0069234
1.508331e-07,-0.00126614
1.508831e-07,-0.00296881
1.509331e-07,-0.0103013
1.509831e-07,-0.0154642
1.510331e-07,-0.0139263
1.510831e-07,-0.00557774
1.511331e-07,0.000216825
1.511831e-07,-0.000387347
1.512331e-07,-0.00403984
1.512831e-07,-0.010878
1.513331e-07,-0.00758249
1.513831e-07,0.00793376
1.514331e-07,0.0105976
1.514831e-07,-0.00170554
1.515331e-07,-0.00950486
1.515831e-07,-0.00673116
1.516331e-07,-0.00475387
1.516831e-07,-0.00895561
1.517331e-07,-0.00659385
1.517831e-07,-0.00112883
1.518331e-07,-0.00346313
1.518831e-07,-0.001733
1.519331e-07,0.00691765
1.519831e-07,0.0104603
1.520331e-07,0.00625855
1.520831e-07,-0.00338075
1.521331e-07,-0.0103837
1.521831e-07,-0.0081592
1.522331e-07,-0.00601714
1.522831e-07,-0.00689593
1.523331e-07,-0.00112883
1.523831e-07,0.00444603
1.524331e-07,0.00505021
1.524831e-07,0.0104603
1.525331e-07,0.0123552
1.525831e-07,0.00224904
1.526331e-07,-0.00928516
1.526831e-07,-0.0128278
1.527331e-07,-0.00357298
1.527831e-07,0.0117785
1.528331e-07,0.015431
1.528831e-07,0.00878509
1.529331e-07,0.00708242
1.529831e-07,0.0108997
1.530331e-07,0.0146071
1.530831e-07,0.0185617
1.531331e-07,0.0241366
1.531831e-07,0.0302881
1.532331e-07,0.0324302
1.532831e-07,0.0224614
1.533331e-07,0.00686272
1.533831e-07,-0.000936595
1.534331e-07,-0.00928516
1.534831e-07,-0.014503
1.535331e-07,-0.00651146
1.535831e-07,-0.0015133
1.536331e-07,0.000985772
1.536831e-07,0.00735705
1.537331e-07,0.00142517
1.537831e-07,-0.0204898
1.538331e-07,-0.0431463
1.538831e-07,-0.0492155
1.539331e-07,-0.0391093
1.539831e-07,-0.0351273
1.540331e-07,-0.0409768
1.540831e-07,-0.0354568
1.541331e-07,-0.0171119
1.541831e-07,-0.00335328
1.542331e-07,-0.00360045
1.542831e-07,-0.0137066
1.543331e-07,-0.0210116
1.543831e-07,-0.0263393
1.544331e-07,-0.0321064
1.544831e-07,-0.0310628
1.545331e-07,-0.0282617
1.545831e-07,-0.0300467
1.546331e-07,-0.0362807
1.546831e-07,-0.0368025
1.547331e-07,-0.0190068
1.547831e-07,-0.00307866
1.548331e-07,-0.00964217
1.548831e-07,-0.0145305
1.549331e-07,-0.00585236
1.549831e-07,-0.00788458
1.550331e-07,-0.0190618
1.550831e-07,-0.0239501
1.551331e-07,-0.027685
1.551831e-07,-0.0319142
1.552331e-07,-0.0283166
1.552831e-07,-0.0205447
1.553331e-07,-0.017414
1.553831e-07,-0.0135968
1.554331e-07,-0.0083789
1.554831e-07,-0.00983441
1.555331e-07,-0.0173042
1.555831e-07,-0.0249113
1.556331e-07,-0.0257626
1.556831e-07,-0.0179358
1.557331e-07,-0.0062643
1.557831e-07,0.00452842
1.558331e-07,0.00969135
1.558831e-07,0.0122454
1.559331e-07,0.0155134
1.559831e-07,0.0124651
1.560331e-07,0.00480304
1.560831e-07,-0.00398492
1.561331e-07,-0.014915
1.561831e-07,-0.0209292
1.562331e-07,-0.0218355
1.562831e-07,-0.0204624
1.563331e-07,-0.0120863
1.563831e-07,-0.00176047
1.564331e-07,-0.000359885
1.564831e-07,-0.00236464
1.565331e-07,0.000354137
1.565831e-07,-0.00134853
1.566331e-07,-0.0062643
1.566831e-07,-0.00785712
1.567331e-07,-0.015986
1.567831e-07,-0.0242247
1.568331e-07,-0.0216707
1.568831e-07,-0.0209841
1.569331e-07,-0.0234558
1.569831e-07,-0.0148875
1.570331e-07,-0.00219986
1.570831e-07,0.00164487
1.571331e-07,-0.00137599
1.571831e-07,-0.00966963
1.572331e-07,-0.0146403
1.572831e-07,-0.00524819
1.573331e-07,0.00779644
1.573831e-07,0.011037
1.574331e-07,0.00875763
1.574831e-07,0.0101582
1.575331e-07,0.0124101
1.575831e-07,0.00463827
1.576331e-07,-0.00612699
1.576831e-07,-0.00697832
1.577331e-07,-0.0116195
1.577831e-07,-0.0287285
1.578331e-07,-0.0399057
1.578831e-07,-0.0365278
1.579331e-07,-0.0281518
1.579831e-07,-0.0253781
1.580331e-07,-0.0290581
1.580831e-07,-0.0293602
1.581331e-07,-0.0245817
1.581831e-07,-0.0204349
1.582331e-07,-0.0162057
1.582831e-07,-0.0105759
1.583331e-07,-0.00719802
1.583831e-07,-0.00555028
1.584331e-07,-0.0053855
1.584831e-07,-0.00818667
1.585331e-07,-0.00500103
1.585831e-07,0.000161901
1.586331e-07,-0.00527565
1.586831e-07,-0.0152994
1.587331e-07,-0.0239226
1.587831e-07,-0.0281244
1.588331e-07,-0.0252683
1.588831e-07,-0.0168373
1.589331e-07,-0.00252941
1.589831e-07,0.0102131
1.590331e-07,0.015431
1.590831e-07,0.0150465
1.591331e-07,0.0140853
1.591831e-07,0.0191933
1.592331e-07,0.0229008
1.592831e-07,0.0177378
1.593331e-07,0.0163647
1.593831e-07,0.0243013
1.594331e-07,0.0290798
1.594831e-07,0.0269377
1.595331e-07,0.0199897
1.595831e-07,0.01068
1.596331e-07,0.00507767
