LECROYWR640Zi,59892,Waveform
Segments,1,SegmentSize,4002
Segment,TrigTime,TimeSinceSegment1
#1,01-Nov-2023 13:34:17,0                 
Time,Ampl
-4.040141e-08,0.0131241
-4.035141e-08,0.0199897
-4.030141e-08,0.0210882
-4.025141e-08,0.0133164
-4.020141e-08,0.00982866
-4.015141e-08,0.00963642
-4.010141e-08,0.00889494
-4.005141e-08,0.0128221
-4.000141e-08,0.0126298
-3.995141e-08,0.00606631
-3.990141e-08,0.00329261
-3.985141e-08,-0.000826745
-3.980141e-08,-0.00489118
-3.975141e-08,-0.00132107
-3.970141e-08,0.00169979
-3.965141e-08,0.00101323
-3.960141e-08,0.00299053
-3.955141e-08,0.00949911
-3.950141e-08,0.0184519
-3.945141e-08,0.0240542
-3.940141e-08,0.0252076
-3.935141e-08,0.0282834
-3.930141e-08,0.0293819
-3.925141e-08,0.0217473
-3.920141e-08,0.0156781
-3.915141e-08,0.0149641
-3.910141e-08,0.00463827
-3.905141e-08,-0.00912039
-3.900141e-08,-0.0145579
-3.895141e-08,-0.0225495
-3.890141e-08,-0.0262844
-3.885141e-08,-0.012663
-3.880141e-08,0.00378694
-3.875141e-08,0.0114215
-3.870141e-08,0.0136459
-3.865141e-08,0.0158155
-3.860141e-08,0.0248506
-3.855141e-08,0.0294368
-3.850141e-08,0.0155408
-3.845141e-08,0.000326675
-3.840141e-08,-0.00403984
-3.835141e-08,-0.00758249
-3.830141e-08,-0.0108505
-3.825141e-08,-0.0126905
-3.820141e-08,-0.0140087
-3.815141e-08,-0.0047264
-3.810141e-08,0.00678034
-3.805141e-08,0.00705496
-3.800141e-08,0.00842808
-3.795141e-08,0.0166943
-3.790141e-08,0.0261139
-3.785141e-08,0.0338857
-3.780141e-08,0.033666
-3.775141e-08,0.0258667
-3.770141e-08,0.0205665
-3.765141e-08,0.0214178
-3.760141e-08,0.0205115
-3.755141e-08,0.00779644
-3.750141e-08,-0.00747264
-3.745141e-08,-0.0023921
-3.740141e-08,0.0135086
-3.735141e-08,0.0181772
-3.730141e-08,0.0225712
-3.725141e-08,0.0339681
-3.720141e-08,0.0360278
-3.715141e-08,0.0261139
-3.710141e-08,0.0182871
-3.705141e-08,0.0185342
-3.700141e-08,0.0178202
-3.695141e-08,0.00419887
-3.690141e-08,-0.0094774
-3.685141e-08,-0.00804935
-3.680141e-08,-0.00489118
-3.675141e-08,-0.00316105
-3.670141e-08,-0.00159569
-3.665141e-08,-0.00706071
-3.660141e-08,-0.00901054
-3.655141e-08,-0.00645653
-3.650141e-08,-0.00983441
-3.645141e-08,-0.0118666
-3.640141e-08,-0.0124433
-3.635141e-08,-0.0173316
-3.630141e-08,-0.0141735
-3.625141e-08,-0.00752757
-3.620141e-08,-0.0103562
-3.615141e-08,-0.0124708
-3.610141e-08,-0.0103837
-3.605141e-08,-0.0102738
-3.600141e-08,-0.011235
-3.595141e-08,-0.0110428
-3.590141e-08,-0.00964217
-3.585141e-08,-0.00524819
-3.580141e-08,0.000161901
-3.575141e-08,0.000683686
-3.570141e-08,-0.000716896
-3.565141e-08,-0.00269419
-3.560141e-08,-0.00585236
-3.555141e-08,-0.00236464
-3.550141e-08,0.00623109
-3.545141e-08,0.00867524
-3.540141e-08,0.00348485
-3.535141e-08,0.00205681
-3.530141e-08,0.0091421
-3.525141e-08,0.0156781
-3.520141e-08,0.0155134
-3.515141e-08,0.0040341
-3.510141e-08,-0.0123335
-3.505141e-08,-0.0136242
-3.500141e-08,-0.00760996
-3.495141e-08,-0.0129651
-3.490141e-08,-0.0173316
-3.485141e-08,-0.00953232
-3.480141e-08,0.00175472
-3.475141e-08,0.0101033
-3.470141e-08,0.0132889
-3.465141e-08,0.00612124
-3.460141e-08,-0.00566013
-3.455141e-08,-0.00423208
-3.450141e-08,0.00200188
-3.445141e-08,-0.00936755
-3.440141e-08,-0.025433
-3.435141e-08,-0.02763
-3.430141e-08,-0.0225495
-3.425141e-08,-0.0142833
-3.420141e-08,-0.00338075
-3.415141e-08,0.00282575
-3.410141e-08,0.00395171
-3.405141e-08,0.00584661
-3.400141e-08,0.00625855
-3.395141e-08,0.00257859
-3.390141e-08,-3.03361e-05
-3.385141e-08,-0.00277657
-3.380141e-08,-0.00653892
-3.375141e-08,-0.00222733
-3.370141e-08,0.00537975
-3.365141e-08,0.00510513
-3.360141e-08,0.00428126
-3.355141e-08,0.0116961
-3.350141e-08,0.0191933
-3.345141e-08,0.0216375
-3.340141e-08,0.0235599
-3.335141e-08,0.0203193
-3.330141e-08,0.01068
-3.325141e-08,0.000601299
-3.320141e-08,-0.00708817
-3.315141e-08,-0.00769234
-3.310141e-08,-0.00598967
-3.305141e-08,-0.00774727
-3.300141e-08,-0.00379268
-3.295141e-08,0.00700004
-3.290141e-08,0.00900479
-3.285141e-08,-0.00088167
-3.280141e-08,-0.0015133
-3.275141e-08,0.0101582
-3.270141e-08,0.0120531
-3.265141e-08,0.00812599
-3.260141e-08,0.0119433
-3.255141e-08,0.0130967
-3.250141e-08,0.0104328
-3.245141e-08,0.0171886
-3.240141e-08,0.0245485
-3.235141e-08,0.0233676
-3.230141e-08,0.0235873
-3.225141e-08,0.0176829
-3.220141e-08,-0.00379268
-3.215141e-08,-0.0194188
-3.210141e-08,-0.0185949
-3.205141e-08,-0.0189519
-3.200141e-08,-0.0162606
-3.195141e-08,-0.00486372
-3.190141e-08,0.00115055
-3.185141e-08,0.00798868
-3.180141e-08,0.0146071
-3.175141e-08,0.0070275
-3.170141e-08,-0.000524659
-3.165141e-08,0.000738611
-3.160141e-08,0.000409062
-3.155141e-08,0.00348485
-3.150141e-08,0.00922449
-3.145141e-08,0.0068078
-3.140141e-08,-0.000497197
-3.135141e-08,-0.00686847
-3.130141e-08,-0.00382015
-3.125141e-08,0.00598393
-3.120141e-08,0.0105701
-3.115141e-08,0.0150191
-3.110141e-08,0.019825
-3.105141e-08,0.0162823
-3.100141e-08,0.0111743
-3.095141e-08,0.0141952
-3.090141e-08,0.0159528
-3.085141e-08,0.00587408
-3.080141e-08,-0.00607206
-3.075141e-08,-0.00804935
-3.070141e-08,-0.01302
-3.065141e-08,-0.0294975
-3.060141e-08,-0.0350723
-3.055141e-08,-0.0239501
-3.050141e-08,-0.015574
-3.045141e-08,-0.0152445
-3.040141e-08,-0.0118666
-3.035141e-08,-0.000524659
-3.030141e-08,0.00807107
-3.025141e-08,0.0140029
-3.020141e-08,0.0264983
-3.015141e-08,0.0322929
-3.010141e-08,0.0229282
-3.005141e-08,0.0199623
-3.000141e-08,0.0271025
-2.995141e-08,0.0246858
-2.990141e-08,0.0182596
-2.985141e-08,0.0215551
-2.980141e-08,0.0253998
-2.975141e-08,0.0225712
-2.970141e-08,0.0194405
-2.965141e-08,0.0142776
-2.960141e-08,0.00653317
-2.955141e-08,0.00120547
-2.950141e-08,-0.0023921
-2.945141e-08,-0.000799283
-2.940141e-08,0.00345739
-2.935141e-08,0.00172726
-2.930141e-08,-0.00340821
-2.925141e-08,-0.00412223
-2.920141e-08,-3.03361e-05
-2.915141e-08,0.000903385
-2.910141e-08,-0.00357298
-2.905141e-08,-0.00469894
-2.900141e-08,-0.00118376
-2.895141e-08,0.00444603
-2.890141e-08,0.0143325
-2.885141e-08,0.0225712
-2.880141e-08,0.0257294
-2.875141e-08,0.028558
-2.870141e-08,0.0273771
-2.865141e-08,0.0176554
-2.860141e-08,0.0116137
-2.855141e-08,0.011037
-2.850141e-08,0.00406156
-2.845141e-08,-0.00225479
-2.840141e-08,-0.00192524
-2.835141e-08,-0.000140186
-2.830141e-08,-0.000140186
-2.825141e-08,-0.00354552
-2.820141e-08,-0.00519326
-2.815141e-08,-0.00112883
-2.810141e-08,0.00128786
-2.805141e-08,0.00172726
-2.800141e-08,0.00441857
-2.795141e-08,0.0100209
-2.790141e-08,0.0194954
-2.785141e-08,0.0205115
-2.780141e-08,0.015788
-2.775141e-08,0.019056
-2.770141e-08,0.021253
-2.765141e-08,0.019056
-2.760141e-08,0.0184519
-2.755141e-08,0.0183969
-2.750141e-08,0.0198799
-2.745141e-08,0.0191109
-2.740141e-08,0.00977374
-2.735141e-08,0.00115055
-2.730141e-08,0.00101323
-2.725141e-08,0.00601139
-2.720141e-08,0.00793376
-2.715141e-08,0.00290814
-2.710141e-08,0.00321023
-2.705141e-08,0.00576423
-2.700141e-08,-0.00088167
-2.695141e-08,-0.00706071
-2.690141e-08,-0.0102189
-2.685141e-08,-0.013432
-2.680141e-08,-0.010521
-2.675141e-08,-0.00417716
-2.670141e-08,0.00115055
-2.665141e-08,0.00483051
-2.660141e-08,0.00776898
-2.655141e-08,0.0149367
-2.650141e-08,0.0194954
-2.645141e-08,0.0166119
-2.640141e-08,0.0111469
-2.635141e-08,0.00200188
-2.630141e-08,-0.00843383
-2.625141e-08,-0.0126081
-2.620141e-08,-0.0102463
-2.615141e-08,-0.00931262
-2.610141e-08,-0.00192524
-2.605141e-08,0.0181498
-2.600141e-08,0.0283383
-2.595141e-08,0.0224064
-2.590141e-08,0.0158155
-2.585141e-08,0.0160077
-2.580141e-08,0.0229557
-2.575141e-08,0.0282285
-2.570141e-08,0.0280362
-2.565141e-08,0.0264983
-2.560141e-08,0.0199074
-2.555141e-08,0.0118334
-2.550141e-08,0.0158429
-2.545141e-08,0.0247682
-2.540141e-08,0.0230655
-2.535141e-08,0.0158429
-2.530141e-08,0.0143325
-2.525141e-08,0.0167492
-2.520141e-08,0.0174907
-2.515141e-08,0.0177928
-2.510141e-08,0.0152388
-2.505141e-08,0.00785137
-2.500141e-08,0.00131532
-2.495141e-08,-0.00596221
-2.490141e-08,-0.0127454
-2.485141e-08,-0.00986187
-2.480141e-08,-0.0028315
-2.475141e-08,0.000793536
-2.470141e-08,-0.000689433
-2.465141e-08,-0.00818667
-2.460141e-08,-0.00964217
-2.455141e-08,-0.00211748
-2.450141e-08,0.00620363
-2.445141e-08,0.0140304
-2.440141e-08,0.0150191
-2.435141e-08,0.0160626
-2.430141e-08,0.0272398
-2.425141e-08,0.0308648
-2.420141e-08,0.0185068
-2.415141e-08,0.00546214
-2.410141e-08,-0.000579584
-2.405141e-08,0.000216825
-2.400141e-08,0.00521498
-2.395141e-08,0.00735705
-2.390141e-08,0.00675287
-2.385141e-08,0.00353977
-2.380141e-08,-0.00574251
-2.375141e-08,-0.00821413
-2.370141e-08,0.00340246
-2.365141e-08,0.0120806
-2.360141e-08,0.0112567
-2.355141e-08,0.0102406
-2.350141e-08,0.0140853
-2.345141e-08,0.0186441
-2.340141e-08,0.0181772
-2.335141e-08,0.0141403
-2.330141e-08,0.00683526
-2.325141e-08,-0.00508342
-2.320141e-08,-0.0111526
-2.315141e-08,-0.00618191
-2.310141e-08,-0.0060446
-2.305141e-08,-0.015272
-2.300141e-08,-0.0168373
-2.295141e-08,-0.00994426
-2.290141e-08,-0.00307866
-2.285141e-08,0.00639586
-2.280141e-08,0.0115588
-2.275141e-08,0.00823584
-2.270141e-08,0.00853793
-2.265141e-08,0.0117785
-2.260141e-08,0.00853793
-2.255141e-08,0.0089224
-2.250141e-08,0.0181772
-2.245141e-08,0.0209784
-2.240141e-08,0.0188638
-2.235141e-08,0.0172984
-2.230141e-08,0.00730212
-2.225141e-08,-0.00390253
-2.220141e-08,-0.00200763
-2.215141e-08,0.00458335
-2.210141e-08,0.0054896
-2.205141e-08,0.00612124
-2.200141e-08,0.00491289
-2.195141e-08,0.00027175
-2.190141e-08,-0.00099152
-2.185141e-08,0.00235889
-2.180141e-08,0.00741197
-2.175141e-08,0.00439111
-2.170141e-08,-0.00662131
-2.165141e-08,-0.0116744
-2.160141e-08,-0.0143382
-2.155141e-08,-0.0160409
-2.150141e-08,-0.00214494
-2.145141e-08,0.0136185
-2.140141e-08,0.015431
-2.135141e-08,0.0186715
-2.130141e-08,0.0207587
-2.125141e-08,0.0137832
-2.120141e-08,0.0107075
-2.115141e-08,0.0104878
-2.110141e-08,0.00507767
-2.105141e-08,-0.000964057
-2.100141e-08,-0.00104644
-2.095141e-08,0.00661556
-2.090141e-08,0.0140304
-2.085141e-08,0.0172984
-2.080141e-08,0.0195229
-2.075141e-08,0.0189736
-2.070141e-08,0.0163098
-2.065141e-08,0.0151289
-2.060141e-08,0.0171886
-2.055141e-08,0.011394
-2.050141e-08,-0.00272165
-2.045141e-08,-0.00541296
-2.040141e-08,0.00186457
-2.035141e-08,0.00584661
-2.030141e-08,0.00823584
-2.025141e-08,0.0166119
-2.020141e-08,0.0285855
-2.015141e-08,0.0352863
-2.010141e-08,0.0359729
-2.005141e-08,0.032595
-2.000141e-08,0.0269652
-1.995141e-08,0.0244661
-1.990141e-08,0.0258667
-1.985141e-08,0.0291622
-1.980141e-08,0.032952
-1.975141e-08,0.035506
-1.970141e-08,0.0407788
-1.965141e-08,0.0483584
-1.960141e-08,0.0472324
-1.955141e-08,0.0376481
-1.950141e-08,0.0306726
-1.945141e-08,0.0257843
-1.940141e-08,0.0178751
-1.935141e-08,0.00966389
-1.930141e-08,0.00417141
-1.925141e-08,0.00150756
-1.920141e-08,0.00373201
-1.915141e-08,0.00321023
-1.910141e-08,-0.00274911
-1.905141e-08,0.000738611
-1.900141e-08,0.00554453
-1.895141e-08,0.00164487
-1.890141e-08,0.00326515
-1.885141e-08,0.00894986
-1.880141e-08,0.0109821
-1.875141e-08,0.0108448
-1.870141e-08,0.0091421
-1.865141e-08,0.0114764
-1.860141e-08,0.0186441
-1.855141e-08,0.0234775
-1.850141e-08,0.0258942
-1.845141e-08,0.0259216
-1.840141e-08,0.024164
-1.835141e-08,0.0279813
-1.830141e-08,0.0294093
-1.825141e-08,0.0203742
-1.820141e-08,0.0104328
-1.815141e-08,0.0014801
-1.810141e-08,-0.00486372
-1.805141e-08,-0.00362791
-1.800141e-08,0.00169979
-1.795141e-08,0.00581915
-1.790141e-08,0.000106976
-1.785141e-08,-0.0077198
-1.780141e-08,0.00164487
-1.775141e-08,0.0136185
-1.770141e-08,0.00991105
-1.765141e-08,0.00216665
-1.760141e-08,0.0012604
-1.755141e-08,0.00815346
-1.750141e-08,0.0176829
-1.745141e-08,0.012877
-1.740141e-08,-0.00313359
-1.735141e-08,-0.00329836
-1.730141e-08,0.00521498
-1.725141e-08,0.0072472
-1.720141e-08,0.0110095
-1.715141e-08,0.0144698
-1.710141e-08,0.0164196
-1.705141e-08,0.0120257
-1.700141e-08,-0.00143092
-1.695141e-08,-0.00585236
-1.690141e-08,-0.00189778
-1.685141e-08,-0.00192524
-1.680141e-08,-0.00170554
-1.675141e-08,0.00134278
-1.670141e-08,0.00518752
-1.665141e-08,0.00705496
-1.660141e-08,0.00952657
-1.655141e-08,0.0195778
-1.650141e-08,0.0278989
-1.645141e-08,0.0273222
-1.640141e-08,0.0248506
-1.635141e-08,0.0216375
-1.630141e-08,0.0209784
-1.625141e-08,0.0253724
-1.620141e-08,0.0257294
-1.615141e-08,0.0214453
-1.610141e-08,0.0210608
-1.605141e-08,0.02345
-1.600141e-08,0.0259216
-1.595141e-08,0.0269927
-1.590141e-08,0.0192208
-1.585141e-08,0.00859285
-1.580141e-08,0.00419887
-1.575141e-08,-0.00112883
-1.570141e-08,-0.0103287
-1.565141e-08,-0.0157114
-1.560141e-08,-0.00884576
-1.555141e-08,0.00389679
-1.550141e-08,0.00719227
-1.545141e-08,0.00469319
-1.540141e-08,0.00156248
-1.535141e-08,-0.0058249
-1.530141e-08,-0.00931262
-1.525141e-08,-0.00766488
-1.520141e-08,-0.00785712
-1.515141e-08,-0.00796697
-1.510141e-08,-0.00673116
-1.505141e-08,-0.00316105
-1.500141e-08,0.00266098
-1.495141e-08,0.00947165
-1.490141e-08,0.0136185
-1.485141e-08,0.0138931
-1.480141e-08,0.0173534
-1.475141e-08,0.0201271
-1.470141e-08,0.0133713
-1.465141e-08,-0.00123868
-1.460141e-08,-0.0167549
-1.455141e-08,-0.0243895
-1.450141e-08,-0.0257077
-1.445141e-08,-0.0255154
-1.440141e-08,-0.0169472
-1.435141e-08,-0.0037103
-1.430141e-08,2.45887e-05
-1.425141e-08,0.000326675
-1.420141e-08,0.00908718
-1.415141e-08,0.0187814
-1.410141e-08,0.0191109
-1.405141e-08,0.0113666
-1.400141e-08,0.00601139
-1.395141e-08,0.00645079
-1.390141e-08,0.0074669
-1.385141e-08,0.0130143
-1.380141e-08,0.0170238
-1.375141e-08,0.00488543
-1.370141e-08,-0.00942247
-1.365141e-08,-0.00887322
-1.360141e-08,-0.00181539
-1.355141e-08,0.000326675
-1.350141e-08,-0.00804935
-1.345141e-08,-0.0160684
-1.340141e-08,-0.0142559
-1.335141e-08,-0.0142833
-1.330141e-08,-0.0141735
-1.325141e-08,-0.00986187
-1.320141e-08,-0.0118392
-1.315141e-08,-0.0137615
-1.310141e-08,-0.00623684
-1.305141e-08,0.00117801
-1.300141e-08,0.00321023
-1.295141e-08,0.00612124
-1.290141e-08,0.00785137
-1.285141e-08,0.00106816
-1.280141e-08,-0.00571505
-1.275141e-08,-0.000826745
-1.270141e-08,0.0098012
-1.265141e-08,0.016502
-1.260141e-08,0.0177653
-1.255141e-08,0.0174632
-1.250141e-08,0.0190011
-1.245141e-08,0.0247133
-1.240141e-08,0.0302058
-1.235141e-08,0.0244936
-1.230141e-08,0.0133988
-1.225141e-08,0.000930848
-1.220141e-08,-0.012306
-1.215141e-08,-0.00711563
-1.210141e-08,0.00694511
-1.205141e-08,0.00774152
-1.200141e-08,0.0031553
-1.195141e-08,-0.000552121
-1.190141e-08,-0.000442272
-1.185141e-08,0.00356724
-1.180141e-08,0.00483051
-1.175141e-08,-0.000414809
-1.170141e-08,-0.0122786
-1.165141e-08,-0.0182654
-1.160141e-08,-0.0136517
-1.155141e-08,-0.010521
-1.150141e-08,-0.009038
-1.145141e-08,-0.00434193
-1.140141e-08,-0.00134853
-1.135141e-08,0.000134438
-1.130141e-08,0.00117801
-1.125141e-08,-0.00132107
-1.120141e-08,0.00169979
-1.115141e-08,0.00713735
-1.110141e-08,-0.00228225
-1.105141e-08,-0.00821413
-1.100141e-08,0.00727466
-1.095141e-08,0.0194954
-1.090141e-08,0.0155134
-1.085141e-08,0.011806
-1.080141e-08,0.0174357
-1.075141e-08,0.0212256
-1.070141e-08,0.0093618
-1.065141e-08,-0.00892815
-1.060141e-08,-0.0189794
-1.055141e-08,-0.0277948
-1.050141e-08,-0.0333422
-1.045141e-08,-0.0224396
-1.040141e-08,-0.0051658
-1.035141e-08,0.00274337
-1.030141e-08,-0.00263926
-1.025141e-08,-0.0134869
-1.020141e-08,-0.0134869
-1.015141e-08,-0.00365537
-1.010141e-08,0.00392425
-1.005141e-08,0.00472066
-1.000141e-08,-0.00351806
-9.951412e-09,-0.00717056
-9.901412e-09,0.00540722
-9.851412e-09,0.0126298
-9.801412e-09,0.00732958
-9.751412e-09,0.00790629
-9.701412e-09,0.0136185
-9.651412e-09,0.0149367
-9.601412e-09,0.0126847
-9.551412e-09,0.00999344
-9.501412e-09,0.00719227
-9.451412e-09,0.00754928
-9.401412e-09,0.00991105
-9.351412e-09,0.00488543
-9.301412e-09,-0.00288642
-9.251412e-09,-0.00343567
-9.201412e-09,0.00222158
-9.151412e-09,0.00971881
-9.101412e-09,0.0166943
-9.051412e-09,0.0207587
-9.001412e-09,0.0185617
-8.951412e-09,0.011751
-8.901412e-09,0.00499528
-8.851412e-09,0.00246874
-8.801412e-09,0.0054896
-8.751412e-09,0.00829077
-8.701412e-09,0.0106251
-8.651412e-09,0.0142776
-8.601412e-09,0.00966389
-8.551412e-09,0.00027175
-8.501412e-09,0.00233143
-8.451412e-09,0.00573677
-8.401412e-09,-0.00403984
-8.351412e-09,-0.0106034
-8.301412e-09,-0.000771821
-8.251412e-09,0.00993851
-8.201412e-09,0.0109272
-8.151412e-09,0.0137832
-8.101412e-09,0.0195503
-8.051412e-09,0.0217748
-8.001412e-09,0.0289974
-7.951412e-09,0.0304804
-7.901412e-09,0.0172435
-7.851412e-09,0.0121904
-7.801412e-09,0.01252
-7.751412e-09,0.00969135
-7.701412e-09,0.0126024
-7.651412e-09,0.0114215
-7.601412e-09,0.00551707
-7.551412e-09,0.00408902
-7.501412e-09,0.00235889
-7.451412e-09,0.00095831
-7.401412e-09,0.00491289
-7.351412e-09,0.0105152
-7.301412e-09,0.0116412
-7.251412e-09,0.00782391
-7.201412e-09,0.00581915
-7.151412e-09,0.0102681
-7.101412e-09,0.0139206
-7.051412e-09,0.0136185
-7.001412e-09,0.0114764
-6.951412e-09,0.00537975
-6.901412e-09,0.000299213
-6.851412e-09,0.000711148
-6.801412e-09,0.00419887
-6.751412e-09,0.00991105
-6.701412e-09,0.0125474
-6.651412e-09,0.008483
-6.601412e-09,0.00408902
-6.551412e-09,0.00367709
-6.501412e-09,0.0101307
-6.451412e-09,0.0151838
-6.401412e-09,0.0100209
-6.351412e-09,0.00894986
-6.301412e-09,0.012163
-6.251412e-09,0.0109546
-6.201412e-09,0.0130418
-6.151412e-09,0.0201271
-6.101412e-09,0.0330618
-6.051412e-09,0.0480838
-6.001412e-09,0.0521482
-5.951412e-09,0.0476444
-5.901412e-09,0.044294
-5.851412e-09,0.0416576
-5.801412e-09,0.0352039
-5.751412e-09,0.0232578
-5.701412e-09,0.0113116
-5.651412e-09,0.00971881
-5.601412e-09,0.0144423
-5.551412e-09,0.0110645
-5.501412e-09,0.00180964
-5.451412e-09,0.00142517
-5.401412e-09,0.0128495
-5.351412e-09,0.0220769
-5.301412e-09,0.022379
-5.251412e-09,0.0215002
-5.201412e-09,0.0205665
-5.151412e-09,0.0176005
-5.101412e-09,0.0133713
-5.051412e-09,0.00812599
-5.001412e-09,0.00576423
-4.951412e-09,0.00894986
-4.901412e-09,0.0122179
-4.851412e-09,0.0130143
-4.801412e-09,0.0153486
-4.751412e-09,0.016502
-4.701412e-09,0.0114764
-4.651412e-09,0.00911464
-4.601412e-09,0.0115588
-4.551412e-09,0.00408902
-4.501412e-09,-0.00557774
-4.451412e-09,-2.87366e-06
-4.401412e-09,0.0100758
-4.351412e-09,0.0144149
-4.301412e-09,0.0144698
-4.251412e-09,0.00878509
-4.201412e-09,0.00683526
-4.151412e-09,0.00916956
-4.101412e-09,-0.00030496
-4.051412e-09,-0.0121412
-4.001412e-09,-0.0121962
-3.951412e-09,-0.00917531
-3.901412e-09,-0.00527565
-3.851412e-09,0.00134278
-3.801412e-09,0.00859285
-3.751412e-09,0.0201271
-3.701412e-09,0.027075
-3.651412e-09,0.0188912
-3.601412e-09,0.016859
-3.551412e-09,0.0319084
-3.501412e-09,0.0459692
-3.451412e-09,0.0550592
-3.401412e-09,0.0632979
-3.351412e-09,0.0660167
-3.301412e-09,0.056652
-3.251412e-09,0.0405865
-3.201412e-09,0.0261688
-3.151412e-09,0.00829077
-3.101412e-09,-0.00717056
-3.051412e-09,-0.00892815
-3.001412e-09,-0.00241956
-2.951412e-09,0.00290814
-2.901412e-09,0.00455588
-2.851412e-09,0.00543468
-2.801412e-09,0.00919703
-2.751412e-09,0.0143874
-2.701412e-09,0.0112018
-2.651412e-09,0.00244128
-2.601412e-09,-0.00274911
-2.551412e-09,-0.00848875
-2.501412e-09,-0.0101914
-2.451412e-09,-0.00230971
-2.401412e-09,0.00332008
-2.351412e-09,0.000930848
-2.301412e-09,-0.000689433
-2.251412e-09,-0.00230971
-2.201412e-09,-0.00840636
-2.151412e-09,-0.00513834
-2.101412e-09,0.0089224
-2.051412e-09,0.0173808
-2.001412e-09,0.0202644
-1.951412e-09,0.02345
-1.901412e-09,0.0273771
-1.851412e-09,0.0316613
-1.801412e-09,0.0348469
-1.751412e-09,0.0345723
-1.701412e-09,0.0290249
-1.651412e-09,0.0182871
-1.601412e-09,0.00477558
-1.551412e-09,0.0012604
-1.501412e-09,0.00513259
-1.451412e-09,-0.00167808
-1.401412e-09,-0.00826905
-1.351412e-09,-0.00211748
-1.301412e-09,0.00266098
-1.251412e-09,-0.000442272
-1.201412e-09,-0.00165062
-1.151412e-09,-0.00203509
-1.101412e-09,-0.00255688
-1.051412e-09,0.00678034
-1.001412e-09,0.0180125
-9.514125e-10,0.0208685
-9.014125e-10,0.0218846
-8.514125e-10,0.0236972
-8.014125e-10,0.0271849
-7.514125e-10,0.032183
-7.014125e-10,0.0332266
-6.514125e-10,0.0329795
-6.014125e-10,0.0310296
-5.514125e-10,0.0205665
-5.014125e-10,0.0116412
-4.514125e-10,0.0118883
-4.014125e-10,0.015074
-3.514125e-10,0.0174357
-3.014125e-10,0.0146895
-2.514125e-10,0.0137009
-2.014125e-10,0.0181772
-1.514125e-10,0.0211157
-1.014125e-10,0.0419047
-5.141246e-11,0.0963901
-1.412459e-12,0.160954
4.858754e-11,0.215577
9.858754e-11,0.272094
1.485875e-10,0.343057
1.985875e-10,0.409269
2.485875e-10,0.440604
2.985875e-10,0.431431
3.485875e-10,0.395456
3.985875e-10,0.347314
4.485875e-10,0.288325
4.985875e-10,0.221207
5.485875e-10,0.163645
5.985875e-10,0.120832
6.485875e-10,0.0947149
6.985875e-10,0.0909526
7.485875e-10,0.0973788
7.985875e-10,0.101223
8.485875e-10,0.0947149
8.985875e-10,0.0756835
9.485875e-10,0.0554711
9.985875e-10,0.0441841
1.048588e-09,0.0399
1.098588e-09,0.0351764
1.148588e-09,0.0341054
1.198588e-09,0.0435799
1.248588e-09,0.057064
1.298588e-09,0.0595356
1.348588e-09,0.0456945
1.398588e-09,0.031826
1.448588e-09,0.0304529
1.498588e-09,0.035506
1.548588e-09,0.0348469
1.598588e-09,0.024878
1.648588e-09,0.015788
1.698588e-09,0.0141952
1.748588e-09,0.0120806
1.798588e-09,0.00867524
1.848588e-09,0.0106251
1.898588e-09,0.0111743
1.948588e-09,0.0120531
1.998588e-09,0.0203193
2.048588e-09,0.0215276
2.098588e-09,0.0113116
2.148588e-09,0.00532483
2.198588e-09,0.00708242
2.248588e-09,0.00774152
2.298588e-09,0.00955404
2.348588e-09,0.0141952
2.398588e-09,0.0151564
2.448588e-09,0.0193856
2.498588e-09,0.0251252
2.548588e-09,0.0200996
2.598588e-09,0.00933434
2.648588e-09,0.00180964
2.698588e-09,-0.000140186
2.748588e-09,0.00095831
2.798588e-09,0.0040341
2.848588e-09,0.0065881
2.898588e-09,0.00120547
2.948588e-09,-0.0062643
2.998588e-09,-0.0015133
3.048588e-09,0.0115588
3.098588e-09,0.016145
3.148588e-09,0.013948
3.198588e-09,0.0177104
3.248588e-09,0.0237796
3.298588e-09,0.026773
3.348588e-09,0.0277341
3.398588e-09,0.0224339
3.448588e-09,0.0105152
3.498588e-09,-0.000964057
3.548588e-09,-0.00766488
3.598588e-09,-0.00447924
3.648588e-09,0.00991105
3.698588e-09,0.0193581
3.748588e-09,0.0164196
3.798588e-09,0.0167492
3.848588e-09,0.0257294
3.898588e-09,0.0278165
3.948588e-09,0.0185892
3.998588e-09,0.0169963
4.048588e-09,0.0237796
4.098588e-09,0.0209509
4.148588e-09,0.0116412
4.198588e-09,0.00590154
4.248588e-09,0.00384186
4.298588e-09,0.00455588
4.348588e-09,0.00406156
4.398588e-09,-0.00373776
4.448588e-09,-0.0127729
4.498588e-09,-0.0141185
4.548588e-09,-0.0130475
4.598588e-09,-0.0136791
4.648588e-09,-0.0114822
4.698588e-09,-0.00442432
4.748588e-09,0.00375947
4.798588e-09,0.00911464
4.848588e-09,0.0129594
4.898588e-09,0.013591
4.948588e-09,0.0105427
4.998588e-09,0.00952657
5.048588e-09,0.0042538
5.098588e-09,-0.00695086
5.148588e-09,-0.0092577
5.198588e-09,-0.0037103
5.248588e-09,0.00397917
5.298588e-09,0.0152937
5.348588e-09,0.0213629
5.398588e-09,0.0189462
5.448588e-09,0.0168316
5.498588e-09,0.0209235
5.548588e-09,0.0269103
5.598588e-09,0.0249604
5.648588e-09,0.0162549
5.698588e-09,0.0127397
5.748588e-09,0.0166668
5.798588e-09,0.023093
5.848588e-09,0.0308923
5.898588e-09,0.0329795
5.948588e-09,0.0338857
5.998588e-09,0.0433053
6.048588e-09,0.0426462
6.098588e-09,0.0291347
6.148588e-09,0.0246309
6.198588e-09,0.0260864
6.248588e-09,0.0234225
6.298588e-09,0.0192757
6.348588e-09,0.0115863
6.398588e-09,0.00238635
6.448588e-09,-0.00178793
6.498588e-09,-0.00467148
6.548588e-09,-0.00653892
6.598588e-09,-0.00620937
6.648588e-09,-0.00824159
6.698588e-09,-0.0145854
6.748588e-09,-0.0189245
6.798588e-09,-0.0115096
6.848588e-09,0.000299213
6.898588e-09,0.00342992
6.948588e-09,0.00395171
6.998588e-09,0.00537975
7.048588e-09,-0.00590729
7.098588e-09,-0.0230164
7.148588e-09,-0.0206546
7.198588e-09,-0.00272165
7.248588e-09,0.0068078
7.298588e-09,0.00710988
7.348588e-09,0.0091421
7.398588e-09,0.011037
7.448588e-09,0.0116686
7.498588e-09,0.00752182
7.548588e-09,-0.001733
7.598588e-09,-0.00428701
7.648588e-09,-0.00019511
7.698588e-09,0.00342992
7.748588e-09,0.00730212
7.798588e-09,0.0133164
7.848588e-09,0.0172984
7.898588e-09,0.0168041
7.948588e-09,0.0181772
7.998588e-09,0.0208685
8.048588e-09,0.0215826
8.098588e-09,0.0231205
8.148588e-09,0.023807
8.198588e-09,0.0206214
8.248588e-09,0.0164196
8.298588e-09,0.0147994
8.348588e-09,0.0109272
8.398588e-09,0.0010407
8.448588e-09,-0.00310612
8.498588e-09,0.000738611
8.548588e-09,-0.00230971
8.598588e-09,-0.00700578
8.648588e-09,-0.000854208
8.698588e-09,0.0082633
8.748588e-09,0.0147444
8.798588e-09,0.0199897
8.848588e-09,0.0260315
8.898588e-09,0.0257019
8.948588e-09,0.0117785
8.998588e-09,0.00274337
9.048588e-09,0.00175472
9.098588e-09,-0.00382015
9.148588e-09,-0.00678608
9.198588e-09,-0.00620937
9.248588e-09,-0.00329836
9.298588e-09,0.000326675
9.348588e-09,-0.00728041
9.398588e-09,-0.0171119
9.448588e-09,-0.0195561
9.498588e-09,-0.0218904
9.548588e-09,-0.022522
9.598588e-09,-0.0248289
9.648588e-09,-0.0295524
9.698588e-09,-0.0270533
9.748588e-09,-0.0227692
9.798588e-09,-0.0188146
9.848588e-09,-0.0102463
9.898588e-09,-0.00354552
9.948588e-09,0.000683686
9.998588e-09,0.00664302
1.004859e-08,0.016145
1.009859e-08,0.0263061
1.014859e-08,0.0218846
1.019859e-08,0.00916956
1.024859e-08,0.00960896
1.029859e-08,0.0160626
1.034859e-08,0.0202918
1.039859e-08,0.0278165
1.044859e-08,0.0330344
1.049859e-08,0.0311944
1.054859e-08,0.0271025
1.059859e-08,0.0258118
1.064859e-08,0.0226811
1.069859e-08,0.0114489
1.074859e-08,0.0040341
1.079859e-08,0.0106251
1.084859e-08,0.0229282
1.089859e-08,0.0313866
1.094859e-08,0.0312493
1.099859e-08,0.0251527
1.104859e-08,0.0261962
1.109859e-08,0.0321281
1.114859e-08,0.0272673
1.119859e-08,0.0154035
1.124859e-08,0.00507767
1.129859e-08,-0.00335328
1.134859e-08,-0.0062643
1.139859e-08,-0.00401238
1.144859e-08,-0.000964057
1.149859e-08,0.00444603
1.154859e-08,0.0095815
1.159859e-08,0.0105701
1.164859e-08,0.0123552
1.169859e-08,0.00993851
1.174859e-08,-0.00206255
1.179859e-08,-0.0103837
1.184859e-08,-0.0102189
1.189859e-08,-0.0162057
1.194859e-08,-0.0261745
1.199859e-08,-0.0235107
1.204859e-08,-0.0200779
1.209859e-08,-0.0261196
1.214859e-08,-0.0221101
1.219859e-08,-0.0053855
1.224859e-08,-0.00527565
1.229859e-08,-0.0212862
1.234859e-08,-0.0159036
1.239859e-08,0.00233143
1.244859e-08,0.00628601
1.249859e-08,0.00510513
1.254859e-08,0.00296306
1.259859e-08,0.000354137
1.264859e-08,-0.00187032
1.269859e-08,-0.00747264
1.274859e-08,-0.0081592
1.279859e-08,-0.00302374
1.284859e-08,-0.000277498
1.289859e-08,0.00400663
1.294859e-08,0.0126847
1.299859e-08,0.0122454
1.304859e-08,0.00463827
1.309859e-08,0.0054896
1.314859e-08,0.00631348
1.319859e-08,0.00697257
1.324859e-08,0.017628
1.329859e-08,0.0230106
1.334859e-08,0.0167766
1.339859e-08,0.0125749
1.344859e-08,0.0117236
1.349859e-08,0.0147719
1.354859e-08,0.0224888
1.359859e-08,0.0222417
1.364859e-08,0.0171337
1.369859e-08,0.0166943
1.374859e-08,0.0138656
1.379859e-08,0.0119158
1.384859e-08,0.013948
1.389859e-08,0.00903225
1.394859e-08,0.00224904
1.399859e-08,0.000628761
1.404859e-08,-5.77984e-05
1.409859e-08,0.000766073
1.414859e-08,-0.00467148
1.419859e-08,-0.0158212
1.424859e-08,-0.0141185
1.429859e-08,-0.00269419
1.434859e-08,0.00084846
1.439859e-08,-0.00368283
1.444859e-08,-0.00955978
1.449859e-08,-0.0118392
1.454859e-08,-0.00288642
1.459859e-08,0.00727466
1.464859e-08,0.00332008
1.469859e-08,-0.00214494
1.474859e-08,0.00532483
1.479859e-08,0.0200447
1.484859e-08,0.0257568
1.489859e-08,0.0145797
1.494859e-08,0.00573677
1.499859e-08,0.0111743
1.504859e-08,0.0136734
1.509859e-08,0.00905971
1.514859e-08,0.00678034
1.519859e-08,0.00494036
1.524859e-08,0.00310038
1.529859e-08,-0.000414809
1.534859e-08,-0.00813174
1.539859e-08,-0.0146129
1.544859e-08,-0.0156015
1.549859e-08,-0.010109
1.554859e-08,-0.000524659
1.559859e-08,0.00955404
1.564859e-08,0.0177653
1.569859e-08,0.0239993
1.574859e-08,0.0286953
1.579859e-08,0.0320457
1.584859e-08,0.0315239
1.589859e-08,0.023093
1.594859e-08,0.011806
1.599859e-08,0.0105701
1.604859e-08,0.0204291
1.609859e-08,0.0249055
1.614859e-08,0.0207038
1.619859e-08,0.0130967
1.624859e-08,0.00167233
1.629859e-08,-0.00384761
1.634859e-08,-0.000716896
1.639859e-08,-0.0023921
1.644859e-08,-0.00568759
1.649859e-08,0.0027159
1.654859e-08,0.0127397
1.659859e-08,0.0201545
1.664859e-08,0.0306177
1.669859e-08,0.0366045
1.674859e-08,0.0372361
1.679859e-08,0.0337209
1.684859e-08,0.0260864
1.689859e-08,0.0201271
1.694859e-08,0.0177104
1.699859e-08,0.0188912
1.704859e-08,0.0181772
1.709859e-08,0.0129594
1.714859e-08,0.011394
1.719859e-08,0.0160077
1.724859e-08,0.0251252
1.729859e-08,0.0291896
1.734859e-08,0.0201545
1.739859e-08,0.0107075
1.744859e-08,0.00562692
1.749859e-08,-0.00412223
1.754859e-08,-0.0137341
1.759859e-08,-0.0139538
1.764859e-08,-0.0127454
1.769859e-08,-0.0161233
1.774859e-08,-0.011949
1.779859e-08,0.000326675
1.784859e-08,0.00634094
1.789859e-08,0.00455588
1.794859e-08,0.00367709
1.799859e-08,0.00713735
1.804859e-08,0.00911464
1.809859e-08,0.00903225
1.814859e-08,0.0121904
1.819859e-08,0.0179301
1.824859e-08,0.0246584
1.829859e-08,0.0257843
1.834859e-08,0.0249604
1.839859e-08,0.03438
1.844859e-08,0.0433877
1.849859e-08,0.0426737
1.854859e-08,0.0346821
1.859859e-08,0.0187539
1.864859e-08,0.00938926
1.869859e-08,0.0108997
1.874859e-08,0.00749436
1.879859e-08,0.00433618
1.884859e-08,0.0113391
1.889859e-08,0.0184793
1.894859e-08,0.0163922
1.899859e-08,0.012108
1.904859e-08,0.00461081
1.909859e-08,-0.0104386
1.914859e-08,-0.020325
1.919859e-08,-0.0216707
1.924859e-08,-0.015629
1.929859e-08,-0.0030512
1.934859e-08,0.0110095
1.939859e-08,0.0240267
1.944859e-08,0.0269103
1.949859e-08,0.0264709
1.954859e-08,0.0325401
1.959859e-08,0.0304255
1.964859e-08,0.0219121
1.969859e-08,0.0246309
1.974859e-08,0.0309472
1.979859e-08,0.0302607
1.984859e-08,0.0316613
1.989859e-08,0.0325126
1.994859e-08,0.0237246
1.999859e-08,0.0169414
2.004859e-08,0.0174083
2.009859e-08,0.0127671
2.014859e-08,0.00334754
2.019859e-08,0.00131532
2.024859e-08,0.00752182
2.029859e-08,0.0114489
2.034859e-08,0.00969135
2.039859e-08,0.0131791
2.044859e-08,0.0262786
2.049859e-08,0.0344899
2.054859e-08,0.0282285
2.059859e-08,0.0205115
2.064859e-08,0.022379
2.069859e-08,0.0250154
2.074859e-08,0.0225712
2.079859e-08,0.0197975
2.084859e-08,0.0174083
2.089859e-08,0.0178751
2.094859e-08,0.0201545
2.099859e-08,0.0151838
2.104859e-08,0.0102681
2.109859e-08,0.0105701
2.114859e-08,0.00513259
2.119859e-08,-0.00252941
2.124859e-08,-0.00266673
2.129859e-08,-0.00145838
2.134859e-08,-0.00769234
2.139859e-08,-0.0129102
2.144859e-08,-0.0088183
2.149859e-08,-0.00099152
2.154859e-08,0.00894986
2.159859e-08,0.0152113
2.164859e-08,0.0244387
2.169859e-08,0.0494294
2.174859e-08,0.0658245
2.179859e-08,0.0648633
2.184859e-08,0.0595905
2.189859e-08,0.0500885
2.194859e-08,0.0432504
2.199859e-08,0.0322105
2.204859e-08,0.0144149
2.209859e-08,0.00310038
2.214859e-08,-0.00409477
2.219859e-08,-0.00467148
2.224859e-08,0.00235889
2.229859e-08,0.00719227
2.234859e-08,0.00436365
2.239859e-08,-0.00129361
2.244859e-08,0.00263352
2.249859e-08,0.00656064
2.254859e-08,-0.0028315
2.259859e-08,-0.0127729
2.264859e-08,-0.0115645
2.269859e-08,-0.00799443
2.274859e-08,-0.00587982
2.279859e-08,0.00389679
2.284859e-08,0.00933434
2.289859e-08,0.00436365
2.294859e-08,0.00922449
2.299859e-08,0.0197151
2.304859e-08,0.0206214
2.309859e-08,0.021253
2.314859e-08,0.0224888
2.319859e-08,0.014305
2.324859e-08,0.00878509
2.329859e-08,0.0169963
2.334859e-08,0.0231479
2.339859e-08,0.0158429
2.344859e-08,0.00999344
2.349859e-08,0.0100209
2.354859e-08,0.0072472
2.359859e-08,0.0123827
2.364859e-08,0.0244936
2.369859e-08,0.0344899
2.374859e-08,0.0454474
2.379859e-08,0.0455572
2.384859e-08,0.0373185
2.389859e-08,0.0363024
2.394859e-08,0.029272
2.399859e-08,0.0154035
2.404859e-08,0.0140853
2.409859e-08,0.0185342
2.414859e-08,0.0176829
2.419859e-08,0.01977
2.424859e-08,0.024878
2.429859e-08,0.024164
2.434859e-08,0.0227909
2.439859e-08,0.0227909
2.444859e-08,0.0180399
2.449859e-08,0.0203742
2.454859e-08,0.0306452
2.459859e-08,0.0283932
2.464859e-08,0.0154585
2.469859e-08,0.0133438
2.474859e-08,0.0228458
2.479859e-08,0.0209784
2.484859e-08,0.0118334
2.489859e-08,0.0151564
2.494859e-08,0.0156507
2.499859e-08,0.00601139
2.504859e-08,0.000216825
2.509859e-08,0.000491449
2.514859e-08,0.00546214
2.519859e-08,0.00878509
2.524859e-08,0.00807107
2.529859e-08,0.00823584
2.534859e-08,0.0065881
2.539859e-08,0.00543468
2.544859e-08,0.0103504
2.549859e-08,0.0125749
2.554859e-08,0.0110645
2.559859e-08,0.0174357
2.564859e-08,0.0235324
2.569859e-08,0.0236972
2.574859e-08,0.0230106
2.579859e-08,0.0171886
2.584859e-08,0.0115039
2.589859e-08,0.00842808
2.594859e-08,0.00321023
2.599859e-08,0.00191949
2.604859e-08,0.00686272
2.609859e-08,0.00820838
2.614859e-08,0.00290814
2.619859e-08,0.00277083
2.624859e-08,0.00373201
2.629859e-08,-0.00176047
2.634859e-08,-0.000744358
2.639859e-08,0.0057093
2.644859e-08,0.00796122
2.649859e-08,0.00774152
2.654859e-08,0.00202934
2.659859e-08,-0.00453417
2.664859e-08,0.000683686
2.669859e-08,0.00590154
2.674859e-08,-0.0019527
2.679859e-08,-0.00763742
2.684859e-08,-0.00601714
2.689859e-08,-0.00824159
2.694859e-08,-0.00912039
2.699859e-08,-0.00719802
2.704859e-08,-0.0134869
2.709859e-08,-0.0212588
2.714859e-08,-0.0153543
2.719859e-08,-0.00189778
2.724859e-08,0.00150756
2.729859e-08,-0.00576998
2.734859e-08,-0.00884576
2.739859e-08,-0.00296881
2.744859e-08,0.00694511
2.749859e-08,0.0196053
2.754859e-08,0.0265807
2.759859e-08,0.0240816
2.764859e-08,0.0227909
2.769859e-08,0.0210882
2.774859e-08,0.0164471
2.779859e-08,0.0107624
2.784859e-08,-0.000634509
2.789859e-08,-0.00854368
2.794859e-08,-0.00898307
2.799859e-08,-0.00942247
2.804859e-08,-0.0092577
2.809859e-08,-0.00826905
2.814859e-08,-0.0023921
2.819859e-08,0.00513259
2.824859e-08,0.00494036
2.829859e-08,0.00537975
2.834859e-08,0.0130418
2.839859e-08,0.0202644
2.844859e-08,0.0178477
2.849859e-08,0.0112292
2.854859e-08,0.00982866
2.859859e-08,0.00299053
2.864859e-08,-0.00274911
2.869859e-08,0.00282575
2.874859e-08,0.000766073
2.879859e-08,-0.00755503
2.884859e-08,-0.0102189
2.889859e-08,-0.0110977
2.894859e-08,-0.0115645
2.899859e-08,-0.0117842
2.904859e-08,-0.0111801
2.909859e-08,-0.0105759
2.914859e-08,-0.00829651
2.919859e-08,0.000409062
2.924859e-08,0.00856539
2.929859e-08,0.0107624
2.934859e-08,0.0132889
2.939859e-08,0.0144698
2.944859e-08,0.00875763
2.949859e-08,0.00439111
2.954859e-08,0.00647825
2.959859e-08,0.00862032
2.964859e-08,0.0116137
2.969859e-08,0.0129319
2.974859e-08,0.0072472
2.979859e-08,0.0057093
2.984859e-08,0.00584661
2.989859e-08,0.00167233
2.994859e-08,0.00916956
2.999859e-08,0.0194954
3.004859e-08,0.0175456
3.009859e-08,0.0166393
3.014859e-08,0.0171062
3.019859e-08,0.0155134
3.024859e-08,0.0205115
3.029859e-08,0.026718
3.034859e-08,0.022736
3.039859e-08,0.0158978
3.044859e-08,0.0215002
3.049859e-08,0.0294643
3.054859e-08,0.0255646
3.059859e-08,0.0169963
3.064859e-08,0.00952657
3.069859e-08,0.00565438
3.074859e-08,0.00321023
3.079859e-08,-0.000744358
3.084859e-08,-0.000826745
3.089859e-08,0.00194696
3.094859e-08,0.00310038
3.099859e-08,0.00238635
3.104859e-08,0.00172726
3.109859e-08,0.00537975
3.114859e-08,0.0111469
3.119859e-08,0.01068
3.124859e-08,0.0091421
3.129859e-08,0.0119982
3.134859e-08,0.00815346
3.139859e-08,-0.00241956
3.144859e-08,-0.0105484
3.149859e-08,-0.0122786
3.154859e-08,-0.00379268
3.159859e-08,0.00518752
3.164859e-08,0.0044735
3.169859e-08,0.00235889
3.174859e-08,0.00235889
3.179859e-08,-0.00244703
3.184859e-08,-0.0028315
3.189859e-08,0.00716481
3.194859e-08,0.0107624
3.199859e-08,0.00554453
3.204859e-08,0.00332008
3.209859e-08,0.00601139
3.214859e-08,0.00977374
3.219859e-08,0.00999344
3.224859e-08,0.0091421
3.229859e-08,0.0141128
3.234859e-08,0.0187539
3.239859e-08,0.0149641
3.244859e-08,0.0113666
3.249859e-08,0.0137283
3.254859e-08,0.0158978
3.259859e-08,0.0174357
3.264859e-08,0.0206488
3.269859e-08,0.0190286
3.274859e-08,0.00875763
3.279859e-08,0.00222158
3.284859e-08,0.00732958
3.289859e-08,0.0140853
3.294859e-08,0.0168316
3.299859e-08,0.0183145
3.304859e-08,0.0185617
3.309859e-08,0.017985
3.314859e-08,0.0163372
3.319859e-08,0.0156781
3.324859e-08,0.0247133
3.329859e-08,0.0361926
3.334859e-08,0.0391036
3.339859e-08,0.0391036
3.344859e-08,0.0367693
3.349859e-08,0.0348194
3.354859e-08,0.0348194
3.359859e-08,0.0285305
3.364859e-08,0.0249604
3.369859e-08,0.0303156
3.374859e-08,0.02713
3.379859e-08,0.0222417
3.384859e-08,0.0282285
3.389859e-08,0.0221867
3.394859e-08,0.00450096
3.399859e-08,-0.00159569
3.404859e-08,-0.00170554
3.409859e-08,-0.00519326
3.414859e-08,-0.00343567
3.419859e-08,0.00815346
3.424859e-08,0.0210059
3.429859e-08,0.0266631
3.434859e-08,0.023093
3.439859e-08,0.019468
3.444859e-08,0.021665
3.449859e-08,0.0218846
3.454859e-08,0.0251527
3.459859e-08,0.031826
3.464859e-08,0.0276243
3.469859e-08,0.0213354
3.474859e-08,0.0166119
3.479859e-08,0.00216665
3.484859e-08,-0.00266673
3.489859e-08,0.00922449
3.494859e-08,0.0105701
3.499859e-08,0.0063684
3.504859e-08,0.0122179
3.509859e-08,0.0136459
3.514859e-08,0.0112567
3.519859e-08,0.00966389
3.524859e-08,-0.000469734
3.529859e-08,-0.00868099
3.534859e-08,-0.00890069
3.539859e-08,-0.00868099
3.544859e-08,-0.00266673
3.549859e-08,0.00540722
3.554859e-08,0.00576423
3.559859e-08,0.00612124
3.564859e-08,0.0119707
3.569859e-08,0.0139206
3.574859e-08,0.00837315
3.579859e-08,0.00128786
3.584859e-08,-0.00653892
3.589859e-08,-0.00527565
3.594859e-08,0.00925195
3.599859e-08,0.0142501
3.604859e-08,0.00785137
3.609859e-08,0.00411648
3.614859e-08,0.000409062
3.619859e-08,-0.000854208
3.624859e-08,-0.00313359
3.629859e-08,-0.00895561
3.634859e-08,-0.00620937
3.639859e-08,0.000766073
3.644859e-08,0.00754928
3.649859e-08,0.0168865
3.654859e-08,0.0165569
3.659859e-08,0.0038144
3.664859e-08,-0.0037103
3.669859e-08,0.000573836
3.674859e-08,0.00741197
3.679859e-08,0.0110095
3.684859e-08,0.00999344
3.689859e-08,0.0112018
3.694859e-08,0.0147994
3.699859e-08,0.0117785
3.704859e-08,0.0132615
3.709859e-08,0.0185892
3.714859e-08,0.0112292
3.719859e-08,0.00084846
3.724859e-08,-0.00258434
3.729859e-08,-0.00360045
3.734859e-08,-0.00486372
3.739859e-08,-0.00651146
3.744859e-08,-0.00329836
3.749859e-08,0.00332008
3.754859e-08,0.00774152
3.759859e-08,0.0132615
3.764859e-08,0.0141677
3.769859e-08,0.00752182
3.774859e-08,0.00156248
3.779859e-08,-0.000469734
3.784859e-08,0.00606631
3.789859e-08,0.0120531
3.794859e-08,0.0103504
3.799859e-08,0.0119982
3.804859e-08,0.0145247
3.809859e-08,0.0138382
3.814859e-08,0.0101857
3.819859e-08,0.00238635
3.824859e-08,0.00406156
3.829859e-08,0.0104054
3.834859e-08,0.00754928
3.839859e-08,0.00540722
3.844859e-08,0.00175472
3.849859e-08,-0.00530311
3.854859e-08,-0.00587982
3.859859e-08,-0.00634669
3.864859e-08,-0.0108231
3.869859e-08,-0.011949
3.874859e-08,-0.00906546
3.879859e-08,-0.00511088
3.884859e-08,-0.00280404
3.889859e-08,-0.00500103
3.894859e-08,-0.00491864
3.899859e-08,0.000875923
3.904859e-08,0.00650571
3.909859e-08,0.00787883
3.914859e-08,0.00466573
3.919859e-08,0.00705496
3.924859e-08,0.0193032
3.929859e-08,0.0265258
3.934859e-08,0.0225163
3.939859e-08,0.0147719
3.944859e-08,0.00908718
3.949859e-08,0.0114764
3.954859e-08,0.0187265
3.959859e-08,0.0225163
3.964859e-08,0.0207587
3.969859e-08,0.0162549
3.974859e-08,0.0145797
3.979859e-08,0.00938926
3.984859e-08,0.00326515
3.989859e-08,0.0108173
3.994859e-08,0.0208411
3.999859e-08,0.0227085
4.004859e-08,0.0251252
4.009859e-08,0.0277067
4.014859e-08,0.0294643
4.019859e-08,0.0308923
4.024859e-08,0.0286129
4.029859e-08,0.026004
4.034859e-08,0.016914
4.039859e-08,-0.00030496
4.044859e-08,-0.00409477
4.049859e-08,0.00700004
4.054859e-08,0.0166119
4.059859e-08,0.0205939
4.064859e-08,0.0201271
4.069859e-08,0.0219945
4.074859e-08,0.0253998
4.079859e-08,0.024933
4.084859e-08,0.0227634
4.089859e-08,0.0124925
4.094859e-08,-0.00030496
4.099859e-08,-0.00313359
4.104859e-08,-0.00382015
4.109859e-08,-0.00475387
4.114859e-08,0.00164487
4.119859e-08,0.0122728
4.124859e-08,0.015788
4.129859e-08,0.0145522
4.134859e-08,0.0185892
4.139859e-08,0.0167217
4.144859e-08,0.0074669
4.149859e-08,0.00845554
4.154859e-08,0.0129319
4.159859e-08,0.0123277
4.164859e-08,0.0107075
4.169859e-08,0.0054896
4.174859e-08,-0.00030496
4.179859e-08,0.000793536
4.184859e-08,0.00573677
4.189859e-08,0.0061487
4.194859e-08,0.00930688
4.199859e-08,0.016145
4.204859e-08,0.0164746
4.209859e-08,0.0218297
4.214859e-08,0.0311395
4.219859e-08,0.0277891
4.224859e-08,0.0148268
4.229859e-08,0.00771406
4.234859e-08,0.0123277
4.239859e-08,0.0122179
4.244859e-08,0.00603885
4.249859e-08,0.0098012
4.254859e-08,0.014717
4.259859e-08,0.0144698
4.264859e-08,0.0213629
4.269859e-08,0.0229557
4.274859e-08,0.00884002
4.279859e-08,0.00414395
4.284859e-08,0.00785137
4.289859e-08,0.00169979
4.294859e-08,-0.00112883
4.299859e-08,0.00524244
4.304859e-08,0.00834569
4.309859e-08,0.00897733
4.314859e-08,0.0133164
4.319859e-08,0.0138107
4.324859e-08,0.00620363
4.329859e-08,0.000409062
4.334859e-08,0.00277083
4.339859e-08,0.0061487
4.344859e-08,0.00422633
4.349859e-08,0.00603885
4.354859e-08,0.0119433
4.359859e-08,0.0120806
4.364859e-08,0.0165844
4.369859e-08,0.0306177
4.374859e-08,0.0371537
4.379859e-08,0.0317436
4.384859e-08,0.026004
4.389859e-08,0.0278714
4.394859e-08,0.0342976
4.399859e-08,0.0323478
4.404859e-08,0.0219121
4.409859e-08,0.0155134
4.414859e-08,0.0144149
4.419859e-08,0.0167492
4.424859e-08,0.0247682
4.429859e-08,0.0276243
4.434859e-08,0.0204017
4.439859e-08,0.0168316
4.444859e-08,0.0116686
4.449859e-08,0.003375
4.454859e-08,0.00565438
4.459859e-08,0.00565438
4.464859e-08,-0.00181539
4.469859e-08,0.0044735
4.474859e-08,0.0207038
4.479859e-08,0.0276243
4.484859e-08,0.026361
4.489859e-08,0.0217748
4.494859e-08,0.0167766
4.499859e-08,0.0147444
4.504859e-08,0.0138107
4.509859e-08,0.0125749
4.514859e-08,0.0148817
4.519859e-08,0.0214178
4.524859e-08,0.021665
4.529859e-08,0.0211157
4.534859e-08,0.0272947
4.539859e-08,0.0250428
4.544859e-08,0.0184793
4.549859e-08,0.0208411
4.554859e-08,0.0258392
4.559859e-08,0.0255097
4.564859e-08,0.0172984
4.569859e-08,0.0110645
4.574859e-08,0.01068
4.579859e-08,0.00375947
4.584859e-08,-0.00362791
4.589859e-08,-0.00101898
4.594859e-08,0.00175472
4.599859e-08,-0.000771821
4.604859e-08,0.00150756
4.609859e-08,0.0138382
4.614859e-08,0.0240816
4.619859e-08,0.0241915
4.624859e-08,0.0209235
4.629859e-08,0.015788
4.634859e-08,0.00862032
4.639859e-08,0.000436525
4.644859e-08,-0.00436939
4.649859e-08,0.00326515
4.654859e-08,0.0126847
4.659859e-08,0.0155134
4.664859e-08,0.0207312
4.669859e-08,0.0203193
4.674859e-08,0.01252
4.679859e-08,0.0129319
4.684859e-08,0.0112292
4.689859e-08,-0.00088167
4.694859e-08,-0.00821413
4.699859e-08,-0.00497357
4.704859e-08,0.00364962
4.709859e-08,0.00947165
4.714859e-08,0.00782391
4.719859e-08,0.00513259
4.724859e-08,0.0109821
4.729859e-08,0.0175181
4.734859e-08,0.0112018
4.739859e-08,0.00194696
4.744859e-08,-0.00143092
4.749859e-08,-0.00387507
4.754859e-08,-0.00667623
4.759859e-08,-0.00585236
4.764859e-08,0.00463827
4.769859e-08,0.0137832
4.774859e-08,0.0098012
4.779859e-08,0.00804361
4.784859e-08,0.0138656
4.789859e-08,0.0179575
4.794859e-08,0.0150191
4.799859e-08,0.00268844
4.804859e-08,-0.00763742
4.809859e-08,-0.0135968
4.814859e-08,-0.0187322
4.819859e-08,-0.0182104
4.824859e-08,-0.0180731
4.829859e-08,-0.0168648
4.834859e-08,-0.0106583
4.839859e-08,-0.00549535
4.844859e-08,-0.00228225
4.849859e-08,-0.00241956
4.854859e-08,-0.00346313
4.859859e-08,-0.00456163
4.864859e-08,-0.00774727
4.869859e-08,-0.0115096
4.874859e-08,-0.0158487
4.879859e-08,-0.0146678
4.884859e-08,-0.00955978
4.889859e-08,-0.00766488
4.894859e-08,-0.0069234
4.899859e-08,-0.0049461
4.904859e-08,-0.00357298
4.909859e-08,-0.012663
4.914859e-08,-0.0283166
4.919859e-08,-0.0296348
4.924859e-08,-0.0167
4.929859e-08,-0.00760996
4.934859e-08,-0.00722548
4.939859e-08,-0.00343567
4.944859e-08,0.00765913
4.949859e-08,0.0144149
4.954859e-08,0.0168865
4.959859e-08,0.0219945
4.964859e-08,0.0269377
4.969859e-08,0.0288876
4.974859e-08,0.0200172
4.979859e-08,0.00587408
4.984859e-08,0.00488543
4.989859e-08,0.00853793
4.994859e-08,0.00612124
4.999859e-08,0.0042538
5.004859e-08,0.00884002
5.009859e-08,0.0166943
5.014859e-08,0.0129868
5.019859e-08,0.00219412
5.024859e-08,0.00263352
5.029859e-08,0.00529737
5.034859e-08,-0.000414809
5.039859e-08,-0.00832398
5.044859e-08,-0.0128553
5.049859e-08,-0.00906546
5.054859e-08,-0.00401238
5.059859e-08,-0.00272165
5.064859e-08,0.000683686
5.069859e-08,0.00656064
5.074859e-08,0.0143325
5.079859e-08,0.0171337
5.084859e-08,0.0141952
5.089859e-08,0.0159802
5.094859e-08,0.0224064
5.099859e-08,0.0277067
5.104859e-08,0.0303705
5.109859e-08,0.028915
5.114859e-08,0.0233951
5.119859e-08,0.0203193
5.124859e-08,0.0199074
5.129859e-08,0.0153486
5.134859e-08,0.0091421
5.139859e-08,0.00974627
5.144859e-08,0.0188912
5.149859e-08,0.0259765
5.154859e-08,0.0213079
5.159859e-08,0.0121904
5.164859e-08,0.0122179
5.169859e-08,0.0151564
5.174859e-08,0.00944419
5.179859e-08,0.00606631
5.184859e-08,0.0129044
5.189859e-08,0.0179575
5.194859e-08,0.0144698
5.199859e-08,0.0108997
5.204859e-08,0.0131516
5.209859e-08,0.0169414
5.214859e-08,0.0166119
5.219859e-08,0.0156507
5.224859e-08,0.021253
5.229859e-08,0.0275419
5.234859e-08,0.0240816
5.239859e-08,0.0125749
5.244859e-08,0.00384186
5.249859e-08,0.000436525
5.254859e-08,-0.00266673
5.259859e-08,-0.00178793
5.264859e-08,0.00326515
5.269859e-08,0.00340246
5.274859e-08,0.000601299
5.279859e-08,0.000930848
5.284859e-08,0.00189203
5.289859e-08,-0.00101898
5.294859e-08,-0.00736279
5.299859e-08,-0.00851621
5.304859e-08,-0.00299627
5.309859e-08,0.00161741
5.314859e-08,0.00422633
5.319859e-08,0.00430872
5.324859e-08,0.00191949
5.329859e-08,0.00362216
5.334859e-08,0.011751
5.339859e-08,0.0191933
5.344859e-08,0.0181772
5.349859e-08,0.0118334
5.354859e-08,0.00700004
5.359859e-08,0.00230397
5.364859e-08,0.00161741
5.369859e-08,0.00840062
5.374859e-08,0.00873017
5.379859e-08,-0.000387347
5.384859e-08,-0.00099152
5.389859e-08,0.00708242
5.394859e-08,0.0070275
5.399859e-08,0.00230397
5.404859e-08,0.00112308
5.409859e-08,-0.000744358
5.414859e-08,0.00186457
5.419859e-08,0.0116961
5.424859e-08,0.0218846
5.429859e-08,0.0280911
5.434859e-08,0.0303431
5.439859e-08,0.0328971
5.444859e-08,0.0286953
5.449859e-08,0.0101033
5.454859e-08,-0.00931262
5.459859e-08,-0.0162057
5.464859e-08,-0.0134594
5.469859e-08,-0.00851621
5.474859e-08,-0.00187032
5.479859e-08,0.0108173
5.484859e-08,0.0242739
5.489859e-08,0.0294643
5.494859e-08,0.0316613
5.499859e-08,0.0382522
5.504859e-08,0.0410809
5.509859e-08,0.0321281
5.514859e-08,0.0246034
5.519859e-08,0.0251527
5.524859e-08,0.0238894
5.529859e-08,0.0282834
5.534859e-08,0.0360827
5.539859e-08,0.0283108
5.544859e-08,0.0184244
5.549859e-08,0.0135086
5.554859e-08,-0.000469734
5.559859e-08,-0.00651146
5.564859e-08,-0.000854208
5.569859e-08,-0.00346313
5.574859e-08,-0.00587982
5.579859e-08,-0.000112723
5.584859e-08,0.00639586
5.589859e-08,0.00787883
5.594859e-08,0.00378694
5.599859e-08,0.003375
5.604859e-08,0.00774152
5.609859e-08,0.0111743
5.614859e-08,0.0161725
5.619859e-08,0.0219121
5.624859e-08,0.0233676
5.629859e-08,0.0211981
5.634859e-08,0.0173259
5.639859e-08,0.0137009
5.644859e-08,0.0109546
5.649859e-08,0.0044735
5.654859e-08,-0.000909132
5.659859e-08,0.00213919
5.664859e-08,0.00645079
5.669859e-08,0.00505021
5.674859e-08,-0.000167648
5.679859e-08,-0.00255688
5.684859e-08,0.00205681
5.689859e-08,0.0108173
5.694859e-08,0.0168316
5.699859e-08,0.0174083
5.704859e-08,0.0188912
5.709859e-08,0.02161
5.714859e-08,0.0206763
5.719859e-08,0.0208685
5.724859e-08,0.0238345
5.729859e-08,0.0250154
5.734859e-08,0.0283383
5.739859e-08,0.0366869
5.744859e-08,0.0436623
5.749859e-08,0.043525
5.754859e-08,0.0371537
5.759859e-08,0.030755
5.764859e-08,0.0234225
5.769859e-08,0.014662
5.774859e-08,0.0160901
5.779859e-08,0.0279264
5.784859e-08,0.0361376
5.789859e-08,0.0345723
5.794859e-08,0.0258942
5.799859e-08,0.0143325
5.804859e-08,0.00296306
5.809859e-08,-0.00522073
5.814859e-08,-0.00530311
5.819859e-08,0.00436365
5.824859e-08,0.0121904
5.829859e-08,0.00787883
5.834859e-08,-0.00129361
5.839859e-08,-0.00785712
5.844859e-08,-0.0107407
5.849859e-08,-0.0137341
5.854859e-08,-0.023291
5.859859e-08,-0.0312825
5.864859e-08,-0.0257626
5.869859e-08,-0.0166725
5.874859e-08,-0.0124708
5.879859e-08,-0.00519326
5.884859e-08,0.00255113
5.889859e-08,0.00389679
5.894859e-08,0.00219412
5.899859e-08,0.00452842
5.904859e-08,0.0142226
5.909859e-08,0.0210059
5.914859e-08,0.0158704
5.919859e-08,0.00631348
5.924859e-08,0.00392425
5.929859e-08,0.0072472
5.934859e-08,0.00579169
5.939859e-08,0.00307291
5.944859e-08,0.00691765
5.949859e-08,0.00894986
5.954859e-08,0.00601139
5.959859e-08,0.0127122
5.964859e-08,0.0236972
5.969859e-08,0.0193581
5.974859e-08,0.0110919
5.979859e-08,0.00955404
5.984859e-08,0.0107349
5.989859e-08,0.0171062
5.994859e-08,0.0203742
5.999859e-08,0.019413
6.004859e-08,0.0224064
6.009859e-08,0.0195503
6.014859e-08,0.00617616
6.019859e-08,-0.00272165
6.024859e-08,0.00499528
6.029859e-08,0.0160901
6.034859e-08,0.00916956
6.039859e-08,-0.00467148
6.044859e-08,-0.00129361
6.049859e-08,0.0129868
6.054859e-08,0.0181498
6.059859e-08,0.0167492
6.064859e-08,0.0208411
6.069859e-08,0.0269652
6.074859e-08,0.029684
6.079859e-08,0.0301783
6.084859e-08,0.0271025
6.089859e-08,0.0151289
6.094859e-08,-0.000607046
6.099859e-08,-0.00500103
6.104859e-08,-0.00445178
6.109859e-08,-0.0106308
6.114859e-08,-0.0114272
6.119859e-08,-0.00209002
6.124859e-08,0.0074669
6.129859e-08,0.0112842
6.134859e-08,0.0093618
6.139859e-08,0.00719227
6.144859e-08,0.00554453
6.149859e-08,0.00392425
6.154859e-08,-2.87366e-06
6.159859e-08,-0.00840636
6.164859e-08,-0.00928516
6.169859e-08,-0.00107391
6.174859e-08,0.00557199
6.179859e-08,0.00634094
6.184859e-08,0.00458335
6.189859e-08,0.0102406
6.194859e-08,0.0171886
6.199859e-08,0.0154585
6.204859e-08,0.0133988
6.209859e-08,0.0151838
6.214859e-08,0.0110645
6.219859e-08,0.00101323
6.224859e-08,-0.000607046
6.229859e-08,0.000711148
6.234859e-08,-0.00697832
6.239859e-08,-0.00706071
6.244859e-08,0.00568184
6.249859e-08,0.0093618
6.254859e-08,0.00474812
6.259859e-08,0.00480304
6.264859e-08,0.00785137
6.269859e-08,0.0104328
6.274859e-08,0.00224904
6.279859e-08,-0.0118117
6.284859e-08,-0.015986
6.289859e-08,-0.0211214
6.294859e-08,-0.028042
6.299859e-08,-0.0262844
6.304859e-08,-0.0271357
6.309859e-08,-0.0342759
6.314859e-08,-0.0402078
6.319859e-08,-0.0371595
6.324859e-08,-0.0206271
6.329859e-08,-0.00579744
6.334859e-08,-0.00519326
6.339859e-08,-0.00730787
6.344859e-08,-0.0049461
6.349859e-08,-0.0117293
6.354859e-08,-0.0187048
6.359859e-08,-0.0058249
6.364859e-08,0.00620363
6.369859e-08,0.00694511
6.374859e-08,0.00930688
6.379859e-08,0.00842808
6.384859e-08,0.00930688
6.389859e-08,0.0173259
6.394859e-08,0.0213903
6.399859e-08,0.0169963
6.404859e-08,0.00576423
6.409859e-08,-0.000442272
6.414859e-08,0.00483051
6.419859e-08,0.00949911
6.424859e-08,0.00930688
6.429859e-08,0.00705496
6.434859e-08,0.00268844
6.439859e-08,-0.00316105
6.444859e-08,-0.00541296
6.449859e-08,0.00158994
6.454859e-08,-0.00162315
6.459859e-08,-0.0169746
6.464859e-08,-0.0128278
6.469859e-08,5.20511e-05
6.474859e-08,0.00332008
6.479859e-08,0.0105701
6.484859e-08,0.0139206
6.489859e-08,0.00279829
6.494859e-08,-0.00898307
6.499859e-08,-0.0163979
6.504859e-08,-0.0161782
6.509859e-08,-0.00697832
6.514859e-08,0.00120547
6.519859e-08,0.0130967
6.524859e-08,0.0268553
6.529859e-08,0.027844
6.534859e-08,0.0257843
6.539859e-08,0.0321007
6.544859e-08,0.0340779
6.549859e-08,0.0247957
6.554859e-08,0.0136185
6.559859e-08,0.00502274
6.564859e-08,0.00123293
6.569859e-08,0.00255113
6.574859e-08,0.00483051
6.579859e-08,0.0163098
6.584859e-08,0.0317436
6.589859e-08,0.030398
6.594859e-08,0.0215002
6.599859e-08,0.0218846
6.604859e-08,0.0223515
6.609859e-08,0.0129868
6.614859e-08,0.00455588
6.619859e-08,0.00669795
6.624859e-08,0.0101307
6.629859e-08,0.00749436
6.634859e-08,0.00299053
6.639859e-08,0.00205681
6.644859e-08,0.0105152
6.649859e-08,0.0216924
6.654859e-08,0.0191109
6.659859e-08,0.0107898
6.664859e-08,0.0147719
6.669859e-08,0.0208136
6.674859e-08,0.0174632
6.679859e-08,0.0152113
6.684859e-08,0.0186441
6.689859e-08,0.0196877
6.694859e-08,0.0145797
6.699859e-08,0.0109272
6.704859e-08,0.0146346
6.709859e-08,0.0180125
6.714859e-08,0.0116961
6.719859e-08,0.00131532
6.724859e-08,-0.00511088
6.729859e-08,-0.00832398
6.734859e-08,-0.00939501
6.739859e-08,-0.00788458
6.744859e-08,-0.00255688
6.749859e-08,0.00128786
6.754859e-08,0.00603885
6.759859e-08,0.0181498
6.764859e-08,0.0218846
6.769859e-08,0.0156781
6.774859e-08,0.0175731
6.779859e-08,0.0211157
6.784859e-08,0.0148817
6.789859e-08,0.00554453
6.794859e-08,0.00194696
6.799859e-08,0.00540722
6.804859e-08,0.0131241
6.809859e-08,0.0203468
6.814859e-08,0.021967
6.819859e-08,0.0196877
6.824859e-08,0.0180125
6.829859e-08,0.019056
6.834859e-08,0.0197426
6.839859e-08,0.0158155
6.844859e-08,0.0127397
6.849859e-08,0.0138382
6.854859e-08,0.0102681
6.859859e-08,0.00134278
6.864859e-08,-0.00148584
6.869859e-08,-0.0021724
6.874859e-08,-0.00379268
6.879859e-08,0.00150756
6.884859e-08,0.00625855
6.889859e-08,0.0101033
6.894859e-08,0.0146895
6.899859e-08,0.0130967
6.904859e-08,0.0165569
6.909859e-08,0.018342
6.914859e-08,0.00145263
6.919859e-08,-0.0124983
6.924859e-08,-0.00901054
6.929859e-08,-0.00442432
6.934859e-08,-0.00412223
6.939859e-08,-0.000222573
6.944859e-08,0.00886748
6.949859e-08,0.0145522
6.954859e-08,0.0111469
6.959859e-08,0.00889494
6.964859e-08,0.012108
6.969859e-08,0.0119707
6.974859e-08,0.00818092
6.979859e-08,0.00601139
6.984859e-08,0.00905971
6.989859e-08,0.0145522
6.994859e-08,0.0131241
6.999859e-08,0.0107349
7.004859e-08,0.0162823
7.009859e-08,0.0167492
7.014859e-08,0.00730212
7.019859e-08,0.00735705
7.024859e-08,0.0109546
7.029859e-08,0.00169979
7.034859e-08,-0.0053855
7.039859e-08,-0.00964217
7.044859e-08,-0.0145305
7.049859e-08,-0.00439686
7.054859e-08,0.0139755
7.059859e-08,0.0222691
7.064859e-08,0.0168316
7.069859e-08,0.00178218
7.074859e-08,-0.0121138
7.079859e-08,-0.013075
7.084859e-08,-0.0104111
7.089859e-08,-0.0170021
7.094859e-08,-0.0199955
7.099859e-08,-0.00862606
7.104859e-08,0.00562692
7.109859e-08,0.0154035
7.114859e-08,0.0258667
7.119859e-08,0.0310022
7.124859e-08,0.0264159
7.129859e-08,0.0269652
7.134859e-08,0.0289425
7.139859e-08,0.0151838
7.144859e-08,0.00274337
7.149859e-08,0.00634094
7.154859e-08,0.00436365
7.159859e-08,-0.00316105
7.164859e-08,0.00307291
7.169859e-08,0.00856539
7.174859e-08,0.00444603
7.179859e-08,0.0072472
7.184859e-08,0.0115588
7.189859e-08,0.0130692
7.194859e-08,0.0183969
7.199859e-08,0.0142226
7.204859e-08,0.00689019
7.209859e-08,0.0126024
7.214859e-08,0.0178751
7.219859e-08,0.0182871
7.224859e-08,0.0247133
7.229859e-08,0.0310296
7.234859e-08,0.027075
7.239859e-08,0.0207587
7.244859e-08,0.01977
7.249859e-08,0.0186441
7.254859e-08,0.0161175
7.259859e-08,0.01436
7.264859e-08,0.00837315
7.269859e-08,0.0010407
7.274859e-08,0.00439111
7.279859e-08,0.0122454
7.284859e-08,0.0122728
7.289859e-08,0.0120806
7.294859e-08,0.0132889
7.299859e-08,0.0137832
7.304859e-08,0.0169689
7.309859e-08,0.0129044
7.314859e-08,0.00894986
7.319859e-08,0.0192483
7.324859e-08,0.0229831
7.329859e-08,0.0126024
7.334859e-08,0.00790629
7.339859e-08,0.0109272
7.344859e-08,0.0167492
7.349859e-08,0.0212256
7.354859e-08,0.0155408
7.359859e-08,0.0082633
7.364859e-08,0.00241382
7.369859e-08,-0.0152445
7.374859e-08,-0.0283166
7.379859e-08,-0.0232635
7.384859e-08,-0.0214235
7.389859e-08,-0.0214235
7.394859e-08,-0.00846129
7.399859e-08,0.00332008
7.404859e-08,0.0052699
7.409859e-08,0.008483
7.414859e-08,0.0128221
7.419859e-08,0.00985612
7.424859e-08,0.00820838
7.429859e-08,0.0172984
7.434859e-08,0.0238345
7.439859e-08,0.02161
7.444859e-08,0.0219945
7.449859e-08,0.0257568
7.454859e-08,0.0253449
7.459859e-08,0.0224339
7.464859e-08,0.0196602
7.469859e-08,0.0221867
7.474859e-08,0.0312219
7.479859e-08,0.0287502
7.484859e-08,0.0190011
7.489859e-08,0.020182
7.494859e-08,0.0251527
7.499859e-08,0.0279264
7.504859e-08,0.0292171
7.509859e-08,0.0290249
7.514859e-08,0.0268828
7.519859e-08,0.017628
7.524859e-08,0.00905971
7.529859e-08,0.0101033
7.534859e-08,0.00743943
7.539859e-08,-5.77984e-05
7.544859e-08,0.000299213
7.549859e-08,0.00255113
7.554859e-08,0.00191949
7.559859e-08,-0.00110137
7.564859e-08,-0.00741772
7.569859e-08,-0.00868099
7.574859e-08,-0.00442432
7.579859e-08,0.000656224
7.584859e-08,0.00496782
7.589859e-08,0.00664302
7.594859e-08,0.0133438
7.599859e-08,0.022022
7.604859e-08,0.0210333
7.609859e-08,0.0160352
7.614859e-08,0.011806
7.619859e-08,0.00601139
7.624859e-08,0.00169979
7.629859e-08,-0.000936595
7.634859e-08,-0.00145838
7.639859e-08,0.000354137
7.644859e-08,0.00299053
7.649859e-08,0.0091421
7.654859e-08,0.0144698
7.659859e-08,0.0132065
7.664859e-08,0.00894986
7.669859e-08,0.00562692
7.674859e-08,0.0095815
7.679859e-08,0.0171886
7.684859e-08,0.0131516
7.689859e-08,0.00480304
7.694859e-08,0.00246874
7.699859e-08,-0.00206255
7.704859e-08,-0.00439686
7.709859e-08,0.0040341
7.714859e-08,0.0115039
7.719859e-08,0.0124651
7.724859e-08,0.0153211
7.729859e-08,0.0176554
7.734859e-08,0.0192208
7.739859e-08,0.0148268
7.744859e-08,0.00417141
7.749859e-08,0.00708242
7.754859e-08,0.00603885
7.759859e-08,-0.0103562
7.764859e-08,-0.0118941
7.769859e-08,-0.00623684
7.774859e-08,-0.0109329
7.779859e-08,-0.0110977
7.784859e-08,0.00279829
7.789859e-08,0.0163922
7.794859e-08,0.0154585
7.799859e-08,0.00988359
7.804859e-08,0.0108722
7.809859e-08,0.014662
7.814859e-08,0.0155408
7.819859e-08,0.0116412
7.824859e-08,0.0095815
7.829859e-08,0.015074
7.834859e-08,0.015788
7.839859e-08,0.0118334
7.844859e-08,0.0177104
7.849859e-08,0.0232303
7.854859e-08,0.0214178
7.859859e-08,0.0208411
7.864859e-08,0.0215826
7.869859e-08,0.0276243
7.874859e-08,0.0339956
7.879859e-08,0.0273497
7.884859e-08,0.0229282
7.889859e-08,0.032183
7.894859e-08,0.0408337
7.899859e-08,0.04174
7.904859e-08,0.0365221
7.909859e-08,0.0368791
7.914859e-08,0.039543
7.919859e-08,0.0243013
7.924859e-08,0.00947165
7.929859e-08,0.0118883
7.934859e-08,0.015431
7.939859e-08,0.0185068
7.944859e-08,0.024878
7.949859e-08,0.0274321
7.954859e-08,0.0181772
7.959859e-08,0.00590154
7.964859e-08,0.00581915
7.969859e-08,0.00727466
7.974859e-08,0.00183711
7.979859e-08,-0.00159569
7.984859e-08,-0.00368283
7.989859e-08,-0.00478133
7.994859e-08,-0.00219986
7.999859e-08,-0.00434193
8.004859e-08,-0.00802189
8.009859e-08,-0.0032709
8.014859e-08,-0.00088167
8.019859e-08,-0.00376522
8.024859e-08,-0.00214494
8.029859e-08,-0.00184285
8.034859e-08,-0.00167808
8.039859e-08,0.00537975
8.044859e-08,0.00790629
8.049859e-08,-0.000964057
8.054859e-08,-0.0129102
8.059859e-08,-0.0149424
8.064859e-08,-0.00744518
8.069859e-08,-0.0069234
8.074859e-08,-0.0126905
8.079859e-08,-0.0136242
8.084859e-08,-0.0119215
8.089859e-08,-0.0109054
8.094859e-08,-0.0113448
8.099859e-08,-0.0114272
8.104859e-08,-0.00813174
8.109859e-08,-0.00458909
8.114859e-08,-0.0026118
8.119859e-08,-0.00307866
8.124859e-08,-0.00500103
8.129859e-08,-0.00176047
8.134859e-08,0.00378694
8.139859e-08,0.00697257
8.144859e-08,0.0141677
8.149859e-08,0.0203468
8.154859e-08,0.0149641
8.159859e-08,0.0101033
8.164859e-08,0.0158155
8.169859e-08,0.0213354
8.174859e-08,0.024933
8.179859e-08,0.0288052
8.184859e-08,0.0246584
8.189859e-08,0.0165569
8.194859e-08,0.0137832
8.199859e-08,0.0145247
8.204859e-08,0.0181498
8.209859e-08,0.0248231
8.214859e-08,0.0264434
8.219859e-08,0.019825
8.224859e-08,0.0197426
8.229859e-08,0.0296016
8.234859e-08,0.0301508
8.239859e-08,0.0221318
8.244859e-08,0.0180125
8.249859e-08,0.0148817
8.254859e-08,0.0119707
8.259859e-08,0.00873017
8.264859e-08,0.0070275
8.269859e-08,0.0138656
8.274859e-08,0.0217748
8.279859e-08,0.0247407
8.284859e-08,0.0268553
8.289859e-08,0.020182
8.294859e-08,0.0109272
8.299859e-08,0.0138931
8.304859e-08,0.0182322
8.309859e-08,0.0193306
8.314859e-08,0.0193856
8.319859e-08,0.0146071
8.324859e-08,0.0128221
8.329859e-08,0.0180399
8.334859e-08,0.0201545
8.339859e-08,0.0149641
8.344859e-08,0.00815346
8.349859e-08,0.00307291
8.354859e-08,-0.00121122
8.359859e-08,-0.00576998
8.364859e-08,-0.0099168
8.369859e-08,-0.0113174
8.374859e-08,-0.0100816
8.379859e-08,-0.011235
8.384859e-08,-0.0133496
8.389859e-08,-0.0129926
8.394859e-08,-0.0148051
8.399859e-08,-0.0177161
8.404859e-08,-0.014146
8.409859e-08,0.000216825
8.414859e-08,0.0110919
8.419859e-08,0.00521498
8.424859e-08,0.00513259
8.429859e-08,0.0158978
8.434859e-08,0.0131241
8.439859e-08,0.00708242
8.444859e-08,0.0131241
8.449859e-08,0.0188089
8.454859e-08,0.0210059
8.459859e-08,0.0224339
8.464859e-08,0.0210608
8.469859e-08,0.0211981
8.474859e-08,0.0233951
8.479859e-08,0.025647
8.484859e-08,0.0263885
8.489859e-08,0.0242739
8.494859e-08,0.0200172
8.499859e-08,0.0135086
8.504859e-08,0.0167766
8.509859e-08,0.031881
8.514859e-08,0.0352314
8.519859e-08,0.024219
8.524859e-08,0.0151838
8.529859e-08,0.0107075
8.534859e-08,0.0103779
8.539859e-08,0.0116412
8.544859e-08,0.00905971
8.549859e-08,0.00480304
8.554859e-08,0.00137025
8.559859e-08,0.000930848
8.564859e-08,0.0100758
8.569859e-08,0.02161
8.574859e-08,0.0220494
8.579859e-08,0.0151564
8.584859e-08,0.00631348
8.589859e-08,-0.00368283
8.594859e-08,-0.00986187
8.599859e-08,-0.010109
8.604859e-08,-0.0107407
8.609859e-08,-0.0158761
8.614859e-08,-0.0134869
8.619859e-08,-0.00112883
8.624859e-08,0.00873017
8.629859e-08,0.0188089
8.634859e-08,0.0340505
8.639859e-08,0.0440468
8.644859e-08,0.0381424
8.649859e-08,0.0255371
8.654859e-08,0.0222966
8.659859e-08,0.0266906
8.664859e-08,0.0310571
8.669859e-08,0.0273222
8.674859e-08,0.0192483
8.679859e-08,0.0171337
8.684859e-08,0.0164746
8.689859e-08,0.0241915
8.694859e-08,0.0386916
8.699859e-08,0.0406689
8.704859e-08,0.0319908
8.709859e-08,0.018342
8.714859e-08,0.00340246
8.719859e-08,-0.00417716
8.724859e-08,-0.000826745
8.729859e-08,0.0127946
8.734859e-08,0.0226811
8.739859e-08,0.0209235
8.744859e-08,0.0218846
8.749859e-08,0.0249055
8.754859e-08,0.0148543
8.759859e-08,-0.00187032
8.764859e-08,-0.00892815
8.769859e-08,-0.00711563
8.774859e-08,-0.00914785
8.779859e-08,-0.0133496
8.784859e-08,-0.00879084
8.789859e-08,-0.00302374
8.794859e-08,-0.00211748
8.799859e-08,0.000326675
8.804859e-08,0.00106816
8.809859e-08,0.00348485
8.814859e-08,0.0107349
8.819859e-08,0.00900479
8.824859e-08,-0.00285896
8.829859e-08,-0.00936755
8.834859e-08,-0.00744518
8.839859e-08,-0.00766488
8.844859e-08,-0.00774727
8.849859e-08,0.0010407
8.854859e-08,0.0087027
8.859859e-08,0.00774152
8.864859e-08,0.0124376
8.869859e-08,0.0204566
8.874859e-08,0.00971881
8.879859e-08,-0.00409477
8.884859e-08,0.00419887
8.889859e-08,0.0114489
8.894859e-08,0.00546214
8.899859e-08,0.00598393
8.904859e-08,0.0115039
8.909859e-08,0.0189462
8.914859e-08,0.0325675
8.919859e-08,0.0361926
8.924859e-08,0.0264709
8.929859e-08,0.0210333
8.934859e-08,0.0173534
8.939859e-08,0.00996597
8.944859e-08,0.0044735
8.949859e-08,0.00161741
8.954859e-08,0.00260605
8.959859e-08,0.00752182
8.964859e-08,0.0149092
8.969859e-08,0.0255646
8.974859e-08,0.0333914
8.979859e-08,0.0317162
8.984859e-08,0.0291622
8.989859e-08,0.026718
8.994859e-08,0.00889494
8.999859e-08,-0.0135968
9.004859e-08,-0.0177436
9.009859e-08,-0.0120039
9.014859e-08,-0.0136242
9.019859e-08,-0.0222474
9.024859e-08,-0.0258999
9.029859e-08,-0.017771
9.034859e-08,-0.00645653
9.039859e-08,0.00183711
9.044859e-08,0.00642333
9.049859e-08,0.00238635
9.054859e-08,0.000930848
9.059859e-08,0.0112292
9.064859e-08,0.0203742
9.069859e-08,0.0222142
9.074859e-08,0.0175731
9.079859e-08,0.0111743
9.084859e-08,0.0133438
9.089859e-08,0.0196327
9.094859e-08,0.0156232
9.099859e-08,0.0091421
9.104859e-08,0.0121904
9.109859e-08,0.00831823
9.114859e-08,-0.00340821
9.119859e-08,-0.00403984
9.124859e-08,0.000875923
9.129859e-08,0.00224904
9.134859e-08,0.00310038
9.139859e-08,0.00395171
9.144859e-08,0.00595646
9.149859e-08,0.00557199
9.154859e-08,-0.00395746
9.159859e-08,-0.0120863
9.164859e-08,-0.0111801
9.169859e-08,-0.0104386
9.174859e-08,-0.00868099
9.179859e-08,-0.00373776
9.184859e-08,-0.00214494
9.189859e-08,-0.00365537
9.194859e-08,-0.00807682
9.199859e-08,-0.0131574
9.204859e-08,-0.0142559
9.209859e-08,-0.0147502
9.214859e-08,-0.012663
9.219859e-08,-0.00357298
9.224859e-08,0.00815346
9.229859e-08,0.0184244
9.234859e-08,0.0246034
9.239859e-08,0.0267455
9.244859e-08,0.0265258
9.249859e-08,0.0259216
9.254859e-08,0.0275419
9.259859e-08,0.0264983
9.264859e-08,0.0222966
9.269859e-08,0.0216375
9.274859e-08,0.0223515
9.279859e-08,0.0253724
9.284859e-08,0.0288052
9.289859e-08,0.0224064
9.294859e-08,0.0119707
9.299859e-08,0.00710988
9.304859e-08,0.00455588
9.309859e-08,-0.00401238
9.314859e-08,-0.0153269
9.319859e-08,-0.013789
9.324859e-08,-0.0088183
9.329859e-08,-0.0148051
9.334859e-08,-0.0160134
9.339859e-08,-0.00398492
9.344859e-08,0.010323
9.349859e-08,0.0173534
9.354859e-08,0.0166119
9.359859e-08,0.0147444
9.364859e-08,0.0171337
9.369859e-08,0.0222142
9.374859e-08,0.0221318
9.379859e-08,0.0193032
9.384859e-08,0.0208136
9.389859e-08,0.0201271
9.394859e-08,0.0138656
9.399859e-08,0.00700004
9.404859e-08,0.00650571
9.409859e-08,0.0107349
9.414859e-08,0.00829077
9.419859e-08,0.00516006
9.424859e-08,0.0098012
9.429859e-08,0.0165295
9.434859e-08,0.0247407
9.439859e-08,0.0294917
9.444859e-08,0.0217748
9.449859e-08,0.0123277
9.454859e-08,0.0123552
9.459859e-08,0.0163922
9.464859e-08,0.0229557
9.469859e-08,0.0280088
9.474859e-08,0.0266082
9.479859e-08,0.029629
9.484859e-08,0.0350391
9.489859e-08,0.0300959
9.494859e-08,0.0192757
9.499859e-08,0.0119433
9.504859e-08,0.0129594
9.509859e-08,0.0123552
9.514859e-08,0.00191949
9.519859e-08,0.00145263
9.524859e-08,0.00793376
9.529859e-08,0.0012604
9.534859e-08,-0.00189778
9.539859e-08,0.00172726
9.544859e-08,0.0010407
9.549859e-08,0.00505021
9.554859e-08,0.00606631
9.559859e-08,0.00233143
9.564859e-08,0.00851047
9.569859e-08,0.0123277
9.574859e-08,0.00510513
9.579859e-08,0.00158994
9.584859e-08,0.00408902
9.589859e-08,0.00466573
9.594859e-08,0.00202934
9.599859e-08,-0.00170554
9.604859e-08,-0.00541296
9.609859e-08,-0.00483625
9.614859e-08,0.00312784
9.619859e-08,0.0110095
9.624859e-08,0.0144423
9.629859e-08,0.0153486
9.634859e-08,0.0145247
9.639859e-08,0.0159253
9.644859e-08,0.0187539
9.649859e-08,0.0146895
9.654859e-08,0.00197442
9.659859e-08,-0.00928516
9.664859e-08,-0.0113998
9.669859e-08,-0.00453417
9.674859e-08,0.00483051
9.679859e-08,0.00342992
9.684859e-08,-0.00601714
9.689859e-08,-0.0109604
9.694859e-08,-0.0133771
9.699859e-08,-0.0169472
9.704859e-08,-0.0211764
9.709859e-08,-0.0188146
9.714859e-08,-0.0077198
9.719859e-08,-0.000909132
9.724859e-08,0.000601299
9.729859e-08,0.00488543
9.734859e-08,0.0152937
9.739859e-08,0.0305353
9.744859e-08,0.0376755
9.749859e-08,0.0327323
9.754859e-08,0.028915
9.759859e-08,0.0300959
9.764859e-08,0.0261413
9.769859e-08,0.016502
9.774859e-08,0.00842808
9.779859e-08,0.00178218
9.784859e-08,-0.00373776
9.789859e-08,-0.00747264
9.794859e-08,-0.00651146
9.799859e-08,0.00568184
9.804859e-08,0.014717
9.809859e-08,0.00285321
9.814859e-08,-0.00928516
9.819859e-08,-0.00428701
9.824859e-08,0.000793536
9.829859e-08,5.20511e-05
9.834859e-08,2.45887e-05
9.839859e-08,0.00131532
9.844859e-08,0.0065881
9.849859e-08,0.0103504
9.854859e-08,0.00804361
9.859859e-08,0.00686272
9.864859e-08,0.00947165
9.869859e-08,0.0133438
9.874859e-08,0.016145
9.879859e-08,0.014717
9.884859e-08,0.0103504
9.889859e-08,0.00211173
9.894859e-08,-0.009038
9.899859e-08,-0.0124983
9.904859e-08,-0.0134045
9.909859e-08,-0.0178534
9.914859e-08,-0.0099168
9.919859e-08,0.0070275
9.924859e-08,0.0105427
9.929859e-08,0.0104328
9.934859e-08,0.0202094
9.939859e-08,0.0180399
9.944859e-08,0.00502274
9.949859e-08,0.00131532
9.954859e-08,-0.00156823
9.959859e-08,-0.00277657
9.964859e-08,-0.000716896
9.969859e-08,-0.00475387
9.974859e-08,-0.00252941
9.979859e-08,0.0111194
9.984859e-08,0.022736
9.989859e-08,0.0252351
9.994859e-08,0.02345
9.999859e-08,0.0250703
1.000486e-07,0.0247407
1.000986e-07,0.0188363
1.001486e-07,0.0138107
1.001986e-07,0.00455588
1.002486e-07,-0.00390253
1.002986e-07,0.003375
1.003486e-07,0.0120806
1.003986e-07,0.0127122
1.004486e-07,0.0200721
1.004986e-07,0.0299311
1.005486e-07,0.0269652
1.005986e-07,0.0195503
1.006486e-07,0.0203742
1.006986e-07,0.0215826
1.007486e-07,0.0171337
1.007986e-07,0.0168041
1.008486e-07,0.0231754
1.008986e-07,0.0222417
1.009486e-07,0.0140853
1.009986e-07,0.0142226
1.010486e-07,0.0188089
1.010986e-07,0.019468
1.011486e-07,0.0220769
1.011986e-07,0.0242464
1.012486e-07,0.0200721
1.012986e-07,0.0162274
1.013486e-07,0.012877
1.013986e-07,0.00480304
1.014486e-07,-0.00966963
1.014986e-07,-0.022934
1.015486e-07,-0.0214235
1.015986e-07,-0.0124708
1.016486e-07,-0.00865353
1.016986e-07,-0.0100541
1.017486e-07,-0.00942247
1.017986e-07,0.00153502
1.018486e-07,0.0164471
1.018986e-07,0.0213079
1.019486e-07,0.0113116
1.019986e-07,-0.00316105
1.020486e-07,-0.00788458
1.020986e-07,0.0003816
1.021486e-07,0.012108
1.021986e-07,0.0195778
1.022486e-07,0.0235873
1.022986e-07,0.0227909
1.023486e-07,0.019413
1.023986e-07,0.0182596
1.024486e-07,0.018699
1.024986e-07,0.0183145
1.025486e-07,0.0172984
1.025986e-07,0.0190835
1.026486e-07,0.020896
1.026986e-07,0.0155958
1.027486e-07,0.00353977
1.027986e-07,-0.000826745
1.028486e-07,0.0111194
1.028986e-07,0.0204566
1.029486e-07,0.0144423
1.029986e-07,0.0100209
1.030486e-07,0.0179575
1.030986e-07,0.0253174
1.031486e-07,0.0177378
1.031986e-07,0.00356724
1.032486e-07,-0.00321597
1.032986e-07,-0.0135693
1.033486e-07,-0.0208194
1.033986e-07,-0.00620937
1.034486e-07,0.00557199
1.034986e-07,0.000601299
1.035486e-07,-0.00642907
1.035986e-07,-0.0134594
1.036486e-07,-0.0124983
1.036986e-07,0.000573836
1.037486e-07,0.00864778
1.037986e-07,0.00557199
1.038486e-07,-0.00148584
1.038986e-07,-0.009038
1.039486e-07,-0.012306
1.039986e-07,-0.00898307
1.040486e-07,-0.00467148
1.040986e-07,-0.00362791
1.041486e-07,-0.0037103
1.041986e-07,-0.00187032
1.042486e-07,-0.0026118
1.042986e-07,-0.00642907
1.043486e-07,-0.00615445
1.043986e-07,-0.0047264
1.044486e-07,-0.00442432
1.044986e-07,7.95135e-05
1.045486e-07,-0.000359885
1.045986e-07,-0.0146129
1.046486e-07,-0.0237853
1.046986e-07,-0.0180457
1.047486e-07,-0.0148875
1.047986e-07,-0.0188421
1.048486e-07,-0.0228241
1.048986e-07,-0.0262295
1.049486e-07,-0.0256527
1.049986e-07,-0.0193639
1.050486e-07,-0.0104935
1.050986e-07,-0.00296881
1.051486e-07,-0.0023921
1.051986e-07,-0.00409477
1.052486e-07,-0.00417716
1.052986e-07,-0.00879084
1.053486e-07,-0.0103287
1.053986e-07,-0.000716896
1.054486e-07,0.0104054
1.054986e-07,0.00985612
1.055486e-07,0.00565438
1.055986e-07,0.0151838
1.056486e-07,0.0188089
1.056986e-07,0.00244128
1.057486e-07,-0.00527565
1.057986e-07,0.00145263
1.058486e-07,0.00274337
1.058986e-07,0.00175472
1.059486e-07,0.0102955
1.059986e-07,0.0211157
1.060486e-07,0.0248506
1.060986e-07,0.0289425
1.061486e-07,0.0349018
1.061986e-07,0.0328971
1.062486e-07,0.0245485
1.062986e-07,0.0214727
1.063486e-07,0.0235599
1.063986e-07,0.0152662
1.064486e-07,-0.00115629
1.064986e-07,2.45887e-05
1.065486e-07,0.00911464
1.065986e-07,0.00340246
1.066486e-07,0.00202934
1.066986e-07,0.00831823
1.067486e-07,0.00318276
1.067986e-07,-0.00412223
1.068486e-07,0.00334754
1.068986e-07,0.0167217
1.069486e-07,0.0171886
1.069986e-07,0.0112292
1.070486e-07,0.0160352
1.070986e-07,0.0212256
1.071486e-07,0.0133988
1.071986e-07,0.00683526
1.072486e-07,0.00323769
1.072986e-07,-0.0062643
1.073486e-07,-0.00700578
1.073986e-07,0.00277083
1.074486e-07,0.00763167
1.074986e-07,0.00776898
1.075486e-07,0.0111469
1.075986e-07,0.0190286
1.076486e-07,0.02529
1.076986e-07,0.0255646
1.077486e-07,0.0222966
1.077986e-07,0.0129868
1.078486e-07,0.000628761
1.078986e-07,-0.000332422
1.079486e-07,0.00406156
1.079986e-07,0.00378694
1.080486e-07,0.00798868
1.080986e-07,0.0110645
1.081486e-07,0.00502274
1.081986e-07,0.00546214
1.082486e-07,0.0148543
1.082986e-07,0.0155958
1.083486e-07,0.00823584
1.083986e-07,0.00642333
1.084486e-07,0.0112018
1.084986e-07,0.0165569
1.085486e-07,0.0182047
1.085986e-07,0.0188912
1.086486e-07,0.0167492
1.086986e-07,0.00625855
1.087486e-07,-0.00192524
1.087986e-07,-0.000250035
1.088486e-07,0.00200188
1.088986e-07,-0.00384761
1.089486e-07,-0.00961471
1.089986e-07,-0.00505595
1.090486e-07,0.00441857
1.090986e-07,0.0114764
1.091486e-07,0.0150191
1.091986e-07,0.0222966
1.092486e-07,0.0263336
1.092986e-07,0.0129319
1.093486e-07,-0.00458909
1.093986e-07,-0.0158212
1.094486e-07,-0.0220552
1.094986e-07,-0.018128
1.095486e-07,-0.00725294
1.095986e-07,0.00205681
1.096486e-07,0.0091421
1.096986e-07,0.014662
1.097486e-07,0.0113391
1.097986e-07,0.000628761
1.098486e-07,0.000683686
1.098986e-07,0.00960896
1.099486e-07,0.00639586
1.099986e-07,-0.00461655
1.100486e-07,-0.00722548
1.100986e-07,-0.00393
1.101486e-07,-0.000222573
1.101986e-07,0.00353977
1.102486e-07,0.00867524
1.102986e-07,0.0158429
1.103486e-07,0.0144423
1.103986e-07,0.00812599
1.104486e-07,0.0168865
1.104986e-07,0.0239443
1.105486e-07,0.0124925
1.105986e-07,0.00628601
1.106486e-07,0.0104328
1.106986e-07,0.0103779
1.107486e-07,0.00727466
1.107986e-07,0.00546214
1.108486e-07,0.00991105
1.108986e-07,0.0158155
1.109486e-07,0.0108997
1.109986e-07,0.00573677
1.110486e-07,0.00831823
1.110986e-07,0.00708242
1.111486e-07,0.00384186
1.111986e-07,0.00598393
1.112486e-07,0.00417141
1.112986e-07,-0.00134853
1.113486e-07,0.00290814
1.113986e-07,0.00441857
1.114486e-07,-0.00500103
1.114986e-07,-0.00497357
1.115486e-07,0.00312784
1.115986e-07,0.00661556
1.116486e-07,0.0135635
1.116986e-07,0.0154585
1.117486e-07,0.00230397
1.117986e-07,0.00186457
1.118486e-07,0.0123827
1.118986e-07,0.00452842
1.119486e-07,-0.00338075
1.119986e-07,0.00960896
1.120486e-07,0.0245485
1.120986e-07,0.0222966
1.121486e-07,0.0146895
1.121986e-07,0.0165569
1.122486e-07,0.0135635
1.122986e-07,0.0022765
1.123486e-07,-0.00104644
1.123986e-07,-0.00176047
1.124486e-07,-0.00409477
1.124986e-07,0.00156248
1.125486e-07,0.00683526
1.125986e-07,0.00768659
1.126486e-07,0.0140304
1.126986e-07,0.0186715
1.127486e-07,0.0158704
1.127986e-07,0.0139755
1.128486e-07,0.0131516
1.128986e-07,0.0105976
1.129486e-07,0.00634094
1.129986e-07,0.000106976
1.130486e-07,-0.00104644
1.130986e-07,0.00422633
1.131486e-07,0.00169979
1.131986e-07,-0.00272165
1.132486e-07,0.00749436
1.132986e-07,0.00966389
1.133486e-07,-0.00546789
1.133986e-07,-0.00983441
1.134486e-07,-0.00390253
1.134986e-07,-0.00148584
1.135486e-07,0.00263352
1.135986e-07,0.0103504
1.136486e-07,0.0181498
1.136986e-07,0.0250428
1.137486e-07,0.0271574
1.137986e-07,0.0247407
1.138486e-07,0.0232303
1.138986e-07,0.0194954
1.139486e-07,0.00955404
1.139986e-07,0.00288068
1.140486e-07,0.00656064
1.140986e-07,0.00982866
1.141486e-07,0.00507767
1.141986e-07,0.00386932
1.142486e-07,0.0133988
1.142986e-07,0.0186166
1.143486e-07,0.0110919
1.143986e-07,0.00730212
1.144486e-07,0.0137009
1.144986e-07,0.0163922
1.145486e-07,0.0148543
1.145986e-07,0.0148543
1.146486e-07,0.0131241
1.146986e-07,0.0192757
1.147486e-07,0.0310571
1.147986e-07,0.025647
1.148486e-07,0.0171062
1.148986e-07,0.0225712
1.149486e-07,0.0206488
1.149986e-07,0.010323
1.150486e-07,0.00194696
1.150986e-07,-0.00936755
1.151486e-07,-0.0109329
1.151986e-07,-0.000579584
1.152486e-07,0.00128786
1.152986e-07,0.0029356
1.153486e-07,0.0166119
1.153986e-07,0.0182322
1.154486e-07,0.00757675
1.154986e-07,0.0110645
1.155486e-07,0.0147444
1.155986e-07,0.00787883
1.156486e-07,0.0091421
1.156986e-07,0.00930688
1.157486e-07,-0.00456163
1.157986e-07,-0.0142833
1.158486e-07,-0.0109878
1.158986e-07,-0.00530311
1.159486e-07,-0.000771821
1.159986e-07,0.00353977
1.160486e-07,0.00763167
1.160986e-07,0.0191384
1.161486e-07,0.0294917
1.161986e-07,0.0254548
1.162486e-07,0.0243837
1.162986e-07,0.0255646
1.163486e-07,0.0145797
1.163986e-07,0.0101582
1.164486e-07,0.0195229
1.164986e-07,0.0207312
1.165486e-07,0.00897733
1.165986e-07,0.00213919
1.166486e-07,0.00963642
1.166986e-07,0.0167217
1.167486e-07,0.0095815
1.167986e-07,-0.00321597
1.168486e-07,-0.0131848
1.168986e-07,-0.0162057
1.169486e-07,-0.0110428
1.169986e-07,-0.0116195
1.170486e-07,-0.0186224
1.170986e-07,-0.0145579
1.171486e-07,0.00084846
1.171986e-07,0.0166119
1.172486e-07,0.0253724
1.172986e-07,0.0260864
1.173486e-07,0.0238619
1.173986e-07,0.0200172
1.174486e-07,0.0136459
1.174986e-07,0.00513259
1.175486e-07,-0.0026118
1.175986e-07,-0.00769234
1.176486e-07,-0.0129377
1.176986e-07,-0.01854
1.177486e-07,-0.0209567
1.177986e-07,-0.0170021
1.178486e-07,-0.0112625
1.178986e-07,-0.013789
1.179486e-07,-0.0158212
1.179986e-07,-0.00414969
1.180486e-07,0.00911464
1.180986e-07,0.011394
1.181486e-07,0.00513259
1.181986e-07,-0.00255688
1.182486e-07,-0.00187032
1.182986e-07,0.00620363
1.183486e-07,0.00977374
1.183986e-07,0.00587408
1.184486e-07,-0.00200763
1.184986e-07,-0.0103562
1.185486e-07,-0.0111801
1.185986e-07,-0.00868099
1.186486e-07,-0.0103562
1.186986e-07,-0.00744518
1.187486e-07,-0.00288642
1.187986e-07,-0.00258434
1.188486e-07,-5.77984e-05
1.188986e-07,0.00565438
1.189486e-07,0.0142226
1.189986e-07,0.0240267
1.190486e-07,0.028201
1.190986e-07,0.0237796
1.191486e-07,0.0186441
1.191986e-07,0.0213903
1.192486e-07,0.0262512
1.192986e-07,0.024933
1.193486e-07,0.0183695
1.193986e-07,0.0110095
1.194486e-07,0.0101033
1.194986e-07,0.01252
1.195486e-07,0.0114215
1.195986e-07,0.0125749
1.196486e-07,0.0160626
1.196986e-07,0.0230381
1.197486e-07,0.0308374
1.197986e-07,0.0251527
1.198486e-07,0.0187814
1.198986e-07,0.0247957
1.199486e-07,0.0294093
1.199986e-07,0.0266906
1.200486e-07,0.0185617
1.200986e-07,0.0110919
1.201486e-07,0.00708242
1.201986e-07,0.00444603
1.202486e-07,0.00749436
1.202986e-07,0.00862032
1.203486e-07,0.0054896
1.203986e-07,0.00743943
1.204486e-07,0.0124651
1.204986e-07,0.0204291
1.205486e-07,0.0254273
1.205986e-07,0.0206763
1.206486e-07,0.0205939
1.206986e-07,0.0293819
1.207486e-07,0.0299861
1.207986e-07,0.021665
1.208486e-07,0.0210882
1.208986e-07,0.0288052
1.209486e-07,0.029684
1.209986e-07,0.0213629
1.210486e-07,0.0172984
1.210986e-07,0.0256195
1.211486e-07,0.0391585
1.211986e-07,0.0468754
1.212486e-07,0.0423441
1.212986e-07,0.0257294
1.213486e-07,0.0114489
1.213986e-07,0.00897733
1.214486e-07,0.00579169
1.214986e-07,-0.000277498
1.215486e-07,0.00375947
1.215986e-07,0.0112842
1.216486e-07,0.0162549
1.216986e-07,0.0240816
1.217486e-07,0.0276792
1.217986e-07,0.0278165
1.218486e-07,0.0285305
1.218986e-07,0.0233402
1.219486e-07,0.017271
1.219986e-07,0.0203193
1.220486e-07,0.0274321
1.220986e-07,0.0250154
1.221486e-07,0.0148268
1.221986e-07,0.00754928
1.222486e-07,0.00664302
1.222986e-07,0.0126573
1.223486e-07,0.0160077
1.223986e-07,0.0141128
1.224486e-07,0.0171611
1.224986e-07,0.0187539
1.225486e-07,0.0103504
1.225986e-07,-0.00252941
1.226486e-07,-0.0133221
1.226986e-07,-0.0121412
1.227486e-07,0.00345739
1.227986e-07,0.0154035
1.228486e-07,0.0185342
1.228986e-07,0.0238345
1.229486e-07,0.0307825
1.229986e-07,0.0357257
1.230486e-07,0.0341054
1.230986e-07,0.0255371
1.231486e-07,0.0164471
1.231986e-07,0.00757675
1.232486e-07,0.00263352
1.232986e-07,0.00996597
1.233486e-07,0.0196877
1.233986e-07,0.0175731
1.234486e-07,0.0186715
1.234986e-07,0.0241091
1.235486e-07,0.0213354
1.235986e-07,0.0263061
1.236486e-07,0.0308648
1.236986e-07,0.0176005
1.237486e-07,0.0024962
1.237986e-07,-0.000277498
1.238486e-07,0.00735705
1.238986e-07,0.0126573
1.239486e-07,0.014305
1.239986e-07,0.0179301
1.240486e-07,0.0196602
1.240986e-07,0.0166668
1.241486e-07,0.0122179
1.241986e-07,0.012163
1.242486e-07,0.00862032
1.242986e-07,0.00134278
1.243486e-07,0.000106976
1.243986e-07,0.00128786
1.244486e-07,0.00540722
1.244986e-07,0.00282575
1.245486e-07,-0.0151346
1.245986e-07,-0.0256527
1.246486e-07,-0.0154917
1.246986e-07,-0.000579584
1.247486e-07,0.00807107
1.247986e-07,0.0104878
1.248486e-07,0.0102406
1.248986e-07,0.0171337
1.249486e-07,0.0305353
1.249986e-07,0.0356158
1.250486e-07,0.0299311
1.250986e-07,0.0250154
1.251486e-07,0.0194405
1.251986e-07,0.012163
1.252486e-07,0.0141128
1.252986e-07,0.0247682
1.253486e-07,0.0270201
1.253986e-07,0.0169963
1.254486e-07,0.0158429
1.254986e-07,0.0236422
1.255486e-07,0.0199897
1.255986e-07,0.00601139
1.256486e-07,-0.00310612
1.256986e-07,-0.00486372
1.257486e-07,-0.0104386
1.257986e-07,-0.0138439
1.258486e-07,-0.00664877
1.258986e-07,-0.000826745
1.259486e-07,0.00205681
1.259986e-07,0.0065881
1.260486e-07,0.0101307
1.260986e-07,0.00864778
1.261486e-07,0.00112308
1.261986e-07,-0.00486372
1.262486e-07,-0.0116744
1.262986e-07,-0.0175239
1.263486e-07,-0.00846129
1.263986e-07,0.00754928
1.264486e-07,0.0213629
1.264986e-07,0.0308923
1.265486e-07,0.0283108
1.265986e-07,0.0222691
1.266486e-07,0.0219945
1.266986e-07,0.0195229
1.267486e-07,0.00955404
1.267986e-07,0.000985772
1.268486e-07,0.00598393
1.268986e-07,0.018342
1.269486e-07,0.0211432
1.269986e-07,0.0171062
1.270486e-07,0.0170513
1.270986e-07,0.0129868
1.271486e-07,-0.00189778
1.271986e-07,-0.0110977
1.272486e-07,-0.00258434
1.272986e-07,0.00988359
1.273486e-07,0.0174083
1.273986e-07,0.0228184
1.274486e-07,0.0279813
1.274986e-07,0.0338033
1.275486e-07,0.0286404
1.275986e-07,0.0168041
1.276486e-07,0.0187814
1.276986e-07,0.0210882
1.277486e-07,0.0101582
1.277986e-07,0.00128786
1.278486e-07,0.00158994
1.278986e-07,0.0054896
1.279486e-07,0.00620363
1.279986e-07,0.00332008
1.280486e-07,0.0029356
1.280986e-07,0.00562692
1.281486e-07,0.00856539
1.281986e-07,0.00513259
1.282486e-07,0.00180964
1.282986e-07,0.0126024
1.283486e-07,0.0260589
1.283986e-07,0.0336935
1.284486e-07,0.0373185
1.284986e-07,0.027075
1.285486e-07,0.00996597
1.285986e-07,0.00183711
1.286486e-07,0.00167233
1.286986e-07,0.00406156
1.287486e-07,0.00128786
1.287986e-07,-0.000222573
1.288486e-07,0.00505021
1.288986e-07,0.00172726
1.289486e-07,-0.00461655
1.289986e-07,-0.000524659
1.290486e-07,0.00837315
1.290986e-07,0.0124925
1.291486e-07,0.0105427
1.291986e-07,0.0155134
1.292486e-07,0.0278714
1.292986e-07,0.0306726
1.293486e-07,0.0242464
1.293986e-07,0.0229008
1.294486e-07,0.0227085
1.294986e-07,0.0129044
1.295486e-07,0.00433618
1.295986e-07,0.00710988
1.296486e-07,0.00988359
1.296986e-07,0.00686272
1.297486e-07,0.00623109
1.297986e-07,0.00397917
1.298486e-07,-0.00121122
1.298986e-07,0.00095831
1.299486e-07,0.0029356
1.299986e-07,-0.000140186
1.300486e-07,0.000299213
1.300986e-07,0.0022765
1.301486e-07,0.00241382
1.301986e-07,0.00296306
1.302486e-07,0.00925195
1.302986e-07,0.0163372
1.303486e-07,0.0161999
1.303986e-07,0.0166943
1.304486e-07,0.0219945
1.304986e-07,0.0294917
1.305486e-07,0.0325675
1.305986e-07,0.0246309
1.306486e-07,0.0191659
1.306986e-07,0.0196602
1.307486e-07,0.012108
1.307986e-07,0.00131532
1.308486e-07,-0.00944993
1.308986e-07,-0.0213961
1.309486e-07,-0.024362
1.309986e-07,-0.0201877
1.310486e-07,-0.0148326
1.310986e-07,-0.00813174
1.311486e-07,-0.00568759
1.311986e-07,-0.00854368
1.312486e-07,-0.0092577
1.312986e-07,-0.0117568
1.313486e-07,-0.0237029
1.313986e-07,-0.0304861
1.314486e-07,-0.0223847
1.314986e-07,-0.0139538
1.315486e-07,-0.0088183
1.315986e-07,0.000134438
1.316486e-07,0.010323
1.316986e-07,0.0153486
1.317486e-07,0.0109821
1.317986e-07,-0.000826745
1.318486e-07,-0.0112075
1.318986e-07,-0.00879084
1.319486e-07,0.00115055
1.319986e-07,-0.00088167
1.320486e-07,-0.0122786
1.320986e-07,-0.0148875
1.321486e-07,-0.0104111
1.321986e-07,-0.00780219
1.322486e-07,-0.00340821
1.322986e-07,-0.000250035
1.323486e-07,-0.00247449
1.323986e-07,0.00106816
1.324486e-07,0.0115863
1.324986e-07,0.0125749
1.325486e-07,0.00463827
1.325986e-07,0.00480304
1.326486e-07,0.00974627
1.326986e-07,0.0082633
1.327486e-07,0.00776898
1.327986e-07,0.0152113
1.328486e-07,0.023093
1.328986e-07,0.0261413
1.329486e-07,0.02529
1.329986e-07,0.0194954
1.330486e-07,0.0164746
1.330986e-07,0.0185617
1.331486e-07,0.0116686
1.331986e-07,0.00134278
1.332486e-07,0.00587408
1.332986e-07,0.0193306
1.333486e-07,0.0233951
1.333986e-07,0.0159802
1.334486e-07,0.00710988
1.334986e-07,0.0040341
1.335486e-07,0.00653317
1.335986e-07,0.00367709
1.336486e-07,-0.00678608
1.336986e-07,-0.0139538
1.337486e-07,-0.0127454
1.337986e-07,-0.00892815
1.338486e-07,-0.00879084
1.338986e-07,-0.00700578
1.339486e-07,-0.00865353
1.339986e-07,-0.0189245
1.340486e-07,-0.0160409
1.340986e-07,0.000518912
1.341486e-07,0.00862032
1.341986e-07,0.0161175
1.342486e-07,0.0259765
1.342986e-07,0.0119982
1.343486e-07,-0.0122236
1.343986e-07,-0.0160134
1.344486e-07,-0.01302
1.344986e-07,-0.0114547
1.345486e-07,-0.00593475
1.345986e-07,0.00194696
1.346486e-07,0.0124925
1.346986e-07,0.0160352
1.347486e-07,0.0135635
1.347986e-07,0.0189187
1.348486e-07,0.0256195
1.348986e-07,0.0200447
1.349486e-07,0.00798868
1.349986e-07,0.00310038
1.350486e-07,0.00202934
1.350986e-07,0.00153502
1.351486e-07,0.00645079
1.351986e-07,0.00397917
1.352486e-07,-0.00563266
1.352986e-07,-0.00280404
1.353486e-07,0.00686272
1.353986e-07,0.0115588
1.354486e-07,0.0118609
1.354986e-07,0.00738451
1.355486e-07,-0.00346313
1.355986e-07,-0.0151621
1.356486e-07,-0.0121962
1.356986e-07,0.00573677
1.357486e-07,0.0201545
1.357986e-07,0.024576
1.358486e-07,0.0264434
1.358986e-07,0.0301508
1.359486e-07,0.0271574
1.359986e-07,0.0152937
1.360486e-07,0.0101857
1.360986e-07,0.00754928
1.361486e-07,-0.00403984
1.361986e-07,-0.0106857
1.362486e-07,-0.00469894
1.362986e-07,0.00719227
1.363486e-07,0.0185617
1.363986e-07,0.0224888
1.364486e-07,0.0190011
1.364986e-07,0.0166668
1.365486e-07,0.0213903
1.365986e-07,0.026004
1.366486e-07,0.0229557
1.366986e-07,0.0210333
1.367486e-07,0.0223515
1.367986e-07,0.0146895
1.368486e-07,0.00730212
1.368986e-07,0.0114764
1.369486e-07,0.011806
1.369986e-07,0.00829077
1.370486e-07,0.014305
1.370986e-07,0.0196327
1.371486e-07,0.0138107
1.371986e-07,0.00546214
1.372486e-07,0.00408902
1.372986e-07,0.00639586
1.373486e-07,0.00428126
1.373986e-07,0.00384186
1.374486e-07,0.0111194
1.374986e-07,0.0182871
1.375486e-07,0.0217748
1.375986e-07,0.0236148
1.376486e-07,0.0226811
1.376986e-07,0.0155134
1.377486e-07,0.0104054
1.377986e-07,0.0147444
1.378486e-07,0.0174907
1.378986e-07,0.015431
1.379486e-07,0.0105152
1.379986e-07,0.00436365
1.380486e-07,-0.000799283
1.380986e-07,-0.00714309
1.381486e-07,-0.00994426
1.381986e-07,-0.00975202
1.382486e-07,-0.00912039
1.382986e-07,-0.00598967
1.383486e-07,-0.00393
1.383986e-07,-0.000634509
1.384486e-07,0.00911464
1.384986e-07,0.0161725
1.385486e-07,0.011394
1.385986e-07,0.00683526
1.386486e-07,0.0123277
1.386986e-07,0.0188912
1.387486e-07,0.0217473
1.387986e-07,0.0220769
1.388486e-07,0.0219945
1.388986e-07,0.0255097
1.389486e-07,0.0235599
1.389986e-07,0.00829077
1.390486e-07,0.000409062
1.390986e-07,0.0133713
1.391486e-07,0.0200996
1.391986e-07,0.0110645
1.392486e-07,0.00897733
1.392986e-07,0.0128221
1.393486e-07,0.0121355
1.393986e-07,0.0120531
1.394486e-07,0.0165295
1.394986e-07,0.0217473
1.395486e-07,0.0215826
1.395986e-07,0.0193581
1.396486e-07,0.0219121
1.396986e-07,0.0209509
1.397486e-07,0.00900479
1.397986e-07,-0.0021724
1.398486e-07,-0.00719802
1.398986e-07,-0.00890069
1.399486e-07,-0.006484
1.399986e-07,-0.00829651
1.400486e-07,-0.011949
1.400986e-07,-0.00733533
1.401486e-07,-0.00489118
1.401986e-07,-0.00758249
1.402486e-07,-0.00607206
1.402986e-07,-0.00530311
1.403486e-07,-0.00442432
1.403986e-07,0.000656224
1.404486e-07,0.00340246
1.404986e-07,-0.000140186
1.405486e-07,-0.0104386
1.405986e-07,-0.0184027
1.406486e-07,-0.0202152
1.406986e-07,-0.0204074
1.407486e-07,-0.0156015
1.407986e-07,-0.00225479
1.408486e-07,0.0151289
1.408986e-07,0.0211706
1.409486e-07,0.0203193
1.409986e-07,0.0280911
1.410486e-07,0.0357257
1.410986e-07,0.0358081
1.411486e-07,0.031826
1.411986e-07,0.0282559
1.412486e-07,0.0281186
1.412986e-07,0.0256745
1.413486e-07,0.0160077
1.413986e-07,0.00793376
1.414486e-07,0.0114764
1.414986e-07,0.0232852
1.415486e-07,0.0312768
1.415986e-07,0.0288876
1.416486e-07,0.0254822
1.416986e-07,0.0299861
1.417486e-07,0.0337209
1.417986e-07,0.025647
1.418486e-07,0.0107624
1.418986e-07,0.000573836
1.419486e-07,-0.00436939
1.419986e-07,-0.00719802
1.420486e-07,-0.00607206
1.420986e-07,0.00200188
1.421486e-07,0.0128221
1.421986e-07,0.0159528
1.422486e-07,0.0100209
1.422986e-07,0.00573677
1.423486e-07,0.00686272
1.423986e-07,0.00266098
1.424486e-07,-0.0023921
1.424986e-07,0.00304545
1.425486e-07,0.0116137
1.425986e-07,0.0189187
1.426486e-07,0.0254548
1.426986e-07,0.0280637
1.427486e-07,0.021253
1.427986e-07,0.00721973
1.428486e-07,0.000244288
1.428986e-07,0.00299053
1.429486e-07,0.00955404
1.429986e-07,0.0137009
1.430486e-07,0.00889494
1.430986e-07,0.000738611
1.431486e-07,-0.00923024
1.431986e-07,-0.0223298
1.432486e-07,-0.0251859
1.432986e-07,-0.0162057
1.433486e-07,-0.00936755
1.433986e-07,-0.0053855
1.434486e-07,0.00345739
1.434986e-07,0.0144973
1.435486e-07,0.0167492
1.435986e-07,0.011394
1.436486e-07,0.00831823
1.436986e-07,0.00595646
1.437486e-07,0.00128786
1.437986e-07,-0.00192524
1.438486e-07,0.000683686
1.438986e-07,0.00776898
1.439486e-07,0.0116686
1.439986e-07,0.0133438
1.440486e-07,0.019056
1.440986e-07,0.0158429
1.441486e-07,0.000930848
1.441986e-07,-0.00134853
1.442486e-07,0.00373201
1.442986e-07,0.00186457
1.443486e-07,0.00667049
1.443986e-07,0.0176005
1.444486e-07,0.0230655
1.444986e-07,0.0244387
1.445486e-07,0.0266906
1.445986e-07,0.0288601
1.446486e-07,0.0250428
1.446986e-07,0.0172435
1.447486e-07,0.0127671
1.447986e-07,0.0166668
1.448486e-07,0.0222966
1.448986e-07,0.0187814
1.449486e-07,0.0122179
1.449986e-07,0.0104878
1.450486e-07,0.0164471
1.450986e-07,0.0237521
1.451486e-07,0.0188912
1.451986e-07,0.0070275
1.452486e-07,0.00299053
1.452986e-07,0.00842808
1.453486e-07,0.00864778
1.453986e-07,0.00109562
1.454486e-07,-0.00335328
1.454986e-07,-0.0117568
1.455486e-07,-0.023648
1.455986e-07,-0.0219179
1.456486e-07,-0.0118392
1.456986e-07,-0.0067037
1.457486e-07,-0.00456163
1.457986e-07,-0.00269419
1.458486e-07,0.00255113
1.458986e-07,0.00916956
1.459486e-07,0.00708242
1.459986e-07,-8.52608e-05
1.460486e-07,-0.00274911
1.460986e-07,-0.0021724
1.461486e-07,7.95135e-05
1.461986e-07,0.00557199
1.462486e-07,0.00985612
1.462986e-07,0.0103504
1.463486e-07,0.012108
1.463986e-07,0.0132889
1.464486e-07,0.00820838
1.464986e-07,0.00397917
1.465486e-07,0.0063684
1.465986e-07,0.00908718
1.466486e-07,0.0102681
1.466986e-07,0.0117236
1.467486e-07,0.00991105
1.467986e-07,0.00881255
1.468486e-07,0.0141952
1.468986e-07,0.016859
1.469486e-07,0.0155134
1.469986e-07,0.0158429
1.470486e-07,0.0157056
1.470986e-07,0.0151564
1.471486e-07,0.00999344
1.471986e-07,0.00189203
1.472486e-07,-0.000359885
1.472986e-07,0.00137025
1.473486e-07,0.00378694
1.473986e-07,0.0038144
1.474486e-07,0.00120547
1.474986e-07,0.0003816
1.475486e-07,0.00230397
1.475986e-07,0.00123293
1.476486e-07,-0.00777473
1.476986e-07,-0.015574
1.477486e-07,-0.0169197
1.477986e-07,-0.0135693
1.478486e-07,-0.00898307
1.478986e-07,-0.00997172
1.479486e-07,-0.00431447
1.479986e-07,0.0104054
1.480486e-07,0.0182596
1.480986e-07,0.0190011
1.481486e-07,0.0105427
1.481986e-07,-0.0030512
1.482486e-07,-0.00612699
1.482986e-07,-0.00252941
1.483486e-07,-0.00425954
1.483986e-07,-0.0113174
1.484486e-07,-0.018128
1.484986e-07,-0.0189794
1.485486e-07,-0.0122236
1.485986e-07,-0.00579744
1.486486e-07,0.000436525
1.486986e-07,0.0109546
1.487486e-07,0.0100484
1.487986e-07,-0.00115629
1.488486e-07,-0.00233718
1.488986e-07,0.00189203
1.489486e-07,0.00329261
1.489986e-07,0.00428126
1.490486e-07,0.00353977
1.490986e-07,0.00502274
1.491486e-07,0.00598393
1.491986e-07,-0.000112723
1.492486e-07,-0.00252941
1.492986e-07,-0.000771821
1.493486e-07,0.00186457
1.493986e-07,0.0108448
1.494486e-07,0.0178202
1.494986e-07,0.0200996
1.495486e-07,0.0259765
1.495986e-07,0.0303705
1.496486e-07,0.0250703
1.496986e-07,0.0148543
1.497486e-07,0.00134278
1.497986e-07,-0.014503
1.498486e-07,-0.0215334
1.498986e-07,-0.0191716
1.499486e-07,-0.0184301
1.499986e-07,-0.0227143
1.500486e-07,-0.0252957
1.500986e-07,-0.0207919
1.501486e-07,-0.0113448
1.501986e-07,0.00115055
1.502486e-07,0.00930688
1.502986e-07,0.00562692
1.503486e-07,0.000546374
1.503986e-07,0.00364962
1.504486e-07,0.0124101
1.504986e-07,0.0191109
1.505486e-07,0.0169414
1.505986e-07,0.0113116
1.506486e-07,0.0111469
1.506986e-07,0.0179026
1.507486e-07,0.026718
1.507986e-07,0.0261688
1.508486e-07,0.0167217
1.508986e-07,0.0105427
1.509486e-07,0.00257859
1.509986e-07,-0.00824159
1.510486e-07,-0.00813174
1.510986e-07,-0.00318851
1.511486e-07,-0.00200763
1.511986e-07,0.000628761
1.512486e-07,0.00158994
1.512986e-07,-0.00360045
1.513486e-07,-0.00689593
1.513986e-07,-0.000854208
1.514486e-07,0.00927941
1.514986e-07,0.0175731
1.515486e-07,0.0200996
1.515986e-07,0.0165295
1.516486e-07,0.0171337
1.516986e-07,0.0167766
1.517486e-07,0.000409062
1.517986e-07,-0.0191991
1.518486e-07,-0.0219179
1.518986e-07,-0.0110153
1.519486e-07,-0.00681355
1.519986e-07,-0.0119765
1.520486e-07,-0.00609952
1.520986e-07,0.00656064
1.521486e-07,0.0102131
1.521986e-07,0.00886748
1.522486e-07,0.00705496
1.522986e-07,0.00787883
1.523486e-07,0.0162549
1.523986e-07,0.0235873
1.524486e-07,0.0192208
1.524986e-07,0.0164746
1.525486e-07,0.0171611
1.525986e-07,0.00565438
1.526486e-07,-0.00379268
1.526986e-07,-0.00343567
1.527486e-07,-0.00450671
1.527986e-07,-0.00475387
1.528486e-07,-0.00824159
1.528986e-07,-0.0132397
1.529486e-07,-0.00870845
1.529986e-07,0.00241382
1.530486e-07,0.0063684
1.530986e-07,-0.00140346
1.531486e-07,-0.00480879
1.531986e-07,-0.00566013
1.532486e-07,-0.014503
1.532986e-07,-0.0147776
1.533486e-07,0.00164487
1.533986e-07,0.0191384
1.534486e-07,0.0275419
1.534986e-07,0.0298487
1.535486e-07,0.0278165
1.535986e-07,0.0206763
1.536486e-07,0.0115588
1.536986e-07,0.00518752
1.537486e-07,0.00450096
1.537986e-07,0.00516006
1.538486e-07,-0.000112723
1.538986e-07,-0.0049461
1.539486e-07,-0.00137599
1.539986e-07,0.00299053
1.540486e-07,0.0010407
1.540986e-07,-0.00250195
1.541486e-07,-0.00357298
1.541986e-07,-0.00390253
1.542486e-07,0.000134438
1.542986e-07,0.00859285
1.543486e-07,0.0123827
1.543986e-07,0.0132065
1.544486e-07,0.0171337
1.544986e-07,0.0205665
1.545486e-07,0.0220494
1.545986e-07,0.022379
1.546486e-07,0.0222417
1.546986e-07,0.0232303
1.547486e-07,0.021967
1.547986e-07,0.0190835
1.548486e-07,0.0180125
1.548986e-07,0.017216
1.549486e-07,0.0174907
1.549986e-07,0.0195503
1.550486e-07,0.0187265
1.550986e-07,0.0107624
1.551486e-07,0.00233143
1.551986e-07,-0.000359885
1.552486e-07,-0.00167808
1.552986e-07,0.00246874
1.553486e-07,0.0140853
1.553986e-07,0.0177928
1.554486e-07,0.00881255
1.554986e-07,-0.000414809
1.555486e-07,-0.00187032
1.555986e-07,0.00112308
1.556486e-07,-0.00522073
1.556986e-07,-0.0219453
1.557486e-07,-0.0242247
1.557986e-07,-0.011235
1.558486e-07,-0.00642907
1.558986e-07,-0.00780219
1.559486e-07,-0.00955978
1.559986e-07,-0.0124983
1.560486e-07,-0.00810428
1.560986e-07,-0.00184285
1.561486e-07,-0.00673116
1.561986e-07,-0.0116744
1.562486e-07,-0.00461655
1.562986e-07,0.00238635
1.563486e-07,0.00095831
1.563986e-07,-0.00110137
1.564486e-07,-0.000744358
1.564986e-07,-0.00442432
1.565486e-07,-0.00804935
1.565986e-07,-0.000167648
1.566486e-07,0.0112018
1.566986e-07,0.0144149
1.567486e-07,0.0152388
1.567986e-07,0.0137832
1.568486e-07,0.00353977
1.568986e-07,-0.0058249
1.569486e-07,-0.00620937
1.569986e-07,-0.0030512
1.570486e-07,0.00353977
1.570986e-07,0.0149641
1.571486e-07,0.027844
1.571986e-07,0.03438
1.572486e-07,0.026718
1.572986e-07,0.0124651
1.573486e-07,0.0024962
1.573986e-07,-0.00456163
1.574486e-07,-0.0114272
1.574986e-07,-0.0125257
1.575486e-07,-0.00848875
1.575986e-07,-0.00898307
1.576486e-07,-0.00609952
1.576986e-07,0.00323769
1.577486e-07,0.00395171
1.577986e-07,-0.000552121
1.578486e-07,-0.00176047
1.578986e-07,-0.00272165
1.579486e-07,-0.0032709
1.579986e-07,-0.0028315
1.580486e-07,-0.00294135
1.580986e-07,-0.00379268
1.581486e-07,-0.00263926
1.581986e-07,-0.00272165
1.582486e-07,-0.00898307
1.582986e-07,-0.00480879
1.583486e-07,0.0123003
1.583986e-07,0.0177928
1.584486e-07,0.0134812
1.584986e-07,0.00862032
1.585486e-07,7.95135e-05
1.585986e-07,-0.00209002
1.586486e-07,0.00392425
1.586986e-07,0.00864778
1.587486e-07,0.0114489
1.587986e-07,0.012163
1.588486e-07,0.0112292
1.588986e-07,0.00787883
1.589486e-07,-0.000140186
1.589986e-07,-0.00813174
1.590486e-07,-0.00722548
1.590986e-07,0.00150756
1.591486e-07,0.00441857
1.591986e-07,0.00268844
1.592486e-07,0.00675287
1.592986e-07,0.0125749
1.593486e-07,0.0108173
1.593986e-07,0.00235889
1.594486e-07,-0.00132107
1.594986e-07,2.45887e-05
1.595486e-07,-0.00200763
1.595986e-07,-0.00285896
1.596486e-07,0.00230397
