LECROYWR640Zi,59892,Waveform
Segments,1,SegmentSize,4002
Segment,TrigTime,TimeSinceSegment1
#1,01-Nov-2023 13:34:10,0                 
Time,Ampl
-4.040091e-08,0.0027159
-4.035091e-08,-0.00225479
-4.030091e-08,-0.006484
-4.025091e-08,0.00027175
-4.020091e-08,0.00645079
-4.015091e-08,0.00916956
-4.010091e-08,0.0105427
-4.005091e-08,0.0140304
-4.000091e-08,0.0242739
-3.995091e-08,0.0298487
-3.990091e-08,0.0258667
-3.985091e-08,0.0200996
-3.980091e-08,0.0173534
-3.975091e-08,0.0191109
-3.970091e-08,0.0235873
-3.965091e-08,0.0258667
-3.960091e-08,0.0229282
-3.955091e-08,0.024164
-3.950091e-08,0.0291622
-3.945091e-08,0.0285305
-3.940091e-08,0.0360552
-3.935091e-08,0.0511046
-3.930091e-08,0.0513243
-3.925091e-08,0.0394606
-3.920091e-08,0.0299586
-3.915091e-08,0.0263061
-3.910091e-08,0.0202094
-3.905091e-08,0.00919703
-3.900091e-08,0.00776898
-3.895091e-08,0.0160077
-3.890091e-08,0.0211981
-3.885091e-08,0.0231479
-3.880091e-08,0.0264709
-3.875091e-08,0.0271025
-3.870091e-08,0.0222142
-3.865091e-08,0.0207587
-3.860091e-08,0.0224064
-3.855091e-08,0.0161175
-3.850091e-08,0.00444603
-3.845091e-08,-0.00373776
-3.840091e-08,-0.0049461
-3.835091e-08,0.00128786
-3.830091e-08,0.0089224
-3.825091e-08,0.0141677
-3.820091e-08,0.0200721
-3.815091e-08,0.0241366
-3.810091e-08,0.0249055
-3.805091e-08,0.0267455
-3.800091e-08,0.0276518
-3.795091e-08,0.024219
-3.790091e-08,0.0197151
-3.785091e-08,0.016145
-3.780091e-08,0.0160901
-3.775091e-08,0.0247957
-3.770091e-08,0.0334463
-3.765091e-08,0.0326499
-3.760091e-08,0.03438
-3.755091e-08,0.0427561
-3.750091e-08,0.0451178
-3.745091e-08,0.0384719
-3.740091e-08,0.0320732
-3.735091e-08,0.0336386
-3.730091e-08,0.0393233
-3.725091e-08,0.0444587
-3.720091e-08,0.0432778
-3.715091e-08,0.0334738
-3.710091e-08,0.0287228
-3.705091e-08,0.031469
-3.700091e-08,0.0340505
-3.695091e-08,0.0406689
-3.690091e-08,0.0477542
-3.685091e-08,0.0455847
-3.680091e-08,0.0392134
-3.675091e-08,0.0360827
-3.670091e-08,0.0326224
-3.665091e-08,0.024878
-3.660091e-08,0.0180948
-3.655091e-08,0.0138656
-3.650091e-08,0.00664302
-3.645091e-08,0.00180964
-3.640091e-08,0.00529737
-3.635091e-08,0.00730212
-3.630091e-08,0.00721973
-3.625091e-08,0.0122728
-3.620091e-08,0.0150465
-3.615091e-08,0.0191109
-3.610091e-08,0.0324851
-3.605091e-08,0.0419322
-3.600091e-08,0.042454
-3.595091e-08,0.0408062
-3.590091e-08,0.0353961
-3.585091e-08,0.0295192
-3.580091e-08,0.0290249
-3.575091e-08,0.0268553
-3.570091e-08,0.0288876
-3.565091e-08,0.0441841
-3.560091e-08,0.0511046
-3.555091e-08,0.0448981
-3.550091e-08,0.0494569
-3.545091e-08,0.0572837
-3.540091e-08,0.0463536
-3.535091e-08,0.0239993
-3.530091e-08,0.00900479
-3.525091e-08,0.00373201
-3.520091e-08,-0.000497197
-3.515091e-08,-0.00184285
-3.510091e-08,0.00367709
-3.505091e-08,0.0126573
-3.500091e-08,0.0243013
-3.495091e-08,0.0310022
-3.490091e-08,0.0346821
-3.485091e-08,0.0428934
-3.480091e-08,0.0433053
-3.475091e-08,0.0345723
-3.470091e-08,0.0273771
-3.465091e-08,0.0239993
-3.460091e-08,0.0259491
-3.455091e-08,0.0308648
-3.450091e-08,0.0309198
-3.445091e-08,0.0279813
-3.440091e-08,0.0342702
-3.435091e-08,0.0422617
-3.430091e-08,0.0380875
-3.425091e-08,0.0343526
-3.420091e-08,0.0421244
-3.415091e-08,0.0484957
-3.410091e-08,0.0428659
-3.405091e-08,0.0346547
-3.400091e-08,0.0294643
-3.395091e-08,0.0219121
-3.390091e-08,0.0165295
-3.385091e-08,0.0183969
-3.380091e-08,0.023807
-3.375091e-08,0.0252625
-3.370091e-08,0.0215551
-3.365091e-08,0.0222142
-3.360091e-08,0.0200721
-3.355091e-08,0.00875763
-3.350091e-08,0.00873017
-3.345091e-08,0.0204841
-3.340091e-08,0.0210882
-3.335091e-08,0.0141677
-3.330091e-08,0.0178477
-3.325091e-08,0.0200172
-3.320091e-08,0.00933434
-3.315091e-08,0.00675287
-3.310091e-08,0.0145247
-3.305091e-08,0.0174632
-3.300091e-08,0.0203468
-3.295091e-08,0.0252351
-3.290091e-08,0.0250703
-3.285091e-08,0.0219945
-3.280091e-08,0.0262512
-3.275091e-08,0.0357257
-3.270091e-08,0.0361651
-3.265091e-08,0.0313042
-3.260091e-08,0.0310022
-3.255091e-08,0.0297389
-3.250091e-08,0.0268279
-3.245091e-08,0.0252351
-3.240091e-08,0.0204841
-3.235091e-08,0.015431
-3.230091e-08,0.00873017
-3.225091e-08,-0.000469734
-3.220091e-08,0.00205681
-3.215091e-08,0.0122454
-3.210091e-08,0.0212805
-3.205091e-08,0.034023
-3.200091e-08,0.0417674
-3.195091e-08,0.0368242
-3.190091e-08,0.0301783
-3.185091e-08,0.0275968
-3.180091e-08,0.0205665
-3.175091e-08,0.0126024
-3.170091e-08,0.0108173
-3.165091e-08,0.0103504
-3.160091e-08,0.0137283
-3.155091e-08,0.0170513
-3.150091e-08,0.0131241
-3.145091e-08,0.0120257
-3.140091e-08,0.0160901
-3.135091e-08,0.0217473
-3.130091e-08,0.0324302
-3.125091e-08,0.0398451
-3.120091e-08,0.0430307
-3.115091e-08,0.0494294
-3.110091e-08,0.0446784
-3.105091e-08,0.0302332
-3.100091e-08,0.0240816
-3.095091e-08,0.0224614
-3.090091e-08,0.0232303
-3.085091e-08,0.0262512
-3.080091e-08,0.0275144
-3.075091e-08,0.0291073
-3.070091e-08,0.0285031
-3.065091e-08,0.0257568
-3.060091e-08,0.0247133
-3.055091e-08,0.0247407
-3.050091e-08,0.0253724
-3.045091e-08,0.0239993
-3.040091e-08,0.0228184
-3.035091e-08,0.0277067
-3.030091e-08,0.0323753
-3.025091e-08,0.030041
-3.020091e-08,0.0258667
-3.015091e-08,0.0265258
-3.010091e-08,0.0273771
-3.005091e-08,0.0204566
-3.000091e-08,0.0170238
-2.995091e-08,0.0234225
-2.990091e-08,0.026773
-2.985091e-08,0.0251527
-2.980091e-08,0.024933
-2.975091e-08,0.0260864
-2.970091e-08,0.0255646
-2.965091e-08,0.0224339
-2.960091e-08,0.0190835
-2.955091e-08,0.0214453
-2.950091e-08,0.0293544
-2.945091e-08,0.0344899
-2.940091e-08,0.0360278
-2.935091e-08,0.0328421
-2.930091e-08,0.0246858
-2.925091e-08,0.0194954
-2.920091e-08,0.01977
-2.915091e-08,0.019056
-2.910091e-08,0.00955404
-2.905091e-08,-2.87366e-06
-2.900091e-08,0.00172726
-2.895091e-08,0.00494036
-2.890091e-08,0.00823584
-2.885091e-08,0.014662
-2.880091e-08,0.0141677
-2.875091e-08,0.0104054
-2.870091e-08,0.0126847
-2.865091e-08,0.0182322
-2.860091e-08,0.0193306
-2.855091e-08,0.01436
-2.850091e-08,0.0135086
-2.845091e-08,0.0183969
-2.840091e-08,0.0225987
-2.835091e-08,0.0260589
-2.830091e-08,0.0263885
-2.825091e-08,0.0236422
-2.820091e-08,0.0210333
-2.815091e-08,0.0219945
-2.810091e-08,0.0244112
-2.805091e-08,0.0191933
-2.800091e-08,0.0121355
-2.795091e-08,0.012163
-2.790091e-08,0.0151838
-2.785091e-08,0.0159528
-2.780091e-08,0.0207038
-2.775091e-08,0.0317711
-2.770091e-08,0.0350391
-2.765091e-08,0.0317436
-2.760091e-08,0.0298487
-2.755091e-08,0.028201
-2.750091e-08,0.030755
-2.745091e-08,0.031112
-2.740091e-08,0.0241091
-2.735091e-08,0.0182596
-2.730091e-08,0.0170238
-2.725091e-08,0.0241366
-2.720091e-08,0.0299586
-2.715091e-08,0.0225712
-2.710091e-08,0.0180399
-2.705091e-08,0.0190286
-2.700091e-08,0.0141128
-2.695091e-08,0.010323
-2.690091e-08,0.0108722
-2.685091e-08,0.0167492
-2.680091e-08,0.0212805
-2.675091e-08,0.0129319
-2.670091e-08,0.0180125
-2.665091e-08,0.0440468
-2.660091e-08,0.0520384
-2.655091e-08,0.0400647
-2.650091e-08,0.0314416
-2.645091e-08,0.0261139
-2.640091e-08,0.0235049
-2.635091e-08,0.0255371
-2.630091e-08,0.0254273
-2.625091e-08,0.022324
-2.620091e-08,0.0204017
-2.615091e-08,0.0215002
-2.610091e-08,0.02161
-2.605091e-08,0.0189187
-2.600091e-08,0.0175181
-2.595091e-08,0.0140304
-2.590091e-08,0.0101307
-2.585091e-08,0.0113391
-2.580091e-08,0.015074
-2.575091e-08,0.0180948
-2.570091e-08,0.0222966
-2.565091e-08,0.0282559
-2.560091e-08,0.0285031
-2.555091e-08,0.0295741
-2.550091e-08,0.0392683
-2.545091e-08,0.0433328
-2.540091e-08,0.0403668
-2.535091e-08,0.0364672
-2.530091e-08,0.029684
-2.525091e-08,0.0279264
-2.520091e-08,0.0279538
-2.515091e-08,0.0181498
-2.510091e-08,0.011394
-2.505091e-08,0.0192483
-2.500091e-08,0.0247407
-2.495091e-08,0.0228733
-2.490091e-08,0.0258942
-2.485091e-08,0.0305902
-2.480091e-08,0.0298213
-2.475091e-08,0.0176829
-2.470091e-08,0.00189203
-2.465091e-08,-0.00181539
-2.460091e-08,-0.00629176
-2.455091e-08,-0.0185125
-2.450091e-08,-0.0162881
-2.445091e-08,-2.87366e-06
-2.440091e-08,0.00521498
-2.435091e-08,-0.000469734
-2.430091e-08,0.00139771
-2.425091e-08,0.00557199
-2.420091e-08,0.00505021
-2.415091e-08,0.00911464
-2.410091e-08,0.0114489
-2.405091e-08,0.00787883
-2.400091e-08,0.00812599
-2.395091e-08,0.00911464
-2.390091e-08,0.00955404
-2.385091e-08,0.0117785
-2.380091e-08,0.0147994
-2.375091e-08,0.0212256
-2.370091e-08,0.0239993
-2.365091e-08,0.022736
-2.360091e-08,0.024219
-2.355091e-08,0.02161
-2.350091e-08,0.0175456
-2.345091e-08,0.0200172
-2.340091e-08,0.0235324
-2.335091e-08,0.0243563
-2.330091e-08,0.024878
-2.325091e-08,0.0263336
-2.320091e-08,0.0261688
-2.315091e-08,0.0237246
-2.310091e-08,0.0219396
-2.305091e-08,0.0162274
-2.300091e-08,0.00752182
-2.295091e-08,0.0112018
-2.290091e-08,0.0208685
-2.285091e-08,0.0198799
-2.280091e-08,0.0268279
-2.275091e-08,0.0478915
-2.270091e-08,0.0500611
-2.265091e-08,0.0350117
-2.260091e-08,0.0303705
-2.255091e-08,0.0257568
-2.250091e-08,0.0138382
-2.245091e-08,0.00862032
-2.240091e-08,0.00255113
-2.235091e-08,-0.00425954
-2.230091e-08,0.000573836
-2.225091e-08,0.0107075
-2.220091e-08,0.0205665
-2.215091e-08,0.0238894
-2.210091e-08,0.0167492
-2.205091e-08,0.0128221
-2.200091e-08,0.0144423
-2.195091e-08,0.0131791
-2.190091e-08,0.0113391
-2.185091e-08,0.0141128
-2.180091e-08,0.0268279
-2.175091e-08,0.0396528
-2.170091e-08,0.0405316
-2.165091e-08,0.0434975
-2.160091e-08,0.0466283
-2.155091e-08,0.0384994
-2.150091e-08,0.0333914
-2.145091e-08,0.0328421
-2.140091e-08,0.0250428
-2.135091e-08,0.0147994
-2.130091e-08,0.0109821
-2.125091e-08,0.0152113
-2.120091e-08,0.0231754
-2.115091e-08,0.0294093
-2.110091e-08,0.0325675
-2.105091e-08,0.0316338
-2.100091e-08,0.0305902
-2.095091e-08,0.0349842
-2.090091e-08,0.0395979
-2.085091e-08,0.0389113
-2.080091e-08,0.034023
-2.075091e-08,0.0315239
-2.070091e-08,0.0304804
-2.065091e-08,0.0249604
-2.060091e-08,0.0215551
-2.055091e-08,0.0238619
-2.050091e-08,0.0264709
-2.045091e-08,0.024521
-2.040091e-08,0.0161175
-2.035091e-08,0.00985612
-2.030091e-08,0.0129594
-2.025091e-08,0.0169414
-2.020091e-08,0.0154035
-2.015091e-08,0.0121904
-2.010091e-08,0.0087027
-2.005091e-08,0.00933434
-2.000091e-08,0.0180948
-1.995091e-08,0.0246309
-1.990091e-08,0.0270201
-1.985091e-08,0.031881
-1.980091e-08,0.034435
-1.975091e-08,0.0338857
-1.970091e-08,0.0375657
-1.965091e-08,0.0444038
-1.960091e-08,0.0447608
-1.955091e-08,0.039543
-1.950091e-08,0.0361102
-1.945091e-08,0.0326224
-1.940091e-08,0.026004
-1.935091e-08,0.0166943
-1.930091e-08,0.00919703
-1.925091e-08,0.00927941
-1.920091e-08,0.0171062
-1.915091e-08,0.0226811
-1.910091e-08,0.0209235
-1.905091e-08,0.0260315
-1.900091e-08,0.0321281
-1.895091e-08,0.02713
-1.890091e-08,0.0269927
-1.885091e-08,0.031112
-1.880091e-08,0.0324577
-1.875091e-08,0.0304529
-1.870091e-08,0.0180674
-1.865091e-08,0.0123552
-1.860091e-08,0.0232303
-1.855091e-08,0.0272673
-1.850091e-08,0.0204566
-1.845091e-08,0.0207312
-1.840091e-08,0.0275419
-1.835091e-08,0.0302607
-1.830091e-08,0.0260864
-1.825091e-08,0.0174083
-1.820091e-08,0.0137832
-1.815091e-08,0.0135635
-1.810091e-08,0.00485797
-1.805091e-08,-3.03361e-05
-1.800091e-08,0.0106525
-1.795091e-08,0.0198799
-1.790091e-08,0.017216
-1.785091e-08,0.015074
-1.780091e-08,0.019825
-1.775091e-08,0.0204841
-1.770091e-08,0.0120531
-1.765091e-08,0.0087027
-1.760091e-08,0.0129044
-1.755091e-08,0.0101307
-1.750091e-08,0.00463827
-1.745091e-08,0.00455588
-1.740091e-08,0.00853793
-1.735091e-08,0.0134262
-1.730091e-08,0.0134812
-1.725091e-08,0.0141952
-1.720091e-08,0.0148543
-1.715091e-08,0.00713735
-1.710091e-08,-0.000140186
-1.705091e-08,-0.00280404
-1.700091e-08,-0.00461655
-1.695091e-08,-0.00403984
-1.690091e-08,-0.0058249
-1.685091e-08,-0.00211748
-1.680091e-08,0.0140853
-1.675091e-08,0.0182871
-1.670091e-08,0.00815346
-1.665091e-08,0.00999344
-1.660091e-08,0.0153486
-1.655091e-08,0.0087027
-1.650091e-08,0.00831823
-1.645091e-08,0.0148817
-1.640091e-08,0.0127671
-1.635091e-08,0.0102131
-1.630091e-08,0.0113666
-1.625091e-08,0.0189462
-1.620091e-08,0.033309
-1.615091e-08,0.0380875
-1.610091e-08,0.0371263
-1.605091e-08,0.0355335
-1.600091e-08,0.0275144
-1.595091e-08,0.0272124
-1.590091e-08,0.0373734
-1.585091e-08,0.0387466
-1.580091e-08,0.0244936
-1.575091e-08,0.00966389
-1.570091e-08,0.00988359
-1.565091e-08,0.00955404
-1.560091e-08,-0.000442272
-1.555091e-08,0.00367709
-1.550091e-08,0.0132065
-1.545091e-08,0.0065881
-1.540091e-08,0.0052699
-1.535091e-08,0.0165295
-1.530091e-08,0.0187265
-1.525091e-08,0.0172435
-1.520091e-08,0.0230106
-1.515091e-08,0.0240542
-1.510091e-08,0.0218572
-1.505091e-08,0.0264159
-1.500091e-08,0.0266906
-1.495091e-08,0.00993851
-1.490091e-08,-0.00766488
-1.485091e-08,-0.00310612
-1.480091e-08,0.00375947
-1.475091e-08,-0.00412223
-1.470091e-08,-0.0037103
-1.465091e-08,0.0087027
-1.460091e-08,0.0168316
-1.455091e-08,0.0210333
-1.450091e-08,0.0226536
-1.445091e-08,0.0218023
-1.440091e-08,0.0246034
-1.435091e-08,0.0249055
-1.430091e-08,0.0169689
-1.425091e-08,0.0114764
-1.420091e-08,0.0132065
-1.415091e-08,0.0158429
-1.410091e-08,0.0168041
-1.405091e-08,0.0180674
-1.400091e-08,0.0180399
-1.395091e-08,0.0164196
-1.390091e-08,0.0180125
-1.385091e-08,0.0191659
-1.380091e-08,0.0193032
-1.375091e-08,0.0241091
-1.370091e-08,0.0284482
-1.365091e-08,0.0285031
-1.360091e-08,0.0233402
-1.355091e-08,0.0165295
-1.350091e-08,0.0199897
-1.345091e-08,0.0264983
-1.340091e-08,0.0244936
-1.335091e-08,0.0279538
-1.330091e-08,0.037703
-1.325091e-08,0.0350941
-1.320091e-08,0.0256195
-1.315091e-08,0.0218023
-1.310091e-08,0.0181223
-1.305091e-08,0.0144149
-1.300091e-08,0.0146071
-1.295091e-08,0.0133438
-1.290091e-08,0.0101582
-1.285091e-08,0.0166668
-1.280091e-08,0.0265258
-1.275091e-08,0.0165569
-1.270091e-08,0.0010407
-1.265091e-08,0.00488543
-1.260091e-08,0.0136734
-1.255091e-08,0.0141128
-1.250091e-08,0.0162823
-1.245091e-08,0.0215002
-1.240091e-08,0.0253174
-1.235091e-08,0.0331168
-1.230091e-08,0.0455847
-1.225091e-08,0.0567893
-1.220091e-08,0.0558007
-1.215091e-08,0.042811
-1.210091e-08,0.037703
-1.205091e-08,0.0406964
-1.200091e-08,0.0425089
-1.195091e-08,0.0436623
-1.190091e-08,0.0363299
-1.185091e-08,0.0295192
-1.180091e-08,0.0324302
-1.175091e-08,0.0308374
-1.170091e-08,0.0269377
-1.165091e-08,0.0272398
-1.160091e-08,0.0236972
-1.155091e-08,0.0160626
-1.150091e-08,0.0147444
-1.145091e-08,0.021967
-1.140091e-08,0.0279538
-1.135091e-08,0.0271849
-1.130091e-08,0.0218297
-1.125091e-08,0.0205115
-1.120091e-08,0.026361
-1.115091e-08,0.0254822
-1.110091e-08,0.0188638
-1.105091e-08,0.0203468
-1.100091e-08,0.0207587
-1.095091e-08,0.013948
-1.090091e-08,0.0166119
-1.085091e-08,0.0284482
-1.080091e-08,0.0319633
-1.075091e-08,0.0379227
-1.070091e-08,0.0507202
-1.065091e-08,0.0455023
-1.060091e-08,0.0329795
-1.055091e-08,0.0342702
-1.050091e-08,0.0312768
-1.045091e-08,0.0196602
-1.040091e-08,0.0160626
-1.035091e-08,0.0158978
-1.030091e-08,0.0132615
-1.025091e-08,0.016502
-1.020091e-08,0.0258942
-1.015091e-08,0.0310571
-1.010091e-08,0.0303705
-1.005091e-08,0.0294917
-1.000091e-08,0.0261688
-9.950908e-09,0.0172984
-9.900908e-09,0.00944419
-9.850908e-09,0.011806
-9.800908e-09,0.0199348
-9.750908e-09,0.0200721
-9.700908e-09,0.0160626
-9.650908e-09,0.0200447
-9.600908e-09,0.0255097
-9.550908e-09,0.0273222
-9.500908e-09,0.0305353
-9.450908e-09,0.0302332
-9.400908e-09,0.0255371
-9.350908e-09,0.0247957
-9.300908e-09,0.0268828
-9.250908e-09,0.0306177
-9.200908e-09,0.032238
-9.150908e-09,0.0214453
-9.100908e-09,0.00579169
-9.050908e-09,-0.00134853
-9.000908e-09,-0.00442432
-8.950908e-09,-0.00876338
-8.900908e-09,-0.0058249
-8.850908e-09,0.00573677
-8.800908e-09,0.0130692
-8.750908e-09,0.0152662
-8.700908e-09,0.0208685
-8.650908e-09,0.0259216
-8.600908e-09,0.0236972
-8.550908e-09,0.0232028
-8.500908e-09,0.0322105
-8.450908e-09,0.0379501
-8.400908e-09,0.0324577
-8.350908e-09,0.0254273
-8.300908e-09,0.0223515
-8.250908e-09,0.021665
-8.200908e-09,0.0192208
-8.150908e-09,0.0181498
-8.100908e-09,0.0257294
-8.050908e-09,0.028201
-8.000908e-09,0.0209784
-7.950908e-09,0.0207312
-7.900908e-09,0.0260589
-7.850908e-09,0.0300959
-7.800908e-09,0.0295467
-7.750908e-09,0.0193856
-7.700908e-09,0.0130418
-7.650908e-09,0.0210059
-7.600908e-09,0.0250977
-7.550908e-09,0.0182047
-7.500908e-09,0.0172984
-7.450908e-09,0.019413
-7.400908e-09,0.0130143
-7.350908e-09,0.00933434
-7.300908e-09,0.0129044
-7.250908e-09,0.0188912
-7.200908e-09,0.0277067
-7.150908e-09,0.0342976
-7.100908e-09,0.0390486
-7.050908e-09,0.0476169
-7.000908e-09,0.055581
-6.950908e-09,0.0560753
-6.900908e-09,0.048633
-6.850908e-09,0.0349567
-6.800908e-09,0.0232028
-6.750908e-09,0.0216375
-6.700908e-09,0.0210059
-6.650908e-09,0.0184793
-6.600908e-09,0.0266631
-6.550908e-09,0.0390212
-6.500908e-09,0.0430307
-6.450908e-09,0.0420695
-6.400908e-09,0.035863
-6.350908e-09,0.0244661
-6.300908e-09,0.0147444
-6.250908e-09,0.00949911
-6.200908e-09,0.00691765
-6.150908e-09,-0.000634509
-6.100908e-09,-0.00766488
-6.050908e-09,-0.000854208
-6.000908e-09,0.00834569
-5.950908e-09,0.0121904
-5.900908e-09,0.0169414
-5.850908e-09,0.0145797
-5.800908e-09,0.0101582
-5.750908e-09,0.0160077
-5.700908e-09,0.0182871
-5.650908e-09,0.0124376
-5.600908e-09,0.0104054
-5.550908e-09,0.0131241
-5.500908e-09,0.0153486
-5.450908e-09,0.0177928
-5.400908e-09,0.0193581
-5.350908e-09,0.0157056
-5.300908e-09,0.0163098
-5.250908e-09,0.0250428
-5.200908e-09,0.0261688
-5.150908e-09,0.0200172
-5.100908e-09,0.0195778
-5.050908e-09,0.0164196
-5.000908e-09,0.00691765
-4.950908e-09,0.00529737
-4.900908e-09,0.0109821
-4.850908e-09,0.0153761
-4.800908e-09,0.0182322
-4.750908e-09,0.017216
-4.700908e-09,0.0161175
-4.650908e-09,0.0211157
-4.600908e-09,0.0239169
-4.550908e-09,0.0236697
-4.500908e-09,0.0210882
-4.450908e-09,0.0148543
-4.400908e-09,0.0277891
-4.350908e-09,0.0533016
-4.300908e-09,0.0579702
-4.250908e-09,0.051599
-4.200908e-09,0.0465733
-4.150908e-09,0.036989
-4.100908e-09,0.0286953
-4.050908e-09,0.023093
-4.000908e-09,0.0191109
-3.950908e-09,0.016502
-3.900908e-09,0.0153761
-3.850908e-09,0.0195503
-3.800908e-09,0.0171611
-3.750908e-09,0.00840062
-3.700908e-09,0.0120806
-3.650908e-09,0.0202369
-3.600908e-09,0.0236972
-3.550908e-09,0.0264159
-3.500908e-09,0.0239718
-3.450908e-09,0.0232852
-3.400908e-09,0.0303705
-3.350908e-09,0.0351764
-3.300908e-09,0.0350391
-3.250908e-09,0.0335287
-3.200908e-09,0.0287777
-3.150908e-09,0.0168865
-3.100908e-09,0.00796122
-3.050908e-09,0.00969135
-3.000908e-09,0.0119707
-2.950908e-09,0.0115313
-2.900908e-09,0.00834569
-2.850908e-09,0.00689019
-2.800908e-09,0.0140029
-2.750908e-09,0.0210608
-2.700908e-09,0.0236422
-2.650908e-09,0.0258942
-2.600908e-09,0.0315789
-2.550908e-09,0.0382522
-2.500908e-09,0.0346547
-2.450908e-09,0.0257568
-2.400908e-09,0.0252625
-2.350908e-09,0.032183
-2.300908e-09,0.0437172
-2.250908e-09,0.0500885
-2.200908e-09,0.0443763
-2.150908e-09,0.044596
-2.100908e-09,0.0561852
-2.050908e-09,0.0605517
-2.000908e-09,0.0519834
-1.950908e-09,0.0423716
-1.900908e-09,0.0364123
-1.850908e-09,0.0279538
-1.800908e-09,0.0225987
-1.750908e-09,0.0275419
-1.700908e-09,0.030041
-1.650908e-09,0.0268004
-1.600908e-09,0.0287502
-1.550908e-09,0.0305902
-1.500908e-09,0.0307001
-1.450908e-09,0.0312768
-1.400908e-09,0.0224339
-1.350908e-09,0.0105152
-1.300908e-09,0.00842808
-1.250908e-09,0.00878509
-1.200908e-09,0.00224904
-1.150908e-09,-0.00184285
-1.100908e-09,0.00238635
-1.050908e-09,0.0110095
-1.000908e-09,0.0176829
-9.509085e-10,0.0100758
-9.009085e-10,0.00246874
-8.509085e-10,0.0126847
-8.009085e-10,0.0211981
-7.509085e-10,0.0157605
-7.009085e-10,0.00911464
-6.509085e-10,0.0121355
-6.009085e-10,0.0228733
-5.509085e-10,0.0350666
-5.009085e-10,0.047562
-4.509085e-10,0.0557458
-4.009085e-10,0.0542628
-3.509085e-10,0.048633
-3.009085e-10,0.0405316
-2.509085e-10,0.0324302
-2.009085e-10,0.0378678
-1.509085e-10,0.0525052
-1.009085e-10,0.0735414
-5.09085e-11,0.113334
-9.084997e-13,0.153375
4.90915e-11,0.193662
9.90915e-11,0.264954
1.490915e-10,0.341849
1.990915e-10,0.390293
2.490915e-10,0.416217
2.990915e-10,0.422808
3.490915e-10,0.4085
3.990915e-10,0.367636
4.490915e-10,0.303868
4.990915e-10,0.235954
5.490915e-10,0.17691
5.990915e-10,0.133245
6.490915e-10,0.106359
6.990915e-10,0.103173
7.490915e-10,0.117811
7.990915e-10,0.123193
8.490915e-10,0.117728
8.990915e-10,0.113472
9.490915e-10,0.102981
9.990915e-10,0.0816977
1.049092e-09,0.0605517
1.099092e-09,0.0498688
1.149092e-09,0.0437722
1.199092e-09,0.0395979
1.249092e-09,0.0474796
1.299092e-09,0.055224
1.349092e-09,0.0512419
1.399092e-09,0.0474247
1.449092e-09,0.0446235
1.499092e-09,0.0352863
1.549092e-09,0.0207587
1.599092e-09,0.0111469
1.649092e-09,0.0105976
1.699092e-09,0.0132065
1.749092e-09,0.0164746
1.799092e-09,0.0165844
1.849092e-09,0.0149367
1.899092e-09,0.0155134
1.949092e-09,0.0125749
1.999092e-09,0.0114764
2.049092e-09,0.0200996
2.099092e-09,0.0246858
2.149092e-09,0.0264983
2.199092e-09,0.0374284
2.249092e-09,0.0368242
2.299092e-09,0.0210333
2.349092e-09,0.0184244
2.399092e-09,0.0217473
2.449092e-09,0.0167766
2.499092e-09,0.0170513
2.549092e-09,0.018342
2.599092e-09,0.0137832
2.649092e-09,0.0137009
2.699092e-09,0.0168041
2.749092e-09,0.0172435
2.799092e-09,0.0174907
2.849092e-09,0.0201545
2.899092e-09,0.0197975
2.949092e-09,0.0141403
2.999092e-09,0.0132615
3.049092e-09,0.0193032
3.099092e-09,0.0233127
3.149092e-09,0.0249604
3.199092e-09,0.026773
3.249092e-09,0.0259765
3.299092e-09,0.0264709
3.349092e-09,0.0233402
3.399092e-09,0.0107624
3.449092e-09,0.00752182
3.499092e-09,0.0146895
3.549092e-09,0.0176829
3.599092e-09,0.0166668
3.649092e-09,0.0126298
3.699092e-09,0.010323
3.749092e-09,0.00845554
3.799092e-09,0.00230397
3.849092e-09,0.00202934
3.899092e-09,0.008483
3.949092e-09,0.00949911
3.999092e-09,0.0107624
4.049092e-09,0.0246034
4.099092e-09,0.0379776
4.149092e-09,0.0383072
4.199092e-09,0.0334738
4.249092e-09,0.0290798
4.299092e-09,0.0295467
4.349092e-09,0.0323204
4.399092e-09,0.0307825
4.449092e-09,0.0272398
4.499092e-09,0.0218297
4.549092e-09,0.0220494
4.599092e-09,0.0345173
4.649092e-09,0.0453925
4.699092e-09,0.0460516
4.749092e-09,0.0388015
4.799092e-09,0.0263885
4.849092e-09,0.00919703
4.899092e-09,-0.0100266
4.949092e-09,-0.0155466
4.999092e-09,-0.010109
5.049092e-09,-0.00642907
5.099092e-09,-0.000579584
5.149092e-09,0.00488543
5.199092e-09,0.0102681
5.249092e-09,0.0196053
5.299092e-09,0.0233951
5.349092e-09,0.0240267
5.399092e-09,0.0306452
5.449092e-09,0.0319084
5.499092e-09,0.027487
5.549092e-09,0.0310296
5.599092e-09,0.039131
5.649092e-09,0.0434701
5.699092e-09,0.0342702
5.749092e-09,0.0142501
5.799092e-09,0.00279829
5.849092e-09,0.00164487
5.899092e-09,0.00137025
5.949092e-09,0.000875923
5.999092e-09,0.00428126
6.049092e-09,0.00705496
6.099092e-09,-0.00030496
6.149092e-09,-0.0105759
6.199092e-09,-0.0156839
6.249092e-09,-0.0150523
6.299092e-09,-0.00763742
6.349092e-09,-0.00162315
6.399092e-09,0.00266098
6.449092e-09,0.0124651
6.499092e-09,0.018699
6.549092e-09,0.020182
6.599092e-09,0.0254273
6.649092e-09,0.0299037
6.699092e-09,0.029327
6.749092e-09,0.0232852
6.799092e-09,0.0188912
6.849092e-09,0.0213354
6.899092e-09,0.0206488
6.949092e-09,0.0217199
6.999092e-09,0.0306177
7.049092e-09,0.0330069
7.099092e-09,0.0312493
7.149092e-09,0.0349567
7.199092e-09,0.0375382
7.249092e-09,0.0393233
7.299092e-09,0.0430856
7.349092e-09,0.0387191
7.399092e-09,0.0294368
7.449092e-09,0.0282559
7.499092e-09,0.029272
7.549092e-09,0.0336935
7.599092e-09,0.0479739
7.649092e-09,0.0506103
7.699092e-09,0.0361651
7.749092e-09,0.0297389
7.799092e-09,0.0294643
7.849092e-09,0.0235049
7.899092e-09,0.0224888
7.949092e-09,0.0232852
7.999092e-09,0.0200172
8.049092e-09,0.0258667
8.099092e-09,0.0354236
8.149092e-09,0.033309
8.199092e-09,0.0277616
8.249092e-09,0.0270476
8.299092e-09,0.0258118
8.349092e-09,0.0230106
8.399092e-09,0.0210059
8.449092e-09,0.0172984
8.499092e-09,0.0102131
8.549092e-09,0.00691765
8.599092e-09,0.0129044
8.649092e-09,0.0218023
8.699092e-09,0.0259765
8.749092e-09,0.02345
8.799092e-09,0.0197975
8.849092e-09,0.0196327
8.899092e-09,0.0179575
8.949092e-09,0.0157331
8.999092e-09,0.0151014
9.049092e-09,0.0130143
9.099092e-09,0.0135635
9.149092e-09,0.0161725
9.199092e-09,0.0169963
9.249092e-09,0.0188638
9.299092e-09,0.0193032
9.349092e-09,0.0173259
9.399092e-09,0.0138931
9.449092e-09,0.00831823
9.499092e-09,0.00642333
9.549092e-09,0.00645079
9.599092e-09,0.00142517
9.649092e-09,-0.00846129
9.699092e-09,-0.0150797
9.749092e-09,-0.013432
9.799092e-09,-0.0105484
9.849092e-09,-0.00557774
9.899092e-09,0.00507767
9.949092e-09,0.014717
9.999092e-09,0.020539
1.004909e-08,0.0236697
1.009909e-08,0.0214178
1.014909e-08,0.0210882
1.019909e-08,0.0292446
1.024909e-08,0.0275419
1.029909e-08,0.0156232
1.034909e-08,0.0157605
1.039909e-08,0.0208136
1.044909e-08,0.0180674
1.049909e-08,0.0130692
1.054909e-08,0.0133164
1.059909e-08,0.0221318
1.064909e-08,0.0285855
1.069909e-08,0.028915
1.074909e-08,0.0311944
1.079909e-08,0.0297664
1.084909e-08,0.0251252
1.089909e-08,0.0279538
1.094909e-08,0.0279264
1.099909e-08,0.0180399
1.104909e-08,0.0154035
1.109909e-08,0.0197975
1.114909e-08,0.0185068
1.119909e-08,0.0187814
1.124909e-08,0.0271849
1.129909e-08,0.0287502
1.134909e-08,0.0172435
1.139909e-08,0.0102681
1.144909e-08,0.0111469
1.149909e-08,0.00735705
1.154909e-08,0.00672541
1.159909e-08,0.0155683
1.164909e-08,0.0208411
1.169909e-08,0.0244936
1.174909e-08,0.0246858
1.179909e-08,0.0161175
1.184909e-08,0.0122454
1.189909e-08,0.0118883
1.194909e-08,0.0156507
1.199909e-08,0.0297389
1.204909e-08,0.0367693
1.209909e-08,0.0303705
1.214909e-08,0.0268004
1.219909e-08,0.0293819
1.224909e-08,0.0287502
1.229909e-08,0.0246584
1.234909e-08,0.0248231
1.239909e-08,0.0286953
1.244909e-08,0.0280637
1.249909e-08,0.0253449
1.254909e-08,0.026773
1.259909e-08,0.025647
1.264909e-08,0.0203742
1.269909e-08,0.0213079
1.274909e-08,0.0256745
1.279909e-08,0.0244112
1.284909e-08,0.0179301
1.289909e-08,0.0108722
1.294909e-08,0.0111194
1.299909e-08,0.0141403
1.304909e-08,0.0105976
1.309909e-08,0.00691765
1.314909e-08,0.00864778
1.319909e-08,0.0116137
1.324909e-08,0.0133164
1.329909e-08,0.0180674
1.334909e-08,0.0263336
1.339909e-08,0.0305628
1.344909e-08,0.0305353
1.349909e-08,0.0324302
1.354909e-08,0.0384719
1.359909e-08,0.0472599
1.364909e-08,0.0533291
1.369909e-08,0.0523954
1.374909e-08,0.0535213
1.379909e-08,0.0607165
1.384909e-08,0.0590687
1.389909e-08,0.0468754
1.394909e-08,0.0370164
1.399909e-08,0.028558
1.404909e-08,0.0138931
1.409909e-08,7.95135e-05
1.414909e-08,0.0029356
1.419909e-08,0.0137009
1.424909e-08,0.0133713
1.429909e-08,0.0120806
1.434909e-08,0.0193581
1.439909e-08,0.0253174
1.444909e-08,0.0229831
1.449909e-08,0.0167766
1.454909e-08,0.0186441
1.459909e-08,0.028558
1.464909e-08,0.0358355
1.469909e-08,0.035149
1.474909e-08,0.0283658
1.479909e-08,0.0285031
1.484909e-08,0.0349842
1.489909e-08,0.0330069
1.494909e-08,0.032595
1.499909e-08,0.0397352
1.504909e-08,0.0365496
1.509909e-08,0.0249879
1.514909e-08,0.0150191
1.519909e-08,0.00634094
1.524909e-08,0.00540722
1.529909e-08,0.0108722
1.534909e-08,0.00933434
1.539909e-08,0.00123293
1.544909e-08,-0.00159569
1.549909e-08,-0.00236464
1.554909e-08,-0.0032709
1.559909e-08,0.00156248
1.564909e-08,0.00474812
1.569909e-08,0.00938926
1.574909e-08,0.0209235
1.579909e-08,0.0283658
1.584909e-08,0.0343251
1.589909e-08,0.040614
1.594909e-08,0.0323204
1.599909e-08,0.0134537
1.604909e-08,-0.000799283
1.609909e-08,-0.0117568
1.614909e-08,-0.0117568
1.619909e-08,0.00279829
1.624909e-08,0.0142776
1.629909e-08,0.0203468
1.634909e-08,0.0232028
1.639909e-08,0.0235049
1.644909e-08,0.0283383
1.649909e-08,0.0324027
1.654909e-08,0.0330618
1.659909e-08,0.031112
1.664909e-08,0.022736
1.669909e-08,0.0136185
1.674909e-08,0.0102681
1.679909e-08,0.0122179
1.684909e-08,0.0100209
1.689909e-08,0.003375
1.694909e-08,0.00812599
1.699909e-08,0.0169414
1.704909e-08,0.0183695
1.709909e-08,0.0222966
1.714909e-08,0.0264983
1.719909e-08,0.0240542
1.724909e-08,0.0186166
1.729909e-08,0.0158155
1.734909e-08,0.0215276
1.739909e-08,0.0268004
1.744909e-08,0.0218023
1.749909e-08,0.0141952
1.754909e-08,0.0089224
1.759909e-08,0.00859285
1.764909e-08,0.019413
1.769909e-08,0.0274046
1.774909e-08,0.0180948
1.779909e-08,0.0129868
1.784909e-08,0.0190835
1.789909e-08,0.0157605
1.794909e-08,0.0122454
1.799909e-08,0.0163372
1.804909e-08,0.0130418
1.809909e-08,0.00991105
1.814909e-08,0.0158704
1.819909e-08,0.0156781
1.824909e-08,0.00713735
1.829909e-08,0.00639586
1.834909e-08,0.0124101
1.839909e-08,0.0130967
1.844909e-08,0.0151838
1.849909e-08,0.0234775
1.854909e-08,0.0282834
1.859909e-08,0.0283932
1.864909e-08,0.0261688
1.869909e-08,0.0213079
1.874909e-08,0.0118609
1.879909e-08,0.000820998
1.884909e-08,-0.00159569
1.889909e-08,0.00233143
1.894909e-08,0.00623109
1.899909e-08,0.0116412
1.904909e-08,0.0161725
1.909909e-08,0.0185617
1.914909e-08,0.0174632
1.919909e-08,0.0153761
1.924909e-08,0.0214727
1.929909e-08,0.0250154
1.934909e-08,0.0228733
1.939909e-08,0.0342153
1.944909e-08,0.046793
1.949909e-08,0.0435799
1.954909e-08,0.0360827
1.959909e-08,0.0276243
1.964909e-08,0.0211157
1.969909e-08,0.0222142
1.974909e-08,0.0259491
1.979909e-08,0.0296016
1.984909e-08,0.0275968
1.989909e-08,0.0239443
1.994909e-08,0.0275694
1.999909e-08,0.0302058
2.004909e-08,0.0298213
2.009909e-08,0.0287228
2.014909e-08,0.0259491
2.019909e-08,0.0294093
2.024909e-08,0.0372087
2.029909e-08,0.0400373
2.034909e-08,0.038774
2.039909e-08,0.0353138
2.044909e-08,0.0311944
2.049909e-08,0.0280362
2.054909e-08,0.022379
2.059909e-08,0.0166943
2.064909e-08,0.0175456
2.069909e-08,0.0226261
2.074909e-08,0.0278714
2.079909e-08,0.0375107
2.084909e-08,0.049759
2.089909e-08,0.0514067
2.094909e-08,0.0444587
2.099909e-08,0.0438546
2.104909e-08,0.0488527
2.109909e-08,0.0475071
2.114909e-08,0.0377854
2.119909e-08,0.0275144
2.124909e-08,0.0229008
2.129909e-08,0.0265533
2.134909e-08,0.0321556
2.139909e-08,0.023807
2.144909e-08,0.0106251
2.149909e-08,0.0124651
2.154909e-08,0.0179575
2.159909e-08,0.0218023
2.164909e-08,0.0292446
2.169909e-08,0.029272
2.174909e-08,0.0234775
2.179909e-08,0.0259216
2.184909e-08,0.0347096
2.189909e-08,0.0384994
2.194909e-08,0.0330344
2.199909e-08,0.0268828
2.204909e-08,0.024576
2.209909e-08,0.0170238
2.214909e-08,0.00307291
2.219909e-08,-0.010164
2.224909e-08,-0.0139812
2.229909e-08,-0.00714309
2.234909e-08,-0.00269419
2.239909e-08,-0.00615445
2.244909e-08,-0.00758249
2.249909e-08,0.00667049
2.254909e-08,0.0240267
2.259909e-08,0.0169414
2.264909e-08,0.00296306
2.269909e-08,0.00710988
2.274909e-08,0.0129594
2.279909e-08,0.0145247
2.284909e-08,0.0218846
2.289909e-08,0.026773
2.294909e-08,0.0232303
2.299909e-08,0.0195229
2.304909e-08,0.0196327
2.309909e-08,0.0171886
2.314909e-08,0.0121355
2.319909e-08,0.019056
2.324909e-08,0.0350666
2.329909e-08,0.0414379
2.334909e-08,0.0403394
2.339909e-08,0.0384719
2.344909e-08,0.031112
2.349909e-08,0.01977
2.354909e-08,0.0150191
2.359909e-08,0.0172435
2.364909e-08,0.0180399
2.369909e-08,0.0145247
2.374909e-08,0.0107349
2.379909e-08,0.0156781
2.384909e-08,0.0238619
2.389909e-08,0.0230106
2.394909e-08,0.0194405
2.399909e-08,0.0148543
2.404909e-08,0.00546214
2.409909e-08,0.00458335
2.414909e-08,0.0115863
2.419909e-08,0.0165569
2.424909e-08,0.0281186
2.429909e-08,0.0396803
2.434909e-08,0.0405591
2.439909e-08,0.0438271
2.444909e-08,0.0498963
2.449909e-08,0.0455023
2.454909e-08,0.0383346
2.459909e-08,0.0390486
2.464909e-08,0.0381424
2.469909e-08,0.0293819
2.474909e-08,0.0240816
2.479909e-08,0.0277067
2.484909e-08,0.029327
2.489909e-08,0.0280088
2.494909e-08,0.0295741
2.499909e-08,0.0286129
2.504909e-08,0.0259765
2.509909e-08,0.024878
2.514909e-08,0.0243288
2.519909e-08,0.026361
2.524909e-08,0.024878
2.529909e-08,0.0209509
2.534909e-08,0.0250428
2.539909e-08,0.0250428
2.544909e-08,0.0123552
2.549909e-08,0.0061487
2.554909e-08,0.0135086
2.559909e-08,0.0173534
2.564909e-08,0.0121355
2.569909e-08,0.00741197
2.574909e-08,0.00829077
2.579909e-08,0.0142226
2.584909e-08,0.0159802
2.589909e-08,0.00971881
2.594909e-08,0.00472066
2.599909e-08,0.00430872
2.604909e-08,0.00856539
2.609909e-08,0.0130967
2.614909e-08,0.0122179
2.619909e-08,0.0138931
2.624909e-08,0.0177928
2.629909e-08,0.0192757
2.634909e-08,0.0263061
2.639909e-08,0.0397627
2.644909e-08,0.0484682
2.649909e-08,0.0452277
2.654909e-08,0.0405591
2.659909e-08,0.0397901
2.664909e-08,0.0345723
2.669909e-08,0.0272398
2.674909e-08,0.0243837
2.679909e-08,0.0268004
2.684909e-08,0.0253174
2.689909e-08,0.0191659
2.694909e-08,0.0179026
2.699909e-08,0.0145247
2.704909e-08,0.00889494
2.709909e-08,0.00716481
2.714909e-08,0.00551707
2.719909e-08,0.00581915
2.724909e-08,0.00837315
2.729909e-08,0.0120531
2.734909e-08,0.0123827
2.739909e-08,0.00603885
2.744909e-08,0.00496782
2.749909e-08,0.0112842
2.754909e-08,0.0193306
2.759909e-08,0.0294093
2.764909e-08,0.0368791
2.769909e-08,0.0381973
2.774909e-08,0.0324302
2.779909e-08,0.0206214
2.784909e-08,0.0118609
2.789909e-08,0.00798868
2.794909e-08,-0.00145838
2.799909e-08,-0.00675862
2.804909e-08,0.00189203
2.809909e-08,0.0040341
2.814909e-08,0.00419887
2.819909e-08,0.014662
2.824909e-08,0.0164196
2.829909e-08,0.0119707
2.834909e-08,0.0132889
2.839909e-08,0.0156781
2.844909e-08,0.0195778
2.849909e-08,0.024878
2.854909e-08,0.0261413
2.859909e-08,0.0237521
2.864909e-08,0.0261413
2.869909e-08,0.0298487
2.874909e-08,0.024933
2.879909e-08,0.0219396
2.884909e-08,0.0272398
2.889909e-08,0.0255097
2.894909e-08,0.0181772
2.899909e-08,0.0189187
2.904909e-08,0.0211157
2.909909e-08,0.0183695
2.914909e-08,0.0176829
2.919909e-08,0.0159528
2.924909e-08,0.00609378
2.929909e-08,-0.00272165
2.934909e-08,-0.00241956
2.939909e-08,0.00340246
2.944909e-08,0.0035947
2.949909e-08,-0.00401238
2.954909e-08,-0.000771821
2.959909e-08,0.0140853
2.964909e-08,0.0188089
2.969909e-08,0.016145
2.974909e-08,0.0224339
2.979909e-08,0.0291073
2.984909e-08,0.0257294
2.989909e-08,0.0219121
2.994909e-08,0.0247682
2.999909e-08,0.0281186
3.004909e-08,0.0268004
3.009909e-08,0.0255646
3.014909e-08,0.0309198
3.019909e-08,0.0403394
3.024909e-08,0.044651
3.029909e-08,0.0461614
3.034909e-08,0.0488527
3.039909e-08,0.0378678
3.044909e-08,0.0161175
3.049909e-08,0.00842808
3.054909e-08,0.00801614
3.059909e-08,0.00109562
3.064909e-08,-0.00442432
3.069909e-08,-0.0099168
3.074909e-08,-0.0115096
3.079909e-08,-0.0026118
3.084909e-08,0.00156248
3.089909e-08,-0.00225479
3.094909e-08,7.95135e-05
3.099909e-08,0.00930688
3.104909e-08,0.0173808
3.109909e-08,0.0233951
3.114909e-08,0.0312219
3.119909e-08,0.0302607
3.124909e-08,0.0137558
3.129909e-08,0.00172726
3.134909e-08,-0.00209002
3.139909e-08,-0.00502849
3.144909e-08,0.00568184
3.149909e-08,0.0179026
3.154909e-08,0.0188089
3.159909e-08,0.0322929
3.164909e-08,0.0507202
3.169909e-08,0.047919
3.174909e-08,0.0361651
3.179909e-08,0.0297389
3.184909e-08,0.0252625
3.189909e-08,0.0239718
3.194909e-08,0.0260864
3.199909e-08,0.0247407
3.204909e-08,0.0225163
3.209909e-08,0.0235324
3.214909e-08,0.0210608
3.219909e-08,0.0115039
3.224909e-08,0.00675287
3.229909e-08,0.0113116
3.234909e-08,0.00977374
3.239909e-08,0.00884002
3.244909e-08,0.0172984
3.249909e-08,0.018342
3.254909e-08,0.0158429
3.259909e-08,0.0210882
3.264909e-08,0.028558
3.269909e-08,0.0356708
3.274909e-08,0.0374833
3.279909e-08,0.0329245
3.284909e-08,0.0332266
3.289909e-08,0.0374558
3.294909e-08,0.0350666
3.299909e-08,0.0275968
3.304909e-08,0.0239993
3.309909e-08,0.0217473
3.314909e-08,0.0147444
3.319909e-08,0.0184519
3.324909e-08,0.0364946
3.329909e-08,0.0430856
3.334909e-08,0.0347645
3.339909e-08,0.0305902
3.344909e-08,0.0327598
3.349909e-08,0.0319633
3.354909e-08,0.0280362
3.359909e-08,0.0293819
3.364909e-08,0.0319633
3.369909e-08,0.0277616
3.374909e-08,0.0313042
3.379909e-08,0.0410534
3.384909e-08,0.0359454
3.389909e-08,0.0305353
3.394909e-08,0.0319633
3.399909e-08,0.0189462
3.404909e-08,0.00675287
3.409909e-08,0.0124101
3.414909e-08,0.0176829
3.419909e-08,0.0179301
3.424909e-08,0.0170238
3.429909e-08,0.0156507
3.434909e-08,0.0199074
3.439909e-08,0.0246584
3.444909e-08,0.0237796
3.449909e-08,0.0217748
3.454909e-08,0.017985
3.459909e-08,0.0118334
3.464909e-08,0.0106525
3.469909e-08,0.00752182
3.474909e-08,-0.000661971
3.479909e-08,0.00516006
3.484909e-08,0.0168316
3.489909e-08,0.0130967
3.494909e-08,0.00966389
3.499909e-08,0.0131241
3.504909e-08,0.00886748
3.509909e-08,0.00603885
3.514909e-08,0.0118609
3.519909e-08,0.016914
3.524909e-08,0.0170787
3.529909e-08,0.0155408
3.534909e-08,0.0201545
3.539909e-08,0.026361
3.544909e-08,0.0273771
3.549909e-08,0.0289699
3.554909e-08,0.0309472
3.559909e-08,0.0336386
3.564909e-08,0.0344075
3.569909e-08,0.0282559
3.574909e-08,0.0282285
3.579909e-08,0.0311395
3.584909e-08,0.0235049
3.589909e-08,0.0154035
3.594909e-08,0.0144973
3.599909e-08,0.0196327
3.604909e-08,0.0246858
3.609909e-08,0.0200172
3.614909e-08,0.0151289
3.619909e-08,0.0280637
3.624909e-08,0.0447059
3.629909e-08,0.0379501
3.634909e-08,0.0252076
3.639909e-08,0.0292995
3.644909e-08,0.0300684
3.649909e-08,0.0188089
3.654909e-08,0.0142226
3.659909e-08,0.0174907
3.664909e-08,0.0197426
3.669909e-08,0.028558
3.674909e-08,0.0435799
3.679909e-08,0.0493196
3.684909e-08,0.0481662
3.689909e-08,0.0451178
3.694909e-08,0.037346
3.699909e-08,0.0293819
3.704909e-08,0.02345
3.709909e-08,0.0192208
3.714909e-08,0.0160901
3.719909e-08,0.015074
3.724909e-08,0.0180948
3.729909e-08,0.0224064
3.734909e-08,0.0252076
3.739909e-08,0.0233402
3.744909e-08,0.0214727
3.749909e-08,0.0286953
3.754909e-08,0.0391585
3.759909e-08,0.0416576
3.764909e-08,0.0327598
3.769909e-08,0.0191933
3.774909e-08,0.0133988
3.779909e-08,0.0148817
3.784909e-08,0.00782391
3.789909e-08,-0.00766488
3.794909e-08,-0.0107681
3.799909e-08,-0.00115629
3.804909e-08,0.00955404
3.809909e-08,0.0165844
3.814909e-08,0.0123827
3.819909e-08,0.00650571
3.824909e-08,0.00823584
3.829909e-08,0.00713735
3.834909e-08,0.0044735
3.839909e-08,0.00620363
3.844909e-08,0.00513259
3.849909e-08,0.000491449
3.854909e-08,-0.00118376
3.859909e-08,0.000903385
3.864909e-08,0.00458335
3.869909e-08,0.00765913
3.874909e-08,0.00996597
3.879909e-08,0.0168041
3.884909e-08,0.0274046
3.889909e-08,0.0309747
3.894909e-08,0.0293819
3.899909e-08,0.031112
3.904909e-08,0.03622
3.909909e-08,0.0400373
3.914909e-08,0.0345448
3.919909e-08,0.021967
3.924909e-08,0.0172984
3.929909e-08,0.019825
3.934909e-08,0.011394
3.939909e-08,-0.00511088
3.944909e-08,-0.0109604
3.949909e-08,-0.00447924
3.954909e-08,0.00436365
3.959909e-08,0.0147994
3.964909e-08,0.0274321
3.969909e-08,0.0315239
3.974909e-08,0.0301783
3.979909e-08,0.0327872
3.984909e-08,0.0304255
3.989909e-08,0.0252351
3.994909e-08,0.0232578
3.999909e-08,0.0200721
4.004909e-08,0.0210608
4.009909e-08,0.02529
4.014909e-08,0.0227634
4.019909e-08,0.0171611
4.024909e-08,0.0182871
4.029909e-08,0.0215551
4.034909e-08,0.0182871
4.039909e-08,0.0127946
4.044909e-08,0.0145797
4.049909e-08,0.0226811
4.054909e-08,0.0266631
4.059909e-08,0.0264709
4.064909e-08,0.0258942
4.069909e-08,0.0244387
4.074909e-08,0.0266906
4.079909e-08,0.0283932
4.084909e-08,0.0225987
4.089909e-08,0.0130418
4.094909e-08,0.00785137
4.099909e-08,0.0147994
4.104909e-08,0.0197426
4.109909e-08,0.00963642
4.114909e-08,0.000299213
4.119909e-08,0.00216665
4.124909e-08,0.0110645
4.129909e-08,0.0166393
4.134909e-08,0.0130967
4.139909e-08,0.0137283
4.144909e-08,0.0219945
4.149909e-08,0.0225712
4.154909e-08,0.0153486
4.159909e-08,0.0129044
4.164909e-08,0.0178477
4.169909e-08,0.0241915
4.174909e-08,0.0282285
4.179909e-08,0.0342702
4.184909e-08,0.0405865
4.189909e-08,0.0376755
4.194909e-08,0.0370988
4.199909e-08,0.043882
4.204909e-08,0.0375657
4.209909e-08,0.0240816
4.214909e-08,0.0248506
4.219909e-08,0.040971
4.224909e-08,0.0539333
4.229909e-08,0.0475071
4.234909e-08,0.0409435
4.239909e-08,0.0433328
4.244909e-08,0.0363848
4.249909e-08,0.0288326
4.254909e-08,0.0283383
4.259909e-08,0.0216924
4.264909e-08,0.0153486
4.269909e-08,0.0207312
4.274909e-08,0.0255097
4.279909e-08,0.0202094
4.284909e-08,0.0127671
4.289909e-08,0.0114489
4.294909e-08,0.0138382
4.299909e-08,0.00754928
4.304909e-08,-0.00233718
4.309909e-08,0.00137025
4.314909e-08,0.0139206
4.319909e-08,0.0232578
4.324909e-08,0.028201
4.329909e-08,0.0352314
4.334909e-08,0.0430856
4.339909e-08,0.039131
4.344909e-08,0.0308648
4.349909e-08,0.0306452
4.354909e-08,0.0233402
4.359909e-08,0.00384186
4.364909e-08,-0.0102463
4.369909e-08,-0.0143657
4.374909e-08,-0.0154367
4.379909e-08,-0.0176063
4.384909e-08,-0.0204074
4.389909e-08,-0.0226868
4.394909e-08,-0.0293327
4.399909e-08,-0.0286461
4.404909e-08,-0.0171119
4.409909e-08,-0.0151072
4.414909e-08,-0.00972456
4.419909e-08,0.00587408
4.424909e-08,0.00796122
4.429909e-08,0.00705496
4.434909e-08,0.0162823
4.439909e-08,0.0179575
4.444909e-08,0.0134812
4.449909e-08,0.0179575
4.454909e-08,0.0235324
4.459909e-08,0.0233402
4.464909e-08,0.0254822
4.469909e-08,0.0281461
4.474909e-08,0.0272398
4.479909e-08,0.0297664
4.484909e-08,0.032952
4.489909e-08,0.0263336
4.494909e-08,0.0155134
4.499909e-08,0.0095815
4.504909e-08,0.0063684
4.509909e-08,0.0038144
4.514909e-08,0.00518752
4.519909e-08,0.0130143
4.524909e-08,0.0229557
4.529909e-08,0.0260315
4.534909e-08,0.0213903
4.539909e-08,0.0199623
4.544909e-08,0.0273771
4.549909e-08,0.0328696
4.554909e-08,0.0290523
4.559909e-08,0.0268279
4.564909e-08,0.0294917
4.569909e-08,0.0277891
4.574909e-08,0.0258667
4.579909e-08,0.0286679
4.584909e-08,0.024521
4.589909e-08,0.0132615
4.594909e-08,0.0114489
4.599909e-08,0.0199074
4.604909e-08,0.0268004
4.609909e-08,0.0254548
4.614909e-08,0.0258392
4.619909e-08,0.0361926
4.624909e-08,0.0399
4.629909e-08,0.0327323
4.634909e-08,0.0274046
4.639909e-08,0.0269103
4.644909e-08,0.0266631
4.649909e-08,0.0216924
4.654909e-08,0.0173259
4.659909e-08,0.0196053
4.664909e-08,0.0229008
4.669909e-08,0.0231479
4.674909e-08,0.0247133
4.679909e-08,0.0289425
4.684909e-08,0.0238894
4.689909e-08,0.0112567
4.694909e-08,0.0148268
4.699909e-08,0.0287228
4.704909e-08,0.0311669
4.709909e-08,0.0284756
4.714909e-08,0.025647
4.719909e-08,0.0227634
4.724909e-08,0.0271574
4.729909e-08,0.0324577
4.734909e-08,0.0300135
4.739909e-08,0.026718
4.744909e-08,0.0266631
4.749909e-08,0.0249879
4.754909e-08,0.0218846
4.759909e-08,0.0209235
4.764909e-08,0.0228733
4.769909e-08,0.0215002
4.774909e-08,0.0167492
4.779909e-08,0.0186166
4.784909e-08,0.0212256
4.789909e-08,0.016914
4.794909e-08,0.0153211
4.799909e-08,0.020539
4.804909e-08,0.0274321
4.809909e-08,0.0348469
4.814909e-08,0.038417
4.819909e-08,0.0331717
4.824909e-08,0.0303156
4.829909e-08,0.0331992
4.834909e-08,0.0307825
4.839909e-08,0.028915
4.844909e-08,0.0319084
4.849909e-08,0.0329795
4.854909e-08,0.0314141
4.859909e-08,0.0257568
4.864909e-08,0.0211157
4.869909e-08,0.0227909
4.874909e-08,0.0258667
4.879909e-08,0.028915
4.884909e-08,0.0294093
4.889909e-08,0.0255646
4.894909e-08,0.0234775
4.899909e-08,0.0262786
4.904909e-08,0.0308923
4.909909e-08,0.0335012
4.914909e-08,0.0317986
4.919909e-08,0.0251252
4.924909e-08,0.0215002
4.929909e-08,0.0286404
4.934909e-08,0.03806
4.939909e-08,0.0395155
4.944909e-08,0.0330069
4.949909e-08,0.0262786
4.954909e-08,0.0233127
4.959909e-08,0.0163647
4.964909e-08,0.00216665
4.969909e-08,-0.00574251
4.974909e-08,-5.77984e-05
4.979909e-08,0.00710988
4.984909e-08,0.00837315
4.989909e-08,0.0052699
4.994909e-08,0.00233143
4.999909e-08,0.000903385
5.004909e-08,-0.00214494
5.009909e-08,-0.0015133
5.014909e-08,0.00323769
5.019909e-08,0.008483
5.024909e-08,0.014717
5.029909e-08,0.0159802
5.034909e-08,0.0110919
5.039909e-08,0.0114489
5.044909e-08,0.0150191
5.049909e-08,0.0126298
5.054909e-08,0.0138107
5.059909e-08,0.014717
5.064909e-08,0.00949911
5.069909e-08,0.0113666
5.074909e-08,0.0132065
5.079909e-08,0.0135361
5.084909e-08,0.0244112
5.089909e-08,0.0319359
5.094909e-08,0.0247407
5.099909e-08,0.0123003
5.104909e-08,0.00455588
5.109909e-08,0.00543468
5.114909e-08,0.0087027
5.119909e-08,0.00886748
5.124909e-08,0.0100758
5.129909e-08,0.0130967
5.134909e-08,0.0145247
5.139909e-08,0.01252
5.144909e-08,0.0136459
5.149909e-08,0.0203742
5.154909e-08,0.0180674
5.159909e-08,0.0110095
5.164909e-08,0.0136185
5.169909e-08,0.0158978
5.174909e-08,0.0172984
5.179909e-08,0.0306726
5.184909e-08,0.0460516
5.189909e-08,0.0470127
5.194909e-08,0.0385543
5.199909e-08,0.0321281
5.204909e-08,0.0261139
5.209909e-08,0.0166943
5.214909e-08,0.00911464
5.219909e-08,0.0105152
5.224909e-08,0.0169689
5.229909e-08,0.0206763
5.234909e-08,0.023807
5.239909e-08,0.0265258
5.244909e-08,0.0296016
5.249909e-08,0.031469
5.254909e-08,0.0248231
5.259909e-08,0.0211706
5.264909e-08,0.0271574
5.269909e-08,0.0302058
5.274909e-08,0.0324851
5.279909e-08,0.0324027
5.284909e-08,0.0193856
5.289909e-08,0.00565438
5.294909e-08,0.00299053
5.299909e-08,0.00807107
5.304909e-08,0.0166943
5.309909e-08,0.0229282
5.314909e-08,0.0252076
5.319909e-08,0.0252076
5.324909e-08,0.0238894
5.329909e-08,0.0270476
5.334909e-08,0.0291073
5.339909e-08,0.0209784
5.344909e-08,0.0131791
5.349909e-08,0.0117785
5.354909e-08,0.0140304
5.359909e-08,0.0211981
5.364909e-08,0.0243563
5.369909e-08,0.0163647
5.374909e-08,0.00779644
5.379909e-08,0.0124101
5.384909e-08,0.0249604
5.389909e-08,0.0286679
5.394909e-08,0.0295467
5.399909e-08,0.0354236
5.404909e-08,0.0325126
5.409909e-08,0.0261962
5.414909e-08,0.0310845
5.419909e-08,0.0288052
5.424909e-08,0.00859285
5.429909e-08,0.0012604
5.434909e-08,0.0109272
5.439909e-08,0.00804361
5.444909e-08,0.00109562
5.449909e-08,0.00422633
5.454909e-08,0.0031553
5.459909e-08,0.00222158
5.464909e-08,0.0114764
5.469909e-08,0.0174083
5.474909e-08,0.0197426
5.479909e-08,0.0261413
5.484909e-08,0.0274595
5.489909e-08,0.0280362
5.494909e-08,0.0308648
5.499909e-08,0.0228184
5.504909e-08,0.0112292
5.509909e-08,0.0068078
5.514909e-08,0.0063684
5.519909e-08,0.011751
5.524909e-08,0.0181498
5.529909e-08,0.0152662
5.534909e-08,0.00897733
5.539909e-08,0.0120531
5.544909e-08,0.0197975
5.549909e-08,0.0203193
5.554909e-08,0.0180674
5.559909e-08,0.0204017
5.564909e-08,0.0252625
5.569909e-08,0.0261962
5.574909e-08,0.0210333
5.579909e-08,0.0199348
5.584909e-08,0.0267455
5.589909e-08,0.0313866
5.594909e-08,0.0307825
5.599909e-08,0.0284482
5.604909e-08,0.0244661
5.609909e-08,0.0206763
5.614909e-08,0.0170787
5.619909e-08,0.0114764
5.624909e-08,0.00856539
5.629909e-08,0.00889494
5.634909e-08,0.00439111
5.639909e-08,-0.00274911
5.644909e-08,-0.000826745
5.649909e-08,0.00771406
5.654909e-08,0.0155958
5.659909e-08,0.0244936
5.664909e-08,0.0286404
5.669909e-08,0.0265807
5.674909e-08,0.0269927
5.679909e-08,0.028201
5.684909e-08,0.0241091
5.689909e-08,0.016145
5.694909e-08,0.0165295
5.699909e-08,0.0288876
5.704909e-08,0.0345173
5.709909e-08,0.0340779
5.714909e-08,0.0407238
5.719909e-08,0.0433877
5.724909e-08,0.0392134
5.729909e-08,0.0352039
5.734909e-08,0.0311944
5.739909e-08,0.0289425
5.744909e-08,0.024164
5.749909e-08,0.0154859
5.754909e-08,0.0098012
5.759909e-08,0.0134262
5.764909e-08,0.0271574
5.769909e-08,0.0360827
5.774909e-08,0.0350117
5.779909e-08,0.036989
5.784909e-08,0.0409161
5.789909e-08,0.0389937
5.794909e-08,0.0349842
5.799909e-08,0.0281186
5.804909e-08,0.0158978
5.809909e-08,0.00947165
5.814909e-08,0.011394
5.819909e-08,0.0171337
5.824909e-08,0.0280362
5.829909e-08,0.0348744
5.834909e-08,0.0370713
5.839909e-08,0.0444862
5.844909e-08,0.047919
5.849909e-08,0.038774
5.854909e-08,0.0275694
5.859909e-08,0.0209784
5.864909e-08,0.0155958
5.869909e-08,0.0157056
5.874909e-08,0.020896
5.879909e-08,0.0198799
5.884909e-08,0.0168316
5.889909e-08,0.0196877
5.894909e-08,0.0228184
5.899909e-08,0.0239993
5.904909e-08,0.0261688
5.909909e-08,0.0253449
5.914909e-08,0.021665
5.919909e-08,0.0264709
5.924909e-08,0.0367143
5.929909e-08,0.0361102
5.934909e-08,0.0253449
5.939909e-08,0.0187539
5.944909e-08,0.0210608
5.949909e-08,0.0210882
5.954909e-08,0.0189187
5.959909e-08,0.0290798
5.964909e-08,0.041328
5.969909e-08,0.0405591
5.974909e-08,0.0353138
5.979909e-08,0.0323478
5.984909e-08,0.0335287
5.989909e-08,0.0359454
5.994909e-08,0.0287228
5.999909e-08,0.0163647
6.004909e-08,0.0177928
6.009909e-08,0.0302607
6.014909e-08,0.0330344
6.019909e-08,0.0253174
6.024909e-08,0.0180399
6.029909e-08,0.0177104
6.034909e-08,0.0230655
6.039909e-08,0.0285305
6.044909e-08,0.0386092
6.049909e-08,0.0453375
6.054909e-08,0.0436898
6.059909e-08,0.0469853
6.064909e-08,0.043525
6.069909e-08,0.0243563
6.074909e-08,0.00955404
6.079909e-08,0.0133713
6.084909e-08,0.0255921
6.089909e-08,0.0257843
6.094909e-08,0.0215551
6.099909e-08,0.0261413
6.104909e-08,0.0271849
6.109909e-08,0.0255371
6.114909e-08,0.0233127
6.119909e-08,0.0112018
6.124909e-08,0.00466573
6.129909e-08,0.0141677
6.134909e-08,0.0201271
6.139909e-08,0.0204566
6.144909e-08,0.0287502
6.149909e-08,0.0357532
6.154909e-08,0.0341878
6.159909e-08,0.026361
6.164909e-08,0.0165295
6.169909e-08,0.0136734
6.174909e-08,0.0156507
6.179909e-08,0.021253
6.184909e-08,0.0298487
6.189909e-08,0.032952
6.194909e-08,0.0308374
6.199909e-08,0.0279813
6.204909e-08,0.0263336
6.209909e-08,0.0229557
6.214909e-08,0.00842808
6.219909e-08,-0.00598967
6.224909e-08,-0.00425954
6.229909e-08,-0.000524659
6.234909e-08,-0.00134853
6.239909e-08,0.00120547
6.244909e-08,0.00084846
6.249909e-08,-0.00362791
6.254909e-08,-0.00467148
6.259909e-08,-0.00209002
6.264909e-08,0.00134278
6.269909e-08,0.00466573
6.274909e-08,0.00925195
6.279909e-08,0.0147994
6.284909e-08,0.0155408
6.289909e-08,0.0119433
6.294909e-08,0.0108722
6.299909e-08,0.0123827
6.304909e-08,0.0148268
6.309909e-08,0.0202094
6.314909e-08,0.0238894
6.319909e-08,0.0242739
6.324909e-08,0.0277341
6.329909e-08,0.0278714
6.334909e-08,0.0200447
6.339909e-08,0.0149367
6.344909e-08,0.0155408
6.349909e-08,0.0181498
6.354909e-08,0.021967
6.359909e-08,0.0255371
6.364909e-08,0.0298762
6.369909e-08,0.0357257
6.374909e-08,0.0367693
6.379909e-08,0.0335562
6.384909e-08,0.0350666
6.389909e-08,0.0320732
6.394909e-08,0.0179575
6.399909e-08,0.00461081
6.404909e-08,-0.00296881
6.409909e-08,-0.00280404
6.414909e-08,0.00535229
6.419909e-08,0.0178477
6.424909e-08,0.0253724
6.429909e-08,0.0204017
6.434909e-08,0.0185342
6.439909e-08,0.0260315
6.444909e-08,0.0246034
6.449909e-08,0.016914
6.454909e-08,0.0252351
6.459909e-08,0.0405865
6.464909e-08,0.0410534
6.469909e-08,0.0377304
6.474909e-08,0.041328
6.479909e-08,0.0421519
6.484909e-08,0.0380325
6.489909e-08,0.032595
6.494909e-08,0.0196327
6.499909e-08,-0.00351806
6.504909e-08,-0.0226868
6.509909e-08,-0.0235107
6.514909e-08,-0.00988933
6.519909e-08,0.00109562
6.524909e-08,0.00804361
6.529909e-08,0.0190835
6.534909e-08,0.0269377
6.539909e-08,0.0295741
6.544909e-08,0.0275968
6.549909e-08,0.0184519
6.554909e-08,0.0128495
6.559909e-08,0.0147994
6.564909e-08,0.0154585
6.569909e-08,0.0105427
6.574909e-08,0.0057093
6.579909e-08,0.0140853
6.584909e-08,0.0272124
6.589909e-08,0.0262512
6.594909e-08,0.0209235
6.599909e-08,0.0177928
6.604909e-08,0.0065881
6.609909e-08,-0.00365537
6.614909e-08,-0.00236464
6.619909e-08,0.00128786
6.624909e-08,0.00540722
6.629909e-08,0.0127946
6.634909e-08,0.0201545
6.639909e-08,0.030041
6.644909e-08,0.0343526
6.649909e-08,0.0245485
6.654909e-08,0.013591
6.659909e-08,0.00757675
6.664909e-08,0.00568184
6.669909e-08,0.00771406
6.674909e-08,0.00933434
6.679909e-08,0.0150465
6.684909e-08,0.0230381
6.689909e-08,0.0232303
6.694909e-08,0.0206763
6.699909e-08,0.0277067
6.704909e-08,0.0399
6.709909e-08,0.0447059
6.714909e-08,0.0462163
6.719909e-08,0.0459966
6.724909e-08,0.0409161
6.729909e-08,0.038774
6.734909e-08,0.0382797
6.739909e-08,0.0342702
6.744909e-08,0.0256195
6.749909e-08,0.0147994
6.754909e-08,0.0109821
6.759909e-08,0.016914
6.764909e-08,0.0231205
6.769909e-08,0.0226261
6.774909e-08,0.0246858
6.779909e-08,0.0277341
6.784909e-08,0.016914
6.789909e-08,0.000299213
6.794909e-08,-0.00530311
6.799909e-08,-0.000771821
6.804909e-08,0.00581915
6.809909e-08,0.0119433
6.814909e-08,0.0105152
6.819909e-08,0.00562692
6.824909e-08,0.0105152
6.829909e-08,0.0147719
6.834909e-08,0.0155408
6.839909e-08,0.0192757
6.844909e-08,0.0133438
6.849909e-08,0.00290814
6.854909e-08,0.0068078
6.859909e-08,0.0132065
6.864909e-08,0.0101582
6.869909e-08,0.00853793
6.874909e-08,0.00969135
6.879909e-08,0.0108448
6.884909e-08,0.0103504
6.889909e-08,0.00705496
6.894909e-08,0.0120257
6.899909e-08,0.0217473
6.904909e-08,0.0258667
6.909909e-08,0.0254273
6.914909e-08,0.0189736
6.919909e-08,0.0157056
6.924909e-08,0.0209509
6.929909e-08,0.0188363
6.934909e-08,0.00603885
6.939909e-08,-0.00030496
6.944909e-08,0.00321023
6.949909e-08,0.0065881
6.954909e-08,0.0139206
6.959909e-08,0.024878
6.964909e-08,0.024878
6.969909e-08,0.0180125
6.974909e-08,0.0225163
6.979909e-08,0.037703
6.984909e-08,0.0481936
6.989909e-08,0.049759
6.994909e-08,0.0476169
6.999909e-08,0.0434426
7.004909e-08,0.0374833
7.009909e-08,0.0335012
7.014909e-08,0.0321007
7.019909e-08,0.0310571
7.024909e-08,0.0322654
7.029909e-08,0.032595
7.034909e-08,0.0288601
7.039909e-08,0.0271574
7.044909e-08,0.0241091
7.049909e-08,0.0181498
7.054909e-08,0.0258118
7.059909e-08,0.043168
7.064909e-08,0.0483309
7.069909e-08,0.0420695
7.074909e-08,0.03438
7.079909e-08,0.0285031
7.084909e-08,0.0244936
7.089909e-08,0.0177928
7.094909e-08,0.0136734
7.099909e-08,0.0167492
7.104909e-08,0.016502
7.109909e-08,0.0175731
7.114909e-08,0.0264709
7.119909e-08,0.030755
7.124909e-08,0.0288326
7.129909e-08,0.0296016
7.134909e-08,0.0319633
7.139909e-08,0.0281461
7.144909e-08,0.0187539
7.149909e-08,0.0158429
7.154909e-08,0.0235324
7.159909e-08,0.0269927
7.164909e-08,0.022379
7.169909e-08,0.0257294
7.174909e-08,0.031469
7.179909e-08,0.028201
7.184909e-08,0.0276243
7.189909e-08,0.0308923
7.194909e-08,0.0228184
7.199909e-08,0.00798868
7.204909e-08,0.00494036
7.209909e-08,0.012163
7.214909e-08,0.0205939
7.219909e-08,0.0243837
7.224909e-08,0.0147444
7.229909e-08,-0.000716896
7.234909e-08,-0.0088183
7.239909e-08,-0.0109329
7.244909e-08,-0.0124983
7.249909e-08,-0.01302
7.254909e-08,-0.0105759
7.259909e-08,-0.00717056
7.264909e-08,0.00027175
7.269909e-08,0.0127671
7.274909e-08,0.0213903
7.279909e-08,0.0249879
7.284909e-08,0.0310845
7.289909e-08,0.0421244
7.294909e-08,0.0535213
7.299909e-08,0.0570365
7.304909e-08,0.0537685
7.309909e-08,0.0480288
7.314909e-08,0.0353412
7.319909e-08,0.0250154
7.324909e-08,0.0277616
7.329909e-08,0.0301783
7.334909e-08,0.0261962
7.339909e-08,0.0281186
7.344909e-08,0.0332266
7.349909e-08,0.028915
7.354909e-08,0.0224888
7.359909e-08,0.0242464
7.364909e-08,0.0236972
7.369909e-08,0.0150465
7.374909e-08,0.0116137
7.379909e-08,0.0150465
7.384909e-08,0.0129044
7.389909e-08,0.00941673
7.394909e-08,0.0136185
7.399909e-08,0.0182596
7.404909e-08,0.0155958
7.409909e-08,0.00905971
7.414909e-08,0.00919703
7.419909e-08,0.0210333
7.424909e-08,0.031112
7.429909e-08,0.0285305
7.434909e-08,0.0263885
7.439909e-08,0.0312493
7.444909e-08,0.0283932
7.449909e-08,0.0232028
7.454909e-08,0.0255921
7.459909e-08,0.0213079
7.464909e-08,0.0147719
7.469909e-08,0.0166943
7.474909e-08,0.0179301
7.479909e-08,0.0197975
7.484909e-08,0.0243288
7.489909e-08,0.0240542
7.494909e-08,0.0224064
7.499909e-08,0.0276243
7.504909e-08,0.0336935
7.509909e-08,0.0306177
7.514909e-08,0.0251527
7.519909e-08,0.0226811
7.524909e-08,0.0205115
7.529909e-08,0.0200996
7.534909e-08,0.0199623
7.539909e-08,0.0256195
7.544909e-08,0.0353138
7.549909e-08,0.0345723
7.554909e-08,0.0335836
7.559909e-08,0.0336935
7.564909e-08,0.0224064
7.569909e-08,0.0162823
7.574909e-08,0.0192483
7.579909e-08,0.0194405
7.584909e-08,0.0213354
7.589909e-08,0.0232852
7.594909e-08,0.0190011
7.599909e-08,0.0152113
7.604909e-08,0.0155134
7.609909e-08,0.0141128
7.614909e-08,0.0123277
7.619909e-08,0.0102131
7.624909e-08,0.00834569
7.629909e-08,0.0116412
7.634909e-08,0.0152662
7.639909e-08,0.0213903
7.644909e-08,0.0323204
7.649909e-08,0.0341329
7.654909e-08,0.0264983
7.659909e-08,0.0236422
7.664909e-08,0.0283108
7.669909e-08,0.0351215
7.674909e-08,0.0399549
7.679909e-08,0.0435799
7.684909e-08,0.0492372
7.689909e-08,0.0534664
7.694909e-08,0.0529171
7.699909e-08,0.0488802
7.704909e-08,0.0444862
7.709909e-08,0.0430307
7.714909e-08,0.0443214
7.719909e-08,0.0431955
7.724909e-08,0.0348744
7.729909e-08,0.0270476
7.734909e-08,0.0257294
7.739909e-08,0.0236148
7.744909e-08,0.021253
7.749909e-08,0.0214727
7.754909e-08,0.019468
7.759909e-08,0.0193581
7.764909e-08,0.0251527
7.769909e-08,0.0272673
7.774909e-08,0.0220494
7.779909e-08,0.0160352
7.784909e-08,0.00905971
7.789909e-08,0.00395171
7.794909e-08,0.00510513
7.799909e-08,0.00304545
7.804909e-08,-0.00187032
7.809909e-08,0.000766073
7.814909e-08,0.00776898
7.819909e-08,0.0128495
7.824909e-08,0.00985612
7.829909e-08,0.00194696
7.834909e-08,0.00128786
7.839909e-08,0.00417141
7.844909e-08,0.00169979
7.849909e-08,-0.00332582
7.854909e-08,-0.00310612
7.859909e-08,0.000409062
7.864909e-08,-0.00310612
7.869909e-08,-0.0058249
7.874909e-08,0.00700004
7.879909e-08,0.0199623
7.884909e-08,0.0185892
7.889909e-08,0.0174357
7.894909e-08,0.0155958
7.899909e-08,0.00551707
7.904909e-08,-0.000140186
7.909909e-08,0.00145263
7.914909e-08,0.00749436
7.919909e-08,0.0184519
7.924909e-08,0.0282285
7.929909e-08,0.0347645
7.934909e-08,0.0398176
7.939909e-08,0.0363024
7.944909e-08,0.0279264
7.949909e-08,0.0281186
7.954909e-08,0.0236972
7.959909e-08,0.011806
7.964909e-08,0.0102131
7.969909e-08,0.0140579
7.974909e-08,0.0174632
7.979909e-08,0.0181498
7.984909e-08,0.0133988
7.989909e-08,0.0132065
7.994909e-08,0.0163922
7.999909e-08,0.0200996
8.004909e-08,0.0280637
8.009909e-08,0.0364123
8.014909e-08,0.0445411
8.019909e-08,0.0425913
8.024909e-08,0.0266906
8.029909e-08,0.0180674
8.034909e-08,0.0199897
8.039909e-08,0.0163922
8.044909e-08,0.00672541
8.049909e-08,0.00274337
8.054909e-08,0.00963642
8.059909e-08,0.0232303
8.064909e-08,0.0313592
8.069909e-08,0.0285855
8.074909e-08,0.0281461
8.079909e-08,0.0299037
8.084909e-08,0.0258667
8.089909e-08,0.0224064
8.094909e-08,0.021665
8.099909e-08,0.0262237
8.104909e-08,0.033666
8.109909e-08,0.0348469
8.114909e-08,0.034792
8.119909e-08,0.0336111
8.124909e-08,0.0284207
8.129909e-08,0.0285031
8.134909e-08,0.0312219
8.139909e-08,0.029629
8.144909e-08,0.0319084
8.149909e-08,0.036934
8.154909e-08,0.0346272
8.159909e-08,0.0280088
8.164909e-08,0.0244936
8.169909e-08,0.0238894
8.174909e-08,0.0152388
8.179909e-08,-8.52608e-05
8.184909e-08,-0.00214494
8.189909e-08,0.00752182
8.194909e-08,0.0119158
8.199909e-08,0.00505021
8.204909e-08,-0.00401238
8.209909e-08,0.00279829
8.214909e-08,0.0166668
8.219909e-08,0.0197426
8.224909e-08,0.0193032
8.229909e-08,0.022022
8.234909e-08,0.0261962
8.239909e-08,0.0225712
8.244909e-08,0.00960896
8.249909e-08,0.0054896
8.254909e-08,0.00889494
8.259909e-08,0.00779644
8.264909e-08,0.00905971
8.269909e-08,0.0144698
8.274909e-08,0.0150465
8.279909e-08,0.0104603
8.284909e-08,0.00969135
8.289909e-08,0.015788
8.294909e-08,0.0159528
8.299909e-08,0.00700004
8.304909e-08,0.00485797
8.309909e-08,0.0123827
8.314909e-08,0.0207862
8.319909e-08,0.0255921
8.324909e-08,0.0270201
8.329909e-08,0.0345173
8.334909e-08,0.0496217
8.339909e-08,0.0544276
8.344909e-08,0.0430581
8.349909e-08,0.0370164
8.354909e-08,0.0397627
8.359909e-08,0.0333365
8.364909e-08,0.0248231
8.369909e-08,0.0222966
8.374909e-08,0.0189736
8.379909e-08,0.0192483
8.384909e-08,0.023093
8.389909e-08,0.0227909
8.394909e-08,0.023093
8.399909e-08,0.026773
8.404909e-08,0.0295467
8.409909e-08,0.0335012
8.414909e-08,0.0353138
8.419909e-08,0.030755
8.424909e-08,0.0219396
8.429909e-08,0.0137832
8.434909e-08,0.0156781
8.439909e-08,0.0189187
8.444909e-08,0.0109546
8.449909e-08,0.0052699
8.454909e-08,0.0108722
8.459909e-08,0.0171062
8.464909e-08,0.0199623
8.469909e-08,0.0224888
8.474909e-08,0.02161
8.479909e-08,0.0189187
8.484909e-08,0.0229008
8.489909e-08,0.0278989
8.494909e-08,0.0309198
8.499909e-08,0.0421244
8.504909e-08,0.0455847
8.509909e-08,0.0331992
8.514909e-08,0.0308099
8.519909e-08,0.0384719
8.524909e-08,0.0355335
8.529909e-08,0.0204566
8.534909e-08,0.00829077
8.539909e-08,0.00535229
8.544909e-08,0.000601299
8.549909e-08,-0.00436939
8.554909e-08,0.000354137
8.559909e-08,0.0112842
8.564909e-08,0.0203742
8.569909e-08,0.0235873
8.574909e-08,0.0295741
8.579909e-08,0.0411907
8.584909e-08,0.0428659
8.589909e-08,0.0339406
8.594909e-08,0.028558
8.599909e-08,0.0274595
8.604909e-08,0.0222966
8.609909e-08,0.0190286
8.614909e-08,0.0280088
8.619909e-08,0.0428934
8.624909e-08,0.0547571
8.629909e-08,0.0543177
8.634909e-08,0.0429208
8.639909e-08,0.0382797
8.644909e-08,0.0405041
8.649909e-08,0.0380051
8.654909e-08,0.0317162
8.659909e-08,0.0258118
8.664909e-08,0.0229557
8.669909e-08,0.0246584
8.674909e-08,0.0280362
8.679909e-08,0.0317711
8.684909e-08,0.0376481
8.689909e-08,0.0409985
8.694909e-08,0.0417949
8.699909e-08,0.0458868
8.704909e-08,0.0445686
8.709909e-08,0.0375931
8.714909e-08,0.0360552
8.719909e-08,0.0371812
8.724909e-08,0.038774
8.729909e-08,0.0406964
8.734909e-08,0.0369615
8.739909e-08,0.0325401
8.744909e-08,0.0343251
8.749909e-08,0.0324577
8.754909e-08,0.0275419
8.759909e-08,0.026361
8.764909e-08,0.0186441
8.769909e-08,0.0100758
8.774909e-08,0.0136734
8.779909e-08,0.0165295
8.784909e-08,0.0124101
8.789909e-08,0.0124376
8.794909e-08,0.0171886
8.799909e-08,0.0247133
8.804909e-08,0.0286679
8.809909e-08,0.0205939
8.814909e-08,0.0140853
8.819909e-08,0.0151014
8.824909e-08,0.0132065
8.829909e-08,0.013234
8.834909e-08,0.01252
8.839909e-08,0.00507767
8.844909e-08,0.00691765
8.849909e-08,0.0139755
8.854909e-08,0.0111194
8.859909e-08,0.00831823
8.864909e-08,0.00524244
8.869909e-08,-0.00211748
8.874909e-08,-0.00140346
8.879909e-08,0.00815346
8.884909e-08,0.0178202
8.889909e-08,0.0229831
8.894909e-08,0.0263061
8.899909e-08,0.0301508
8.904909e-08,0.0234775
8.909909e-08,0.0140853
8.914909e-08,0.0199623
8.919909e-08,0.0233951
8.924909e-08,0.017985
8.929909e-08,0.0195229
8.934909e-08,0.0206214
8.939909e-08,0.0182047
8.944909e-08,0.0185617
8.949909e-08,0.0165569
8.954909e-08,0.016145
8.959909e-08,0.022022
8.964909e-08,0.0238894
8.969909e-08,0.0168865
8.974909e-08,0.0101307
8.979909e-08,0.012163
8.984909e-08,0.0185342
8.989909e-08,0.0224888
8.994909e-08,0.0206214
8.999909e-08,0.0138656
9.004909e-08,0.0137283
9.009909e-08,0.0194405
9.014909e-08,0.0214453
9.019909e-08,0.0217473
9.024909e-08,0.0189736
9.029909e-08,0.0107349
9.034909e-08,0.00189203
9.039909e-08,0.000601299
9.044909e-08,0.0113116
9.049909e-08,0.0242739
9.054909e-08,0.0300135
9.059909e-08,0.0275419
9.064909e-08,0.0227634
9.069909e-08,0.0228458
9.074909e-08,0.021665
9.079909e-08,0.0216924
9.084909e-08,0.0317986
9.089909e-08,0.0376481
9.094909e-08,0.0288326
9.099909e-08,0.023807
9.104909e-08,0.0325401
9.109909e-08,0.0374833
9.114909e-08,0.0293544
9.119909e-08,0.0200172
9.124909e-08,0.0186441
9.129909e-08,0.019825
9.134909e-08,0.0197975
9.139909e-08,0.0170513
9.144909e-08,0.00955404
9.149909e-08,0.00851047
9.154909e-08,0.0165844
9.159909e-08,0.0184244
9.164909e-08,0.012877
9.169909e-08,0.0111194
9.174909e-08,0.0098012
9.179909e-08,0.00169979
9.184909e-08,-0.00189778
9.189909e-08,0.00927941
9.194909e-08,0.0212805
9.199909e-08,0.0218297
9.204909e-08,0.0235599
9.209909e-08,0.032183
9.214909e-08,0.0338857
9.219909e-08,0.0315514
9.224909e-08,0.03622
9.229909e-08,0.0407788
9.234909e-08,0.0376206
9.239909e-08,0.0303156
9.244909e-08,0.0305353
9.249909e-08,0.042454
9.254909e-08,0.0503631
9.259909e-08,0.0495942
9.264909e-08,0.0504455
9.269909e-08,0.0524228
9.274909e-08,0.0528897
9.279909e-08,0.0550043
9.284909e-08,0.0563225
9.289909e-08,0.0477817
9.294909e-08,0.0339681
9.299909e-08,0.0296016
9.304909e-08,0.0349293
9.309909e-08,0.039488
9.314909e-08,0.0405316
9.319909e-08,0.0429208
9.324909e-08,0.0437722
9.329909e-08,0.0435799
9.334909e-08,0.0479465
9.339909e-08,0.0536861
9.344909e-08,0.0560479
9.349909e-08,0.048276
9.354909e-08,0.0336935
9.359909e-08,0.030398
9.364909e-08,0.0380051
9.369909e-08,0.039186
9.374909e-08,0.0324027
9.379909e-08,0.0289974
9.384909e-08,0.03438
9.389909e-08,0.0428659
9.394909e-08,0.046793
9.399909e-08,0.0431405
9.404909e-08,0.0406689
9.409909e-08,0.0489626
9.414909e-08,0.0494843
9.419909e-08,0.0395704
9.424909e-08,0.0412731
9.429909e-08,0.0441566
9.434909e-08,0.0413829
9.439909e-08,0.0454748
9.444909e-08,0.0443214
9.449909e-08,0.0344899
9.454909e-08,0.035506
9.459909e-08,0.0417674
9.464909e-08,0.0413006
9.469909e-08,0.0363024
9.474909e-08,0.0268004
9.479909e-08,0.0252625
9.484909e-08,0.0348744
9.489909e-08,0.0405591
9.494909e-08,0.0406964
9.499909e-08,0.0381973
9.504909e-08,0.0390212
9.509909e-08,0.0448981
9.514909e-08,0.0425913
9.519909e-08,0.0334463
9.524909e-08,0.0274321
9.529909e-08,0.0243013
9.534909e-08,0.0244936
9.539909e-08,0.0252625
9.544909e-08,0.0226536
9.549909e-08,0.0208685
9.554909e-08,0.0193856
9.559909e-08,0.00999344
9.564909e-08,-0.00178793
9.569909e-08,-0.000387347
9.574909e-08,0.0100758
9.579909e-08,0.0137009
9.584909e-08,0.0135635
9.589909e-08,0.0211157
9.594909e-08,0.0307001
9.599909e-08,0.0375107
9.604909e-08,0.0444313
9.609909e-08,0.0417125
9.614909e-08,0.0295192
9.619909e-08,0.0240542
9.624909e-08,0.0241091
9.629909e-08,0.0225987
9.634909e-08,0.0260315
9.639909e-08,0.029327
9.644909e-08,0.0211157
9.649909e-08,0.0107349
9.654909e-08,0.00650571
9.659909e-08,0.00727466
9.664909e-08,0.00801614
9.669909e-08,0.00386932
9.674909e-08,0.00137025
9.679909e-08,0.00115055
9.684909e-08,0.00167233
9.689909e-08,0.00488543
9.694909e-08,0.00710988
9.699909e-08,0.0114215
9.704909e-08,0.0189462
9.709909e-08,0.0233402
9.714909e-08,0.027075
9.719909e-08,0.0277891
9.724909e-08,0.0234775
9.729909e-08,0.023093
9.734909e-08,0.0192483
9.739909e-08,0.0113391
9.744909e-08,0.0124101
9.749909e-08,0.0122179
9.754909e-08,0.00884002
9.759909e-08,0.0131516
9.764909e-08,0.0177928
9.769909e-08,0.0163372
9.774909e-08,0.0107349
9.779909e-08,0.00727466
9.784909e-08,0.0147994
9.789909e-08,0.0248231
9.794909e-08,0.0236148
9.799909e-08,0.0176005
9.804909e-08,0.0144698
9.809909e-08,0.0140029
9.814909e-08,0.0208411
9.819909e-08,0.0253998
9.824909e-08,0.0190011
9.829909e-08,0.0201271
9.834909e-08,0.0304255
9.839909e-08,0.0335012
9.844909e-08,0.0281186
9.849909e-08,0.022736
9.854909e-08,0.0236148
9.859909e-08,0.021967
9.864909e-08,0.0198799
9.869909e-08,0.0257843
9.874909e-08,0.0252625
9.879909e-08,0.0229282
9.884909e-08,0.0310845
9.889909e-08,0.0362475
9.894909e-08,0.0336935
9.899909e-08,0.0272398
9.904909e-08,0.0177378
9.909909e-08,0.0129044
9.914909e-08,0.0118609
9.919909e-08,0.00790629
9.924909e-08,0.00430872
9.929909e-08,0.00348485
9.934909e-08,0.00246874
9.939909e-08,0.00216665
9.944909e-08,0.00455588
9.949909e-08,0.00414395
9.954909e-08,0.000628761
9.959909e-08,0.000161901
9.964909e-08,-0.000387347
9.969909e-08,0.00246874
9.974909e-08,0.0142501
9.979909e-08,0.0185342
9.984909e-08,0.0109272
9.989909e-08,0.0113391
9.994909e-08,0.0177104
9.999909e-08,0.0163647
1.000491e-07,0.015431
1.000991e-07,0.0185068
1.001491e-07,0.0191659
1.001991e-07,0.0177104
1.002491e-07,0.0119433
1.002991e-07,0.00634094
1.003491e-07,0.00977374
1.003991e-07,0.0146346
1.004491e-07,0.0112292
1.004991e-07,0.00606631
1.005491e-07,0.00867524
1.005991e-07,0.0136459
1.006491e-07,0.0166119
1.006991e-07,0.0235049
1.007491e-07,0.029629
1.007991e-07,0.0307275
1.008491e-07,0.0336935
1.008991e-07,0.0392958
1.009491e-07,0.0399824
1.009991e-07,0.0422068
1.010491e-07,0.0513793
1.010991e-07,0.0498414
1.011491e-07,0.0338308
1.011991e-07,0.020182
1.012491e-07,0.0131241
1.012991e-07,0.0065881
1.013491e-07,0.00664302
1.013991e-07,0.0142501
1.014491e-07,0.0183145
1.014991e-07,0.0213629
1.015491e-07,0.0206763
1.015991e-07,0.00689019
1.016491e-07,-0.00458909
1.016991e-07,0.00161741
1.017491e-07,0.0101033
1.017991e-07,0.00494036
1.018491e-07,0.00128786
1.018991e-07,0.0101307
1.019491e-07,0.0175181
1.019991e-07,0.0233402
1.020491e-07,0.0356433
1.020991e-07,0.0416576
1.021491e-07,0.0367967
1.021991e-07,0.0321281
1.022491e-07,0.0254822
1.022991e-07,0.0178477
1.023491e-07,0.0153486
1.023991e-07,0.00903225
1.024491e-07,0.000189363
1.024991e-07,-0.000744358
1.025491e-07,-0.000140186
1.025991e-07,0.000711148
1.026491e-07,0.00474812
1.026991e-07,0.00815346
1.027491e-07,0.0135086
1.027991e-07,0.0127946
1.028491e-07,0.00340246
1.028991e-07,0.00474812
1.029491e-07,0.0122454
1.029991e-07,0.00634094
1.030491e-07,-0.000854208
1.030991e-07,0.00889494
1.031491e-07,0.0250703
1.031991e-07,0.0293819
1.032491e-07,0.0247133
1.032991e-07,0.0235049
1.033491e-07,0.0212256
1.033991e-07,0.0125749
1.034491e-07,0.00675287
1.034991e-07,0.0091421
1.035491e-07,0.0138656
1.035991e-07,0.0115313
1.036491e-07,0.00735705
1.036991e-07,0.0181772
1.037491e-07,0.0364397
1.037991e-07,0.0408612
1.038491e-07,0.0349018
1.038991e-07,0.0280088
1.039491e-07,0.0236972
1.039991e-07,0.027487
1.040491e-07,0.0319633
1.040991e-07,0.0304255
1.041491e-07,0.0275144
1.041991e-07,0.0231754
1.042491e-07,0.0229831
1.042991e-07,0.0309472
1.043491e-07,0.029684
1.043991e-07,0.0126024
1.044491e-07,0.00911464
1.044991e-07,0.0264709
1.045491e-07,0.034023
1.045991e-07,0.034737
1.046491e-07,0.0457495
1.046991e-07,0.0579977
1.047491e-07,0.0643964
1.047991e-07,0.0619797
1.048491e-07,0.0498139
1.048991e-07,0.0350941
1.049491e-07,0.0268828
1.049991e-07,0.0217473
1.050491e-07,0.0113391
1.050991e-07,0.0042538
1.051491e-07,0.00260605
1.051991e-07,0.00288068
1.052491e-07,0.0108722
1.052991e-07,0.0213629
1.053491e-07,0.0299586
1.053991e-07,0.0353961
1.054491e-07,0.0342702
1.054991e-07,0.0376755
1.055491e-07,0.0439369
1.055991e-07,0.0369615
1.056491e-07,0.0253174
1.056991e-07,0.0225712
1.057491e-07,0.0229008
1.057991e-07,0.0232028
1.058491e-07,0.0251527
1.058991e-07,0.0253724
1.059491e-07,0.0248231
1.059991e-07,0.0210608
1.060491e-07,0.0123827
1.060991e-07,0.00749436
1.061491e-07,0.00697257
1.061991e-07,0.00873017
1.062491e-07,0.0165295
1.062991e-07,0.024933
1.063491e-07,0.0274595
1.063991e-07,0.0328421
1.064491e-07,0.0436623
1.064991e-07,0.0476993
1.065491e-07,0.0388564
1.065991e-07,0.0256745
1.066491e-07,0.0269927
1.066991e-07,0.0339956
1.067491e-07,0.0254548
1.067991e-07,0.0183969
1.068491e-07,0.0205665
1.068991e-07,0.0143325
1.069491e-07,0.00713735
1.069991e-07,0.00982866
1.070491e-07,0.00798868
1.070991e-07,-0.000442272
1.071491e-07,-0.00126614
1.071991e-07,0.00288068
1.072491e-07,0.00623109
1.072991e-07,0.0126024
1.073491e-07,0.0176005
1.073991e-07,0.0167217
1.074491e-07,0.0186715
1.074991e-07,0.0221043
1.075491e-07,0.018699
1.075991e-07,0.0214453
1.076491e-07,0.0295741
1.076991e-07,0.0254548
1.077491e-07,0.0236972
1.077991e-07,0.0314965
1.078491e-07,0.0349293
1.078991e-07,0.0453375
1.079491e-07,0.0568992
1.079991e-07,0.0484408
1.080491e-07,0.0403119
1.080991e-07,0.0430581
1.081491e-07,0.0388015
1.081991e-07,0.0289699
1.082491e-07,0.021967
1.082991e-07,0.020539
1.083491e-07,0.0222691
1.083991e-07,0.0218572
1.084491e-07,0.0238894
1.084991e-07,0.0276518
1.085491e-07,0.0264434
1.085991e-07,0.027487
1.086491e-07,0.0331168
1.086991e-07,0.0312219
1.087491e-07,0.0277341
1.087991e-07,0.0334189
1.088491e-07,0.03622
1.088991e-07,0.0314141
1.089491e-07,0.0277891
1.089991e-07,0.0275968
1.090491e-07,0.0229008
1.090991e-07,0.00557199
1.091491e-07,-0.0118392
1.091991e-07,-0.0107681
1.092491e-07,0.00263352
1.092991e-07,0.0115863
1.093491e-07,0.0156232
1.093991e-07,0.0201271
1.094491e-07,0.0243013
1.094991e-07,0.0275968
1.095491e-07,0.026718
1.095991e-07,0.0176829
1.096491e-07,0.011037
1.096991e-07,0.0157605
1.097491e-07,0.0174632
1.097991e-07,0.0112567
1.098491e-07,0.00840062
1.098991e-07,0.0123003
1.099491e-07,0.0223515
1.099991e-07,0.0292995
1.100491e-07,0.0257019
1.100991e-07,0.0197426
1.101491e-07,0.0146071
1.101991e-07,0.0089224
1.102491e-07,0.00557199
1.102991e-07,0.00150756
1.103491e-07,0.00027175
1.103991e-07,0.00631348
1.104491e-07,0.0116686
1.104991e-07,0.0175731
1.105491e-07,0.0258392
1.105991e-07,0.0313317
1.106491e-07,0.034023
1.106991e-07,0.0332541
1.107491e-07,0.0324027
1.107991e-07,0.030398
1.108491e-07,0.0249879
1.108991e-07,0.0250977
1.109491e-07,0.0297938
1.109991e-07,0.027844
1.110491e-07,0.0199623
1.110991e-07,0.014662
1.111491e-07,0.0141952
1.111991e-07,0.0186441
1.112491e-07,0.0234225
1.112991e-07,0.0225712
1.113491e-07,0.0248506
1.113991e-07,0.0313042
1.114491e-07,0.0278989
1.114991e-07,0.0196053
1.115491e-07,0.0158978
1.115991e-07,0.00884002
1.116491e-07,0.0003816
1.116991e-07,0.00384186
1.117491e-07,0.0112292
1.117991e-07,0.0167766
1.118491e-07,0.0253998
1.118991e-07,0.0260589
1.119491e-07,0.0238619
1.119991e-07,0.0293819
1.120491e-07,0.0331717
1.120991e-07,0.0408337
1.121491e-07,0.0520933
1.121991e-07,0.0504181
1.122491e-07,0.0416301
1.122991e-07,0.0361376
1.123491e-07,0.0314141
1.123991e-07,0.0259765
1.124491e-07,0.0224064
1.124991e-07,0.0188089
1.125491e-07,0.0171886
1.125991e-07,0.0282285
1.126491e-07,0.0388839
1.126991e-07,0.0384994
1.127491e-07,0.0413555
1.127991e-07,0.0396254
1.128491e-07,0.0276518
1.128991e-07,0.0229557
1.129491e-07,0.0248231
1.129991e-07,0.0228184
1.130491e-07,0.0231205
1.130991e-07,0.0281186
1.131491e-07,0.027075
1.131991e-07,0.0281461
1.132491e-07,0.0411907
1.132991e-07,0.0456396
1.133491e-07,0.0315514
1.133991e-07,0.0137009
1.134491e-07,0.00436365
1.134991e-07,0.0040341
1.135491e-07,0.0068078
1.135991e-07,0.00903225
1.136491e-07,0.00916956
1.136991e-07,0.0129044
1.137491e-07,0.0209235
1.137991e-07,0.0315239
1.138491e-07,0.0420146
1.138991e-07,0.0389388
1.139491e-07,0.0342976
1.139991e-07,0.0410809
1.140491e-07,0.0426462
1.140991e-07,0.0343251
1.141491e-07,0.0253998
1.141991e-07,0.0212256
1.142491e-07,0.0179301
1.142991e-07,0.0121904
1.143491e-07,0.0110919
1.143991e-07,0.0166668
1.144491e-07,0.024576
1.144991e-07,0.0266356
1.145491e-07,0.0202644
1.145991e-07,0.014717
1.146491e-07,0.0154035
1.146991e-07,0.0194405
1.147491e-07,0.0222691
1.147991e-07,0.0247682
1.148491e-07,0.0278165
1.148991e-07,0.0295467
1.149491e-07,0.0278714
1.149991e-07,0.0261962
1.150491e-07,0.0327048
1.150991e-07,0.0379501
1.151491e-07,0.030755
1.151991e-07,0.0254548
1.152491e-07,0.026004
1.152991e-07,0.0171611
1.153491e-07,0.0109272
1.153991e-07,0.0193856
1.154491e-07,0.0165295
1.154991e-07,-0.00403984
1.155491e-07,-0.0132947
1.155991e-07,-0.00977948
1.156491e-07,-0.00629176
1.156991e-07,0.00472066
1.157491e-07,0.0191933
1.157991e-07,0.0244387
1.158491e-07,0.0201545
1.158991e-07,0.011394
1.159491e-07,0.00559945
1.159991e-07,0.00419887
1.160491e-07,0.00749436
1.160991e-07,0.0130692
1.161491e-07,0.0166943
1.161991e-07,0.0285855
1.162491e-07,0.0425913
1.162991e-07,0.0406415
1.163491e-07,0.0343526
1.163991e-07,0.0358081
1.164491e-07,0.0393507
1.164991e-07,0.043168
1.165491e-07,0.03622
1.165991e-07,0.0137832
1.166491e-07,-0.00019511
1.166991e-07,-0.00107391
1.167491e-07,2.45887e-05
1.167991e-07,0.00664302
1.168491e-07,0.0115863
1.168991e-07,0.0144149
1.169491e-07,0.0265807
1.169991e-07,0.0390761
1.170491e-07,0.044294
1.170991e-07,0.0470951
1.171491e-07,0.0406415
1.171991e-07,0.0240542
1.172491e-07,0.0186166
1.172991e-07,0.0253174
1.173491e-07,0.0234775
1.173991e-07,0.018342
1.174491e-07,0.0200172
1.174991e-07,0.0225712
1.175491e-07,0.0236422
1.175991e-07,0.0233402
1.176491e-07,0.0239718
1.176991e-07,0.0282834
1.177491e-07,0.0305078
1.177991e-07,0.025647
1.178491e-07,0.0215551
1.178991e-07,0.0240816
1.179491e-07,0.0261688
1.179991e-07,0.0277067
1.180491e-07,0.0329245
1.180991e-07,0.0294093
1.181491e-07,0.0166119
1.181991e-07,0.0123827
1.182491e-07,0.0124101
1.182991e-07,0.0127122
1.183491e-07,0.026004
1.183991e-07,0.0427286
1.184491e-07,0.0417674
1.184991e-07,0.0310296
1.185491e-07,0.0290249
1.185991e-07,0.0338583
1.186491e-07,0.0374284
1.186991e-07,0.0334463
1.187491e-07,0.0268828
1.187991e-07,0.0317711
1.188491e-07,0.0384994
1.188991e-07,0.0355335
1.189491e-07,0.0290798
1.189991e-07,0.0224888
1.190491e-07,0.0196877
1.190991e-07,0.0221593
1.191491e-07,0.0226811
1.191991e-07,0.0280637
1.192491e-07,0.0408062
1.192991e-07,0.0419871
1.193491e-07,0.0332541
1.193991e-07,0.024219
1.194491e-07,0.0135086
1.194991e-07,0.00730212
1.195491e-07,0.00617616
1.195991e-07,0.0100209
1.196491e-07,0.017985
1.196991e-07,0.0208136
1.197491e-07,0.0239718
1.197991e-07,0.031469
1.198491e-07,0.029272
1.198991e-07,0.0185617
1.199491e-07,0.0122454
1.199991e-07,0.0115039
1.200491e-07,0.0156507
1.200991e-07,0.0197151
1.201491e-07,0.0193581
1.201991e-07,0.0244387
1.202491e-07,0.027487
1.202991e-07,0.0130418
1.203491e-07,0.00211173
1.203991e-07,0.00672541
1.204491e-07,0.00851047
1.204991e-07,0.00499528
1.205491e-07,0.00669795
1.205991e-07,0.0149641
1.206491e-07,0.0203193
1.206991e-07,0.0224888
1.207491e-07,0.0290523
1.207991e-07,0.0323753
1.208491e-07,0.0298487
1.208991e-07,0.0286404
1.209491e-07,0.0291622
1.209991e-07,0.0353412
1.210491e-07,0.0406415
1.210991e-07,0.0345723
1.211491e-07,0.0328421
1.211991e-07,0.0384445
1.212491e-07,0.0373734
1.212991e-07,0.0363024
1.213491e-07,0.0380875
1.213991e-07,0.0396528
1.214491e-07,0.0411632
1.214991e-07,0.0378128
1.215491e-07,0.0336111
1.215991e-07,0.0288876
1.216491e-07,0.0195229
1.216991e-07,0.0139755
1.217491e-07,0.0144423
1.217991e-07,0.0168865
1.218491e-07,0.0228733
1.218991e-07,0.0261139
1.219491e-07,0.0259765
1.219991e-07,0.0300684
1.220491e-07,0.0334463
1.220991e-07,0.0392409
1.221491e-07,0.0509124
1.221991e-07,0.0531643
1.222491e-07,0.0466283
1.222991e-07,0.0398725
1.223491e-07,0.0287228
1.223991e-07,0.0200721
1.224491e-07,0.0180399
1.224991e-07,0.014717
1.225491e-07,0.0141128
1.225991e-07,0.0180125
1.226491e-07,0.0249055
1.226991e-07,0.0374009
1.227491e-07,0.0433053
1.227991e-07,0.0383895
1.228491e-07,0.0365221
1.228991e-07,0.03438
1.229491e-07,0.0268004
1.229991e-07,0.0278989
1.230491e-07,0.0350666
1.230991e-07,0.034023
1.231491e-07,0.0325126
1.231991e-07,0.0346821
1.232491e-07,0.0366594
1.232991e-07,0.0375107
1.233491e-07,0.0295192
1.233991e-07,0.0179301
1.234491e-07,0.0130143
1.234991e-07,0.0138656
1.235491e-07,0.0185617
1.235991e-07,0.0213354
1.236491e-07,0.0236972
1.236991e-07,0.0283383
1.237491e-07,0.0301234
1.237991e-07,0.0297389
1.238491e-07,0.0188638
1.238991e-07,0.00375947
1.239491e-07,0.00694511
1.239991e-07,0.0135361
1.240491e-07,0.0119158
1.240991e-07,0.0155958
1.241491e-07,0.016859
1.241991e-07,0.0149367
1.242491e-07,0.016502
1.242991e-07,0.0120257
1.243491e-07,0.0117236
1.243991e-07,0.0170238
1.244491e-07,0.014305
1.244991e-07,0.0158155
1.245491e-07,0.0233127
1.245991e-07,0.0297664
1.246491e-07,0.0354785
1.246991e-07,0.0359179
1.247491e-07,0.0363024
1.247991e-07,0.0359179
1.248491e-07,0.0275694
1.248991e-07,0.0209509
1.249491e-07,0.0248231
1.249991e-07,0.0281461
1.250491e-07,0.0242739
1.250991e-07,0.0229008
1.251491e-07,0.022736
1.251991e-07,0.0217199
1.252491e-07,0.0274046
1.252991e-07,0.0326499
1.253491e-07,0.0291622
1.253991e-07,0.0275419
1.254491e-07,0.0294093
1.254991e-07,0.0214453
1.255491e-07,0.0149367
1.255991e-07,0.0215002
1.256491e-07,0.0187539
1.256991e-07,0.00694511
1.257491e-07,0.0091421
1.257991e-07,0.0116412
1.258491e-07,0.00625855
1.258991e-07,0.0111194
1.259491e-07,0.0223515
1.259991e-07,0.0258942
1.260491e-07,0.0220494
1.260991e-07,0.020182
1.261491e-07,0.0213079
1.261991e-07,0.0203468
1.262491e-07,0.0204017
1.262991e-07,0.024576
1.263491e-07,0.0284482
1.263991e-07,0.0231205
1.264491e-07,0.0141952
1.264991e-07,0.0158429
1.265491e-07,0.0229282
1.265991e-07,0.0245485
1.266491e-07,0.022736
1.266991e-07,0.0200172
1.267491e-07,0.0196602
1.267991e-07,0.0286953
1.268491e-07,0.0386092
1.268991e-07,0.0384719
1.269491e-07,0.0341054
1.269991e-07,0.0285031
1.270491e-07,0.0213079
1.270991e-07,0.020182
1.271491e-07,0.0248506
1.271991e-07,0.0253449
1.272491e-07,0.0210059
1.272991e-07,0.0204841
1.273491e-07,0.0242739
1.273991e-07,0.024933
1.274491e-07,0.0218846
1.274991e-07,0.0203468
1.275491e-07,0.0228184
1.275991e-07,0.0275968
1.276491e-07,0.029327
1.276991e-07,0.0270476
1.277491e-07,0.0263336
1.277991e-07,0.0223515
1.278491e-07,0.0114764
1.278991e-07,0.00678034
1.279491e-07,0.00988359
1.279991e-07,0.0141677
1.280491e-07,0.0187814
1.280991e-07,0.0204566
1.281491e-07,0.0255921
1.281991e-07,0.0356982
1.282491e-07,0.0359179
1.282991e-07,0.0332266
1.283491e-07,0.0351215
1.283991e-07,0.0217473
1.284491e-07,0.00370455
1.284991e-07,0.00730212
1.285491e-07,0.0201545
1.285991e-07,0.0202369
1.286491e-07,0.00900479
1.286991e-07,0.00417141
1.287491e-07,0.0093618
1.287991e-07,0.0113116
1.288491e-07,0.00796122
1.288991e-07,0.00282575
1.289491e-07,-0.00818667
1.289991e-07,-0.014503
1.290491e-07,-0.00143092
1.290991e-07,0.0175456
1.291491e-07,0.0217748
1.291991e-07,0.0171062
1.292491e-07,0.0165295
1.292991e-07,0.0184244
1.293491e-07,0.0182596
1.293991e-07,0.0114215
1.294491e-07,0.00694511
1.294991e-07,0.0122179
1.295491e-07,0.0152388
1.295991e-07,0.0188363
1.296491e-07,0.026773
1.296991e-07,0.030755
1.297491e-07,0.0281186
1.297991e-07,0.0206214
1.298491e-07,0.0210882
1.298991e-07,0.0282285
1.299491e-07,0.0254822
1.299991e-07,0.0252351
1.300491e-07,0.0327323
1.300991e-07,0.0319633
1.301491e-07,0.0277067
1.301991e-07,0.0267455
1.302491e-07,0.0244387
1.302991e-07,0.0159253
1.303491e-07,0.0150465
1.303991e-07,0.036577
1.304491e-07,0.055224
1.304991e-07,0.0511596
1.305491e-07,0.0422617
1.305991e-07,0.0392683
1.306491e-07,0.0321007
1.306991e-07,0.0215826
1.307491e-07,0.0140304
1.307991e-07,0.0116412
1.308491e-07,0.0200721
1.308991e-07,0.0291622
1.309491e-07,0.0319359
1.309991e-07,0.0375931
1.310491e-07,0.0445411
1.310991e-07,0.0436349
1.311491e-07,0.0336386
1.311991e-07,0.0280911
1.312491e-07,0.03438
1.312991e-07,0.0409161
1.313491e-07,0.0364946
1.313991e-07,0.0240816
1.314491e-07,0.0227634
1.314991e-07,0.0337484
1.315491e-07,0.0360003
1.315991e-07,0.0293819
1.316491e-07,0.0233951
1.316991e-07,0.0200447
1.317491e-07,0.0215826
1.317991e-07,0.0262512
1.318491e-07,0.0307825
1.318991e-07,0.0290523
1.319491e-07,0.0193306
1.319991e-07,0.015074
1.320491e-07,0.019825
1.320991e-07,0.0179575
1.321491e-07,0.00851047
1.321991e-07,0.00180964
1.322491e-07,-0.00634669
1.322991e-07,-0.0100816
1.323491e-07,0.00095831
1.323991e-07,0.0126298
1.324491e-07,0.0163922
1.324991e-07,0.0214727
1.325491e-07,0.0239993
1.325991e-07,0.00894986
1.326491e-07,-0.00760996
1.326991e-07,-0.00502849
1.327491e-07,-0.00354552
1.327991e-07,-0.00994426
1.328491e-07,-0.00176047
1.328991e-07,0.014305
1.329491e-07,0.0148543
1.329991e-07,0.0143325
1.330491e-07,0.033309
1.330991e-07,0.0457769
1.331491e-07,0.0409161
1.331991e-07,0.0505828
1.332491e-07,0.0667307
1.332991e-07,0.0616502
1.333491e-07,0.0506103
1.333991e-07,0.0461614
1.334491e-07,0.0378678
1.334991e-07,0.0292446
1.335491e-07,0.026361
1.335991e-07,0.0279264
1.336491e-07,0.0327323
1.336991e-07,0.0364397
1.337491e-07,0.0402844
1.337991e-07,0.0378678
1.338491e-07,0.0252076
1.338991e-07,0.0134537
1.339491e-07,0.00496782
1.339991e-07,-0.00107391
1.340491e-07,-0.00112883
1.340991e-07,0.0044735
1.341491e-07,0.00686272
1.341991e-07,0.011394
1.342491e-07,0.0258667
1.342991e-07,0.0337209
1.343491e-07,0.0334738
1.343991e-07,0.0326224
1.344491e-07,0.0224064
1.344991e-07,0.0111743
1.345491e-07,0.0130418
1.345991e-07,0.0178477
1.346491e-07,0.0198524
1.346991e-07,0.0224339
1.347491e-07,0.0210882
1.347991e-07,0.0195778
1.348491e-07,0.019468
1.348991e-07,0.0154035
1.349491e-07,0.013234
1.349991e-07,0.0127122
1.350491e-07,0.00837315
1.350991e-07,0.00499528
1.351491e-07,0.00351231
1.351991e-07,0.000436525
1.352491e-07,0.00213919
1.352991e-07,0.0134812
1.353491e-07,0.0190286
1.353991e-07,0.0113116
1.354491e-07,0.00864778
1.354991e-07,0.0145797
1.355491e-07,0.0142501
1.355991e-07,0.0102131
1.356491e-07,0.0135086
1.356991e-07,0.0135635
1.357491e-07,0.00713735
1.357991e-07,0.0116412
1.358491e-07,0.0224888
1.358991e-07,0.0252076
1.359491e-07,0.0224339
1.359991e-07,0.0210059
1.360491e-07,0.0236148
1.360991e-07,0.0268828
1.361491e-07,0.0280911
1.361991e-07,0.0299586
1.362491e-07,0.0308374
1.362991e-07,0.0272124
1.363491e-07,0.0218846
1.363991e-07,0.0203468
1.364491e-07,0.0225437
1.364991e-07,0.024878
1.365491e-07,0.027487
1.365991e-07,0.0331168
1.366491e-07,0.0445411
1.366991e-07,0.0523954
1.367491e-07,0.0477542
1.367991e-07,0.0399824
1.368491e-07,0.0326224
1.368991e-07,0.0257294
1.369491e-07,0.019468
1.369991e-07,0.0127946
1.370491e-07,0.0130967
1.370991e-07,0.0145247
1.371491e-07,0.0161175
1.371991e-07,0.0303431
1.372491e-07,0.0438546
1.372991e-07,0.0426188
1.373491e-07,0.0414104
1.373991e-07,0.0427835
1.374491e-07,0.0400647
1.374991e-07,0.0482485
1.375491e-07,0.0604693
1.375991e-07,0.0574484
1.376491e-07,0.0536037
1.376991e-07,0.0529446
1.377491e-07,0.0491548
1.377991e-07,0.0539882
1.378491e-07,0.0640669
1.378991e-07,0.0655224
1.379491e-07,0.0567619
1.379991e-07,0.0450629
1.380491e-07,0.0372361
1.380991e-07,0.029272
1.381491e-07,0.022379
1.381991e-07,0.0209509
1.382491e-07,0.0189462
1.382991e-07,0.0171611
1.383491e-07,0.0227634
1.383991e-07,0.0285305
1.384491e-07,0.0268553
1.384991e-07,0.0239718
1.385491e-07,0.0180399
1.385991e-07,0.00823584
1.386491e-07,0.00384186
1.386991e-07,0.00881255
1.387491e-07,0.019413
1.387991e-07,0.0231205
1.388491e-07,0.0198524
1.388991e-07,0.0232028
1.389491e-07,0.0301783
1.389991e-07,0.0328696
1.390491e-07,0.0325126
1.390991e-07,0.0279264
1.391491e-07,0.0229008
1.391991e-07,0.023093
1.392491e-07,0.0209784
1.392991e-07,0.0172984
1.393491e-07,0.0214178
1.393991e-07,0.0192208
1.394491e-07,0.00623109
1.394991e-07,0.00889494
1.395491e-07,0.0244387
1.395991e-07,0.0331168
1.396491e-07,0.0406689
1.396991e-07,0.043525
1.397491e-07,0.0399
1.397991e-07,0.0429483
1.398491e-07,0.0437996
1.398991e-07,0.0339132
1.399491e-07,0.0247957
1.399991e-07,0.0207038
1.400491e-07,0.020182
1.400991e-07,0.0260315
1.401491e-07,0.0316613
1.401991e-07,0.0294917
1.402491e-07,0.026361
1.402991e-07,0.025647
1.403491e-07,0.0244387
1.403991e-07,0.0259216
1.404491e-07,0.0232303
1.404991e-07,0.0116686
1.405491e-07,0.00419887
1.405991e-07,0.00142517
1.406491e-07,-0.00535804
1.406991e-07,-0.0083789
1.407491e-07,-0.00101898
1.407991e-07,0.00672541
1.408491e-07,0.0136734
1.408991e-07,0.0222142
1.409491e-07,0.0277891
1.409991e-07,0.0308099
1.410491e-07,0.0303156
1.410991e-07,0.0277616
1.411491e-07,0.0274595
1.411991e-07,0.0275694
1.412491e-07,0.0203742
1.412991e-07,0.00713735
1.413491e-07,-0.00118376
1.413991e-07,0.000106976
1.414491e-07,0.0102406
1.414991e-07,0.0159528
1.415491e-07,0.0151014
1.415991e-07,0.0262512
1.416491e-07,0.0403394
1.416991e-07,0.036632
1.417491e-07,0.0241915
1.417991e-07,0.0226536
1.418491e-07,0.0287777
1.418991e-07,0.027487
1.419491e-07,0.0254548
1.419991e-07,0.0246858
1.420491e-07,0.0171062
1.420991e-07,0.0158704
1.421491e-07,0.0205115
1.421991e-07,0.0146346
1.422491e-07,0.00419887
1.422991e-07,-0.00121122
1.423491e-07,-0.00458909
1.423991e-07,-0.00675862
1.424491e-07,-0.00587982
1.424991e-07,0.00252367
1.425491e-07,0.0142226
1.425991e-07,0.0137009
1.426491e-07,0.00886748
1.426991e-07,0.0119707
1.427491e-07,0.0119158
1.427991e-07,0.0106525
1.428491e-07,0.0193856
1.428991e-07,0.0286679
1.429491e-07,0.0291073
1.429991e-07,0.0213903
1.430491e-07,0.0135361
1.430991e-07,0.0166119
1.431491e-07,0.0236422
1.431991e-07,0.0227909
1.432491e-07,0.0175731
1.432991e-07,0.0183695
1.433491e-07,0.023093
1.433991e-07,0.0194405
1.434491e-07,0.0101582
1.434991e-07,0.00905971
1.435491e-07,0.0205115
1.435991e-07,0.0314416
1.436491e-07,0.0269927
1.436991e-07,0.0222142
1.437491e-07,0.0333365
1.437991e-07,0.0430856
1.438491e-07,0.0416576
1.438991e-07,0.0430581
1.439491e-07,0.0492921
1.439991e-07,0.0467106
1.440491e-07,0.0408612
1.440991e-07,0.042811
1.441491e-07,0.042042
1.441991e-07,0.0350391
1.442491e-07,0.0251527
1.442991e-07,0.0157056
1.443491e-07,0.0120806
1.443991e-07,0.0123552
1.444491e-07,0.0167492
1.444991e-07,0.0237796
1.445491e-07,0.0282559
1.445991e-07,0.0328421
1.446491e-07,0.0392134
1.446991e-07,0.0428385
1.447491e-07,0.0403668
1.447991e-07,0.0295192
1.448491e-07,0.0155683
1.448991e-07,0.00785137
1.449491e-07,0.00623109
1.449991e-07,0.00916956
1.450491e-07,0.0160626
1.450991e-07,0.0244112
1.451491e-07,0.0277067
1.451991e-07,0.0209235
1.452491e-07,0.0140029
1.452991e-07,0.0126024
1.453491e-07,0.00864778
1.453991e-07,0.00686272
1.454491e-07,0.0152662
1.454991e-07,0.0214178
1.455491e-07,0.0206488
1.455991e-07,0.0274046
1.456491e-07,0.0367418
1.456991e-07,0.0356433
1.457491e-07,0.0308099
1.457991e-07,0.02161
1.458491e-07,0.00708242
1.458991e-07,0.00109562
1.459491e-07,0.00208427
1.459991e-07,0.0010407
1.460491e-07,0.00123293
1.460991e-07,0.00386932
1.461491e-07,0.00719227
1.461991e-07,0.0115039
1.462491e-07,0.0143874
1.462991e-07,0.0193581
1.463491e-07,0.0297389
1.463991e-07,0.0289699
1.464491e-07,0.00971881
1.464991e-07,-0.0015133
1.465491e-07,0.0123277
1.465991e-07,0.0314416
1.466491e-07,0.0368242
1.466991e-07,0.0423991
1.467491e-07,0.0531918
1.467991e-07,0.0499237
1.468491e-07,0.0448157
1.468991e-07,0.0452826
1.469491e-07,0.0342153
1.469991e-07,0.030041
1.470491e-07,0.0356158
1.470991e-07,0.0350391
1.471491e-07,0.0381149
1.471991e-07,0.0408886
1.472491e-07,0.045008
1.472991e-07,0.0522306
1.473491e-07,0.0498963
1.473991e-07,0.0538509
1.474491e-07,0.0612657
1.474991e-07,0.0467656
1.475491e-07,0.0276792
1.475991e-07,0.0222417
1.476491e-07,0.0213354
1.476991e-07,0.0229557
1.477491e-07,0.0254548
1.477991e-07,0.0229008
1.478491e-07,0.0175456
1.478991e-07,0.015788
1.479491e-07,0.0187814
1.479991e-07,0.0223515
1.480491e-07,0.0254273
1.480991e-07,0.0271849
1.481491e-07,0.0237796
1.481991e-07,0.0177378
1.482491e-07,0.0181498
1.482991e-07,0.0208685
1.483491e-07,0.0182871
1.483991e-07,0.0205939
1.484491e-07,0.0272673
1.484991e-07,0.0261139
1.485491e-07,0.0244936
1.485991e-07,0.0334738
1.486491e-07,0.0429758
1.486991e-07,0.0410534
1.487491e-07,0.0353412
1.487991e-07,0.0333639
1.488491e-07,0.0338583
1.488991e-07,0.0337209
1.489491e-07,0.0244112
1.489991e-07,0.013234
1.490491e-07,0.0171062
1.490991e-07,0.024219
1.491491e-07,0.0198524
1.491991e-07,0.0122179
1.492491e-07,0.0106251
1.492991e-07,0.013591
1.493491e-07,0.0137558
1.493991e-07,0.0108448
1.494491e-07,0.0108448
1.494991e-07,0.0111194
1.495491e-07,0.0123277
1.495991e-07,0.0215826
1.496491e-07,0.0320183
1.496991e-07,0.0328696
1.497491e-07,0.0247957
1.497991e-07,0.0184793
1.498491e-07,0.0216924
1.498991e-07,0.0239443
1.499491e-07,0.0202644
1.499991e-07,0.0224614
1.500491e-07,0.026718
1.500991e-07,0.0206763
1.501491e-07,0.0144698
1.501991e-07,0.0224339
1.502491e-07,0.0346272
1.502991e-07,0.0304804
1.503491e-07,0.0145522
1.503991e-07,0.00941673
1.504491e-07,0.0122179
1.504991e-07,0.0103779
1.505491e-07,0.0116961
1.505991e-07,0.0188363
1.506491e-07,0.0237796
1.506991e-07,0.0233676
1.507491e-07,0.0233951
1.507991e-07,0.0290249
1.508491e-07,0.0312493
1.508991e-07,0.0300959
1.509491e-07,0.0311395
1.509991e-07,0.0276518
1.510491e-07,0.026004
1.510991e-07,0.0285031
1.511491e-07,0.02529
1.511991e-07,0.0272947
1.512491e-07,0.0349567
1.512991e-07,0.0331992
1.513491e-07,0.032595
1.513991e-07,0.0389113
1.514491e-07,0.0364397
1.514991e-07,0.0246584
1.515491e-07,0.0179301
1.515991e-07,0.0207312
1.516491e-07,0.0226811
1.516991e-07,0.0211432
1.517491e-07,0.0208136
1.517991e-07,0.0204566
1.518491e-07,0.0254822
1.518991e-07,0.0335836
1.519491e-07,0.0353138
1.519991e-07,0.0356433
1.520491e-07,0.0332815
1.520991e-07,0.0293544
1.521491e-07,0.0313866
1.521991e-07,0.0290523
1.522491e-07,0.0233676
1.522991e-07,0.0236422
1.523491e-07,0.0206763
1.523991e-07,0.0158978
1.524491e-07,0.0192208
1.524991e-07,0.0257568
1.525491e-07,0.0265533
1.525991e-07,0.017985
1.526491e-07,0.00411648
1.526991e-07,-0.00368283
1.527491e-07,-0.00200763
1.527991e-07,-5.77984e-05
1.528491e-07,0.00117801
1.528991e-07,0.00535229
1.529491e-07,0.00925195
1.529991e-07,0.0111743
1.530491e-07,0.00985612
1.530991e-07,0.00944419
1.531491e-07,0.0170787
1.531991e-07,0.0195229
1.532491e-07,0.00639586
1.532991e-07,-0.00200763
1.533491e-07,0.00285321
1.533991e-07,0.00485797
1.534491e-07,0.00362216
1.534991e-07,0.00546214
1.535491e-07,0.00455588
1.535991e-07,0.000601299
1.536491e-07,-0.00192524
1.536991e-07,-0.00030496
1.537491e-07,0.00642333
1.537991e-07,0.0137283
1.538491e-07,0.0191384
1.538991e-07,0.0245485
1.539491e-07,0.0289425
1.539991e-07,0.0254548
1.540491e-07,0.0163372
1.540991e-07,0.013591
1.541491e-07,0.0175731
1.541991e-07,0.0243837
1.542491e-07,0.0270201
1.542991e-07,0.0189736
1.543491e-07,0.0170513
1.543991e-07,0.0305902
1.544491e-07,0.0409985
1.544991e-07,0.0389663
1.545491e-07,0.0374558
1.545991e-07,0.0413555
1.546491e-07,0.0406415
1.546991e-07,0.0357257
1.547491e-07,0.0323204
1.547991e-07,0.0278989
1.548491e-07,0.0220769
1.548991e-07,0.0213079
1.549491e-07,0.0204841
1.549991e-07,0.00705496
1.550491e-07,-0.00576998
1.550991e-07,-0.00546789
1.551491e-07,-0.0032709
1.551991e-07,0.00277083
1.552491e-07,0.00771406
1.552991e-07,2.45887e-05
1.553491e-07,0.000738611
1.553991e-07,0.013948
1.554491e-07,0.0197151
1.554991e-07,0.0199348
1.555491e-07,0.0191933
1.555991e-07,0.0196877
1.556491e-07,0.0219121
1.556991e-07,0.0149092
1.557491e-07,0.00908718
1.557991e-07,0.0140579
1.558491e-07,0.00955404
1.558991e-07,0.000134438
1.559491e-07,0.00749436
1.559991e-07,0.0177928
1.560491e-07,0.0171062
1.560991e-07,0.0190286
1.561491e-07,0.0261688
1.561991e-07,0.0355884
1.562491e-07,0.0463262
1.562991e-07,0.0430032
1.563491e-07,0.0305628
1.563991e-07,0.0294368
1.564491e-07,0.0387191
1.564991e-07,0.0474247
1.565491e-07,0.0440743
1.565991e-07,0.0362475
1.566491e-07,0.039131
1.566991e-07,0.0425913
1.567491e-07,0.0432229
1.567991e-07,0.045008
1.568491e-07,0.0423167
1.568991e-07,0.0389388
1.569491e-07,0.0328971
1.569991e-07,0.0174907
1.570491e-07,0.00216665
1.570991e-07,-0.00357298
1.571491e-07,0.000518912
1.571991e-07,0.00903225
1.572491e-07,0.0142501
1.572991e-07,0.0161175
1.573491e-07,0.0188363
1.573991e-07,0.0237521
1.574491e-07,0.02713
1.574991e-07,0.0291347
1.575491e-07,0.0312219
1.575991e-07,0.0287777
1.576491e-07,0.0264983
1.576991e-07,0.0273222
1.577491e-07,0.0287502
1.577991e-07,0.0309198
1.578491e-07,0.0283932
1.578991e-07,0.0205939
1.579491e-07,0.0155683
1.579991e-07,0.0141952
1.580491e-07,0.0128495
1.580991e-07,0.0114489
1.581491e-07,0.0148543
1.581991e-07,0.022736
1.582491e-07,0.020896
1.582991e-07,0.0136734
1.583491e-07,0.0176005
1.583991e-07,0.0233676
1.584491e-07,0.0242464
1.584991e-07,0.0213079
1.585491e-07,0.0135086
1.585991e-07,0.0141952
1.586491e-07,0.0213903
1.586991e-07,0.0196602
1.587491e-07,0.0132615
1.587991e-07,0.00905971
1.588491e-07,0.0103779
1.588991e-07,0.0177378
1.589491e-07,0.0226261
1.589991e-07,0.0232028
1.590491e-07,0.0254273
1.590991e-07,0.0306452
1.591491e-07,0.0394606
1.591991e-07,0.0482211
1.592491e-07,0.0483584
1.592991e-07,0.0405041
1.593491e-07,0.0280911
1.593991e-07,0.0213629
1.594491e-07,0.0248231
1.594991e-07,0.0235599
1.595491e-07,0.02345
1.595991e-07,0.0322654
1.596491e-07,0.032183
