LECROYWR640Zi,59892,Waveform
Segments,1,SegmentSize,4002
Segment,TrigTime,TimeSinceSegment1
#1,01-Nov-2023 13:34:13,0                 
Time,Ampl
-4.044425e-08,0.000793536
-4.039425e-08,0.00565438
-4.034425e-08,-0.00434193
-4.029425e-08,-0.0142559
-4.024425e-08,-0.0108231
-4.019425e-08,-0.0132672
-4.014425e-08,-0.0226044
-4.009425e-08,-0.0213686
-4.004425e-08,-0.014503
-3.999425e-08,-0.0148051
-3.994425e-08,-0.0213411
-3.989425e-08,-0.0252683
-3.984425e-08,-0.0312276
-3.979425e-08,-0.0429815
-3.974425e-08,-0.0439702
-3.969425e-08,-0.0402627
-3.964425e-08,-0.0442722
-3.959425e-08,-0.0442722
-3.954425e-08,-0.0385051
-3.949425e-08,-0.0343034
-3.944425e-08,-0.0319416
-3.939425e-08,-0.026559
-3.934425e-08,-0.0189519
-3.929425e-08,-0.0156015
-3.924425e-08,-0.01302
-3.919425e-08,-0.0096971
-3.914425e-08,-0.00999918
-3.909425e-08,-0.00906546
-3.904425e-08,-0.00557774
-3.899425e-08,-0.0115645
-3.894425e-08,-0.0216982
-3.889425e-08,-0.0195286
-3.884425e-08,-0.0131848
-3.879425e-08,-0.00901054
-3.874425e-08,-0.000744358
-3.869425e-08,0.0101857
-3.864425e-08,0.0159802
-3.859425e-08,0.00823584
-3.854425e-08,-0.00209002
-3.849425e-08,-0.00277657
-3.844425e-08,-0.00544043
-3.839425e-08,-0.0127729
-3.834425e-08,-0.0153818
-3.829425e-08,-0.012306
-3.824425e-08,-0.00892815
-3.819425e-08,-0.00892815
-3.814425e-08,-0.00777473
-3.809425e-08,-0.00360045
-3.804425e-08,-0.00178793
-3.799425e-08,-0.00439686
-3.794425e-08,-0.00909292
-3.789425e-08,-0.0116469
-3.784425e-08,-0.00843383
-3.779425e-08,-0.00384761
-3.774425e-08,-0.0053855
-3.769425e-08,-0.00642907
-3.764425e-08,0.000875923
-3.759425e-08,0.00787883
-3.754425e-08,0.0102681
-3.749425e-08,0.0130692
-3.744425e-08,0.0131241
-3.739425e-08,0.00996597
-3.734425e-08,0.00834569
-3.729425e-08,0.0031553
-3.724425e-08,-0.00393
-3.719425e-08,-0.00519326
-3.714425e-08,-0.0120314
-3.709425e-08,-0.0248838
-3.704425e-08,-0.0217256
-3.699425e-08,-0.00983441
-3.694425e-08,-0.00530311
-3.689425e-08,0.0012604
-3.684425e-08,0.00661556
-3.679425e-08,0.00189203
-3.674425e-08,-0.00689593
-3.669425e-08,-0.0112899
-3.664425e-08,-0.0120589
-3.659425e-08,-0.0158487
-3.654425e-08,-0.0151346
-3.649425e-08,-0.0132397
-3.644425e-08,-0.0210665
-3.639425e-08,-0.0204898
-3.634425e-08,-0.00695086
-3.629425e-08,-0.00513834
-3.624425e-08,-0.0148051
-3.619425e-08,-0.017771
-3.614425e-08,-0.0165627
-3.609425e-08,-0.0193364
-3.604425e-08,-0.0248838
-3.599425e-08,-0.0267238
-3.594425e-08,-0.0218904
-3.589425e-08,-0.0154093
-3.584425e-08,-0.00983441
-3.579425e-08,-0.00382015
-3.574425e-08,0.000793536
-3.569425e-08,-0.00244703
-3.564425e-08,-0.0123609
-3.559425e-08,-0.0154917
-3.554425e-08,-0.00821413
-3.549425e-08,-0.00439686
-3.544425e-08,-0.00697832
-3.539425e-08,-0.00766488
-3.534425e-08,-0.00697832
-3.529425e-08,0.00142517
-3.524425e-08,0.0175456
-3.519425e-08,0.0207587
-3.514425e-08,0.0117236
-3.509425e-08,0.00916956
-3.504425e-08,0.00853793
-3.499425e-08,-0.00170554
-3.494425e-08,-0.00944993
-3.489425e-08,-0.00695086
-3.484425e-08,-0.0053855
-3.479425e-08,-0.00659385
-3.474425e-08,-0.00802189
-3.469425e-08,-0.00879084
-3.464425e-08,-0.00541296
-3.459425e-08,-0.00104644
-3.454425e-08,-0.000250035
-3.449425e-08,0.000409062
-3.444425e-08,0.00244128
-3.439425e-08,5.20511e-05
-3.434425e-08,-0.00247449
-3.429425e-08,-0.00214494
-3.424425e-08,0.000463987
-3.419425e-08,0.00782391
-3.414425e-08,0.00815346
-3.409425e-08,0.00510513
-3.404425e-08,0.012877
-3.399425e-08,0.0196877
-3.394425e-08,0.0204017
-3.389425e-08,0.0208685
-3.384425e-08,0.0139755
-3.379425e-08,0.00194696
-3.374425e-08,-0.00453417
-3.369425e-08,-0.0116744
-3.364425e-08,-0.0209841
-3.359425e-08,-0.0244444
-3.354425e-08,-0.0218904
-3.349425e-08,-0.0114822
-3.344425e-08,-0.00099152
-3.339425e-08,-0.00335328
-3.334425e-08,-0.00695086
-3.329425e-08,0.000573836
-3.324425e-08,0.00277083
-3.319425e-08,-0.0110977
-3.314425e-08,-0.0249936
-3.309425e-08,-0.0267787
-3.304425e-08,-0.0211214
-3.299425e-08,-0.0178534
-3.294425e-08,-0.0166725
-3.289425e-08,-0.010521
-3.284425e-08,-0.00653892
-3.279425e-08,-0.00988933
-3.274425e-08,-0.0103287
-3.269425e-08,-0.00942247
-3.264425e-08,-0.0164528
-3.259425e-08,-0.0263942
-3.254425e-08,-0.0304861
-3.249425e-08,-0.0272181
-3.244425e-08,-0.017469
-3.239425e-08,-0.00901054
-3.234425e-08,-0.0139263
-3.229425e-08,-0.0198307
-3.224425e-08,-0.00975202
-3.219425e-08,-0.00236464
-3.214425e-08,-0.0094774
-3.209425e-08,-0.015986
-3.204425e-08,-0.0190892
-3.199425e-08,-0.0232361
-3.194425e-08,-0.0201877
-3.189425e-08,-0.0158212
-3.184425e-08,-0.0260098
-3.179425e-08,-0.0367201
-3.174425e-08,-0.0363905
-3.169425e-08,-0.0310903
-3.164425e-08,-0.0227967
-3.159425e-08,-0.0164803
-3.154425e-08,-0.00571505
-3.149425e-08,0.00411648
-3.144425e-08,-0.00813174
-3.139425e-08,-0.0229614
-3.134425e-08,-0.0253232
-3.129425e-08,-0.0344407
-3.124425e-08,-0.0444096
-3.119425e-08,-0.0406472
-3.114425e-08,-0.0315022
-3.109425e-08,-0.0234558
-3.104425e-08,-0.0156564
-3.099425e-08,-0.0118117
-3.094425e-08,-0.00909292
-3.089425e-08,-0.00546789
-3.084425e-08,-0.0114272
-3.079425e-08,-0.0202701
-3.074425e-08,-0.0156564
-3.069425e-08,-0.0103013
-3.064425e-08,-0.0209841
-3.059425e-08,-0.0273005
-3.054425e-08,-0.0201053
-3.049425e-08,-0.0214785
-3.044425e-08,-0.0248838
-3.039425e-08,-0.020325
-3.034425e-08,-0.0147776
-3.029425e-08,-0.010466
-3.024425e-08,-0.0157114
-3.019425e-08,-0.0248838
-3.014425e-08,-0.0229889
-3.009425e-08,-0.0122236
-3.004425e-08,-0.00266673
-2.999425e-08,0.00169979
-2.994425e-08,0.00167233
-2.989425e-08,-0.00214494
-2.984425e-08,-0.00818667
-2.979425e-08,-0.0169197
-2.974425e-08,-0.0196934
-2.969425e-08,-0.0169746
-2.964425e-08,-0.0211764
-2.959425e-08,-0.0204624
-2.954425e-08,-0.0144481
-2.949425e-08,-0.0176063
-2.944425e-08,-0.0208743
-2.939425e-08,-0.0190343
-2.934425e-08,-0.017414
-2.929425e-08,-0.0128827
-2.924425e-08,-0.00629176
-2.919425e-08,-0.00590729
-2.914425e-08,-0.00884576
-2.909425e-08,-0.00835144
-2.904425e-08,-0.00681355
-2.899425e-08,-0.00931262
-2.894425e-08,-0.0219453
-2.889425e-08,-0.0378186
-2.884425e-08,-0.0421576
-2.879425e-08,-0.0311178
-2.874425e-08,-0.01302
-2.869425e-08,-0.00983441
-2.864425e-08,-0.0153818
-2.859425e-08,-0.0077198
-2.854425e-08,0.000189363
-2.849425e-08,0.00137025
-2.844425e-08,0.00353977
-2.839425e-08,0.00422633
-2.834425e-08,-0.00263926
-2.829425e-08,-0.0170021
-2.824425e-08,-0.0252957
-2.819425e-08,-0.025845
-2.814425e-08,-0.0272456
-2.809425e-08,-0.0261745
-2.804425e-08,-0.0232635
-2.799425e-08,-0.0212862
-2.794425e-08,-0.0215334
-2.789425e-08,-0.0243345
-2.784425e-08,-0.0209841
-2.779425e-08,-0.0112625
-2.774425e-08,-0.00340821
-2.769425e-08,-0.00233718
-2.764425e-08,-0.00445178
-2.759425e-08,-0.00571505
-2.754425e-08,-0.0079395
-2.749425e-08,-0.00266673
-2.744425e-08,0.00886748
-2.739425e-08,0.0133164
-2.734425e-08,0.0106251
-2.729425e-08,0.00156248
-2.724425e-08,-0.0081592
-2.719425e-08,-0.00890069
-2.714425e-08,-0.00769234
-2.709425e-08,-0.0142559
-2.704425e-08,-0.024005
-2.699425e-08,-0.0269984
-2.694425e-08,-0.0239501
-2.689425e-08,-0.0185125
-2.684425e-08,-0.00700578
-2.679425e-08,0.00406156
-2.674425e-08,0.0040341
-2.669425e-08,-0.00269419
-2.664425e-08,-0.00689593
-2.659425e-08,-0.00964217
-2.654425e-08,-0.0116469
-2.649425e-08,-0.00684101
-2.644425e-08,-0.00590729
-2.639425e-08,-0.0180182
-2.634425e-08,-0.0266963
-2.629425e-08,-0.0241698
-2.624425e-08,-0.0230438
-2.619425e-08,-0.0282067
-2.614425e-08,-0.0358962
-2.609425e-08,-0.0440525
-2.604425e-08,-0.0428167
-2.599425e-08,-0.0241148
-2.594425e-08,-0.00313359
-2.589425e-08,0.000930848
-2.584425e-08,-0.00255688
-2.579425e-08,-0.00176047
-2.574425e-08,-0.0049461
-2.569425e-08,-0.0105759
-2.564425e-08,-0.0127729
-2.559425e-08,-0.0123884
-2.554425e-08,-0.0113723
-2.549425e-08,-0.0154917
-2.544425e-08,-0.022165
-2.539425e-08,-0.027273
-2.534425e-08,-0.0283715
-2.529425e-08,-0.0173042
-2.524425e-08,-0.00143092
-2.519425e-08,5.20511e-05
-2.514425e-08,-0.00579744
-2.509425e-08,-0.0037103
-2.504425e-08,0.00161741
-2.499425e-08,0.0065881
-2.494425e-08,0.0072472
-2.489425e-08,-0.00313359
-2.484425e-08,-0.0149424
-2.479425e-08,-0.0221376
-2.474425e-08,-0.0301291
-2.469425e-08,-0.0284539
-2.464425e-08,-0.0119765
-2.459425e-08,-0.00214494
-2.454425e-08,-0.00634669
-2.449425e-08,-0.00489118
-2.444425e-08,0.00439111
-2.439425e-08,0.0104328
-2.434425e-08,0.0125749
-2.429425e-08,0.00752182
-2.424425e-08,0.000903385
-2.419425e-08,2.45887e-05
-2.414425e-08,-0.00365537
-2.409425e-08,-0.0117842
-2.404425e-08,-0.0154367
-2.399425e-08,-0.0154917
-2.394425e-08,-0.0191442
-2.389425e-08,-0.0256802
-2.384425e-08,-0.0314473
-2.379425e-08,-0.0340013
-2.374425e-08,-0.0308706
-2.369425e-08,-0.0253781
-2.364425e-08,-0.0263668
-2.359425e-08,-0.0300742
-2.354425e-08,-0.019968
-2.349425e-08,-0.00684101
-2.344425e-08,-0.0103287
-2.339425e-08,-0.0151621
-2.334425e-08,-0.0110977
-2.329425e-08,-0.00736279
-2.324425e-08,-0.00741772
-2.319425e-08,-0.0085986
-2.314425e-08,-0.00469894
-2.309425e-08,0.00169979
-2.304425e-08,0.00510513
-2.299425e-08,0.0057093
-2.294425e-08,-0.000277498
-2.289425e-08,-0.0107956
-2.284425e-08,-0.0195836
-2.279425e-08,-0.0291954
-2.274425e-08,-0.034578
-2.269425e-08,-0.0268611
-2.264425e-08,-0.0113723
-2.259425e-08,0.00137025
-2.254425e-08,0.00439111
-2.249425e-08,0.00183711
-2.244425e-08,0.00428126
-2.239425e-08,0.00436365
-2.234425e-08,-0.00555028
-2.229425e-08,-0.00950486
-2.224425e-08,-0.00434193
-2.219425e-08,-0.00420462
-2.214425e-08,-0.0028315
-2.209425e-08,0.00543468
-2.204425e-08,0.0100484
-2.199425e-08,0.0109546
-2.194425e-08,0.0070275
-2.189425e-08,-0.00318851
-2.184425e-08,-0.000634509
-2.179425e-08,0.0141128
-2.174425e-08,0.0203193
-2.169425e-08,0.0202369
-2.164425e-08,0.0152113
-2.159425e-08,0.0065881
-2.154425e-08,0.005929
-2.149425e-08,0.00246874
-2.144425e-08,-0.0121962
-2.139425e-08,-0.0241423
-2.134425e-08,-0.0248838
-2.129425e-08,-0.0186498
-2.124425e-08,-0.0147502
-2.119425e-08,-0.013432
-2.114425e-08,-0.00744518
-2.109425e-08,-0.0023921
-2.104425e-08,-0.00609952
-2.099425e-08,-0.0105484
-2.094425e-08,-0.00678608
-2.089425e-08,-0.00104644
-2.084425e-08,-0.00406731
-2.079425e-08,-0.0116195
-2.074425e-08,-0.0140087
-2.069425e-08,-0.0118941
-2.064425e-08,-0.00876338
-2.059425e-08,-0.0103013
-2.054425e-08,-0.0183752
-2.049425e-08,-0.0241423
-2.044425e-08,-0.0237029
-2.039425e-08,-0.0211214
-2.034425e-08,-0.0178809
-2.029425e-08,-0.0117842
-2.024425e-08,-0.00711563
-2.019425e-08,-0.00873591
-2.014425e-08,-0.00832398
-2.009425e-08,-0.00255688
-2.004425e-08,0.00406156
-1.999425e-08,0.00669795
-1.994425e-08,0.00189203
-1.989425e-08,-0.00107391
-1.984425e-08,-0.000112723
-1.979425e-08,-0.00143092
-1.974425e-08,-3.03361e-05
-1.969425e-08,0.00268844
-1.964425e-08,0.0031553
-1.959425e-08,0.00510513
-1.954425e-08,0.00417141
-1.949425e-08,0.000903385
-1.944425e-08,0.00233143
-1.939425e-08,0.00145263
-1.934425e-08,-0.00489118
-1.929425e-08,-0.00274911
-1.924425e-08,0.00428126
-1.919425e-08,-0.00211748
-1.914425e-08,-0.0151621
-1.909425e-08,-0.021808
-1.904425e-08,-0.0249113
-1.899425e-08,-0.0284264
-1.894425e-08,-0.0292229
-1.889425e-08,-0.0187597
-1.884425e-08,-0.000469734
-1.879425e-08,0.00796122
-1.874425e-08,0.00351231
-1.869425e-08,-0.00143092
-1.864425e-08,-0.000524659
-1.859425e-08,0.00444603
-1.854425e-08,0.00483051
-1.849425e-08,7.95135e-05
-1.844425e-08,0.0029356
-1.839425e-08,0.00559945
-1.834425e-08,-0.00118376
-1.829425e-08,-0.00527565
-1.824425e-08,-0.010466
-1.819425e-08,-0.0169197
-1.814425e-08,-0.00966963
-1.809425e-08,-0.00445178
-1.804425e-08,-0.0153818
-1.799425e-08,-0.0237304
-1.794425e-08,-0.0216982
-1.789425e-08,-0.0168099
-1.784425e-08,-0.0107956
-1.779425e-08,-0.000387347
-1.774425e-08,0.0117785
-1.769425e-08,0.0128495
-1.764425e-08,0.00601139
-1.759425e-08,0.00672541
-1.754425e-08,0.00820838
-1.749425e-08,0.00529737
-1.744425e-08,0.00463827
-1.739425e-08,-0.00112883
-1.734425e-08,-0.00527565
-1.729425e-08,0.00197442
-1.724425e-08,0.00719227
-1.719425e-08,0.00587408
-1.714425e-08,-0.000442272
-1.709425e-08,-0.0108231
-1.704425e-08,-0.0207095
-1.699425e-08,-0.0304037
-1.694425e-08,-0.0310079
-1.689425e-08,-0.0212313
-1.684425e-08,-0.0212313
-1.679425e-08,-0.0309255
-1.674425e-08,-0.027273
-1.669425e-08,-0.0145305
-1.664425e-08,-0.0153543
-1.659425e-08,-0.0216707
-1.654425e-08,-0.0167275
-1.649425e-08,-0.00717056
-1.644425e-08,-0.001733
-1.639425e-08,0.000820998
-1.634425e-08,0.0029356
-1.629425e-08,0.00263352
-1.624425e-08,-5.77984e-05
-1.619425e-08,-0.00338075
-1.614425e-08,-0.00832398
-1.609425e-08,-0.0124983
-1.604425e-08,-0.0138988
-1.599425e-08,-0.0145579
-1.594425e-08,-0.014503
-1.589425e-08,-0.0146129
-1.584425e-08,-0.0151346
-1.579425e-08,-0.012663
-1.574425e-08,-0.0124983
-1.569425e-08,-0.0189245
-1.564425e-08,-0.0186498
-1.559425e-08,-0.00972456
-1.554425e-08,-0.00972456
-1.549425e-08,-0.0160134
-1.544425e-08,-0.0160409
-1.539425e-08,-0.0135144
-1.534425e-08,-0.0142833
-1.529425e-08,-0.0205722
-1.524425e-08,-0.0253781
-1.519425e-08,-0.0220826
-1.514425e-08,-0.0145579
-1.509425e-08,-0.00733533
-1.504425e-08,-0.00623684
-1.499425e-08,-0.00901054
-1.494425e-08,-0.00733533
-1.489425e-08,-0.00936755
-1.484425e-08,-0.0173591
-1.479425e-08,-0.0142559
-1.474425e-08,-0.00285896
-1.469425e-08,0.00353977
-1.464425e-08,0.0113116
-1.459425e-08,0.0257568
-1.454425e-08,0.0353412
-1.449425e-08,0.0367143
-1.444425e-08,0.0345723
-1.439425e-08,0.0235324
-1.434425e-08,0.012163
-1.429425e-08,0.00881255
-1.424425e-08,0.00623109
-1.419425e-08,0.00601139
-1.414425e-08,0.00373201
-1.409425e-08,-0.000250035
-1.404425e-08,-0.00143092
-1.399425e-08,-0.011592
-1.394425e-08,-0.0241698
-1.389425e-08,-0.0243895
-1.384425e-08,-0.018183
-1.379425e-08,-0.0147776
-1.374425e-08,-0.0139812
-1.369425e-08,-0.0037103
-1.364425e-08,0.01252
-1.359425e-08,0.0112842
-1.354425e-08,-0.000826745
-1.349425e-08,-0.00362791
-1.344425e-08,-0.00711563
-1.339425e-08,-0.0187048
-1.334425e-08,-0.0214235
-1.329425e-08,-0.0103837
-1.324425e-08,-0.00255688
-1.319425e-08,-0.00467148
-1.314425e-08,-0.0067037
-1.309425e-08,0.000601299
-1.304425e-08,0.0101307
-1.299425e-08,0.00851047
-1.294425e-08,0.00787883
-1.289425e-08,0.0163922
-1.284425e-08,0.0180948
-1.279425e-08,0.00993851
-1.274425e-08,0.000491449
-1.269425e-08,-0.00393
-1.264425e-08,-0.00522073
-1.259425e-08,-0.0111801
-1.254425e-08,-0.0148326
-1.249425e-08,-0.00944993
-1.244425e-08,-0.009038
-1.239425e-08,-0.0168099
-1.234425e-08,-0.0191716
-1.229425e-08,-0.0173316
-1.224425e-08,-0.0191991
-1.219425e-08,-0.0239501
-1.214425e-08,-0.0246366
-1.209425e-08,-0.0266689
-1.204425e-08,-0.0326831
-1.199425e-08,-0.0297172
-1.194425e-08,-0.0319416
-1.189425e-08,-0.0418556
-1.184425e-08,-0.0416908
-1.179425e-08,-0.0377362
-1.174425e-08,-0.0273279
-1.169425e-08,-0.0126356
-1.164425e-08,-0.00656638
-1.159425e-08,-0.00143092
-1.154425e-08,0.00601139
-1.149425e-08,0.0103504
-1.144425e-08,0.0154035
-1.139425e-08,0.0157331
-1.134425e-08,0.00312784
-1.129425e-08,-0.0081592
-1.124425e-08,-0.0125806
-1.119425e-08,-0.0176612
-1.114425e-08,-0.0158761
-1.109425e-08,-0.0104111
-1.104425e-08,-0.00857114
-1.099425e-08,-0.00544043
-1.094425e-08,-0.00744518
-1.089425e-08,-0.0118666
-1.084425e-08,-0.0058249
-1.079425e-08,-0.00189778
-1.074425e-08,-0.00662131
-1.069425e-08,-0.00986187
-1.064425e-08,-0.0186498
-1.059425e-08,-0.030184
-1.054425e-08,-0.0288658
-1.049425e-08,-0.0156564
-1.044425e-08,-0.000552121
-1.039425e-08,0.00595646
-1.034425e-08,0.00587408
-1.029425e-08,0.0082633
-1.024425e-08,0.00807107
-1.019425e-08,-0.00428701
-1.014425e-08,-0.0181006
-1.009425e-08,-0.0182928
-1.004425e-08,-0.017414
-9.994249e-09,-0.0249936
-9.944249e-09,-0.0274927
-9.894249e-09,-0.0248289
-9.844249e-09,-0.0278772
-9.794249e-09,-0.0288109
-9.744249e-09,-0.0200504
-9.694249e-09,-0.0146953
-9.644249e-09,-0.0132123
-9.594249e-09,-0.00423208
-9.544249e-09,-0.0019527
-9.494249e-09,-0.00975202
-9.444249e-09,-0.00914785
-9.394249e-09,-0.00478133
-9.344249e-09,-0.006484
-9.294249e-09,-0.00445178
-9.244249e-09,0.00864778
-9.194249e-09,0.0140853
-9.144249e-09,0.00216665
-9.094249e-09,-0.0030512
-9.044249e-09,0.00115055
-8.994249e-09,-0.00162315
-8.944249e-09,-0.00725294
-8.894249e-09,-0.0117568
-8.844249e-09,-0.0178534
-8.794249e-09,-0.0160958
-8.744249e-09,-0.00555028
-8.694249e-09,0.00252367
-8.644249e-09,0.00993851
-8.594249e-09,0.0108997
-8.544249e-09,0.0014801
-8.494249e-09,0.00120547
-8.444249e-09,0.00310038
-8.394249e-09,-0.00741772
-8.344249e-09,-0.0110977
-8.294249e-09,-0.0032709
-8.244249e-09,0.00131532
-8.194249e-09,0.00131532
-8.144249e-09,0.00378694
-8.094249e-09,0.00749436
-8.044249e-09,0.00721973
-7.994249e-09,0.00694511
-7.944249e-09,0.0044735
-7.894249e-09,0.000875923
-7.844249e-09,0.00356724
-7.794249e-09,0.000573836
-7.744249e-09,-0.00615445
-7.694249e-09,-0.00280404
-7.644249e-09,-0.00464402
-7.594249e-09,-0.0169472
-7.544249e-09,-0.0220277
-7.494249e-09,-0.0135693
-7.444249e-09,-0.000826745
-7.394249e-09,0.00444603
-7.344249e-09,0.00719227
-7.294249e-09,0.00952657
-7.244249e-09,0.00178218
-7.194249e-09,-0.00832398
-7.144249e-09,-0.0125257
-7.094249e-09,-0.0199406
-7.044249e-09,-0.0272456
-6.994249e-09,-0.022879
-6.944249e-09,-0.0159311
-6.894249e-09,-0.0166176
-6.844249e-09,-0.0210665
-6.794249e-09,-0.0216707
-6.744249e-09,-0.0171943
-6.694249e-09,-0.0159311
-6.644249e-09,-0.020023
-6.594249e-09,-0.0275202
-6.544249e-09,-0.0312825
-6.494249e-09,-0.0229065
-6.444249e-09,-0.0167824
-6.394249e-09,-0.0182379
-6.344249e-09,-0.0149973
-6.294249e-09,-0.0145854
-6.244249e-09,-0.0180731
-6.194249e-09,-0.0167
-6.144249e-09,-0.0126905
-6.094249e-09,-0.00436939
-6.044249e-09,0.00562692
-5.994249e-09,0.0137283
-5.944249e-09,0.017216
-5.894249e-09,0.017271
-5.844249e-09,0.0237796
-5.794249e-09,0.0237796
-5.744249e-09,0.00875763
-5.694249e-09,0.00106816
-5.644249e-09,0.0003816
-5.594249e-09,-0.00535804
-5.544249e-09,-0.000332422
-5.494249e-09,0.00947165
-5.444249e-09,0.00230397
-5.394249e-09,-0.00901054
-5.344249e-09,-0.00862606
-5.294249e-09,-0.00101898
-5.244249e-09,-0.00140346
-5.194249e-09,-0.0161233
-5.144249e-09,-0.0279047
-5.094249e-09,-0.0240874
-5.044249e-09,-0.017469
-4.994249e-09,-0.0187871
-4.944249e-09,-0.0151072
-4.894249e-09,-0.00318851
-4.844249e-09,-0.00502849
-4.794249e-09,-0.022165
-4.744249e-09,-0.0285088
-4.694249e-09,-0.0189794
-4.644249e-09,-0.0136517
-4.594249e-09,-0.0201603
-4.544249e-09,-0.0240599
-4.494249e-09,-0.0178809
-4.444249e-09,-0.0193639
-4.394249e-09,-0.0318043
-4.344249e-09,-0.0332598
-4.294249e-09,-0.0235931
-4.244249e-09,-0.019968
-4.194249e-09,-0.0204898
-4.144249e-09,-0.0186224
-4.094249e-09,-0.0193913
-4.044249e-09,-0.0235381
-3.994249e-09,-0.0257901
-3.944249e-09,-0.0243071
-3.894249e-09,-0.0201877
-3.844249e-09,-0.0111251
-3.794249e-09,-2.87366e-06
-3.744249e-09,0.00326515
-3.694249e-09,-0.00209002
-3.644249e-09,-0.00857114
-3.594249e-09,-0.0100266
-3.544249e-09,-0.00791204
-3.494249e-09,-0.00728041
-3.444249e-09,-0.00824159
-3.394249e-09,-0.00843383
-3.344249e-09,-0.00030496
-3.294249e-09,0.0131791
-3.244249e-09,0.0112842
-3.194249e-09,-0.000826745
-3.144249e-09,-0.00681355
-3.094249e-09,-0.0112625
-3.044249e-09,-0.00777473
-2.994249e-09,-0.000552121
-2.944249e-09,-0.00365537
-2.894249e-09,-0.00467148
-2.844249e-09,-0.00211748
-2.794249e-09,-0.00651146
-2.744249e-09,-0.00994426
-2.694249e-09,-0.00596221
-2.644249e-09,-0.00777473
-2.594249e-09,-0.0231537
-2.544249e-09,-0.0298545
-2.494249e-09,-0.0237578
-2.444249e-09,-0.02763
-2.394249e-09,-0.032738
-2.344249e-09,-0.0259274
-2.294249e-09,-0.0208743
-2.244249e-09,-0.0249387
-2.194249e-09,-0.0278772
-2.144249e-09,-0.0246366
-2.094249e-09,-0.0215608
-2.044249e-09,-0.0198033
-1.994249e-09,-0.0244169
-1.944249e-09,-0.0343034
-1.894249e-09,-0.0354843
-1.844249e-09,-0.0312551
-1.794249e-09,-0.028756
-1.744249e-09,-0.0261196
-1.694249e-09,-0.0260921
-1.644249e-09,-0.0334521
-1.594249e-09,-0.04592
-1.544249e-09,-0.0492429
-1.494249e-09,-0.0399606
-1.444249e-09,-0.0322163
-1.394249e-09,-0.0295249
-1.344249e-09,-0.0289482
-1.294249e-09,-0.0237853
-1.244249e-09,-0.00901054
-1.194249e-09,-0.00030496
-1.144249e-09,-0.00134853
-1.094249e-09,-0.00393
-1.044249e-09,-0.0116195
-9.94249e-10,-0.0171394
-9.44249e-10,-0.0131299
-8.94249e-10,-0.0109878
-8.44249e-10,-0.0164803
-7.94249e-10,-0.025845
-7.44249e-10,-0.0332873
-6.94249e-10,-0.0286461
-6.44249e-10,-0.0154367
-5.94249e-10,-0.00401238
-5.44249e-10,0.00194696
-4.94249e-10,0.0038144
-4.44249e-10,0.0113666
-3.94249e-10,0.016914
-3.44249e-10,0.0138656
-2.94249e-10,0.0165295
-2.44249e-10,0.0181772
-1.94249e-10,0.011751
-1.44249e-10,0.0187814
-9.424903e-11,0.0546198
-4.424903e-11,0.107018
5.750968e-12,0.16738
5.575097e-11,0.238783
1.05751e-10,0.30299
1.55751e-10,0.35212
2.05751e-10,0.391254
2.55751e-10,0.401387
3.05751e-10,0.378099
3.55751e-10,0.327321
4.05751e-10,0.250619
4.55751e-10,0.177651
5.05751e-10,0.124869
5.55751e-10,0.0819449
6.05751e-10,0.0611284
6.55751e-10,0.0612383
7.05751e-10,0.0601672
7.55751e-10,0.0626114
8.05751e-10,0.0659892
8.55751e-10,0.0551141
9.05751e-10,0.034792
9.55751e-10,0.0152388
1.005751e-09,0.00397917
1.055751e-09,0.00812599
1.105751e-09,0.0204841
1.155751e-09,0.0229008
1.205751e-09,0.0155683
1.255751e-09,0.0109272
1.305751e-09,0.00996597
1.355751e-09,0.000463987
1.405751e-09,-0.0145305
1.455751e-09,-0.0149699
1.505751e-09,-0.00700578
1.555751e-09,-0.00519326
1.605751e-09,-0.0113448
1.655751e-09,-0.0217805
1.705751e-09,-0.022522
1.755751e-09,-0.0169197
1.805751e-09,-0.017469
1.855751e-09,-0.0173042
1.905751e-09,-0.0118117
1.955751e-09,0.00299053
2.005751e-09,0.0190286
2.055751e-09,0.0172984
2.105751e-09,0.0108722
2.155751e-09,0.0118334
2.205751e-09,0.00532483
2.255751e-09,-0.0114547
2.305751e-09,-0.025076
2.355751e-09,-0.0245542
2.405751e-09,-0.0113723
2.455751e-09,-0.000469734
2.505751e-09,0.00491289
2.555751e-09,0.0153486
2.605751e-09,0.0266356
2.655751e-09,0.0270476
2.705751e-09,0.0183695
2.755751e-09,0.0102406
2.805751e-09,0.00606631
2.855751e-09,-0.00030496
2.905751e-09,-0.00684101
2.955751e-09,-0.00983441
3.005751e-09,-0.0160684
3.055751e-09,-0.0226593
3.105751e-09,-0.0257351
3.155751e-09,-0.02763
3.205751e-09,-0.0255978
3.255751e-09,-0.0198307
3.305751e-09,-0.011592
3.355751e-09,-0.00236464
3.405751e-09,0.00263352
3.455751e-09,0.00557199
3.505751e-09,0.00787883
3.555751e-09,0.00472066
3.605751e-09,-0.00126614
3.655751e-09,-0.00659385
3.705751e-09,-0.0120589
3.755751e-09,-0.0168099
3.805751e-09,-0.0144481
3.855751e-09,-0.00527565
3.905751e-09,-0.00272165
3.955751e-09,-0.00393
4.005751e-09,-0.000140186
4.055751e-09,0.00131532
4.105751e-09,0.00246874
4.155751e-09,0.00845554
4.205751e-09,0.0116412
4.255751e-09,0.00537975
4.305751e-09,-0.00423208
4.355751e-09,-0.00513834
4.405751e-09,-0.00717056
4.455751e-09,-0.0174964
4.505751e-09,-0.025076
4.555751e-09,-0.0312001
4.605751e-09,-0.0275476
4.655751e-09,-0.011949
4.705751e-09,-0.00409477
4.755751e-09,-0.00527565
4.805751e-09,-0.0112899
4.855751e-09,-0.0177161
4.905751e-09,-0.0143108
4.955751e-09,-0.00955978
5.005751e-09,-0.0149699
5.055751e-09,-0.0185125
5.105751e-09,-0.00703324
5.155751e-09,0.00562692
5.205751e-09,0.00452842
5.255751e-09,0.00123293
5.305751e-09,0.00172726
5.355751e-09,-0.00390253
5.405751e-09,-0.012718
5.455751e-09,-0.0149973
5.505751e-09,-0.0101914
5.555751e-09,-0.00733533
5.605751e-09,-0.0147502
5.655751e-09,-0.0244719
5.705751e-09,-0.0245268
5.755751e-09,-0.0176063
5.805751e-09,-0.0135968
5.855751e-09,-0.011949
5.905751e-09,-0.00895561
5.955751e-09,-0.00640161
6.005751e-09,0.00205681
6.055751e-09,0.0171886
6.105751e-09,0.023807
6.155751e-09,0.0143325
6.205751e-09,0.00351231
6.255751e-09,0.000711148
6.305751e-09,-0.00901054
6.355751e-09,-0.0206271
6.405751e-09,-0.0188421
6.455751e-09,-0.0150248
6.505751e-09,-0.0140911
6.555751e-09,-0.0103013
6.605751e-09,-0.0060446
6.655751e-09,-0.00338075
6.705751e-09,0.00145263
6.755751e-09,0.00944419
6.805751e-09,0.00977374
6.855751e-09,0.00186457
6.905751e-09,-0.000167648
6.955751e-09,0.00477558
7.005751e-09,0.00922449
7.055751e-09,0.0124651
7.105751e-09,0.0134812
7.155751e-09,0.00656064
7.205751e-09,-0.0067037
7.255751e-09,-0.0146678
7.305751e-09,-0.0113998
7.355751e-09,-0.00832398
7.405751e-09,-0.0106857
7.455751e-09,-0.0102189
7.505751e-09,-0.0132947
7.555751e-09,-0.0199955
7.605751e-09,-0.021451
7.655751e-09,-0.0220002
7.705751e-09,-0.0193364
7.755751e-09,-0.00934009
7.805751e-09,0.0012604
7.855751e-09,0.00516006
7.905751e-09,0.00683526
7.955751e-09,0.0119707
8.005751e-09,0.01436
8.055751e-09,0.0134537
8.105751e-09,0.0129594
8.155751e-09,0.0120531
8.205751e-09,0.00735705
8.255751e-09,0.000463987
8.305751e-09,-0.00549535
8.355751e-09,-0.00931262
8.405751e-09,-0.00618191
8.455751e-09,-0.00651146
8.505751e-09,-0.0107956
8.555751e-09,-0.000332422
8.605751e-09,0.0044735
8.655751e-09,-0.0128003
8.705751e-09,-0.0205997
8.755751e-09,-0.0128827
8.805751e-09,-0.00566013
8.855751e-09,0.0012604
8.905751e-09,0.00559945
8.955751e-09,0.0104328
9.005751e-09,0.0138382
9.055751e-09,0.00419887
9.105751e-09,-0.00870845
9.155751e-09,-0.0160684
9.205751e-09,-0.029113
9.255751e-09,-0.0432012
9.305751e-09,-0.0392192
9.355751e-09,-0.022522
9.405751e-09,-0.015986
9.455751e-09,-0.0211489
9.505751e-09,-0.0215883
9.555751e-09,-0.0158487
9.605751e-09,-0.0135693
9.655751e-09,-0.0114547
9.705751e-09,-0.00390253
9.755751e-09,-0.00236464
9.805751e-09,-0.0127729
9.855751e-09,-0.0170021
9.905751e-09,-0.00988933
9.955751e-09,-0.00686847
1.000575e-08,-0.0150797
1.005575e-08,-0.0284264
1.010575e-08,-0.0293052
1.015575e-08,-0.02038
1.020575e-08,-0.0202701
1.025575e-08,-0.022577
1.030575e-08,-0.0183203
1.035575e-08,-0.00953232
1.040575e-08,-0.00198017
1.045575e-08,-0.00664877
1.050575e-08,-0.0138714
1.055575e-08,-0.00425954
1.060575e-08,0.0115863
1.065575e-08,0.0155134
1.070575e-08,0.0124376
1.075575e-08,0.00941673
1.080575e-08,0.00469319
1.085575e-08,-0.000716896
1.090575e-08,-0.00953232
1.095575e-08,-0.020737
1.100575e-08,-0.0229889
1.105575e-08,-0.0187048
1.110575e-08,-0.0162331
1.115575e-08,-0.0110428
1.120575e-08,-0.0034906
1.125575e-08,0.00257859
1.130575e-08,0.00730212
1.135575e-08,0.00375947
1.140575e-08,-0.00491864
1.145575e-08,-0.00464402
1.150575e-08,-0.00198017
1.155575e-08,-0.00653892
1.160575e-08,-0.00936755
1.165575e-08,-0.0081592
1.170575e-08,-0.00513834
1.175575e-08,-0.00387507
1.180575e-08,-0.0145579
1.185575e-08,-0.028399
1.190575e-08,-0.0365553
1.195575e-08,-0.0441899
1.200575e-08,-0.0427893
1.205575e-08,-0.0302115
1.210575e-08,-0.0186498
1.215575e-08,-0.00824159
1.220575e-08,0.00117801
1.225575e-08,0.00664302
1.230575e-08,0.0126847
1.235575e-08,0.0120257
1.240575e-08,-0.00209002
1.245575e-08,-0.0111526
1.250575e-08,-0.00887322
1.255575e-08,-0.00618191
1.260575e-08,-0.00362791
1.265575e-08,-0.00187032
1.270575e-08,-0.00412223
1.275575e-08,-0.00895561
1.280575e-08,-0.0130475
1.285575e-08,-0.0144481
1.290575e-08,-0.0131299
1.295575e-08,-0.0151896
1.300575e-08,-0.0171119
1.305575e-08,-0.010164
1.310575e-08,-0.00862606
1.315575e-08,-0.00826905
1.320575e-08,0.000546374
1.325575e-08,0.00205681
1.330575e-08,0.00340246
1.335575e-08,0.00238635
1.340575e-08,-0.0129651
1.345575e-08,-0.017826
1.350575e-08,-0.0069234
1.355575e-08,-0.00706071
1.360575e-08,-0.0173866
1.365575e-08,-0.0148326
1.370575e-08,0.0003816
1.375575e-08,0.00653317
1.380575e-08,-3.03361e-05
1.385575e-08,-0.00121122
1.390575e-08,0.00727466
1.395575e-08,0.0141128
1.400575e-08,0.0183969
1.405575e-08,0.0212256
1.410575e-08,0.0194405
1.415575e-08,0.014305
1.420575e-08,0.0044735
1.425575e-08,-0.00527565
1.430575e-08,-0.00736279
1.435575e-08,-0.00612699
1.440575e-08,-0.00544043
1.445575e-08,-0.00497357
1.450575e-08,5.20511e-05
1.455575e-08,0.00960896
1.460575e-08,0.0124925
1.465575e-08,0.00779644
1.470575e-08,0.00230397
1.475575e-08,-0.00101898
1.480575e-08,0.00189203
1.485575e-08,0.00697257
1.490575e-08,0.00653317
1.495575e-08,0.00768659
1.500575e-08,0.00735705
1.505575e-08,-0.00134853
1.510575e-08,-0.00527565
1.515575e-08,-0.00782965
1.520575e-08,-0.0182654
1.525575e-08,-0.0223298
1.530575e-08,-0.0135693
1.535575e-08,-0.00313359
1.540575e-08,0.00557199
1.545575e-08,0.0108173
1.550575e-08,0.00656064
1.555575e-08,0.000985772
1.560575e-08,-0.000359885
1.565575e-08,-0.00431447
1.570575e-08,-0.010466
1.575575e-08,-0.0103013
1.580575e-08,-0.00640161
1.585575e-08,-0.00961471
1.590575e-08,-0.0099168
1.595575e-08,-0.0034906
1.600575e-08,-0.00854368
1.605575e-08,-0.0182654
1.610575e-08,-0.0178534
1.615575e-08,-0.0187322
1.620575e-08,-0.0268611
1.625575e-08,-0.0317769
1.630575e-08,-0.0296623
1.635575e-08,-0.0265865
1.640575e-08,-0.0263942
1.645575e-08,-0.0253781
1.650575e-08,-0.0234008
1.655575e-08,-0.0205173
1.660575e-08,-0.0137615
1.665575e-08,-0.010878
1.670575e-08,-0.011592
1.675575e-08,-0.0110153
1.680575e-08,-0.0159311
1.685575e-08,-0.0180731
1.690575e-08,-0.00728041
1.695575e-08,0.00397917
1.700575e-08,0.00340246
1.705575e-08,-0.0049461
1.710575e-08,-0.00769234
1.715575e-08,-0.0019527
1.720575e-08,0.00296306
1.725575e-08,0.00356724
1.730575e-08,-0.000661971
1.735575e-08,-0.00596221
1.740575e-08,-0.00475387
1.745575e-08,-0.00480879
1.750575e-08,-0.0122786
1.755575e-08,-0.0167
1.760575e-08,-0.0157114
1.765575e-08,-0.0152994
1.770575e-08,-0.0116744
1.775575e-08,-0.00266673
1.780575e-08,0.00524244
1.785575e-08,0.00499528
1.790575e-08,-0.00461655
1.795575e-08,-0.00879084
1.800575e-08,-0.00423208
1.805575e-08,-0.00914785
1.810575e-08,-0.0130475
1.815575e-08,-0.00758249
1.820575e-08,-0.00848875
1.825575e-08,-0.00722548
1.830575e-08,0.00299053
1.835575e-08,0.0123277
1.840575e-08,0.0138656
1.845575e-08,0.00323769
1.850575e-08,-0.0088183
1.855575e-08,-0.012663
1.860575e-08,-0.0147227
1.865575e-08,-0.0183477
1.870575e-08,-0.0140911
1.875575e-08,-0.0023921
1.880575e-08,-0.00294135
1.885575e-08,-0.012306
1.890575e-08,-0.0112625
1.895575e-08,-0.010164
1.900575e-08,-0.0163155
1.905575e-08,-0.0138714
1.910575e-08,-0.00651146
1.915575e-08,-0.00739026
1.920575e-08,-0.0144481
1.925575e-08,-0.0197209
1.930575e-08,-0.0181006
1.935575e-08,-0.0199131
1.940575e-08,-0.0287011
1.945575e-08,-0.0288933
1.950575e-08,-0.0224122
1.955575e-08,-0.0217805
1.960575e-08,-0.0234008
1.965575e-08,-0.0231537
1.970575e-08,-0.024719
1.975575e-08,-0.0271906
1.980575e-08,-0.024719
1.985575e-08,-0.0165627
1.990575e-08,-0.009038
1.995575e-08,-0.009038
2.000575e-08,-0.0175788
2.005575e-08,-0.0242796
2.010575e-08,-0.0209292
2.015575e-08,-0.0178809
2.020575e-08,-0.0221925
2.025575e-08,-0.0230438
2.030575e-08,-0.0156015
2.035575e-08,-0.010164
2.040575e-08,-0.013432
2.045575e-08,-0.0164803
2.050575e-08,-0.0144756
2.055575e-08,-0.0124433
2.060575e-08,-0.0109329
2.065575e-08,-0.0109329
2.070575e-08,-0.00780219
2.075575e-08,0.00285321
2.080575e-08,0.0123552
2.085575e-08,0.0161175
2.090575e-08,0.0178202
2.095575e-08,0.0122454
2.100575e-08,-0.00288642
2.105575e-08,-0.0110702
2.110575e-08,-0.00835144
2.115575e-08,-0.0101365
2.120575e-08,-0.0204349
2.125575e-08,-0.0302664
2.130575e-08,-0.0329577
2.135575e-08,-0.0314198
2.140575e-08,-0.0295524
2.145575e-08,-0.0290306
2.150575e-08,-0.0280145
2.155575e-08,-0.0263118
2.160575e-08,-0.0296348
2.165575e-08,-0.0296073
2.170575e-08,-0.0258724
2.175575e-08,-0.0295524
2.180575e-08,-0.0335619
2.185575e-08,-0.0385326
2.190575e-08,-0.0434484
2.195575e-08,-0.0383404
2.200575e-08,-0.0368299
2.205575e-08,-0.0413612
2.210575e-08,-0.0348252
2.215575e-08,-0.0297172
2.220575e-08,-0.0337541
2.225575e-08,-0.030239
2.230575e-08,-0.0273279
2.235575e-08,-0.0293876
2.240575e-08,-0.0199131
2.245575e-08,-0.00997172
2.250575e-08,-0.00840636
2.255575e-08,-0.00329836
2.260575e-08,-0.00393
2.265575e-08,-0.00763742
2.270575e-08,0.00145263
2.275575e-08,0.0040341
2.280575e-08,-0.0134594
2.285575e-08,-0.0297446
2.290575e-08,-0.0300467
2.295575e-08,-0.0255978
2.300575e-08,-0.0209567
2.305575e-08,-0.0105484
2.310575e-08,-0.000854208
2.315575e-08,0.00299053
2.320575e-08,-0.00511088
2.325575e-08,-0.0189245
2.330575e-08,-0.0184027
2.335575e-08,-0.0154642
2.340575e-08,-0.0216158
2.345575e-08,-0.0189794
2.350575e-08,-0.00659385
2.355575e-08,0.00496782
2.360575e-08,0.0107349
2.365575e-08,0.00705496
2.370575e-08,-0.000524659
2.375575e-08,-0.0129651
2.380575e-08,-0.0260647
2.385575e-08,-0.0240874
2.390575e-08,-0.0144206
2.395575e-08,-0.0122511
2.400575e-08,-0.0144206
2.405575e-08,-0.00884576
2.410575e-08,0.00115055
2.415575e-08,-0.000661971
2.420575e-08,-0.00994426
2.425575e-08,-0.0150248
2.430575e-08,-0.0141735
2.435575e-08,-0.00316105
2.440575e-08,0.0122179
2.445575e-08,0.016859
2.450575e-08,0.0111469
2.455575e-08,0.00686272
2.460575e-08,0.00691765
2.465575e-08,0.00513259
2.470575e-08,-0.00187032
2.475575e-08,-0.0154642
2.480575e-08,-0.0285638
2.485575e-08,-0.0296897
2.490575e-08,-0.0232361
2.495575e-08,-0.0142284
2.500575e-08,-0.00321597
2.505575e-08,0.00373201
2.510575e-08,0.00472066
2.515575e-08,-0.00181539
2.520575e-08,-0.00818667
2.525575e-08,-0.00316105
2.530575e-08,0.00557199
2.535575e-08,0.0123827
2.540575e-08,0.0181223
2.545575e-08,0.0178202
2.550575e-08,0.0158978
2.555575e-08,0.0218023
2.560575e-08,0.0277341
2.565575e-08,0.0240542
2.570575e-08,0.0147994
2.575575e-08,0.00406156
2.580575e-08,-0.0051658
2.585575e-08,-0.00557774
2.590575e-08,0.00469319
2.595575e-08,0.0113391
2.600575e-08,0.00565438
2.605575e-08,0.000656224
2.610575e-08,-0.00129361
2.615575e-08,-0.00629176
2.620575e-08,-0.00972456
2.625575e-08,-0.0114822
2.630575e-08,-0.00601714
2.635575e-08,0.00521498
2.640575e-08,0.00233143
2.645575e-08,-0.0099168
2.650575e-08,-0.0100266
2.655575e-08,0.00106816
2.660575e-08,0.00809853
2.665575e-08,0.00419887
2.670575e-08,-0.00362791
2.675575e-08,-0.00684101
2.680575e-08,-0.00618191
2.685575e-08,-0.00442432
2.690575e-08,0.00252367
2.695575e-08,0.00878509
2.700575e-08,0.00551707
2.705575e-08,0.000985772
2.710575e-08,-0.00222733
2.715575e-08,-0.00546789
2.720575e-08,-0.00607206
2.725575e-08,-0.00848875
2.730575e-08,-0.00829651
2.735575e-08,-0.00241956
2.740575e-08,-0.00489118
2.745575e-08,-0.0106034
2.750575e-08,-0.00247449
2.755575e-08,0.00908718
2.760575e-08,0.0106251
2.765575e-08,0.00562692
2.770575e-08,-0.000607046
2.775575e-08,-0.00807682
2.780575e-08,-0.0137341
2.785575e-08,-0.0123335
2.790575e-08,-0.0118392
2.795575e-08,-0.0176063
2.800575e-08,-0.023291
2.805575e-08,-0.0308431
2.810575e-08,-0.0376813
2.815575e-08,-0.0337816
2.820575e-08,-0.0301017
2.825575e-08,-0.0306234
2.830575e-08,-0.0172493
2.835575e-08,0.00106816
2.840575e-08,0.0074669
2.845575e-08,0.0129319
2.850575e-08,0.0188089
2.855575e-08,0.0153211
2.860575e-08,0.00916956
2.865575e-08,0.0057093
2.870575e-08,-0.00110137
2.875575e-08,-0.00868099
2.880575e-08,-0.00623684
2.885575e-08,0.00197442
2.890575e-08,0.00386932
2.895575e-08,0.000601299
2.900575e-08,-0.00519326
2.905575e-08,-0.00868099
2.910575e-08,-0.00942247
2.915575e-08,-0.0149424
2.920575e-08,-0.0124983
2.925575e-08,-0.00115629
2.930575e-08,0.000161901
2.935575e-08,-0.00332582
2.940575e-08,-0.0062643
2.945575e-08,-0.00931262
2.950575e-08,-0.00291389
2.955575e-08,0.00219412
2.960575e-08,-0.00420462
2.965575e-08,-0.00813174
2.970575e-08,-0.010878
2.975575e-08,-0.0187871
2.980575e-08,-0.0240874
2.985575e-08,-0.0239775
2.990575e-08,-0.0251035
2.995575e-08,-0.0300467
3.000575e-08,-0.0268336
3.005575e-08,-0.0137341
3.010575e-08,-0.00266673
3.015575e-08,0.0029356
3.020575e-08,0.00186457
3.025575e-08,-0.00376522
3.030575e-08,-0.00807682
3.035575e-08,-0.0177436
3.040575e-08,-0.037846
3.045575e-08,-0.0519892
3.050575e-08,-0.0449588
3.055575e-08,-0.0308431
3.060575e-08,-0.0329028
3.065575e-08,-0.0350174
3.070575e-08,-0.0241698
3.075575e-08,-0.0266139
3.080575e-08,-0.0392741
3.085575e-08,-0.039686
3.090575e-08,-0.0371595
3.095575e-08,-0.0414711
3.100575e-08,-0.0461397
3.105575e-08,-0.0456179
3.110575e-08,-0.0396311
3.115575e-08,-0.03315
3.120575e-08,-0.026559
3.125575e-08,-0.0196934
3.130575e-08,-0.0197209
3.135575e-08,-0.0239226
3.140575e-08,-0.0236755
3.145575e-08,-0.0176063
3.150575e-08,-0.00961471
3.155575e-08,-0.00458909
3.160575e-08,-0.00140346
3.165575e-08,-0.000716896
3.170575e-08,-0.00439686
3.175575e-08,-0.00752757
3.180575e-08,-0.0103562
3.185575e-08,-0.0124983
3.190575e-08,-0.0077198
3.195575e-08,-0.0026118
3.200575e-08,-0.00662131
3.205575e-08,-0.0106308
3.210575e-08,-0.00730787
3.215575e-08,-0.00428701
3.220575e-08,-0.00299627
3.225575e-08,-0.00804935
3.230575e-08,-0.0179907
3.235575e-08,-0.0100541
3.240575e-08,0.00197442
3.245575e-08,-0.006484
3.250575e-08,-0.0165902
3.255575e-08,-0.0221101
3.260575e-08,-0.0310903
3.265575e-08,-0.0316945
3.270575e-08,-0.0205722
3.275575e-08,-0.00928516
3.280575e-08,-0.00244703
3.285575e-08,0.00123293
3.290575e-08,0.00639586
3.295575e-08,0.0120531
3.300575e-08,0.0105152
3.305575e-08,0.00963642
3.310575e-08,0.0145247
3.315575e-08,0.0115039
3.320575e-08,-0.00129361
3.325575e-08,-0.00176047
3.330575e-08,0.0115039
3.335575e-08,0.0116961
3.340575e-08,0.00213919
3.345575e-08,-0.00335328
3.350575e-08,-0.0102189
3.355575e-08,-0.00934009
3.360575e-08,-0.00110137
3.365575e-08,-0.00230971
3.370575e-08,-0.00187032
3.375575e-08,0.00362216
3.380575e-08,-0.00379268
3.385575e-08,-0.0113723
3.390575e-08,-0.0049461
3.395575e-08,-5.77984e-05
3.400575e-08,0.000793536
3.405575e-08,0.00760421
3.410575e-08,0.0116137
3.415575e-08,0.00815346
3.420575e-08,0.00760421
3.425575e-08,0.00765913
3.430575e-08,0.00131532
3.435575e-08,-0.00755503
3.440575e-08,-0.0123335
3.445575e-08,-0.0137615
3.450575e-08,-0.0170296
3.455575e-08,-0.017057
3.460575e-08,-0.0107407
3.465575e-08,-0.00324344
3.470575e-08,-8.52608e-05
3.475575e-08,-0.010109
3.480575e-08,-0.0257901
3.485575e-08,-0.0322712
3.490575e-08,-0.0370222
3.495575e-08,-0.0384502
3.500575e-08,-0.0213137
3.505575e-08,-0.00126614
3.510575e-08,-0.00184285
3.515575e-08,-0.00934009
3.520575e-08,-0.00895561
3.525575e-08,-0.011592
3.530575e-08,-0.0194737
3.535575e-08,-0.0235107
3.540575e-08,-0.0196385
3.545575e-08,-0.00928516
3.550575e-08,0.000683686
3.555575e-08,0.00642333
3.560575e-08,0.00458335
3.565575e-08,-0.0015133
3.570575e-08,-0.00428701
3.575575e-08,-0.0151346
3.580575e-08,-0.0329577
3.585575e-08,-0.0372144
3.590575e-08,-0.0317494
3.595575e-08,-0.0258724
3.600575e-08,-0.0154367
3.605575e-08,-0.00555028
3.610575e-08,-0.0015133
3.615575e-08,-0.00318851
3.620575e-08,-0.00824159
3.625575e-08,-0.00802189
3.630575e-08,-0.00988933
3.635575e-08,-0.018128
3.640575e-08,-0.0253232
3.645575e-08,-0.0365278
3.650575e-08,-0.0400156
3.655575e-08,-0.0315572
3.660575e-08,-0.034935
3.665575e-08,-0.0398783
3.670575e-08,-0.0310903
3.675575e-08,-0.028756
3.680575e-08,-0.0346329
3.685575e-08,-0.0340837
3.690575e-08,-0.0314473
3.695575e-08,-0.0329303
3.700575e-08,-0.0330127
3.705575e-08,-0.0287285
3.710575e-08,-0.0258724
3.715575e-08,-0.0260647
3.720575e-08,-0.0240874
3.725575e-08,-0.017469
3.730575e-08,-0.0100816
3.735575e-08,-0.00425954
3.740575e-08,0.00123293
3.745575e-08,-0.000250035
3.750575e-08,-0.0118117
3.755575e-08,-0.0207644
3.760575e-08,-0.0229614
3.765575e-08,-0.0255429
3.770575e-08,-0.0259823
3.775575e-08,-0.02763
3.780575e-08,-0.032738
3.785575e-08,-0.0312276
3.790575e-08,-0.0290032
3.795575e-08,-0.0322986
3.800575e-08,-0.0322437
3.805575e-08,-0.0282067
3.810575e-08,-0.0259823
3.815575e-08,-0.0295799
3.820575e-08,-0.0360335
3.825575e-08,-0.0356491
3.830575e-08,-0.0268611
3.835575e-08,-0.0167
3.840575e-08,-0.0129377
3.845575e-08,-0.0109329
3.850575e-08,-0.00379268
3.855575e-08,-0.00244703
3.860575e-08,-0.0109054
3.865575e-08,-0.0209841
3.870575e-08,-0.0283441
3.875575e-08,-0.0251859
3.880575e-08,-0.0124708
3.885575e-08,-0.00132107
3.890575e-08,0.00993851
3.895575e-08,0.0224339
3.900575e-08,0.0245485
3.905575e-08,0.0177653
3.910575e-08,0.0158978
3.915575e-08,0.015788
3.920575e-08,0.00785137
3.925575e-08,-0.00167808
3.930575e-08,-0.0030512
3.935575e-08,-0.00156823
3.940575e-08,-0.00401238
3.945575e-08,-0.000140186
3.950575e-08,0.00768659
3.955575e-08,0.00134278
3.960575e-08,-0.012306
3.965575e-08,-0.0180731
3.970575e-08,-0.0195836
3.975575e-08,-0.0236205
3.980575e-08,-0.0293052
3.985575e-08,-0.0286736
3.990575e-08,-0.0229065
3.995575e-08,-0.0275202
4.000575e-08,-0.0372419
4.005575e-08,-0.0324634
4.010575e-08,-0.025488
4.015575e-08,-0.0256253
4.020575e-08,-0.0192815
4.025575e-08,-0.0130475
4.030575e-08,-0.00703324
4.035575e-08,0.00647825
4.040575e-08,0.00713735
4.045575e-08,-0.00579744
4.050575e-08,-0.00387507
4.055575e-08,0.00419887
4.060575e-08,-0.00615445
4.065575e-08,-0.0158761
4.070575e-08,-0.0112625
4.075575e-08,-0.00966963
4.080575e-08,-0.00741772
4.085575e-08,0.00307291
4.090575e-08,0.00919703
4.095575e-08,0.00175472
4.100575e-08,-0.0144481
4.105575e-08,-0.0254056
4.110575e-08,-0.0275476
4.115575e-08,-0.0256253
4.120575e-08,-0.0194188
4.125575e-08,-0.0162331
4.130575e-08,-0.0172493
4.135575e-08,-0.0120589
4.140575e-08,-0.00607206
4.145575e-08,-0.00530311
4.150575e-08,-0.00266673
4.155575e-08,0.00422633
4.160575e-08,0.0114489
4.165575e-08,0.0171337
4.170575e-08,0.0215826
4.175575e-08,0.0222142
4.180575e-08,0.0124376
4.185575e-08,-0.00508342
4.190575e-08,-0.00953232
4.195575e-08,-0.00219986
4.200575e-08,-0.00662131
4.205575e-08,-0.0166725
4.210575e-08,-0.0173591
4.215575e-08,-0.0109329
4.220575e-08,-0.00412223
4.225575e-08,-0.00414969
4.230575e-08,-0.0117842
4.235575e-08,-0.0179633
4.240575e-08,-0.0107132
4.245575e-08,0.00134278
4.250575e-08,0.00172726
4.255575e-08,0.00084846
4.260575e-08,0.00625855
4.265575e-08,0.00947165
4.270575e-08,0.0106525
4.275575e-08,0.0123003
4.280575e-08,0.0110645
4.285575e-08,0.0109546
4.290575e-08,0.0160077
4.295575e-08,0.0124101
4.300575e-08,-0.000854208
4.305575e-08,-0.0094774
4.310575e-08,-0.0162331
4.315575e-08,-0.0190343
4.320575e-08,-0.0114272
4.325575e-08,-0.0049461
4.330575e-08,0.000161901
4.335575e-08,0.00634094
4.340575e-08,-0.000909132
4.345575e-08,-0.0151896
4.350575e-08,-0.0205997
4.355575e-08,-0.0239501
4.360575e-08,-0.0285912
4.365575e-08,-0.0297172
4.370575e-08,-0.0281793
4.375575e-08,-0.0229065
4.380575e-08,-0.0191716
4.385575e-08,-0.021451
4.390575e-08,-0.0175513
4.395575e-08,-0.00637415
4.400575e-08,0.000134438
4.405575e-08,0.000573836
4.410575e-08,-0.00332582
4.415575e-08,-0.00733533
4.420575e-08,-0.00887322
4.425575e-08,-0.0126081
4.430575e-08,-0.0109054
4.435575e-08,-0.00335328
4.440575e-08,-0.00840636
4.445575e-08,-0.0202427
4.450575e-08,-0.0198856
4.455575e-08,-0.0105759
4.460575e-08,-0.00958725
4.465575e-08,-0.0185125
4.470575e-08,-0.0184851
4.475575e-08,-0.00901054
4.480575e-08,-0.00541296
4.485575e-08,-0.00868099
4.490575e-08,-0.0156839
4.495575e-08,-0.0241148
4.500575e-08,-0.0246641
4.505575e-08,-0.0198582
4.510575e-08,-0.0230164
4.515575e-08,-0.0295524
4.520575e-08,-0.0311727
4.525575e-08,-0.0325183
4.530575e-08,-0.0315846
4.535575e-08,-0.0218629
4.540575e-08,-0.00571505
4.545575e-08,0.00304545
4.550575e-08,-0.00360045
4.555575e-08,-0.0096971
4.560575e-08,-0.0088183
4.565575e-08,-0.0106583
4.570575e-08,-0.0107407
4.575575e-08,-0.0118117
4.580575e-08,-0.0185949
4.585575e-08,-0.0183752
4.590575e-08,-0.0133771
4.595575e-08,-0.0118117
4.600575e-08,-0.00936755
4.605575e-08,-0.00862606
4.610575e-08,-0.0111526
4.615575e-08,-0.014146
4.620575e-08,-0.0195561
4.625575e-08,-0.0229065
4.630575e-08,-0.0213411
4.635575e-08,-0.0246092
4.640575e-08,-0.0355667
4.645575e-08,-0.0403451
4.650575e-08,-0.0302664
4.655575e-08,-0.0182654
4.660575e-08,-0.0159585
4.665575e-08,-0.0154917
4.670575e-08,-0.0114822
4.675575e-08,-0.00544043
4.680575e-08,0.00897733
4.685575e-08,0.0261962
4.690575e-08,0.029684
4.695575e-08,0.0180674
4.700575e-08,0.00161741
4.705575e-08,-0.00450671
4.710575e-08,-0.00154077
4.715575e-08,-0.00719802
4.720575e-08,-0.0137615
4.725575e-08,-0.0102738
4.730575e-08,-0.0103562
4.735575e-08,-0.0132947
4.740575e-08,-0.00832398
4.745575e-08,-0.00263926
4.750575e-08,-0.0034906
4.755575e-08,-0.00755503
4.760575e-08,-0.0168922
4.765575e-08,-0.0287285
4.770575e-08,-0.0241148
4.775575e-08,-0.0108505
4.780575e-08,-0.00887322
4.785575e-08,-0.00942247
4.790575e-08,-0.006484
4.795575e-08,-0.00664877
4.800575e-08,-0.00854368
4.805575e-08,-0.00527565
4.810575e-08,-0.00211748
4.815575e-08,-0.00552281
4.820575e-08,-0.00799443
4.825575e-08,-0.0083789
4.830575e-08,-0.0121687
4.835575e-08,-0.0173591
4.840575e-08,-0.0180731
4.845575e-08,-0.0165078
4.850575e-08,-0.016343
4.855575e-08,-0.00854368
4.860575e-08,0.000409062
4.865575e-08,-0.001733
4.870575e-08,-0.00467148
4.875575e-08,-0.00755503
4.880575e-08,-0.0128827
4.885575e-08,-0.0184576
4.890575e-08,-0.025488
4.895575e-08,-0.0255154
4.900575e-08,-0.0206546
4.905575e-08,-0.0183752
4.910575e-08,-0.017469
4.915575e-08,-0.0184027
4.920575e-08,-0.0177161
4.925575e-08,-0.0153818
4.930575e-08,-0.0135693
4.935575e-08,-0.012663
4.940575e-08,-0.0152445
4.945575e-08,-0.0149699
4.950575e-08,-0.0100816
4.955575e-08,-0.00656638
4.960575e-08,-0.00181539
4.965575e-08,0.00483051
4.970575e-08,0.00510513
4.975575e-08,0.000436525
4.980575e-08,0.00197442
4.985575e-08,0.00474812
4.990575e-08,0.00109562
4.995575e-08,-0.000277498
5.000575e-08,-0.000909132
5.005575e-08,-0.00714309
5.010575e-08,-0.00901054
5.015575e-08,-0.00895561
5.020575e-08,-0.0106583
5.025575e-08,-0.00491864
5.030575e-08,0.00106816
5.035575e-08,0.00433618
5.040575e-08,0.00329261
5.045575e-08,-0.00813174
5.050575e-08,-0.0182654
5.055575e-08,-0.0246092
5.060575e-08,-0.0290032
5.065575e-08,-0.0278772
5.070575e-08,-0.0248563
5.075575e-08,-0.0215608
5.080575e-08,-0.017771
5.085575e-08,-0.00901054
5.090575e-08,0.005929
5.095575e-08,0.0136459
5.100575e-08,0.00400663
5.105575e-08,-0.00651146
5.110575e-08,-0.0121687
5.115575e-08,-0.0325733
5.120575e-08,-0.0492429
5.125575e-08,-0.0437505
5.130575e-08,-0.0357314
5.135575e-08,-0.0302115
5.140575e-08,-0.0284814
5.145575e-08,-0.0278497
5.150575e-08,-0.0176337
5.155575e-08,-0.0113998
5.160575e-08,-0.0162331
5.165575e-08,-0.0243345
5.170575e-08,-0.0379284
5.175575e-08,-0.0512477
5.180575e-08,-0.0581957
5.185575e-08,-0.0651711
5.190575e-08,-0.0640452
5.195575e-08,-0.0517145
5.200575e-08,-0.0415809
5.205575e-08,-0.0271632
5.210575e-08,-0.00568759
5.215575e-08,0.00801614
5.220575e-08,0.0108997
5.225575e-08,0.00516006
5.230575e-08,-0.00678608
5.235575e-08,-0.0117842
5.240575e-08,-0.00497357
5.245575e-08,-0.000634509
5.250575e-08,2.45887e-05
5.255575e-08,0.00804361
5.260575e-08,0.0168316
5.265575e-08,0.0162274
5.270575e-08,0.0173808
5.275575e-08,0.0218846
5.280575e-08,0.011806
5.285575e-08,-0.00209002
5.290575e-08,-0.00393
5.295575e-08,-0.00574251
5.300575e-08,-0.0122511
5.305575e-08,-0.017057
5.310575e-08,-0.0194737
5.315575e-08,-0.0184576
5.320575e-08,-0.0128827
5.325575e-08,-0.00912039
5.330575e-08,-0.00936755
5.335575e-08,-0.00574251
5.340575e-08,0.0014801
5.345575e-08,0.00540722
5.350575e-08,0.00845554
5.355575e-08,0.0109546
5.360575e-08,0.00790629
5.365575e-08,0.00137025
5.370575e-08,-0.00417716
5.375575e-08,-0.0079395
5.380575e-08,-0.0135968
5.385575e-08,-0.0132397
5.390575e-08,-0.00486372
5.395575e-08,-0.00464402
5.400575e-08,-0.00445178
5.405575e-08,0.0035947
5.410575e-08,0.0054896
5.415575e-08,0.000903385
5.420575e-08,-0.00576998
5.425575e-08,-0.0102189
5.430575e-08,-0.00280404
5.435575e-08,0.00705496
5.440575e-08,0.00551707
5.445575e-08,0.000189363
5.450575e-08,-0.00198017
5.455575e-08,-0.00354552
5.460575e-08,-0.00428701
5.465575e-08,-0.00316105
5.470575e-08,-0.000799283
5.475575e-08,-0.00250195
5.480575e-08,-0.0106308
5.485575e-08,-0.0172218
5.490575e-08,-0.0226868
5.495575e-08,-0.0258999
5.500575e-08,-0.0192815
5.505575e-08,-0.0103287
5.510575e-08,-0.00230971
5.515575e-08,0.0065881
5.520575e-08,0.00406156
5.525575e-08,-0.00642907
5.530575e-08,-0.00439686
5.535575e-08,0.00145263
5.540575e-08,-0.00351806
5.545575e-08,-0.0116744
5.550575e-08,-0.0146678
5.555575e-08,-0.0114272
5.560575e-08,-0.0104111
5.565575e-08,-0.0123884
5.570575e-08,-0.00351806
5.575575e-08,0.00878509
5.580575e-08,0.00878509
5.585575e-08,0.0082633
5.590575e-08,0.0159802
5.595575e-08,0.0145247
5.600575e-08,-0.000497197
5.605575e-08,-0.0103287
5.610575e-08,-0.0158212
5.615575e-08,-0.0242247
5.620575e-08,-0.0226868
5.625575e-08,-0.0163979
5.630575e-08,-0.0182104
5.635575e-08,-0.0152994
5.640575e-08,-0.00824159
5.645575e-08,-0.00785712
5.650575e-08,-0.00686847
5.655575e-08,-0.00662131
5.660575e-08,-0.013075
5.665575e-08,-0.0212862
5.670575e-08,-0.0206271
5.675575e-08,-0.014503
5.680575e-08,-0.0201328
5.685575e-08,-0.028399
5.690575e-08,-0.0296348
5.695575e-08,-0.0297721
5.700575e-08,-0.0234008
5.705575e-08,-0.0180182
5.710575e-08,-0.0163155
5.715575e-08,-0.00763742
5.720575e-08,-0.00807682
5.725575e-08,-0.0138988
5.730575e-08,-0.00651146
5.735575e-08,-0.00631922
5.740575e-08,-0.0145305
5.745575e-08,-0.0140087
5.750575e-08,-0.0145579
5.755575e-08,-0.0220552
5.760575e-08,-0.0284264
5.765575e-08,-0.0270808
5.770575e-08,-0.024719
5.775575e-08,-0.0304312
5.780575e-08,-0.0329028
5.785575e-08,-0.0229065
5.790575e-08,-0.0129651
5.795575e-08,-0.00744518
5.800575e-08,0.00153502
5.805575e-08,0.00710988
5.810575e-08,0.00246874
5.815575e-08,-0.00576998
5.820575e-08,-0.0108231
5.825575e-08,-0.0129377
5.830575e-08,-0.0154093
5.835575e-08,-0.0149973
5.840575e-08,-0.0110702
5.845575e-08,-0.00999918
5.850575e-08,-0.0117842
5.855575e-08,-0.0140636
5.860575e-08,-0.0195286
5.865575e-08,-0.0236205
5.870575e-08,-0.0231262
5.875575e-08,-0.0251584
5.880575e-08,-0.0282067
5.885575e-08,-0.0281793
5.890575e-08,-0.0225495
5.895575e-08,-0.0153543
5.900575e-08,-0.0194737
5.905575e-08,-0.0294151
5.910575e-08,-0.0263118
5.915575e-08,-0.0103562
5.920575e-08,-0.00711563
5.925575e-08,-0.0165352
5.930575e-08,-0.012663
5.935575e-08,-0.0102189
5.940575e-08,-0.0205997
5.945575e-08,-0.017414
5.950575e-08,-0.00678608
5.955575e-08,-0.00972456
5.960575e-08,-0.0146403
5.965575e-08,-0.0129651
5.970575e-08,-0.0167275
5.975575e-08,-0.0305136
5.980575e-08,-0.0347153
5.985575e-08,-0.0190618
5.990575e-08,-0.00285896
5.995575e-08,0.0042538
6.000575e-08,0.00559945
6.005575e-08,-0.00101898
6.010575e-08,-0.00527565
6.015575e-08,-0.00176047
6.020575e-08,-0.00244703
6.025575e-08,-0.00431447
6.030575e-08,-0.00870845
6.035575e-08,-0.0227417
6.040575e-08,-0.0267238
6.045575e-08,-0.0118666
6.050575e-08,-0.000661971
6.055575e-08,-0.00412223
6.060575e-08,-0.0109878
6.065575e-08,-0.0114547
6.070575e-08,-0.0103837
6.075575e-08,-0.0179633
6.080575e-08,-0.0284539
6.085575e-08,-0.0273279
6.090575e-08,-0.0191442
6.095575e-08,-0.0142009
6.100575e-08,-0.00955978
6.105575e-08,-0.00799443
6.110575e-08,-0.0118941
6.115575e-08,-0.0131574
6.120575e-08,-0.0171394
6.125575e-08,-0.0234008
6.130575e-08,-0.0177436
6.135575e-08,-0.0117842
6.140575e-08,-0.015574
6.145575e-08,-0.0151072
6.150575e-08,-0.00958725
6.155575e-08,-0.00714309
6.160575e-08,-0.00469894
6.165575e-08,0.00406156
6.170575e-08,0.0147719
6.175575e-08,0.0162823
6.180575e-08,0.0112567
6.185575e-08,0.00617616
6.190575e-08,0.00713735
6.195575e-08,0.0175456
6.200575e-08,0.0209235
6.205575e-08,0.0153211
6.210575e-08,0.0167766
6.215575e-08,0.0177653
6.220575e-08,0.0130143
6.225575e-08,0.0148817
6.230575e-08,0.0192208
6.235575e-08,0.0164196
6.240575e-08,0.0130967
6.245575e-08,0.0105976
6.250575e-08,-0.00390253
6.255575e-08,-0.0267787
6.260575e-08,-0.0369398
6.265575e-08,-0.0378186
6.270575e-08,-0.0372419
6.275575e-08,-0.0270259
6.280575e-08,-0.0153818
6.285575e-08,-0.0105759
6.290575e-08,-0.0101365
6.295575e-08,-0.0120863
6.300575e-08,-0.0081592
6.305575e-08,-0.000799283
6.310575e-08,0.00186457
6.315575e-08,0.00197442
6.320575e-08,-0.00244703
6.325575e-08,-0.00953232
6.330575e-08,-0.0132397
6.335575e-08,-0.020023
6.340575e-08,-0.0277124
6.345575e-08,-0.0223847
6.350575e-08,-0.0157937
6.355575e-08,-0.0187871
6.360575e-08,-0.020023
6.365575e-08,-0.0208743
6.370575e-08,-0.0142009
6.375575e-08,0.00186457
6.380575e-08,0.00115055
6.385575e-08,-0.0143108
6.390575e-08,-0.0180731
6.395575e-08,-0.0110977
6.400575e-08,-0.0053855
6.405575e-08,0.00364962
6.410575e-08,0.00678034
6.415575e-08,-0.00807682
6.420575e-08,-0.015986
6.425575e-08,-0.00826905
6.430575e-08,-0.0110702
6.435575e-08,-0.0199131
6.440575e-08,-0.0190343
6.445575e-08,-0.0151621
6.450575e-08,-0.0106034
6.455575e-08,-0.00483625
6.460575e-08,-0.00206255
6.465575e-08,-0.00409477
6.470575e-08,-0.00368283
6.475575e-08,0.00238635
6.480575e-08,0.000409062
6.485575e-08,-0.00423208
6.490575e-08,-0.00134853
6.495575e-08,-0.00807682
6.500575e-08,-0.0154367
6.505575e-08,-0.00585236
6.510575e-08,-0.00258434
6.515575e-08,-0.0124983
6.520575e-08,-0.0148326
6.525575e-08,-0.012718
6.530575e-08,-0.0151896
6.535575e-08,-0.0199131
6.540575e-08,-0.029882
6.545575e-08,-0.0330676
6.550575e-08,-0.0179358
6.555575e-08,-0.0109604
6.560575e-08,-0.0257351
6.565575e-08,-0.0343309
6.570575e-08,-0.0274927
6.575575e-08,-0.0224396
6.580575e-08,-0.0206271
6.585575e-08,-0.0138988
6.590575e-08,-0.00755503
6.595575e-08,-0.011235
6.600575e-08,-0.0185949
6.605575e-08,-0.020325
6.610575e-08,-0.0191442
6.615575e-08,-0.0162331
6.620575e-08,-0.0160958
6.625575e-08,-0.0215883
6.630575e-08,-0.0224396
6.635575e-08,-0.0179084
6.640575e-08,-0.0132397
6.645575e-08,-0.00923024
6.650575e-08,-0.00678608
6.655575e-08,0.000106976
6.660575e-08,0.00793376
6.665575e-08,0.00208427
6.670575e-08,-0.0112625
6.675575e-08,-0.0132947
6.680575e-08,-0.00758249
6.685575e-08,-0.00876338
6.690575e-08,-0.011592
6.695575e-08,-0.00689593
6.700575e-08,-0.0030512
6.705575e-08,-0.00640161
6.710575e-08,-0.00848875
6.715575e-08,-0.00623684
6.720575e-08,-0.0113723
6.725575e-08,-0.0215883
6.730575e-08,-0.020023
6.735575e-08,-0.0154367
6.740575e-08,-0.0195561
6.745575e-08,-0.0201053
6.750575e-08,-0.0117842
6.755575e-08,-0.00697832
6.760575e-08,-0.0101914
6.765575e-08,-0.0113174
6.770575e-08,-0.0110153
6.775575e-08,-0.012663
6.780575e-08,-0.0100266
6.785575e-08,-0.00340821
6.790575e-08,0.0042538
6.795575e-08,0.00705496
6.800575e-08,0.00134278
6.805575e-08,-0.00480879
6.810575e-08,-0.00901054
6.815575e-08,-0.0160958
6.820575e-08,-0.0258175
6.825575e-08,-0.0324634
6.830575e-08,-0.0326007
6.835575e-08,-0.0287285
6.840575e-08,-0.0198856
6.845575e-08,-0.00782965
6.850575e-08,-0.00431447
6.855575e-08,-0.0109329
6.860575e-08,-0.0154367
6.865575e-08,-0.0154093
6.870575e-08,-0.0140362
6.875575e-08,-0.00695086
6.880575e-08,-0.001733
6.885575e-08,-0.00664877
6.890575e-08,-0.00802189
6.895575e-08,-0.00544043
6.900575e-08,-0.00851621
6.905575e-08,-0.010878
6.910575e-08,-0.018183
6.915575e-08,-0.0296623
6.920575e-08,-0.0275476
6.925575e-08,-0.0201877
6.930575e-08,-0.0183203
6.935575e-08,-0.00843383
6.940575e-08,0.00752182
6.945575e-08,0.0095815
6.950575e-08,0.00115055
6.955575e-08,-0.00143092
6.960575e-08,-0.00343567
6.965575e-08,-0.012663
6.970575e-08,-0.0131299
6.975575e-08,-0.00145838
6.980575e-08,0.0027159
6.985575e-08,-0.00225479
6.990575e-08,-0.00434193
6.995575e-08,-0.000469734
7.000575e-08,0.00353977
7.005575e-08,0.00241382
7.010575e-08,-0.00230971
7.015575e-08,-0.00409477
7.020575e-08,-0.000854208
7.025575e-08,0.000436525
7.030575e-08,0.00211173
7.035575e-08,0.00889494
7.040575e-08,0.0089224
7.045575e-08,0.00307291
7.050575e-08,0.00139771
7.055575e-08,-0.00497357
7.060575e-08,-0.00876338
7.065575e-08,0.000299213
7.070575e-08,0.00222158
7.075575e-08,-0.00252941
7.080575e-08,0.00027175
7.085575e-08,-0.0023921
7.090575e-08,-0.00997172
7.095575e-08,-0.00942247
7.100575e-08,-0.00733533
7.105575e-08,-0.00890069
7.110575e-08,-0.0131848
7.115575e-08,-0.0116469
7.120575e-08,-0.00390253
7.125575e-08,-0.00340821
7.130575e-08,-0.00645653
7.135575e-08,-0.0088183
7.140575e-08,-0.012306
7.145575e-08,-0.0143108
7.150575e-08,-0.0142009
7.155575e-08,-0.0122786
7.160575e-08,-0.0144481
7.165575e-08,-0.0163979
7.170575e-08,-0.0124159
7.175575e-08,-0.0187871
7.180575e-08,-0.0324909
7.185575e-08,-0.0299643
7.190575e-08,-0.0200779
7.195575e-08,-0.0201877
7.200575e-08,-0.019968
7.205575e-08,-0.0166176
7.210575e-08,-0.0171943
7.215575e-08,-0.0182379
7.220575e-08,-0.0208743
7.225575e-08,-0.0223023
7.230575e-08,-0.024719
7.235575e-08,-0.0261196
7.240575e-08,-0.00983441
7.245575e-08,0.0044735
7.250575e-08,0.000628761
7.255575e-08,0.00172726
7.260575e-08,0.00430872
7.265575e-08,-0.00464402
7.270575e-08,-0.00892815
7.275575e-08,-0.010466
7.280575e-08,-0.0206271
7.285575e-08,-0.0220277
7.290575e-08,-0.00986187
7.295575e-08,0.000601299
7.300575e-08,0.00213919
7.305575e-08,0.000491449
7.310575e-08,0.0110919
7.315575e-08,0.0186166
7.320575e-08,0.00156248
7.325575e-08,-0.0177161
7.330575e-08,-0.0231811
7.335575e-08,-0.0206271
7.340575e-08,-0.0115096
7.345575e-08,-0.00360045
7.350575e-08,-0.00483625
7.355575e-08,-0.0100816
7.360575e-08,-0.0107681
7.365575e-08,-0.00620937
7.370575e-08,-0.00299627
7.375575e-08,-0.0125257
7.380575e-08,-0.0312551
7.385575e-08,-0.037544
7.390575e-08,-0.0335619
7.395575e-08,-0.0375989
7.400575e-08,-0.0370222
7.405575e-08,-0.0218355
7.410575e-08,-0.0177985
7.415575e-08,-0.0220826
7.420575e-08,-0.0157388
7.425575e-08,-0.0138988
7.430575e-08,-0.0135968
7.435575e-08,-0.00810428
7.440575e-08,-0.00824159
7.445575e-08,-0.00241956
7.450575e-08,0.00941673
7.455575e-08,0.0108997
7.460575e-08,0.00977374
7.465575e-08,0.0126847
7.470575e-08,0.00903225
7.475575e-08,-0.00110137
7.480575e-08,-0.00939501
7.485575e-08,-0.0149699
7.490575e-08,-0.0191442
7.495575e-08,-0.0237029
7.500575e-08,-0.0282342
7.505575e-08,-0.0307882
7.510575e-08,-0.0306509
7.515575e-08,-0.0249113
7.520575e-08,-0.0132123
7.525575e-08,-0.000854208
7.530575e-08,0.00461081
7.535575e-08,-0.00148584
7.540575e-08,-0.0104111
7.545575e-08,-0.0124433
7.550575e-08,-0.0121962
7.555575e-08,-0.0117293
7.560575e-08,-0.00944993
7.565575e-08,-0.00533058
7.570575e-08,-0.00162315
7.575575e-08,-0.00228225
7.580575e-08,0.00458335
7.585575e-08,0.0169689
7.590575e-08,0.0177928
7.595575e-08,0.0160626
7.600575e-08,0.0153761
7.605575e-08,0.008483
7.610575e-08,0.00164487
7.615575e-08,-0.00541296
7.620575e-08,-0.00975202
7.625575e-08,-0.00673116
7.630575e-08,-0.011949
7.635575e-08,-0.0241698
7.640575e-08,-0.0254605
7.645575e-08,-0.0210116
7.650575e-08,-0.0187871
7.655575e-08,-0.0179358
7.660575e-08,-0.0198033
7.665575e-08,-0.0177985
7.670575e-08,-0.00832398
7.675575e-08,-0.00368283
7.680575e-08,-0.00673116
7.685575e-08,-0.00527565
7.690575e-08,-0.000359885
7.695575e-08,-0.00412223
7.700575e-08,-0.0124983
7.705575e-08,-0.0144206
7.710575e-08,-0.0118392
7.715575e-08,-0.00483625
7.720575e-08,0.000546374
7.725575e-08,-0.00343567
7.730575e-08,-0.00469894
7.735575e-08,-0.00159569
7.740575e-08,-0.00593475
7.745575e-08,-0.0120589
7.750575e-08,-0.00848875
7.755575e-08,-0.00134853
7.760575e-08,-0.000497197
7.765575e-08,-0.0015133
7.770575e-08,-0.00019511
7.775575e-08,-0.00156823
7.780575e-08,-0.0107407
7.785575e-08,-0.0186498
7.790575e-08,-0.018183
7.795575e-08,-0.0209567
7.800575e-08,-0.0268062
7.805575e-08,-0.0274927
7.810575e-08,-0.0269984
7.815575e-08,-0.0290581
7.820575e-08,-0.0370496
7.825575e-08,-0.041169
7.830575e-08,-0.0274927
7.835575e-08,-0.0177161
7.840575e-08,-0.022879
7.845575e-08,-0.0148875
7.850575e-08,0.000985772
7.855575e-08,-0.000964057
7.860575e-08,-0.00977948
7.865575e-08,-0.00975202
7.870575e-08,-0.00848875
7.875575e-08,-0.0173042
7.880575e-08,-0.0282067
7.885575e-08,-0.0312551
7.890575e-08,-0.0310354
7.895575e-08,-0.0297172
7.900575e-08,-0.0299094
7.905575e-08,-0.027685
7.910575e-08,-0.0142284
7.915575e-08,-0.00181539
7.920575e-08,-0.00519326
7.925575e-08,-0.0149973
7.930575e-08,-0.0194462
7.935575e-08,-0.0235656
7.940575e-08,-0.0277124
7.945575e-08,-0.0280969
7.950575e-08,-0.0297996
7.955575e-08,-0.0257077
7.960575e-08,-0.0137341
7.965575e-08,-0.00851621
7.970575e-08,-0.00857114
7.975575e-08,-0.00810428
7.980575e-08,-0.0108505
7.985575e-08,-0.0105759
7.990575e-08,-0.00645653
7.995575e-08,-0.00667623
8.000575e-08,-0.00719802
8.005575e-08,-0.00857114
8.010575e-08,-0.0141185
8.015575e-08,-0.0147776
8.020575e-08,-0.0104111
8.025575e-08,-0.0107681
8.030575e-08,-0.0124159
8.035575e-08,-0.0123609
8.040575e-08,-0.0159311
8.045575e-08,-0.0170021
8.050575e-08,-0.00942247
8.055575e-08,-0.00165062
8.060575e-08,-0.00447924
8.065575e-08,-0.0123335
8.070575e-08,-0.0116195
8.075575e-08,-0.0106034
8.080575e-08,-0.0158761
8.085575e-08,-0.0139263
8.090575e-08,-0.0088183
8.095575e-08,-0.00870845
8.100575e-08,-0.0069234
8.105575e-08,-0.00571505
8.110575e-08,-0.00354552
8.115575e-08,0.00084846
8.120575e-08,-0.0023921
8.125575e-08,-0.00222733
8.130575e-08,0.0106251
8.135575e-08,0.0105701
8.140575e-08,-0.00409477
8.145575e-08,-0.00640161
8.150575e-08,-0.00491864
8.155575e-08,-0.00923024
8.160575e-08,-0.00653892
8.165575e-08,-0.00263926
8.170575e-08,-0.00719802
8.175575e-08,-0.0123609
8.180575e-08,-0.00360045
8.185575e-08,0.0110645
8.190575e-08,0.0104328
8.195575e-08,0.00169979
8.200575e-08,-0.00728041
8.205575e-08,-0.0133771
8.210575e-08,-0.0103287
8.215575e-08,-0.0161233
8.220575e-08,-0.0248289
8.225575e-08,-0.0152445
8.230575e-08,-0.00403984
8.235575e-08,0.00161741
8.240575e-08,0.00661556
8.245575e-08,0.00793376
8.250575e-08,0.0100758
8.255575e-08,0.0107075
8.260575e-08,0.00455588
8.265575e-08,-0.00310612
8.270575e-08,-0.00382015
8.275575e-08,-0.000661971
8.280575e-08,0.00235889
8.285575e-08,0.012108
8.290575e-08,0.0185892
8.295575e-08,0.00513259
8.300575e-08,-0.0134869
8.305575e-08,-0.0208743
8.310575e-08,-0.0247465
8.315575e-08,-0.029827
8.320575e-08,-0.030239
8.325575e-08,-0.0269984
8.330575e-08,-0.0247465
8.335575e-08,-0.0220552
8.340575e-08,-0.0200779
8.345575e-08,-0.0176063
8.350575e-08,-0.0140362
8.355575e-08,-0.0135968
8.360575e-08,-0.0148875
8.365575e-08,-0.012663
8.370575e-08,-0.00423208
8.375575e-08,-0.00206255
8.380575e-08,-0.0139812
8.385575e-08,-0.0206271
8.390575e-08,-0.0199131
8.395575e-08,-0.0269984
8.400575e-08,-0.0254056
8.405575e-08,-0.011235
8.410575e-08,-0.00695086
8.415575e-08,-0.000799283
8.420575e-08,0.0108448
8.425575e-08,0.00667049
8.430575e-08,-0.000552121
8.435575e-08,-0.00563266
8.440575e-08,-0.0222199
8.445575e-08,-0.0350723
8.450575e-08,-0.0232361
8.455575e-08,-0.00134853
8.460575e-08,0.0042538
8.465575e-08,0.00296306
8.470575e-08,0.00288068
8.475575e-08,-0.00700578
8.480575e-08,-0.017469
8.485575e-08,-0.0160134
8.490575e-08,-0.010164
8.495575e-08,-0.00620937
8.500575e-08,-0.000799283
8.505575e-08,-0.000909132
8.510575e-08,-0.00846129
8.515575e-08,-0.0102189
8.520575e-08,-0.0102189
8.525575e-08,-0.0182928
8.530575e-08,-0.025131
8.535575e-08,-0.0273554
8.540575e-08,-0.0302939
8.545575e-08,-0.0292229
8.550575e-08,-0.0258999
8.555575e-08,-0.0261196
8.560575e-08,-0.0253507
8.565575e-08,-0.0247465
8.570575e-08,-0.0223298
8.575575e-08,-0.0118117
8.580575e-08,-0.00684101
8.585575e-08,-0.00736279
8.590575e-08,0.00483051
8.595575e-08,0.0144973
8.600575e-08,0.00477558
8.605575e-08,-0.00447924
8.610575e-08,-0.00442432
8.615575e-08,-0.0105484
8.620575e-08,-0.0215334
8.625575e-08,-0.0256527
8.630575e-08,-0.0264492
8.635575e-08,-0.0317769
8.640575e-08,-0.0382031
8.645575e-08,-0.0355117
8.650575e-08,-0.0255978
8.655575e-08,-0.0241972
8.660575e-08,-0.0307607
8.665575e-08,-0.0318592
8.670575e-08,-0.0282067
8.675575e-08,-0.0232086
8.680575e-08,-0.017414
8.685575e-08,-0.0169472
8.690575e-08,-0.0193639
8.695575e-08,-0.0146678
8.700575e-08,-0.00958725
8.705575e-08,-0.00741772
8.710575e-08,-0.00230971
8.715575e-08,-0.00585236
8.720575e-08,-0.0131848
8.725575e-08,-0.00898307
8.730575e-08,-0.00873591
8.735575e-08,-0.0138439
8.740575e-08,-0.00571505
8.745575e-08,-0.000222573
8.750575e-08,-0.00631922
8.755575e-08,-0.00700578
8.760575e-08,-0.0079395
8.765575e-08,-0.0104386
8.770575e-08,-0.00854368
8.775575e-08,-0.00813174
8.780575e-08,-0.00167808
8.785575e-08,0.00823584
8.790575e-08,0.00535229
8.795575e-08,-0.000689433
8.800575e-08,0.0027159
8.805575e-08,0.000409062
8.810575e-08,-0.0160684
8.815575e-08,-0.0275202
8.820575e-08,-0.0302664
8.825575e-08,-0.0318592
8.830575e-08,-0.0233459
8.835575e-08,-0.0134045
8.840575e-08,-0.0185674
8.845575e-08,-0.0269435
8.850575e-08,-0.0233459
8.855575e-08,-0.0243345
8.860575e-08,-0.0382031
8.865575e-08,-0.0399057
8.870575e-08,-0.037846
8.875575e-08,-0.0492155
8.880575e-08,-0.0505337
8.885575e-08,-0.0363356
8.890575e-08,-0.0293327
8.895575e-08,-0.0284264
8.900575e-08,-0.0197758
8.905575e-08,-0.0133771
8.910575e-08,-0.0146403
8.915575e-08,-0.0205722
8.920575e-08,-0.0329852
8.925575e-08,-0.0374616
8.930575e-08,-0.0327106
8.935575e-08,-0.0350723
8.940575e-08,-0.0376538
8.945575e-08,-0.0281793
8.950575e-08,-0.0143108
8.955575e-08,-0.00425954
8.960575e-08,0.00257859
8.965575e-08,0.00620363
8.970575e-08,0.0098012
8.975575e-08,0.0169689
8.980575e-08,0.0181772
8.985575e-08,0.0103779
8.990575e-08,0.00694511
8.995575e-08,0.00672541
9.000575e-08,0.00483051
9.005575e-08,0.00991105
9.010575e-08,0.0121904
9.015575e-08,-0.000964057
9.020575e-08,-0.0107681
9.025575e-08,-0.00642907
9.030575e-08,-0.00165062
9.035575e-08,0.00117801
9.040575e-08,0.00502274
9.045575e-08,0.00831823
9.050575e-08,0.0127671
9.055575e-08,0.0157331
9.060575e-08,0.0191109
9.065575e-08,0.0243837
9.070575e-08,0.0185342
9.075575e-08,0.00285321
9.080575e-08,-0.00522073
9.085575e-08,-0.00944993
9.090575e-08,-0.0172218
9.095575e-08,-0.0162606
9.100575e-08,-0.00843383
9.105575e-08,-0.00939501
9.110575e-08,-0.0125257
9.115575e-08,-0.00664877
9.120575e-08,-0.00401238
9.125575e-08,-0.00832398
9.130575e-08,-0.0060446
9.135575e-08,-0.00244703
9.140575e-08,-0.00230971
9.145575e-08,0.00277083
9.150575e-08,0.00905971
9.155575e-08,0.00842808
9.160575e-08,0.00109562
9.165575e-08,-0.00456163
9.170575e-08,-0.00848875
9.175575e-08,-0.0191442
9.180575e-08,-0.027685
9.185575e-08,-0.0260372
9.190575e-08,-0.0241148
9.195575e-08,-0.0252408
9.200575e-08,-0.0220002
9.205575e-08,-0.0131024
9.210575e-08,-0.00612699
9.215575e-08,-0.00865353
9.220575e-08,-0.0147227
9.225575e-08,-0.0106308
9.230575e-08,-0.00255688
9.235575e-08,-0.00428701
9.240575e-08,-0.0108505
9.245575e-08,-0.0141735
9.250575e-08,-0.0125806
9.255575e-08,-0.00758249
9.260575e-08,-0.006484
9.265575e-08,-0.00950486
9.270575e-08,-0.0103837
9.275575e-08,-0.010164
9.280575e-08,-0.0077198
9.285575e-08,-0.00134853
9.290575e-08,0.0070275
9.295575e-08,0.0164471
9.300575e-08,0.0163372
9.305575e-08,0.00864778
9.310575e-08,0.0104878
9.315575e-08,0.0130143
9.320575e-08,0.0068078
9.325575e-08,0.0035947
9.330575e-08,-0.00121122
9.335575e-08,-0.0131574
9.340575e-08,-0.0230164
9.345575e-08,-0.0262295
9.350575e-08,-0.0229889
9.355575e-08,-0.0252133
9.360575e-08,-0.0336718
9.365575e-08,-0.0319966
9.370575e-08,-0.0232086
9.375575e-08,-0.0157388
9.380575e-08,-0.010878
9.385575e-08,-0.0157388
9.390575e-08,-0.0207095
9.395575e-08,-0.0151621
9.400575e-08,-0.0155191
9.405575e-08,-0.0194737
9.410575e-08,-0.0171943
9.415575e-08,-0.0170021
9.420575e-08,-0.0132947
9.425575e-08,-0.00810428
9.430575e-08,-0.0135968
9.435575e-08,-0.0222474
9.440575e-08,-0.0246916
9.445575e-08,-0.0235381
9.450575e-08,-0.022522
9.455575e-08,-0.0174964
9.460575e-08,-0.00898307
9.465575e-08,-0.00596221
9.470575e-08,-0.00431447
9.475575e-08,0.00224904
9.480575e-08,0.00351231
9.485575e-08,-0.00401238
9.490575e-08,-0.00862606
9.495575e-08,-0.00791204
9.500575e-08,-0.00744518
9.505575e-08,-0.00401238
9.510575e-08,0.00477558
9.515575e-08,0.0121355
9.520575e-08,0.0108448
9.525575e-08,0.00342992
9.530575e-08,-8.52608e-05
9.535575e-08,-0.000826745
9.540575e-08,-0.00651146
9.545575e-08,-0.0104111
9.550575e-08,-0.00870845
9.555575e-08,-0.00642907
9.560575e-08,-0.00222733
9.565575e-08,-0.00137599
9.570575e-08,-0.00717056
9.575575e-08,-0.0125532
9.580575e-08,-0.0135144
9.585575e-08,-0.0128278
9.590575e-08,-0.0173591
9.595575e-08,-0.018183
9.600575e-08,-0.00651146
9.605575e-08,0.00153502
9.610575e-08,-0.000167648
9.615575e-08,-0.00134853
9.620575e-08,0.00211173
9.625575e-08,0.0136185
9.630575e-08,0.0224614
9.635575e-08,0.0153486
9.640575e-08,0.00175472
9.645575e-08,-0.00994426
9.650575e-08,-0.0129926
9.655575e-08,-0.00700578
9.660575e-08,-0.0047264
9.665575e-08,-0.0021724
9.670575e-08,0.00411648
9.675575e-08,0.00829077
9.680575e-08,0.0127397
9.685575e-08,0.012877
9.690575e-08,0.00916956
9.695575e-08,0.00639586
9.700575e-08,-0.000826745
9.705575e-08,-0.0113448
9.710575e-08,-0.0193364
9.715575e-08,-0.0279047
9.720575e-08,-0.0383404
9.725575e-08,-0.0388347
9.730575e-08,-0.0305136
9.735575e-08,-0.0252683
9.740575e-08,-0.0204898
9.745575e-08,-0.0182379
9.750575e-08,-0.0253781
9.755575e-08,-0.0285088
9.760575e-08,-0.0184576
9.765575e-08,-0.00785712
9.770575e-08,-0.00198017
9.775575e-08,-0.000387347
9.780575e-08,-0.00453417
9.785575e-08,-0.00821413
9.790575e-08,-0.00401238
9.795575e-08,0.00274337
9.800575e-08,-0.00110137
9.805575e-08,-0.0103013
9.810575e-08,-0.00909292
9.815575e-08,0.00106816
9.820575e-08,0.00362216
9.825575e-08,-0.0122786
9.830575e-08,-0.0277948
9.835575e-08,-0.0230713
9.840575e-08,-0.0159036
9.845575e-08,-0.0158761
9.850575e-08,-0.0129926
9.855575e-08,-0.0119215
9.860575e-08,-0.0115371
9.865575e-08,-0.00656638
9.870575e-08,-0.00585236
9.875575e-08,-0.00964217
9.880575e-08,-0.00944993
9.885575e-08,-0.00741772
9.890575e-08,-0.00686847
9.895575e-08,-0.00695086
9.900575e-08,-0.00664877
9.905575e-08,-0.00365537
9.910575e-08,-0.00357298
9.915575e-08,-0.0157663
9.920575e-08,-0.0289482
9.925575e-08,-0.0302115
9.930575e-08,-0.030596
9.935575e-08,-0.0336992
9.940575e-08,-0.032793
9.945575e-08,-0.0266689
9.950575e-08,-0.0157937
9.955575e-08,-0.0121687
9.960575e-08,-0.0154367
9.965575e-08,-0.00961471
9.970575e-08,-0.00332582
9.975575e-08,-0.00508342
9.980575e-08,-0.00615445
9.985575e-08,-0.00914785
9.990575e-08,-0.0113448
9.995575e-08,-0.0107956
1.000058e-07,-0.0165902
1.000558e-07,-0.0200504
1.001058e-07,-0.0211764
1.001558e-07,-0.0312001
1.002058e-07,-0.037901
1.002558e-07,-0.0315297
1.003058e-07,-0.0245542
1.003558e-07,-0.0233734
1.004058e-07,-0.0210391
1.004558e-07,-0.0175239
1.005058e-07,-0.0174964
1.005558e-07,-0.0195561
1.006058e-07,-0.0165902
1.006558e-07,-0.00750011
1.007058e-07,-0.00373776
1.007558e-07,-0.00571505
1.008058e-07,-0.00401238
1.008558e-07,-0.00214494
1.009058e-07,-0.00928516
1.009558e-07,-0.0212038
1.010058e-07,-0.0212862
1.010558e-07,-0.0113448
1.011058e-07,-0.0131848
1.011558e-07,-0.0317219
1.012058e-07,-0.0486388
1.012558e-07,-0.050259
1.013058e-07,-0.0386699
1.013558e-07,-0.0235656
1.014058e-07,-0.0145579
1.014558e-07,-0.0127454
1.015058e-07,-0.0173866
1.015558e-07,-0.0255704
1.016058e-07,-0.0248563
1.016558e-07,-0.0142559
1.017058e-07,-0.00686847
1.017558e-07,-0.000661971
1.018058e-07,0.000244288
1.018558e-07,-0.00964217
1.019058e-07,-0.00393
1.019558e-07,0.00189203
1.020058e-07,-0.0195286
1.020558e-07,-0.0256802
1.021058e-07,-0.00760996
1.021558e-07,-0.00324344
1.022058e-07,-0.0088183
1.022558e-07,-0.00596221
1.023058e-07,0.00288068
1.023558e-07,0.0109546
1.024058e-07,0.0151289
1.024558e-07,0.0137283
1.025058e-07,0.0152662
1.025558e-07,0.0219396
1.026058e-07,0.0203468
1.026558e-07,0.0103504
1.027058e-07,-0.00214494
1.027558e-07,-0.0149424
1.028058e-07,-0.0245268
1.028558e-07,-0.034935
1.029058e-07,-0.0386699
1.029558e-07,-0.0268062
1.030058e-07,-0.017469
1.030558e-07,-0.0165627
1.031058e-07,-0.00846129
1.031558e-07,0.00705496
1.032058e-07,0.0130692
1.032558e-07,0.00134278
1.033058e-07,-0.00725294
1.033558e-07,-0.00607206
1.034058e-07,-0.0113998
1.034558e-07,-0.0187871
1.035058e-07,-0.0232635
1.035558e-07,-0.0316945
1.036058e-07,-0.043366
1.036558e-07,-0.0435308
1.037058e-07,-0.0273829
1.037558e-07,-0.0165078
1.038058e-07,-0.0149699
1.038558e-07,-0.0110428
1.039058e-07,-0.00450671
1.039558e-07,-0.0015133
1.040058e-07,-0.0149973
1.040558e-07,-0.0315572
1.041058e-07,-0.0294975
1.041558e-07,-0.0283166
1.042058e-07,-0.0347977
1.042558e-07,-0.025845
1.043058e-07,-0.00901054
1.043558e-07,-0.0069234
1.044058e-07,-0.012718
1.044558e-07,-0.0104111
1.045058e-07,-0.0100266
1.045558e-07,-0.0163979
1.046058e-07,-0.0117842
1.046558e-07,-0.00519326
1.047058e-07,-0.0115096
1.047558e-07,-0.0167
1.048058e-07,-0.0186773
1.048558e-07,-0.0235931
1.049058e-07,-0.0262295
1.049558e-07,-0.0295524
1.050058e-07,-0.0317219
1.050558e-07,-0.0270533
1.051058e-07,-0.0193364
1.051558e-07,-0.00513834
1.052058e-07,0.00496782
1.052558e-07,-3.03361e-05
1.053058e-07,-0.00332582
1.053558e-07,-0.00615445
1.054058e-07,-0.0160684
1.054558e-07,-0.0185674
1.055058e-07,-0.0163979
1.055558e-07,-0.0198307
1.056058e-07,-0.0238128
1.056558e-07,-0.0252133
1.057058e-07,-0.0242247
1.057558e-07,-0.0245268
1.058058e-07,-0.0278497
1.058558e-07,-0.0293327
1.059058e-07,-0.0269709
1.059558e-07,-0.023291
1.060058e-07,-0.0213137
1.060558e-07,-0.0172767
1.061058e-07,-0.00818667
1.061558e-07,-0.00255688
1.062058e-07,-0.00436939
1.062558e-07,-0.00741772
1.063058e-07,-0.00955978
1.063558e-07,-0.00931262
1.064058e-07,-0.00741772
1.064558e-07,-0.0107132
1.065058e-07,-0.0171943
1.065558e-07,-0.0207919
1.066058e-07,-0.026916
1.066558e-07,-0.0338091
1.067058e-07,-0.0296073
1.067558e-07,-0.0279047
1.068058e-07,-0.0377362
1.068558e-07,-0.0368025
1.069058e-07,-0.0257077
1.069558e-07,-0.0265315
1.070058e-07,-0.0317769
1.070558e-07,-0.0243345
1.071058e-07,-0.0135144
1.071558e-07,-0.00629176
1.072058e-07,0.00172726
1.072558e-07,0.0038144
1.073058e-07,-0.00285896
1.073558e-07,-0.00387507
1.074058e-07,0.003375
1.074558e-07,0.00485797
1.075058e-07,0.00452842
1.075558e-07,0.00818092
1.076058e-07,0.00812599
1.076558e-07,0.00623109
1.077058e-07,0.00587408
1.077558e-07,-0.000661971
1.078058e-07,-0.012663
1.078558e-07,-0.0210391
1.079058e-07,-0.0269984
1.079558e-07,-0.0290855
1.080058e-07,-0.0235656
1.080558e-07,-0.0149424
1.081058e-07,-0.00747264
1.081558e-07,-0.00609952
1.082058e-07,-0.00953232
1.082558e-07,-0.0081592
1.083058e-07,-0.00480879
1.083558e-07,-0.0120863
1.084058e-07,-0.0255154
1.084558e-07,-0.0290306
1.085058e-07,-0.023648
1.085558e-07,-0.0221101
1.086058e-07,-0.0216707
1.086558e-07,-0.0137341
1.087058e-07,-0.00469894
1.087558e-07,-0.00362791
1.088058e-07,-0.00464402
1.088558e-07,-0.00439686
1.089058e-07,-0.00662131
1.089558e-07,-0.00576998
1.090058e-07,-0.0081592
1.090558e-07,-0.017469
1.091058e-07,-0.0181555
1.091558e-07,-0.0125806
1.092058e-07,-0.0120589
1.092558e-07,-0.0128553
1.093058e-07,-0.00942247
1.093558e-07,-0.00376522
1.094058e-07,0.00277083
1.094558e-07,0.00886748
1.095058e-07,0.00546214
1.095558e-07,-0.0085986
1.096058e-07,-0.0234558
1.096558e-07,-0.033507
1.097058e-07,-0.0292778
1.097558e-07,-0.0125806
1.098058e-07,-0.00640161
1.098558e-07,-0.00607206
1.099058e-07,0.00875763
1.099558e-07,0.0215002
1.100058e-07,0.0171337
1.100558e-07,0.0108448
1.101058e-07,0.0106525
1.101558e-07,0.0151838
1.102058e-07,0.0180674
1.102558e-07,0.0101582
1.103058e-07,0.00197442
1.103558e-07,0.00332008
1.104058e-07,0.00397917
1.104558e-07,0.00282575
1.105058e-07,0.0100209
1.105558e-07,0.0177104
1.106058e-07,0.0113391
1.106558e-07,-0.000799283
1.107058e-07,-0.0023921
1.107558e-07,0.00202934
1.108058e-07,-0.0028315
1.108558e-07,-0.0118117
1.109058e-07,-0.00785712
1.109558e-07,0.000299213
1.110058e-07,-0.00393
1.110558e-07,-0.00906546
1.111058e-07,-0.00447924
1.111558e-07,-0.00428701
1.112058e-07,-0.013789
1.112558e-07,-0.017414
1.113058e-07,-0.0132672
1.113558e-07,-0.0101365
1.114058e-07,-0.00574251
1.114558e-07,-0.00335328
1.115058e-07,-0.00884576
1.115558e-07,-0.017826
1.116058e-07,-0.0229065
1.116558e-07,-0.0231537
1.117058e-07,-0.0274653
1.117558e-07,-0.0308431
1.118058e-07,-0.0202427
1.118558e-07,-0.00684101
1.119058e-07,-0.00101898
1.119558e-07,0.00705496
1.120058e-07,0.0151014
1.120558e-07,0.0113116
1.121058e-07,0.00455588
1.121558e-07,-0.00088167
1.122058e-07,-0.00936755
1.122558e-07,-0.0156015
1.123058e-07,-0.0217805
1.123558e-07,-0.0301566
1.124058e-07,-0.0362532
1.124558e-07,-0.0325458
1.125058e-07,-0.0216158
1.125558e-07,-0.0227143
1.126058e-07,-0.0300742
1.126558e-07,-0.0242247
1.127058e-07,-0.0129377
1.127558e-07,-0.00955978
1.128058e-07,-0.0135418
1.128558e-07,-0.0144206
1.129058e-07,-0.00725294
1.129558e-07,-0.0037103
1.130058e-07,-0.00714309
1.130558e-07,-0.00519326
1.131058e-07,-0.000277498
1.131558e-07,-0.0047264
1.132058e-07,-0.0121412
1.132558e-07,-0.0115096
1.133058e-07,-0.0102189
1.133558e-07,-0.0188695
1.134058e-07,-0.0285088
1.134558e-07,-0.026559
1.135058e-07,-0.0206271
1.135558e-07,-0.02038
1.136058e-07,-0.0191167
1.136558e-07,-0.0116195
1.137058e-07,-0.0110428
1.137558e-07,-0.0227967
1.138058e-07,-0.0237578
1.138558e-07,-0.0109878
1.139058e-07,-0.00475387
1.139558e-07,0.00156248
1.140058e-07,0.00406156
1.140558e-07,-0.0118666
1.141058e-07,-0.0207644
1.141558e-07,-0.0114822
1.142058e-07,-0.00826905
1.142558e-07,-0.0114547
1.143058e-07,-0.0111526
1.143558e-07,-0.0184027
1.144058e-07,-0.0311452
1.144558e-07,-0.0279596
1.145058e-07,-0.0149424
1.145558e-07,-0.0156839
1.146058e-07,-0.0218629
1.146558e-07,-0.0186498
1.147058e-07,-0.00840636
1.147558e-07,0.00351231
1.148058e-07,0.00164487
1.148558e-07,-0.0101914
1.149058e-07,-0.0154642
1.149558e-07,-0.0213961
1.150058e-07,-0.028399
1.150558e-07,-0.0244169
1.151058e-07,-0.0107956
1.151558e-07,-0.0015133
1.152058e-07,-0.00250195
1.152558e-07,-0.00373776
1.153058e-07,-0.00351806
1.153558e-07,-0.0094774
1.154058e-07,-0.0141185
1.154558e-07,-0.00994426
1.155058e-07,-0.00769234
1.155558e-07,-0.0103013
1.156058e-07,-0.0110977
1.156558e-07,-0.0103287
1.157058e-07,-0.00480879
1.157558e-07,0.00175472
1.158058e-07,-0.00104644
1.158558e-07,-0.00714309
1.159058e-07,-0.00920277
1.159558e-07,-0.0101914
1.160058e-07,-0.0113723
1.160558e-07,-0.0099168
1.161058e-07,-0.00722548
1.161558e-07,-0.0120589
1.162058e-07,-0.0199131
1.162558e-07,-0.020325
1.163058e-07,-0.0202701
1.163558e-07,-0.0216707
1.164058e-07,-0.0170021
1.164558e-07,-0.00505595
1.165058e-07,0.00642333
1.165558e-07,0.00807107
1.166058e-07,0.00598393
1.166558e-07,0.00216665
1.167058e-07,-0.00203509
1.167558e-07,0.000106976
1.168058e-07,-0.0023921
1.168558e-07,-0.010521
1.169058e-07,-0.00999918
1.169558e-07,-0.00255688
1.170058e-07,0.00213919
1.170558e-07,0.0031553
1.171058e-07,-0.000689433
1.171558e-07,-0.00667623
1.172058e-07,-0.00612699
1.172558e-07,-0.00439686
1.173058e-07,-0.00425954
1.173558e-07,-0.00387507
1.174058e-07,-0.0126081
1.174558e-07,-0.0257077
1.175058e-07,-0.0291405
1.175558e-07,-0.0252957
1.176058e-07,-0.0254605
1.176558e-07,-0.0287285
1.177058e-07,-0.0266689
1.177558e-07,-0.0259548
1.178058e-07,-0.027987
1.178558e-07,-0.025845
1.179058e-07,-0.027685
1.179558e-07,-0.0325183
1.180058e-07,-0.0307607
1.180558e-07,-0.0252408
1.181058e-07,-0.0192265
1.181558e-07,-0.0154642
1.182058e-07,-0.013789
1.182558e-07,-0.0120039
1.183058e-07,-0.00936755
1.183558e-07,-0.00379268
1.184058e-07,0.000106976
1.184558e-07,0.00150756
1.185058e-07,-0.000826745
1.185558e-07,-0.0124433
1.186058e-07,-0.0186773
1.186558e-07,-0.0106308
1.187058e-07,-0.00796697
1.187558e-07,-0.0140087
1.188058e-07,-0.0132397
1.188558e-07,-0.00843383
1.189058e-07,-0.0121687
1.189558e-07,-0.0205997
1.190058e-07,-0.0209018
1.190558e-07,-0.0179907
1.191058e-07,-0.0176887
1.191558e-07,-0.00788458
1.192058e-07,0.00653317
1.192558e-07,0.00716481
1.193058e-07,0.00480304
1.193558e-07,0.00661556
1.194058e-07,-0.00252941
1.194558e-07,-0.0112075
1.195058e-07,-0.00340821
1.195558e-07,0.00461081
1.196058e-07,-0.00434193
1.196558e-07,-0.0197483
1.197058e-07,-0.0249662
1.197558e-07,-0.0268062
1.198058e-07,-0.0300742
1.198558e-07,-0.0271083
1.199058e-07,-0.0249936
1.199558e-07,-0.0320515
1.200058e-07,-0.0405374
1.200558e-07,-0.0431737
1.201058e-07,-0.0419929
1.201558e-07,-0.038615
1.202058e-07,-0.0333422
1.202558e-07,-0.0298545
1.203058e-07,-0.0268611
1.203558e-07,-0.0249936
1.204058e-07,-0.0295249
1.204558e-07,-0.0347977
1.205058e-07,-0.0318867
1.205558e-07,-0.0277673
1.206058e-07,-0.0322986
1.206558e-07,-0.030953
1.207058e-07,-0.0177436
1.207558e-07,-0.0154093
1.208058e-07,-0.0207644
1.208558e-07,-0.0175788
1.209058e-07,-0.0138714
1.209558e-07,-0.00873591
1.210058e-07,-0.00505595
1.210558e-07,-0.0157388
1.211058e-07,-0.0224122
1.211558e-07,-0.0162881
1.212058e-07,-0.0178534
1.212558e-07,-0.0237578
1.213058e-07,-0.0211764
1.213558e-07,-0.0217805
1.214058e-07,-0.0307882
1.214558e-07,-0.0362258
1.215058e-07,-0.0340288
1.215558e-07,-0.0252133
1.216058e-07,-0.0166451
1.216558e-07,-0.015217
1.217058e-07,-0.01302
1.217558e-07,-0.010109
1.218058e-07,-0.0115645
1.218558e-07,-0.00934009
1.219058e-07,-0.00511088
1.219558e-07,-0.00579744
1.220058e-07,-0.0107681
1.220558e-07,-0.0207919
1.221058e-07,-0.028399
1.221558e-07,-0.0294151
1.222058e-07,-0.0341112
1.222558e-07,-0.0432012
1.223058e-07,-0.0393839
1.223558e-07,-0.0252957
1.224058e-07,-0.0251584
1.224558e-07,-0.033864
1.225058e-07,-0.0328754
1.225558e-07,-0.0265315
1.226058e-07,-0.0249662
1.226558e-07,-0.0213961
1.227058e-07,-0.0144206
1.227558e-07,-0.0172218
1.228058e-07,-0.0214785
1.228558e-07,-0.0199131
1.229058e-07,-0.0224946
1.229558e-07,-0.0239226
1.230058e-07,-0.0178809
1.230558e-07,-0.0106583
1.231058e-07,-0.00456163
1.231558e-07,-3.03361e-05
1.232058e-07,-0.00280404
1.232558e-07,-0.00972456
1.233058e-07,-0.0141185
1.233558e-07,-0.0196385
1.234058e-07,-0.0204349
1.234558e-07,-0.0122511
1.235058e-07,-0.00840636
1.235558e-07,-0.00975202
1.236058e-07,-0.00884576
1.236558e-07,-0.00887322
1.237058e-07,-0.0110702
1.237558e-07,-0.014915
1.238058e-07,-0.020023
1.238558e-07,-0.0221925
1.239058e-07,-0.0204898
1.239558e-07,-0.0162881
1.240058e-07,-0.0134869
1.240558e-07,-0.0131024
1.241058e-07,-0.00382015
1.241558e-07,0.00941673
1.242058e-07,0.0111194
1.242558e-07,0.00938926
1.243058e-07,0.00669795
1.243558e-07,0.00084846
1.244058e-07,0.0012604
1.244558e-07,0.00318276
1.245058e-07,0.00131532
1.245558e-07,-0.000469734
1.246058e-07,-0.000909132
1.246558e-07,-0.000167648
1.247058e-07,0.00436365
1.247558e-07,0.0114489
1.248058e-07,0.0120257
1.248558e-07,0.00884002
1.249058e-07,0.00584661
1.249558e-07,-0.00269419
1.250058e-07,-0.0125806
1.250558e-07,-0.0157937
1.251058e-07,-0.0108231
1.251558e-07,-0.00678608
1.252058e-07,-0.0168648
1.252558e-07,-0.0278497
1.253058e-07,-0.0205173
1.253558e-07,-0.00631922
1.254058e-07,7.95135e-05
1.254558e-07,0.0029356
1.255058e-07,0.00741197
1.255558e-07,0.0104328
1.256058e-07,0.0105427
1.256558e-07,0.0126573
1.257058e-07,0.0149092
1.257558e-07,0.0102955
1.258058e-07,0.00386932
1.258558e-07,-0.000442272
1.259058e-07,-0.00170554
1.259558e-07,0.000930848
1.260058e-07,0.0044735
1.260558e-07,0.00977374
1.261058e-07,0.00807107
1.261558e-07,0.0003816
1.262058e-07,0.00255113
1.262558e-07,0.0042538
1.263058e-07,-0.00134853
1.263558e-07,-0.00332582
1.264058e-07,-0.00623684
1.264558e-07,-0.0120039
1.265058e-07,-0.0121138
1.265558e-07,-0.00365537
1.266058e-07,0.00510513
1.266558e-07,0.00705496
1.267058e-07,0.00741197
1.267558e-07,0.00669795
1.268058e-07,0.00356724
1.268558e-07,-0.00373776
1.269058e-07,-0.0153269
1.269558e-07,-0.0244993
1.270058e-07,-0.0310079
1.270558e-07,-0.0313375
1.271058e-07,-0.0260647
1.271558e-07,-0.0224946
1.272058e-07,-0.0173866
1.272558e-07,-0.0109604
1.273058e-07,-0.00544043
1.273558e-07,0.0003816
1.274058e-07,0.00279829
1.274558e-07,0.000683686
1.275058e-07,-0.00274911
1.275558e-07,-0.00607206
1.276058e-07,-0.0113723
1.276558e-07,-0.0174964
1.277058e-07,-0.0176337
1.277558e-07,-0.0156839
1.278058e-07,-0.0161233
1.278558e-07,-0.0135144
1.279058e-07,-0.0135144
1.279558e-07,-0.0145579
1.280058e-07,-0.00574251
1.280558e-07,0.0029356
1.281058e-07,0.00246874
1.281558e-07,-0.00148584
1.282058e-07,-0.0034906
1.282558e-07,-0.00112883
1.283058e-07,0.00255113
1.283558e-07,0.00430872
1.284058e-07,0.00411648
1.284558e-07,0.0042538
1.285058e-07,0.00667049
1.285558e-07,0.00617616
1.286058e-07,-0.0032709
1.286558e-07,-0.0171119
1.287058e-07,-0.0243895
1.287558e-07,-0.0233734
1.288058e-07,-0.0238677
1.288558e-07,-0.0219179
1.289058e-07,-0.00804935
1.289558e-07,0.00458335
1.290058e-07,0.00595646
1.290558e-07,0.00137025
1.291058e-07,0.000711148
1.291558e-07,0.0065881
1.292058e-07,0.00625855
1.292558e-07,-0.000469734
1.293058e-07,-0.0067037
1.293558e-07,-0.0131024
1.294058e-07,-0.0158761
1.294558e-07,-0.0144756
1.295058e-07,-0.00997172
1.295558e-07,-0.00382015
1.296058e-07,-0.00338075
1.296558e-07,-0.0058249
1.297058e-07,-0.00511088
1.297558e-07,-0.00593475
1.298058e-07,-0.00912039
1.298558e-07,-0.0102738
1.299058e-07,-0.00887322
1.299558e-07,-0.00986187
1.300058e-07,-0.0139538
1.300558e-07,-0.0142833
1.301058e-07,-0.0115096
1.301558e-07,-0.00854368
1.302058e-07,-0.00851621
1.302558e-07,-0.0182379
1.303058e-07,-0.0271357
1.303558e-07,-0.0246092
1.304058e-07,-0.0229889
1.304558e-07,-0.0247465
1.305058e-07,-0.0226593
1.305558e-07,-0.0237029
1.306058e-07,-0.0284539
1.306558e-07,-0.0282891
1.307058e-07,-0.0260647
1.307558e-07,-0.0241698
1.308058e-07,-0.0231537
1.308558e-07,-0.0285088
1.309058e-07,-0.027987
1.309558e-07,-0.0114272
1.310058e-07,0.000299213
1.310558e-07,-2.87366e-06
1.311058e-07,0.00345739
1.311558e-07,0.00598393
1.312058e-07,0.00095831
1.312558e-07,0.00101323
1.313058e-07,0.00189203
1.313558e-07,-0.00818667
1.314058e-07,-0.0150797
1.314558e-07,-0.0140911
1.315058e-07,-0.0152994
1.315558e-07,-0.0164254
1.316058e-07,-0.0169472
1.316558e-07,-0.018897
1.317058e-07,-0.0235656
1.317558e-07,-0.0244444
1.318058e-07,-0.016343
1.318558e-07,-0.0129102
1.319058e-07,-0.00862606
1.319558e-07,0.00296306
1.320058e-07,0.00115055
1.320558e-07,-0.00571505
1.321058e-07,-0.00431447
1.321558e-07,-0.0101914
1.322058e-07,-0.0210116
1.322558e-07,-0.0264217
1.323058e-07,-0.0249662
1.323558e-07,-0.0175513
1.324058e-07,-0.0139538
1.324558e-07,-0.0142833
1.325058e-07,-0.00944993
1.325558e-07,0.00197442
1.326058e-07,0.0132889
1.326558e-07,0.0169689
1.327058e-07,0.0140579
1.327558e-07,0.00694511
1.328058e-07,0.000793536
1.328558e-07,0.0024962
1.329058e-07,0.0063684
1.329558e-07,0.00535229
1.330058e-07,0.00647825
1.330558e-07,0.0116137
1.331058e-07,0.0115039
1.331558e-07,0.00834569
1.332058e-07,0.00463827
1.332558e-07,-0.00159569
1.333058e-07,-0.00804935
1.333558e-07,-0.0176612
1.334058e-07,-0.0277124
1.334558e-07,-0.0293602
1.335058e-07,-0.0270533
1.335558e-07,-0.0264766
1.336058e-07,-0.0262295
1.336558e-07,-0.0270533
1.337058e-07,-0.0223847
1.337558e-07,-0.0069234
1.338058e-07,0.00873017
1.338558e-07,0.0126847
1.339058e-07,0.00862032
1.339558e-07,0.011037
1.340058e-07,0.014305
1.340558e-07,0.00867524
1.341058e-07,0.00200188
1.341558e-07,-0.00895561
1.342058e-07,-0.0156564
1.342558e-07,-0.0129926
1.343058e-07,-0.019968
1.343558e-07,-0.0219728
1.344058e-07,-0.00642907
1.344558e-07,0.00180964
1.345058e-07,-0.00511088
1.345558e-07,-0.0146678
1.346058e-07,-0.0224122
1.346558e-07,-0.0268886
1.347058e-07,-0.0253232
1.347558e-07,-0.0193089
1.348058e-07,-0.0120863
1.348558e-07,-0.00519326
1.349058e-07,0.00235889
1.349558e-07,0.0125749
1.350058e-07,0.0203742
1.350558e-07,0.0185892
1.351058e-07,0.0135635
1.351558e-07,0.00916956
1.352058e-07,0.0003816
1.352558e-07,-0.0023921
1.353058e-07,0.00268844
1.353558e-07,-0.00107391
1.354058e-07,-0.00999918
1.354558e-07,-0.0138439
1.355058e-07,-0.0200504
1.355558e-07,-0.0288933
1.356058e-07,-0.0271357
1.356558e-07,-0.0164254
1.357058e-07,-0.00376522
1.357558e-07,0.00903225
1.358058e-07,0.0131241
1.358558e-07,0.0145522
1.359058e-07,0.0183695
1.359558e-07,0.0103779
1.360058e-07,-0.00247449
1.360558e-07,-0.0110153
1.361058e-07,-0.0184027
1.361558e-07,-0.0138714
1.362058e-07,-0.00458909
1.362558e-07,-0.00307866
1.363058e-07,0.000875923
1.363558e-07,0.00364962
1.364058e-07,-0.000387347
1.364558e-07,-0.000250035
1.365058e-07,0.00414395
1.365558e-07,0.00510513
1.366058e-07,0.00351231
1.366558e-07,0.000354137
1.367058e-07,-0.00502849
1.367558e-07,-0.00835144
1.368058e-07,-0.0117568
1.368558e-07,-0.0138439
1.369058e-07,-0.00590729
1.369558e-07,-0.00294135
1.370058e-07,-0.0123609
1.370558e-07,-0.0110153
1.371058e-07,-0.00140346
1.371558e-07,-0.00167808
1.372058e-07,-0.00332582
1.372558e-07,0.00137025
1.373058e-07,0.00458335
1.373558e-07,-0.00165062
1.374058e-07,-0.012663
1.374558e-07,-0.0194188
1.375058e-07,-0.0220826
1.375558e-07,-0.0175239
1.376058e-07,-0.00928516
1.376558e-07,-0.00750011
1.377058e-07,-0.00791204
1.377558e-07,-0.00914785
1.378058e-07,-0.0109054
1.378558e-07,-0.0111526
1.379058e-07,-0.0195012
1.379558e-07,-0.0325733
1.380058e-07,-0.0366652
1.380558e-07,-0.0346879
1.381058e-07,-0.030184
1.381558e-07,-0.0179084
1.382058e-07,-0.0026118
1.382558e-07,0.00312784
1.383058e-07,0.00158994
1.383558e-07,0.00395171
1.384058e-07,0.00595646
1.384558e-07,-0.00280404
1.385058e-07,-0.0131848
1.385558e-07,-0.0110702
1.386058e-07,-0.00447924
1.386558e-07,-0.00395746
1.387058e-07,-0.0110702
1.387558e-07,-0.0196385
1.388058e-07,-0.0165902
1.388558e-07,-0.00832398
1.389058e-07,-0.00502849
1.389558e-07,-0.00192524
1.390058e-07,-0.00088167
1.390558e-07,-0.00417716
1.391058e-07,-0.00659385
1.391558e-07,-0.0108505
1.392058e-07,-0.0186773
1.392558e-07,-0.0184301
1.393058e-07,-0.0115645
1.393558e-07,-0.0117568
1.394058e-07,-0.0129377
1.394558e-07,-0.00876338
1.395058e-07,-0.0132123
1.395558e-07,-0.0273554
1.396058e-07,-0.0321064
1.396558e-07,-0.0210391
1.397058e-07,-0.0125532
1.397558e-07,-0.0167275
1.398058e-07,-0.0173042
1.398558e-07,-0.00774727
1.399058e-07,0.00675287
1.399558e-07,0.0188363
1.400058e-07,0.0137283
1.400558e-07,0.0012604
1.401058e-07,-0.00310612
1.401558e-07,-0.0103562
1.402058e-07,-0.0204074
1.402558e-07,-0.026559
1.403058e-07,-0.0319966
1.403558e-07,-0.0303763
1.404058e-07,-0.0218904
1.404558e-07,-0.0144206
1.405058e-07,-0.00513834
1.405558e-07,0.00735705
1.406058e-07,0.0138107
1.406558e-07,0.00749436
1.407058e-07,-0.00607206
1.407558e-07,-0.0255704
1.408058e-07,-0.0469636
1.408558e-07,-0.049902
1.409058e-07,-0.0344956
1.409558e-07,-0.0210391
1.410058e-07,-0.0140087
1.410558e-07,-0.0146129
1.411058e-07,-0.0174964
1.411558e-07,-0.0102189
1.412058e-07,-0.00030496
1.412558e-07,0.00573677
1.413058e-07,0.00710988
1.413558e-07,0.0010407
1.414058e-07,-0.000579584
1.414558e-07,0.00535229
1.415058e-07,0.00790629
1.415558e-07,0.0108722
1.416058e-07,0.0146346
1.416558e-07,0.0140853
1.417058e-07,0.0167492
1.417558e-07,0.0145522
1.418058e-07,-0.0019527
1.418558e-07,-0.0148051
1.419058e-07,-0.00986187
1.419558e-07,-0.000826745
1.420058e-07,-0.00541296
1.420558e-07,-0.0109054
1.421058e-07,-0.00533058
1.421558e-07,-0.00123868
1.422058e-07,0.00230397
1.422558e-07,0.00809853
1.423058e-07,0.00727466
1.423558e-07,0.00768659
1.424058e-07,0.00856539
1.424558e-07,-0.00088167
1.425058e-07,-0.00807682
1.425558e-07,-0.00703324
1.426058e-07,-0.00593475
1.426558e-07,-0.00821413
1.427058e-07,-0.0160684
1.427558e-07,-0.0176887
1.428058e-07,-0.00799443
1.428558e-07,-0.00209002
1.429058e-07,0.0027159
1.429558e-07,0.0106251
1.430058e-07,0.00916956
1.430558e-07,-0.00252941
1.431058e-07,-0.0113998
1.431558e-07,-0.00684101
1.432058e-07,-0.00134853
1.432558e-07,-0.00615445
1.433058e-07,-0.00549535
1.433558e-07,0.00392425
1.434058e-07,0.00809853
1.434558e-07,0.0091421
1.435058e-07,0.0157331
1.435558e-07,0.015431
1.436058e-07,0.00211173
1.436558e-07,-0.00324344
1.437058e-07,0.00461081
1.437558e-07,0.00598393
1.438058e-07,-0.00214494
1.438558e-07,-0.0100541
1.439058e-07,-0.0157114
1.439558e-07,-0.014915
1.440058e-07,-0.0118941
1.440558e-07,-0.0125806
1.441058e-07,-0.013075
1.441558e-07,-0.0176063
1.442058e-07,-0.026916
1.442558e-07,-0.0321064
1.443058e-07,-0.0277124
1.443558e-07,-0.0159311
1.444058e-07,-0.00645653
1.444558e-07,-0.00291389
1.445058e-07,-0.00162315
1.445558e-07,-0.0028315
1.446058e-07,-0.00272165
1.446558e-07,0.00263352
1.447058e-07,-0.00225479
1.447558e-07,-0.0171943
1.448058e-07,-0.017469
1.448558e-07,-0.00884576
1.449058e-07,-0.00884576
1.449558e-07,-0.0142284
1.450058e-07,-0.0195286
1.450558e-07,-0.0215059
1.451058e-07,-0.0222474
1.451558e-07,-0.021451
1.452058e-07,-0.0117293
1.452558e-07,0.00496782
1.453058e-07,0.0166393
1.453558e-07,0.0182322
1.454058e-07,0.0198799
1.454558e-07,0.0195503
1.455058e-07,0.0110095
1.455558e-07,0.00647825
1.456058e-07,0.00351231
1.456558e-07,-0.00505595
1.457058e-07,-0.00862606
1.457558e-07,-0.00868099
1.458058e-07,-0.014915
1.458558e-07,-0.0188146
1.459058e-07,-0.0153269
1.459558e-07,-0.0148051
1.460058e-07,-0.0144481
1.460558e-07,-0.00725294
1.461058e-07,0.000106976
1.461558e-07,0.00439111
1.462058e-07,0.0101582
1.462558e-07,0.015074
1.463058e-07,0.0155958
1.463558e-07,0.016502
1.464058e-07,0.0138656
1.464558e-07,0.00417141
1.465058e-07,-0.00511088
1.465558e-07,-0.0173591
1.466058e-07,-0.0302939
1.466558e-07,-0.0297996
1.467058e-07,-0.0205447
1.467558e-07,-0.0134045
1.468058e-07,-0.0117842
1.468558e-07,-0.0136242
1.469058e-07,-0.0081592
1.469558e-07,0.000244288
1.470058e-07,-0.000250035
1.470558e-07,-0.00436939
1.471058e-07,-0.00983441
1.471558e-07,-0.0169746
1.472058e-07,-0.017826
1.472558e-07,-0.015217
1.473058e-07,-0.0151896
1.473558e-07,-0.0143932
1.474058e-07,-0.0141735
1.474558e-07,-0.0117019
1.475058e-07,-0.00107391
1.475558e-07,0.00537975
1.476058e-07,0.000930848
1.476558e-07,-0.00343567
1.477058e-07,-0.00923024
1.477558e-07,-0.0189519
1.478058e-07,-0.0240599
1.478558e-07,-0.0252133
1.479058e-07,-0.0214235
1.479558e-07,-0.0138439
1.480058e-07,-0.0105759
1.480558e-07,-0.00637415
1.481058e-07,-0.00241956
1.481558e-07,-0.00447924
1.482058e-07,-0.00722548
1.482558e-07,-0.0107956
1.483058e-07,-0.0125806
1.483558e-07,-0.00868099
1.484058e-07,0.0003816
1.484558e-07,0.0105976
1.485058e-07,0.00873017
1.485558e-07,-0.00159569
1.486058e-07,-0.00986187
1.486558e-07,-0.0212862
1.487058e-07,-0.0304037
1.487558e-07,-0.0301017
1.488058e-07,-0.0325183
1.488558e-07,-0.0383678
1.489058e-07,-0.0364729
1.489558e-07,-0.0296073
1.490058e-07,-0.0187871
1.490558e-07,-0.00821413
1.491058e-07,-0.00684101
1.491558e-07,-0.00497357
1.492058e-07,-0.00480879
1.492558e-07,-0.0167824
1.493058e-07,-0.0215883
1.493558e-07,-0.0122511
1.494058e-07,-0.00568759
1.494558e-07,-0.00873591
1.495058e-07,-0.0199131
1.495558e-07,-0.0240599
1.496058e-07,-0.0180457
1.496558e-07,-0.0184027
1.497058e-07,-0.0209841
1.497558e-07,-0.0223298
1.498058e-07,-0.0281518
1.498558e-07,-0.0318867
1.499058e-07,-0.0286736
1.499558e-07,-0.0177985
1.500058e-07,-0.00307866
1.500558e-07,0.00408902
1.501058e-07,0.00178218
1.501558e-07,0.000299213
1.502058e-07,0.00458335
1.502558e-07,0.00735705
1.503058e-07,0.00771406
1.503558e-07,0.00730212
1.504058e-07,-0.00165062
1.504558e-07,-0.0131299
1.505058e-07,-0.0166725
1.505558e-07,-0.0216707
1.506058e-07,-0.0334246
1.506558e-07,-0.0367201
1.507058e-07,-0.0253781
1.507558e-07,-0.0176887
1.508058e-07,-0.020023
1.508558e-07,-0.0173866
1.509058e-07,-0.0106034
1.509558e-07,-0.0114547
1.510058e-07,-0.0153269
1.510558e-07,-0.00620937
1.511058e-07,0.00974627
1.511558e-07,0.00768659
1.512058e-07,-0.00544043
1.512558e-07,-0.00955978
1.513058e-07,-0.00741772
1.513558e-07,-0.00285896
1.514058e-07,0.00191949
1.514558e-07,0.00450096
1.515058e-07,0.00472066
1.515558e-07,0.00156248
1.516058e-07,0.00400663
1.516558e-07,0.0111469
1.517058e-07,0.00689019
1.517558e-07,-0.00706071
1.518058e-07,-0.017469
1.518558e-07,-0.023291
1.519058e-07,-0.0246641
1.519558e-07,-0.0163705
1.520058e-07,-0.00552281
1.520558e-07,0.00178218
1.521058e-07,0.00812599
1.521558e-07,0.00430872
1.522058e-07,-0.00530311
1.522558e-07,-0.0085986
1.523058e-07,-0.0154642
1.523558e-07,-0.0187322
1.524058e-07,-0.0114272
1.524558e-07,-0.0108231
1.525058e-07,-0.0113998
1.525558e-07,-0.00673116
1.526058e-07,-0.00318851
1.526558e-07,0.0022765
1.527058e-07,0.00743943
1.527558e-07,0.00853793
1.528058e-07,0.0038144
1.528558e-07,-0.00357298
1.529058e-07,-0.00780219
1.529558e-07,-0.00656638
1.530058e-07,-0.000524659
1.530558e-07,0.00084846
1.531058e-07,0.000601299
1.531558e-07,0.00417141
1.532058e-07,0.00373201
1.532558e-07,0.00216665
1.533058e-07,0.00282575
1.533558e-07,-2.87366e-06
1.534058e-07,-0.0077198
1.534558e-07,-0.0104935
1.535058e-07,-0.000661971
1.535558e-07,0.00664302
1.536058e-07,-0.00206255
1.536558e-07,-0.0127729
1.537058e-07,-0.0169197
1.537558e-07,-0.0202976
1.538058e-07,-0.0153543
1.538558e-07,-0.00379268
1.539058e-07,0.000793536
1.539558e-07,0.00323769
1.540058e-07,0.00787883
1.540558e-07,0.00867524
1.541058e-07,0.00727466
1.541558e-07,0.00422633
1.542058e-07,-0.000964057
1.542558e-07,-0.00332582
1.543058e-07,-0.00741772
1.543558e-07,-0.0120039
1.544058e-07,-0.00777473
1.544558e-07,-0.00360045
1.545058e-07,-0.00662131
1.545558e-07,-0.00810428
1.546058e-07,-0.00868099
1.546558e-07,-0.0126081
1.547058e-07,-0.0156839
1.547558e-07,-0.0179084
1.548058e-07,-0.018897
1.548558e-07,-0.016343
1.549058e-07,-0.0139812
1.549558e-07,-0.0104935
1.550058e-07,-0.00110137
1.550558e-07,0.00134278
1.551058e-07,-0.00988933
1.551558e-07,-0.0170021
1.552058e-07,-0.0174415
1.552558e-07,-0.0198033
1.553058e-07,-0.0181555
1.553558e-07,-0.0144756
1.554058e-07,-0.0160958
1.554558e-07,-0.0143108
1.555058e-07,-0.00994426
1.555558e-07,-0.0141185
1.556058e-07,-0.0136242
1.556558e-07,-0.00099152
1.557058e-07,0.00669795
1.557558e-07,0.00175472
1.558058e-07,-0.012306
1.558558e-07,-0.0217805
1.559058e-07,-0.0199406
1.559558e-07,-0.0207095
1.560058e-07,-0.0273279
1.560558e-07,-0.0302664
1.561058e-07,-0.0248563
1.561558e-07,-0.0218629
1.562058e-07,-0.027987
1.562558e-07,-0.025433
1.563058e-07,-0.0153543
1.563558e-07,-0.015217
1.564058e-07,-0.0172218
1.564558e-07,-0.0142284
1.565058e-07,-0.0120589
1.565558e-07,-0.00752757
1.566058e-07,-0.00848875
1.566558e-07,-0.0182379
1.567058e-07,-0.0120039
1.567558e-07,0.00263352
1.568058e-07,-0.000277498
1.568558e-07,-0.00659385
1.569058e-07,-0.00209002
1.569558e-07,0.00617616
1.570058e-07,0.00996597
1.570558e-07,0.00441857
1.571058e-07,-0.0034906
1.571558e-07,-0.00489118
1.572058e-07,-0.0056052
1.572558e-07,-0.0107956
1.573058e-07,-0.0113174
1.573558e-07,-0.00936755
1.574058e-07,-0.017414
1.574558e-07,-0.0286461
1.575058e-07,-0.0332598
1.575558e-07,-0.0331225
1.576058e-07,-0.0281518
1.576558e-07,-0.0179358
1.577058e-07,-0.0102189
1.577558e-07,-0.0060446
1.578058e-07,-0.0032709
1.578558e-07,-0.00629176
1.579058e-07,-0.0118117
1.579558e-07,-0.017414
1.580058e-07,-0.0244444
1.580558e-07,-0.0247465
1.581058e-07,-0.0214785
1.581558e-07,-0.024719
1.582058e-07,-0.0245817
1.582558e-07,-0.0161508
1.583058e-07,-0.00791204
1.583558e-07,-0.000607046
1.584058e-07,0.00370455
1.584558e-07,-0.00115629
1.585058e-07,-0.0069234
1.585558e-07,-0.0019527
1.586058e-07,0.00263352
1.586558e-07,-0.00425954
1.587058e-07,-0.0102738
1.587558e-07,-0.00936755
1.588058e-07,-0.015629
1.588558e-07,-0.0283441
1.589058e-07,-0.0251584
1.589558e-07,-0.0107681
1.590058e-07,-0.00840636
1.590558e-07,-0.00804935
1.591058e-07,0.000161901
1.591558e-07,0.00211173
1.592058e-07,0.00222158
1.592558e-07,0.0052699
1.593058e-07,-0.00104644
1.593558e-07,-0.00884576
1.594058e-07,-0.00755503
1.594558e-07,-0.00524819
1.595058e-07,-0.00401238
1.595558e-07,-0.00230971
1.596058e-07,-0.00442432
