LECROYWR640Zi,59892,Waveform
Segments,1,SegmentSize,4002
Segment,TrigTime,TimeSinceSegment1
#1,01-Nov-2023 13:34:13,0                 
Time,Ampl
-4.04224e-08,0.00252367
-4.03724e-08,0.0012604
-4.03224e-08,-0.00118376
-4.02724e-08,-0.00123868
-4.02224e-08,-0.000167648
-4.01724e-08,0.00691765
-4.01224e-08,0.0160626
-4.00724e-08,0.0203742
-4.00224e-08,0.017985
-3.99724e-08,0.0126847
-3.99224e-08,0.00631348
-3.98724e-08,0.0003816
-3.98224e-08,-0.000634509
-3.97724e-08,0.00158994
-3.97224e-08,0.0042538
-3.96724e-08,0.00384186
-3.96224e-08,0.00095831
-3.95724e-08,-0.00143092
-3.95224e-08,-0.000799283
-3.94724e-08,0.00856539
-3.94224e-08,0.0129868
-3.93724e-08,0.00491289
-3.93224e-08,-0.00123868
-3.92724e-08,-0.00653892
-3.92224e-08,-0.0109878
-3.91724e-08,-0.00986187
-3.91224e-08,-0.00728041
-3.90724e-08,-0.00192524
-3.90224e-08,0.00386932
-3.89724e-08,0.00444603
-3.89224e-08,-0.00123868
-3.88724e-08,-0.0114547
-3.88224e-08,-0.0160958
-3.87724e-08,-0.0143932
-3.87224e-08,-0.0171119
-3.86724e-08,-0.0180182
-3.86224e-08,-0.00914785
-3.85724e-08,-0.00458909
-3.85224e-08,-0.00310612
-3.84724e-08,0.00853793
-3.84224e-08,0.0110919
-3.83724e-08,-0.00686847
-3.83224e-08,-0.0205173
-3.82724e-08,-0.0206546
-3.82224e-08,-0.0198033
-3.81724e-08,-0.0202152
-3.81224e-08,-0.0229065
-3.80724e-08,-0.0221101
-3.80224e-08,-0.0160958
-3.79724e-08,-0.0201603
-3.79224e-08,-0.0237578
-3.78724e-08,-0.0168373
-3.78224e-08,-0.0153269
-3.77724e-08,-0.021094
-3.77224e-08,-0.0271357
-3.76724e-08,-0.0283166
-3.76224e-08,-0.0246092
-3.75724e-08,-0.0249113
-3.75224e-08,-0.0280145
-3.74724e-08,-0.0291679
-3.74224e-08,-0.0247739
-3.73724e-08,-0.0103013
-3.73224e-08,-0.000524659
-3.72724e-08,-0.00478133
-3.72224e-08,-0.00338075
-3.71724e-08,0.00535229
-3.71224e-08,0.00732958
-3.70724e-08,0.00955404
-3.70224e-08,0.0155958
-3.69724e-08,0.0221867
-3.69224e-08,0.02713
-3.68724e-08,0.019468
-3.68224e-08,0.00661556
-3.67724e-08,0.005929
-3.67224e-08,0.00851047
-3.66724e-08,0.00345739
-3.66224e-08,-0.00439686
-3.65724e-08,-0.0092577
-3.65224e-08,-0.00876338
-3.64724e-08,-0.0104111
-3.64224e-08,-0.022165
-3.63724e-08,-0.0273554
-3.63224e-08,-0.0177436
-3.62724e-08,-0.0109054
-3.62224e-08,-0.0109878
-3.61724e-08,-0.0127729
-3.61224e-08,-0.00557774
-3.60724e-08,0.0124376
-3.60224e-08,0.0188363
-3.59724e-08,0.0132615
-3.59224e-08,0.00873017
-3.58724e-08,0.00241382
-3.58224e-08,0.00436365
-3.57724e-08,0.0121355
-3.57224e-08,0.00312784
-3.56724e-08,-0.00750011
-3.56224e-08,-0.00944993
-3.55724e-08,-0.019611
-3.55224e-08,-0.0253232
-3.54724e-08,-0.0193089
-3.54224e-08,-0.0171119
-3.53724e-08,-0.0221925
-3.53224e-08,-0.0257626
-3.52724e-08,-0.0179084
-3.52224e-08,-0.00576998
-3.51724e-08,-0.0019527
-3.51224e-08,-0.00955978
-3.50724e-08,-0.0171943
-3.50224e-08,-0.0161782
-3.49724e-08,-0.0221101
-3.49224e-08,-0.0308157
-3.48724e-08,-0.0215059
-3.48224e-08,-0.00997172
-3.47724e-08,-0.020023
-3.47224e-08,-0.0355392
-3.46724e-08,-0.0366926
-3.46224e-08,-0.0357864
-3.45724e-08,-0.0362807
-3.45224e-08,-0.0344407
-3.44724e-08,-0.0316945
-3.44224e-08,-0.0234283
-3.43724e-08,-0.0218904
-3.43224e-08,-0.0281518
-3.42724e-08,-0.025131
-3.42224e-08,-0.01854
-3.41724e-08,-0.0180731
-3.41224e-08,-0.0190068
-3.40724e-08,-0.0160134
-3.40224e-08,-0.00972456
-3.39724e-08,-0.00324344
-3.39224e-08,-0.00099152
-3.38724e-08,-0.00382015
-3.38224e-08,-0.00763742
-3.37724e-08,-0.0109878
-3.37224e-08,-0.0112075
-3.36724e-08,-0.0079395
-3.36224e-08,-0.00469894
-3.35724e-08,-0.0053855
-3.35224e-08,-0.0139812
-3.34724e-08,-0.0224122
-3.34224e-08,-0.0227967
-3.33724e-08,-0.0249387
-3.33224e-08,-0.0308981
-3.32724e-08,-0.0292778
-3.32224e-08,-0.0197483
-3.31724e-08,-0.0110977
-3.31224e-08,-0.00747264
-3.30724e-08,-0.00200763
-3.30224e-08,0.00691765
-3.29724e-08,0.00982866
-3.29224e-08,0.0110095
-3.28724e-08,0.0125474
-3.28224e-08,0.00774152
-3.27724e-08,-0.00266673
-3.27224e-08,-0.0155466
-3.26724e-08,-0.0216432
-3.26224e-08,-0.0193913
-3.25724e-08,-0.0143932
-3.25224e-08,-0.010466
-3.24724e-08,-0.00942247
-3.24224e-08,-0.000167648
-3.23724e-08,0.00908718
-3.23224e-08,0.00156248
-3.22724e-08,-0.00511088
-3.22224e-08,-0.000552121
-3.21724e-08,0.00342992
-3.21224e-08,0.00488543
-3.20724e-08,0.00106816
-3.20224e-08,-0.0122236
-3.19724e-08,-0.0238952
-3.19224e-08,-0.0249387
-3.18724e-08,-0.0192265
-3.18224e-08,-0.0117019
-3.17724e-08,-0.00997172
-3.17224e-08,-0.0142833
-3.16724e-08,-0.0131848
-3.16224e-08,-0.00972456
-3.15724e-08,-0.0128003
-3.15224e-08,-0.0176063
-3.14724e-08,-0.017414
-3.14224e-08,-0.0110702
-3.13724e-08,-0.00255688
-3.13224e-08,0.0027159
-3.12724e-08,0.00120547
-3.12224e-08,-0.00524819
-3.11724e-08,-0.0125806
-3.11224e-08,-0.0160684
-3.10724e-08,-0.0118117
-3.10224e-08,-0.00711563
-3.09724e-08,-0.00843383
-3.09224e-08,-0.0120863
-3.08724e-08,-0.0165352
-3.08224e-08,-0.0152994
-3.07724e-08,-0.00414969
-3.07224e-08,-5.77984e-05
-3.06724e-08,-0.00585236
-3.06224e-08,-0.00651146
-3.05724e-08,-0.00436939
-3.05224e-08,-5.77984e-05
-3.04724e-08,0.00812599
-3.04224e-08,0.0130692
-3.03724e-08,0.016914
-3.03224e-08,0.0167217
-3.02724e-08,0.00922449
-3.02224e-08,0.0114764
-3.01724e-08,0.0195229
-3.01224e-08,0.0141677
-3.00724e-08,0.00988359
-3.00224e-08,0.0144698
-2.99724e-08,0.00988359
-2.99224e-08,-0.000332422
-2.98724e-08,-0.0037103
-2.98224e-08,-0.00631922
-2.97724e-08,-0.0114822
-2.97224e-08,-0.0127729
-2.96724e-08,-0.00942247
-2.96224e-08,-0.00585236
-2.95724e-08,-0.00285896
-2.95224e-08,-0.00354552
-2.94724e-08,-0.00653892
-2.94224e-08,-0.000716896
-2.93724e-08,0.00705496
-2.93224e-08,0.00458335
-2.92724e-08,0.000903385
-2.92224e-08,0.00362216
-2.91724e-08,0.00653317
-2.91224e-08,0.00579169
-2.90724e-08,0.00639586
-2.90224e-08,0.0110645
-2.89724e-08,0.0146346
-2.89224e-08,0.00996597
-2.88724e-08,-0.00159569
-2.88224e-08,-0.0103287
-2.87724e-08,-0.0146403
-2.87224e-08,-0.0171394
-2.86724e-08,-0.0161508
-2.86224e-08,-0.009038
-2.85724e-08,0.000875923
-2.85224e-08,0.00535229
-2.84724e-08,0.00710988
-2.84224e-08,0.00576423
-2.83724e-08,0.000738611
-2.83224e-08,0.00208427
-2.82724e-08,0.00395171
-2.82224e-08,0.000299213
-2.81724e-08,7.95135e-05
-2.81224e-08,0.00304545
-2.80724e-08,0.0052699
-2.80224e-08,0.00518752
-2.79724e-08,-0.00351806
-2.79224e-08,-0.0123609
-2.78724e-08,-0.0104935
-2.78224e-08,-0.0123884
-2.77724e-08,-0.021094
-2.77224e-08,-0.0277124
-2.76724e-08,-0.0322712
-2.76224e-08,-0.0237304
-2.75724e-08,-0.00782965
-2.75224e-08,-0.00461655
-2.74724e-08,-0.00678608
-2.74224e-08,-0.00244703
-2.73724e-08,0.00233143
-2.73224e-08,-8.52608e-05
-2.72724e-08,-0.0056052
-2.72224e-08,-0.00851621
-2.71724e-08,-0.0129926
-2.71224e-08,-0.0226319
-2.70724e-08,-0.0296348
-2.70224e-08,-0.0273279
-2.69724e-08,-0.0237578
-2.69224e-08,-0.0193913
-2.68724e-08,-0.0101914
-2.68224e-08,-0.00414969
-2.67724e-08,0.00095831
-2.67224e-08,0.00513259
-2.66724e-08,0.00329261
-2.66224e-08,0.000656224
-2.65724e-08,-0.00428701
-2.65224e-08,-0.00571505
-2.64724e-08,0.00334754
-2.64224e-08,0.00710988
-2.63724e-08,0.00400663
-2.63224e-08,0.00194696
-2.62724e-08,-0.00478133
-2.62224e-08,-0.0103837
-2.61724e-08,-0.013432
-2.61224e-08,-0.017771
-2.60724e-08,-0.0182928
-2.60224e-08,-0.0169472
-2.59724e-08,-0.0142284
-2.59224e-08,-0.0140636
-2.58724e-08,-0.0127729
-2.58224e-08,-0.00225479
-2.57724e-08,-0.00442432
-2.57224e-08,-0.01854
-2.56724e-08,-0.0182928
-2.56224e-08,-0.015272
-2.55724e-08,-0.0207644
-2.55224e-08,-0.0196385
-2.54724e-08,-0.00645653
-2.54224e-08,0.00529737
-2.53724e-08,0.000930848
-2.53224e-08,-0.0110977
-2.52724e-08,-0.0124983
-2.52224e-08,-0.0100816
-2.51724e-08,-0.0085986
-2.51224e-08,-0.00263926
-2.50724e-08,-0.00741772
-2.50224e-08,-0.0159311
-2.49724e-08,-0.00689593
-2.49224e-08,-0.000964057
-2.48724e-08,-0.00890069
-2.48224e-08,-0.00758249
-2.47724e-08,0.000766073
-2.47224e-08,0.00310038
-2.46724e-08,0.00809853
-2.46224e-08,0.0123277
-2.45724e-08,0.00971881
-2.45224e-08,0.0072472
-2.44724e-08,0.00370455
-2.44224e-08,0.00307291
-2.43724e-08,0.00397917
-2.43224e-08,-0.00425954
-2.42724e-08,-0.0126905
-2.42224e-08,-0.0124708
-2.41724e-08,-0.0103837
-2.41224e-08,-0.00898307
-2.40724e-08,-0.00274911
-2.40224e-08,0.00532483
-2.39724e-08,0.00897733
-2.39224e-08,0.00623109
-2.38724e-08,0.0027159
-2.38224e-08,0.00458335
-2.37724e-08,-0.00280404
-2.37224e-08,-0.0175788
-2.36724e-08,-0.0216432
-2.36224e-08,-0.0196659
-2.35724e-08,-0.0156564
-2.35224e-08,-0.00824159
-2.34724e-08,-0.00170554
-2.34224e-08,0.00169979
-2.33724e-08,0.00562692
-2.33224e-08,0.00656064
-2.32724e-08,0.000189363
-2.32224e-08,0.000766073
-2.31724e-08,0.00386932
-2.31224e-08,-0.00593475
-2.30724e-08,-0.0111251
-2.30224e-08,-0.00673116
-2.29724e-08,-0.0145854
-2.29224e-08,-0.0244169
-2.28724e-08,-0.0159036
-2.28224e-08,-0.00703324
-2.27724e-08,-0.00928516
-2.27224e-08,-0.00829651
-2.26724e-08,-0.00167808
-2.26224e-08,0.0029356
-2.25724e-08,0.00279829
-2.25224e-08,0.00290814
-2.24724e-08,0.00963642
-2.24224e-08,0.0131241
-2.23724e-08,0.00197442
-2.23224e-08,-0.00975202
-2.22724e-08,-0.0100266
-2.22224e-08,-0.0133221
-2.21724e-08,-0.0224671
-2.21224e-08,-0.0217805
-2.20724e-08,-0.0169197
-2.20224e-08,-0.0170296
-2.19724e-08,-0.0146678
-2.19224e-08,-0.0115096
-2.18724e-08,-0.0109878
-2.18224e-08,-0.00846129
-2.17724e-08,-0.00912039
-2.17224e-08,-0.0131574
-2.16724e-08,-0.0131574
-2.16224e-08,-0.0125257
-2.15724e-08,-0.0104386
-2.15224e-08,-0.00807682
-2.14724e-08,-0.00785712
-2.14224e-08,-0.00362791
-2.13724e-08,-0.0032709
-2.13224e-08,-0.0113448
-2.12724e-08,-0.0195561
-2.12224e-08,-0.0279596
-2.11724e-08,-0.0322437
-2.11224e-08,-0.0260098
-2.10724e-08,-0.016343
-2.10224e-08,-0.013432
-2.09724e-08,-0.0174964
-2.09224e-08,-0.0189794
-2.08724e-08,-0.0150523
-2.08224e-08,-0.0079395
-2.07724e-08,0.00307291
-2.07224e-08,0.00422633
-2.06724e-08,-0.00615445
-2.06224e-08,-0.010521
-2.05724e-08,-0.0105484
-2.05224e-08,-0.0107956
-2.04724e-08,-0.0131574
-2.04224e-08,-0.0224396
-2.03724e-08,-0.029882
-2.03224e-08,-0.0275202
-2.02724e-08,-0.0168922
-2.02224e-08,-0.00873591
-2.01724e-08,-0.0140636
-2.01224e-08,-0.0235107
-2.00724e-08,-0.0229889
-2.00224e-08,-0.0174964
-1.99724e-08,-0.0159036
-1.99224e-08,-0.011235
-1.98724e-08,0.00084846
-1.98224e-08,0.00853793
-1.97724e-08,0.00963642
-1.97224e-08,0.0148817
-1.96724e-08,0.0177378
-1.96224e-08,0.00642333
-1.95724e-08,-0.00620937
-1.95224e-08,-0.00876338
-1.94724e-08,-0.0110702
-1.94224e-08,-0.0116744
-1.93724e-08,-0.0037103
-1.93224e-08,0.00395171
-1.92724e-08,0.00634094
-1.92224e-08,0.00873017
-1.91724e-08,0.011037
-1.91224e-08,0.00310038
-1.90724e-08,-0.011592
-1.90224e-08,-0.0198856
-1.89724e-08,-0.0209841
-1.89224e-08,-0.0165078
-1.88724e-08,-0.0129926
-1.88224e-08,-0.0148051
-1.87724e-08,-0.00873591
-1.87224e-08,0.00153502
-1.86724e-08,-0.00132107
-1.86224e-08,-0.0083789
-1.85724e-08,-0.0126905
-1.85224e-08,-0.0163705
-1.84724e-08,-0.0114822
-1.84224e-08,-0.00395746
-1.83724e-08,-0.00884576
-1.83224e-08,-0.0208194
-1.82724e-08,-0.026559
-1.82224e-08,-0.0267512
-1.81724e-08,-0.0251859
-1.81224e-08,-0.025845
-1.80724e-08,-0.0270808
-1.80224e-08,-0.021808
-1.79724e-08,-0.0193639
-1.79224e-08,-0.0173866
-1.78724e-08,-0.00653892
-1.78224e-08,-0.00272165
-1.77724e-08,-0.00796697
-1.77224e-08,-0.00966963
-1.76724e-08,-0.00901054
-1.76224e-08,-0.00535804
-1.75724e-08,0.000683686
-1.75224e-08,0.00139771
-1.74724e-08,-0.00148584
-1.74224e-08,-0.00280404
-1.73724e-08,-0.00288642
-1.73224e-08,-0.00395746
-1.72724e-08,-0.00576998
-1.72224e-08,-0.00269419
-1.71724e-08,0.00428126
-1.71224e-08,0.00831823
-1.70724e-08,0.0119158
-1.70224e-08,0.0141403
-1.69724e-08,0.00809853
-1.69224e-08,0.00408902
-1.68724e-08,0.0101307
-1.68224e-08,0.00829077
-1.67724e-08,-0.00291389
-1.67224e-08,0.000463987
-1.66724e-08,0.0149641
-1.66224e-08,0.0202094
-1.65724e-08,0.0151289
-1.65224e-08,0.00400663
-1.64724e-08,-0.00868099
-1.64224e-08,-0.0140911
-1.63724e-08,-0.00931262
-1.63224e-08,0.0003816
-1.62724e-08,0.00441857
-1.62224e-08,0.0040341
-1.61724e-08,0.0123277
-1.61224e-08,0.0180125
-1.60724e-08,0.00807107
-1.60224e-08,-8.52608e-05
-1.59724e-08,-0.00362791
-1.59224e-08,-0.0104111
-1.58724e-08,-0.0125532
-1.58224e-08,-0.0148875
-1.57724e-08,-0.013789
-1.57224e-08,-0.00230971
-1.56724e-08,-0.000799283
-1.56224e-08,-0.0104111
-1.55724e-08,-0.0195012
-1.55224e-08,-0.0293052
-1.54724e-08,-0.0295799
-1.54224e-08,-0.0227692
-1.53724e-08,-0.024005
-1.53224e-08,-0.0259823
-1.52724e-08,-0.0173591
-1.52224e-08,-0.00241956
-1.51724e-08,0.00397917
-1.51224e-08,-8.52608e-05
-1.50724e-08,-0.000826745
-1.50224e-08,-0.0019527
-1.49724e-08,-0.0122236
-1.49224e-08,-0.0198033
-1.48724e-08,-0.0125532
-1.48224e-08,-0.00280404
-1.47724e-08,-0.00760996
-1.47224e-08,-0.0142559
-1.46724e-08,-0.0099168
-1.46224e-08,-0.00285896
-1.45724e-08,0.00027175
-1.45224e-08,-0.00134853
-1.44724e-08,0.000738611
-1.44224e-08,0.00554453
-1.43724e-08,0.0074669
-1.43224e-08,0.0105427
-1.42724e-08,0.00321023
-1.42224e-08,-0.00906546
-1.41724e-08,-0.00689593
-1.41224e-08,-0.00277657
-1.40724e-08,-0.00360045
-1.40224e-08,-0.00222733
-1.39724e-08,-0.00343567
-1.39224e-08,-0.00615445
-1.38724e-08,-0.00129361
-1.38224e-08,0.00546214
-1.37724e-08,0.00183711
-1.37224e-08,-0.00585236
-1.36724e-08,-0.00629176
-1.36224e-08,0.00101323
-1.35724e-08,0.00801614
-1.35224e-08,0.00620363
-1.34724e-08,0.000546374
-1.34224e-08,-0.00310612
-1.33724e-08,-0.00302374
-1.33224e-08,-0.00132107
-1.32724e-08,-0.00500103
-1.32224e-08,-0.00988933
-1.31724e-08,-0.0144481
-1.31224e-08,-0.0194462
-1.30724e-08,-0.0132123
-1.30224e-08,0.00252367
-1.29724e-08,0.00645079
-1.29224e-08,-0.00252941
-1.28724e-08,-0.00659385
-1.28224e-08,-0.0116469
-1.27724e-08,-0.0222749
-1.27224e-08,-0.0209567
-1.26724e-08,-0.0147776
-1.26224e-08,-0.0208743
-1.25724e-08,-0.0192815
-1.25224e-08,0.00279829
-1.24724e-08,0.0167217
-1.24224e-08,0.0114764
-1.23724e-08,0.00645079
-1.23224e-08,0.00532483
-1.22724e-08,-0.000771821
-1.22224e-08,-0.00717056
-1.21724e-08,-0.0083789
-1.21224e-08,-0.014503
-1.20724e-08,-0.0271632
-1.20224e-08,-0.0286187
-1.19724e-08,-0.0138439
-1.19224e-08,-0.00324344
-1.18724e-08,-0.000167648
-1.18224e-08,0.00886748
-1.17724e-08,0.0124925
-1.17224e-08,0.00999344
-1.16724e-08,0.0160626
-1.16224e-08,0.0204841
-1.15724e-08,0.0165569
-1.15224e-08,0.0107624
-1.14724e-08,0.00211173
-1.14224e-08,-0.0069234
-1.13724e-08,-0.0136517
-1.13224e-08,-0.017826
-1.12724e-08,-0.0137615
-1.12224e-08,-0.0067037
-1.11724e-08,-0.00563266
-1.11224e-08,-0.00555028
-1.10724e-08,-0.00101898
-1.10224e-08,0.00296306
-1.09724e-08,0.00277083
-1.09224e-08,0.00384186
-1.08724e-08,0.00760421
-1.08224e-08,0.00977374
-1.07724e-08,0.00656064
-1.07224e-08,-3.03361e-05
-1.06724e-08,0.00202934
-1.06224e-08,0.00683526
-1.05724e-08,-0.000414809
-1.05224e-08,-0.00914785
-1.04724e-08,-0.0138439
-1.04224e-08,-0.0178534
-1.03724e-08,-0.0138988
-1.03224e-08,-0.00645653
-1.02724e-08,-0.00420462
-1.02224e-08,-0.00412223
-1.01724e-08,-0.00112883
-1.01224e-08,-0.00126614
-1.00724e-08,-0.0092577
-1.00224e-08,-0.00840636
-9.972399e-09,0.00348485
-9.922399e-09,0.00647825
-9.872399e-09,-0.000799283
-9.822399e-09,-0.0085986
-9.772399e-09,-0.015629
-9.722399e-09,-0.0212862
-9.672399e-09,-0.0181555
-9.622399e-09,-0.00719802
-9.572399e-09,-0.00436939
-9.522399e-09,-0.0121687
-9.472399e-09,-0.0190343
-9.422399e-09,-0.0250211
-9.372399e-09,-0.0331225
-9.322399e-09,-0.0344407
-9.272399e-09,-0.0276026
-9.222399e-09,-0.0211489
-9.172399e-09,-0.0219179
-9.122399e-09,-0.030184
-9.072399e-09,-0.0290581
-9.022399e-09,-0.0187048
-8.972399e-09,-0.0173042
-8.922399e-09,-0.0202976
-8.872399e-09,-0.0240599
-8.822399e-09,-0.028042
-8.772399e-09,-0.0229889
-8.722399e-09,-0.0111526
-8.672399e-09,-0.00316105
-8.622399e-09,-0.00343567
-8.572399e-09,-0.00360045
-8.522399e-09,-0.00414969
-8.472399e-09,-0.00717056
-8.422399e-09,0.000518912
-8.372399e-09,0.00969135
-8.322399e-09,0.00241382
-8.272399e-09,-0.00362791
-8.222399e-09,0.00128786
-8.172399e-09,-0.00972456
-8.122399e-09,-0.0262569
-8.072399e-09,-0.0168648
-8.022399e-09,-0.00733533
-7.972399e-09,-0.0174415
-7.922399e-09,-0.0228516
-7.872399e-09,-0.0195561
-7.822399e-09,-0.0190618
-7.772399e-09,-0.0155191
-7.722399e-09,-0.00439686
-7.672399e-09,0.00312784
-7.622399e-09,-0.00145838
-7.572399e-09,-0.0103287
-7.522399e-09,-0.0194462
-7.472399e-09,-0.0253507
-7.422399e-09,-0.0184027
-7.372399e-09,-0.00730787
-7.322399e-09,-0.00291389
-7.272399e-09,-0.0030512
-7.222399e-09,-0.00840636
-7.172399e-09,-0.0140911
-7.122399e-09,-0.0120863
-7.072399e-09,-0.00703324
-7.022399e-09,-0.00678608
-6.972399e-09,-0.00848875
-6.922399e-09,-0.00975202
-6.872399e-09,-0.0118666
-6.822399e-09,-0.00865353
-6.772399e-09,-0.0058249
-6.722399e-09,-0.0160409
-6.672399e-09,-0.0243071
-6.622399e-09,-0.02038
-6.572399e-09,-0.0176063
-6.522399e-09,-0.0131299
-6.472399e-09,-8.52608e-05
-6.422399e-09,0.00982866
-6.372399e-09,0.00886748
-6.322399e-09,0.00894986
-6.272399e-09,0.0180125
-6.222399e-09,0.0253449
-6.172399e-09,0.0221867
-6.122399e-09,0.00672541
-6.072399e-09,-0.010878
-6.022399e-09,-0.018183
-5.972399e-09,-0.0220826
-5.922399e-09,-0.0282067
-5.872399e-09,-0.0289208
-5.822399e-09,-0.0175513
-5.772399e-09,-0.0028315
-5.722399e-09,-0.00129361
-5.672399e-09,-0.00332582
-5.622399e-09,0.000106976
-5.572399e-09,-0.00755503
-5.522399e-09,-0.0190068
-5.472399e-09,-0.0187597
-5.422399e-09,-0.0155191
-5.372399e-09,-0.0112075
-5.322399e-09,-0.00357298
-5.272399e-09,0.00400663
-5.222399e-09,0.00782391
-5.172399e-09,0.0029356
-5.122399e-09,-0.00659385
-5.072399e-09,-0.0144481
-5.022399e-09,-0.0229614
-4.972399e-09,-0.0328754
-4.922399e-09,-0.040043
-4.872399e-09,-0.0413887
-4.822399e-09,-0.0336443
-4.772399e-09,-0.0233184
-4.722399e-09,-0.022934
-4.672399e-09,-0.0243895
-4.622399e-09,-0.0181555
-4.572399e-09,-0.0183203
-4.522399e-09,-0.0284264
-4.472399e-09,-0.0291954
-4.422399e-09,-0.0197209
-4.372399e-09,-0.0146953
-4.322399e-09,-0.0167824
-4.272399e-09,-0.0189794
-4.222399e-09,-0.0148051
-4.172399e-09,-0.0104111
-4.122399e-09,-0.0081592
-4.072399e-09,-0.00434193
-4.022399e-09,-0.000799283
-3.972399e-09,0.00318276
-3.922399e-09,0.00161741
-3.872399e-09,-0.00247449
-3.822399e-09,-0.00214494
-3.772399e-09,-0.0121138
-3.722399e-09,-0.0288109
-3.672399e-09,-0.0331225
-3.622399e-09,-0.0288384
-3.572399e-09,-0.0259274
-3.522399e-09,-0.0239775
-3.472399e-09,-0.0156564
-3.422399e-09,-0.00294135
-3.372399e-09,0.00211173
-3.322399e-09,0.00274337
-3.272399e-09,0.00474812
-3.222399e-09,0.0024962
-3.172399e-09,-0.00656638
-3.122399e-09,-0.0151072
-3.072399e-09,-0.0118117
-3.022399e-09,-0.00274911
-2.972399e-09,-0.0060446
-2.922399e-09,-0.0152445
-2.872399e-09,-0.0110428
-2.822399e-09,-0.00154077
-2.772399e-09,-0.00535804
-2.722399e-09,-0.017826
-2.672399e-09,-0.025076
-2.622399e-09,-0.0303213
-2.572399e-09,-0.0411965
-2.522399e-09,-0.048474
-2.472399e-09,-0.0492979
-2.422399e-09,-0.0467988
-2.372399e-09,-0.040098
-2.322399e-09,-0.0380383
-2.272399e-09,-0.0378186
-2.222399e-09,-0.0344682
-2.172399e-09,-0.0359786
-2.122399e-09,-0.0376538
-2.072399e-09,-0.0313649
-2.022399e-09,-0.0233184
-1.972399e-09,-0.0194737
-1.922399e-09,-0.0167824
-1.872399e-09,-0.0144756
-1.822399e-09,-0.0116744
-1.772399e-09,-0.0112075
-1.722399e-09,-0.0179084
-1.672399e-09,-0.0205722
-1.622399e-09,-0.0128278
-1.572399e-09,-0.00428701
-1.522399e-09,0.00587408
-1.472399e-09,0.0186166
-1.422399e-09,0.0226536
-1.372399e-09,0.0165295
-1.322399e-09,0.00603885
-1.272399e-09,-0.00689593
-1.222399e-09,-0.0174964
-1.172399e-09,-0.0232361
-1.122399e-09,-0.0271632
-1.072399e-09,-0.0264492
-1.022399e-09,-0.0228516
-9.723988e-10,-0.0238952
-9.223988e-10,-0.0248289
-8.723988e-10,-0.0189519
-8.223988e-10,-0.00961471
-7.723988e-10,-0.00294135
-7.223988e-10,-0.00285896
-6.723988e-10,-0.00788458
-6.223988e-10,-0.00939501
-5.723988e-10,-0.0102463
-5.223988e-10,-0.0169197
-4.723988e-10,-0.0251035
-4.223988e-10,-0.0317494
-3.723988e-10,-0.0308706
-3.223988e-10,-0.0238128
-2.723988e-10,-0.0116195
-2.223988e-10,0.0106525
-1.723988e-10,0.028558
-1.223988e-10,0.0472324
-7.239878e-11,0.0878218
-2.239878e-11,0.130443
2.760122e-11,0.179876
7.760122e-11,0.261274
1.276012e-10,0.342755
1.776012e-10,0.398476
2.276012e-10,0.430745
2.776012e-10,0.431761
3.276012e-10,0.405122
3.776012e-10,0.362775
4.276012e-10,0.307439
4.776012e-10,0.241721
5.276012e-10,0.183556
5.776012e-10,0.149942
6.276012e-10,0.132613
6.776012e-10,0.123386
7.276012e-10,0.117921
7.776012e-10,0.111275
8.276012e-10,0.106414
8.776012e-10,0.0914743
9.276012e-10,0.0626388
9.776012e-10,0.0421244
1.027601e-09,0.0333365
1.077601e-09,0.0261962
1.127601e-09,0.0244936
1.177601e-09,0.0243563
1.227601e-09,0.0209784
1.277601e-09,0.0195503
1.327601e-09,0.0159253
1.377601e-09,0.0140853
1.427601e-09,0.017216
1.477601e-09,0.0163922
1.527601e-09,0.0163372
1.577601e-09,0.0165844
1.627601e-09,0.0102406
1.677601e-09,0.003375
1.727601e-09,-0.00187032
1.777601e-09,-0.00722548
1.827601e-09,-0.00986187
1.877601e-09,-0.00799443
1.927601e-09,-0.00222733
1.977601e-09,0.00787883
2.027601e-09,0.0165295
2.077601e-09,0.0149916
2.127601e-09,0.0102955
2.177601e-09,0.0014801
2.227601e-09,-0.0157937
2.277601e-09,-0.0215334
2.327601e-09,-0.0131848
2.377601e-09,-0.0105484
2.427601e-09,-0.0116469
2.477601e-09,-0.00365537
2.527601e-09,0.00691765
2.577601e-09,0.0110645
2.627601e-09,0.0156507
2.677601e-09,0.020539
2.727601e-09,0.020539
2.777601e-09,0.0146346
2.827601e-09,0.00266098
2.877601e-09,-0.00209002
2.927601e-09,0.00142517
2.977601e-09,0.000436525
3.027601e-09,0.00656064
3.077601e-09,0.0212256
3.127601e-09,0.0230106
3.177601e-09,0.0165569
3.227601e-09,0.0126847
3.277601e-09,0.00809853
3.327601e-09,0.00417141
3.377601e-09,-0.0053855
3.427601e-09,-0.0193639
3.477601e-09,-0.022577
3.527601e-09,-0.0191716
3.577601e-09,-0.0160134
3.627601e-09,-0.0077198
3.677601e-09,-0.00310612
3.727601e-09,-0.00763742
3.777601e-09,-0.00750011
3.827601e-09,-0.00187032
3.877601e-09,5.20511e-05
3.927601e-09,0.0035947
3.977601e-09,0.0148268
4.027601e-09,0.0207038
4.077601e-09,0.0133988
4.127601e-09,0.00991105
4.177601e-09,0.0101582
4.227601e-09,-0.0026118
4.277601e-09,-0.0129926
4.327601e-09,-0.00447924
4.377601e-09,0.0063684
4.427601e-09,0.00713735
4.477601e-09,0.00782391
4.527601e-09,0.0167492
4.577601e-09,0.027075
4.627601e-09,0.0213079
4.677601e-09,-0.00247449
4.727601e-09,-0.013432
4.777601e-09,-0.00467148
4.827601e-09,0.00178218
4.877601e-09,0.00623109
4.927601e-09,0.00628601
4.977601e-09,-0.000414809
5.027601e-09,-0.00162315
5.077601e-09,-0.0060446
5.127601e-09,-0.0196659
5.177601e-09,-0.024005
5.227601e-09,-0.0204074
5.277601e-09,-0.0205173
5.327601e-09,-0.0159036
5.377601e-09,-0.00406731
5.427601e-09,0.00546214
5.477601e-09,0.00524244
5.527601e-09,-0.00307866
5.577601e-09,-0.0123335
5.627601e-09,-0.0180457
5.677601e-09,-0.019968
5.727601e-09,-0.0263118
5.777601e-09,-0.0337541
5.827601e-09,-0.0326831
5.877601e-09,-0.0350174
5.927601e-09,-0.0432287
5.977601e-09,-0.0442997
6.027601e-09,-0.0399332
6.077601e-09,-0.033864
6.127601e-09,-0.0292503
6.177601e-09,-0.0304037
6.227601e-09,-0.0288658
6.277601e-09,-0.0197483
6.327601e-09,-0.00966963
6.377601e-09,-0.000250035
6.427601e-09,0.00919703
6.477601e-09,0.0158429
6.527601e-09,0.0174632
6.577601e-09,0.0153211
6.627601e-09,0.0123277
6.677601e-09,0.00752182
6.727601e-09,0.000354137
6.777601e-09,-0.00099152
6.827601e-09,0.00414395
6.877601e-09,0.00323769
6.927601e-09,-0.00104644
6.977601e-09,-0.0030512
7.027601e-09,-0.00505595
7.077601e-09,-0.001733
7.127601e-09,-0.000469734
7.177601e-09,-0.0103287
7.227601e-09,-0.0140087
7.277601e-09,-0.00620937
7.327601e-09,-0.00640161
7.377601e-09,-0.0145305
7.427601e-09,-0.0131574
7.477601e-09,-0.00862606
7.527601e-09,-0.0102738
7.577601e-09,-0.00736279
7.627601e-09,-0.00228225
7.677601e-09,0.000628761
7.727601e-09,0.00378694
7.777601e-09,-0.000552121
7.827601e-09,-0.00802189
7.877601e-09,-0.0081592
7.927601e-09,-0.00944993
7.977601e-09,-0.0154917
8.027601e-09,-0.015272
8.077601e-09,-0.0109878
8.127601e-09,-0.00796697
8.177601e-09,-0.00088167
8.227601e-09,0.00466573
8.277601e-09,0.00158994
8.327601e-09,-0.000744358
8.377601e-09,0.0010407
8.427601e-09,-0.00412223
8.477601e-09,-0.013432
8.527601e-09,-0.0122786
8.577601e-09,-0.00739026
8.627601e-09,-0.0143932
8.677601e-09,-0.024005
8.727601e-09,-0.0254605
8.777601e-09,-0.0325458
8.827601e-09,-0.0453707
8.877601e-09,-0.0492704
8.927601e-09,-0.0452609
8.977601e-09,-0.0339189
9.027601e-09,-0.0184851
9.077601e-09,-0.00708817
9.127601e-09,0.00145263
9.177601e-09,0.00529737
9.227601e-09,0.00197442
9.277601e-09,-0.00659385
9.327601e-09,-0.022577
9.377601e-09,-0.0343034
9.427601e-09,-0.029827
9.477601e-09,-0.0296623
9.527601e-09,-0.0394114
9.577601e-09,-0.0355392
9.627601e-09,-0.0240325
9.677601e-09,-0.0184301
9.727601e-09,-0.0114272
9.777601e-09,-0.0102463
9.827601e-09,-0.0184851
9.877601e-09,-0.0193913
9.927601e-09,-0.0176887
9.977601e-09,-0.0297446
1.00276e-08,-0.0459474
1.00776e-08,-0.0449313
1.01276e-08,-0.0326831
1.01776e-08,-0.0344132
1.02276e-08,-0.0436955
1.02776e-08,-0.0345506
1.03276e-08,-0.0149699
1.03776e-08,-0.0083789
1.04276e-08,-0.0107132
1.04776e-08,-0.0118666
1.05276e-08,-0.0126081
1.05776e-08,-0.00944993
1.06276e-08,-0.00351806
1.06776e-08,0.00211173
1.07276e-08,0.00842808
1.07776e-08,0.00963642
1.08276e-08,0.00419887
1.08776e-08,0.00172726
1.09276e-08,0.0063684
1.09776e-08,0.0149916
1.10276e-08,0.0207038
1.10776e-08,0.019413
1.11276e-08,0.0226536
1.11776e-08,0.0299037
1.12276e-08,0.0232028
1.12776e-08,0.0095815
1.13276e-08,0.00428126
1.13776e-08,0.000683686
1.14276e-08,-0.00511088
1.14776e-08,-0.00576998
1.15276e-08,7.95135e-05
1.15776e-08,0.00263352
1.16276e-08,-0.00489118
1.16776e-08,-0.0110153
1.17276e-08,-0.0102738
1.17776e-08,-0.0163155
1.18276e-08,-0.0263668
1.18776e-08,-0.0243345
1.19276e-08,-0.0151346
1.19776e-08,-0.0103837
1.20276e-08,-0.00673116
1.20776e-08,-0.00247449
1.21276e-08,-0.00769234
1.21776e-08,-0.0164254
1.22276e-08,-0.0144481
1.22776e-08,-0.0137341
1.23276e-08,-0.0198856
1.23776e-08,-0.0232361
1.24276e-08,-0.0222474
1.24776e-08,-0.0114547
1.25276e-08,0.00433618
1.25776e-08,0.0144698
1.26276e-08,0.0185617
1.26776e-08,0.00944419
1.27276e-08,-0.00340821
1.27776e-08,-0.00112883
1.28276e-08,-0.00145838
1.28776e-08,-0.0179358
1.29276e-08,-0.027685
1.29776e-08,-0.0224122
1.30276e-08,-0.0188695
1.30776e-08,-0.0235107
1.31276e-08,-0.029827
1.31776e-08,-0.0287285
1.32276e-08,-0.02038
1.32776e-08,-0.0119215
1.33276e-08,-0.0053855
1.33776e-08,0.0003816
1.34276e-08,0.00332008
1.34776e-08,-2.87366e-06
1.35276e-08,-0.000112723
1.35776e-08,0.00222158
1.36276e-08,-0.00280404
1.36776e-08,-0.00497357
1.37276e-08,-0.00154077
1.37776e-08,-0.00324344
1.38276e-08,-0.00999918
1.38776e-08,-0.0165078
1.39276e-08,-0.0223847
1.39776e-08,-0.0287285
1.40276e-08,-0.0318318
1.40776e-08,-0.0255154
1.41276e-08,-0.0207644
1.41776e-08,-0.0288109
1.42276e-08,-0.0283441
1.42776e-08,-0.0118117
1.43276e-08,-0.00620937
1.43776e-08,-0.0142009
1.44276e-08,-0.0172767
1.44776e-08,-0.017057
1.45276e-08,-0.0188421
1.45776e-08,-0.0175239
1.46276e-08,-0.0164803
1.46776e-08,-0.0160409
1.47276e-08,-0.0053855
1.47776e-08,0.00573677
1.48276e-08,0.000903385
1.48776e-08,-0.0100266
1.49276e-08,-0.0127729
1.49776e-08,-0.0106034
1.50276e-08,-0.0108231
1.50776e-08,-0.0129651
1.51276e-08,-0.0133771
1.51776e-08,-0.0129377
1.52276e-08,-0.0164254
1.52776e-08,-0.0174964
1.53276e-08,-0.00980695
1.53776e-08,-0.00340821
1.54276e-08,-0.00121122
1.54776e-08,0.00252367
1.55276e-08,0.00590154
1.55776e-08,0.00779644
1.56276e-08,0.0136185
1.56776e-08,0.0210059
1.57276e-08,0.0189462
1.57776e-08,0.0110095
1.58276e-08,0.00450096
1.58776e-08,-0.00681355
1.59276e-08,-0.0187871
1.59776e-08,-0.0190343
1.60276e-08,-0.0108231
1.60776e-08,-0.00203509
1.61276e-08,0.00573677
1.61776e-08,0.00925195
1.62276e-08,0.0061487
1.62776e-08,0.00150756
1.63276e-08,0.00200188
1.63776e-08,0.00513259
1.64276e-08,-0.000524659
1.64776e-08,-0.0153269
1.65276e-08,-0.0208468
1.65776e-08,-0.0143932
1.66276e-08,-0.0144481
1.66776e-08,-0.0216158
1.67276e-08,-0.0202701
1.67776e-08,-0.015217
1.68276e-08,-0.0219453
1.68776e-08,-0.0287835
1.69276e-08,-0.0236755
1.69776e-08,-0.0166725
1.70276e-08,-0.0144756
1.70776e-08,-0.01486
1.71276e-08,-0.0129926
1.71776e-08,-0.010109
1.72276e-08,-0.00977948
1.72776e-08,-0.015272
1.73276e-08,-0.0223573
1.73776e-08,-0.0179358
1.74276e-08,-0.0108231
1.74776e-08,-0.0156839
1.75276e-08,-0.0157388
1.75776e-08,-0.00826905
1.76276e-08,-0.0184027
1.76776e-08,-0.02947
1.77276e-08,-0.020325
1.77776e-08,-0.0117842
1.78276e-08,-0.00890069
1.78776e-08,-0.0081592
1.79276e-08,-0.0128003
1.79776e-08,-0.0139263
1.80276e-08,-0.0110153
1.80776e-08,-0.0113723
1.81276e-08,-0.00999918
1.81776e-08,-0.00530311
1.82276e-08,-0.0100266
1.82776e-08,-0.0226319
1.83276e-08,-0.026559
1.83776e-08,-0.0191991
1.84276e-08,-0.0149699
1.84776e-08,-0.0192265
1.85276e-08,-0.0204624
1.85776e-08,-0.0132947
1.86276e-08,-0.00126614
1.86776e-08,0.0027159
1.87276e-08,-0.00184285
1.87776e-08,0.00428126
1.88276e-08,0.0127122
1.88776e-08,0.0120257
1.89276e-08,0.011037
1.89776e-08,0.00851047
1.90276e-08,0.00738451
1.90776e-08,0.00713735
1.91276e-08,0.000106976
1.91776e-08,-0.00780219
1.92276e-08,-0.0114272
1.92776e-08,-0.0112899
1.93276e-08,-0.0109329
1.93776e-08,-0.00862606
1.94276e-08,-0.00316105
1.94776e-08,-0.00393
1.95276e-08,-0.00813174
1.95776e-08,-0.00379268
1.96276e-08,0.00222158
1.96776e-08,-0.00165062
1.97276e-08,-0.00826905
1.97776e-08,-0.0107407
1.98276e-08,-0.00678608
1.98776e-08,0.00551707
1.99276e-08,0.0174083
1.99776e-08,0.0192757
2.00276e-08,0.0123003
2.00776e-08,0.00510513
2.01276e-08,-0.00101898
2.01776e-08,-0.00219986
2.02276e-08,0.00631348
2.02776e-08,0.00595646
2.03276e-08,-0.00703324
2.03776e-08,-0.00868099
2.04276e-08,-0.000579584
2.04776e-08,0.00222158
2.05276e-08,0.00645079
2.05776e-08,0.0140853
2.06276e-08,0.0127671
2.06776e-08,0.00164487
2.07276e-08,-0.00733533
2.07776e-08,-0.00840636
2.08276e-08,-0.00975202
2.08776e-08,-0.0154093
2.09276e-08,-0.0161508
2.09776e-08,-0.0112075
2.10276e-08,-0.0058249
2.10776e-08,-0.000524659
2.11276e-08,-0.00296881
2.11776e-08,-0.013075
2.12276e-08,-0.0149973
2.12776e-08,-0.00752757
2.13276e-08,-0.00511088
2.13776e-08,-0.0117842
2.14276e-08,-0.0166725
2.14776e-08,-0.0143932
2.15276e-08,-0.0123884
2.15776e-08,-0.0105759
2.16276e-08,-0.0121412
2.16776e-08,-0.0243071
2.17276e-08,-0.0292229
2.17776e-08,-0.0224396
2.18276e-08,-0.0185125
2.18776e-08,-0.0103287
2.19276e-08,0.000793536
2.19776e-08,0.00661556
2.20276e-08,0.00609378
2.20776e-08,-0.0037103
2.21276e-08,-0.00939501
2.21776e-08,-0.00851621
2.22276e-08,-0.0134045
2.22776e-08,-0.0173042
2.23276e-08,-0.0165902
2.23776e-08,-0.0142833
2.24276e-08,-0.0081592
2.24776e-08,-0.00695086
2.25276e-08,-0.00700578
2.25776e-08,0.00312784
2.26276e-08,0.00779644
2.26776e-08,0.00617616
2.27276e-08,0.0129319
2.27776e-08,0.0166943
2.28276e-08,0.0107075
2.28776e-08,0.0054896
2.29276e-08,0.00557199
2.29776e-08,0.00713735
2.30276e-08,0.00277083
2.30776e-08,-0.0092577
2.31276e-08,-0.0181006
2.31776e-08,-0.0206546
2.32276e-08,-0.0231537
2.32776e-08,-0.0227417
2.33276e-08,-0.0232361
2.33776e-08,-0.0286736
2.34276e-08,-0.0346604
2.34776e-08,-0.0387798
2.35276e-08,-0.0340837
2.35776e-08,-0.0266414
2.36276e-08,-0.0273279
2.36776e-08,-0.025131
2.37276e-08,-0.0176063
2.37776e-08,-0.0163705
2.38276e-08,-0.0202701
2.38776e-08,-0.0204898
2.39276e-08,-0.0165627
2.39776e-08,-0.0141185
2.40276e-08,-0.0187597
2.40776e-08,-0.0298545
2.41276e-08,-0.0349625
2.41776e-08,-0.0315022
2.42276e-08,-0.0293602
2.42776e-08,-0.0262295
2.43276e-08,-0.0176887
2.43776e-08,-0.00923024
2.44276e-08,-0.00409477
2.44776e-08,-0.0053855
2.45276e-08,-0.0133221
2.45776e-08,-0.0197758
2.46276e-08,-0.0196659
2.46776e-08,-0.0149424
2.47276e-08,-0.0136517
2.47776e-08,-0.0137615
2.48276e-08,-0.00612699
2.48776e-08,0.00233143
2.49276e-08,0.00202934
2.49776e-08,0.000518912
2.50276e-08,0.00933434
2.50776e-08,0.0196327
2.51276e-08,0.0149367
2.51776e-08,0.00900479
2.52276e-08,0.0164196
2.52776e-08,0.0141403
2.53276e-08,-0.00099152
2.53776e-08,-0.00412223
2.54276e-08,-0.00351806
2.54776e-08,-0.0058249
2.55276e-08,0.00529737
2.55776e-08,0.012108
2.56276e-08,-0.00266673
2.56776e-08,-0.0153543
2.57276e-08,-0.0146953
2.57776e-08,-0.00802189
2.58276e-08,-0.00140346
2.58776e-08,-0.00222733
2.59276e-08,-0.00121122
2.59776e-08,0.00840062
2.60276e-08,0.0101857
2.60776e-08,0.00183711
2.61276e-08,-0.00335328
2.61776e-08,-0.00901054
2.62276e-08,-0.0193089
2.62776e-08,-0.0272181
2.63276e-08,-0.0271083
2.63776e-08,-0.0119215
2.64276e-08,0.00321023
2.64776e-08,-0.000469734
2.65276e-08,-0.00972456
2.65776e-08,-0.0140087
2.66276e-08,-0.00821413
2.66776e-08,0.00027175
2.67276e-08,-0.00475387
2.67776e-08,-0.00728041
2.68276e-08,0.0022765
2.68776e-08,0.00595646
2.69276e-08,0.00266098
2.69776e-08,0.00518752
2.70276e-08,0.00996597
2.70776e-08,0.00645079
2.71276e-08,-0.00200763
2.71776e-08,-0.00376522
2.72276e-08,0.00131532
2.72776e-08,0.000656224
2.73276e-08,-0.00491864
2.73776e-08,-0.00799443
2.74276e-08,-0.00755503
2.74776e-08,-0.000524659
2.75276e-08,0.00238635
2.75776e-08,-0.00252941
2.76276e-08,0.00219412
2.76776e-08,0.0118883
2.77276e-08,0.0141403
2.77776e-08,0.0150191
2.78276e-08,0.0151014
2.78776e-08,0.00691765
2.79276e-08,-0.00887322
2.79776e-08,-0.0216158
2.80276e-08,-0.0350998
2.80776e-08,-0.0509456
2.81276e-08,-0.0486388
2.81776e-08,-0.0352646
2.82276e-08,-0.0276575
2.82776e-08,-0.016343
2.83276e-08,-0.00176047
2.83776e-08,0.00499528
2.84276e-08,7.95135e-05
2.84776e-08,-0.0112075
2.85276e-08,-0.0162606
2.85776e-08,-0.0171943
2.86276e-08,-0.0252408
2.86776e-08,-0.0297172
2.87276e-08,-0.0218629
2.87776e-08,-0.0175513
2.88276e-08,-0.0226593
2.88776e-08,-0.0290032
2.89276e-08,-0.0288384
2.89776e-08,-0.0179907
2.90276e-08,-0.0135968
2.90776e-08,-0.022522
2.91276e-08,-0.0206821
2.91776e-08,-0.00977948
2.92276e-08,-0.0106308
2.92776e-08,-0.0199955
2.93276e-08,-0.0273829
2.93776e-08,-0.0274103
2.94276e-08,-0.0209292
2.94776e-08,-0.0157114
2.95276e-08,-0.0157114
2.95776e-08,-0.0150248
2.96276e-08,-0.00489118
2.96776e-08,0.00510513
2.97276e-08,0.00175472
2.97776e-08,-0.00706071
2.98276e-08,-0.0154367
2.98776e-08,-0.0195286
2.99276e-08,-0.013789
2.99776e-08,-0.0125806
3.00276e-08,-0.0183752
3.00776e-08,-0.0124708
3.01276e-08,0.00213919
3.01776e-08,0.0106251
3.02276e-08,0.00884002
3.02776e-08,0.00436365
3.03276e-08,0.00889494
3.03776e-08,0.0136734
3.04276e-08,0.00809853
3.04776e-08,0.00150756
3.05276e-08,-0.00725294
3.05776e-08,-0.0164528
3.06276e-08,-0.0158487
3.06776e-08,-0.0167
3.07276e-08,-0.0255978
3.07776e-08,-0.0281244
3.08276e-08,-0.0184576
3.08776e-08,-0.0137341
3.09276e-08,-0.0219453
3.09776e-08,-0.0229614
3.10276e-08,-0.0149699
3.10776e-08,-0.0187871
3.11276e-08,-0.0281244
3.11776e-08,-0.0271632
3.12276e-08,-0.0322986
3.12776e-08,-0.0503414
3.13276e-08,-0.0571796
3.13776e-08,-0.0549002
3.14276e-08,-0.0593491
3.14776e-08,-0.0577013
3.15276e-08,-0.0415535
3.15776e-08,-0.0265041
3.16276e-08,-0.0245817
3.16776e-08,-0.0326557
3.17276e-08,-0.0380932
3.17776e-08,-0.0295249
3.18276e-08,-0.0144756
3.18776e-08,-0.0128003
3.19276e-08,-0.0202427
3.19776e-08,-0.0182928
3.20276e-08,-0.0114547
3.20776e-08,-0.0069234
3.21276e-08,-0.00115629
3.21776e-08,0.00441857
3.22276e-08,0.00686272
3.22776e-08,0.00455588
3.23276e-08,-0.00101898
3.23776e-08,-0.00678608
3.24276e-08,-0.0171943
3.24776e-08,-0.0266139
3.25276e-08,-0.0276575
3.25776e-08,-0.0306784
3.26276e-08,-0.0296897
3.26776e-08,-0.0188421
3.27276e-08,-0.0118392
3.27776e-08,-0.00656638
3.28276e-08,-0.00192524
3.28776e-08,-0.00431447
3.29276e-08,-0.00576998
3.29776e-08,-0.00695086
3.30276e-08,-0.0180457
3.30776e-08,-0.0282617
3.31276e-08,-0.0267787
3.31776e-08,-0.0179633
3.32276e-08,-0.00642907
3.32776e-08,-0.0015133
3.33276e-08,-0.00137599
3.33776e-08,0.00150756
3.34276e-08,-0.0026118
3.34776e-08,-0.0112075
3.35276e-08,-0.015574
3.35776e-08,-0.0274378
3.36276e-08,-0.0424048
3.36776e-08,-0.0432012
3.37276e-08,-0.0361434
3.37776e-08,-0.0294151
3.38276e-08,-0.0188421
3.38776e-08,-0.00791204
3.39276e-08,-0.00321597
3.39776e-08,-0.00678608
3.40276e-08,-0.0187597
3.40776e-08,-0.0238952
3.41276e-08,-0.0154642
3.41776e-08,-0.0151896
3.42276e-08,-0.0257351
3.42776e-08,-0.0286461
3.43276e-08,-0.0280694
3.43776e-08,-0.0311452
3.44276e-08,-0.0338365
3.44776e-08,-0.0368574
3.45276e-08,-0.0351273
3.45776e-08,-0.0307333
3.46276e-08,-0.0352097
3.46776e-08,-0.0409218
3.47276e-08,-0.0366652
3.47776e-08,-0.0270259
3.48276e-08,-0.0179358
3.48776e-08,-0.0124159
3.49276e-08,-0.00936755
3.49776e-08,-0.00159569
3.50276e-08,0.00353977
3.50776e-08,-0.00209002
3.51276e-08,-0.00890069
3.51776e-08,-0.0135144
3.52276e-08,-0.0150248
3.52776e-08,-0.0128553
3.53276e-08,-0.012718
3.53776e-08,-0.00541296
3.54276e-08,0.00590154
3.54776e-08,0.00084846
3.55276e-08,-0.00681355
3.55776e-08,-0.00469894
3.56276e-08,-0.00744518
3.56776e-08,-0.0120039
3.57276e-08,-0.00736279
3.57776e-08,-0.00159569
3.58276e-08,-0.00513834
3.58776e-08,-0.0120863
3.59276e-08,-0.0122236
3.59776e-08,-0.00931262
3.60276e-08,-0.0167275
3.60776e-08,-0.0305685
3.61276e-08,-0.0333147
3.61776e-08,-0.0288109
3.62276e-08,-0.0237304
3.62776e-08,-0.0115645
3.63276e-08,0.00334754
3.63776e-08,0.0157056
3.64276e-08,0.0230381
3.64776e-08,0.0233676
3.65276e-08,0.0199623
3.65776e-08,0.0105152
3.66276e-08,-0.000387347
3.66776e-08,-0.0062643
3.67276e-08,-0.0128553
3.67776e-08,-0.02038
3.68276e-08,-0.0194737
3.68776e-08,-0.0092577
3.69276e-08,-0.00456163
3.69776e-08,-0.00870845
3.70276e-08,-0.0106034
3.70776e-08,-0.012663
3.71276e-08,-0.0174964
3.71776e-08,-0.0181006
3.72276e-08,-0.0163705
3.72776e-08,-0.0141735
3.73276e-08,-0.00697832
3.73776e-08,-0.00401238
3.74276e-08,-0.00714309
3.74776e-08,-0.00406731
3.75276e-08,-0.0037103
3.75776e-08,-0.00890069
3.76276e-08,-0.00445178
3.76776e-08,0.00428126
3.77276e-08,0.00345739
3.77776e-08,-0.00439686
3.78276e-08,-0.00876338
3.78776e-08,-0.00821413
3.79276e-08,-0.0056052
3.79776e-08,-0.00593475
3.80276e-08,-0.0142009
3.80776e-08,-0.0230713
3.81276e-08,-0.0246092
3.81776e-08,-0.0186498
3.82276e-08,-0.0156564
3.82776e-08,-0.0188146
3.83276e-08,-0.0149699
3.83776e-08,-0.0121962
3.84276e-08,-0.0199955
3.84776e-08,-0.0246916
3.85276e-08,-0.022577
3.85776e-08,-0.0148326
3.86276e-08,-0.00412223
3.86776e-08,-0.00187032
3.87276e-08,-0.0051658
3.87776e-08,-0.00758249
3.88276e-08,-0.0153269
3.88776e-08,-0.0282891
3.89276e-08,-0.032024
3.89776e-08,-0.0217805
3.90276e-08,-0.0128278
3.90776e-08,-0.0133496
3.91276e-08,-0.0148875
3.91776e-08,-0.0159585
3.92276e-08,-0.0199955
3.92776e-08,-0.0173316
3.93276e-08,-0.00923024
3.93776e-08,-0.0140911
3.94276e-08,-0.0312276
3.94776e-08,-0.0388072
3.95276e-08,-0.0324909
3.95776e-08,-0.0300742
3.96276e-08,-0.0336718
3.96776e-08,-0.0359786
3.97276e-08,-0.036418
3.97776e-08,-0.0316121
3.98276e-08,-0.020325
3.98776e-08,-0.00854368
3.99276e-08,-0.00357298
3.99776e-08,-0.000661971
4.00276e-08,-0.00115629
4.00776e-08,-0.0168099
4.01276e-08,-0.0300467
4.01776e-08,-0.0254605
4.02276e-08,-0.0223298
4.02776e-08,-0.0239775
4.03276e-08,-0.0137615
4.03776e-08,-0.00206255
4.04276e-08,-0.00450671
4.04776e-08,-0.00280404
4.05276e-08,0.0126847
4.05776e-08,0.0149367
4.06276e-08,0.00491289
4.06776e-08,0.00760421
4.07276e-08,0.0114215
4.07776e-08,0.00598393
4.08276e-08,0.00255113
4.08776e-08,0.00120547
4.09276e-08,-0.00115629
4.09776e-08,-0.000387347
4.10276e-08,0.0027159
4.10776e-08,-0.000332422
4.11276e-08,-0.0100266
4.11776e-08,-0.0132397
4.12276e-08,-0.00436939
4.12776e-08,-0.00019511
4.13276e-08,-0.006484
4.13776e-08,-0.0067037
4.14276e-08,-0.00651146
4.14776e-08,-0.0130475
4.15276e-08,-0.0101914
4.15776e-08,-0.00362791
4.16276e-08,-0.00623684
4.16776e-08,-0.0083789
4.17276e-08,-0.00664877
4.17776e-08,-0.0113998
4.18276e-08,-0.0188421
4.18776e-08,-0.020023
4.19276e-08,-0.0248014
4.19776e-08,-0.0294975
4.20276e-08,-0.0292778
4.20776e-08,-0.0382305
4.21276e-08,-0.0381481
4.21776e-08,-0.0180182
4.22276e-08,-0.00964217
4.22776e-08,-0.0161782
4.23276e-08,-0.0117568
4.23776e-08,0.00120547
4.24276e-08,0.00213919
4.24776e-08,-0.00533058
4.25276e-08,-0.00791204
4.25776e-08,-0.0124983
4.26276e-08,-0.0201603
4.26776e-08,-0.0179633
4.27276e-08,-0.00997172
4.27776e-08,-0.00379268
4.28276e-08,0.00732958
4.28776e-08,0.0191384
4.29276e-08,0.0192757
4.29776e-08,0.0113391
4.30276e-08,0.00191949
4.30776e-08,-0.0053855
4.31276e-08,-0.00708817
4.31776e-08,-0.00840636
4.32276e-08,-0.00675862
4.32776e-08,0.00620363
4.33276e-08,0.019468
4.33776e-08,0.0177928
4.34276e-08,0.00411648
4.34776e-08,-0.00928516
4.35276e-08,-0.0103013
4.35776e-08,0.000518912
4.36276e-08,0.00186457
4.36776e-08,-0.0103013
4.37276e-08,-0.0116469
4.37776e-08,-0.00263926
4.38276e-08,-0.00187032
4.38776e-08,0.00178218
4.39276e-08,0.00894986
4.39776e-08,0.00244128
4.40276e-08,-0.00972456
4.40776e-08,-0.0195561
4.41276e-08,-0.024005
4.41776e-08,-0.0222474
4.42276e-08,-0.0235931
4.42776e-08,-0.0249387
4.43276e-08,-0.0190343
4.43776e-08,-0.0109878
4.44276e-08,-0.00552281
4.44776e-08,-0.00156823
4.45276e-08,-0.000771821
4.45776e-08,-0.00288642
4.46276e-08,-0.00587982
4.46776e-08,-0.0143932
4.47276e-08,-0.0198856
4.47776e-08,-0.00843383
4.48276e-08,0.00491289
4.48776e-08,0.00878509
4.49276e-08,0.013591
4.49776e-08,0.0159528
4.50276e-08,0.00741197
4.50776e-08,-0.000524659
4.51276e-08,0.000134438
4.51776e-08,-0.00178793
4.52276e-08,-0.00944993
4.52776e-08,-0.0148326
4.53276e-08,-0.00980695
4.53776e-08,0.00384186
4.54276e-08,0.00991105
4.54776e-08,0.00790629
4.55276e-08,0.00513259
4.55776e-08,0.000244288
4.56276e-08,-0.00442432
4.56776e-08,-0.0121138
4.57276e-08,-0.0196934
4.57776e-08,-0.0199406
4.58276e-08,-0.0160134
4.58776e-08,-0.0121687
4.59276e-08,-0.0155466
4.59776e-08,-0.0251035
4.60276e-08,-0.0260921
4.60776e-08,-0.0161233
4.61276e-08,-0.0081592
4.61776e-08,0.00115055
4.62276e-08,0.0120806
4.62776e-08,0.0114215
4.63276e-08,0.00999344
4.63776e-08,0.00908718
4.64276e-08,-0.00274911
4.64776e-08,-0.00782965
4.65276e-08,-0.000964057
4.65776e-08,0.00389679
4.66276e-08,0.0131791
4.66776e-08,0.0226811
4.67276e-08,0.0136734
4.67776e-08,0.00230397
4.68276e-08,0.00603885
4.68776e-08,0.00609378
4.69276e-08,2.45887e-05
4.69776e-08,0.00216665
4.70276e-08,0.00318276
4.70776e-08,-0.000359885
4.71276e-08,0.00112308
4.71776e-08,0.00378694
4.72276e-08,-5.77984e-05
4.72776e-08,-0.0131024
4.73276e-08,-0.0252408
4.73776e-08,-0.0220552
4.74276e-08,-0.0159585
4.74776e-08,-0.0208743
4.75276e-08,-0.0209018
4.75776e-08,-0.00986187
4.76276e-08,-0.00535804
4.76776e-08,-0.00456163
4.77276e-08,0.00623109
4.77776e-08,0.0171337
4.78276e-08,0.0142226
4.78776e-08,0.0022765
4.79276e-08,-0.00346313
4.79776e-08,-0.0067037
4.80276e-08,-0.0178534
4.80776e-08,-0.022577
4.81276e-08,-0.0151621
4.81776e-08,-0.014503
4.82276e-08,-0.0163979
4.82776e-08,-0.00920277
4.83276e-08,-0.00780219
4.83776e-08,-0.0113998
4.84276e-08,-0.0117019
4.84776e-08,-0.0162331
4.85276e-08,-0.0158761
4.85776e-08,-0.00664877
4.86276e-08,-0.00522073
4.86776e-08,-0.0120589
4.87276e-08,-0.0160409
4.87776e-08,-0.0128827
4.88276e-08,-0.00244703
4.88776e-08,0.00933434
4.89276e-08,0.0139755
4.89776e-08,0.0124376
4.90276e-08,0.00590154
4.90776e-08,-0.0131299
4.91276e-08,-0.0320515
4.91776e-08,-0.032738
4.92276e-08,-0.0322986
4.92776e-08,-0.0423773
4.93276e-08,-0.0424323
4.93776e-08,-0.0307058
4.94276e-08,-0.0289757
4.94776e-08,-0.0320515
4.95276e-08,-0.0233459
4.95776e-08,-0.0131848
4.96276e-08,-0.0114822
4.96776e-08,-0.0103837
4.97276e-08,-0.00601714
4.97776e-08,-0.00420462
4.98276e-08,-0.00247449
4.98776e-08,0.00285321
4.99276e-08,-0.00335328
4.99776e-08,-0.0158212
5.00276e-08,-0.0145854
5.00776e-08,-0.0157114
5.01276e-08,-0.0175788
5.01776e-08,-0.0051658
5.02276e-08,-0.00365537
5.02776e-08,-0.0146953
5.03276e-08,-0.0131574
5.03776e-08,-0.00390253
5.04276e-08,0.0014801
5.04776e-08,0.00329261
5.05276e-08,0.00598393
5.05776e-08,0.00974627
5.06276e-08,0.00455588
5.06776e-08,-0.0111251
5.07276e-08,-0.0231537
5.07776e-08,-0.0239226
5.08276e-08,-0.0194737
5.08776e-08,-0.01486
5.09276e-08,-0.00977948
5.09776e-08,-0.0058249
5.10276e-08,-0.00318851
5.10776e-08,0.0027159
5.11276e-08,0.00908718
5.11776e-08,0.00801614
5.12276e-08,0.000820998
5.12776e-08,-0.00464402
5.13276e-08,-0.00513834
5.13776e-08,-0.00642907
5.14276e-08,-0.0100816
5.14776e-08,-0.0115096
5.15276e-08,-0.0104386
5.15776e-08,-0.00618191
5.16276e-08,-0.000799283
5.16776e-08,-0.000661971
5.17276e-08,-0.0034906
5.17776e-08,0.00164487
5.18276e-08,0.0158978
5.18776e-08,0.0245485
5.19276e-08,0.0190286
5.19776e-08,0.00483051
5.20276e-08,-0.00214494
5.20776e-08,0.00318276
5.21276e-08,-0.00019511
5.21776e-08,-0.0105759
5.22276e-08,-0.00785712
5.22776e-08,-0.000387347
5.23276e-08,-0.0023921
5.23776e-08,-0.0079395
5.24276e-08,-0.0100816
5.24776e-08,-0.0144756
5.25276e-08,-0.0188695
5.25776e-08,-0.0158212
5.26276e-08,-0.0112625
5.26776e-08,-0.0128827
5.27276e-08,-0.0110428
5.27776e-08,-0.00332582
5.28276e-08,-0.00901054
5.28776e-08,-0.0166451
5.29276e-08,-0.00590729
5.29776e-08,0.00419887
5.30276e-08,0.0031553
5.30776e-08,0.00373201
5.31276e-08,0.00842808
5.31776e-08,0.00768659
5.32276e-08,0.00664302
5.32776e-08,0.0170787
5.33276e-08,0.0254548
5.33776e-08,0.0219396
5.34276e-08,0.0169414
5.34776e-08,0.0104328
5.35276e-08,0.0029356
5.35776e-08,0.00494036
5.36276e-08,0.00601139
5.36776e-08,0.00131532
5.37276e-08,0.00606631
5.37776e-08,0.00941673
5.38276e-08,0.000244288
5.38776e-08,-0.00763742
5.39276e-08,-0.00887322
5.39776e-08,-0.0111251
5.40276e-08,-0.0160134
5.40776e-08,-0.010466
5.41276e-08,0.00260605
5.41776e-08,0.00296306
5.42276e-08,-0.00225479
5.42776e-08,0.000409062
5.43276e-08,0.00466573
5.43776e-08,0.00472066
5.44276e-08,-0.0023921
5.44776e-08,-0.011235
5.45276e-08,-0.0134869
5.45776e-08,-0.0136791
5.46276e-08,-0.0120314
5.46776e-08,-0.00876338
5.47276e-08,-0.00579744
5.47776e-08,-0.00332582
5.48276e-08,-0.0126356
5.48776e-08,-0.0272456
5.49276e-08,-0.0315846
5.49776e-08,-0.0296623
5.50276e-08,-0.0284814
5.50776e-08,-0.0313924
5.51276e-08,-0.0296897
5.51776e-08,-0.0211489
5.52276e-08,-0.0211764
5.52776e-08,-0.0252683
5.53276e-08,-0.0248014
5.53776e-08,-0.029827
5.54276e-08,-0.0335344
5.54776e-08,-0.0230713
5.55276e-08,-0.0126905
5.55776e-08,-0.00450671
5.56276e-08,0.014305
5.56776e-08,0.0246309
5.57276e-08,0.0145797
5.57776e-08,0.00886748
5.58276e-08,0.0125474
5.58776e-08,0.00675287
5.59276e-08,-0.00209002
5.59776e-08,-0.00393
5.60276e-08,-0.0113723
5.60776e-08,-0.0213686
5.61276e-08,-0.0246916
5.61776e-08,-0.0304587
5.62276e-08,-0.0379834
5.62776e-08,-0.0414162
5.63276e-08,-0.0412239
5.63776e-08,-0.0332324
5.64276e-08,-0.0225495
5.64776e-08,-0.0207919
5.65276e-08,-0.0243345
5.65776e-08,-0.0234558
5.66276e-08,-0.0176337
5.66776e-08,-0.0109604
5.67276e-08,-0.00398492
5.67776e-08,0.00106816
5.68276e-08,0.00134278
5.68776e-08,-0.000277498
5.69276e-08,0.00128786
5.69776e-08,0.00941673
5.70276e-08,0.0123827
5.70776e-08,0.000106976
5.71276e-08,-0.00999918
5.71776e-08,-0.00651146
5.72276e-08,-0.000222573
5.72776e-08,0.00252367
5.73276e-08,0.00340246
5.73776e-08,0.00516006
5.74276e-08,0.00754928
5.74776e-08,0.00321023
5.75276e-08,-0.00997172
5.75776e-08,-0.0183752
5.76276e-08,-0.0188695
5.76776e-08,-0.0202427
5.77276e-08,-0.0158487
5.77776e-08,-0.00420462
5.78276e-08,0.00422633
5.78776e-08,0.00436365
5.79276e-08,-0.00187032
5.79776e-08,-0.00686847
5.80276e-08,-0.0143932
5.80776e-08,-0.0237029
5.81276e-08,-0.0252408
5.81776e-08,-0.0245817
5.82276e-08,-0.0185674
5.82776e-08,-0.00818667
5.83276e-08,-0.00393
5.83776e-08,0.00230397
5.84276e-08,0.00540722
5.84776e-08,-5.77984e-05
5.85276e-08,-0.00206255
5.85776e-08,-0.00612699
5.86276e-08,-0.0114822
5.86776e-08,-0.00667623
5.87276e-08,-0.0021724
5.87776e-08,-0.00601714
5.88276e-08,-0.0138714
5.88776e-08,-0.0230438
5.89276e-08,-0.0229614
5.89776e-08,-0.0120314
5.90276e-08,-0.00467148
5.90776e-08,-0.000799283
5.91276e-08,0.00485797
5.91776e-08,0.00642333
5.92276e-08,-0.000167648
5.92776e-08,-0.00329836
5.93276e-08,0.00765913
5.93776e-08,0.0152113
5.94276e-08,0.00905971
5.94776e-08,0.00194696
5.95276e-08,-0.00192524
5.95776e-08,-0.009038
5.96276e-08,-0.0176887
5.96776e-08,-0.0145854
5.97276e-08,-0.00184285
5.97776e-08,0.000573836
5.98276e-08,-0.00810428
5.98776e-08,-0.00796697
5.99276e-08,0.000161901
5.99776e-08,0.00395171
6.00276e-08,0.00700004
6.00776e-08,0.0109546
6.01276e-08,0.012163
6.01776e-08,0.00999344
6.02276e-08,0.00985612
6.02776e-08,0.0164471
6.03276e-08,0.0188089
6.03776e-08,0.0106525
6.04276e-08,0.00120547
6.04776e-08,-0.00914785
6.05276e-08,-0.0201053
6.05776e-08,-0.0221925
6.06276e-08,-0.022879
6.06776e-08,-0.0313924
6.07276e-08,-0.0381756
6.07776e-08,-0.036418
6.08276e-08,-0.0256802
6.08776e-08,-0.0118392
6.09276e-08,-0.00513834
6.09776e-08,-0.00362791
6.10276e-08,0.000216825
6.10776e-08,0.00433618
6.11276e-08,0.00559945
6.11776e-08,0.00595646
6.12276e-08,0.00156248
6.12776e-08,-0.00607206
6.13276e-08,-0.0112899
6.13776e-08,-0.0171394
6.14276e-08,-0.0164254
6.14776e-08,-0.00821413
6.15276e-08,-0.00618191
6.15776e-08,-0.00975202
6.16276e-08,-0.0158487
6.16776e-08,-0.0216158
6.17276e-08,-0.0217805
6.17776e-08,-0.0171119
6.18276e-08,-0.00612699
6.18776e-08,0.00137025
6.19276e-08,-0.000607046
6.19776e-08,0.00617616
6.20276e-08,0.018342
6.20776e-08,0.0191384
6.21276e-08,0.0127397
6.21776e-08,0.00252367
6.22276e-08,-0.0067037
6.22776e-08,-0.0110977
6.23276e-08,-0.012306
6.23776e-08,-0.00840636
6.24276e-08,-0.0100266
6.24776e-08,-0.0176337
6.25276e-08,-0.0171943
6.25776e-08,-0.0137066
6.26276e-08,-0.0150523
6.26776e-08,-0.0253232
6.27276e-08,-0.0366102
6.27776e-08,-0.0334521
6.28276e-08,-0.0240325
6.28776e-08,-0.0147776
6.29276e-08,-0.00129361
6.29776e-08,0.0107349
6.30276e-08,0.0150191
6.30776e-08,0.0123003
6.31276e-08,0.00386932
6.31776e-08,-0.0117019
6.32276e-08,-0.0238402
6.32776e-08,-0.0215883
6.33276e-08,-0.0204624
6.33776e-08,-0.0199955
6.34276e-08,-0.00758249
6.34776e-08,-0.00360045
6.35276e-08,-0.00725294
6.35776e-08,-0.00165062
6.36276e-08,-0.00112883
6.36776e-08,-0.00566013
6.37276e-08,-0.00121122
6.37776e-08,0.00938926
6.38276e-08,0.0204017
6.38776e-08,0.02529
6.39276e-08,0.0202094
6.39776e-08,0.0120257
6.40276e-08,0.00834569
6.40776e-08,0.00488543
6.41276e-08,-0.00428701
6.41776e-08,-0.0108231
6.42276e-08,-0.0120589
6.42776e-08,-0.0152994
6.43276e-08,-0.0224671
6.43776e-08,-0.030184
6.44276e-08,-0.0300193
6.44776e-08,-0.024719
6.45276e-08,-0.0224122
6.45776e-08,-0.0228241
6.46276e-08,-0.0227417
6.46776e-08,-0.0141185
6.47276e-08,-0.0021724
6.47776e-08,0.0010407
6.48276e-08,-0.000250035
6.48776e-08,-0.00206255
6.49276e-08,-0.00211748
6.49776e-08,0.000683686
6.50276e-08,-0.00403984
6.50776e-08,-0.0140636
6.51276e-08,-0.0140362
6.51776e-08,-0.00631922
6.52276e-08,0.00115055
6.52776e-08,0.00949911
6.53276e-08,0.0124376
6.53776e-08,0.0126573
6.54276e-08,0.0197426
6.54776e-08,0.0213629
6.55276e-08,0.0172984
6.55776e-08,0.0171611
6.56276e-08,0.0152937
6.56776e-08,0.013234
6.57276e-08,0.0113666
6.57776e-08,0.00774152
6.58276e-08,0.00787883
6.58776e-08,0.00886748
6.59276e-08,0.00450096
6.59776e-08,0.000628761
6.60276e-08,0.00244128
6.60776e-08,-0.000771821
6.61276e-08,-0.00664877
6.61776e-08,0.000463987
6.62276e-08,0.00650571
6.62776e-08,0.00131532
6.63276e-08,-0.00198017
6.63776e-08,-0.00121122
6.64276e-08,0.00222158
6.64776e-08,0.00211173
6.65276e-08,-0.00587982
6.65776e-08,-0.00953232
6.66276e-08,-0.00143092
6.66776e-08,0.0061487
6.67276e-08,-3.03361e-05
6.67776e-08,-0.0099168
6.68276e-08,-0.0115645
6.68776e-08,-0.0114547
6.69276e-08,-0.0167824
6.69776e-08,-0.0283715
6.70276e-08,-0.0352371
6.70776e-08,-0.0237853
6.71276e-08,-0.00579744
6.71776e-08,0.00386932
6.72276e-08,0.0127671
6.72776e-08,0.0218846
6.73276e-08,0.0258942
6.73776e-08,0.024576
6.74276e-08,0.0123552
6.74776e-08,-0.0023921
6.75276e-08,-0.00912039
6.75776e-08,-0.01486
6.76276e-08,-0.022165
6.76776e-08,-0.0296897
6.77276e-08,-0.0329028
6.77776e-08,-0.0259823
6.78276e-08,-0.0185949
6.78776e-08,-0.0162881
6.79276e-08,-0.0115096
6.79776e-08,-0.00950486
6.80276e-08,-0.018897
6.80776e-08,-0.0270259
6.81276e-08,-0.0191716
6.81776e-08,-0.0111801
6.82276e-08,-0.0123609
6.82776e-08,-0.00351806
6.83276e-08,0.00716481
6.83776e-08,0.00310038
6.84276e-08,0.00115055
6.84776e-08,0.00617616
6.85276e-08,0.00845554
6.85776e-08,0.0131516
6.86276e-08,0.0148543
6.86776e-08,0.00524244
6.87276e-08,-0.000826745
6.87776e-08,0.0044735
6.88276e-08,0.00760421
6.88776e-08,0.0118883
6.89276e-08,0.0268279
6.89776e-08,0.0314141
6.90276e-08,0.0206763
6.90776e-08,0.0120806
6.91276e-08,0.00889494
6.91776e-08,0.0091421
6.92276e-08,0.00175472
6.92776e-08,-0.00958725
6.93276e-08,-0.00928516
6.93776e-08,-0.00379268
6.94276e-08,-0.00123868
6.94776e-08,2.45887e-05
6.95276e-08,0.00244128
6.95776e-08,-0.00192524
6.96276e-08,-0.0158761
6.96776e-08,-0.0213686
6.97276e-08,-0.0144206
6.97776e-08,-0.0119765
6.98276e-08,-0.0202976
6.98776e-08,-0.0259823
6.99276e-08,-0.0204074
6.99776e-08,-0.0149424
7.00276e-08,-0.0136791
7.00776e-08,-0.00909292
7.01276e-08,-0.00236464
7.01776e-08,0.00191949
7.02276e-08,0.00364962
7.02776e-08,0.00897733
7.03276e-08,0.0177378
7.03776e-08,0.0218297
7.04276e-08,0.0178477
7.04776e-08,0.00601139
7.05276e-08,-0.00104644
7.05776e-08,0.0065881
7.06276e-08,0.0116137
7.06776e-08,0.00364962
7.07276e-08,-0.000332422
7.07776e-08,0.00752182
7.08276e-08,0.0112292
7.08776e-08,2.45887e-05
7.09276e-08,-0.0108505
7.09776e-08,-0.0107681
7.10276e-08,-0.00818667
7.10776e-08,-0.00799443
7.11276e-08,-0.0133771
7.11776e-08,-0.0195561
7.12276e-08,-0.0162331
7.12776e-08,-0.00662131
7.13276e-08,0.00263352
7.13776e-08,0.0105976
7.14276e-08,0.014717
7.14776e-08,0.0100209
7.15276e-08,0.00279829
7.15776e-08,0.0070275
7.16276e-08,0.0145797
7.16776e-08,0.012163
7.17276e-08,0.0100484
7.17776e-08,0.00809853
7.18276e-08,-0.00656638
7.18776e-08,-0.0200504
7.19276e-08,-0.0191442
7.19776e-08,-0.0176612
7.20276e-08,-0.0156564
7.20776e-08,-0.00181539
7.21276e-08,0.0124651
7.21776e-08,0.0145247
7.22276e-08,0.00694511
7.22776e-08,0.00200188
7.23276e-08,0.00620363
7.23776e-08,0.00760421
7.24276e-08,-0.000909132
7.24776e-08,-0.0122236
7.25276e-08,-0.0157937
7.25776e-08,-0.0102189
7.26276e-08,-0.00511088
7.26776e-08,-0.00436939
7.27276e-08,-0.00865353
7.27776e-08,-0.0133496
7.28276e-08,-0.0117293
7.28776e-08,-0.0128003
7.29276e-08,-0.0194737
7.29776e-08,-0.0235656
7.30276e-08,-0.0215334
7.30776e-08,-0.0099168
7.31276e-08,0.00351231
7.31776e-08,0.00801614
7.32276e-08,0.00862032
7.32776e-08,0.0072472
7.33276e-08,-0.000579584
7.33776e-08,-0.00901054
7.34276e-08,-0.0189794
7.34776e-08,-0.0325183
7.35276e-08,-0.0346879
7.35776e-08,-0.0266139
7.36276e-08,-0.0219728
7.36776e-08,-0.0177436
7.37276e-08,-0.0145305
7.37776e-08,-0.0199406
7.38276e-08,-0.0266414
7.38776e-08,-0.0240325
7.39276e-08,-0.00870845
7.39776e-08,0.003375
7.40276e-08,-0.0106308
7.40776e-08,-0.0257077
7.41276e-08,-0.0178534
7.41776e-08,-0.0101914
7.42276e-08,-0.0160409
7.42776e-08,-0.028042
7.43276e-08,-0.0293602
7.43776e-08,-0.0176887
7.44276e-08,-0.0179907
7.44776e-08,-0.0283441
7.45276e-08,-0.0264766
7.45776e-08,-0.0176337
7.46276e-08,-0.0140362
7.46776e-08,-0.0120863
7.47276e-08,-0.00774727
7.47776e-08,-0.00272165
7.48276e-08,-0.000634509
7.48776e-08,-0.00401238
7.49276e-08,-0.0083789
7.49776e-08,-0.00887322
7.50276e-08,-0.00857114
7.50776e-08,-0.0116469
7.51276e-08,-0.0175513
7.51776e-08,-0.0185949
7.52276e-08,-0.0129377
7.52776e-08,-0.0137066
7.53276e-08,-0.0200504
7.53776e-08,-0.02038
7.54276e-08,-0.0190343
7.54776e-08,-0.0203525
7.55276e-08,-0.0186773
7.55776e-08,-0.0104111
7.56276e-08,-0.00088167
7.56776e-08,0.00115055
7.57276e-08,-0.00203509
7.57776e-08,-0.000552121
7.58276e-08,0.00235889
7.58776e-08,-0.00579744
7.59276e-08,-0.0183477
7.59776e-08,-0.019611
7.60276e-08,-0.0165902
7.60776e-08,-0.0228241
7.61276e-08,-0.027685
7.61776e-08,-0.0191991
7.62276e-08,-0.0129377
7.62776e-08,-0.0162881
7.63276e-08,-0.0143382
7.63776e-08,-0.00802189
7.64276e-08,-0.00519326
7.64776e-08,-0.00706071
7.65276e-08,-0.0123884
7.65776e-08,-0.0120314
7.66276e-08,-0.0131574
7.66776e-08,-0.0259548
7.67276e-08,-0.035704
7.67776e-08,-0.0289482
7.68276e-08,-0.0135144
7.68776e-08,-0.00552281
7.69276e-08,-0.00277657
7.69776e-08,0.00524244
7.70276e-08,0.0131791
7.70776e-08,0.0160352
7.71276e-08,0.0158978
7.71776e-08,0.0107898
7.72276e-08,0.00378694
7.72776e-08,0.00422633
7.73276e-08,0.0114489
7.73776e-08,0.0174907
7.74276e-08,0.0190835
7.74776e-08,0.0145797
7.75276e-08,0.00430872
7.75776e-08,-0.00730787
7.76276e-08,-0.0194462
7.76776e-08,-0.026559
7.77276e-08,-0.0224946
7.77776e-08,-0.0191991
7.78276e-08,-0.0234008
7.78776e-08,-0.0238677
7.79276e-08,-0.0170021
7.79776e-08,-0.0117293
7.80276e-08,-0.0124708
7.80776e-08,-0.0112075
7.81276e-08,-0.0051658
7.81776e-08,-0.000964057
7.82276e-08,0.00175472
7.82776e-08,0.00123293
7.83276e-08,-0.00230971
7.83776e-08,0.00290814
7.84276e-08,0.0108448
7.84776e-08,0.00927941
7.85276e-08,0.0042538
7.85776e-08,-0.000442272
7.86276e-08,-0.00123868
7.86776e-08,0.00211173
7.87276e-08,0.00765913
7.87776e-08,0.0153486
7.88276e-08,0.015431
7.88776e-08,0.00982866
7.89276e-08,0.00815346
7.89776e-08,0.00969135
7.90276e-08,0.00881255
7.90776e-08,-0.000661971
7.91276e-08,-0.0088183
7.91776e-08,-0.00796697
7.92276e-08,-0.00744518
7.92776e-08,-0.00711563
7.93276e-08,-0.00247449
7.93776e-08,0.00705496
7.94276e-08,0.0160901
7.94776e-08,0.0176554
7.95276e-08,0.0184244
7.95776e-08,0.0188638
7.96276e-08,0.0132065
7.96776e-08,0.00400663
7.97276e-08,-0.00291389
7.97776e-08,-0.00159569
7.98276e-08,0.000903385
7.98776e-08,-0.00873591
7.99276e-08,-0.0237578
7.99776e-08,-0.0273279
8.00276e-08,-0.0220277
8.00776e-08,-0.0153269
8.01276e-08,-0.00414969
8.01776e-08,0.00587408
8.02276e-08,0.00691765
8.02776e-08,0.005929
8.03276e-08,0.0115863
8.03776e-08,0.0179575
8.04276e-08,0.0144149
8.04776e-08,0.00323769
8.05276e-08,-0.0058249
8.05776e-08,-0.011235
8.06276e-08,-0.0131848
8.06776e-08,-0.00999918
8.07276e-08,-0.00533058
8.07776e-08,-0.00156823
8.08276e-08,-0.00291389
8.08776e-08,-0.0126356
8.09276e-08,-0.0194188
8.09776e-08,-0.0140911
8.10276e-08,-0.00486372
8.10776e-08,-0.00379268
8.11276e-08,-0.00590729
8.11776e-08,-0.00310612
8.12276e-08,-0.00406731
8.12776e-08,-0.00980695
8.13276e-08,-0.0191167
8.13776e-08,-0.0312825
8.14276e-08,-0.0333697
8.14776e-08,-0.0309255
8.15276e-08,-0.0245817
8.15776e-08,-0.0047264
8.16276e-08,0.0093618
8.16776e-08,0.0070275
8.17276e-08,0.00246874
8.17776e-08,0.00408902
8.18276e-08,0.00463827
8.18776e-08,-0.00414969
8.19276e-08,-0.0105484
8.19776e-08,-0.00942247
8.20276e-08,-0.0114822
8.20776e-08,-0.0128553
8.21276e-08,-0.0136517
8.21776e-08,-0.0194462
8.22276e-08,-0.0157114
8.22776e-08,-0.00132107
8.23276e-08,0.0068078
8.23776e-08,0.0057093
8.24276e-08,0.00348485
8.24776e-08,0.00274337
8.25276e-08,0.000518912
8.25776e-08,-0.000552121
8.26276e-08,-0.00206255
8.26776e-08,-0.00585236
8.27276e-08,-0.00802189
8.27776e-08,-0.00744518
8.28276e-08,-0.000607046
8.28776e-08,0.00557199
8.29276e-08,0.00230397
8.29776e-08,-0.00568759
8.30276e-08,-0.0173591
8.30776e-08,-0.0271632
8.31276e-08,-0.0300742
8.31776e-08,-0.0261196
8.32276e-08,-0.0128003
8.32776e-08,-0.00162315
8.33276e-08,0.0035947
8.33776e-08,0.00884002
8.34276e-08,0.00477558
8.34776e-08,-0.00461655
8.35276e-08,-0.00796697
8.35776e-08,-0.0135968
8.36276e-08,-0.024005
8.36776e-08,-0.0282342
8.37276e-08,-0.0212588
8.37776e-08,-0.0136791
8.38276e-08,-0.0142559
8.38776e-08,-0.0115645
8.39276e-08,-0.00351806
8.39776e-08,-0.00340821
8.40276e-08,-0.00832398
8.40776e-08,-0.00442432
8.41276e-08,0.00455588
8.41776e-08,0.00444603
8.42276e-08,0.000161901
8.42776e-08,-0.00145838
8.43276e-08,-0.00450671
8.43776e-08,-0.00450671
8.44276e-08,-5.77984e-05
8.44776e-08,0.00131532
8.45276e-08,-0.000826745
8.45776e-08,-0.00310612
8.46276e-08,-0.00796697
8.46776e-08,-0.015217
8.47276e-08,-0.0140636
8.47776e-08,-0.00791204
8.48276e-08,-0.0151621
8.48776e-08,-0.021808
8.49276e-08,-0.014503
8.49776e-08,-0.0129102
8.50276e-08,-0.0107681
8.50776e-08,-0.00263926
8.51276e-08,-0.00486372
8.51776e-08,-0.00678608
8.52276e-08,-0.000826745
8.52776e-08,0.00279829
8.53276e-08,0.00027175
8.53776e-08,-0.00579744
8.54276e-08,-0.0112899
8.54776e-08,-0.0154642
8.55276e-08,-0.0150523
8.55776e-08,-0.0117019
8.56276e-08,-0.0120314
8.56776e-08,-0.0119765
8.57276e-08,-0.00703324
8.57776e-08,-0.00285896
8.58276e-08,-0.00848875
8.58776e-08,-0.0205722
8.59276e-08,-0.0262569
8.59776e-08,-0.0255429
8.60276e-08,-0.0260098
8.60776e-08,-0.0278223
8.61276e-08,-0.024719
8.61776e-08,-0.0159585
8.62276e-08,-0.0111526
8.62776e-08,-0.0129377
8.63276e-08,-0.0151072
8.63776e-08,-0.0113174
8.64276e-08,-0.00307866
8.64776e-08,-0.00684101
8.65276e-08,-0.0195286
8.65776e-08,-0.0184027
8.66276e-08,-0.0147227
8.66776e-08,-0.0223847
8.67276e-08,-0.0187048
8.67776e-08,-0.00524819
8.68276e-08,-0.0088183
8.68776e-08,-0.0210391
8.69276e-08,-0.0191991
8.69776e-08,-0.0103837
8.70276e-08,-0.00835144
8.70776e-08,-0.00453417
8.71276e-08,0.00395171
8.71776e-08,0.00710988
8.72276e-08,0.00224904
8.72776e-08,-0.00695086
8.73276e-08,-0.0124983
8.73776e-08,-0.0115096
8.74276e-08,-0.00802189
8.74776e-08,-0.0103013
8.75276e-08,-0.0220552
8.75776e-08,-0.0268062
8.76276e-08,-0.0141185
8.76776e-08,0.00169979
8.77276e-08,0.00455588
8.77776e-08,-0.00491864
8.78276e-08,-0.0118941
8.78776e-08,-0.0142833
8.79276e-08,-0.0216707
8.79776e-08,-0.0262295
8.80276e-08,-0.0210665
8.80776e-08,-0.0149973
8.81276e-08,-0.0110702
8.81776e-08,-0.00541296
8.82276e-08,-2.87366e-06
8.82776e-08,0.00208427
8.83276e-08,0.00153502
8.83776e-08,-0.00431447
8.84276e-08,-0.0112899
8.84776e-08,-0.00909292
8.85276e-08,-0.00192524
8.85776e-08,0.00142517
8.86276e-08,-0.000716896
8.86776e-08,-0.00615445
8.87276e-08,-0.00804935
8.87776e-08,-0.00354552
8.88276e-08,-0.00209002
8.88776e-08,-0.00857114
8.89276e-08,-0.009038
8.89776e-08,-0.00110137
8.90276e-08,0.00389679
8.90776e-08,0.0117785
8.91276e-08,0.0212256
8.91776e-08,0.02161
8.92276e-08,0.0216924
8.92776e-08,0.023093
8.93276e-08,0.0167492
8.93776e-08,0.00812599
8.94276e-08,-0.00115629
8.94776e-08,-0.0124708
8.95276e-08,-0.0156564
8.95776e-08,-0.0153269
8.96276e-08,-0.0235107
8.96776e-08,-0.0321888
8.97276e-08,-0.0326557
8.97776e-08,-0.0277673
8.98276e-08,-0.0188421
8.98776e-08,-0.0099168
8.99276e-08,-0.0111251
8.99776e-08,-0.0131574
9.00276e-08,-0.00662131
9.00776e-08,-0.00785712
9.01276e-08,-0.0177985
9.01776e-08,-0.022522
9.02276e-08,-0.0196659
9.02776e-08,-0.0117568
9.03276e-08,-0.000222573
9.03776e-08,0.0137009
9.04276e-08,0.0199623
9.04776e-08,0.0144149
9.05276e-08,0.00993851
9.05776e-08,0.0127671
9.06276e-08,0.0082633
9.06776e-08,-0.00524819
9.07276e-08,-0.00796697
9.07776e-08,-0.0049461
9.08276e-08,-0.00686847
9.08776e-08,-0.00912039
9.09276e-08,-0.0132123
9.09776e-08,-0.0116195
9.10276e-08,-0.00544043
9.10776e-08,-0.00673116
9.11276e-08,-0.00502849
9.11776e-08,0.00466573
9.12276e-08,0.00606631
9.12776e-08,-0.000744358
9.13276e-08,-0.00390253
9.13776e-08,-0.00609952
9.14276e-08,-0.00368283
9.14776e-08,0.00219412
9.15276e-08,-0.00192524
9.15776e-08,-0.00851621
9.16276e-08,-0.00895561
9.16776e-08,-0.00651146
9.17276e-08,-0.00126614
9.17776e-08,0.00389679
9.18276e-08,0.00137025
9.18776e-08,-0.0145579
9.19276e-08,-0.0256802
9.19776e-08,-0.0169746
9.20276e-08,-0.0152445
9.20776e-08,-0.0217805
9.21276e-08,-0.0108505
9.21776e-08,-0.000854208
9.22276e-08,-0.00686847
9.22776e-08,-0.0107407
9.23276e-08,-0.00675862
9.23776e-08,0.00084846
9.24276e-08,0.00856539
9.24776e-08,0.0087027
9.25276e-08,-0.000112723
9.25776e-08,-0.00612699
9.26276e-08,-0.00360045
9.26776e-08,-0.00189778
9.27276e-08,2.45887e-05
9.27776e-08,0.00131532
9.28276e-08,-0.011592
9.28776e-08,-0.0277673
9.29276e-08,-0.0315572
9.29776e-08,-0.0310628
9.30276e-08,-0.0313924
9.30776e-08,-0.030184
9.31276e-08,-0.0247739
9.31776e-08,-0.0119765
9.32276e-08,-0.00222733
9.32776e-08,-0.00137599
9.33276e-08,0.00216665
9.33776e-08,0.00565438
9.34276e-08,0.00697257
9.34776e-08,0.0102406
9.35276e-08,0.0123827
9.35776e-08,0.0175731
9.36276e-08,0.0185617
9.36776e-08,0.0127671
9.37276e-08,0.0129044
9.37776e-08,0.0145522
9.38276e-08,0.00741197
9.38776e-08,-0.00340821
9.39276e-08,-0.00436939
9.39776e-08,0.00213919
9.40276e-08,0.00117801
9.40776e-08,-0.00134853
9.41276e-08,0.00452842
9.41776e-08,0.00554453
9.42276e-08,0.000985772
9.42776e-08,0.00634094
9.43276e-08,0.0145797
9.43776e-08,0.01436
9.44276e-08,0.00815346
9.44776e-08,0.00120547
9.45276e-08,0.00084846
9.45776e-08,0.00348485
9.46276e-08,0.00183711
9.46776e-08,-0.00277657
9.47276e-08,-0.00475387
9.47776e-08,0.00266098
9.48276e-08,-0.000222573
9.48776e-08,-0.0226593
9.49276e-08,-0.030239
9.49776e-08,-0.022577
9.50276e-08,-0.0230164
9.50776e-08,-0.0178534
9.51276e-08,-0.000936595
9.51776e-08,0.010323
9.52276e-08,0.00897733
9.52776e-08,0.00342992
9.53276e-08,0.00768659
9.53776e-08,0.0159528
9.54276e-08,0.0124651
9.54776e-08,0.00601139
9.55276e-08,0.00710988
9.55776e-08,0.00955404
9.56276e-08,0.0108997
9.56776e-08,0.0135361
9.57276e-08,0.0082633
9.57776e-08,-0.00741772
9.58276e-08,-0.0194737
9.58776e-08,-0.0270259
9.59276e-08,-0.0298545
9.59776e-08,-0.0223298
9.60276e-08,-0.0141185
9.60776e-08,-0.0117842
9.61276e-08,-0.00988933
9.61776e-08,-0.00977948
9.62276e-08,-0.0120314
9.62776e-08,-0.00780219
9.63276e-08,-0.00590729
9.63776e-08,-0.0137615
9.64276e-08,-0.0110153
9.64776e-08,0.00474812
9.65276e-08,0.0105701
9.65776e-08,0.00634094
9.66276e-08,0.00587408
9.66776e-08,0.00345739
9.67276e-08,-0.00502849
9.67776e-08,-0.00898307
9.68276e-08,-0.0060446
9.68776e-08,-0.0113998
9.69276e-08,-0.0255704
9.69776e-08,-0.0224122
9.70276e-08,-0.00593475
9.70776e-08,-0.00132107
9.71276e-08,0.00027175
9.71776e-08,0.00894986
9.72276e-08,0.00829077
9.72776e-08,-0.00802189
9.73276e-08,-0.0204898
9.73776e-08,-0.0207095
9.74276e-08,-0.0210391
9.74776e-08,-0.0223847
9.75276e-08,-0.0169472
9.75776e-08,-0.00601714
9.76276e-08,0.00499528
9.76776e-08,0.0109272
9.77276e-08,0.008483
9.77776e-08,-0.00143092
9.78276e-08,-0.0131574
9.78776e-08,-0.0243345
9.79276e-08,-0.032738
9.79776e-08,-0.0311727
9.80276e-08,-0.0297996
9.80776e-08,-0.0341386
9.81276e-08,-0.0319966
9.81776e-08,-0.0301291
9.82276e-08,-0.0280969
9.82776e-08,-0.0182104
9.83276e-08,-0.0149699
9.83776e-08,-0.0176337
9.84276e-08,-0.0133221
9.84776e-08,-0.00895561
9.85276e-08,-0.010109
9.85776e-08,-0.0131574
9.86276e-08,-0.0226593
9.86776e-08,-0.0364729
9.87276e-08,-0.0378186
9.87776e-08,-0.0258999
9.88276e-08,-0.0137341
9.88776e-08,-0.00535804
9.89276e-08,-0.00104644
9.89776e-08,0.00329261
9.90276e-08,0.00436365
9.90776e-08,-0.00357298
9.91276e-08,-0.00807682
9.91776e-08,-0.00895561
9.92276e-08,-0.017771
9.92776e-08,-0.0261471
9.93276e-08,-0.026916
9.93776e-08,-0.0277948
9.94276e-08,-0.032436
9.94776e-08,-0.0365004
9.95276e-08,-0.0314748
9.95776e-08,-0.016343
9.96276e-08,-0.0101365
9.96776e-08,-0.0182928
9.97276e-08,-0.017414
9.97776e-08,-0.00618191
9.98276e-08,-0.00640161
9.98776e-08,-0.0145579
9.99276e-08,-0.0123884
9.99776e-08,-0.00263926
1.000276e-07,0.00266098
1.000776e-07,0.00334754
1.001276e-07,0.00277083
1.001776e-07,-0.00156823
1.002276e-07,-0.0146129
1.002776e-07,-0.0300193
1.003276e-07,-0.0335344
1.003776e-07,-0.0285638
1.004276e-07,-0.0277948
1.004776e-07,-0.0246366
1.005276e-07,-0.0100266
1.005776e-07,0.000793536
1.006276e-07,-0.00343567
1.006776e-07,-0.0120039
1.007276e-07,-0.0128003
1.007776e-07,-0.00354552
1.008276e-07,0.00115055
1.008776e-07,-0.00497357
1.009276e-07,-0.00700578
1.009776e-07,-0.00524819
1.010276e-07,-0.00975202
1.010776e-07,-0.0136791
1.011276e-07,-0.0117842
1.011776e-07,-0.0121138
1.012276e-07,-0.017771
1.012776e-07,-0.0250211
1.013276e-07,-0.0268886
1.013776e-07,-0.0231262
1.014276e-07,-0.0179084
1.014776e-07,-0.00840636
1.015276e-07,0.0012604
1.015776e-07,0.00966389
1.016276e-07,0.0175731
1.016776e-07,0.0150191
1.017276e-07,0.00656064
1.017776e-07,0.00631348
1.018276e-07,0.00831823
1.018776e-07,0.00496782
1.019276e-07,0.00164487
1.019776e-07,0.000793536
1.020276e-07,-0.000497197
1.020776e-07,-0.00165062
1.021276e-07,0.00139771
1.021776e-07,0.00304545
1.022276e-07,-0.00343567
1.022776e-07,-0.0112899
1.023276e-07,-0.0158761
1.023776e-07,-0.0157937
1.024276e-07,-0.00796697
1.024776e-07,0.000875923
1.025276e-07,0.00518752
1.025776e-07,0.00603885
1.026276e-07,0.000189363
1.026776e-07,-0.0111526
1.027276e-07,-0.0203525
1.027776e-07,-0.0241972
1.028276e-07,-0.029882
1.028776e-07,-0.0399881
1.029276e-07,-0.0391093
1.029776e-07,-0.0267238
1.030276e-07,-0.011592
1.030776e-07,0.00779644
1.031276e-07,0.0179301
1.031776e-07,0.0159253
1.032276e-07,0.01436
1.032776e-07,0.00856539
1.033276e-07,-0.000552121
1.033776e-07,-0.00277657
1.034276e-07,-0.00184285
1.034776e-07,-0.00123868
1.035276e-07,0.00590154
1.035776e-07,0.0136459
1.036276e-07,0.00837315
1.036776e-07,-0.00456163
1.037276e-07,-0.0092577
1.037776e-07,-0.000634509
1.038276e-07,0.00362216
1.038776e-07,-0.00403984
1.039276e-07,-0.00360045
1.039776e-07,-0.000552121
1.040276e-07,-0.00653892
1.040776e-07,-0.00398492
1.041276e-07,0.00505021
1.041776e-07,0.00222158
1.042276e-07,-0.00546789
1.042776e-07,-0.00511088
1.043276e-07,-0.00269419
1.043776e-07,-0.00640161
1.044276e-07,-0.00884576
1.044776e-07,-0.00788458
1.045276e-07,-0.0128278
1.045776e-07,-0.0151621
1.046276e-07,-0.0100541
1.046776e-07,-0.00596221
1.047276e-07,-0.00170554
1.047776e-07,-0.00019511
1.048276e-07,-0.00607206
1.048776e-07,-0.0142009
1.049276e-07,-0.0155466
1.049776e-07,-0.0102463
1.050276e-07,-0.0056052
1.050776e-07,-0.00250195
1.051276e-07,-0.00167808
1.051776e-07,-0.00329836
1.052276e-07,-0.00722548
1.052776e-07,-0.0148051
1.053276e-07,-0.0155191
1.053776e-07,-0.00854368
1.054276e-07,-0.00813174
1.054776e-07,-0.00774727
1.055276e-07,0.00219412
1.055776e-07,0.0157605
1.056276e-07,0.0193856
1.056776e-07,0.00386932
1.057276e-07,-0.0109329
1.057776e-07,-0.0145854
1.058276e-07,-0.0174415
1.058776e-07,-0.0111801
1.059276e-07,0.000930848
1.059776e-07,0.00395171
1.060276e-07,0.00117801
1.060776e-07,0.000106976
1.061276e-07,0.00304545
1.061776e-07,0.00115055
1.062276e-07,-0.00453417
1.062776e-07,-0.00541296
1.063276e-07,-0.00681355
1.063776e-07,-0.00549535
1.064276e-07,0.00123293
1.064776e-07,0.00650571
1.065276e-07,0.00392425
1.065776e-07,-0.00478133
1.066276e-07,-0.00766488
1.066776e-07,-0.00780219
1.067276e-07,-0.0105484
1.067776e-07,-0.00920277
1.068276e-07,-0.00782965
1.068776e-07,-0.0137341
1.069276e-07,-0.0180457
1.069776e-07,-0.015629
1.070276e-07,-0.0132947
1.070776e-07,-0.0113174
1.071276e-07,-0.0101365
1.071776e-07,-0.00741772
1.072276e-07,0.00268844
1.072776e-07,0.00993851
1.073276e-07,0.00414395
1.073776e-07,-0.00357298
1.074276e-07,-0.00316105
1.074776e-07,-0.00475387
1.075276e-07,-0.0129102
1.075776e-07,-0.0162057
1.076276e-07,-0.0146129
1.076776e-07,-0.0153543
1.077276e-07,-0.0167
1.077776e-07,-0.0149699
1.078276e-07,-0.00824159
1.078776e-07,0.000134438
1.079276e-07,0.00554453
1.079776e-07,0.00993851
1.080276e-07,0.00897733
1.080776e-07,0.00518752
1.081276e-07,0.00612124
1.081776e-07,0.00452842
1.082276e-07,0.00683526
1.082776e-07,0.00991105
1.083276e-07,0.00194696
1.083776e-07,-0.00277657
1.084276e-07,-0.00461655
1.084776e-07,-0.00835144
1.085276e-07,-0.00566013
1.085776e-07,-0.00118376
1.086276e-07,-0.000607046
1.086776e-07,-0.000771821
1.087276e-07,0.00186457
1.087776e-07,0.00332008
1.088276e-07,-0.00107391
1.088776e-07,-0.0128827
1.089276e-07,-0.0213411
1.089776e-07,-0.00637415
1.090276e-07,0.008483
1.090776e-07,-0.000332422
1.091276e-07,-0.000140186
1.091776e-07,0.0134262
1.092276e-07,0.0192483
1.092776e-07,0.0225437
1.093276e-07,0.0204017
1.093776e-07,0.0123277
1.094276e-07,0.00342992
1.094776e-07,-0.010109
1.095276e-07,-0.0151346
1.095776e-07,-0.00766488
1.096276e-07,-0.00725294
1.096776e-07,-0.014146
1.097276e-07,-0.0148326
1.097776e-07,-0.010466
1.098276e-07,-0.0117842
1.098776e-07,-0.015574
1.099276e-07,-0.0113723
1.099776e-07,-0.00607206
1.100276e-07,-0.00379268
1.100776e-07,-0.00170554
1.101276e-07,-0.00291389
1.101776e-07,-0.00214494
1.102276e-07,-0.00447924
1.102776e-07,-0.0117293
1.103276e-07,-0.0120863
1.103776e-07,-0.0158212
1.104276e-07,-0.0245817
1.104776e-07,-0.0304312
1.105276e-07,-0.0312276
1.105776e-07,-0.018897
1.106276e-07,-0.0107407
1.106776e-07,-0.0189794
1.107276e-07,-0.0245542
1.107776e-07,-0.0208194
1.108276e-07,-0.0165902
1.108776e-07,-0.0102463
1.109276e-07,0.00353977
1.109776e-07,0.0115588
1.110276e-07,0.00763167
1.110776e-07,0.00274337
1.111276e-07,0.00397917
1.111776e-07,0.00576423
1.112276e-07,-0.00664877
1.112776e-07,-0.0253781
1.113276e-07,-0.0343583
1.113776e-07,-0.0333422
1.114276e-07,-0.0232361
1.114776e-07,-0.00977948
1.115276e-07,-0.000112723
1.115776e-07,0.00175472
1.116276e-07,-0.00291389
1.116776e-07,-0.0028315
1.117276e-07,0.00332008
1.117776e-07,0.0024962
1.118276e-07,-0.00747264
1.118776e-07,-0.0168373
1.119276e-07,-0.0229065
1.119776e-07,-0.0242247
1.120276e-07,-0.0142833
1.120776e-07,-0.00384761
1.121276e-07,-0.0056052
1.121776e-07,-0.00928516
1.122276e-07,-0.0121138
1.122776e-07,-0.0175788
1.123276e-07,-0.0185674
1.123776e-07,-0.0138439
1.124276e-07,-0.0113448
1.124776e-07,-0.0173866
1.125276e-07,-0.023648
1.125776e-07,-0.0171943
1.126276e-07,-0.00623684
1.126776e-07,-0.00681355
1.127276e-07,-0.0155466
1.127776e-07,-0.0217531
1.128276e-07,-0.0238128
1.128776e-07,-0.0260098
1.129276e-07,-0.0278497
1.129776e-07,-0.0226593
1.130276e-07,-0.0166451
1.130776e-07,-0.0157937
1.131276e-07,-0.012306
1.131776e-07,-0.009038
1.132276e-07,-0.0171119
1.132776e-07,-0.0281244
1.133276e-07,-0.0264766
1.133776e-07,-0.020023
1.134276e-07,-0.0151896
1.134776e-07,-0.00640161
1.135276e-07,-0.00362791
1.135776e-07,-0.0081592
1.136276e-07,-0.00480879
1.136776e-07,0.00334754
1.137276e-07,0.00389679
1.137776e-07,0.00128786
1.138276e-07,0.00455588
1.138776e-07,0.00353977
1.139276e-07,-0.00843383
1.139776e-07,-0.0116195
1.140276e-07,0.00115055
1.140776e-07,0.0116412
1.141276e-07,0.0174357
1.141776e-07,0.0231205
1.142276e-07,0.0171886
1.142776e-07,0.00675287
1.143276e-07,0.0112567
1.143776e-07,0.0187265
1.144276e-07,0.0157331
1.144776e-07,0.00798868
1.145276e-07,-0.00250195
1.145776e-07,-0.0112075
1.146276e-07,-0.0166176
1.146776e-07,-0.0170296
1.147276e-07,-0.0092577
1.147776e-07,-0.00876338
1.148276e-07,-0.0185674
1.148776e-07,-0.0231811
1.149276e-07,-0.0248563
1.149776e-07,-0.0253781
1.150276e-07,-0.0151346
1.150776e-07,0.00117801
1.151276e-07,0.0113116
1.151776e-07,0.0158155
1.152276e-07,0.0161999
1.152776e-07,0.0149916
1.153276e-07,0.0189462
1.153776e-07,0.0185342
1.154276e-07,0.0102131
1.154776e-07,0.00213919
1.155276e-07,-0.00645653
1.155776e-07,-0.00980695
1.156276e-07,-0.00964217
1.156776e-07,-0.0117019
1.157276e-07,-0.00642907
1.157776e-07,0.00299053
1.158276e-07,0.00299053
1.158776e-07,-0.00513834
1.159276e-07,-0.00851621
1.159776e-07,-0.00579744
1.160276e-07,-0.00774727
1.160776e-07,-0.0109604
1.161276e-07,-0.00796697
1.161776e-07,-0.00417716
1.162276e-07,-0.00423208
1.162776e-07,-0.00527565
1.163276e-07,-0.00088167
1.163776e-07,0.00661556
1.164276e-07,0.00384186
1.164776e-07,-0.00568759
1.165276e-07,-0.0102463
1.165776e-07,-0.0136242
1.166276e-07,-0.0165078
1.166776e-07,-0.01854
1.167276e-07,-0.0204074
1.167776e-07,-0.0168373
1.168276e-07,-0.0127454
1.168776e-07,-0.00824159
1.169276e-07,0.00263352
1.169776e-07,0.00974627
1.170276e-07,0.00601139
1.170776e-07,-0.00307866
1.171276e-07,-0.00703324
1.171776e-07,-0.00615445
1.172276e-07,-0.0138988
1.172776e-07,-0.0216707
1.173276e-07,-0.0171119
1.173776e-07,-0.0106583
1.174276e-07,-0.00802189
1.174776e-07,-0.00747264
1.175276e-07,-0.00752757
1.175776e-07,-0.00541296
1.176276e-07,-0.00209002
1.176776e-07,0.000793536
1.177276e-07,0.00579169
1.177776e-07,0.011751
1.178276e-07,0.0120531
1.178776e-07,0.00886748
1.179276e-07,0.00897733
1.179776e-07,0.0103504
1.180276e-07,0.00505021
1.180776e-07,-0.00206255
1.181276e-07,0.00310038
1.181776e-07,0.0119982
1.182276e-07,0.00807107
1.182776e-07,-0.00340821
1.183276e-07,-0.00747264
1.183776e-07,-0.00505595
1.184276e-07,-0.0131574
1.184776e-07,-0.0301291
1.185276e-07,-0.0351547
1.185776e-07,-0.0255429
1.186276e-07,-0.0196385
1.186776e-07,-0.0208743
1.187276e-07,-0.0117842
1.187776e-07,0.00428126
1.188276e-07,0.00801614
1.188776e-07,0.00829077
1.189276e-07,0.0150465
1.189776e-07,0.0153211
1.190276e-07,0.00785137
1.190776e-07,-0.000469734
1.191276e-07,-0.00892815
1.191776e-07,-0.0179084
1.192276e-07,-0.0230438
1.192776e-07,-0.0164528
1.193276e-07,-0.00393
1.193776e-07,0.000683686
1.194276e-07,-0.00497357
1.194776e-07,-0.006484
1.195276e-07,0.00356724
1.195776e-07,0.0131791
1.196276e-07,0.0136734
1.196776e-07,0.00859285
1.197276e-07,0.00691765
1.197776e-07,0.0108997
1.198276e-07,0.017628
1.198776e-07,0.0202644
1.199276e-07,0.014717
1.199776e-07,0.0144698
1.200276e-07,0.0171611
1.200776e-07,0.00903225
1.201276e-07,0.00112308
1.201776e-07,0.00230397
1.202276e-07,0.00587408
1.202776e-07,0.0070275
1.203276e-07,0.00579169
1.203776e-07,0.00345739
1.204276e-07,-0.00176047
1.204776e-07,-0.00656638
1.205276e-07,-0.00555028
1.205776e-07,-0.00428701
1.206276e-07,-0.00931262
1.206776e-07,-0.0185674
1.207276e-07,-0.024719
1.207776e-07,-0.0241972
1.208276e-07,-0.0189519
1.208776e-07,-0.0156564
1.209276e-07,-0.0210665
1.209776e-07,-0.0255429
1.210276e-07,-0.0216432
1.210776e-07,-0.0153269
1.211276e-07,-0.00821413
1.211776e-07,-0.00439686
1.212276e-07,-0.00450671
1.212776e-07,-0.00019511
1.213276e-07,0.00562692
1.213776e-07,0.00406156
1.214276e-07,-0.00258434
1.214776e-07,-0.00730787
1.215276e-07,-0.00986187
1.215776e-07,-0.0125257
1.216276e-07,-0.0094774
1.216776e-07,-0.0056052
1.217276e-07,-0.0146403
1.217776e-07,-0.0257351
1.218276e-07,-0.0265315
1.218776e-07,-0.0224946
1.219276e-07,-0.0209018
1.219776e-07,-0.0234008
1.220276e-07,-0.0239226
1.220776e-07,-0.0274378
1.221276e-07,-0.0352646
1.221776e-07,-0.0303763
1.222276e-07,-0.020023
1.222776e-07,-0.0203525
1.223276e-07,-0.0207919
1.223776e-07,-0.0131299
1.224276e-07,-0.00118376
1.224776e-07,0.00894986
1.225276e-07,0.0136734
1.225776e-07,0.0138382
1.226276e-07,0.00551707
1.226776e-07,-0.00167808
1.227276e-07,0.00598393
1.227776e-07,0.0145247
1.228276e-07,0.0116686
1.228776e-07,0.00386932
1.229276e-07,-0.000936595
1.229776e-07,-0.00162315
1.230276e-07,-0.00461655
1.230776e-07,-0.0116195
1.231276e-07,-0.015986
1.231776e-07,-0.0167275
1.232276e-07,-0.0203525
1.232776e-07,-0.0226044
1.233276e-07,-0.013432
1.233776e-07,-0.00329836
1.234276e-07,-0.00541296
1.234776e-07,-0.0102463
1.235276e-07,-0.00983441
1.235776e-07,-0.0127729
1.236276e-07,-0.0237578
1.236776e-07,-0.0285638
1.237276e-07,-0.0220002
1.237776e-07,-0.0181555
1.238276e-07,-0.0207095
1.238776e-07,-0.0274103
1.239276e-07,-0.0310628
1.239776e-07,-0.0274653
1.240276e-07,-0.0288933
1.240776e-07,-0.035292
1.241276e-07,-0.0318592
1.241776e-07,-0.0171669
1.242276e-07,-0.00447924
1.242776e-07,0.00202934
1.243276e-07,0.0052699
1.243776e-07,-0.00384761
1.244276e-07,-0.0189245
1.244776e-07,-0.0189245
1.245276e-07,-0.0155466
1.245776e-07,-0.0197758
1.246276e-07,-0.0171943
1.246776e-07,-0.0133771
1.247276e-07,-0.0140362
1.247776e-07,-0.00958725
1.248276e-07,-0.00497357
1.248776e-07,0.000463987
1.249276e-07,0.0098012
1.249776e-07,0.011751
1.250276e-07,0.0120806
1.250776e-07,0.0220494
1.251276e-07,0.027844
1.251776e-07,0.0215551
1.252276e-07,0.0158429
1.252776e-07,0.0132889
1.253276e-07,0.00969135
1.253776e-07,0.0035947
1.254276e-07,-0.00170554
1.254776e-07,0.00499528
1.255276e-07,0.0179301
1.255776e-07,0.0254273
1.256276e-07,0.0311395
1.256776e-07,0.0324577
1.257276e-07,0.0226811
1.257776e-07,0.0109821
1.258276e-07,-0.000579584
1.258776e-07,-0.0196385
1.259276e-07,-0.0285363
1.259776e-07,-0.0208468
1.260276e-07,-0.0223847
1.260776e-07,-0.0315022
1.261276e-07,-0.03131
1.261776e-07,-0.0294426
1.262276e-07,-0.0304312
1.262776e-07,-0.0325183
1.263276e-07,-0.0387523
1.263776e-07,-0.0411141
1.264276e-07,-0.035347
1.264776e-07,-0.0302939
1.265276e-07,-0.0243345
1.265776e-07,-0.0161233
1.266276e-07,-0.0114822
1.266776e-07,-0.00782965
1.267276e-07,-0.0083789
1.267776e-07,-0.0127729
1.268276e-07,-0.011235
1.268776e-07,-0.0111251
1.269276e-07,-0.0129102
1.269776e-07,-0.00892815
1.270276e-07,-0.0137615
1.270776e-07,-0.0280694
1.271276e-07,-0.028399
1.271776e-07,-0.0191716
1.272276e-07,-0.0243071
1.272776e-07,-0.0343034
1.273276e-07,-0.0317769
1.273776e-07,-0.0284814
1.274276e-07,-0.0282617
1.274776e-07,-0.0229889
1.275276e-07,-0.0184576
1.275776e-07,-0.0134869
1.276276e-07,-0.0047264
1.276776e-07,-0.00126614
1.277276e-07,-0.000497197
1.277776e-07,0.00639586
1.278276e-07,0.0113116
1.278776e-07,0.00120547
1.279276e-07,-0.0160409
1.279776e-07,-0.0216158
1.280276e-07,-0.0204074
1.280776e-07,-0.0265041
1.281276e-07,-0.0311727
1.281776e-07,-0.0246092
1.282276e-07,-0.0168922
1.282776e-07,-0.0173042
1.283276e-07,-0.0169472
1.283776e-07,-0.00862606
1.284276e-07,-0.0030512
1.284776e-07,-0.00148584
1.285276e-07,0.00444603
1.285776e-07,0.00867524
1.286276e-07,0.0070275
1.286776e-07,0.00441857
1.287276e-07,0.000711148
1.287776e-07,-0.00483625
1.288276e-07,-0.00843383
1.288776e-07,-0.011592
1.289276e-07,-0.0133771
1.289776e-07,-0.0083789
1.290276e-07,-0.00365537
1.290776e-07,-0.00596221
1.291276e-07,-0.009038
1.291776e-07,-0.00958725
1.292276e-07,-0.0109329
1.292776e-07,-0.0132672
1.293276e-07,-0.0105759
1.293776e-07,-0.0015133
1.294276e-07,0.00395171
1.294776e-07,0.000491449
1.295276e-07,-0.00313359
1.295776e-07,0.00499528
1.296276e-07,0.0177928
1.296776e-07,0.0150465
1.297276e-07,-0.00181539
1.297776e-07,-0.0161782
1.298276e-07,-0.0165902
1.298776e-07,-0.0092577
1.299276e-07,-0.00840636
1.299776e-07,-0.00912039
1.300276e-07,-0.0136517
1.300776e-07,-0.0215334
1.301276e-07,-0.0140362
1.301776e-07,-0.00500103
1.302276e-07,-0.0143657
1.302776e-07,-0.0254056
1.303276e-07,-0.0207095
1.303776e-07,-0.00961471
1.304276e-07,-0.00750011
1.304776e-07,-0.010164
1.305276e-07,-0.0122511
1.305776e-07,-0.013789
1.306276e-07,-0.0125532
1.306776e-07,-0.0144756
1.307276e-07,-0.0175788
1.307776e-07,-0.01486
1.308276e-07,-0.0116469
1.308776e-07,-0.0110428
1.309276e-07,-0.010466
1.309776e-07,-0.00950486
1.310276e-07,-0.0104386
1.310776e-07,-0.0128278
1.311276e-07,-0.00983441
1.311776e-07,-0.00178793
1.312276e-07,0.000766073
1.312776e-07,0.00246874
1.313276e-07,0.0107898
1.313776e-07,0.0105976
1.314276e-07,0.000463987
1.314776e-07,-0.00453417
1.315276e-07,-0.00524819
1.315776e-07,-0.00228225
1.316276e-07,-0.000414809
1.316776e-07,-0.00755503
1.317276e-07,-0.0133221
1.317776e-07,-0.0161782
1.318276e-07,-0.0223573
1.318776e-07,-0.0247739
1.319276e-07,-0.0196659
1.319776e-07,-0.00972456
1.320276e-07,-0.00280404
1.320776e-07,-0.00623684
1.321276e-07,-0.00901054
1.321776e-07,-0.00475387
1.322276e-07,-0.0053855
1.322776e-07,-0.00950486
1.323276e-07,-0.0132123
1.323776e-07,-0.020023
1.324276e-07,-0.0231537
1.324776e-07,-0.0244719
1.325276e-07,-0.0227967
1.325776e-07,-0.0157114
1.326276e-07,-0.0185949
1.326776e-07,-0.0257077
1.327276e-07,-0.0197758
1.327776e-07,-0.00846129
1.328276e-07,-0.0140362
1.328776e-07,-0.0346055
1.329276e-07,-0.0413063
1.329776e-07,-0.0326282
1.330276e-07,-0.0330676
1.330776e-07,-0.0405923
1.331276e-07,-0.0393565
1.331776e-07,-0.0310628
1.332276e-07,-0.0173042
1.332776e-07,-0.00483625
1.333276e-07,0.000491449
1.333776e-07,0.00842808
1.334276e-07,0.0145797
1.334776e-07,0.0152388
1.335276e-07,0.0144423
1.335776e-07,0.00708242
1.336276e-07,-0.00368283
1.336776e-07,-0.0120314
1.337276e-07,-0.0157663
1.337776e-07,-0.0171943
1.338276e-07,-0.021451
1.338776e-07,-0.0227417
1.339276e-07,-0.0236205
1.339776e-07,-0.0307333
1.340276e-07,-0.0325733
1.340776e-07,-0.0238128
1.341276e-07,-0.0117293
1.341776e-07,-0.00656638
1.342276e-07,-0.0160684
1.342776e-07,-0.0237029
1.343276e-07,-0.0107407
1.343776e-07,-0.000634509
1.344276e-07,-0.0119215
1.344776e-07,-0.0185949
1.345276e-07,-0.0157663
1.345776e-07,-0.0194188
1.346276e-07,-0.0244444
1.346776e-07,-0.02947
1.347276e-07,-0.0344407
1.347776e-07,-0.0336443
1.348276e-07,-0.0383678
1.348776e-07,-0.0445743
1.349276e-07,-0.029113
1.349776e-07,-0.0122786
1.350276e-07,-0.013075
1.350776e-07,-0.0110977
1.351276e-07,-0.00288642
1.351776e-07,0.00474812
1.352276e-07,0.00787883
1.352776e-07,0.000820998
1.353276e-07,-0.00728041
1.353776e-07,-0.00453417
1.354276e-07,0.00510513
1.354776e-07,0.0136459
1.355276e-07,0.0222691
1.355776e-07,0.0230381
1.356276e-07,0.00875763
1.356776e-07,-0.0062643
1.357276e-07,-0.0151896
1.357776e-07,-0.0211214
1.358276e-07,-0.0241423
1.358776e-07,-0.0242522
1.359276e-07,-0.0162606
1.359776e-07,-0.00612699
1.360276e-07,-0.00123868
1.360776e-07,0.00513259
1.361276e-07,0.0126573
1.361776e-07,0.0192757
1.362276e-07,0.0177378
1.362776e-07,0.00428126
1.363276e-07,-0.000854208
1.363776e-07,-0.000112723
1.364276e-07,-0.00912039
1.364776e-07,-0.0156839
1.365276e-07,-0.0162331
1.365776e-07,-0.0147502
1.366276e-07,-0.0128003
1.366776e-07,-0.0187871
1.367276e-07,-0.0220552
1.367776e-07,-0.0157114
1.368276e-07,-0.012718
1.368776e-07,-0.0118392
1.369276e-07,-0.0124159
1.369776e-07,-0.0165352
1.370276e-07,-0.0177161
1.370776e-07,-0.0157388
1.371276e-07,-0.0119215
1.371776e-07,-0.0114822
1.372276e-07,-0.0170845
1.372776e-07,-0.0229065
1.373276e-07,-0.0248563
1.373776e-07,-0.022522
1.374276e-07,-0.0260921
1.374776e-07,-0.0317219
1.375276e-07,-0.0238952
1.375776e-07,-0.0150248
1.376276e-07,-0.0149973
1.376776e-07,-0.00868099
1.377276e-07,0.00375947
1.377776e-07,0.00332008
1.378276e-07,-0.011592
1.378776e-07,-0.0218629
1.379276e-07,-0.0184576
1.379776e-07,-0.0172493
1.380276e-07,-0.0293052
1.380776e-07,-0.0387798
1.381276e-07,-0.0351273
1.381776e-07,-0.0285363
1.382276e-07,-0.0268611
1.382776e-07,-0.0264766
1.383276e-07,-0.0230987
1.383776e-07,-0.01854
1.384276e-07,-0.0114547
1.384776e-07,-0.00533058
1.385276e-07,-0.0058249
1.385776e-07,-0.0106583
1.386276e-07,-0.0195561
1.386776e-07,-0.0249936
1.387276e-07,-0.0213137
1.387776e-07,-0.0140636
1.388276e-07,-0.0129926
1.388776e-07,-0.0193089
1.389276e-07,-0.0165902
1.389776e-07,-0.00829651
1.390276e-07,-0.0134869
1.390776e-07,-0.0257077
1.391276e-07,-0.0289757
1.391776e-07,-0.0237029
1.392276e-07,-0.0189519
1.392776e-07,-0.0183477
1.393276e-07,-0.0221101
1.393776e-07,-0.0261471
1.394276e-07,-0.0268062
1.394776e-07,-0.0296348
1.395276e-07,-0.0327655
1.395776e-07,-0.0254056
1.396276e-07,-0.0143932
1.396776e-07,-0.0102189
1.397276e-07,-0.00576998
1.397776e-07,-0.00123868
1.398276e-07,-0.00373776
1.398776e-07,-0.00955978
1.399276e-07,-0.00997172
1.399776e-07,-0.00585236
1.400276e-07,-0.00752757
1.400776e-07,-0.0110153
1.401276e-07,-0.00722548
1.401776e-07,-0.00310612
1.402276e-07,-0.0051658
1.402776e-07,-0.0103837
1.403276e-07,-0.0108505
1.403776e-07,-0.00598967
1.404276e-07,-0.00788458
1.404776e-07,-0.0140636
1.405276e-07,-0.00733533
1.405776e-07,0.00656064
1.406276e-07,0.00798868
1.406776e-07,0.00370455
1.407276e-07,-0.00211748
1.407776e-07,-0.0131024
1.408276e-07,-0.0105484
1.408776e-07,-0.00211748
1.409276e-07,-0.00428701
1.409776e-07,-0.00368283
1.410276e-07,-0.00414969
1.410776e-07,-0.00865353
1.411276e-07,-0.00480879
1.411776e-07,0.00161741
1.412276e-07,-0.0019527
1.412776e-07,-0.00972456
1.413276e-07,-0.00464402
1.413776e-07,0.00598393
1.414276e-07,0.00505021
1.414776e-07,-0.000359885
1.415276e-07,-0.00123868
1.415776e-07,-0.00115629
1.416276e-07,-0.00395746
1.416776e-07,-0.0103837
1.417276e-07,-0.0179084
1.417776e-07,-0.0172493
1.418276e-07,-0.0124159
1.418776e-07,-0.0179907
1.419276e-07,-0.0235656
1.419776e-07,-0.0198033
1.420276e-07,-0.0200504
1.420776e-07,-0.0253781
1.421276e-07,-0.0296073
1.421776e-07,-0.0343034
1.422276e-07,-0.033864
1.422776e-07,-0.025076
1.423276e-07,-0.013789
1.423776e-07,-0.00241956
1.424276e-07,0.00568184
1.424776e-07,0.00568184
1.425276e-07,-0.000332422
1.425776e-07,-0.00818667
1.426276e-07,-0.0167549
1.426776e-07,-0.0200504
1.427276e-07,-0.0148326
1.427776e-07,-0.00829651
1.428276e-07,-0.00318851
1.428776e-07,0.00213919
1.429276e-07,0.00362216
1.429776e-07,0.00623109
1.430276e-07,0.0184244
1.430776e-07,0.02529
1.431276e-07,0.016859
1.431776e-07,0.00908718
1.432276e-07,0.00266098
1.432776e-07,-0.0103287
1.433276e-07,-0.0151621
1.433776e-07,-0.00931262
1.434276e-07,-0.00854368
1.434776e-07,-0.0077198
1.435276e-07,0.00194696
1.435776e-07,0.00916956
1.436276e-07,0.00606631
1.436776e-07,-0.00277657
1.437276e-07,-0.0132672
1.437776e-07,-0.020023
1.438276e-07,-0.0204624
1.438776e-07,-0.0217805
1.439276e-07,-0.0239775
1.439776e-07,-0.0235931
1.440276e-07,-0.0264217
1.440776e-07,-0.0291405
1.441276e-07,-0.0227967
1.441776e-07,-0.0140362
1.442276e-07,-0.00620937
1.442776e-07,0.00730212
1.443276e-07,0.016145
1.443776e-07,0.00916956
1.444276e-07,-0.00431447
1.444776e-07,-0.015986
1.445276e-07,-0.0232086
1.445776e-07,-0.0248838
1.446276e-07,-0.0262295
1.446776e-07,-0.02763
1.447276e-07,-0.0246366
1.447776e-07,-0.0216432
1.448276e-07,-0.0147776
1.448776e-07,0.000985772
1.449276e-07,0.00988359
1.449776e-07,0.00944419
1.450276e-07,0.00502274
1.450776e-07,-0.00299627
1.451276e-07,-0.00233718
1.451776e-07,0.0029356
1.452276e-07,0.00285321
1.452776e-07,-2.87366e-06
1.453276e-07,-0.00527565
1.453776e-07,-0.00785712
1.454276e-07,-0.00994426
1.454776e-07,-0.0157663
1.455276e-07,-0.0131848
1.455776e-07,-0.00697832
1.456276e-07,-0.0143657
1.456776e-07,-0.0272181
1.457276e-07,-0.030184
1.457776e-07,-0.0205722
1.458276e-07,-0.00774727
1.458776e-07,-0.000909132
1.459276e-07,-0.000799283
1.459776e-07,-0.0115645
1.460276e-07,-0.0294426
1.460776e-07,-0.0403726
1.461276e-07,-0.0385326
1.461776e-07,-0.0267512
1.462276e-07,-0.0173316
1.462776e-07,-0.0166725
1.463276e-07,-0.0125532
1.463776e-07,-0.00673116
1.464276e-07,-0.011949
1.464776e-07,-0.0229889
1.465276e-07,-0.0281244
1.465776e-07,-0.0303213
1.466276e-07,-0.0361983
1.466776e-07,-0.0343583
1.467276e-07,-0.0251859
1.467776e-07,-0.0208468
1.468276e-07,-0.0171119
1.468776e-07,-0.0154917
1.469276e-07,-0.0174964
1.469776e-07,-0.0120863
1.470276e-07,-0.000579584
1.470776e-07,0.0087027
1.471276e-07,0.0158155
1.471776e-07,0.0142226
1.472276e-07,0.00244128
1.472776e-07,-0.0056052
1.473276e-07,-0.00879084
1.473776e-07,-0.0124708
1.474276e-07,-0.0140362
1.474776e-07,-0.0195836
1.475276e-07,-0.0286461
1.475776e-07,-0.0244719
1.476276e-07,-0.0142009
1.476776e-07,-0.0128003
1.477276e-07,-0.0115096
1.477776e-07,-0.012718
1.478276e-07,-0.0141185
1.478776e-07,-0.00414969
1.479276e-07,0.000601299
1.479776e-07,-0.00019511
1.480276e-07,0.00886748
1.480776e-07,0.00960896
1.481276e-07,-0.00612699
1.481776e-07,-0.014503
1.482276e-07,-0.0121687
1.482776e-07,-0.0146403
1.483276e-07,-0.0184576
1.483776e-07,-0.0216432
1.484276e-07,-0.0246641
1.484776e-07,-0.0198856
1.485276e-07,-0.0156564
1.485776e-07,-0.0137066
1.486276e-07,-0.00725294
1.486776e-07,-0.000716896
1.487276e-07,0.00752182
1.487776e-07,0.0112018
1.488276e-07,0.00782391
1.488776e-07,0.0112842
1.489276e-07,0.0127671
1.489776e-07,0.00581915
1.490276e-07,0.00472066
1.490776e-07,0.0029356
1.491276e-07,-0.00593475
1.491776e-07,-0.00733533
1.492276e-07,-0.0062643
1.492776e-07,-0.0172493
1.493276e-07,-0.025845
1.493776e-07,-0.0210116
1.494276e-07,-0.0154917
1.494776e-07,-0.0116744
1.495276e-07,-0.00697832
1.495776e-07,-0.010466
1.496276e-07,-0.0194188
1.496776e-07,-0.022522
1.497276e-07,-0.0198307
1.497776e-07,-0.0115371
1.498276e-07,-0.000689433
1.498776e-07,0.00334754
1.499276e-07,-0.000414809
1.499776e-07,-0.00826905
1.500276e-07,-0.0161508
1.500776e-07,-0.0221101
1.501276e-07,-0.0258999
1.501776e-07,-0.0279321
1.502276e-07,-0.0355117
1.502776e-07,-0.0433111
1.503276e-07,-0.0357314
1.503776e-07,-0.0253507
1.504276e-07,-0.0255154
1.504776e-07,-0.0205447
1.505276e-07,-0.0124708
1.505776e-07,-0.0153818
1.506276e-07,-0.0204349
1.506776e-07,-0.0227143
1.507276e-07,-0.0255978
1.507776e-07,-0.0254056
1.508276e-07,-0.018183
1.508776e-07,-0.00920277
1.509276e-07,-0.00741772
1.509776e-07,-0.00387507
1.510276e-07,0.00441857
1.510776e-07,0.00551707
1.511276e-07,0.00263352
1.511776e-07,-0.00209002
1.512276e-07,-0.00958725
1.512776e-07,-0.0156564
1.513276e-07,-0.0217531
1.513776e-07,-0.0197209
1.514276e-07,-0.00579744
1.514776e-07,-2.87366e-06
1.515276e-07,-0.00741772
1.515776e-07,-0.00923024
1.516276e-07,-0.000771821
1.516776e-07,0.00878509
1.517276e-07,0.0120531
1.517776e-07,0.0104603
1.518276e-07,0.0109272
1.518776e-07,0.00469319
1.519276e-07,-0.00766488
1.519776e-07,-0.0104935
1.520276e-07,-0.0124433
1.520776e-07,-0.0161782
1.521276e-07,-0.0112075
1.521776e-07,-0.0085986
1.522276e-07,-0.0112899
1.522776e-07,-0.00848875
1.523276e-07,-0.00684101
1.523776e-07,-0.0137615
1.524276e-07,-0.0225495
1.524776e-07,-0.0257901
1.525276e-07,-0.0226868
1.525776e-07,-0.02038
1.526276e-07,-0.0196934
1.526776e-07,-0.0149424
1.527276e-07,-0.00966963
1.527776e-07,-0.00920277
1.528276e-07,-0.0161508
1.528776e-07,-0.0264217
1.529276e-07,-0.0291679
1.529776e-07,-0.0248289
1.530276e-07,-0.0210391
1.530776e-07,-0.0178809
1.531276e-07,-0.0110977
1.531776e-07,-0.00533058
1.532276e-07,-0.00898307
1.532776e-07,-0.0165902
1.533276e-07,-0.013432
1.533776e-07,0.00106816
1.534276e-07,0.01252
1.534776e-07,0.0197151
1.535276e-07,0.0244661
1.535776e-07,0.0176554
1.536276e-07,0.00469319
1.536776e-07,0.000134438
1.537276e-07,0.000793536
1.537776e-07,-0.00541296
1.538276e-07,-0.0184301
1.538776e-07,-0.0261745
1.539276e-07,-0.0254056
1.539776e-07,-0.0183752
1.540276e-07,-0.00184285
1.540776e-07,0.00919703
1.541276e-07,0.0102681
1.541776e-07,0.0204566
1.542276e-07,0.0275144
1.542776e-07,0.019413
1.543276e-07,0.0150465
1.543776e-07,0.0141677
1.544276e-07,-0.000909132
1.544776e-07,-0.0185125
1.545276e-07,-0.0209567
1.545776e-07,-0.0199955
1.546276e-07,-0.0199955
1.546776e-07,-0.0123609
1.547276e-07,-0.00148584
1.547776e-07,0.00255113
1.548276e-07,-0.00346313
1.548776e-07,-0.0100266
1.549276e-07,-0.0117568
1.549776e-07,-0.0157388
1.550276e-07,-0.0174964
1.550776e-07,-0.00988933
1.551276e-07,-0.00285896
1.551776e-07,-0.000661971
1.552276e-07,0.0024962
1.552776e-07,0.00274337
1.553276e-07,-0.00390253
1.553776e-07,-0.00401238
1.554276e-07,0.00634094
1.554776e-07,0.000930848
1.555276e-07,-0.0162606
1.555776e-07,-0.0189519
1.556276e-07,-0.0201053
1.556776e-07,-0.0293876
1.557276e-07,-0.0356491
1.557776e-07,-0.035704
1.558276e-07,-0.0340013
1.558776e-07,-0.0340013
1.559276e-07,-0.0327655
1.559776e-07,-0.0285638
1.560276e-07,-0.0274378
1.560776e-07,-0.0303763
1.561276e-07,-0.0269435
1.561776e-07,-0.0236755
1.562276e-07,-0.0263393
1.562776e-07,-0.0188421
1.563276e-07,-0.00354552
1.563776e-07,0.00419887
1.564276e-07,0.00373201
1.564776e-07,-0.000359885
1.565276e-07,-0.00376522
1.565776e-07,-0.00126614
1.566276e-07,0.00419887
1.566776e-07,0.00340246
1.567276e-07,0.0022765
1.567776e-07,0.0052699
1.568276e-07,-0.00134853
1.568776e-07,-0.0106583
1.569276e-07,-0.0116744
1.569776e-07,-0.0149699
1.570276e-07,-0.0184851
1.570776e-07,-0.0167549
1.571276e-07,-0.0141185
1.571776e-07,-0.00936755
1.572276e-07,-0.00393
1.572776e-07,-0.0032709
1.573276e-07,-0.00533058
1.573776e-07,-0.00236464
1.574276e-07,0.00543468
1.574776e-07,0.00859285
1.575276e-07,0.00985612
1.575776e-07,0.0155408
1.576276e-07,0.0170787
1.576776e-07,0.0163647
1.577276e-07,0.0178202
1.577776e-07,0.0141403
1.578276e-07,0.00656064
1.578776e-07,0.000161901
1.579276e-07,0.00290814
1.579776e-07,0.0130143
1.580276e-07,0.0192483
1.580776e-07,0.0230106
1.581276e-07,0.0193581
1.581776e-07,0.00776898
1.582276e-07,0.000546374
1.582776e-07,0.00139771
1.583276e-07,0.00897733
1.583776e-07,0.00430872
1.584276e-07,-0.0141735
1.584776e-07,-0.0151896
1.585276e-07,-0.00272165
1.585776e-07,-0.00178793
1.586276e-07,-0.0127729
1.586776e-07,-0.0137341
1.587276e-07,0.000683686
1.587776e-07,0.0061487
1.588276e-07,0.00469319
1.588776e-07,0.00823584
1.589276e-07,0.00884002
1.589776e-07,0.0115588
1.590276e-07,0.0150191
1.590776e-07,0.0119433
1.591276e-07,0.0113391
1.591776e-07,0.0102681
1.592276e-07,0.00397917
1.592776e-07,-0.00313359
1.593276e-07,-0.0060446
1.593776e-07,2.45887e-05
1.594276e-07,0.00304545
1.594776e-07,-0.00192524
1.595276e-07,-0.00167808
1.595776e-07,-0.00184285
1.596276e-07,-0.0171943
