LECROYWR640Zi,59892,Waveform
Segments,1,SegmentSize,4002
Segment,TrigTime,TimeSinceSegment1
#1,01-Nov-2023 13:34:16,0                 
Time,Ampl
-4.043068e-08,0.0138382
-4.038068e-08,0.00925195
-4.033068e-08,0.0165295
-4.028068e-08,0.020182
-4.023068e-08,0.00982866
-4.018068e-08,0.00378694
-4.013068e-08,0.00439111
-4.008068e-08,0.000409062
-4.003068e-08,0.000326675
-3.998068e-08,0.00873017
-3.993068e-08,0.0141128
-3.988068e-08,0.0129319
-3.983068e-08,0.00927941
-3.978068e-08,0.00529737
-3.973068e-08,0.0070275
-3.968068e-08,0.0155958
-3.963068e-08,0.0215826
-3.958068e-08,0.0207038
-3.953068e-08,0.0177653
-3.948068e-08,0.0153761
-3.943068e-08,0.00947165
-3.938068e-08,0.00480304
-3.933068e-08,0.000930848
-3.928068e-08,-0.0113448
-3.923068e-08,-0.013432
-3.918068e-08,0.00299053
-3.913068e-08,0.0139755
-3.908068e-08,0.019056
-3.903068e-08,0.0283108
-3.898068e-08,0.0283383
-3.893068e-08,0.0176829
-3.888068e-08,0.0164746
-3.883068e-08,0.0259491
-3.878068e-08,0.0321556
-3.873068e-08,0.0313592
-3.868068e-08,0.0264434
-3.863068e-08,0.0238345
-3.858068e-08,0.0283932
-3.853068e-08,0.0321556
-3.848068e-08,0.0235324
-3.843068e-08,0.0141677
-3.838068e-08,0.0202094
-3.833068e-08,0.0227085
-3.828068e-08,0.00988359
-3.823068e-08,0.00647825
-3.818068e-08,0.0156232
-3.813068e-08,0.017628
-3.808068e-08,0.0166943
-3.803068e-08,0.0197975
-3.798068e-08,0.0236148
-3.793068e-08,0.0287502
-3.788068e-08,0.026718
-3.783068e-08,0.0149916
-3.778068e-08,0.0061487
-3.773068e-08,0.00683526
-3.768068e-08,0.0179026
-3.763068e-08,0.0295192
-3.758068e-08,0.0341603
-3.753068e-08,0.0420695
-3.748068e-08,0.0500336
-3.743068e-08,0.0494569
-3.738068e-08,0.0473148
-3.733068e-08,0.0399549
-3.728068e-08,0.0241915
-3.723068e-08,0.0169963
-3.718068e-08,0.0218572
-3.713068e-08,0.0257019
-3.708068e-08,0.0269927
-3.703068e-08,0.0251527
-3.698068e-08,0.019056
-3.693068e-08,0.0110645
-3.688068e-08,0.000793536
-3.683068e-08,0.000244288
-3.678068e-08,0.01068
-3.673068e-08,0.0149367
-3.668068e-08,0.0159253
-3.663068e-08,0.0180674
-3.658068e-08,0.0111194
-3.653068e-08,0.00458335
-3.648068e-08,0.0109546
-3.643068e-08,0.0184244
-3.638068e-08,0.0234775
-3.633068e-08,0.0342427
-3.628068e-08,0.0432229
-3.623068e-08,0.0396803
-3.618068e-08,0.0277067
-3.613068e-08,0.0154859
-3.608068e-08,0.00332008
-3.603068e-08,-0.00664877
-3.598068e-08,-0.00579744
-3.593068e-08,0.00356724
-3.588068e-08,0.0118609
-3.583068e-08,0.0185342
-3.578068e-08,0.0239169
-3.573068e-08,0.027487
-3.568068e-08,0.0268553
-3.563068e-08,0.0180674
-3.558068e-08,0.0115588
-3.553068e-08,0.0119433
-3.548068e-08,0.00521498
-3.543068e-08,-0.00434193
-3.538068e-08,-0.00162315
-3.533068e-08,0.00450096
-3.528068e-08,0.00348485
-3.523068e-08,0.00414395
-3.518068e-08,0.0120257
-3.513068e-08,0.019468
-3.508068e-08,0.0169414
-3.503068e-08,0.00969135
-3.498068e-08,0.00894986
-3.493068e-08,0.0107349
-3.488068e-08,0.0104603
-3.483068e-08,0.00524244
-3.478068e-08,-0.00206255
-3.473068e-08,0.00222158
-3.468068e-08,0.0123003
-3.463068e-08,0.00999344
-3.458068e-08,-0.00198017
-3.453068e-08,-0.0136242
-3.448068e-08,-0.0260372
-3.443068e-08,-0.0312551
-3.438068e-08,-0.0205722
-3.433068e-08,-0.00813174
-3.428068e-08,-0.00511088
-3.423068e-08,-0.00461655
-3.418068e-08,-0.000359885
-3.413068e-08,0.00518752
-3.408068e-08,0.0054896
-3.403068e-08,-0.00343567
-3.398068e-08,-0.0120314
-3.393068e-08,-0.00695086
-3.388068e-08,0.00367709
-3.383068e-08,0.00732958
-3.378068e-08,0.00562692
-3.373068e-08,0.00246874
-3.368068e-08,0.0042538
-3.363068e-08,0.0114764
-3.358068e-08,0.0149367
-3.353068e-08,0.0171886
-3.348068e-08,0.0232303
-3.343068e-08,0.0249055
-3.338068e-08,0.0195229
-3.333068e-08,0.0114764
-3.328068e-08,0.00441857
-3.323068e-08,0.00310038
-3.318068e-08,0.00463827
-3.313068e-08,0.00708242
-3.308068e-08,0.00801614
-3.303068e-08,0.00183711
-3.298068e-08,0.0031553
-3.293068e-08,0.0204566
-3.288068e-08,0.0370439
-3.283068e-08,0.0417125
-3.278068e-08,0.0336111
-3.273068e-08,0.0204566
-3.268068e-08,0.0141952
-3.263068e-08,0.012163
-3.258068e-08,0.00812599
-3.253068e-08,0.00576423
-3.248068e-08,0.00241382
-3.243068e-08,-0.00118376
-3.238068e-08,0.0068078
-3.233068e-08,0.013948
-3.228068e-08,0.00389679
-3.223068e-08,-0.00739026
-3.218068e-08,-0.00799443
-3.213068e-08,-0.00505595
-3.208068e-08,-0.00519326
-3.203068e-08,-0.00865353
-3.198068e-08,-0.00258434
-3.193068e-08,0.0134262
-3.188068e-08,0.0203193
-3.183068e-08,0.0226536
-3.178068e-08,0.02713
-3.173068e-08,0.0255646
-3.168068e-08,0.0262237
-3.163068e-08,0.0260864
-3.158068e-08,0.01436
-3.153068e-08,0.0114764
-3.148068e-08,0.0202369
-3.143068e-08,0.0171062
-3.138068e-08,0.00540722
-3.133068e-08,-0.00274911
-3.128068e-08,-0.00436939
-3.123068e-08,-0.00211748
-3.118068e-08,-0.00302374
-3.113068e-08,-0.0026118
-3.108068e-08,0.00389679
-3.103068e-08,0.0107624
-3.098068e-08,0.0104603
-3.093068e-08,0.0068078
-3.088068e-08,0.00911464
-3.083068e-08,0.0145247
-3.078068e-08,0.0190011
-3.073068e-08,0.0231205
-3.068068e-08,0.0268279
-3.063068e-08,0.0306452
-3.058068e-08,0.0348194
-3.053068e-08,0.039186
-3.048068e-08,0.0378678
-3.043068e-08,0.0291622
-3.038068e-08,0.0186166
-3.033068e-08,0.00721973
-3.028068e-08,-0.00099152
-3.023068e-08,-0.00585236
-3.018068e-08,-0.00697832
-3.013068e-08,-0.00176047
-3.008068e-08,0.000354137
-3.003068e-08,-0.000250035
-2.998068e-08,0.000244288
-2.993068e-08,0.00216665
-2.988068e-08,0.0116686
-2.983068e-08,0.021253
-2.978068e-08,0.0208136
-2.973068e-08,0.0157605
-2.968068e-08,0.0152113
-2.963068e-08,0.0200721
-2.958068e-08,0.0204841
-2.953068e-08,0.00991105
-2.948068e-08,-0.0026118
-2.943068e-08,-0.00898307
-2.938068e-08,-0.00662131
-2.933068e-08,-0.00088167
-2.928068e-08,-0.00302374
-2.923068e-08,-0.00338075
-2.918068e-08,0.00230397
-2.913068e-08,0.00318276
-2.908068e-08,0.00164487
-2.903068e-08,-0.000277498
-2.898068e-08,5.20511e-05
-2.893068e-08,0.00463827
-2.888068e-08,0.00392425
-2.883068e-08,-0.000689433
-2.878068e-08,0.000820998
-2.873068e-08,0.00834569
-2.868068e-08,0.0135361
-2.863068e-08,0.0118334
-2.858068e-08,0.0141677
-2.853068e-08,0.0211981
-2.848068e-08,0.0210608
-2.843068e-08,0.0183969
-2.838068e-08,0.0197426
-2.833068e-08,0.0235873
-2.828068e-08,0.0269103
-2.823068e-08,0.0279813
-2.818068e-08,0.0298213
-2.813068e-08,0.0305628
-2.808068e-08,0.027075
-2.803068e-08,0.0230655
-2.798068e-08,0.0210059
-2.793068e-08,0.0222691
-2.788068e-08,0.0223515
-2.783068e-08,0.0183969
-2.778068e-08,0.0175181
-2.773068e-08,0.0162274
-2.768068e-08,0.0101582
-2.763068e-08,0.00392425
-2.758068e-08,0.00123293
-2.753068e-08,0.0057093
-2.748068e-08,0.0102406
-2.743068e-08,0.00774152
-2.738068e-08,0.00623109
-2.733068e-08,0.00603885
-2.728068e-08,0.00153502
-2.723068e-08,-0.00417716
-2.718068e-08,-0.00497357
-2.713068e-08,0.0031553
-2.708068e-08,0.0102681
-2.703068e-08,0.0166943
-2.698068e-08,0.0297938
-2.693068e-08,0.032952
-2.688068e-08,0.027844
-2.683068e-08,0.0255371
-2.678068e-08,0.0163372
-2.673068e-08,0.00510513
-2.668068e-08,0.000793536
-2.663068e-08,-0.00596221
-2.658068e-08,-0.0143657
-2.653068e-08,-0.0116469
-2.648068e-08,-0.00258434
-2.643068e-08,0.00428126
-2.638068e-08,0.00776898
-2.633068e-08,0.00505021
-2.628068e-08,0.0068078
-2.623068e-08,0.0147994
-2.618068e-08,0.0133988
-2.613068e-08,0.00977374
-2.608068e-08,0.0155683
-2.603068e-08,0.0236972
-2.598068e-08,0.0262786
-2.593068e-08,0.0230381
-2.588068e-08,0.0218023
-2.583068e-08,0.0219945
-2.578068e-08,0.0166119
-2.573068e-08,0.0074669
-2.568068e-08,-0.00535804
-2.563068e-08,-0.0136517
-2.558068e-08,-0.00725294
-2.553068e-08,0.000601299
-2.548068e-08,0.000299213
-2.543068e-08,-0.00181539
-2.538068e-08,-0.00360045
-2.533068e-08,-0.00269419
-2.528068e-08,-0.00104644
-2.523068e-08,-0.00640161
-2.518068e-08,-0.00944993
-2.513068e-08,-0.00480879
-2.508068e-08,-0.00656638
-2.503068e-08,-0.0125532
-2.498068e-08,-0.0117842
-2.493068e-08,-0.0119215
-2.488068e-08,-0.0196385
-2.483068e-08,-0.0215883
-2.478068e-08,-0.0124983
-2.473068e-08,-0.00458909
-2.468068e-08,0.00568184
-2.463068e-08,0.0133988
-2.458068e-08,0.0110095
-2.453068e-08,0.0185342
-2.448068e-08,0.024219
-2.443068e-08,0.0120257
-2.438068e-08,0.00631348
-2.433068e-08,0.0128221
-2.428068e-08,0.0249879
-2.423068e-08,0.0395704
-2.418068e-08,0.0456396
-2.413068e-08,0.043168
-2.408068e-08,0.0339956
-2.403068e-08,0.0228184
-2.398068e-08,0.0219396
-2.393068e-08,0.0254822
-2.388068e-08,0.0209784
-2.383068e-08,0.0175181
-2.378068e-08,0.0207312
-2.373068e-08,0.0199897
-2.368068e-08,0.0209235
-2.363068e-08,0.0305078
-2.358068e-08,0.0364946
-2.353068e-08,0.034435
-2.348068e-08,0.0265807
-2.343068e-08,0.0164196
-2.338068e-08,0.0138382
-2.333068e-08,0.0172984
-2.328068e-08,0.0173808
-2.323068e-08,0.0151838
-2.318068e-08,0.0133988
-2.313068e-08,0.0139755
-2.308068e-08,0.0163098
-2.303068e-08,0.0133438
-2.298068e-08,0.00609378
-2.293068e-08,0.00161741
-2.288068e-08,0.00389679
-2.283068e-08,0.00919703
-2.278068e-08,0.0137832
-2.273068e-08,0.0201271
-2.268068e-08,0.0258667
-2.263068e-08,0.0269377
-2.258068e-08,0.0209235
-2.253068e-08,0.010323
-2.248068e-08,0.00191949
-2.243068e-08,-0.00527565
-2.238068e-08,-0.0106034
-2.233068e-08,-0.0102463
-2.228068e-08,-0.0105759
-2.223068e-08,-0.0151072
-2.218068e-08,-0.0179358
-2.213068e-08,-0.0148051
-2.208068e-08,-0.00368283
-2.203068e-08,0.00996597
-2.198068e-08,0.0167492
-2.193068e-08,0.0171611
-2.188068e-08,0.0196053
-2.183068e-08,0.0258667
-2.178068e-08,0.0309198
-2.173068e-08,0.0392409
-2.168068e-08,0.0486056
-2.163068e-08,0.0426188
-2.158068e-08,0.0268828
-2.153068e-08,0.0204566
-2.148068e-08,0.0203742
-2.143068e-08,0.0183695
-2.138068e-08,0.0194405
-2.133068e-08,0.0247407
-2.128068e-08,0.0245485
-2.123068e-08,0.0193032
-2.118068e-08,0.0223515
-2.113068e-08,0.0282559
-2.108068e-08,0.0216924
-2.103068e-08,0.0108997
-2.098068e-08,0.00678034
-2.093068e-08,0.00787883
-2.088068e-08,0.0105701
-2.083068e-08,0.0135361
-2.078068e-08,0.021253
-2.073068e-08,0.0275419
-2.068068e-08,0.0225712
-2.063068e-08,0.0150465
-2.058068e-08,0.00881255
-2.053068e-08,-0.00351806
-2.048068e-08,-0.0195836
-2.043068e-08,-0.0274378
-2.038068e-08,-0.0189519
-2.033068e-08,-0.00458909
-2.028068e-08,0.00345739
-2.023068e-08,0.00829077
-2.018068e-08,0.0105427
-2.013068e-08,0.00579169
-2.008068e-08,0.00169979
-2.003068e-08,0.00408902
-1.998068e-08,0.00142517
-1.993068e-08,-0.00431447
-1.988068e-08,-0.00425954
-1.983068e-08,-0.00736279
-1.978068e-08,-0.0121412
-1.973068e-08,-0.0100266
-1.968068e-08,-0.00675862
-1.963068e-08,-0.000387347
-1.958068e-08,0.0141403
-1.953068e-08,0.0239993
-1.948068e-08,0.0244112
-1.943068e-08,0.0218023
-1.938068e-08,0.0173259
-1.933068e-08,0.0194954
-1.928068e-08,0.0246034
-1.923068e-08,0.0188089
-1.918068e-08,0.0101033
-1.913068e-08,0.00378694
-1.908068e-08,-0.00467148
-1.903068e-08,-0.00700578
-1.898068e-08,-0.00132107
-1.893068e-08,0.00279829
-1.888068e-08,0.00818092
-1.883068e-08,0.0228458
-1.878068e-08,0.0398725
-1.873068e-08,0.0502533
-1.868068e-08,0.0569541
-1.863068e-08,0.0591786
-1.858068e-08,0.053027
-1.853068e-08,0.0436623
-1.848068e-08,0.0384445
-1.843068e-08,0.0361376
-1.838068e-08,0.0331717
-1.833068e-08,0.0349293
-1.828068e-08,0.0387466
-1.823068e-08,0.0373734
-1.818068e-08,0.0342153
-1.813068e-08,0.026718
-1.808068e-08,0.0159253
-1.803068e-08,0.00834569
-1.798068e-08,-0.000771821
-1.793068e-08,-0.00695086
-1.788068e-08,-0.00137599
-1.783068e-08,0.00579169
-1.778068e-08,0.00760421
-1.773068e-08,0.0163922
-1.768068e-08,0.0267455
-1.763068e-08,0.0215826
-1.758068e-08,0.0154585
-1.753068e-08,0.0214453
-1.748068e-08,0.0263061
-1.743068e-08,0.0214178
-1.738068e-08,0.0183695
-1.733068e-08,0.024576
-1.728068e-08,0.0233402
-1.723068e-08,0.0124101
-1.718068e-08,0.0104878
-1.713068e-08,0.0102681
-1.708068e-08,0.00463827
-1.703068e-08,0.00656064
-1.698068e-08,0.0101307
-1.693068e-08,0.0117236
-1.688068e-08,0.0186166
-1.683068e-08,0.0207038
-1.678068e-08,0.0127122
-1.673068e-08,0.00823584
-1.668068e-08,0.0100484
-1.663068e-08,0.0108722
-1.658068e-08,0.0145247
-1.653068e-08,0.0188912
-1.648068e-08,0.0168041
-1.643068e-08,0.0116686
-1.638068e-08,0.00911464
-1.633068e-08,0.0123277
-1.628068e-08,0.0189187
-1.623068e-08,0.0187814
-1.618068e-08,0.00801614
-1.613068e-08,0.00345739
-1.608068e-08,0.0118609
-1.603068e-08,0.01252
-1.598068e-08,0.00202934
-1.593068e-08,-0.000607046
-1.588068e-08,0.00145263
-1.583068e-08,-0.00263926
-1.578068e-08,-0.00725294
-1.573068e-08,-0.0120589
-1.568068e-08,-0.0132397
-1.563068e-08,-0.00574251
-1.558068e-08,-0.000634509
-1.553068e-08,-0.00354552
-1.548068e-08,-0.00513834
-1.543068e-08,0.00161741
-1.538068e-08,0.00477558
-1.533068e-08,-0.00154077
-1.528068e-08,-0.00406731
-1.523068e-08,-0.00395746
-1.518068e-08,-0.00653892
-1.513068e-08,-0.00332582
-1.508068e-08,0.00518752
-1.503068e-08,0.00823584
-1.498068e-08,0.00886748
-1.493068e-08,0.0150465
-1.488068e-08,0.0181223
-1.483068e-08,0.0140029
-1.478068e-08,0.0150465
-1.473068e-08,0.0215551
-1.468068e-08,0.0185068
-1.463068e-08,0.00675287
-1.458068e-08,0.00252367
-1.453068e-08,0.00290814
-1.448068e-08,-0.000332422
-1.443068e-08,0.00288068
-1.438068e-08,0.00741197
-1.433068e-08,0.00894986
-1.428068e-08,0.0152113
-1.423068e-08,0.0114764
-1.418068e-08,0.00222158
-1.413068e-08,0.00450096
-1.408068e-08,0.0063684
-1.403068e-08,0.00406156
-1.398068e-08,0.00419887
-1.393068e-08,0.00450096
-1.388068e-08,0.00277083
-1.383068e-08,0.00288068
-1.378068e-08,0.00864778
-1.373068e-08,0.00606631
-1.368068e-08,-0.009038
-1.363068e-08,-0.0196934
-1.358068e-08,-0.0216432
-1.353068e-08,-0.0124708
-1.348068e-08,-0.00019511
-1.343068e-08,0.00142517
-1.338068e-08,0.00562692
-1.333068e-08,0.00864778
-1.328068e-08,-0.00769234
-1.323068e-08,-0.0243071
-1.318068e-08,-0.0256802
-1.313068e-08,-0.0230438
-1.308068e-08,-0.0196659
-1.303068e-08,-0.0126081
-1.298068e-08,-0.00393
-1.293068e-08,0.00213919
-1.288068e-08,0.00903225
-1.283068e-08,0.0184793
-1.278068e-08,0.0182047
-1.273068e-08,0.00485797
-1.268068e-08,-0.00997172
-1.263068e-08,-0.0120863
-1.258068e-08,-0.00115629
-1.253068e-08,0.0110095
-1.248068e-08,0.01977
-1.243068e-08,0.0229831
-1.238068e-08,0.0247407
-1.233068e-08,0.0290249
-1.228068e-08,0.0296016
-1.223068e-08,0.0274321
-1.218068e-08,0.0265807
-1.213068e-08,0.0258392
-1.208068e-08,0.024576
-1.203068e-08,0.0239718
-1.198068e-08,0.026361
-1.193068e-08,0.0257568
-1.188068e-08,0.0197426
-1.183068e-08,0.0222691
-1.178068e-08,0.0288326
-1.173068e-08,0.019413
-1.168068e-08,0.00927941
-1.163068e-08,0.0129594
-1.158068e-08,0.011806
-1.153068e-08,0.00691765
-1.148068e-08,0.0082633
-1.143068e-08,0.0110095
-1.138068e-08,0.0149092
-1.133068e-08,0.0199348
-1.128068e-08,0.0227909
-1.123068e-08,0.0217199
-1.118068e-08,0.0215276
-1.113068e-08,0.0195229
-1.108068e-08,0.0129044
-1.103068e-08,0.0141128
-1.098068e-08,0.0191384
-1.093068e-08,0.0170238
-1.088068e-08,0.0191933
-1.083068e-08,0.0322929
-1.078068e-08,0.0410259
-1.073068e-08,0.0397352
-1.068068e-08,0.0404218
-1.063068e-08,0.0399
-1.058068e-08,0.0313592
-1.053068e-08,0.0271849
-1.048068e-08,0.0259216
-1.043068e-08,0.0106251
-1.038068e-08,-0.00552281
-1.033068e-08,-0.00159569
-1.028068e-08,0.00873017
-1.023068e-08,0.0152662
-1.018068e-08,0.0237796
-1.013068e-08,0.0286129
-1.008068e-08,0.0283383
-1.003068e-08,0.0269103
-9.980678e-09,0.0200172
-9.930678e-09,0.0101033
-9.880678e-09,0.00760421
-9.830678e-09,0.00664302
-9.780678e-09,-0.00104644
-9.730678e-09,-0.0079395
-9.680678e-09,-0.0117568
-9.630678e-09,-0.0129926
-9.580678e-09,-0.0103837
-9.530678e-09,-0.00766488
-9.480678e-09,-0.00401238
-9.430678e-09,0.00169979
-9.380678e-09,0.00919703
-9.330678e-09,0.019825
-9.280678e-09,0.0266082
-9.230678e-09,0.0240542
-9.180678e-09,0.0207038
-9.130678e-09,0.0230655
-9.080678e-09,0.0203193
-9.030678e-09,0.00713735
-8.980678e-09,0.000299213
-8.930678e-09,0.000106976
-8.880678e-09,-0.00467148
-8.830678e-09,-0.00379268
-8.780678e-09,0.00480304
-8.730678e-09,0.0136734
-8.680678e-09,0.0171062
-8.630678e-09,0.0107349
-8.580678e-09,0.00537975
-8.530678e-09,0.00224904
-8.480678e-09,-0.00434193
-8.430678e-09,-0.0047264
-8.380678e-09,-0.000250035
-8.330678e-09,0.00351231
-8.280678e-09,0.00996597
-8.230678e-09,0.0121355
-8.180678e-09,0.0100758
-8.130678e-09,0.0188363
-8.080678e-09,0.0334738
-8.030678e-09,0.0302881
-7.980678e-09,0.0130143
-7.930678e-09,-0.00170554
-7.880678e-09,-0.0197209
-7.830678e-09,-0.0305136
-7.780678e-09,-0.0241972
-7.730678e-09,-0.0222749
-7.680678e-09,-0.0220552
-7.630678e-09,-0.00917531
-7.580678e-09,0.00631348
-7.530678e-09,0.0170238
-7.480678e-09,0.0256745
-7.430678e-09,0.0305353
-7.380678e-09,0.0278165
-7.330678e-09,0.0210333
-7.280678e-09,0.00845554
-7.230678e-09,-0.00362791
-7.180678e-09,5.20511e-05
-7.130678e-09,0.00669795
-7.080678e-09,0.00244128
-7.030678e-09,-0.00357298
-6.980678e-09,-0.00684101
-6.930678e-09,-0.013075
-6.880678e-09,-0.0211214
-6.830678e-09,-0.0193089
-6.780678e-09,-0.00618191
-6.730678e-09,0.000573836
-6.680678e-09,-0.00566013
-6.630678e-09,-0.010521
-6.580678e-09,-0.00750011
-6.530678e-09,0.000766073
-6.480678e-09,0.00743943
-6.430678e-09,0.00480304
-6.380678e-09,0.00587408
-6.330678e-09,0.0159528
-6.280678e-09,0.0205939
-6.230678e-09,0.0196327
-6.180678e-09,0.019413
-6.130678e-09,0.0195229
-6.080678e-09,0.0188912
-6.030678e-09,0.0173259
-5.980678e-09,0.0131241
-5.930678e-09,0.00732958
-5.880678e-09,0.00708242
-5.830678e-09,0.00949911
-5.780678e-09,0.00760421
-5.730678e-09,0.00991105
-5.680678e-09,0.0167217
-5.630678e-09,0.0140029
-5.580678e-09,0.0054896
-5.530678e-09,-0.00145838
-5.480678e-09,-0.00640161
-5.430678e-09,-0.00277657
-5.380678e-09,0.00452842
-5.330678e-09,0.00584661
-5.280678e-09,0.00587408
-5.230678e-09,0.00911464
-5.180678e-09,0.0137009
-5.130678e-09,0.0163372
-5.080678e-09,0.013234
-5.030678e-09,0.00840062
-4.980678e-09,0.0101033
-4.930678e-09,0.0104603
-4.880678e-09,0.000711148
-4.830678e-09,-0.00645653
-4.780678e-09,-0.00187032
-4.730678e-09,0.0115863
-4.680678e-09,0.0283108
-4.630678e-09,0.03438
-4.580678e-09,0.0311395
-4.530678e-09,0.0361376
-4.480678e-09,0.0436623
-4.430678e-09,0.0415477
-4.380678e-09,0.0382248
-4.330678e-09,0.0350117
-4.280678e-09,0.0250154
-4.230678e-09,0.015788
-4.180678e-09,0.014662
-4.130678e-09,0.0155134
-4.080678e-09,0.0101033
-4.030678e-09,0.00496782
-3.980678e-09,0.0104054
-3.930678e-09,0.0147719
-3.880678e-09,0.00741197
-3.830678e-09,0.00164487
-3.780678e-09,0.00812599
-3.730678e-09,0.0175181
-3.680678e-09,0.0166943
-3.630678e-09,0.00785137
-3.580678e-09,0.00716481
-3.530678e-09,0.0144698
-3.480678e-09,0.0141952
-3.430678e-09,0.00999344
-3.380678e-09,0.00903225
-3.330678e-09,0.00653317
-3.280678e-09,0.00477558
-3.230678e-09,0.00867524
-3.180678e-09,0.0131241
-3.130678e-09,0.0148817
-3.080678e-09,0.0156781
-3.030678e-09,0.00996597
-2.980678e-09,0.000106976
-2.930678e-09,-0.00219986
-2.880678e-09,0.00743943
-2.830678e-09,0.0208411
-2.780678e-09,0.0264434
-2.730678e-09,0.0282559
-2.680678e-09,0.0298213
-2.630678e-09,0.0250703
-2.580678e-09,0.0153761
-2.530678e-09,0.00419887
-2.480678e-09,-0.00832398
-2.430678e-09,-0.0143382
-2.380678e-09,-0.0138439
-2.330678e-09,-0.0137615
-2.280678e-09,-0.00829651
-2.230678e-09,0.00106816
-2.180678e-09,0.00840062
-2.130678e-09,0.0127671
-2.080678e-09,0.0150465
-2.030678e-09,0.0169963
-1.980678e-09,0.0156781
-1.930678e-09,0.0127671
-1.880678e-09,0.0104603
-1.830678e-09,0.0162823
-1.780678e-09,0.0254273
-1.730678e-09,0.0200447
-1.680678e-09,0.01977
-1.630678e-09,0.0334189
-1.580678e-09,0.0374558
-1.530678e-09,0.035863
-1.480678e-09,0.0345723
-1.430678e-09,0.0295467
-1.380678e-09,0.0294093
-1.330678e-09,0.0312219
-1.280678e-09,0.0236148
-1.230678e-09,0.0197151
-1.180678e-09,0.0279538
-1.130678e-09,0.0309198
-1.080678e-09,0.0257568
-1.030678e-09,0.0236972
-9.806781e-10,0.0277341
-9.306781e-10,0.0318535
-8.806781e-10,0.0313866
-8.306781e-10,0.0285855
-7.806781e-10,0.0205115
-7.306781e-10,0.00771406
-6.806781e-10,-0.000964057
-6.306781e-10,-0.00132107
-5.806781e-10,0.00474812
-5.306781e-10,0.0122728
-4.806781e-10,0.0186166
-4.306781e-10,0.0234775
-3.806781e-10,0.0261139
-3.306781e-10,0.0239718
-2.806781e-10,0.0213629
-2.306781e-10,0.0283108
-1.806781e-10,0.0358905
-1.306781e-10,0.031826
-8.067812e-11,0.043882
-3.067812e-11,0.100894
1.932188e-11,0.173724
6.932188e-11,0.234636
1.193219e-10,0.297415
1.693219e-10,0.353273
2.193219e-10,0.382685
2.693219e-10,0.392407
3.193219e-10,0.37604
3.693219e-10,0.333281
4.193219e-10,0.286045
4.693219e-10,0.236421
5.193219e-10,0.180974
5.693219e-10,0.130855
6.193219e-10,0.100812
6.693219e-10,0.0932594
7.193219e-10,0.0949895
7.693219e-10,0.10169
8.193219e-10,0.102597
8.693219e-10,0.0846087
9.193219e-10,0.069422
9.693219e-10,0.0642591
1.019322e-09,0.0577505
1.069322e-09,0.0603595
1.119322e-09,0.062529
1.169322e-09,0.0498688
1.219322e-09,0.0375931
1.269322e-09,0.0278165
1.319322e-09,0.0144973
1.369322e-09,0.00430872
1.419322e-09,-0.000359885
1.469322e-09,0.000793536
1.519322e-09,0.00774152
1.569322e-09,0.0152662
1.619322e-09,0.0171062
1.669322e-09,0.0144698
1.719322e-09,0.0130692
1.769322e-09,0.014717
1.819322e-09,0.019413
1.869322e-09,0.0241091
1.919322e-09,0.0262512
1.969322e-09,0.0264159
2.019322e-09,0.0259491
2.069322e-09,0.0263336
2.119322e-09,0.0266906
2.169322e-09,0.0256745
2.219322e-09,0.0199074
2.269322e-09,0.0132065
2.319322e-09,0.0162549
2.369322e-09,0.0225987
2.419322e-09,0.0229008
2.469322e-09,0.0247133
2.519322e-09,0.0292171
2.569322e-09,0.0288601
2.619322e-09,0.0265533
2.669322e-09,0.0259765
2.719322e-09,0.0256745
2.769322e-09,0.0259216
2.819322e-09,0.0253449
2.869322e-09,0.0233951
2.919322e-09,0.024219
2.969322e-09,0.0313317
3.019322e-09,0.0412456
3.069322e-09,0.0462163
3.119322e-09,0.0426462
3.169322e-09,0.0348469
3.219322e-09,0.0234225
3.269322e-09,0.00785137
3.319322e-09,-0.001733
3.369322e-09,-0.00398492
3.419322e-09,-0.00247449
3.469322e-09,0.00321023
3.519322e-09,0.0098012
3.569322e-09,0.0242464
3.619322e-09,0.0443763
3.669322e-09,0.0499512
3.719322e-09,0.042811
3.769322e-09,0.0374833
3.819322e-09,0.029684
3.869322e-09,0.019413
3.919322e-09,0.0157056
3.969322e-09,0.0189736
4.019322e-09,0.0275144
4.069322e-09,0.0344075
4.119322e-09,0.0391036
4.169322e-09,0.0429758
4.219322e-09,0.0367418
4.269322e-09,0.0307001
4.319322e-09,0.0338033
4.369322e-09,0.032595
4.419322e-09,0.0292446
4.469322e-09,0.0268553
4.519322e-09,0.0170238
4.569322e-09,0.00894986
4.619322e-09,0.00988359
4.669322e-09,0.00812599
4.719322e-09,-0.00332582
4.769322e-09,-0.0151072
4.819322e-09,-0.0148875
4.869322e-09,-0.00563266
4.919322e-09,0.000985772
4.969322e-09,0.00194696
5.019322e-09,0.00436365
5.069322e-09,0.00741197
5.119322e-09,0.00502274
5.169322e-09,0.00609378
5.219322e-09,0.0127946
5.269322e-09,0.0160352
5.319322e-09,0.0200172
5.369322e-09,0.0230106
5.419322e-09,0.0159253
5.469322e-09,0.00645079
5.519322e-09,-0.000387347
5.569322e-09,-0.00695086
5.619322e-09,-0.00917531
5.669322e-09,-0.00673116
5.719322e-09,-0.00351806
5.769322e-09,0.000134438
5.819322e-09,0.00483051
5.869322e-09,0.00971881
5.919322e-09,0.0137283
5.969322e-09,0.0121355
6.019322e-09,0.00274337
6.069322e-09,-0.00225479
6.119322e-09,0.00230397
6.169322e-09,0.00134278
6.219322e-09,-0.00634669
6.269322e-09,-0.00780219
6.319322e-09,-0.00453417
6.369322e-09,0.00084846
6.419322e-09,0.00576423
6.469322e-09,0.00625855
6.519322e-09,0.00840062
6.569322e-09,0.00971881
6.619322e-09,0.00818092
6.669322e-09,0.012877
6.719322e-09,0.0189736
6.769322e-09,0.0218023
6.819322e-09,0.0246034
6.869322e-09,0.0228184
6.919322e-09,0.0140304
6.969322e-09,0.0061487
7.019322e-09,0.00853793
7.069322e-09,0.0162823
7.119322e-09,0.0164196
7.169322e-09,0.0151014
7.219322e-09,0.019825
7.269322e-09,0.0152113
7.319322e-09,0.00137025
7.369322e-09,-0.00774727
7.419322e-09,-0.0105484
7.469322e-09,0.000491449
7.519322e-09,0.0258667
7.569322e-09,0.0440468
7.619322e-09,0.045365
7.669322e-09,0.0437722
7.719322e-09,0.040971
7.769322e-09,0.029327
7.819322e-09,0.0168316
7.869322e-09,0.00543468
7.919322e-09,-0.00620937
7.969322e-09,-0.0111801
8.019322e-09,-0.00782965
8.069322e-09,0.00183711
8.119322e-09,0.00911464
8.169322e-09,0.0115039
8.219322e-09,0.0163647
8.269322e-09,0.0226536
8.319322e-09,0.0235324
8.369322e-09,0.0149367
8.419322e-09,0.00617616
8.469322e-09,0.00689019
8.519322e-09,0.0108997
8.569322e-09,0.0105701
8.619322e-09,0.00455588
8.669322e-09,-0.00442432
8.719322e-09,-0.0117568
8.769322e-09,-0.00895561
8.819322e-09,0.00675287
8.869322e-09,0.0204841
8.919322e-09,0.0241091
8.969322e-09,0.0251252
9.019322e-09,0.0284756
9.069322e-09,0.0345723
9.119322e-09,0.031881
9.169322e-09,0.0134537
9.219322e-09,-0.00354552
9.269322e-09,-0.00975202
9.319322e-09,-0.0124708
9.369322e-09,-0.014146
9.419322e-09,-0.00955978
9.469322e-09,-0.00667623
9.519322e-09,-0.0182379
9.569322e-09,-0.0262844
9.619322e-09,-0.0205447
9.669322e-09,-0.0134869
9.719322e-09,-0.00030496
9.769322e-09,0.0123827
9.819322e-09,0.0127671
9.869322e-09,0.0151838
9.919322e-09,0.0208136
9.969322e-09,0.0215002
1.001932e-08,0.0236972
1.006932e-08,0.0257568
1.011932e-08,0.0192757
1.016932e-08,0.0138107
1.021932e-08,0.0182047
1.026932e-08,0.0217748
1.031932e-08,0.0182047
1.036932e-08,0.00925195
1.041932e-08,0.0063684
1.046932e-08,0.0166393
1.051932e-08,0.0251252
1.056932e-08,0.0255646
1.061932e-08,0.024219
1.066932e-08,0.0252351
1.071932e-08,0.0320457
1.076932e-08,0.0377854
1.081932e-08,0.0408337
1.086932e-08,0.0519834
1.091932e-08,0.0637373
1.096932e-08,0.0600848
1.101932e-08,0.0492097
1.106932e-08,0.040257
1.111932e-08,0.0250703
1.116932e-08,0.00768659
1.121932e-08,0.000820998
1.126932e-08,0.000601299
1.131932e-08,-0.00343567
1.136932e-08,-0.0111801
1.141932e-08,-0.0156564
1.146932e-08,-0.0109054
1.151932e-08,0.000161901
1.156932e-08,0.00894986
1.161932e-08,0.0139206
1.166932e-08,0.0202918
1.171932e-08,0.0320732
1.176932e-08,0.0411632
1.181932e-08,0.0349293
1.186932e-08,0.0186441
1.191932e-08,0.00798868
1.196932e-08,0.00367709
1.201932e-08,0.00414395
1.206932e-08,0.0140304
1.211932e-08,0.0215276
1.216932e-08,0.0198799
1.221932e-08,0.0264983
1.226932e-08,0.0400922
1.231932e-08,0.0346547
1.236932e-08,0.0154859
1.241932e-08,0.0107898
1.246932e-08,0.014717
1.251932e-08,0.0100484
1.256932e-08,0.00661556
1.261932e-08,0.00732958
1.266932e-08,-0.000140186
1.271932e-08,-0.00769234
1.276932e-08,-0.00126614
1.281932e-08,0.0107075
1.286932e-08,0.0148543
1.291932e-08,0.0106251
1.296932e-08,0.00993851
1.301932e-08,0.0170787
1.306932e-08,0.0191933
1.311932e-08,0.0193581
1.316932e-08,0.0241366
1.321932e-08,0.0177653
1.326932e-08,0.00375947
1.331932e-08,0.00351231
1.336932e-08,0.0146346
1.341932e-08,0.0198799
1.346932e-08,0.0166943
1.351932e-08,0.0174357
1.356932e-08,0.0235049
1.361932e-08,0.0256195
1.366932e-08,0.0226261
1.371932e-08,0.0217199
1.376932e-08,0.0201545
1.381932e-08,0.0146895
1.386932e-08,0.0148817
1.391932e-08,0.0127946
1.396932e-08,0.00200188
1.401932e-08,0.00216665
1.406932e-08,0.00982866
1.411932e-08,0.0101857
1.416932e-08,0.0176005
1.421932e-08,0.0315789
1.426932e-08,0.0326224
1.431932e-08,0.0280637
1.436932e-08,0.0286679
1.441932e-08,0.0255371
1.446932e-08,0.0218846
1.451932e-08,0.0245485
1.456932e-08,0.0222142
1.461932e-08,0.0161999
1.466932e-08,0.0149092
1.471932e-08,0.0152937
1.476932e-08,0.0135361
1.481932e-08,0.00650571
1.486932e-08,0.0027159
1.491932e-08,0.00716481
1.496932e-08,0.0118883
1.501932e-08,0.0141128
1.506932e-08,0.0135086
1.511932e-08,0.0137558
1.516932e-08,0.0182322
1.521932e-08,0.019413
1.526932e-08,0.0134262
1.531932e-08,0.01252
1.536932e-08,0.0215276
1.541932e-08,0.0229282
1.546932e-08,0.016502
1.551932e-08,0.0240542
1.556932e-08,0.0406964
1.561932e-08,0.0446235
1.566932e-08,0.0385818
1.571932e-08,0.0321556
1.576932e-08,0.0222142
1.581932e-08,0.0177928
1.586932e-08,0.0218846
1.591932e-08,0.0206488
1.596932e-08,0.0182047
1.601932e-08,0.0145797
1.606932e-08,0.00765913
1.611932e-08,0.00982866
1.616932e-08,0.018342
1.621932e-08,0.0265533
1.626932e-08,0.0324851
1.631932e-08,0.0316338
1.636932e-08,0.0281186
1.641932e-08,0.0261139
1.646932e-08,0.0212256
1.651932e-08,0.0149916
1.656932e-08,0.0104328
1.661932e-08,0.00480304
1.666932e-08,0.000738611
1.671932e-08,-0.000826745
1.676932e-08,-0.00321597
1.681932e-08,-0.00170554
1.686932e-08,0.00730212
1.691932e-08,0.0132615
1.696932e-08,0.0155958
1.701932e-08,0.0218023
1.706932e-08,0.0235049
1.711932e-08,0.0208411
1.716932e-08,0.0288052
1.721932e-08,0.041685
1.726932e-08,0.0441841
1.731932e-08,0.0408337
1.736932e-08,0.0371537
1.741932e-08,0.0301508
1.746932e-08,0.0264159
1.751932e-08,0.0280637
1.756932e-08,0.0232303
1.761932e-08,0.0142776
1.766932e-08,0.0144698
1.771932e-08,0.017985
1.776932e-08,0.0126573
1.781932e-08,0.00927941
1.786932e-08,0.0178751
1.791932e-08,0.0177104
1.796932e-08,0.00395171
1.801932e-08,-0.00247449
1.806932e-08,-0.00398492
1.811932e-08,-0.00618191
1.816932e-08,-0.00824159
1.821932e-08,-0.00994426
1.826932e-08,-0.0049461
1.831932e-08,-0.00115629
1.836932e-08,-0.000414809
1.841932e-08,0.00818092
1.846932e-08,0.0164746
1.851932e-08,0.0168041
1.856932e-08,0.0182871
1.861932e-08,0.022736
1.866932e-08,0.0229557
1.871932e-08,0.0189187
1.876932e-08,0.0171062
1.881932e-08,0.0209509
1.886932e-08,0.022736
1.891932e-08,0.0209784
1.896932e-08,0.0277891
1.901932e-08,0.0350666
1.906932e-08,0.032238
1.911932e-08,0.0301234
1.916932e-08,0.0310296
1.921932e-08,0.032595
1.926932e-08,0.0341329
1.931932e-08,0.0294917
1.936932e-08,0.0253174
1.941932e-08,0.0266082
1.946932e-08,0.0290249
1.951932e-08,0.0342976
1.956932e-08,0.0330618
1.961932e-08,0.02529
1.966932e-08,0.0276518
1.971932e-08,0.0293544
1.976932e-08,0.019825
1.981932e-08,0.0175731
1.986932e-08,0.0282285
1.991932e-08,0.0368791
1.996932e-08,0.0369615
2.001932e-08,0.0329795
2.006932e-08,0.0323204
2.011932e-08,0.0349567
2.016932e-08,0.0358905
2.021932e-08,0.0361376
2.026932e-08,0.0323753
2.031932e-08,0.0241915
2.036932e-08,0.01977
2.041932e-08,0.018342
2.046932e-08,0.0162823
2.051932e-08,0.012108
2.056932e-08,0.00694511
2.061932e-08,0.00606631
2.066932e-08,0.00774152
2.071932e-08,0.0105701
2.076932e-08,0.0130143
2.081932e-08,0.00809853
2.086932e-08,0.00304545
2.091932e-08,0.00721973
2.096932e-08,0.00960896
2.101932e-08,0.00678034
2.106932e-08,0.0082633
2.111932e-08,0.00982866
2.116932e-08,0.00798868
2.121932e-08,0.0105976
2.126932e-08,0.0187539
2.131932e-08,0.0264983
2.136932e-08,0.0255921
2.141932e-08,0.0166943
2.146932e-08,0.0138382
2.151932e-08,0.0147444
2.156932e-08,0.0111743
2.161932e-08,0.0100209
2.166932e-08,0.00842808
2.171932e-08,0.00304545
2.176932e-08,0.00266098
2.181932e-08,0.00584661
2.186932e-08,0.00623109
2.191932e-08,0.0052699
2.196932e-08,0.00672541
2.201932e-08,0.0133164
2.206932e-08,0.0232028
2.211932e-08,0.0295741
2.216932e-08,0.0249055
2.221932e-08,0.0116686
2.226932e-08,0.0052699
2.231932e-08,0.00862032
2.236932e-08,0.00510513
2.241932e-08,-0.00140346
2.246932e-08,0.00938926
2.251932e-08,0.0209235
2.256932e-08,0.014662
2.261932e-08,0.00763167
2.266932e-08,0.0120257
2.271932e-08,0.0217199
2.276932e-08,0.018342
2.281932e-08,0.00211173
2.286932e-08,-0.00198017
2.291932e-08,0.0068078
2.296932e-08,0.0161999
2.301932e-08,0.0238345
2.306932e-08,0.0253998
2.311932e-08,0.0231205
2.316932e-08,0.0277616
2.321932e-08,0.0366869
2.326932e-08,0.0323478
2.331932e-08,0.0141677
2.336932e-08,0.00694511
2.341932e-08,0.0160077
2.346932e-08,0.018699
2.351932e-08,0.0138656
2.356932e-08,0.0156781
2.361932e-08,0.0186166
2.366932e-08,0.014662
2.371932e-08,0.01068
2.376932e-08,0.0138931
2.381932e-08,0.0130418
2.386932e-08,0.00397917
2.391932e-08,0.00411648
2.396932e-08,0.0052699
2.401932e-08,-0.00486372
2.406932e-08,-0.00596221
2.411932e-08,0.0010407
2.416932e-08,-0.00299627
2.421932e-08,-0.00824159
2.426932e-08,-0.00782965
2.431932e-08,-0.0121138
2.436932e-08,-0.0135144
2.441932e-08,-0.0100816
2.446932e-08,-0.0136242
2.451932e-08,-0.0147227
2.456932e-08,-0.00461655
2.461932e-08,0.0057093
2.466932e-08,0.00779644
2.471932e-08,0.00395171
2.476932e-08,0.00375947
2.481932e-08,0.0151838
2.486932e-08,0.0217748
2.491932e-08,0.00947165
2.496932e-08,0.000738611
2.501932e-08,0.00815346
2.506932e-08,0.0138931
2.511932e-08,0.0130143
2.516932e-08,0.0182871
2.521932e-08,0.0288052
2.526932e-08,0.0353412
2.531932e-08,0.0374284
2.536932e-08,0.0328696
2.541932e-08,0.0205939
2.546932e-08,0.0101582
2.551932e-08,0.00678034
2.556932e-08,0.00494036
2.561932e-08,0.00947165
2.566932e-08,0.0217199
2.571932e-08,0.023093
2.576932e-08,0.0138656
2.581932e-08,0.0112567
2.586932e-08,0.0109546
2.591932e-08,0.00307291
2.596932e-08,-0.00511088
2.601932e-08,-0.00717056
2.606932e-08,-0.00576998
2.611932e-08,-0.00332582
2.616932e-08,-0.00425954
2.621932e-08,-0.00508342
2.626932e-08,-0.00414969
2.631932e-08,-0.00862606
2.636932e-08,-0.0136242
2.641932e-08,-0.0189519
2.646932e-08,-0.0221101
2.651932e-08,-0.0116744
2.656932e-08,-0.00393
2.661932e-08,-0.010109
2.666932e-08,-0.0110977
2.671932e-08,-0.00788458
2.676932e-08,-0.0150523
2.681932e-08,-0.0193639
2.686932e-08,-0.0109054
2.691932e-08,-0.0085986
2.696932e-08,-0.0100541
2.701932e-08,0.00288068
2.706932e-08,0.0162274
2.711932e-08,0.0209784
2.716932e-08,0.0242739
2.721932e-08,0.0235873
2.726932e-08,0.0217199
2.731932e-08,0.0193032
2.736932e-08,0.0161175
2.741932e-08,0.0160626
2.746932e-08,0.0148268
2.751932e-08,0.0124651
2.756932e-08,0.0093618
2.761932e-08,0.00743943
2.766932e-08,0.0141128
2.771932e-08,0.0183969
2.776932e-08,0.0129319
2.781932e-08,0.00793376
2.786932e-08,0.00771406
2.791932e-08,0.0133164
2.796932e-08,0.0173808
2.801932e-08,0.0137009
2.806932e-08,0.0127671
2.811932e-08,0.0188089
2.816932e-08,0.0241915
2.821932e-08,0.0233402
2.826932e-08,0.0219121
2.831932e-08,0.0302058
2.836932e-08,0.0396254
2.841932e-08,0.0366869
2.846932e-08,0.0322929
2.851932e-08,0.0327598
2.856932e-08,0.0289425
2.861932e-08,0.0218297
2.866932e-08,0.0102131
2.871932e-08,-0.000469734
2.876932e-08,0.000985772
2.881932e-08,0.00494036
2.886932e-08,0.00796122
2.891932e-08,0.013591
2.896932e-08,0.014717
2.901932e-08,0.0133988
2.906932e-08,0.0133438
2.911932e-08,0.00590154
2.916932e-08,-0.00637415
2.921932e-08,-0.0125257
2.926932e-08,-0.014915
2.931932e-08,-0.0121962
2.936932e-08,-0.00244703
2.941932e-08,0.00211173
2.946932e-08,0.000903385
2.951932e-08,0.00197442
2.956932e-08,0.00164487
2.961932e-08,-0.000716896
2.966932e-08,-0.00277657
2.971932e-08,-0.00832398
2.976932e-08,-0.0144206
2.981932e-08,-0.0149699
2.986932e-08,-0.00868099
2.991932e-08,0.000216825
2.996932e-08,0.00455588
3.001932e-08,0.00672541
3.006932e-08,0.0115039
3.011932e-08,0.0136185
3.016932e-08,0.00894986
3.021932e-08,0.00466573
3.026932e-08,0.00639586
3.031932e-08,0.0104328
3.036932e-08,0.0100209
3.041932e-08,0.00675287
3.046932e-08,0.0141128
3.051932e-08,0.0235599
3.056932e-08,0.0170513
3.061932e-08,0.0091421
3.066932e-08,0.00837315
3.071932e-08,0.00175472
3.076932e-08,-0.00601714
3.081932e-08,-0.0049461
3.086932e-08,-0.0058249
3.091932e-08,-0.0144206
3.096932e-08,-0.0125257
3.101932e-08,-0.00241956
3.106932e-08,0.000134438
3.111932e-08,-0.00206255
3.116932e-08,-0.010164
3.121932e-08,-0.0109878
3.126932e-08,0.00524244
3.131932e-08,0.0124101
3.136932e-08,0.00233143
3.141932e-08,-0.00200763
3.146932e-08,0.00364962
3.151932e-08,0.00430872
3.156932e-08,0.00266098
3.161932e-08,0.00749436
3.166932e-08,0.0101857
3.171932e-08,0.00683526
3.176932e-08,0.00988359
3.181932e-08,0.0219945
3.186932e-08,0.0308648
3.191932e-08,0.0278989
3.196932e-08,0.0172435
3.201932e-08,0.0105701
3.206932e-08,0.00422633
3.211932e-08,-0.00739026
3.216932e-08,-0.010109
3.221932e-08,-0.00618191
3.226932e-08,-0.00620937
3.231932e-08,-0.00502849
3.236932e-08,-0.00247449
3.241932e-08,0.0012604
3.246932e-08,0.00375947
3.251932e-08,-0.00263926
3.256932e-08,-0.0113448
3.261932e-08,-0.0138714
3.266932e-08,-0.0140087
3.271932e-08,-0.0122511
3.276932e-08,-0.00428701
3.281932e-08,0.00598393
3.286932e-08,0.0110645
3.291932e-08,0.00502274
3.296932e-08,-0.00615445
3.301932e-08,-0.00549535
3.306932e-08,-0.000387347
3.311932e-08,-0.00373776
3.316932e-08,-0.00505595
3.321932e-08,-0.00428701
3.326932e-08,-0.00642907
3.331932e-08,-0.00450671
3.336932e-08,0.00430872
3.341932e-08,0.0130967
3.346932e-08,0.011037
3.351932e-08,0.00334754
3.356932e-08,-0.00467148
3.361932e-08,-0.0114272
3.366932e-08,-0.00434193
3.371932e-08,0.00348485
3.376932e-08,0.00027175
3.381932e-08,0.00419887
3.386932e-08,0.0138931
3.391932e-08,0.0185342
3.396932e-08,0.0238345
3.401932e-08,0.0246034
3.406932e-08,0.0171611
3.411932e-08,0.0185892
3.416932e-08,0.0258942
3.421932e-08,0.0222417
3.426932e-08,0.0174083
3.431932e-08,0.0190286
3.436932e-08,0.0147719
3.441932e-08,0.00480304
3.446932e-08,-0.00244703
3.451932e-08,-0.00931262
3.456932e-08,-0.0144206
3.461932e-08,-0.0140636
3.466932e-08,-0.0136791
3.471932e-08,-0.0181555
3.476932e-08,-0.0230438
3.481932e-08,-0.017771
3.486932e-08,-0.00285896
3.491932e-08,0.00796122
3.496932e-08,0.0104328
3.501932e-08,0.0123827
3.506932e-08,0.0148543
3.511932e-08,0.016914
3.516932e-08,0.0179575
3.521932e-08,0.00938926
3.526932e-08,-0.00335328
3.531932e-08,-0.00681355
3.536932e-08,-0.00502849
3.541932e-08,-0.00629176
3.546932e-08,-0.0060446
3.551932e-08,-0.000140186
3.556932e-08,0.00158994
3.561932e-08,0.0003816
3.566932e-08,0.00290814
3.571932e-08,-0.00088167
3.576932e-08,-0.00533058
3.581932e-08,0.00186457
3.586932e-08,0.00774152
3.591932e-08,0.00732958
3.596932e-08,0.0129044
3.601932e-08,0.0210333
3.606932e-08,0.022324
3.611932e-08,0.0196602
3.616932e-08,0.0186441
3.621932e-08,0.0221867
3.626932e-08,0.0219121
3.631932e-08,0.00905971
3.636932e-08,-0.00791204
3.641932e-08,-0.0186498
3.646932e-08,-0.0194737
3.651932e-08,-0.0117842
3.656932e-08,-0.00631922
3.661932e-08,-0.00802189
3.666932e-08,-0.00431447
3.671932e-08,0.00804361
3.676932e-08,0.0153761
3.681932e-08,0.0134812
3.686932e-08,0.0052699
3.691932e-08,-0.00338075
3.696932e-08,-0.00181539
3.701932e-08,0.00507767
3.706932e-08,0.0072472
3.711932e-08,0.00675287
3.716932e-08,0.0024962
3.721932e-08,0.000518912
3.726932e-08,0.00853793
3.731932e-08,0.0161175
3.736932e-08,0.0120806
3.741932e-08,0.000573836
3.746932e-08,-0.00170554
3.751932e-08,0.00713735
3.756932e-08,0.0119158
3.761932e-08,0.0118334
3.766932e-08,0.0124651
3.771932e-08,0.0113116
3.776932e-08,0.00944419
3.781932e-08,0.0126573
3.786932e-08,0.01436
3.791932e-08,0.0074669
3.796932e-08,0.000436525
3.801932e-08,-0.00340821
3.806932e-08,-0.006484
3.811932e-08,-0.00505595
3.816932e-08,0.00186457
3.821932e-08,0.0109272
3.826932e-08,0.0170513
3.831932e-08,0.0167217
3.836932e-08,0.0179026
3.841932e-08,0.0229008
3.846932e-08,0.0231205
3.851932e-08,0.0211432
3.856932e-08,0.01436
3.861932e-08,0.00455588
3.866932e-08,0.00513259
3.871932e-08,0.00727466
3.876932e-08,0.00277083
3.881932e-08,-0.00335328
3.886932e-08,-0.00568759
3.891932e-08,-2.87366e-06
3.896932e-08,2.45887e-05
3.901932e-08,-0.00423208
3.906932e-08,0.0057093
3.911932e-08,0.0150191
3.916932e-08,0.0128495
3.921932e-08,0.015788
3.926932e-08,0.0208411
3.931932e-08,0.016502
3.936932e-08,0.0116686
3.941932e-08,0.00801614
3.946932e-08,0.00378694
3.951932e-08,0.0089224
3.956932e-08,0.0166668
3.961932e-08,0.0158978
3.966932e-08,0.0111469
3.971932e-08,0.0101307
3.976932e-08,0.0141677
3.981932e-08,0.0165569
3.986932e-08,0.0123003
3.991932e-08,0.00384186
3.996932e-08,-0.0034906
4.001932e-08,-0.00544043
4.006932e-08,0.0022765
4.011932e-08,0.0132889
4.016932e-08,0.0124376
4.021932e-08,0.00905971
4.026932e-08,0.016859
4.031932e-08,0.0224888
4.036932e-08,0.0221867
4.041932e-08,0.0236697
4.046932e-08,0.0241366
4.051932e-08,0.0215276
4.056932e-08,0.0156232
4.061932e-08,0.0103779
4.066932e-08,0.0119707
4.071932e-08,0.0175731
4.076932e-08,0.017628
4.081932e-08,0.0138382
4.086932e-08,0.0152662
4.091932e-08,0.0169689
4.096932e-08,0.0149641
4.101932e-08,0.0138107
4.106932e-08,0.0163647
4.111932e-08,0.0160352
4.116932e-08,0.00785137
4.121932e-08,0.00837315
4.126932e-08,0.0208685
4.131932e-08,0.0235324
4.136932e-08,0.0160901
4.141932e-08,0.0108997
4.146932e-08,0.00296306
4.151932e-08,-0.00601714
4.156932e-08,-0.0081592
4.161932e-08,-0.00739026
4.166932e-08,-0.00453417
4.171932e-08,0.000793536
4.176932e-08,0.00831823
4.181932e-08,0.0197426
4.186932e-08,0.0249604
4.191932e-08,0.02161
4.196932e-08,0.0238345
4.201932e-08,0.0292446
4.206932e-08,0.0240542
4.211932e-08,0.0109546
4.216932e-08,0.00378694
4.221932e-08,0.00557199
4.226932e-08,0.01252
4.231932e-08,0.0209235
4.236932e-08,0.0219396
4.241932e-08,0.0196602
4.246932e-08,0.0162823
4.251932e-08,0.00603885
4.256932e-08,-0.000771821
4.261932e-08,-0.0019527
4.266932e-08,-0.001733
4.271932e-08,0.000463987
4.276932e-08,0.00268844
4.281932e-08,0.00796122
4.286932e-08,0.014662
4.291932e-08,0.0197975
4.296932e-08,0.0193856
4.301932e-08,0.0144149
4.306932e-08,0.0174357
4.311932e-08,0.0196602
4.316932e-08,0.0115588
4.321932e-08,0.0101307
4.326932e-08,0.0125474
4.331932e-08,0.00579169
4.336932e-08,0.00260605
4.341932e-08,0.00686272
4.346932e-08,0.0128221
4.351932e-08,0.017271
4.356932e-08,0.0112018
4.361932e-08,0.00694511
4.366932e-08,0.0104054
4.371932e-08,0.00408902
4.376932e-08,-0.00478133
4.381932e-08,-0.00198017
4.386932e-08,0.00840062
4.391932e-08,0.0187814
4.396932e-08,0.0224064
4.401932e-08,0.0197151
4.406932e-08,0.0174357
4.411932e-08,0.0199074
4.416932e-08,0.0252076
4.421932e-08,0.0254548
4.426932e-08,0.022324
4.431932e-08,0.0242464
4.436932e-08,0.0248231
4.441932e-08,0.015431
4.446932e-08,0.00776898
4.451932e-08,0.013948
4.456932e-08,0.0238619
4.461932e-08,0.0272124
4.466932e-08,0.0253174
4.471932e-08,0.0291347
4.476932e-08,0.0416301
4.481932e-08,0.0418223
4.486932e-08,0.0302881
4.491932e-08,0.026361
4.496932e-08,0.0247682
4.501932e-08,0.0177104
4.506932e-08,0.0101033
4.511932e-08,0.00463827
4.516932e-08,0.00301799
4.521932e-08,0.00307291
4.526932e-08,5.20511e-05
4.531932e-08,0.00101323
4.536932e-08,0.00694511
4.541932e-08,0.0115313
4.546932e-08,0.0164471
4.551932e-08,0.0167492
4.556932e-08,0.0100484
4.561932e-08,0.00507767
4.566932e-08,0.00933434
4.571932e-08,0.0156232
4.576932e-08,0.0155683
4.581932e-08,0.016914
4.586932e-08,0.0214178
4.591932e-08,0.0260315
4.596932e-08,0.0318535
4.601932e-08,0.0337759
4.606932e-08,0.0316063
4.611932e-08,0.0296565
4.616932e-08,0.0244387
4.621932e-08,0.018342
4.626932e-08,0.0140029
4.631932e-08,0.00612124
4.636932e-08,0.00106816
4.641932e-08,0.00867524
4.646932e-08,0.0236972
4.651932e-08,0.0367418
4.656932e-08,0.0402844
4.661932e-08,0.0364672
4.666932e-08,0.0381149
4.671932e-08,0.0410534
4.676932e-08,0.0335836
4.681932e-08,0.0316338
4.686932e-08,0.0459417
4.691932e-08,0.052258
4.696932e-08,0.046079
4.701932e-08,0.0427561
4.706932e-08,0.0402844
4.711932e-08,0.0380875
4.716932e-08,0.0374009
4.721932e-08,0.0312493
4.726932e-08,0.0154585
4.731932e-08,-0.00230971
4.736932e-08,-0.0120039
4.741932e-08,-0.0117568
4.746932e-08,-0.00703324
4.751932e-08,-0.00747264
4.756932e-08,-0.00420462
4.761932e-08,0.0116137
4.766932e-08,0.0246858
4.771932e-08,0.0291073
4.776932e-08,0.0272398
4.781932e-08,0.0200447
4.786932e-08,0.0153761
4.791932e-08,0.0134812
4.796932e-08,0.00353977
4.801932e-08,-0.00890069
4.806932e-08,-0.00546789
4.811932e-08,0.00485797
4.816932e-08,0.00430872
4.821932e-08,-0.00274911
4.826932e-08,-0.00428701
4.831932e-08,0.00175472
4.836932e-08,0.00202934
4.841932e-08,-0.00620937
4.846932e-08,-0.013789
4.851932e-08,-0.0153269
4.856932e-08,-0.0062643
4.861932e-08,0.00164487
4.866932e-08,-0.000716896
4.871932e-08,-0.000442272
4.876932e-08,0.0052699
4.881932e-08,0.00933434
4.886932e-08,0.0116686
4.891932e-08,0.0115863
4.896932e-08,0.0102681
4.901932e-08,0.0127946
4.906932e-08,0.0182047
4.911932e-08,0.0188638
4.916932e-08,0.0139755
4.921932e-08,0.0151014
4.926932e-08,0.0209784
4.931932e-08,0.0150191
4.936932e-08,0.00488543
4.941932e-08,0.00908718
4.946932e-08,0.0218572
4.951932e-08,0.0333365
4.956932e-08,0.0336935
4.961932e-08,0.0209509
4.966932e-08,0.0153761
4.971932e-08,0.0210882
4.976932e-08,0.0221318
4.981932e-08,0.0178477
4.986932e-08,0.0127946
4.991932e-08,0.008483
4.996932e-08,0.0104054
5.001932e-08,0.0162274
5.006932e-08,0.021665
5.011932e-08,0.0279813
5.016932e-08,0.0330618
5.021932e-08,0.030398
5.026932e-08,0.017216
5.031932e-08,-0.00088167
5.036932e-08,-0.0138165
5.041932e-08,-0.0109604
5.046932e-08,0.00263352
5.051932e-08,0.0119433
5.056932e-08,0.0182047
5.061932e-08,0.0231205
5.066932e-08,0.016859
5.071932e-08,0.00364962
5.076932e-08,-0.000442272
5.081932e-08,-0.000222573
5.086932e-08,-0.0056052
5.091932e-08,-0.0023921
5.096932e-08,0.0127122
5.101932e-08,0.021665
5.106932e-08,0.0244661
5.111932e-08,0.0247957
5.116932e-08,0.0164746
5.121932e-08,0.00694511
5.126932e-08,-0.000661971
5.131932e-08,-0.00914785
5.136932e-08,-0.0088183
5.141932e-08,0.00134278
5.146932e-08,0.0102406
5.151932e-08,0.0156507
5.156932e-08,0.0156781
5.161932e-08,0.00793376
5.166932e-08,0.000573836
5.171932e-08,-0.0032709
5.176932e-08,-0.00524819
5.181932e-08,-0.00228225
5.186932e-08,0.0038144
5.191932e-08,0.00417141
5.196932e-08,-0.000744358
5.201932e-08,0.00117801
5.206932e-08,0.00518752
5.211932e-08,-0.00101898
5.216932e-08,-0.00384761
5.221932e-08,0.00351231
5.226932e-08,0.00507767
5.231932e-08,0.00310038
5.236932e-08,0.00661556
5.241932e-08,0.00974627
5.246932e-08,0.0101857
5.251932e-08,0.0113666
5.256932e-08,0.011806
5.261932e-08,0.0095815
5.266932e-08,0.0113391
5.271932e-08,0.0148268
5.276932e-08,0.0108448
5.281932e-08,0.0130418
5.286932e-08,0.0249879
5.291932e-08,0.0214727
5.296932e-08,0.00554453
5.301932e-08,0.00326515
5.306932e-08,0.0100484
5.311932e-08,0.0129594
5.316932e-08,0.019825
5.321932e-08,0.0252076
5.326932e-08,0.0133438
5.331932e-08,-0.00244703
5.336932e-08,-0.00656638
5.341932e-08,-0.00590729
5.346932e-08,-0.00511088
5.351932e-08,-0.00294135
5.356932e-08,-0.00395746
5.361932e-08,-0.00667623
5.366932e-08,-0.00263926
5.371932e-08,0.00469319
5.376932e-08,0.0089224
5.381932e-08,0.00941673
5.386932e-08,0.00205681
5.391932e-08,-0.00953232
5.396932e-08,-0.0113998
5.401932e-08,-0.00631922
5.406932e-08,-0.00574251
5.411932e-08,-0.00134853
5.416932e-08,0.0122179
5.421932e-08,0.0191659
5.426932e-08,0.0138107
5.431932e-08,0.00905971
5.436932e-08,0.00683526
5.441932e-08,0.00263352
5.446932e-08,-0.0019527
5.451932e-08,-0.006484
5.456932e-08,-0.00524819
5.461932e-08,0.00414395
5.466932e-08,0.0158155
5.471932e-08,0.0215826
5.476932e-08,0.0162549
5.481932e-08,0.00774152
5.486932e-08,-0.000524659
5.491932e-08,-0.00890069
5.496932e-08,-0.00821413
5.501932e-08,0.000793536
5.506932e-08,0.0100209
5.511932e-08,0.0171062
5.516932e-08,0.0173534
5.521932e-08,0.0148268
5.526932e-08,0.0234225
5.531932e-08,0.0316887
5.536932e-08,0.0210882
5.541932e-08,0.000436525
5.546932e-08,-0.0122786
5.551932e-08,-0.0079395
5.556932e-08,0.0010407
5.561932e-08,0.00362216
5.566932e-08,0.00834569
5.571932e-08,0.0105152
5.576932e-08,0.00631348
5.581932e-08,0.00760421
5.586932e-08,0.0103779
5.591932e-08,0.00807107
5.596932e-08,0.0101307
5.601932e-08,0.019468
5.606932e-08,0.0308099
5.611932e-08,0.0355609
5.616932e-08,0.0284482
5.621932e-08,0.0238345
5.626932e-08,0.0235049
5.631932e-08,0.0137558
5.636932e-08,0.00472066
5.641932e-08,0.000573836
5.646932e-08,-0.00535804
5.651932e-08,-0.000634509
5.656932e-08,0.0102681
5.661932e-08,0.0127946
5.666932e-08,0.0126847
5.671932e-08,0.012108
5.676932e-08,0.0114215
5.681932e-08,0.00894986
5.686932e-08,-0.00214494
5.691932e-08,-0.00953232
5.696932e-08,-0.00269419
5.701932e-08,0.00873017
5.706932e-08,0.015788
5.711932e-08,0.0169689
5.716932e-08,0.0185617
5.721932e-08,0.0215826
5.726932e-08,0.0219121
5.731932e-08,0.0232852
5.736932e-08,0.0207038
5.741932e-08,0.00881255
5.746932e-08,-0.000414809
5.751932e-08,-0.00225479
5.756932e-08,-0.00700578
5.761932e-08,-0.00901054
5.766932e-08,0.00186457
5.771932e-08,0.00952657
5.776932e-08,0.00469319
5.781932e-08,0.00299053
5.786932e-08,0.00557199
5.791932e-08,-0.0034906
5.796932e-08,-0.0117019
5.801932e-08,-0.00343567
5.806932e-08,0.00167233
5.811932e-08,-0.00266673
5.816932e-08,-0.00384761
5.821932e-08,-0.00154077
5.826932e-08,0.00282575
5.831932e-08,0.00612124
5.836932e-08,0.00117801
5.841932e-08,-0.00313359
5.846932e-08,0.000546374
5.851932e-08,0.00153502
5.856932e-08,0.000656224
5.861932e-08,0.000793536
5.866932e-08,0.00252367
5.871932e-08,0.011806
5.876932e-08,0.0192757
5.881932e-08,0.0193306
5.886932e-08,0.0187265
5.891932e-08,0.0201545
5.896932e-08,0.0203193
5.901932e-08,0.0156781
5.906932e-08,0.0113116
5.911932e-08,0.0117785
5.916932e-08,0.0157605
5.921932e-08,0.0188912
5.926932e-08,0.02161
5.931932e-08,0.0229557
5.936932e-08,0.0181223
5.941932e-08,0.0191933
5.946932e-08,0.0284207
5.951932e-08,0.0325401
5.956932e-08,0.0349018
5.961932e-08,0.0395979
5.966932e-08,0.0413555
5.971932e-08,0.0397901
5.976932e-08,0.0351215
5.981932e-08,0.0255921
5.986932e-08,0.0168865
5.991932e-08,0.0138382
5.996932e-08,0.0138382
6.001932e-08,0.011751
6.006932e-08,0.0108448
6.011932e-08,0.017628
6.016932e-08,0.0211157
6.021932e-08,0.0164471
6.026932e-08,0.0132889
6.031932e-08,0.0105701
6.036932e-08,0.00793376
6.041932e-08,0.0131241
6.046932e-08,0.0195778
6.051932e-08,0.0154585
6.056932e-08,0.0107075
6.061932e-08,0.0113116
6.066932e-08,0.0054896
6.071932e-08,-0.00420462
6.076932e-08,-0.00533058
6.081932e-08,0.00353977
6.086932e-08,0.0158155
6.091932e-08,0.0235324
6.096932e-08,0.024164
6.101932e-08,0.0256195
6.106932e-08,0.0292171
6.111932e-08,0.0286953
6.116932e-08,0.0283658
6.121932e-08,0.027075
6.126932e-08,0.02161
6.131932e-08,0.0213354
6.136932e-08,0.0247682
6.141932e-08,0.0219121
6.146932e-08,0.0214727
6.151932e-08,0.0314141
6.156932e-08,0.0362749
6.161932e-08,0.0291347
6.166932e-08,0.0264434
6.171932e-08,0.0322929
6.176932e-08,0.0303705
6.181932e-08,0.0185068
6.186932e-08,0.00645079
6.191932e-08,-0.00431447
6.196932e-08,-0.00780219
6.201932e-08,-0.000277498
6.206932e-08,0.00653317
6.211932e-08,0.00419887
6.216932e-08,-0.000552121
6.221932e-08,0.000546374
6.226932e-08,0.00675287
6.231932e-08,0.0134812
6.236932e-08,0.0160626
6.241932e-08,0.0142776
6.246932e-08,0.0122728
6.251932e-08,0.00581915
6.256932e-08,-0.00288642
6.261932e-08,0.00183711
6.266932e-08,0.0109821
6.271932e-08,0.0108997
6.276932e-08,0.0130692
6.281932e-08,0.019825
6.286932e-08,0.0237246
6.291932e-08,0.021665
6.296932e-08,0.014662
6.301932e-08,0.0100758
6.306932e-08,0.0093618
6.311932e-08,0.00546214
6.316932e-08,-0.00137599
6.321932e-08,-0.00110137
6.326932e-08,0.00474812
6.331932e-08,0.00818092
6.336932e-08,0.0057093
6.341932e-08,-0.000826745
6.346932e-08,0.000409062
6.351932e-08,0.00472066
6.356932e-08,0.00299053
6.361932e-08,0.00700004
6.366932e-08,0.0183695
6.371932e-08,0.0253449
6.376932e-08,0.025647
6.381932e-08,0.0214178
6.386932e-08,0.0131516
6.391932e-08,0.00461081
6.396932e-08,-0.00241956
6.401932e-08,-0.00717056
6.406932e-08,-0.00269419
6.411932e-08,0.00455588
6.416932e-08,0.00373201
6.421932e-08,0.00513259
6.426932e-08,0.0120531
6.431932e-08,0.0150465
6.436932e-08,0.0171062
6.441932e-08,0.0215551
6.446932e-08,0.0252076
6.451932e-08,0.0221593
6.456932e-08,0.013591
6.461932e-08,0.0104603
6.466932e-08,0.00763167
6.471932e-08,0.0054896
6.476932e-08,0.0161725
6.481932e-08,0.0241915
6.486932e-08,0.0195503
6.491932e-08,0.015431
6.496932e-08,0.0154859
6.501932e-08,0.0193032
6.506932e-08,0.0253724
6.511932e-08,0.026361
6.516932e-08,0.0187539
6.521932e-08,0.00947165
6.526932e-08,0.00678034
6.531932e-08,0.00820838
6.536932e-08,0.0123277
6.541932e-08,0.0149367
6.546932e-08,0.00282575
6.551932e-08,-0.014146
6.556932e-08,-0.0188421
6.561932e-08,-0.0170845
6.566932e-08,-0.0117568
6.571932e-08,-0.00417716
6.576932e-08,0.000409062
6.581932e-08,0.00551707
6.586932e-08,0.0102131
6.591932e-08,0.0107624
6.596932e-08,0.0109272
6.601932e-08,0.0126847
6.606932e-08,0.0172435
6.611932e-08,0.020896
6.616932e-08,0.0199074
6.621932e-08,0.0229282
6.626932e-08,0.0266906
6.631932e-08,0.0219121
6.636932e-08,0.0188089
6.641932e-08,0.020896
6.646932e-08,0.0225163
6.651932e-08,0.0206488
6.656932e-08,0.0142776
6.661932e-08,0.0138107
6.666932e-08,0.0148543
6.671932e-08,0.0108173
6.676932e-08,0.00617616
6.681932e-08,-0.00607206
6.686932e-08,-0.0107407
6.691932e-08,0.00241382
6.696932e-08,0.00971881
6.701932e-08,0.00966389
6.706932e-08,0.0133438
6.711932e-08,0.0186441
6.716932e-08,0.0194954
6.721932e-08,0.0147719
6.726932e-08,0.0153761
6.731932e-08,0.0138382
6.736932e-08,0.00738451
6.741932e-08,0.0139206
6.746932e-08,0.0203742
6.751932e-08,0.0194954
6.756932e-08,0.0250428
6.761932e-08,0.0290523
6.766932e-08,0.0247407
6.771932e-08,0.0227634
6.776932e-08,0.0297389
6.781932e-08,0.033309
6.786932e-08,0.0260315
6.791932e-08,0.0230381
6.796932e-08,0.0279538
6.801932e-08,0.0250154
6.806932e-08,0.0130967
6.811932e-08,0.00603885
6.816932e-08,0.00947165
6.821932e-08,0.0171611
6.826932e-08,0.0210608
6.831932e-08,0.0239718
6.836932e-08,0.0293819
6.841932e-08,0.0298213
6.846932e-08,0.0241366
6.851932e-08,0.0258942
6.856932e-08,0.0316063
6.861932e-08,0.0263061
6.866932e-08,0.0207587
6.871932e-08,0.0178751
6.876932e-08,0.00908718
6.881932e-08,0.00202934
6.886932e-08,0.00433618
6.891932e-08,0.0113666
6.896932e-08,0.0089224
6.901932e-08,0.00386932
6.906932e-08,0.00856539
6.911932e-08,0.0072472
6.916932e-08,0.00436365
6.921932e-08,0.0129868
6.926932e-08,0.018699
6.931932e-08,0.018342
6.936932e-08,0.0176554
6.941932e-08,0.0213354
6.946932e-08,0.030755
6.951932e-08,0.0373734
6.956932e-08,0.0441841
6.961932e-08,0.0533291
6.966932e-08,0.0553338
6.971932e-08,0.0515166
6.976932e-08,0.05267
6.981932e-08,0.0516264
6.986932e-08,0.0356982
6.991932e-08,0.0181498
6.996932e-08,0.0144698
7.001932e-08,0.0148543
7.006932e-08,0.010323
7.011932e-08,0.0142501
7.016932e-08,0.0294917
7.021932e-08,0.0395979
7.026932e-08,0.0409435
7.031932e-08,0.0396528
7.036932e-08,0.0366045
7.041932e-08,0.0311944
7.046932e-08,0.0263885
7.051932e-08,0.0259765
7.056932e-08,0.026773
7.061932e-08,0.0239443
7.066932e-08,0.0204566
7.071932e-08,0.0138656
7.076932e-08,-0.000167648
7.081932e-08,-0.0105484
7.086932e-08,-0.00955978
7.091932e-08,-0.0058249
7.096932e-08,-0.00695086
7.101932e-08,-0.00631922
7.106932e-08,-0.00115629
7.111932e-08,0.00546214
7.116932e-08,0.014662
7.121932e-08,0.0159528
7.126932e-08,0.0144973
7.131932e-08,0.0238894
7.136932e-08,0.0217473
7.141932e-08,0.00565438
7.146932e-08,0.00386932
7.151932e-08,0.0123003
7.156932e-08,0.0140029
7.161932e-08,0.00922449
7.166932e-08,0.0089224
7.171932e-08,0.0169963
7.176932e-08,0.0184244
7.181932e-08,0.0159802
7.186932e-08,0.0241366
7.191932e-08,0.0270476
7.196932e-08,0.0190286
7.201932e-08,0.0144973
7.206932e-08,0.00669795
7.211932e-08,-0.00486372
7.216932e-08,-0.00491864
7.221932e-08,0.00532483
7.226932e-08,0.012163
7.231932e-08,0.0140304
7.236932e-08,0.0254273
7.241932e-08,0.0406689
7.246932e-08,0.0376481
7.251932e-08,0.027844
7.256932e-08,0.0293819
7.261932e-08,0.0319359
7.266932e-08,0.035506
7.271932e-08,0.0425913
7.276932e-08,0.0341054
7.281932e-08,0.016914
7.286932e-08,0.015074
7.291932e-08,0.0188638
7.296932e-08,0.0174357
7.301932e-08,0.0156507
7.306932e-08,0.0126298
7.311932e-08,0.0137009
7.316932e-08,0.0183695
7.321932e-08,0.0147994
7.326932e-08,0.00738451
7.331932e-08,0.0104878
7.336932e-08,0.0268279
7.341932e-08,0.0404767
7.346932e-08,0.0355609
7.351932e-08,0.0262237
7.356932e-08,0.0294917
7.361932e-08,0.0258118
7.366932e-08,0.00485797
7.371932e-08,-0.00752757
7.376932e-08,-0.0060446
7.381932e-08,-0.00541296
7.386932e-08,-0.0026118
7.391932e-08,0.00255113
7.396932e-08,0.00213919
7.401932e-08,0.0010407
7.406932e-08,0.00645079
7.411932e-08,0.0114489
7.416932e-08,0.00884002
7.421932e-08,0.00428126
7.426932e-08,0.00441857
7.431932e-08,0.00977374
7.436932e-08,0.0172984
7.441932e-08,0.0252076
7.446932e-08,0.0276518
7.451932e-08,0.0224339
7.456932e-08,0.0211981
7.461932e-08,0.021253
7.466932e-08,0.0180674
7.471932e-08,0.0180125
7.476932e-08,0.018699
7.481932e-08,0.0217473
7.486932e-08,0.0239443
7.491932e-08,0.0211981
7.496932e-08,0.0210333
7.501932e-08,0.0233676
7.506932e-08,0.0261413
7.511932e-08,0.0259491
7.516932e-08,0.0213079
7.521932e-08,0.0217199
7.526932e-08,0.0266631
7.531932e-08,0.0243013
7.536932e-08,0.0161725
7.541932e-08,0.0147719
7.546932e-08,0.0139755
7.551932e-08,0.00483051
7.556932e-08,-0.000826745
7.561932e-08,-0.00206255
7.566932e-08,-0.00280404
7.571932e-08,0.00150756
7.576932e-08,0.0044735
7.581932e-08,0.00483051
7.586932e-08,0.00955404
7.591932e-08,0.0135635
7.596932e-08,0.0134537
7.601932e-08,0.0150465
7.606932e-08,0.0165844
7.611932e-08,0.0187814
7.616932e-08,0.0233402
7.621932e-08,0.0192208
7.626932e-08,0.00257859
7.631932e-08,-0.0121687
7.636932e-08,-0.0103562
7.641932e-08,0.00268844
7.646932e-08,0.0124925
7.651932e-08,0.0183969
7.656932e-08,0.0216375
7.661932e-08,0.0155958
7.666932e-08,0.0093618
7.671932e-08,0.0164746
7.676932e-08,0.0209784
7.681932e-08,0.011394
7.686932e-08,0.00235889
7.691932e-08,0.00189203
7.696932e-08,0.00634094
7.701932e-08,0.00862032
7.706932e-08,0.0054896
7.711932e-08,-0.00112883
7.716932e-08,-0.00934009
7.721932e-08,-0.0171119
7.726932e-08,-0.0265865
7.731932e-08,-0.0308157
7.736932e-08,-0.019611
7.741932e-08,-0.00552281
7.746932e-08,-0.00469894
7.751932e-08,-0.0131024
7.756932e-08,-0.0166451
7.761932e-08,-0.0096971
7.766932e-08,0.000518912
7.771932e-08,0.0108448
7.776932e-08,0.0211432
7.781932e-08,0.0205115
7.786932e-08,0.011751
7.791932e-08,0.0105152
7.796932e-08,0.0204841
7.801932e-08,0.0313866
7.806932e-08,0.0324851
7.811932e-08,0.0303705
7.816932e-08,0.0283383
7.821932e-08,0.0235324
7.826932e-08,0.0167492
7.831932e-08,0.00502274
7.836932e-08,-0.00228225
7.841932e-08,0.00477558
7.846932e-08,0.0116686
7.851932e-08,0.00436365
7.856932e-08,-0.0047264
7.861932e-08,-0.00019511
7.866932e-08,0.00938926
7.871932e-08,0.0130967
7.876932e-08,0.0189736
7.881932e-08,0.0242464
7.886932e-08,0.0180399
7.891932e-08,0.0143874
7.896932e-08,0.0203193
7.901932e-08,0.0241915
7.906932e-08,0.0253449
7.911932e-08,0.0222691
7.916932e-08,0.0134812
7.921932e-08,0.00930688
7.926932e-08,0.00941673
7.931932e-08,0.003375
7.936932e-08,-0.00189778
7.941932e-08,0.00411648
7.946932e-08,0.00716481
7.951932e-08,-0.000332422
7.956932e-08,-0.00123868
7.961932e-08,0.00244128
7.966932e-08,-0.00442432
7.971932e-08,-0.0111526
7.976932e-08,-0.00395746
7.981932e-08,0.0112292
7.986932e-08,0.0217748
7.991932e-08,0.0248231
7.996932e-08,0.0266082
8.001932e-08,0.0280088
8.006932e-08,0.0301783
8.011932e-08,0.0314416
8.016932e-08,0.0265807
8.021932e-08,0.0224888
8.026932e-08,0.0249604
8.031932e-08,0.0268004
8.036932e-08,0.0220494
8.041932e-08,0.0202369
8.046932e-08,0.0181772
8.051932e-08,0.00189203
8.056932e-08,-0.00931262
8.061932e-08,-0.0049461
8.066932e-08,-0.00596221
8.071932e-08,-0.00717056
8.076932e-08,0.00686272
8.081932e-08,0.0189736
8.086932e-08,0.0174357
8.091932e-08,0.0163372
8.096932e-08,0.0192208
8.101932e-08,0.0195503
8.106932e-08,0.0180399
8.111932e-08,0.0143874
8.116932e-08,0.0082633
8.121932e-08,0.00551707
8.126932e-08,0.00938926
8.131932e-08,0.0113116
8.136932e-08,0.0108173
8.141932e-08,0.0163922
8.146932e-08,0.0207038
8.151932e-08,0.0231479
8.156932e-08,0.0298487
8.161932e-08,0.0313317
8.166932e-08,0.0257019
8.171932e-08,0.0197151
8.176932e-08,0.0155408
8.181932e-08,0.0202094
8.186932e-08,0.0262512
8.191932e-08,0.0207862
8.196932e-08,0.0192208
8.201932e-08,0.0200447
8.206932e-08,0.0124651
8.211932e-08,0.00933434
8.216932e-08,0.00395171
8.221932e-08,-0.00461655
8.226932e-08,0.00027175
8.231932e-08,0.0044735
8.236932e-08,-0.00387507
8.241932e-08,-0.00807682
8.246932e-08,-0.00167808
8.251932e-08,0.00400663
8.256932e-08,0.000134438
8.261932e-08,-0.00527565
8.266932e-08,-0.00184285
8.271932e-08,0.0061487
8.276932e-08,0.0230106
8.281932e-08,0.0411907
8.286932e-08,0.0370713
8.291932e-08,0.0283383
8.296932e-08,0.0331992
8.301932e-08,0.0361376
8.306932e-08,0.0346272
8.311932e-08,0.0289425
8.316932e-08,0.0169963
8.321932e-08,0.00694511
8.326932e-08,-0.00203509
8.331932e-08,-0.00187032
8.336932e-08,0.014717
8.341932e-08,0.0268004
8.346932e-08,0.0284756
8.351932e-08,0.0306177
8.356932e-08,0.0301783
8.361932e-08,0.0279813
8.366932e-08,0.0280362
8.371932e-08,0.0221593
8.376932e-08,0.0065881
8.381932e-08,-0.00414969
8.386932e-08,0.00244128
8.391932e-08,0.0182322
8.396932e-08,0.0275968
8.401932e-08,0.025647
8.406932e-08,0.024933
8.411932e-08,0.0284756
8.416932e-08,0.0174907
8.421932e-08,0.00386932
8.426932e-08,0.0072472
8.431932e-08,0.00200188
8.436932e-08,-0.0136517
8.441932e-08,-0.0151621
8.446932e-08,-0.0123609
8.451932e-08,-0.00681355
8.456932e-08,0.00735705
8.461932e-08,0.0140029
8.466932e-08,0.0107075
8.471932e-08,0.0120531
8.476932e-08,0.0156232
8.481932e-08,0.0132615
8.486932e-08,0.0142501
8.491932e-08,0.0157056
8.496932e-08,0.00974627
8.501932e-08,0.00941673
8.506932e-08,0.0148268
8.511932e-08,0.0161175
8.516932e-08,0.0221593
8.521932e-08,0.0327048
8.526932e-08,0.0328971
8.531932e-08,0.0275144
8.536932e-08,0.026773
8.541932e-08,0.0269927
8.546932e-08,0.0255097
8.551932e-08,0.0204566
8.556932e-08,0.00851047
8.561932e-08,0.00153502
8.566932e-08,0.00700004
8.571932e-08,0.0121904
8.576932e-08,0.015788
8.581932e-08,0.0218023
8.586932e-08,0.0225437
8.591932e-08,0.0180948
8.596932e-08,0.017216
8.601932e-08,0.0200721
8.606932e-08,0.0224339
8.611932e-08,0.0278989
8.616932e-08,0.0283932
8.621932e-08,0.0181223
8.626932e-08,0.0154585
8.631932e-08,0.0216924
8.636932e-08,0.0210059
8.641932e-08,0.0118334
8.646932e-08,0.00757675
8.651932e-08,0.0131516
8.656932e-08,0.0107898
8.661932e-08,0.00178218
8.666932e-08,0.00139771
8.671932e-08,0.00244128
8.676932e-08,0.00260605
8.681932e-08,0.00117801
8.686932e-08,-0.0100816
8.691932e-08,-0.0168648
8.696932e-08,-0.00923024
8.701932e-08,-0.000222573
8.706932e-08,0.00875763
8.711932e-08,0.0159253
8.716932e-08,0.0151014
8.721932e-08,0.0100209
8.726932e-08,0.000930848
8.731932e-08,-0.00329836
8.736932e-08,0.00128786
8.741932e-08,0.00422633
8.746932e-08,0.0068078
8.751932e-08,0.00927941
8.756932e-08,0.00884002
8.761932e-08,0.011751
8.766932e-08,0.0189187
8.771932e-08,0.0203742
8.776932e-08,0.0145522
8.781932e-08,0.00752182
8.786932e-08,0.00551707
8.791932e-08,0.0159253
8.796932e-08,0.0255371
8.801932e-08,0.0199897
8.806932e-08,0.015074
8.811932e-08,0.0179026
8.816932e-08,0.00873017
8.821932e-08,-0.00804935
8.826932e-08,-0.0103837
8.831932e-08,-0.0105759
8.836932e-08,-0.0140911
8.841932e-08,-0.00739026
8.846932e-08,-0.00269419
8.851932e-08,-0.00914785
8.856932e-08,-0.0139263
8.861932e-08,-0.0129926
8.866932e-08,-0.0110428
8.871932e-08,-0.00225479
8.876932e-08,0.0124651
8.881932e-08,0.0173259
8.886932e-08,0.0140029
8.891932e-08,0.0168041
8.896932e-08,0.0250154
8.901932e-08,0.0283108
8.906932e-08,0.0229282
8.911932e-08,0.0145247
8.916932e-08,0.00938926
8.921932e-08,0.0118334
8.926932e-08,0.0193306
8.931932e-08,0.0187265
8.936932e-08,0.00631348
8.941932e-08,-0.00211748
8.946932e-08,0.00406156
8.951932e-08,0.0116412
8.956932e-08,0.0107898
8.961932e-08,0.00875763
8.966932e-08,0.0082633
8.971932e-08,0.0107898
8.976932e-08,0.0168041
8.981932e-08,0.0243837
8.986932e-08,0.0308374
8.991932e-08,0.0259216
8.996932e-08,0.0107624
9.001932e-08,0.000244288
9.006932e-08,-0.00280404
9.011932e-08,-0.00563266
9.016932e-08,-0.00675862
9.021932e-08,-0.000909132
9.026932e-08,0.00318276
9.031932e-08,-0.0021724
9.036932e-08,-0.00505595
9.041932e-08,0.0054896
9.046932e-08,0.0188089
9.051932e-08,0.0225712
9.056932e-08,0.0226261
9.061932e-08,0.0184244
9.066932e-08,0.00224904
9.071932e-08,-0.0167
9.076932e-08,-0.0252683
9.081932e-08,-0.0175239
9.086932e-08,-0.00678608
9.091932e-08,-0.0120039
9.096932e-08,-0.0233184
9.101932e-08,-0.0242247
9.106932e-08,-0.0170296
9.111932e-08,-0.0116744
9.116932e-08,-0.0132123
9.121932e-08,-0.017414
9.126932e-08,-0.0134869
9.131932e-08,-0.000744358
9.136932e-08,0.0121904
9.141932e-08,0.023807
9.146932e-08,0.0265807
9.151932e-08,0.0169414
9.156932e-08,0.0142226
9.161932e-08,0.0193306
9.166932e-08,0.0131791
9.171932e-08,-0.000854208
9.176932e-08,-0.010164
9.181932e-08,-0.011592
9.186932e-08,-0.00533058
9.191932e-08,0.00180964
9.196932e-08,0.000546374
9.201932e-08,0.000573836
9.206932e-08,0.0118334
9.211932e-08,0.0152662
9.216932e-08,0.00691765
9.221932e-08,0.00364962
9.226932e-08,0.0029356
9.231932e-08,0.00230397
9.236932e-08,0.00455588
9.241932e-08,0.00741197
9.246932e-08,0.0132615
9.251932e-08,0.0185342
9.256932e-08,0.0172435
9.261932e-08,0.0112018
9.266932e-08,0.00966389
9.271932e-08,0.0172435
9.276932e-08,0.0164196
9.281932e-08,0.00395171
9.286932e-08,0.00219412
9.291932e-08,0.0102681
9.296932e-08,0.0138931
9.301932e-08,0.0157056
9.306932e-08,0.0200172
9.311932e-08,0.0251801
9.316932e-08,0.0262786
9.321932e-08,0.0234225
9.326932e-08,0.0221867
9.331932e-08,0.0176005
9.336932e-08,0.0137009
9.341932e-08,0.01977
9.346932e-08,0.020896
9.351932e-08,0.0109821
9.356932e-08,0.00414395
9.361932e-08,0.00139771
9.366932e-08,-0.00165062
9.371932e-08,-0.00587982
9.376932e-08,-0.0107132
9.381932e-08,-0.0114822
9.386932e-08,-0.00961471
9.391932e-08,-0.00714309
9.396932e-08,-0.00541296
9.401932e-08,-0.00848875
9.406932e-08,-0.0129651
9.411932e-08,-0.0126905
9.416932e-08,-0.0117842
9.421932e-08,-0.0171119
9.426932e-08,-0.0208194
9.431932e-08,-0.017771
9.436932e-08,-0.0175239
9.441932e-08,-0.017469
9.446932e-08,-0.0107132
9.451932e-08,-0.00387507
9.456932e-08,0.00153502
9.461932e-08,0.00620363
9.466932e-08,0.00732958
9.471932e-08,0.0132889
9.476932e-08,0.0215002
9.481932e-08,0.0208411
9.486932e-08,0.0211981
9.491932e-08,0.0226811
9.496932e-08,0.0197151
9.501932e-08,0.0198799
9.506932e-08,0.0156232
9.511932e-08,0.00340246
9.516932e-08,-0.00258434
9.521932e-08,-0.00332582
9.526932e-08,-0.00189778
9.531932e-08,0.00689019
9.536932e-08,0.0100484
9.541932e-08,0.00661556
9.546932e-08,0.00697257
9.551932e-08,-0.0015133
9.556932e-08,-0.0120039
9.561932e-08,-0.0105484
9.566932e-08,-0.00980695
9.571932e-08,-0.0113448
9.576932e-08,-0.0062643
9.581932e-08,0.00329261
9.586932e-08,0.0141403
9.591932e-08,0.0269103
9.596932e-08,0.0341329
9.601932e-08,0.0305078
9.606932e-08,0.0276243
9.611932e-08,0.0295467
9.616932e-08,0.0298762
9.621932e-08,0.0286953
9.626932e-08,0.0253174
9.631932e-08,0.0207038
9.636932e-08,0.0136459
9.641932e-08,0.000106976
9.646932e-08,-0.0113448
9.651932e-08,-0.0110428
9.656932e-08,-0.00513834
9.661932e-08,-0.00019511
9.666932e-08,0.00505021
9.671932e-08,0.0035947
9.676932e-08,-0.00156823
9.681932e-08,0.00257859
9.686932e-08,0.0100484
9.691932e-08,0.0105976
9.696932e-08,0.00461081
9.701932e-08,0.00299053
9.706932e-08,0.00603885
9.711932e-08,0.00189203
9.716932e-08,-0.00571505
9.721932e-08,-0.0088183
9.726932e-08,-0.00129361
9.731932e-08,0.0107349
9.736932e-08,0.0144698
9.741932e-08,0.0144149
9.746932e-08,0.00721973
9.751932e-08,-0.00390253
9.756932e-08,-0.00247449
9.761932e-08,0.00535229
9.766932e-08,0.0124101
9.771932e-08,0.0128495
9.776932e-08,0.00480304
9.781932e-08,0.00301799
9.786932e-08,0.00856539
9.791932e-08,0.0127122
9.796932e-08,0.0110095
9.801932e-08,0.00362216
9.806932e-08,-0.000771821
9.811932e-08,-0.00126614
9.816932e-08,-0.00656638
9.821932e-08,-0.0124708
9.826932e-08,-0.00865353
9.831932e-08,-0.00280404
9.836932e-08,-0.00244703
9.841932e-08,-0.000332422
9.846932e-08,0.00334754
9.851932e-08,0.00417141
9.856932e-08,0.00222158
9.861932e-08,0.00224904
9.866932e-08,0.0130143
9.871932e-08,0.0231479
9.876932e-08,0.0165844
9.881932e-08,0.00894986
9.886932e-08,0.0152937
9.891932e-08,0.016145
9.896932e-08,0.00101323
9.901932e-08,-0.00964217
9.906932e-08,-0.0101914
9.911932e-08,-0.0129651
9.916932e-08,-0.0173591
9.921932e-08,-0.0112075
9.926932e-08,0.00559945
9.931932e-08,0.014717
9.936932e-08,0.0140029
9.941932e-08,0.0174632
9.946932e-08,0.0188363
9.951932e-08,0.0146895
9.956932e-08,0.0160901
9.961932e-08,0.0188363
9.966932e-08,0.0177104
9.971932e-08,0.0134537
9.976932e-08,0.0068078
9.981932e-08,0.00765913
9.986932e-08,0.0116137
9.991932e-08,0.0057093
9.996932e-08,0.00235889
1.000193e-07,0.00911464
1.000693e-07,0.0129044
1.001193e-07,0.0108997
1.001693e-07,0.0093618
1.002193e-07,0.0113391
1.002693e-07,0.0172984
1.003193e-07,0.0248231
1.003693e-07,0.0281186
1.004193e-07,0.0243837
1.004693e-07,0.0145247
1.005193e-07,0.00650571
1.005693e-07,0.00897733
1.006193e-07,0.0136459
1.006693e-07,0.0149367
1.007193e-07,0.019413
1.007693e-07,0.0250977
1.008193e-07,0.0246309
1.008693e-07,0.022736
1.009193e-07,0.023807
1.009693e-07,0.0209509
1.010193e-07,0.01977
1.010693e-07,0.0237521
1.011193e-07,0.0167766
1.011693e-07,0.000546374
1.012193e-07,-0.00755503
1.012693e-07,-0.00593475
1.013193e-07,7.95135e-05
1.013693e-07,0.00881255
1.014193e-07,0.0184244
1.014693e-07,0.0208685
1.015193e-07,0.0132615
1.015693e-07,0.00771406
1.016193e-07,0.0130143
1.016693e-07,0.0143874
1.017193e-07,0.00172726
1.017693e-07,-0.000689433
1.018193e-07,0.0101033
1.018693e-07,0.0145797
1.019193e-07,0.0154859
1.019693e-07,0.0131516
1.020193e-07,0.0158155
1.020693e-07,0.0306452
1.021193e-07,0.0415477
1.021693e-07,0.0436074
1.022193e-07,0.0351215
1.022693e-07,0.0215002
1.023193e-07,0.0196602
1.023693e-07,0.0225712
1.024193e-07,0.0173259
1.024693e-07,0.00985612
1.025193e-07,0.00678034
1.025693e-07,0.0024962
1.026193e-07,-0.000799283
1.026693e-07,0.00153502
1.027193e-07,0.000573836
1.027693e-07,-0.00414969
1.028193e-07,-0.00873591
1.028693e-07,-0.00961471
1.029193e-07,-0.00541296
1.029693e-07,0.000409062
1.030193e-07,0.00960896
1.030693e-07,0.0196327
1.031193e-07,0.0285031
1.031693e-07,0.0328971
1.032193e-07,0.0319633
1.032693e-07,0.0317711
1.033193e-07,0.0263336
1.033693e-07,0.0181772
1.034193e-07,0.0135635
1.034693e-07,-0.000964057
1.035193e-07,-0.0195012
1.035693e-07,-0.0226593
1.036193e-07,-0.0187871
1.036693e-07,-0.0172767
1.037193e-07,-0.0163979
1.037693e-07,-0.017469
1.038193e-07,-0.0105484
1.038693e-07,0.00483051
1.039193e-07,0.0140304
1.039693e-07,0.0189187
1.040193e-07,0.0226536
1.040693e-07,0.0235324
1.041193e-07,0.02345
1.041693e-07,0.0210608
1.042193e-07,0.0221593
1.042693e-07,0.0282834
1.043193e-07,0.0257294
1.043693e-07,0.0163647
1.044193e-07,0.00963642
1.044693e-07,0.00117801
1.045193e-07,-0.00401238
1.045693e-07,-0.00684101
1.046193e-07,-0.0131024
1.046693e-07,-0.0122786
1.047193e-07,-0.00747264
1.047693e-07,-0.00615445
1.048193e-07,-0.00480879
1.048693e-07,0.000463987
1.049193e-07,0.0125749
1.049693e-07,0.024521
1.050193e-07,0.0326774
1.050693e-07,0.0333914
1.051193e-07,0.0215826
1.051693e-07,0.0104603
1.052193e-07,0.0057093
1.052693e-07,0.00266098
1.053193e-07,-0.00121122
1.053693e-07,-0.0094774
1.054193e-07,-0.0107956
1.054693e-07,-0.00277657
1.055193e-07,0.00260605
1.055693e-07,0.011751
1.056193e-07,0.0222142
1.056693e-07,0.0210059
1.057193e-07,0.0143874
1.057693e-07,0.00947165
1.058193e-07,0.0111743
1.058693e-07,0.0220769
1.059193e-07,0.0261413
1.059693e-07,0.0141952
1.060193e-07,0.00639586
1.060693e-07,0.00988359
1.061193e-07,0.00543468
1.061693e-07,-0.00233718
1.062193e-07,0.0029356
1.062693e-07,0.0131241
1.063193e-07,0.0176829
1.063693e-07,0.0211157
1.064193e-07,0.0264159
1.064693e-07,0.0227085
1.065193e-07,0.0107898
1.065693e-07,0.00628601
1.066193e-07,0.00595646
1.066693e-07,0.00285321
1.067193e-07,0.00576423
1.067693e-07,0.0155134
1.068193e-07,0.024521
1.068693e-07,0.0304529
1.069193e-07,0.0334463
1.069693e-07,0.031826
1.070193e-07,0.0310571
1.070693e-07,0.03622
1.071193e-07,0.0377579
1.071693e-07,0.0378678
1.072193e-07,0.0400922
1.072693e-07,0.0328147
1.073193e-07,0.0261688
1.073693e-07,0.0295741
1.074193e-07,0.0284482
1.074693e-07,0.0244112
1.075193e-07,0.0237796
1.075693e-07,0.0159528
1.076193e-07,0.00241382
1.076693e-07,-0.00324344
1.077193e-07,-0.00181539
1.077693e-07,0.0003816
1.078193e-07,-0.00203509
1.078693e-07,-0.00934009
1.079193e-07,-0.00684101
1.079693e-07,-0.000222573
1.080193e-07,-0.00519326
1.080693e-07,-0.00664877
1.081193e-07,0.000793536
1.081693e-07,0.00186457
1.082193e-07,-0.00373776
1.082693e-07,-0.009038
1.083193e-07,-0.010164
1.083693e-07,-0.0100266
1.084193e-07,-0.0101914
1.084693e-07,-0.000579584
1.085193e-07,0.0140029
1.085693e-07,0.0156781
1.086193e-07,0.00518752
1.086693e-07,-0.00088167
1.087193e-07,-0.00384761
1.087693e-07,-0.0121687
1.088193e-07,-0.0130475
1.088693e-07,-0.00928516
1.089193e-07,-0.0113998
1.089693e-07,-0.00848875
1.090193e-07,0.00288068
1.090693e-07,0.0135635
1.091193e-07,0.0107349
1.091693e-07,-0.000387347
1.092193e-07,-0.00126614
1.092693e-07,0.000216825
1.093193e-07,-0.00126614
1.093693e-07,0.00628601
1.094193e-07,0.0178751
1.094693e-07,0.0233127
1.095193e-07,0.0250154
1.095693e-07,0.0268004
1.096193e-07,0.0274046
1.096693e-07,0.0250703
1.097193e-07,0.0188638
1.097693e-07,0.0144149
1.098193e-07,0.0199623
1.098693e-07,0.0296016
1.099193e-07,0.0375382
1.099693e-07,0.0424814
1.100193e-07,0.0379227
1.100693e-07,0.0319359
1.101193e-07,0.0322105
1.101693e-07,0.0279264
1.102193e-07,0.017985
1.102693e-07,0.0162274
1.103193e-07,0.0220769
1.103693e-07,0.0254822
1.104193e-07,0.0286404
1.104693e-07,0.02713
1.105193e-07,0.0148543
1.105693e-07,0.00485797
1.106193e-07,0.00455588
1.106693e-07,0.00960896
1.107193e-07,0.0119433
1.107693e-07,0.00455588
1.108193e-07,0.00375947
1.108693e-07,0.0171062
1.109193e-07,0.0202094
1.109693e-07,0.0132615
1.110193e-07,0.012108
1.110693e-07,0.0135635
1.111193e-07,0.0147719
1.111693e-07,0.0144423
1.112193e-07,0.0136459
1.112693e-07,0.0122179
1.113193e-07,0.00916956
1.113693e-07,0.00782391
1.114193e-07,0.00197442
1.114693e-07,-0.0060446
1.115193e-07,-0.0060446
1.115693e-07,-0.00714309
1.116193e-07,-0.00851621
1.116693e-07,0.00142517
1.117193e-07,0.00927941
1.117693e-07,0.0057093
1.118193e-07,0.0057093
1.118693e-07,0.0138931
1.119193e-07,0.0171611
1.119693e-07,0.014717
1.120193e-07,0.0163647
1.120693e-07,0.0171337
1.121193e-07,0.0149916
1.121693e-07,0.0192757
1.122193e-07,0.0269927
1.122693e-07,0.0285305
1.123193e-07,0.024164
1.123693e-07,0.0295192
1.124193e-07,0.0421794
1.124693e-07,0.0428934
1.125193e-07,0.0392409
1.125693e-07,0.033309
1.126193e-07,0.0247407
1.126693e-07,0.0310022
1.127193e-07,0.0449531
1.127693e-07,0.0464909
1.128193e-07,0.0376755
1.128693e-07,0.0287777
1.129193e-07,0.0246858
1.129693e-07,0.0247957
1.130193e-07,0.0240267
1.130693e-07,0.0234225
1.131193e-07,0.0222142
1.131693e-07,0.0193581
1.132193e-07,0.0177378
1.132693e-07,0.0122728
1.133193e-07,0.00617616
1.133693e-07,0.00408902
1.134193e-07,0.00158994
1.134693e-07,0.00255113
1.135193e-07,0.00491289
1.135693e-07,0.00628601
1.136193e-07,0.00955404
1.136693e-07,0.00801614
1.137193e-07,0.00436365
1.137693e-07,0.000711148
1.138193e-07,-0.0028315
1.138693e-07,-0.00099152
1.139193e-07,-0.00247449
1.139693e-07,-0.00826905
1.140193e-07,-0.00994426
1.140693e-07,-0.0106308
1.141193e-07,-0.0121138
1.141693e-07,-0.0111526
1.142193e-07,-0.0111526
1.142693e-07,-0.00766488
1.143193e-07,0.0035947
1.143693e-07,0.00669795
1.144193e-07,0.00260605
1.144693e-07,0.00364962
1.145193e-07,0.00370455
1.145693e-07,-0.00277657
1.146193e-07,-0.0118117
1.146693e-07,-0.0118941
1.147193e-07,-0.00491864
1.147693e-07,-0.000909132
1.148193e-07,0.00356724
1.148693e-07,0.0110919
1.149193e-07,0.0190835
1.149693e-07,0.0206214
1.150193e-07,0.0139755
1.150693e-07,0.0112567
1.151193e-07,0.0111743
1.151693e-07,0.00290814
1.152193e-07,-0.00211748
1.152693e-07,0.00329261
1.153193e-07,0.0138382
1.153693e-07,0.0281461
1.154193e-07,0.0338033
1.154693e-07,0.0254822
1.155193e-07,0.0115039
1.155693e-07,-0.00714309
1.156193e-07,-0.0190068
1.156693e-07,-0.0104386
1.157193e-07,0.00279829
1.157693e-07,0.00842808
1.158193e-07,0.0152388
1.158693e-07,0.0230106
1.159193e-07,0.0281461
1.159693e-07,0.02529
1.160193e-07,0.0170513
1.160693e-07,0.0190286
1.161193e-07,0.0154035
1.161693e-07,-0.00206255
1.162193e-07,-0.00607206
1.162693e-07,-0.000524659
1.163193e-07,0.000656224
1.163693e-07,0.0038144
1.164193e-07,0.00458335
1.164693e-07,-8.52608e-05
1.165193e-07,-0.00123868
1.165693e-07,0.00213919
1.166193e-07,0.00516006
1.166693e-07,0.00919703
1.167193e-07,0.00900479
1.167693e-07,0.00268844
1.168193e-07,0.00345739
1.168693e-07,0.00842808
1.169193e-07,0.00911464
1.169693e-07,0.0132065
1.170193e-07,0.0157331
1.170693e-07,0.0061487
1.171193e-07,-0.00198017
1.171693e-07,0.000216825
1.172193e-07,-0.000332422
1.172693e-07,-0.00110137
1.173193e-07,0.00829077
1.173693e-07,0.0165844
1.174193e-07,0.0154585
1.174693e-07,0.0124376
1.175193e-07,0.0131241
1.175693e-07,0.0132615
1.176193e-07,0.00820838
1.176693e-07,0.00417141
1.177193e-07,0.00529737
1.177693e-07,0.00691765
1.178193e-07,0.0109821
1.178693e-07,0.0196327
1.179193e-07,0.0196327
1.179693e-07,0.0107898
1.180193e-07,0.011394
1.180693e-07,0.0174357
1.181193e-07,0.017216
1.181693e-07,0.0132615
1.182193e-07,0.00581915
1.182693e-07,-0.00324344
1.183193e-07,-0.0102189
1.183693e-07,-0.0142559
1.184193e-07,-0.0105759
1.184693e-07,-0.00428701
1.185193e-07,-0.00184285
1.185693e-07,0.00557199
1.186193e-07,0.0135635
1.186693e-07,0.0150465
1.187193e-07,0.0121355
1.187693e-07,-0.000689433
1.188193e-07,-0.00961471
1.188693e-07,-0.00365537
1.189193e-07,-0.00299627
1.189693e-07,-0.00774727
1.190193e-07,-0.000112723
1.190693e-07,0.0120531
1.191193e-07,0.0153211
1.191693e-07,0.0116961
1.192193e-07,0.00502274
1.192693e-07,0.00164487
1.193193e-07,0.0061487
1.193693e-07,0.013948
1.194193e-07,0.0207587
1.194693e-07,0.0238345
1.195193e-07,0.0208685
1.195693e-07,0.015431
1.196193e-07,0.0135361
1.196693e-07,0.0155958
1.197193e-07,0.0179026
1.197693e-07,0.0227634
1.198193e-07,0.0293819
1.198693e-07,0.0295192
1.199193e-07,0.0272124
1.199693e-07,0.0225437
1.200193e-07,0.0119982
1.200693e-07,0.00911464
1.201193e-07,0.0111469
1.201693e-07,0.0061487
1.202193e-07,0.00439111
1.202693e-07,0.00647825
1.203193e-07,0.00472066
1.203693e-07,0.00623109
1.204193e-07,0.0113666
1.204693e-07,0.0119158
1.205193e-07,0.00395171
1.205693e-07,-0.00678608
1.206193e-07,-0.00810428
1.206693e-07,0.00139771
1.207193e-07,0.011806
1.207693e-07,0.0152388
1.208193e-07,0.0122728
1.208693e-07,0.00947165
1.209193e-07,0.0133164
1.209693e-07,0.0191384
1.210193e-07,0.0171062
1.210693e-07,0.0124925
1.211193e-07,0.00900479
1.211693e-07,-0.00112883
1.212193e-07,-0.00519326
1.212693e-07,0.0031553
1.213193e-07,0.00260605
1.213693e-07,-0.000634509
1.214193e-07,0.00900479
1.214693e-07,0.0208411
1.215193e-07,0.0273222
1.215693e-07,0.0250977
1.216193e-07,0.0179301
1.216693e-07,0.0169963
1.217193e-07,0.0188363
1.217693e-07,0.0106251
1.218193e-07,-0.00241956
1.218693e-07,0.000436525
1.219193e-07,0.0136734
1.219693e-07,0.0181223
1.220193e-07,0.0136734
1.220693e-07,0.00867524
1.221193e-07,0.00834569
1.221693e-07,0.00675287
1.222193e-07,0.00713735
1.222693e-07,0.0160352
1.223193e-07,0.01977
1.223693e-07,0.0222417
1.224193e-07,0.0335562
1.224693e-07,0.03806
1.225193e-07,0.0278714
1.225693e-07,0.0137558
1.226193e-07,0.00213919
1.226693e-07,-0.0111526
1.227193e-07,-0.0232635
1.227693e-07,-0.0237578
1.228193e-07,-0.0139812
1.228693e-07,-0.0058249
1.229193e-07,-0.00222733
1.229693e-07,0.00557199
1.230193e-07,0.0137558
1.230693e-07,0.015431
1.231193e-07,0.0118334
1.231693e-07,-0.000579584
1.232193e-07,-0.0101365
1.232693e-07,-0.000359885
1.233193e-07,0.0126298
1.233693e-07,0.0112018
1.234193e-07,0.00623109
1.234693e-07,0.00521498
1.235193e-07,0.00862032
1.235693e-07,0.0138656
1.236193e-07,0.0115039
1.236693e-07,0.0112018
1.237193e-07,0.0218297
1.237693e-07,0.0301234
1.238193e-07,0.0313592
1.238693e-07,0.0278165
1.239193e-07,0.0231479
1.239693e-07,0.0241366
1.240193e-07,0.0232852
1.240693e-07,0.0169689
1.241193e-07,0.0133988
1.241693e-07,0.0102131
1.242193e-07,0.0070275
1.242693e-07,0.0127946
1.243193e-07,0.0207312
1.243693e-07,0.014305
1.244193e-07,0.00197442
1.244693e-07,0.000766073
1.245193e-07,0.00282575
1.245693e-07,0.00455588
1.246193e-07,0.00955404
1.246693e-07,0.0115863
1.247193e-07,0.0149092
1.247693e-07,0.0181498
1.248193e-07,0.0157331
1.248693e-07,0.0147719
1.249193e-07,0.0112292
1.249693e-07,0.00656064
1.250193e-07,0.0104878
1.250693e-07,0.013591
1.251193e-07,0.0106251
1.251693e-07,0.00971881
1.252193e-07,0.0121904
1.252693e-07,0.0162823
1.253193e-07,0.0202094
1.253693e-07,0.017628
1.254193e-07,0.0106525
1.254693e-07,0.00864778
1.255193e-07,0.00664302
1.255693e-07,-0.00527565
1.256193e-07,-0.0186498
1.256693e-07,-0.0234008
1.257193e-07,-0.0221101
1.257693e-07,-0.0144206
1.258193e-07,-0.00373776
1.258693e-07,0.00455588
1.259193e-07,0.0144973
1.259693e-07,0.024219
1.260193e-07,0.0277891
1.260693e-07,0.0255097
1.261193e-07,0.0204841
1.261693e-07,0.0181498
1.262193e-07,0.0201545
1.262693e-07,0.0214453
1.263193e-07,0.0236148
1.263693e-07,0.0325675
1.264193e-07,0.0405041
1.264693e-07,0.0405865
1.265193e-07,0.0425913
1.265693e-07,0.0494294
1.266193e-07,0.0480014
1.266693e-07,0.0358905
1.267193e-07,0.0300135
1.267693e-07,0.030398
1.268193e-07,0.0196602
1.268693e-07,0.00738451
1.269193e-07,0.00862032
1.269693e-07,0.0127122
1.270193e-07,0.0158978
1.270693e-07,0.0205939
1.271193e-07,0.0164471
1.271693e-07,0.00911464
1.272193e-07,0.00845554
1.272693e-07,0.005929
1.273193e-07,0.0087027
1.273693e-07,0.0198799
1.274193e-07,0.0199623
1.274693e-07,0.00691765
1.275193e-07,-0.0053855
1.275693e-07,-0.00593475
1.276193e-07,-0.00123868
1.276693e-07,-0.00741772
1.277193e-07,-0.0180731
1.277693e-07,-0.0220277
1.278193e-07,-0.0199955
1.278693e-07,-0.0148875
1.279193e-07,-0.0204624
1.279693e-07,-0.0314198
1.280193e-07,-0.0245268
1.280693e-07,-0.0106857
1.281193e-07,-0.00730787
1.281693e-07,-0.0142009
1.282193e-07,-0.0227692
1.282693e-07,-0.018128
1.283193e-07,-0.00587982
1.283693e-07,-0.000359885
1.284193e-07,0.00282575
1.284693e-07,0.0135361
1.285193e-07,0.0232852
1.285693e-07,0.019413
1.286193e-07,0.0136459
1.286693e-07,0.0167217
1.287193e-07,0.0187814
1.287693e-07,0.0103504
1.288193e-07,0.000216825
1.288693e-07,-8.52608e-05
1.289193e-07,0.00735705
1.289693e-07,0.0190011
1.290193e-07,0.0203742
1.290693e-07,0.0091421
1.291193e-07,0.00897733
1.291693e-07,0.011037
1.292193e-07,-0.00222733
1.292693e-07,-0.00980695
1.293193e-07,-0.00332582
1.293693e-07,-0.00288642
1.294193e-07,-0.00637415
1.294693e-07,-0.000799283
1.295193e-07,0.00329261
1.295693e-07,0.00477558
1.296193e-07,0.0114764
1.296693e-07,0.0132615
1.297193e-07,0.0114489
1.297693e-07,0.0129319
1.298193e-07,0.0151564
1.298693e-07,0.0205939
1.299193e-07,0.025647
1.299693e-07,0.0241366
1.300193e-07,0.0203742
1.300693e-07,0.0192208
1.301193e-07,0.0146895
1.301693e-07,0.00282575
1.302193e-07,-0.000826745
1.302693e-07,0.0113666
1.303193e-07,0.0188638
1.303693e-07,0.0158429
1.304193e-07,0.0142501
1.304693e-07,0.012108
1.305193e-07,0.00776898
1.305693e-07,0.00669795
1.306193e-07,0.00916956
1.306693e-07,0.00774152
1.307193e-07,0.00172726
1.307693e-07,0.00222158
1.308193e-07,0.0124101
1.308693e-07,0.0226536
1.309193e-07,0.02529
1.309693e-07,0.0239993
1.310193e-07,0.0228184
1.310693e-07,0.021253
1.311193e-07,0.0219396
1.311693e-07,0.0246858
1.312193e-07,0.0213629
1.312693e-07,0.0137009
1.313193e-07,0.0101857
1.313693e-07,0.00609378
1.314193e-07,0.00340246
1.314693e-07,0.00779644
1.315193e-07,0.00348485
1.315693e-07,-0.0106308
1.316193e-07,-0.0128827
1.316693e-07,-0.00453417
1.317193e-07,7.95135e-05
1.317693e-07,0.00128786
1.318193e-07,0.00436365
1.318693e-07,0.0098012
1.319193e-07,0.0173534
1.319693e-07,0.0264983
1.320193e-07,0.0280911
1.320693e-07,0.0222142
1.321193e-07,0.0193581
1.321693e-07,0.0149916
1.322193e-07,0.00900479
1.322693e-07,0.0115863
1.323193e-07,0.0172984
1.323693e-07,0.0204291
1.324193e-07,0.0269652
1.324693e-07,0.0332541
1.325193e-07,0.031469
1.325693e-07,0.0259216
1.326193e-07,0.021253
1.326693e-07,0.0182871
1.327193e-07,0.012108
1.327693e-07,0.0052699
1.328193e-07,0.0105427
1.328693e-07,0.0117236
1.329193e-07,-0.00143092
1.329693e-07,-0.00384761
1.330193e-07,0.00829077
1.330693e-07,0.0172984
1.331193e-07,0.0197975
1.331693e-07,0.0216924
1.332193e-07,0.0254273
1.332693e-07,0.0294093
1.333193e-07,0.0274595
1.333693e-07,0.0130418
1.334193e-07,-0.00442432
1.334693e-07,-0.0126081
1.335193e-07,-0.0160958
1.335693e-07,-0.0157663
1.336193e-07,-0.0037103
1.336693e-07,0.0100758
1.337193e-07,0.0123277
1.337693e-07,0.0161175
1.338193e-07,0.0236148
1.338693e-07,0.0274046
1.339193e-07,0.0420695
1.339693e-07,0.0552515
1.340193e-07,0.0482485
1.340693e-07,0.0451178
1.341193e-07,0.0485781
1.341693e-07,0.0388839
1.342193e-07,0.0270201
1.342693e-07,0.0246858
1.343193e-07,0.0299586
1.343693e-07,0.0394606
1.344193e-07,0.044239
1.344693e-07,0.0401746
1.345193e-07,0.033666
1.345693e-07,0.0291347
1.346193e-07,0.0183145
1.346693e-07,0.00384186
1.347193e-07,0.00282575
1.347693e-07,0.00787883
1.348193e-07,0.00579169
1.348693e-07,0.00889494
1.349193e-07,0.0171886
1.349693e-07,0.0169963
1.350193e-07,0.0119433
1.350693e-07,0.0135635
1.351193e-07,0.0296565
1.351693e-07,0.0415752
1.352193e-07,0.0354785
1.352693e-07,0.0354785
1.353193e-07,0.0436898
1.353693e-07,0.0379227
1.354193e-07,0.0237246
1.354693e-07,0.0164471
1.355193e-07,0.0104878
1.355693e-07,0.00568184
1.356193e-07,0.00875763
1.356693e-07,0.0072472
1.357193e-07,-0.000222573
1.357693e-07,0.000326675
1.358193e-07,0.00282575
1.358693e-07,0.000985772
1.359193e-07,-0.00162315
1.359693e-07,-0.00741772
1.360193e-07,-0.00431447
1.360693e-07,0.0107349
1.361193e-07,0.0109272
1.361693e-07,0.0042538
1.362193e-07,0.0162274
1.362693e-07,0.029327
1.363193e-07,0.0250703
1.363693e-07,0.0170513
1.364193e-07,0.0145247
1.364693e-07,0.00815346
1.365193e-07,-0.00307866
1.365693e-07,-0.0117019
1.366193e-07,-0.0138988
1.366693e-07,-0.00489118
1.367193e-07,0.0105152
1.367693e-07,0.014305
1.368193e-07,0.0133438
1.368693e-07,0.0215826
1.369193e-07,0.0217748
1.369693e-07,0.0154859
1.370193e-07,0.0133988
1.370693e-07,0.00952657
1.371193e-07,0.0101307
1.371693e-07,0.0143874
1.372193e-07,0.0165569
1.372693e-07,0.0196602
1.373193e-07,0.024878
1.373693e-07,0.0248231
1.374193e-07,0.0119433
1.374693e-07,-0.000469734
1.375193e-07,-0.00110137
1.375693e-07,0.00172726
1.376193e-07,0.00139771
1.376693e-07,0.00131532
1.377193e-07,0.00579169
1.377693e-07,0.0105976
1.378193e-07,0.0109821
1.378693e-07,0.00639586
1.379193e-07,-0.00376522
1.379693e-07,-0.0123609
1.380193e-07,-0.00980695
1.380693e-07,0.00161741
1.381193e-07,0.01068
1.381693e-07,0.0141677
1.382193e-07,0.0161725
1.382693e-07,0.0164746
1.383193e-07,0.0141677
1.383693e-07,0.00960896
1.384193e-07,0.005929
1.384693e-07,0.00477558
1.385193e-07,0.00288068
1.385693e-07,0.00139771
1.386193e-07,0.00444603
1.386693e-07,0.0105976
1.387193e-07,0.0111194
1.387693e-07,0.00612124
1.388193e-07,0.00905971
1.388693e-07,0.01436
1.389193e-07,0.00537975
1.389693e-07,-0.00453417
1.390193e-07,0.00137025
1.390693e-07,0.00925195
1.391193e-07,0.0120257
1.391693e-07,0.0171337
1.392193e-07,0.0168041
1.392693e-07,0.0103779
1.393193e-07,0.00938926
1.393693e-07,0.00458335
1.394193e-07,-0.00939501
1.394693e-07,-0.00983441
1.395193e-07,0.00274337
1.395693e-07,0.00721973
1.396193e-07,0.00650571
1.396693e-07,0.00856539
1.397193e-07,0.0140029
1.397693e-07,0.0176005
1.398193e-07,0.0162549
1.398693e-07,0.0166393
1.399193e-07,0.0142501
1.399693e-07,0.00115055
1.400193e-07,-0.0104111
1.400693e-07,-0.00879084
1.401193e-07,-0.00417716
1.401693e-07,-0.00236464
1.402193e-07,0.00208427
1.402693e-07,0.00224904
1.403193e-07,-0.00376522
1.403693e-07,-0.00887322
1.404193e-07,-0.0111801
1.404693e-07,-0.0079395
1.405193e-07,-0.00846129
1.405693e-07,-0.0180731
1.406193e-07,-0.0206271
1.406693e-07,-0.0122786
1.407193e-07,-0.00497357
1.407693e-07,7.95135e-05
1.408193e-07,0.00768659
1.408693e-07,0.0119982
1.409193e-07,0.00977374
1.409693e-07,0.00691765
1.410193e-07,0.00351231
1.410693e-07,0.00345739
1.411193e-07,0.00845554
1.411693e-07,0.00620363
1.412193e-07,0.00233143
1.412693e-07,0.00875763
1.413193e-07,0.00999344
1.413693e-07,0.00488543
1.414193e-07,0.00516006
1.414693e-07,0.00348485
1.415193e-07,0.00516006
1.415693e-07,0.0135635
1.416193e-07,0.0143874
1.416693e-07,0.00985612
1.417193e-07,0.0116412
1.417693e-07,0.0192483
1.418193e-07,0.0247957
1.418693e-07,0.0241091
1.419193e-07,0.019413
1.419693e-07,0.0174083
1.420193e-07,0.0203193
1.420693e-07,0.0216924
1.421193e-07,0.0241915
1.421693e-07,0.0287228
1.422193e-07,0.0282559
1.422693e-07,0.0279538
1.423193e-07,0.026004
1.423693e-07,0.0200721
1.424193e-07,0.0237521
1.424693e-07,0.0264434
1.425193e-07,0.0171611
1.425693e-07,0.0154035
1.426193e-07,0.0205939
1.426693e-07,0.0210333
1.427193e-07,0.0158704
1.427693e-07,0.00461081
1.428193e-07,0.000656224
1.428693e-07,0.00469319
1.429193e-07,0.00395171
1.429693e-07,0.00428126
1.430193e-07,0.00930688
1.430693e-07,0.015788
1.431193e-07,0.0252351
1.431693e-07,0.0334738
1.432193e-07,0.0335836
1.432693e-07,0.0250428
1.433193e-07,0.0182322
1.433693e-07,0.0218846
1.434193e-07,0.0258667
1.434693e-07,0.0220494
1.435193e-07,0.0152113
1.435693e-07,0.00719227
1.436193e-07,0.00461081
1.436693e-07,0.0114764
1.437193e-07,0.0108448
1.437693e-07,0.000766073
1.438193e-07,0.00307291
1.438693e-07,0.0162274
1.439193e-07,0.0235324
1.439693e-07,0.0233402
1.440193e-07,0.0210333
1.440693e-07,0.0192757
1.441193e-07,0.0179301
1.441693e-07,0.0174632
1.442193e-07,0.0191384
1.442693e-07,0.0192483
1.443193e-07,0.017271
1.443693e-07,0.0145797
1.444193e-07,0.00716481
1.444693e-07,0.0031553
1.445193e-07,0.00796122
1.445693e-07,0.00801614
1.446193e-07,0.0010407
1.446693e-07,-0.00351806
1.447193e-07,0.000793536
1.447693e-07,0.0125474
1.448193e-07,0.0202369
1.448693e-07,0.0247682
1.449193e-07,0.0300959
1.449693e-07,0.029327
1.450193e-07,0.0273497
1.450693e-07,0.0288601
1.451193e-07,0.025647
1.451693e-07,0.017985
1.452193e-07,0.0125474
1.452693e-07,0.0104054
1.453193e-07,0.00996597
1.453693e-07,0.00873017
1.454193e-07,0.00911464
1.454693e-07,0.0120257
1.455193e-07,0.012877
1.455693e-07,0.0171886
1.456193e-07,0.0288326
1.456693e-07,0.0331717
1.457193e-07,0.0239993
1.457693e-07,0.0154585
1.458193e-07,0.00905971
1.458693e-07,-0.00211748
1.459193e-07,-0.0100266
1.459693e-07,-0.00667623
1.460193e-07,0.00455588
1.460693e-07,0.0142226
1.461193e-07,0.016859
1.461693e-07,0.0165295
1.462193e-07,0.0197975
1.462693e-07,0.0275694
1.463193e-07,0.0302332
1.463693e-07,0.016502
1.464193e-07,-0.00335328
1.464693e-07,-0.00840636
1.465193e-07,-0.0023921
1.465693e-07,0.00392425
1.466193e-07,0.00708242
1.466693e-07,0.00488543
1.467193e-07,0.00672541
1.467693e-07,0.011394
1.468193e-07,0.0112567
1.468693e-07,0.0129319
1.469193e-07,0.0218572
1.469693e-07,0.0356982
1.470193e-07,0.0441566
1.470693e-07,0.0465733
1.471193e-07,0.0471775
1.471693e-07,0.0381698
1.472193e-07,0.0248506
1.472693e-07,0.0213903
1.473193e-07,0.0244112
1.473693e-07,0.0233951
1.474193e-07,0.0218023
1.474693e-07,0.0230381
1.475193e-07,0.0193306
1.475693e-07,0.0171337
1.476193e-07,0.0218846
1.476693e-07,0.0197975
1.477193e-07,0.0162549
1.477693e-07,0.0229831
1.478193e-07,0.0247957
1.478693e-07,0.0185617
1.479193e-07,0.0185892
1.479693e-07,0.0212805
1.480193e-07,0.0187539
1.480693e-07,0.0203742
1.481193e-07,0.0270201
1.481693e-07,0.0239718
1.482193e-07,0.0199623
1.482693e-07,0.0231205
1.483193e-07,0.0197426
1.483693e-07,0.0175181
1.484193e-07,0.0230381
1.484693e-07,0.0209784
1.485193e-07,0.0167492
1.485693e-07,0.0179026
1.486193e-07,0.0129868
1.486693e-07,0.00505021
1.487193e-07,0.00285321
1.487693e-07,0.00342992
1.488193e-07,0.00774152
1.488693e-07,0.0133988
1.489193e-07,0.0144973
1.489693e-07,0.0133438
1.490193e-07,0.0112567
1.490693e-07,0.0108997
1.491193e-07,0.00785137
1.491693e-07,0.00123293
1.492193e-07,0.00430872
1.492693e-07,0.0140029
1.493193e-07,0.0204841
1.493693e-07,0.0168041
1.494193e-07,0.00812599
1.494693e-07,0.0113666
1.495193e-07,0.0126847
1.495693e-07,0.000903385
1.496193e-07,-0.00272165
1.496693e-07,0.00353977
1.497193e-07,0.00290814
1.497693e-07,-0.00321597
1.498193e-07,-0.000634509
1.498693e-07,0.0121355
1.499193e-07,0.0181498
1.499693e-07,0.0124925
1.500193e-07,0.00996597
1.500693e-07,0.0116412
1.501193e-07,0.00875763
1.501693e-07,0.00837315
1.502193e-07,0.014305
1.502693e-07,0.020182
1.503193e-07,0.0271025
1.503693e-07,0.0327048
1.504193e-07,0.0330618
1.504693e-07,0.0305628
1.505193e-07,0.0205115
1.505693e-07,0.00296306
1.506193e-07,-0.00958725
1.506693e-07,-0.0122511
1.507193e-07,-0.00681355
1.507693e-07,0.00282575
1.508193e-07,0.00760421
1.508693e-07,0.00823584
1.509193e-07,0.0133164
1.509693e-07,0.0194405
1.510193e-07,0.0179026
1.510693e-07,0.0119158
1.511193e-07,0.00730212
1.511693e-07,0.00290814
1.512193e-07,0.00255113
1.512693e-07,0.00661556
1.513193e-07,0.00768659
1.513693e-07,0.00529737
1.514193e-07,0.000573836
1.514693e-07,0.000546374
1.515193e-07,0.01436
1.515693e-07,0.0263885
1.516193e-07,0.0197426
1.516693e-07,0.0113116
1.517193e-07,0.017216
1.517693e-07,0.0229557
1.518193e-07,0.0211157
1.518693e-07,0.0227085
1.519193e-07,0.0216375
1.519693e-07,0.0123003
1.520193e-07,0.00812599
1.520693e-07,0.0103504
1.521193e-07,0.00873017
1.521693e-07,0.00774152
1.522193e-07,0.0147994
1.522693e-07,0.0182871
1.523193e-07,0.0124101
1.523693e-07,0.00782391
1.524193e-07,0.00851047
1.524693e-07,0.012877
1.525193e-07,0.0152937
1.525693e-07,0.0158429
1.526193e-07,0.0211981
1.526693e-07,0.0250428
1.527193e-07,0.0233676
1.527693e-07,0.0226811
1.528193e-07,0.0190286
1.528693e-07,0.00919703
1.529193e-07,0.00433618
1.529693e-07,0.00474812
1.530193e-07,0.00450096
1.530693e-07,0.0123827
1.531193e-07,0.0212805
1.531693e-07,0.0167217
1.532193e-07,0.013234
1.532693e-07,0.0208685
1.533193e-07,0.0246034
1.533693e-07,0.0201271
1.534193e-07,0.0210608
1.534693e-07,0.0286129
1.535193e-07,0.0306452
1.535693e-07,0.0256745
1.536193e-07,0.0204291
1.536693e-07,0.0124376
1.537193e-07,0.0052699
1.537693e-07,0.00796122
1.538193e-07,0.013591
1.538693e-07,0.0175731
1.539193e-07,0.0199623
1.539693e-07,0.0154585
1.540193e-07,0.0119433
1.540693e-07,0.0156507
1.541193e-07,0.00999344
1.541693e-07,-0.00266673
1.542193e-07,-0.00176047
1.542693e-07,0.00139771
1.543193e-07,-0.00236464
1.543693e-07,0.00131532
1.544193e-07,0.00480304
1.544693e-07,-0.00294135
1.545193e-07,-0.00313359
1.545693e-07,0.00966389
1.546193e-07,0.0133164
1.546693e-07,0.00804361
1.547193e-07,0.0102955
1.547693e-07,0.0122454
1.548193e-07,0.00516006
1.548693e-07,0.00334754
1.549193e-07,0.0140029
1.549693e-07,0.0245485
1.550193e-07,0.0243288
1.550693e-07,0.0165844
1.551193e-07,0.0121904
1.551693e-07,0.0177653
1.552193e-07,0.0264434
1.552693e-07,0.0286679
1.553193e-07,0.0270476
1.553693e-07,0.0259216
1.554193e-07,0.0250703
1.554693e-07,0.0242739
1.555193e-07,0.0249604
1.555693e-07,0.0269103
1.556193e-07,0.0229557
1.556693e-07,0.0186715
1.557193e-07,0.0286129
1.557693e-07,0.0441292
1.558193e-07,0.0499237
1.558693e-07,0.0526974
1.559193e-07,0.0598926
1.559693e-07,0.0616227
1.560193e-07,0.0532467
1.560693e-07,0.0434701
1.561193e-07,0.0353687
1.561693e-07,0.0246309
1.562193e-07,0.0169414
1.562693e-07,0.0137558
1.563193e-07,0.0057093
1.563693e-07,0.00128786
1.564193e-07,0.000930848
1.564693e-07,-0.0023921
1.565193e-07,0.00304545
1.565693e-07,0.0133988
1.566193e-07,0.0174632
1.566693e-07,0.0176829
1.567193e-07,0.0176005
1.567693e-07,0.0202918
1.568193e-07,0.024521
1.568693e-07,0.026718
1.569193e-07,0.0279264
1.569693e-07,0.021967
1.570193e-07,0.00697257
1.570693e-07,0.000903385
1.571193e-07,-0.000222573
1.571693e-07,-0.00730787
1.572193e-07,-0.0058249
1.572693e-07,0.000326675
1.573193e-07,0.0042538
1.573693e-07,0.0142776
1.574193e-07,0.0217199
1.574693e-07,0.0236422
1.575193e-07,0.0287228
1.575693e-07,0.0315514
1.576193e-07,0.032238
1.576693e-07,0.0374009
1.577193e-07,0.0366045
1.577693e-07,0.0227085
1.578193e-07,0.00656064
1.578693e-07,0.00128786
1.579193e-07,0.0074669
1.579693e-07,0.0115313
1.580193e-07,0.00971881
1.580693e-07,0.0105427
1.581193e-07,0.0126298
1.581693e-07,0.0132615
1.582193e-07,0.0145522
1.582693e-07,0.014662
1.583193e-07,0.0127397
1.583693e-07,0.0136734
1.584193e-07,0.0210608
1.584693e-07,0.0302058
1.585193e-07,0.0342976
1.585693e-07,0.0312768
1.586193e-07,0.0274046
1.586693e-07,0.027075
1.587193e-07,0.0243013
1.587693e-07,0.0230655
1.588193e-07,0.0251527
1.588693e-07,0.0191384
1.589193e-07,0.0110095
1.589693e-07,0.0120531
1.590193e-07,0.0168041
1.590693e-07,0.0163647
1.591193e-07,0.0153486
1.591693e-07,0.0169414
1.592193e-07,0.0121904
1.592693e-07,0.00947165
1.593193e-07,0.0163922
1.593693e-07,0.0188638
1.594193e-07,0.0163372
1.594693e-07,0.0239993
1.595193e-07,0.0389937
1.595693e-07,0.041685
1.596193e-07,0.0319084
