LECROYWR640Zi,59892,Waveform
Segments,1,SegmentSize,4002
Segment,TrigTime,TimeSinceSegment1
#1,01-Nov-2023 13:36:55,0                 
Time,Ampl
-4.044306e-08,-0.0183752
-4.039306e-08,-0.01854
-4.034306e-08,-0.0158761
-4.029306e-08,-0.0143382
-4.024306e-08,-0.0106308
-4.019306e-08,-0.00332582
-4.014306e-08,0.00411648
-4.009306e-08,0.00587408
-4.004306e-08,0.000354137
-3.999306e-08,-0.000909132
-3.994306e-08,0.00710988
-3.989306e-08,0.0132615
-3.984306e-08,0.00472066
-3.979306e-08,-0.0130475
-3.974306e-08,-0.0200779
-3.969306e-08,-0.016343
-3.964306e-08,-0.0153543
-3.959306e-08,-0.0178809
-3.954306e-08,-0.0189794
-3.949306e-08,-0.0158487
-3.944306e-08,-0.0116744
-3.939306e-08,-0.013075
-3.934306e-08,-0.0114822
-3.929306e-08,-0.00110137
-3.924306e-08,-0.00368283
-3.919306e-08,-0.0216982
-3.914306e-08,-0.0328754
-3.909306e-08,-0.0347977
-3.904306e-08,-0.0276026
-3.899306e-08,-0.0153543
-3.894306e-08,-0.010164
-3.889306e-08,-0.00659385
-3.884306e-08,-0.00170554
-3.879306e-08,-0.00211748
-3.874306e-08,-0.0083789
-3.869306e-08,-0.0167275
-3.864306e-08,-0.0218355
-3.859306e-08,-0.0228516
-3.854306e-08,-0.0257077
-3.849306e-08,-0.0340562
-3.844306e-08,-0.0361983
-3.839306e-08,-0.0250211
-3.834306e-08,-0.0162881
-3.829306e-08,-0.0187322
-3.824306e-08,-0.0201053
-3.819306e-08,-0.0117293
-3.814306e-08,-0.00423208
-3.809306e-08,-0.00431447
-3.804306e-08,-0.00752757
-3.799306e-08,-0.00975202
-3.794306e-08,-0.00706071
-3.789306e-08,-0.00912039
-3.784306e-08,-0.0172493
-3.779306e-08,-0.0165352
-3.774306e-08,-0.0146129
-3.769306e-08,-0.0131299
-3.764306e-08,-0.00436939
-3.759306e-08,-0.00519326
-3.754306e-08,-0.0146129
-3.749306e-08,-0.0168099
-3.744306e-08,-0.0156564
-3.739306e-08,-0.0138165
-3.734306e-08,-0.012663
-3.729306e-08,-0.0164254
-3.724306e-08,-0.0200779
-3.719306e-08,-0.0142559
-3.714306e-08,-0.00678608
-3.709306e-08,-0.0144756
-3.704306e-08,-0.0258724
-3.699306e-08,-0.0255154
-3.694306e-08,-0.0215608
-3.689306e-08,-0.017414
-3.684306e-08,-0.0158487
-3.679306e-08,-0.0209841
-3.674306e-08,-0.0224946
-3.669306e-08,-0.0173316
-3.664306e-08,-0.0120039
-3.659306e-08,-0.00848875
-3.654306e-08,-0.00887322
-3.649306e-08,-0.0137615
-3.644306e-08,-0.0252957
-3.639306e-08,-0.0360885
-3.634306e-08,-0.0289208
-3.629306e-08,-0.0160134
-3.624306e-08,-0.0119765
-3.619306e-08,-0.00728041
-3.614306e-08,-0.0103013
-3.609306e-08,-0.0261745
-3.604306e-08,-0.0363905
-3.599306e-08,-0.0371595
-3.594306e-08,-0.0352646
-3.589306e-08,-0.0315297
-3.584306e-08,-0.0272456
-3.579306e-08,-0.0238128
-3.574306e-08,-0.02038
-3.569306e-08,-0.0153269
-3.564306e-08,-0.010878
-3.559306e-08,-0.00782965
-3.554306e-08,-0.00634669
-3.549306e-08,-0.0157937
-3.544306e-08,-0.028756
-3.539306e-08,-0.0288384
-3.534306e-08,-0.027685
-3.529306e-08,-0.0334795
-3.524306e-08,-0.0374616
-3.519306e-08,-0.0393565
-3.514306e-08,-0.0394938
-3.509306e-08,-0.0387523
-3.504306e-08,-0.0424872
-3.499306e-08,-0.04224
-3.494306e-08,-0.0297172
-3.489306e-08,-0.0126356
-3.484306e-08,-0.00107391
-3.479306e-08,-0.00338075
-3.474306e-08,-0.0113723
-3.469306e-08,-0.0103837
-3.464306e-08,-0.00497357
-3.459306e-08,-0.00250195
-3.454306e-08,-0.00420462
-3.449306e-08,-0.00285896
-3.444306e-08,0.00408902
-3.439306e-08,0.00106816
-3.434306e-08,-0.0105759
-3.429306e-08,-0.0184301
-3.424306e-08,-0.0275751
-3.419306e-08,-0.0339189
-3.414306e-08,-0.0293602
-3.409306e-08,-0.0268336
-3.404306e-08,-0.0290581
-3.399306e-08,-0.0257077
-3.394306e-08,-0.0249662
-3.389306e-08,-0.0344407
-3.384306e-08,-0.0402627
-3.379306e-08,-0.0345231
-3.374306e-08,-0.027273
-3.369306e-08,-0.0250486
-3.364306e-08,-0.0255429
-3.359306e-08,-0.0241423
-3.354306e-08,-0.0175513
-3.349306e-08,-0.010521
-3.344306e-08,-0.00634669
-3.339306e-08,-2.87366e-06
-3.334306e-08,0.00675287
-3.329306e-08,0.0040341
-3.324306e-08,-0.0032709
-3.319306e-08,-0.00483625
-3.314306e-08,-0.00972456
-3.309306e-08,-0.0155191
-3.304306e-08,-0.015217
-3.299306e-08,-0.0208194
-3.294306e-08,-0.0226868
-3.289306e-08,-0.0132397
-3.284306e-08,-0.0149973
-3.279306e-08,-0.0220277
-3.274306e-08,-0.016343
-3.269306e-08,-0.0144756
-3.264306e-08,-0.0154093
-3.259306e-08,-0.00678608
-3.254306e-08,-0.00736279
-3.249306e-08,-0.019254
-3.244306e-08,-0.0217256
-3.239306e-08,-0.0150797
-3.234306e-08,-0.0147502
-3.229306e-08,-0.0156839
-3.224306e-08,-0.00203509
-3.219306e-08,0.00559945
-3.214306e-08,-0.00601714
-3.209306e-08,-0.00898307
-3.204306e-08,-0.00450671
-3.199306e-08,-0.0109604
-3.194306e-08,-0.0201053
-3.189306e-08,-0.0205722
-3.184306e-08,-0.0175788
-3.179306e-08,-0.0208468
-3.174306e-08,-0.0207919
-3.169306e-08,-0.0173866
-3.164306e-08,-0.0183752
-3.159306e-08,-0.00862606
-3.154306e-08,0.00820838
-3.149306e-08,0.012108
-3.144306e-08,0.00919703
-3.139306e-08,0.00669795
-3.134306e-08,-0.00167808
-3.129306e-08,-0.00714309
-3.124306e-08,-0.00277657
-3.119306e-08,-0.00247449
-3.114306e-08,-0.00393
-3.109306e-08,0.0010407
-3.104306e-08,0.00211173
-3.099306e-08,-0.00266673
-3.094306e-08,-0.0069234
-3.089306e-08,-0.0164803
-3.084306e-08,-0.0292778
-3.079306e-08,-0.028399
-3.074306e-08,-0.0219453
-3.069306e-08,-0.0269709
-3.064306e-08,-0.0295249
-3.059306e-08,-0.0214235
-3.054306e-08,-0.019611
-3.049306e-08,-0.023648
-3.044306e-08,-0.0189245
-3.039306e-08,-0.00868099
-3.034306e-08,-0.00788458
-3.029306e-08,-0.0205997
-3.024306e-08,-0.0297446
-3.019306e-08,-0.0278497
-3.014306e-08,-0.0241698
-3.009306e-08,-0.0170296
-3.004306e-08,-0.00928516
-2.999306e-08,-0.00640161
-2.994306e-08,-0.00607206
-2.989306e-08,-0.00719802
-2.984306e-08,-0.00607206
-2.979306e-08,-0.00464402
-2.974306e-08,-0.00461655
-2.969306e-08,-0.000909132
-2.964306e-08,0.00307291
-2.959306e-08,0.00329261
-2.954306e-08,0.00266098
-2.949306e-08,0.00474812
-2.944306e-08,0.01252
-2.939306e-08,0.0159802
-2.934306e-08,0.00543468
-2.929306e-08,-0.00480879
-2.924306e-08,-0.00931262
-2.919306e-08,-0.0140087
-2.914306e-08,-0.0094774
-2.909306e-08,-0.00552281
-2.904306e-08,-0.0146403
-2.899306e-08,-0.0188146
-2.894306e-08,-0.0144206
-2.889306e-08,-0.00566013
-2.884306e-08,0.00721973
-2.879306e-08,0.0101033
-2.874306e-08,0.00598393
-2.869306e-08,-0.00118376
-2.864306e-08,-0.0183477
-2.859306e-08,-0.027273
-2.854306e-08,-0.020737
-2.849306e-08,-0.0206821
-2.844306e-08,-0.0293876
-2.839306e-08,-0.0300467
-2.834306e-08,-0.021808
-2.829306e-08,-0.0197758
-2.824306e-08,-0.0291405
-2.819306e-08,-0.0331225
-2.814306e-08,-0.0209841
-2.809306e-08,-0.00750011
-2.804306e-08,-0.000140186
-2.799306e-08,0.00763167
-2.794306e-08,0.0138107
-2.789306e-08,0.0137558
-2.784306e-08,0.00540722
-2.779306e-08,-0.00445178
-2.774306e-08,-0.0051658
-2.769306e-08,-0.00368283
-2.764306e-08,-0.00703324
-2.759306e-08,-0.00944993
-2.754306e-08,-0.00480879
-2.749306e-08,0.00164487
-2.744306e-08,-0.00316105
-2.739306e-08,-0.0103013
-2.734306e-08,-0.00557774
-2.729306e-08,-0.00269419
-2.724306e-08,-0.00868099
-2.719306e-08,-0.01302
-2.714306e-08,-0.013075
-2.709306e-08,-0.00826905
-2.704306e-08,-0.00354552
-2.699306e-08,-0.00486372
-2.694306e-08,-0.0085986
-2.689306e-08,-0.0107956
-2.684306e-08,-0.00791204
-2.679306e-08,-0.00799443
-2.674306e-08,-0.0162881
-2.669306e-08,-0.0183203
-2.664306e-08,-0.0165627
-2.659306e-08,-0.0218904
-2.654306e-08,-0.0241972
-2.649306e-08,-0.0214785
-2.644306e-08,-0.0223023
-2.639306e-08,-0.0234832
-2.634306e-08,-0.0193089
-2.629306e-08,-0.0116195
-2.624306e-08,-0.0118392
-2.619306e-08,-0.024362
-2.614306e-08,-0.0312276
-2.609306e-08,-0.0306234
-2.604306e-08,-0.0368574
-2.599306e-08,-0.0370771
-2.594306e-08,-0.0228241
-2.589306e-08,-0.0103562
-2.584306e-08,-0.0119765
-2.579306e-08,-0.0191442
-2.574306e-08,-0.0169197
-2.569306e-08,-0.0162881
-2.564306e-08,-0.0249387
-2.559306e-08,-0.0269709
-2.554306e-08,-0.019254
-2.549306e-08,-0.00997172
-2.544306e-08,-0.00574251
-2.539306e-08,-0.00549535
-2.534306e-08,0.00191949
-2.529306e-08,0.0072472
-2.524306e-08,-0.00236464
-2.519306e-08,-0.0058249
-2.514306e-08,-0.000442272
-2.509306e-08,-0.010164
-2.504306e-08,-0.0254605
-2.499306e-08,-0.027987
-2.494306e-08,-0.0198582
-2.489306e-08,-0.0143382
-2.484306e-08,-0.0188146
-2.479306e-08,-0.0236755
-2.474306e-08,-0.0265315
-2.469306e-08,-0.0315846
-2.464306e-08,-0.0339189
-2.459306e-08,-0.0309804
-2.454306e-08,-0.0277673
-2.449306e-08,-0.0208194
-2.444306e-08,-0.00700578
-2.439306e-08,0.00183711
-2.434306e-08,0.00458335
-2.429306e-08,0.00455588
-2.424306e-08,-0.00601714
-2.419306e-08,-0.0163979
-2.414306e-08,-0.0124433
-2.409306e-08,-0.00953232
-2.404306e-08,-0.0169746
-2.399306e-08,-0.0198582
-2.394306e-08,-0.0168922
-2.389306e-08,-0.0201877
-2.384306e-08,-0.0216158
-2.379306e-08,-0.0168648
-2.374306e-08,-0.0162331
-2.369306e-08,-0.0187597
-2.364306e-08,-0.0271632
-2.359306e-08,-0.0367201
-2.354306e-08,-0.0295524
-2.349306e-08,-0.0118666
-2.344306e-08,0.00101323
-2.339306e-08,0.00579169
-2.334306e-08,0.00433618
-2.329306e-08,0.00191949
-2.324306e-08,-0.00121122
-2.319306e-08,-0.00988933
-2.314306e-08,-0.0210391
-2.309306e-08,-0.0195836
-2.304306e-08,-0.000250035
-2.299306e-08,0.0163372
-2.294306e-08,0.0146346
-2.289306e-08,0.00705496
-2.284306e-08,0.00285321
-2.279306e-08,-0.00436939
-2.274306e-08,-0.0120863
-2.269306e-08,-0.0157663
-2.264306e-08,-0.0151896
-2.259306e-08,-0.00810428
-2.254306e-08,0.000573836
-2.249306e-08,0.00535229
-2.244306e-08,0.00450096
-2.239306e-08,-0.00203509
-2.234306e-08,-0.00618191
-2.229306e-08,-0.0125532
-2.224306e-08,-0.0314198
-2.219306e-08,-0.0383404
-2.214306e-08,-0.0275202
-2.209306e-08,-0.0300467
-2.204306e-08,-0.0411141
-2.199306e-08,-0.0369672
-2.194306e-08,-0.0228241
-2.189306e-08,-0.0206821
-2.184306e-08,-0.0252683
-2.179306e-08,-0.018128
-2.174306e-08,-0.0143382
-2.169306e-08,-0.0196934
-2.164306e-08,-0.019611
-2.159306e-08,-0.0185125
-2.154306e-08,-0.017057
-2.149306e-08,-0.0137066
-2.144306e-08,-0.0194188
-2.139306e-08,-0.0265041
-2.134306e-08,-0.0259548
-2.129306e-08,-0.0229889
-2.124306e-08,-0.0193364
-2.119306e-08,-0.0221101
-2.114306e-08,-0.0263942
-2.109306e-08,-0.0204074
-2.104306e-08,-0.0136791
-2.099306e-08,-0.0113998
-2.094306e-08,-0.00777473
-2.089306e-08,-0.00821413
-2.084306e-08,-0.0131848
-2.079306e-08,-0.0132672
-2.074306e-08,-0.0115645
-2.069306e-08,-0.0103287
-2.064306e-08,-0.00862606
-2.059306e-08,-0.0114272
-2.054306e-08,-0.00988933
-2.049306e-08,-0.00766488
-2.044306e-08,-0.0215334
-2.039306e-08,-0.0338091
-2.034306e-08,-0.0304037
-2.029306e-08,-0.0277948
-2.024306e-08,-0.0261196
-2.019306e-08,-0.014146
-2.014306e-08,0.0014801
-2.009306e-08,0.0129319
-2.004306e-08,0.0137832
-1.999306e-08,0.00318276
-1.994306e-08,-0.00453417
-1.989306e-08,-0.00730787
-1.984306e-08,-0.0129102
-1.979306e-08,-0.0160958
-1.974306e-08,-0.0146678
-1.969306e-08,-0.0179633
-1.964306e-08,-0.0275751
-1.959306e-08,-0.031667
-1.954306e-08,-0.0289757
-1.949306e-08,-0.0288658
-1.944306e-08,-0.0322712
-1.939306e-08,-0.0362532
-1.934306e-08,-0.0294151
-1.929306e-08,-0.00598967
-1.924306e-08,0.0134812
-1.919306e-08,0.0157605
-1.914306e-08,0.0193032
-1.909306e-08,0.0292995
-1.904306e-08,0.0264983
-1.899306e-08,0.0199074
-1.894306e-08,0.0212805
-1.889306e-08,0.015074
-1.884306e-08,0.00472066
-1.879306e-08,0.000573836
-1.874306e-08,-0.00524819
-1.869306e-08,-0.0120589
-1.864306e-08,-0.0157114
-1.859306e-08,-0.020325
-1.854306e-08,-0.0251859
-1.849306e-08,-0.0277948
-1.844306e-08,-0.0265865
-1.839306e-08,-0.0187048
-1.834306e-08,-0.0106583
-1.829306e-08,-0.00804935
-1.824306e-08,-0.00118376
-1.819306e-08,0.00911464
-1.814306e-08,0.0095815
-1.809306e-08,0.0003816
-1.804306e-08,-0.00977948
-1.799306e-08,-0.0160134
-1.794306e-08,-0.0149973
-1.789306e-08,-0.00365537
-1.784306e-08,0.0116686
-1.779306e-08,0.017216
-1.774306e-08,0.00927941
-1.769306e-08,0.00260605
-1.764306e-08,0.00840062
-1.759306e-08,0.0161175
-1.754306e-08,0.0187814
-1.749306e-08,0.0147719
-1.744306e-08,0.000683686
-1.739306e-08,-0.00469894
-1.734306e-08,0.00419887
-1.729306e-08,0.00708242
-1.724306e-08,0.00664302
-1.719306e-08,0.0118334
-1.714306e-08,0.0144973
-1.709306e-08,0.00925195
-1.704306e-08,-0.000826745
-1.699306e-08,-0.00912039
-1.694306e-08,-0.0139538
-1.689306e-08,-0.0204074
-1.684306e-08,-0.0273829
-1.679306e-08,-0.026202
-1.674306e-08,-0.0162331
-1.669306e-08,-0.0122786
-1.664306e-08,-0.0169472
-1.659306e-08,-0.0134594
-1.654306e-08,-0.00107391
-1.649306e-08,0.00529737
-1.644306e-08,-0.00384761
-1.639306e-08,-0.018183
-1.634306e-08,-0.0176887
-1.629306e-08,-0.0164803
-1.624306e-08,-0.0237304
-1.619306e-08,-0.0154093
-1.614306e-08,-0.00340821
-1.609306e-08,-0.00368283
-1.604306e-08,-0.00219986
-1.599306e-08,-0.0049461
-1.594306e-08,-0.0114822
-1.589306e-08,-0.0110428
-1.584306e-08,-0.0147502
-1.579306e-08,-0.0185674
-1.574306e-08,-0.0114272
-1.569306e-08,-0.0107132
-1.564306e-08,-0.0231811
-1.559306e-08,-0.0285638
-1.554306e-08,-0.0219453
-1.549306e-08,-0.0197758
-1.544306e-08,-0.0234832
-1.539306e-08,-0.0214785
-1.534306e-08,-0.0118941
-1.529306e-08,-0.00291389
-1.524306e-08,0.000299213
-1.519306e-08,0.00691765
-1.514306e-08,0.0112567
-1.509306e-08,0.00282575
-1.504306e-08,-0.00230971
-1.499306e-08,-0.0019527
-1.494306e-08,-0.00544043
-1.489306e-08,-0.00629176
-1.484306e-08,-0.00936755
-1.479306e-08,-0.020737
-1.474306e-08,-0.0256527
-1.469306e-08,-0.0216707
-1.464306e-08,-0.0170021
-1.459306e-08,-0.013075
-1.454306e-08,-0.01486
-1.449306e-08,-0.0158212
-1.444306e-08,-0.0124983
-1.439306e-08,-0.0138988
-1.434306e-08,-0.0202152
-1.429306e-08,-0.0275476
-1.424306e-08,-0.0299094
-1.419306e-08,-0.0249936
-1.414306e-08,-0.0186498
-1.409306e-08,-0.0163705
-1.404306e-08,-0.0184027
-1.399306e-08,-0.0197483
-1.394306e-08,-0.0232086
-1.389306e-08,-0.0341112
-1.384306e-08,-0.0405648
-1.379306e-08,-0.0345506
-1.374306e-08,-0.0285088
-1.369306e-08,-0.0274927
-1.364306e-08,-0.0244993
-1.359306e-08,-0.0182928
-1.354306e-08,-0.0101914
-1.349306e-08,-0.0026118
-1.344306e-08,-0.00181539
-1.339306e-08,-0.00409477
-1.334306e-08,-0.0037103
-1.329306e-08,-0.0062643
-1.324306e-08,-0.00832398
-1.319306e-08,-0.00651146
-1.314306e-08,-0.0112625
-1.309306e-08,-0.0198856
-1.304306e-08,-0.0215883
-1.299306e-08,-0.0192815
-1.294306e-08,-0.0181555
-1.289306e-08,-0.0206821
-1.284306e-08,-0.0208743
-1.279306e-08,-0.00741772
-1.274306e-08,0.00559945
-1.269306e-08,0.00274337
-1.264306e-08,0.00112308
-1.259306e-08,0.00938926
-1.254306e-08,0.012108
-1.249306e-08,0.0035947
-1.244306e-08,-0.00788458
-1.239306e-08,-0.0149699
-1.234306e-08,-0.017469
-1.229306e-08,-0.0198582
-1.224306e-08,-0.0202152
-1.219306e-08,-0.0158761
-1.214306e-08,-0.0133496
-1.209306e-08,-0.0129377
-1.204306e-08,-0.00895561
-1.199306e-08,-0.0034906
-1.194306e-08,-0.00211748
-1.189306e-08,-0.0030512
-1.184306e-08,-0.00609952
-1.179306e-08,-0.0128003
-1.174306e-08,-0.0156564
-1.169306e-08,-0.0160409
-1.164306e-08,-0.0163705
-1.159306e-08,-0.0119215
-1.154306e-08,-0.00700578
-1.149306e-08,-0.00656638
-1.144306e-08,-0.0135418
-1.139306e-08,-0.0194737
-1.134306e-08,-0.0126081
-1.129306e-08,-0.00461655
-1.124306e-08,-0.00629176
-1.119306e-08,-0.00848875
-1.114306e-08,-0.00585236
-1.109306e-08,-0.00865353
-1.104306e-08,-0.0206271
-1.099306e-08,-0.0295249
-1.094306e-08,-0.0306234
-1.089306e-08,-0.0276575
-1.084306e-08,-0.0251035
-1.079306e-08,-0.0239501
-1.074306e-08,-0.0150248
-1.069306e-08,-0.00156823
-1.064306e-08,0.00230397
-1.059306e-08,-0.00209002
-1.054306e-08,-0.00774727
-1.049306e-08,-0.0105484
-1.044306e-08,-0.00884576
-1.039306e-08,-0.00486372
-1.034306e-08,0.000820998
-1.029306e-08,-0.00123868
-1.024306e-08,-0.0142833
-1.019306e-08,-0.0186224
-1.014306e-08,-0.0191991
-1.009306e-08,-0.0329577
-1.004306e-08,-0.0439702
-9.993061e-09,-0.0450687
-9.943061e-09,-0.040043
-9.893061e-09,-0.0271357
-9.843061e-09,-0.018128
-9.793061e-09,-0.015217
-9.743061e-09,-0.0105484
-9.693061e-09,-0.00728041
-9.643061e-09,-0.0058249
-9.593061e-09,-0.00329836
-9.543061e-09,-0.0034906
-9.493061e-09,-0.0122786
-9.443061e-09,-0.0227967
-9.393061e-09,-0.023291
-9.343061e-09,-0.0201328
-9.293061e-09,-0.0239226
-9.243061e-09,-0.0338915
-9.193061e-09,-0.040098
-9.143061e-09,-0.0372968
-9.093061e-09,-0.0297446
-9.043061e-09,-0.0216982
-8.993061e-09,-0.0199955
-8.943061e-09,-0.0232635
-8.893061e-09,-0.0236205
-8.843061e-09,-0.0234008
-8.793061e-09,-0.0209018
-8.743061e-09,-0.017826
-8.693061e-09,-0.0179084
-8.643061e-09,-0.0155466
-8.593061e-09,-0.01486
-8.543061e-09,-0.0164528
-8.493061e-09,-0.0171394
-8.443061e-09,-0.0148051
-8.393061e-09,-0.00351806
-8.343061e-09,0.00307291
-8.293061e-09,-0.00373776
-8.243061e-09,-0.013432
-8.193061e-09,-0.0237304
-8.143061e-09,-0.026202
-8.093061e-09,-0.0241972
-8.043061e-09,-0.030239
-7.993061e-09,-0.0311727
-7.943061e-09,-0.0255154
-7.893061e-09,-0.025845
-7.843061e-09,-0.0335619
-7.793061e-09,-0.0362258
-7.743061e-09,-0.0239775
-7.693061e-09,-0.01486
-7.643061e-09,-0.0157663
-7.593061e-09,-0.0116744
-7.543061e-09,-0.00360045
-7.493061e-09,0.00175472
-7.443061e-09,-0.00310612
-7.393061e-09,-0.0185674
-7.343061e-09,-0.0221101
-7.293061e-09,-0.015272
-7.243061e-09,-0.0237029
-7.193061e-09,-0.0311178
-7.143061e-09,-0.0182379
-7.093061e-09,-0.0100266
-7.043061e-09,-0.0188146
-6.993061e-09,-0.0263393
-6.943061e-09,-0.0242522
-6.893061e-09,-0.0233459
-6.843061e-09,-0.0258999
-6.793061e-09,-0.019254
-6.743061e-09,-0.00983441
-6.693061e-09,-0.00799443
-6.643061e-09,-0.00733533
-6.593061e-09,-0.00321597
-6.543061e-09,0.00167233
-6.493061e-09,-0.0034906
-6.443061e-09,-0.0135693
-6.393061e-09,-0.0158212
-6.343061e-09,-0.017057
-6.293061e-09,-0.0171943
-6.243061e-09,-0.0125532
-6.193061e-09,-0.00568759
-6.143061e-09,0.00488543
-6.093061e-09,0.012877
-6.043061e-09,0.0109546
-5.993061e-09,0.00189203
-5.943061e-09,-0.0094774
-5.893061e-09,-0.0210116
-5.843061e-09,-0.0280145
-5.793061e-09,-0.0271632
-5.743061e-09,-0.0268336
-5.693061e-09,-0.03315
-5.643061e-09,-0.0413612
-5.593061e-09,-0.0414985
-5.543061e-09,-0.0297721
-5.493061e-09,-0.0191442
-5.443061e-09,-0.0193639
-5.393061e-09,-0.0239226
-5.343061e-09,-0.0240325
-5.293061e-09,-0.0153269
-5.243061e-09,-0.00703324
-5.193061e-09,-0.0124159
-5.143061e-09,-0.0229614
-5.093061e-09,-0.0278772
-5.043061e-09,-0.0283441
-4.993061e-09,-0.0230713
-4.943061e-09,-0.0188695
-4.893061e-09,-0.0210665
-4.843061e-09,-0.0171669
-4.793061e-09,-0.00739026
-4.743061e-09,-0.00230971
-4.693061e-09,-0.000689433
-4.643061e-09,0.00161741
-4.593061e-09,0.0087027
-4.543061e-09,0.0130143
-4.493061e-09,0.00831823
-4.443061e-09,0.00296306
-4.393061e-09,-0.00203509
-4.343061e-09,-0.00966963
-4.293061e-09,-0.0190068
-4.243061e-09,-0.0208468
-4.193061e-09,-0.0120039
-4.143061e-09,-0.00917531
-4.093061e-09,-0.0120039
-4.043061e-09,-0.0120863
-3.993061e-09,-0.0162057
-3.943061e-09,-0.0168373
-3.893061e-09,-0.00851621
-3.843061e-09,-0.00439686
-3.793061e-09,-0.0053855
-3.743061e-09,-0.00563266
-3.693061e-09,-0.0058249
-3.643061e-09,-0.00689593
-3.593061e-09,-0.00736279
-3.543061e-09,-0.00464402
-3.493061e-09,-0.00379268
-3.443061e-09,-0.0107956
-3.393061e-09,-0.0199406
-3.343061e-09,-0.0176063
-3.293061e-09,-0.00744518
-3.243061e-09,-0.00299627
-3.193061e-09,0.000930848
-3.143061e-09,-0.000222573
-3.093061e-09,-0.0107407
-3.043061e-09,-0.0125806
-2.993061e-09,-0.00425954
-2.943061e-09,0.00307291
-2.893061e-09,0.00494036
-2.843061e-09,0.00139771
-2.793061e-09,-0.000167648
-2.743061e-09,0.00353977
-2.693061e-09,0.00551707
-2.643061e-09,0.00150756
-2.593061e-09,-0.00206255
-2.543061e-09,-0.00272165
-2.493061e-09,0.000409062
-2.443061e-09,0.00804361
-2.393061e-09,0.00842808
-2.343061e-09,0.00230397
-2.293061e-09,0.00095831
-2.243061e-09,0.00112308
-2.193061e-09,0.00375947
-2.143061e-09,0.00873017
-2.093061e-09,0.00205681
-2.043061e-09,-0.0128553
-1.993061e-09,-0.0142009
-1.943061e-09,-0.00563266
-1.893061e-09,-0.00939501
-1.843061e-09,-0.0214235
-1.793061e-09,-0.0212588
-1.743061e-09,-0.00895561
-1.693061e-09,-0.00486372
-1.643061e-09,-0.0110702
-1.593061e-09,-0.00906546
-1.543061e-09,-0.00230971
-1.493061e-09,-0.00483625
-1.443061e-09,-0.0103013
-1.393061e-09,-0.0115096
-1.343061e-09,-0.0180457
-1.293061e-09,-0.0282067
-1.243061e-09,-0.028399
-1.193061e-09,-0.025076
-1.143061e-09,-0.0239501
-1.093061e-09,-0.0201053
-1.043061e-09,-0.0146403
-9.930611e-10,-0.0113174
-9.430611e-10,-0.0142284
-8.930611e-10,-0.0215059
-8.430611e-10,-0.0259823
-7.930611e-10,-0.023648
-7.430611e-10,-0.018128
-6.930611e-10,-0.0133221
-6.430611e-10,-0.00865353
-5.930611e-10,-0.00420462
-5.430611e-10,0.000628761
-4.930611e-10,-0.000661971
-4.430611e-10,-0.0123609
-3.930611e-10,-0.0224396
-3.430611e-10,-0.0246916
-2.930611e-10,-0.0226593
-2.430611e-10,-0.0151621
-1.930611e-10,-0.00340821
-1.430611e-10,0.0137283
-9.306113e-11,0.0408612
-4.306113e-11,0.0838398
6.938872e-12,0.150683
5.693887e-11,0.234141
1.069389e-10,0.326086
1.569389e-10,0.435633
2.069389e-10,0.555177
2.569389e-10,0.654261
3.069389e-10,0.731128
3.569389e-10,0.80492
4.069389e-10,0.867122
4.569389e-10,0.892607
5.069389e-10,0.883352
5.569389e-10,0.874454
6.069389e-10,0.88673
6.569389e-10,0.903757
7.069389e-10,0.905048
7.569389e-10,0.9034
8.069389e-10,0.920097
8.569389e-10,0.928555
9.069389e-10,0.91076
9.569389e-10,0.901642
1.006939e-09,0.903647
1.056939e-09,0.891399
1.106939e-09,0.874619
1.156939e-09,0.870225
1.206939e-09,0.875992
1.256939e-09,0.883352
1.306939e-09,0.883407
1.356939e-09,0.870555
1.406939e-09,0.85935
1.456939e-09,0.85913
1.506939e-09,0.854901
1.556939e-09,0.845482
1.606939e-09,0.836913
1.656939e-09,0.820875
1.706939e-09,0.800251
1.756939e-09,0.793166
1.806939e-09,0.794566
1.856939e-09,0.785257
1.906939e-09,0.771882
1.956939e-09,0.762326
2.006939e-09,0.748402
2.056939e-09,0.727146
2.106939e-09,0.709406
2.156939e-09,0.712317
2.206939e-09,0.72039
2.256939e-09,0.705808
2.306939e-09,0.684634
2.356939e-09,0.672853
2.406939e-09,0.657364
2.456939e-09,0.640255
2.506939e-09,0.634021
2.556939e-09,0.633994
2.606939e-09,0.635449
2.656939e-09,0.643249
2.706939e-09,0.65113
2.756939e-09,0.649757
2.806939e-09,0.64248
2.856939e-09,0.629215
2.906939e-09,0.60395
2.956939e-09,0.572945
3.006939e-09,0.552046
3.056939e-09,0.543862
3.106939e-09,0.543093
3.156939e-09,0.548394
3.206939e-09,0.560477
3.256939e-09,0.576185
3.306939e-09,0.579618
3.356939e-09,0.572423
3.406939e-09,0.565722
3.456939e-09,0.549217
3.506939e-09,0.530021
3.556939e-09,0.529225
3.606939e-09,0.538068
3.656939e-09,0.535788
3.706939e-09,0.531559
3.756939e-09,0.537464
3.806939e-09,0.539276
3.856939e-09,0.53079
3.906939e-09,0.517334
3.956939e-09,0.502751
4.006939e-09,0.490228
4.056939e-09,0.476991
4.106939e-09,0.465018
4.156939e-09,0.459031
4.206939e-09,0.451204
4.256939e-09,0.436594
4.306939e-09,0.42896
4.356939e-09,0.43599
4.406939e-09,0.443899
4.456939e-09,0.444943
4.506939e-09,0.443762
4.556939e-09,0.442773
4.606939e-09,0.43772
4.656939e-09,0.423934
4.706939e-09,0.413498
4.756939e-09,0.411768
4.806939e-09,0.406852
4.856939e-09,0.398724
4.906939e-09,0.395208
4.956939e-09,0.399657
5.006939e-09,0.406523
5.056939e-09,0.405232
5.106939e-09,0.394082
5.156939e-09,0.378566
5.206939e-09,0.365137
5.256939e-09,0.357695
5.306939e-09,0.34844
5.356939e-09,0.33556
5.406939e-09,0.33567
5.456939e-09,0.343964
5.506939e-09,0.346737
5.556939e-09,0.346765
5.606939e-09,0.344732
5.656939e-09,0.347589
5.706939e-09,0.345968
5.756939e-09,0.331029
5.806939e-09,0.330013
5.856939e-09,0.338142
5.906939e-09,0.33188
5.956939e-09,0.328942
6.006939e-09,0.338746
6.056939e-09,0.348467
6.106939e-09,0.345831
6.156939e-09,0.327871
6.206939e-09,0.319879
6.256939e-09,0.328337
6.306939e-09,0.321417
6.356939e-09,0.306093
6.406939e-09,0.310102
6.456939e-09,0.316886
6.506939e-09,0.313618
6.556939e-09,0.315979
6.606939e-09,0.326607
6.656939e-09,0.325399
6.706939e-09,0.301946
6.756939e-09,0.280553
6.806939e-09,0.277834
6.856939e-09,0.281624
6.906939e-09,0.280223
6.956939e-09,0.267975
7.006939e-09,0.257182
7.056939e-09,0.257045
7.106939e-09,0.250564
7.156939e-09,0.239881
7.206939e-09,0.240842
7.256939e-09,0.242463
7.306939e-09,0.236641
7.356939e-09,0.238123
7.406939e-09,0.249301
7.456939e-09,0.245538
7.506939e-09,0.221289
7.556939e-09,0.208327
7.606939e-09,0.212254
7.656939e-09,0.20797
7.706939e-09,0.201928
7.756939e-09,0.206871
7.806939e-09,0.21489
7.856939e-09,0.227001
7.906939e-09,0.230681
7.956939e-09,0.217527
8.006939e-09,0.209892
8.056939e-09,0.203576
8.106939e-09,0.192042
8.156939e-09,0.194898
8.206939e-09,0.20072
8.256939e-09,0.19487
8.306939e-09,0.18968
8.356939e-09,0.19141
8.406939e-09,0.197314
8.456939e-09,0.198166
8.506939e-09,0.193332
8.556939e-09,0.193277
8.606939e-09,0.18924
8.656939e-09,0.173532
8.706939e-09,0.166584
8.756939e-09,0.176416
8.806939e-09,0.183061
8.856939e-09,0.182485
8.906939e-09,0.18372
8.956939e-09,0.185011
9.006939e-09,0.188636
9.056939e-09,0.190971
9.106939e-09,0.183473
9.156939e-09,0.177157
9.206939e-09,0.175784
9.256939e-09,0.170758
9.306939e-09,0.166666
9.356939e-09,0.162272
9.406939e-09,0.1531
9.456939e-09,0.1492
9.506939e-09,0.151754
9.556939e-09,0.147443
9.606939e-09,0.133245
9.656939e-09,0.119404
9.706939e-09,0.114103
9.756939e-09,0.116575
9.806939e-09,0.119294
9.856939e-09,0.120969
9.906939e-09,0.124539
9.956939e-09,0.129784
1.000694e-08,0.133409
1.005694e-08,0.129894
1.010694e-08,0.12366
1.015694e-08,0.121491
1.020694e-08,0.120612
1.025694e-08,0.117893
1.030694e-08,0.121326
1.035694e-08,0.126434
1.040694e-08,0.115065
1.045694e-08,0.103503
1.050694e-08,0.105178
1.055694e-08,0.102349
1.060694e-08,0.0902935
1.065694e-08,0.0809837
1.070694e-08,0.0854326
1.075694e-08,0.0985047
1.080694e-08,0.108858
1.085694e-08,0.110973
1.090694e-08,0.102569
1.095694e-08,0.0973238
1.100694e-08,0.0973788
1.105694e-08,0.0874099
1.110694e-08,0.0790613
1.115694e-08,0.0787867
1.120694e-08,0.0702734
1.125694e-08,0.0634352
1.130694e-08,0.0680215
1.135694e-08,0.0668406
1.140694e-08,0.0601398
1.145694e-08,0.0602496
1.150694e-08,0.0616227
1.155694e-08,0.0621994
1.160694e-08,0.065797
1.165694e-08,0.0637923
1.170694e-08,0.0589863
1.175694e-08,0.0641767
1.180694e-08,0.0699988
1.185694e-08,0.0628036
1.190694e-08,0.0530819
1.195694e-08,0.0562676
1.200694e-08,0.0638472
1.205694e-08,0.0607989
1.210694e-08,0.0562401
1.215694e-08,0.0563225
1.220694e-08,0.0503082
1.225694e-08,0.0499237
1.230694e-08,0.0592884
1.235694e-08,0.0512969
1.240694e-08,0.032183
1.245694e-08,0.0271574
1.250694e-08,0.0305078
1.255694e-08,0.0389388
1.260694e-08,0.05267
1.265694e-08,0.0567344
1.270694e-08,0.0501434
1.275694e-08,0.039543
1.280694e-08,0.0302058
1.285694e-08,0.0341878
1.290694e-08,0.0423991
1.295694e-08,0.0388289
1.300694e-08,0.0339681
1.305694e-08,0.0387191
1.310694e-08,0.0480288
1.315694e-08,0.0515166
1.320694e-08,0.0473148
1.325694e-08,0.0429758
1.330694e-08,0.0346821
1.335694e-08,0.0258942
1.340694e-08,0.0258392
1.345694e-08,0.0236148
1.350694e-08,0.0230655
1.355694e-08,0.0357532
1.360694e-08,0.0440743
1.365694e-08,0.0394331
1.370694e-08,0.0427286
1.375694e-08,0.053741
1.380694e-08,0.0496491
1.385694e-08,0.0390212
1.390694e-08,0.035506
1.395694e-08,0.026718
1.400694e-08,0.016145
1.405694e-08,0.0187539
1.410694e-08,0.026004
1.415694e-08,0.0264159
1.420694e-08,0.0268004
1.425694e-08,0.0275419
1.430694e-08,0.0214453
1.435694e-08,0.0175731
1.440694e-08,0.0230381
1.445694e-08,0.0239169
1.450694e-08,0.014717
1.455694e-08,0.0113116
1.460694e-08,0.0145522
1.465694e-08,0.0159253
1.470694e-08,0.0221043
1.475694e-08,0.0308099
1.480694e-08,0.0332541
1.485694e-08,0.0323204
1.490694e-08,0.0285305
1.495694e-08,0.021253
1.500694e-08,0.0214453
1.505694e-08,0.0282834
1.510694e-08,0.0234225
1.515694e-08,0.0131791
1.520694e-08,0.0120806
1.525694e-08,0.0120806
1.530694e-08,0.0122454
1.535694e-08,0.0113391
1.540694e-08,0.00694511
1.545694e-08,0.00785137
1.550694e-08,0.00947165
1.555694e-08,0.00801614
1.560694e-08,0.00730212
1.565694e-08,0.00741197
1.570694e-08,0.00894986
1.575694e-08,0.0072472
1.580694e-08,0.00329261
1.585694e-08,0.003375
1.590694e-08,0.00889494
1.595694e-08,0.0197151
1.600694e-08,0.0267455
1.605694e-08,0.0233951
1.610694e-08,0.015074
1.615694e-08,0.00933434
1.620694e-08,0.00859285
1.625694e-08,0.00708242
1.630694e-08,0.00491289
1.635694e-08,0.00422633
1.640694e-08,0.00213919
1.645694e-08,0.00200188
1.650694e-08,0.00576423
1.655694e-08,0.00969135
1.660694e-08,0.00749436
1.665694e-08,-0.000799283
1.670694e-08,-0.00566013
1.675694e-08,-0.00502849
1.680694e-08,-0.00263926
1.685694e-08,-0.00324344
1.690694e-08,-0.00527565
1.695694e-08,-0.00593475
1.700694e-08,-0.0069234
1.705694e-08,-0.00714309
1.710694e-08,-0.0123609
1.715694e-08,-0.0146678
1.720694e-08,-0.00714309
1.725694e-08,-0.00706071
1.730694e-08,-0.00854368
1.735694e-08,-0.000250035
1.740694e-08,0.0029356
1.745694e-08,0.000518912
1.750694e-08,0.00326515
1.755694e-08,0.0040341
1.760694e-08,-0.00272165
1.765694e-08,-0.0092577
1.770694e-08,-0.0133496
1.775694e-08,-0.0201877
1.780694e-08,-0.0260921
1.785694e-08,-0.0248838
1.790694e-08,-0.02038
1.795694e-08,-0.0154642
1.800694e-08,-0.00579744
1.805694e-08,0.0103504
1.810694e-08,0.0272673
1.815694e-08,0.0348194
1.820694e-08,0.0288601
1.825694e-08,0.015788
1.830694e-08,0.00137025
1.835694e-08,-0.013075
1.840694e-08,-0.0176337
1.845694e-08,-0.00966963
1.850694e-08,-0.0079395
1.855694e-08,-0.00563266
1.860694e-08,0.00881255
1.865694e-08,0.0138656
1.870694e-08,0.0126573
1.875694e-08,0.0156507
1.880694e-08,0.0150191
1.885694e-08,0.0173808
1.890694e-08,0.0149092
1.895694e-08,-0.0021724
1.900694e-08,-0.013432
1.905694e-08,-0.00887322
1.910694e-08,-0.00332582
1.915694e-08,-0.00975202
1.920694e-08,-0.0143932
1.925694e-08,-0.00335328
1.930694e-08,0.00606631
1.935694e-08,0.00713735
1.940694e-08,0.00938926
1.945694e-08,0.0105701
1.950694e-08,0.00686272
1.955694e-08,-0.00030496
1.960694e-08,-0.0019527
1.965694e-08,0.00590154
1.970694e-08,0.0101582
1.975694e-08,0.00669795
1.980694e-08,0.00749436
1.985694e-08,0.0132615
1.990694e-08,0.011751
1.995694e-08,0.00164487
2.000694e-08,-0.00678608
2.005694e-08,-0.0102738
2.010694e-08,-0.0113448
2.015694e-08,-0.0122786
2.020694e-08,-0.0111526
2.025694e-08,-0.00678608
2.030694e-08,-0.0100266
2.035694e-08,-0.0216982
2.040694e-08,-0.0272181
2.045694e-08,-0.025433
2.050694e-08,-0.0236205
2.055694e-08,-0.0259548
2.060694e-08,-0.0324085
2.065694e-08,-0.0312276
2.070694e-08,-0.0234558
2.075694e-08,-0.0305136
2.080694e-08,-0.0471833
2.085694e-08,-0.0497373
2.090694e-08,-0.0441075
2.095694e-08,-0.0406472
2.100694e-08,-0.0347703
2.105694e-08,-0.0285912
2.110694e-08,-0.0210391
2.115694e-08,-0.0157388
2.120694e-08,-0.0204898
2.125694e-08,-0.0215883
2.130694e-08,-0.0171119
2.135694e-08,-0.0229065
2.140694e-08,-0.0299643
2.145694e-08,-0.0282617
2.150694e-08,-0.0263118
2.155694e-08,-0.0267512
2.160694e-08,-0.0264492
2.165694e-08,-0.0193364
2.170694e-08,-0.00623684
2.175694e-08,-0.00088167
2.180694e-08,-0.00184285
2.185694e-08,0.00109562
2.190694e-08,0.000354137
2.195694e-08,-0.00717056
2.200694e-08,-0.0114822
2.205694e-08,-0.0104386
2.210694e-08,-0.0134869
2.215694e-08,-0.0246366
2.220694e-08,-0.0285363
2.225694e-08,-0.0210391
2.230694e-08,-0.0212038
2.235694e-08,-0.0291405
2.240694e-08,-0.0256802
2.245694e-08,-0.0205997
2.250694e-08,-0.0334246
2.255694e-08,-0.0411141
2.260694e-08,-0.0290581
2.265694e-08,-0.0200504
2.270694e-08,-0.0184851
2.275694e-08,-0.0123335
2.280694e-08,0.000875923
2.285694e-08,0.0116961
2.290694e-08,0.00985612
2.295694e-08,0.0057093
2.300694e-08,0.00559945
2.305694e-08,-0.000579584
2.310694e-08,-0.00824159
2.315694e-08,-0.00906546
2.320694e-08,-0.00931262
2.325694e-08,-0.0129102
2.330694e-08,-0.0169472
2.335694e-08,-0.0201328
2.340694e-08,-0.0197758
2.345694e-08,-0.0116744
2.350694e-08,-0.00145838
2.355694e-08,0.000573836
2.360694e-08,-0.00203509
2.365694e-08,-0.000359885
2.370694e-08,0.00101323
2.375694e-08,-0.00651146
2.380694e-08,-0.0156839
2.385694e-08,-0.0154367
2.390694e-08,-0.0149973
2.395694e-08,-0.0191991
2.400694e-08,-0.0169197
2.405694e-08,-0.0136517
2.410694e-08,-0.0170021
2.415694e-08,-0.0186498
2.420694e-08,-0.0197758
2.425694e-08,-0.0230713
2.430694e-08,-0.0238952
2.435694e-08,-0.0282617
2.440694e-08,-0.0381756
2.445694e-08,-0.0412788
2.450694e-08,-0.036061
2.455694e-08,-0.0309255
2.460694e-08,-0.024362
2.465694e-08,-0.0173042
2.470694e-08,-0.0124708
2.475694e-08,-0.00758249
2.480694e-08,-0.00467148
2.485694e-08,0.000106976
2.490694e-08,0.0024962
2.495694e-08,-0.0085986
2.500694e-08,-0.0135418
2.505694e-08,-0.0069234
2.510694e-08,-0.0170021
2.515694e-08,-0.0345231
2.520694e-08,-0.0365278
2.525694e-08,-0.0365278
2.530694e-08,-0.0421576
2.535694e-08,-0.0413612
2.540694e-08,-0.035292
2.545694e-08,-0.0301291
2.550694e-08,-0.0273279
2.555694e-08,-0.0299094
2.560694e-08,-0.0291954
2.565694e-08,-0.0206546
2.570694e-08,-0.0170296
2.575694e-08,-0.0259274
2.580694e-08,-0.0330401
2.585694e-08,-0.0257077
2.590694e-08,-0.02038
2.595694e-08,-0.0202976
2.600694e-08,-0.00975202
2.605694e-08,0.00678034
2.610694e-08,0.0159528
2.615694e-08,0.0129319
2.620694e-08,0.0102681
2.625694e-08,0.0104878
2.630694e-08,0.000299213
2.635694e-08,-0.00895561
2.640694e-08,-0.0107407
2.645694e-08,-0.0160409
2.650694e-08,-0.0222474
2.655694e-08,-0.0279321
2.660694e-08,-0.0273829
2.665694e-08,-0.0187322
2.670694e-08,-0.0177985
2.675694e-08,-0.0228516
2.680694e-08,-0.022879
2.685694e-08,-0.0220277
2.690694e-08,-0.0266414
2.695694e-08,-0.0330951
2.700694e-08,-0.0318043
2.705694e-08,-0.0241972
2.710694e-08,-0.0143108
2.715694e-08,-0.00593475
2.720694e-08,-0.00750011
2.725694e-08,-0.00964217
2.730694e-08,-0.00491864
2.735694e-08,-0.00104644
2.740694e-08,0.00117801
2.745694e-08,0.00213919
2.750694e-08,0.00156248
2.755694e-08,-0.00321597
2.760694e-08,-0.0111801
2.765694e-08,-0.0147227
2.770694e-08,-0.017414
2.775694e-08,-0.0210391
2.780694e-08,-0.0211489
2.785694e-08,-0.0197483
2.790694e-08,-0.0222199
2.795694e-08,-0.0300193
2.800694e-08,-0.0315297
2.805694e-08,-0.0226868
2.810694e-08,-0.0141735
2.815694e-08,-0.00934009
2.820694e-08,-0.00931262
2.825694e-08,-0.0104111
2.830694e-08,-0.0106308
2.835694e-08,-0.0158487
2.840694e-08,-0.0207919
2.845694e-08,-0.0187871
2.850694e-08,-0.0150523
2.855694e-08,-0.0131024
2.860694e-08,-0.0141185
2.865694e-08,-0.0198856
2.870694e-08,-0.0235107
2.875694e-08,-0.0237853
2.880694e-08,-0.024362
2.885694e-08,-0.0157114
2.890694e-08,-0.000661971
2.895694e-08,0.00109562
2.900694e-08,-0.00533058
2.905694e-08,-0.00332582
2.910694e-08,-0.00129361
2.915694e-08,-0.00725294
2.920694e-08,-0.0148051
2.925694e-08,-0.015574
2.930694e-08,-0.00420462
2.935694e-08,0.00851047
2.940694e-08,0.00664302
2.945694e-08,-0.00406731
2.950694e-08,-0.0151896
2.955694e-08,-0.0299918
2.960694e-08,-0.0373517
2.965694e-08,-0.0358962
2.970694e-08,-0.0401803
2.975694e-08,-0.0392741
2.980694e-08,-0.0279596
2.985694e-08,-0.022934
2.990694e-08,-0.0246641
2.995694e-08,-0.0241423
3.000694e-08,-0.0228241
3.005694e-08,-0.0201328
3.010694e-08,-0.0135693
3.015694e-08,-0.0124159
3.020694e-08,-0.0138988
3.025694e-08,-0.0034906
3.030694e-08,0.00554453
3.035694e-08,-0.00134853
3.040694e-08,-0.00711563
3.045694e-08,-0.00659385
3.050694e-08,-0.0100541
3.055694e-08,-0.0047264
3.060694e-08,0.0082633
3.065694e-08,0.0145797
3.070694e-08,0.0243837
3.075694e-08,0.0341054
3.080694e-08,0.0318535
3.085694e-08,0.0219396
3.090694e-08,0.0101307
3.095694e-08,0.00760421
3.100694e-08,0.00623109
3.105694e-08,-0.00181539
3.110694e-08,0.00400663
3.115694e-08,0.0166119
3.120694e-08,0.0174632
3.125694e-08,0.0184244
3.130694e-08,0.027075
3.135694e-08,0.0333914
3.140694e-08,0.0311669
3.145694e-08,0.025647
3.150694e-08,0.0217748
3.155694e-08,0.0230381
3.160694e-08,0.0250703
3.165694e-08,0.0184793
3.170694e-08,0.00919703
3.175694e-08,0.00244128
3.180694e-08,-0.00423208
3.185694e-08,-0.00664877
3.190694e-08,-0.00236464
3.195694e-08,0.00123293
3.200694e-08,0.00191949
3.205694e-08,0.0052699
3.210694e-08,0.0063684
3.215694e-08,0.000683686
3.220694e-08,-0.00555028
3.225694e-08,-0.0114272
3.230694e-08,-0.0164254
3.235694e-08,-0.0194188
3.240694e-08,-0.0209567
3.245694e-08,-0.0119215
3.250694e-08,0.00255113
3.255694e-08,0.000875923
3.260694e-08,-0.00461655
3.265694e-08,0.0100209
3.270694e-08,0.0233402
3.275694e-08,0.0140853
3.280694e-08,0.0052699
3.285694e-08,0.00823584
3.290694e-08,0.00510513
3.295694e-08,-0.000854208
3.300694e-08,-0.00439686
3.305694e-08,-0.0186773
3.310694e-08,-0.0351547
3.315694e-08,-0.040812
3.320694e-08,-0.0398783
3.325694e-08,-0.0357314
3.330694e-08,-0.0331225
3.335694e-08,-0.0293876
3.340694e-08,-0.0182654
3.345694e-08,-0.0128278
3.350694e-08,-0.0189245
3.355694e-08,-0.0211764
3.360694e-08,-0.0198856
3.365694e-08,-0.0226319
3.370694e-08,-0.0202701
3.375694e-08,-0.0147776
3.380694e-08,-0.0184576
3.385694e-08,-0.0253507
3.390694e-08,-0.0270808
3.395694e-08,-0.0257077
3.400694e-08,-0.0282067
3.405694e-08,-0.037846
3.410694e-08,-0.0412239
3.415694e-08,-0.0351547
3.420694e-08,-0.040455
3.425694e-08,-0.0541862
3.430694e-08,-0.0531151
3.435694e-08,-0.0421027
3.440694e-08,-0.0366377
3.445694e-08,-0.0301017
3.450694e-08,-0.0129651
3.455694e-08,0.00469319
3.460694e-08,0.0119982
3.465694e-08,0.00785137
3.470694e-08,-0.0019527
3.475694e-08,-0.00414969
3.480694e-08,-0.00478133
3.485694e-08,-0.0154093
3.490694e-08,-0.0270259
3.495694e-08,-0.0348252
3.500694e-08,-0.0346055
3.505694e-08,-0.0245542
3.510694e-08,-0.0151346
3.515694e-08,-0.00964217
3.520694e-08,-0.00944993
3.525694e-08,-0.0121687
3.530694e-08,-0.0115645
3.535694e-08,-0.0135144
3.540694e-08,-0.0153818
3.545694e-08,-0.0124708
3.550694e-08,-0.0167549
3.555694e-08,-0.0274103
3.560694e-08,-0.0330951
3.565694e-08,-0.035704
3.570694e-08,-0.036418
3.575694e-08,-0.0343034
3.580694e-08,-0.0358962
3.585694e-08,-0.0371046
3.590694e-08,-0.036061
3.595694e-08,-0.0406472
3.600694e-08,-0.0453982
3.605694e-08,-0.0485015
3.610694e-08,-0.0515223
3.615694e-08,-0.0527307
3.620694e-08,-0.055065
3.625694e-08,-0.0524286
3.630694e-08,-0.0475128
3.635694e-08,-0.0528405
3.640694e-08,-0.057921
3.645694e-08,-0.0514949
3.650694e-08,-0.0452609
3.655694e-08,-0.0436406
3.660694e-08,-0.0385051
3.665694e-08,-0.0375714
3.670694e-08,-0.0478698
3.675694e-08,-0.0527581
3.680694e-08,-0.0467713
3.685694e-08,-0.0434758
3.690694e-08,-0.0445743
3.695694e-08,-0.0453707
3.700694e-08,-0.0437779
3.705694e-08,-0.0437505
3.710694e-08,-0.0508083
3.715694e-08,-0.0527856
3.720694e-08,-0.0417732
3.725694e-08,-0.0332049
3.730694e-08,-0.033507
3.735694e-08,-0.0347153
3.740694e-08,-0.0386974
3.745694e-08,-0.0404
3.750694e-08,-0.0315846
3.755694e-08,-0.030184
3.760694e-08,-0.0434209
3.765694e-08,-0.053939
3.770694e-08,-0.0551199
3.775694e-08,-0.0495176
3.780694e-08,-0.04776
3.785694e-08,-0.0552023
3.790694e-08,-0.0569049
3.795694e-08,-0.0559163
3.800694e-08,-0.0610792
3.805694e-08,-0.0605574
3.810694e-08,-0.060173
3.815694e-08,-0.0655281
3.820694e-08,-0.0614912
3.825694e-08,-0.0535545
3.830694e-08,-0.0562733
3.835694e-08,-0.05685
3.840694e-08,-0.0435033
3.845694e-08,-0.0334521
3.850694e-08,-0.0392741
3.855694e-08,-0.0465516
3.860694e-08,-0.0447391
3.865694e-08,-0.0413887
3.870694e-08,-0.0437779
3.875694e-08,-0.0489408
3.880694e-08,-0.0479797
3.885694e-08,-0.0449313
3.890694e-08,-0.0492979
3.895694e-08,-0.0531975
3.900694e-08,-0.0493528
3.905694e-08,-0.0477874
3.910694e-08,-0.049545
3.915694e-08,-0.0426794
3.920694e-08,-0.0357314
3.925694e-08,-0.0374616
3.930694e-08,-0.0379559
3.935694e-08,-0.0398783
3.940694e-08,-0.0460024
3.945694e-08,-0.0447116
3.950694e-08,-0.0408394
3.955694e-08,-0.0450687
3.960694e-08,-0.0494077
3.965694e-08,-0.0463045
3.970694e-08,-0.0434758
3.975694e-08,-0.0453158
3.980694e-08,-0.0405099
3.985694e-08,-0.0348526
3.990694e-08,-0.0425421
3.995694e-08,-0.0500943
4.000694e-08,-0.0539939
4.005694e-08,-0.060887
4.010694e-08,-0.0616559
4.015694e-08,-0.0580858
4.020694e-08,-0.0516871
4.025694e-08,-0.0428442
4.030694e-08,-0.0469636
4.035694e-08,-0.055065
4.040694e-08,-0.0562733
4.045694e-08,-0.0620129
4.050694e-08,-0.062727
4.055694e-08,-0.0581407
4.060694e-08,-0.0593216
4.065694e-08,-0.0536644
4.070694e-08,-0.0508632
4.075694e-08,-0.0620679
4.080694e-08,-0.0619306
4.085694e-08,-0.0500943
4.090694e-08,-0.0433934
4.095694e-08,-0.0407296
4.100694e-08,-0.0458101
4.105694e-08,-0.0533898
4.110694e-08,-0.0550924
4.115694e-08,-0.0520441
4.120694e-08,-0.044849
4.125694e-08,-0.0434484
4.130694e-08,-0.0514399
4.135694e-08,-0.0551199
4.140694e-08,-0.0488585
4.145694e-08,-0.0420203
4.150694e-08,-0.0383404
4.155694e-08,-0.0369672
4.160694e-08,-0.0388622
4.165694e-08,-0.0385601
4.170694e-08,-0.0358413
4.175694e-08,-0.0350723
4.180694e-08,-0.0339464
4.185694e-08,-0.0316395
4.190694e-08,-0.0341112
4.195694e-08,-0.0421851
4.200694e-08,-0.0469636
4.205694e-08,-0.0500668
4.210694e-08,-0.0604201
4.215694e-08,-0.0750301
4.220694e-08,-0.0809071
4.225694e-08,-0.0795889
4.230694e-08,-0.0835709
4.235694e-08,-0.0780784
4.240694e-08,-0.0582231
4.245694e-08,-0.0475403
4.250694e-08,-0.0473206
4.255694e-08,-0.0524835
4.260694e-08,-0.0593766
4.265694e-08,-0.0565205
4.270694e-08,-0.0516322
4.275694e-08,-0.0511378
4.280694e-08,-0.0461122
4.285694e-08,-0.038972
4.290694e-08,-0.0428717
4.295694e-08,-0.052813
4.300694e-08,-0.051028
4.305694e-08,-0.0446293
4.310694e-08,-0.0484465
4.315694e-08,-0.0602279
4.320694e-08,-0.0631389
4.325694e-08,-0.0518793
4.330694e-08,-0.0461946
4.335694e-08,-0.045563
4.340694e-08,-0.045206
4.345694e-08,-0.0544883
4.350694e-08,-0.057921
4.355694e-08,-0.0453982
4.360694e-08,-0.0311452
4.365694e-08,-0.0248838
4.370694e-08,-0.0297996
4.375694e-08,-0.0343858
4.380694e-08,-0.0294151
4.385694e-08,-0.0243071
4.390694e-08,-0.0257077
4.395694e-08,-0.0281244
4.400694e-08,-0.0284264
4.405694e-08,-0.0359511
4.410694e-08,-0.0464418
4.415694e-08,-0.0496823
4.420694e-08,-0.0505611
4.425694e-08,-0.0465516
4.430694e-08,-0.0368574
4.435694e-08,-0.0330127
4.440694e-08,-0.0375714
4.445694e-08,-0.0443546
4.450694e-08,-0.0506984
4.455694e-08,-0.0553396
4.460694e-08,-0.0527032
4.465694e-08,-0.0450412
4.470694e-08,-0.0417732
4.475694e-08,-0.0393839
4.480694e-08,-0.0340288
4.485694e-08,-0.0335894
4.490694e-08,-0.0380657
4.495694e-08,-0.0383404
4.500694e-08,-0.034578
4.505694e-08,-0.0340013
4.510694e-08,-0.0380108
4.515694e-08,-0.0401529
4.520694e-08,-0.03499
4.525694e-08,-0.0322712
4.530694e-08,-0.0362532
4.535694e-08,-0.0353744
4.540694e-08,-0.0325458
4.545694e-08,-0.0294975
4.550694e-08,-0.0196385
4.555694e-08,-0.0138714
4.560694e-08,-0.0114272
4.565694e-08,-0.00302374
4.570694e-08,-0.00365537
4.575694e-08,-0.0128278
4.580694e-08,-0.0160958
4.585694e-08,-0.0207644
4.590694e-08,-0.0257626
4.595694e-08,-0.021808
4.600694e-08,-0.0195836
4.605694e-08,-0.0226593
4.610694e-08,-0.0149424
4.615694e-08,-0.00442432
4.620694e-08,-0.00953232
4.625694e-08,-0.0197758
4.630694e-08,-0.0284264
4.635694e-08,-0.0366102
4.640694e-08,-0.0358688
4.645694e-08,-0.0279596
4.650694e-08,-0.0233184
4.655694e-08,-0.0219728
4.660694e-08,-0.0188695
4.665694e-08,-0.0183203
4.670694e-08,-0.0229889
4.675694e-08,-0.0288109
4.680694e-08,-0.0356216
4.685694e-08,-0.0468812
4.690694e-08,-0.0552023
4.695694e-08,-0.050671
4.700694e-08,-0.0460298
4.705694e-08,-0.0467164
4.710694e-08,-0.0435857
4.715694e-08,-0.0433934
4.720694e-08,-0.0498746
4.725694e-08,-0.0552297
4.730694e-08,-0.0566852
4.735694e-08,-0.0553945
4.740694e-08,-0.0533623
4.745694e-08,-0.050671
4.750694e-08,-0.0389995
4.755694e-08,-0.022165
4.760694e-08,-0.017469
4.765694e-08,-0.0124983
4.770694e-08,0.00801614
4.775694e-08,0.0186441
4.780694e-08,0.00834569
4.785694e-08,-0.00258434
4.790694e-08,-0.00807682
4.795694e-08,-0.010466
4.800694e-08,-0.00934009
4.805694e-08,-0.00953232
4.810694e-08,-0.0168099
4.815694e-08,-0.0288109
4.820694e-08,-0.0307333
4.825694e-08,-0.0218904
4.830694e-08,-0.0201603
4.835694e-08,-0.0263393
4.840694e-08,-0.0347153
4.845694e-08,-0.0388896
4.850694e-08,-0.0313924
4.855694e-08,-0.0235931
4.860694e-08,-0.0233734
4.865694e-08,-0.0243071
4.870694e-08,-0.0207095
4.875694e-08,-0.0215883
4.880694e-08,-0.0316395
4.885694e-08,-0.0322986
4.890694e-08,-0.02763
4.895694e-08,-0.0324909
4.900694e-08,-0.0341661
4.905694e-08,-0.030184
4.910694e-08,-0.031667
4.915694e-08,-0.0398783
4.920694e-08,-0.0473755
4.925694e-08,-0.0432836
4.930694e-08,-0.0367475
4.935694e-08,-0.0390544
4.940694e-08,-0.0407021
4.945694e-08,-0.0394938
4.950694e-08,-0.0380932
4.955694e-08,-0.0362258
4.960694e-08,-0.0402353
4.965694e-08,-0.0469361
4.970694e-08,-0.0440251
4.975694e-08,-0.0360885
4.980694e-08,-0.0356491
4.985694e-08,-0.0386974
4.990694e-08,-0.0372693
4.995694e-08,-0.033507
5.000694e-08,-0.0265315
5.005694e-08,-0.0149973
5.010694e-08,-0.00980695
5.015694e-08,-0.013075
5.020694e-08,-0.0120039
5.025694e-08,-0.00769234
5.030694e-08,-0.0107407
5.035694e-08,-0.0172767
5.040694e-08,-0.0190618
5.045694e-08,-0.0220277
5.050694e-08,-0.0330676
5.055694e-08,-0.0454806
5.060694e-08,-0.0510555
5.065694e-08,-0.0539939
5.070694e-08,-0.0585801
5.075694e-08,-0.0544608
5.080694e-08,-0.0428717
5.085694e-08,-0.0371046
5.090694e-08,-0.0358688
5.095694e-08,-0.0388896
5.100694e-08,-0.0413887
5.105694e-08,-0.032738
5.110694e-08,-0.0254056
5.115694e-08,-0.02763
5.120694e-08,-0.0285912
5.125694e-08,-0.0255978
5.130694e-08,-0.0176887
5.135694e-08,-0.00796697
5.140694e-08,-0.0058249
5.145694e-08,-0.00760996
5.150694e-08,-0.00865353
5.155694e-08,-0.0107956
5.160694e-08,-0.010878
5.165694e-08,-0.0100816
5.170694e-08,-0.00758249
5.175694e-08,0.000518912
5.180694e-08,0.0068078
5.185694e-08,0.0118883
5.190694e-08,0.0165844
5.195694e-08,0.00933434
5.200694e-08,-0.0034906
5.205694e-08,-0.00656638
5.210694e-08,-0.00145838
5.215694e-08,-0.00192524
5.220694e-08,-0.015217
5.225694e-08,-0.0244169
5.230694e-08,-0.0189245
5.235694e-08,-0.0153543
5.240694e-08,-0.018128
5.245694e-08,-0.0199955
5.250694e-08,-0.0299918
5.255694e-08,-0.0452884
5.260694e-08,-0.0469086
5.265694e-08,-0.0405648
5.270694e-08,-0.0429815
5.275694e-08,-0.0446842
5.280694e-08,-0.0319142
5.285694e-08,-0.0193913
5.290694e-08,-0.0213137
5.295694e-08,-0.0253781
5.300694e-08,-0.0185125
5.305694e-08,-0.00840636
5.310694e-08,-0.0101914
5.315694e-08,-0.0190343
5.320694e-08,-0.0236205
5.325694e-08,-0.02763
5.330694e-08,-0.0303213
5.335694e-08,-0.0320515
5.340694e-08,-0.0359511
5.345694e-08,-0.0318867
5.350694e-08,-0.0227692
5.355694e-08,-0.0184301
5.360694e-08,-0.0135693
5.365694e-08,-0.00571505
5.370694e-08,0.00112308
5.375694e-08,0.00370455
5.380694e-08,0.000711148
5.385694e-08,-0.00826905
5.390694e-08,-0.0181555
5.395694e-08,-0.0214235
5.400694e-08,-0.0191167
5.405694e-08,-0.0154642
5.410694e-08,-0.0176337
5.415694e-08,-0.0285363
5.420694e-08,-0.0332598
5.425694e-08,-0.0211214
5.430694e-08,-0.00980695
5.435694e-08,-0.0166725
5.440694e-08,-0.0238952
5.445694e-08,-0.017771
5.450694e-08,-0.013789
5.455694e-08,-0.0151346
5.460694e-08,-0.0121412
5.465694e-08,-0.00417716
5.470694e-08,-0.00247449
5.475694e-08,-0.0113723
5.480694e-08,-0.0202152
5.485694e-08,-0.028042
5.490694e-08,-0.0369947
5.495694e-08,-0.0404275
5.500694e-08,-0.0363356
5.505694e-08,-0.0389445
5.510694e-08,-0.0492979
5.515694e-08,-0.0464692
5.520694e-08,-0.0342485
5.525694e-08,-0.0274103
5.530694e-08,-0.0238677
5.535694e-08,-0.0229065
5.540694e-08,-0.0237304
5.545694e-08,-0.0224946
5.550694e-08,-0.0224671
5.555694e-08,-0.0261196
5.560694e-08,-0.0299918
5.565694e-08,-0.0266414
5.570694e-08,-0.0198033
5.575694e-08,-0.0212862
5.580694e-08,-0.0157663
5.585694e-08,0.00386932
5.590694e-08,0.00867524
5.595694e-08,0.000573836
5.600694e-08,-0.00236464
5.605694e-08,-0.0150797
5.610694e-08,-0.0322712
5.615694e-08,-0.03499
5.620694e-08,-0.0355392
5.625694e-08,-0.0322712
5.630694e-08,-0.0168099
5.635694e-08,-0.0117842
5.640694e-08,-0.0143932
5.645694e-08,-0.00241956
5.650694e-08,0.00639586
5.655694e-08,-0.000634509
5.660694e-08,-0.00914785
5.665694e-08,-0.0173316
5.670694e-08,-0.0251859
5.675694e-08,-0.0262569
5.680694e-08,-0.0188695
5.685694e-08,-0.00851621
5.690694e-08,-0.00530311
5.695694e-08,-0.00999918
5.700694e-08,-0.0168648
5.705694e-08,-0.0186773
5.710694e-08,-0.0120863
5.715694e-08,-0.0125532
5.720694e-08,-0.0217805
5.725694e-08,-0.0190892
5.730694e-08,-0.013432
5.735694e-08,-0.0195286
5.740694e-08,-0.0242247
5.745694e-08,-0.0253232
5.750694e-08,-0.0299643
5.755694e-08,-0.0346879
5.760694e-08,-0.0372419
5.765694e-08,-0.0363631
5.770694e-08,-0.0293876
5.775694e-08,-0.0211214
5.780694e-08,-0.0157937
5.785694e-08,-0.0115096
5.790694e-08,-0.013075
5.795694e-08,-0.0170845
5.800694e-08,-0.0160409
5.805694e-08,-0.0111251
5.810694e-08,-0.00187032
5.815694e-08,0.000161901
5.820694e-08,-0.00480879
5.825694e-08,-0.00247449
5.830694e-08,-0.00373776
5.835694e-08,-0.0120039
5.840694e-08,-0.0169746
5.845694e-08,-0.0254605
5.850694e-08,-0.0397135
5.855694e-08,-0.0475403
5.860694e-08,-0.0437505
5.865694e-08,-0.0400705
5.870694e-08,-0.045151
5.875694e-08,-0.0467713
5.880694e-08,-0.0364455
5.885694e-08,-0.0241698
5.890694e-08,-0.0253781
5.895694e-08,-0.0364729
5.900694e-08,-0.0326557
5.905694e-08,-0.0188146
5.910694e-08,-0.0192265
5.915694e-08,-0.0213411
5.920694e-08,-0.0177985
5.925694e-08,-0.0222474
5.930694e-08,-0.0247465
5.935694e-08,-0.0206546
5.940694e-08,-0.0172767
5.945694e-08,-0.0114822
5.950694e-08,-0.00642907
5.955694e-08,-0.00656638
5.960694e-08,-0.0104111
5.965694e-08,-0.0151346
5.970694e-08,-0.022879
5.975694e-08,-0.0301291
5.980694e-08,-0.026202
5.985694e-08,-0.0189794
5.990694e-08,-0.0196385
5.995694e-08,-0.0245542
6.000694e-08,-0.0244993
6.005694e-08,-0.020023
6.010694e-08,-0.022934
6.015694e-08,-0.0265041
6.020694e-08,-0.0191991
6.025694e-08,-0.0133771
6.030694e-08,-0.0137615
6.035694e-08,-0.00821413
6.040694e-08,-3.03361e-05
6.045694e-08,0.0010407
6.050694e-08,-0.00132107
6.055694e-08,-0.00233718
6.060694e-08,-0.00019511
6.065694e-08,0.000491449
6.070694e-08,-0.010164
6.075694e-08,-0.0254056
6.080694e-08,-0.0337816
6.085694e-08,-0.0359237
6.090694e-08,-0.0374616
6.095694e-08,-0.0399332
6.100694e-08,-0.0365553
6.105694e-08,-0.0282067
6.110694e-08,-0.0201877
6.115694e-08,-0.0116195
6.120694e-08,-0.00263926
6.125694e-08,0.00606631
6.130694e-08,0.00812599
6.135694e-08,0.000930848
6.140694e-08,-0.00544043
6.145694e-08,-0.00409477
6.150694e-08,0.000546374
6.155694e-08,0.00027175
6.160694e-08,-0.00357298
6.165694e-08,-0.00431447
6.170694e-08,0.00255113
6.175694e-08,0.0132065
6.180694e-08,0.0150191
6.185694e-08,0.011751
6.190694e-08,0.0117236
6.195694e-08,0.00373201
6.200694e-08,-0.012306
6.205694e-08,-0.0205447
6.210694e-08,-0.0229065
6.215694e-08,-0.0289757
6.220694e-08,-0.0319691
6.225694e-08,-0.028042
6.230694e-08,-0.0326007
6.235694e-08,-0.0460024
6.240694e-08,-0.0486662
6.245694e-08,-0.0392741
6.250694e-08,-0.0315022
6.255694e-08,-0.0350174
6.260694e-08,-0.0414985
6.265694e-08,-0.0333147
6.270694e-08,-0.0221925
6.275694e-08,-0.0254056
6.280694e-08,-0.0281793
6.285694e-08,-0.0201603
6.290694e-08,-0.0155466
6.295694e-08,-0.0204624
6.300694e-08,-0.0277124
6.305694e-08,-0.0331225
6.310694e-08,-0.0313375
6.315694e-08,-0.0227417
6.320694e-08,-0.0181006
6.325694e-08,-0.0242522
6.330694e-08,-0.0330951
6.335694e-08,-0.0340013
6.340694e-08,-0.0326557
6.345694e-08,-0.0328479
6.350694e-08,-0.0344132
6.355694e-08,-0.0440525
6.360694e-08,-0.0483916
6.365694e-08,-0.035292
6.370694e-08,-0.0226868
6.375694e-08,-0.0149424
6.380694e-08,-0.00332582
6.385694e-08,0.00430872
6.390694e-08,0.00172726
6.395694e-08,-0.0110702
6.400694e-08,-0.0237853
6.405694e-08,-0.0202152
6.410694e-08,-0.0132123
6.415694e-08,-0.0195012
6.420694e-08,-0.0272456
6.425694e-08,-0.0261196
6.430694e-08,-0.0219179
6.435694e-08,-0.0224671
6.440694e-08,-0.025131
6.445694e-08,-0.0226044
6.450694e-08,-0.0168099
6.455694e-08,-0.0177985
6.460694e-08,-0.0227692
6.465694e-08,-0.0178534
6.470694e-08,-0.00953232
6.475694e-08,-0.0122786
6.480694e-08,-0.0166451
6.485694e-08,-0.0153543
6.490694e-08,-0.0260647
6.495694e-08,-0.0460573
6.500694e-08,-0.0489134
6.505694e-08,-0.0329852
6.510694e-08,-0.019611
6.515694e-08,-0.017414
6.520694e-08,-0.0143657
6.525694e-08,-0.0067037
6.530694e-08,-0.00354552
6.535694e-08,-0.00832398
6.540694e-08,-0.0168648
6.545694e-08,-0.0201877
6.550694e-08,-0.0218904
6.555694e-08,-0.0314473
6.560694e-08,-0.033507
6.565694e-08,-0.0207919
6.570694e-08,-0.00923024
6.575694e-08,-0.00211748
6.580694e-08,-0.00214494
6.585694e-08,-0.00796697
6.590694e-08,-0.00346313
6.595694e-08,0.00430872
6.600694e-08,0.00222158
6.605694e-08,0.000409062
6.610694e-08,-0.00299627
6.615694e-08,-0.0175513
6.620694e-08,-0.0286187
6.625694e-08,-0.0240325
6.630694e-08,-0.0211764
6.635694e-08,-0.0283715
6.640694e-08,-0.0313649
6.645694e-08,-0.0298545
6.650694e-08,-0.0259548
6.655694e-08,-0.0174964
6.660694e-08,-0.0115096
6.665694e-08,-0.00936755
6.670694e-08,-0.00936755
6.675694e-08,-0.0106034
6.680694e-08,-0.00758249
6.685694e-08,-0.00640161
6.690694e-08,-0.0147776
6.695694e-08,-0.0219728
6.700694e-08,-0.0201877
6.705694e-08,-0.0106308
6.710694e-08,0.00312784
6.715694e-08,0.00708242
6.720694e-08,-0.000442272
6.725694e-08,-0.00730787
6.730694e-08,-0.0137066
6.735694e-08,-0.0213961
6.740694e-08,-0.0263118
6.745694e-08,-0.0292229
6.750694e-08,-0.0349076
6.755694e-08,-0.0365278
6.760694e-08,-0.0295249
6.765694e-08,-0.01854
6.770694e-08,-0.0047264
6.775694e-08,0.00189203
6.780694e-08,-0.00209002
6.785694e-08,-0.00747264
6.790694e-08,-0.00920277
6.795694e-08,-0.00739026
6.800694e-08,-0.011235
6.805694e-08,-0.0157388
6.810694e-08,-0.00912039
6.815694e-08,-0.0019527
6.820694e-08,-0.00129361
6.825694e-08,-0.00450671
6.830694e-08,-0.00879084
6.835694e-08,-0.00846129
6.840694e-08,-0.00939501
6.845694e-08,-0.0158761
6.850694e-08,-0.0145579
6.855694e-08,-0.00846129
6.860694e-08,-0.00843383
6.865694e-08,-0.00615445
6.870694e-08,-0.00807682
6.875694e-08,-0.0180457
6.880694e-08,-0.0168373
6.885694e-08,-0.0107407
6.890694e-08,-0.0136791
6.895694e-08,-0.0172218
6.900694e-08,-0.015986
6.905694e-08,-0.0114547
6.910694e-08,-0.0108505
6.915694e-08,-0.00901054
6.920694e-08,0.00235889
6.925694e-08,-0.00165062
6.930694e-08,-0.017057
6.935694e-08,-0.0124708
6.940694e-08,-0.00513834
6.945694e-08,-0.00953232
6.950694e-08,-0.010878
6.955694e-08,-0.0113448
6.960694e-08,-0.0162057
6.965694e-08,-0.0199955
6.970694e-08,-0.0236205
6.975694e-08,-0.0226593
6.980694e-08,-0.0119765
6.985694e-08,-0.00780219
6.990694e-08,-0.00717056
6.995694e-08,0.000518912
7.000694e-08,-0.0021724
7.005694e-08,-0.00928516
7.010694e-08,-0.00868099
7.015694e-08,-0.015217
7.020694e-08,-0.025488
7.025694e-08,-0.0235931
7.030694e-08,-0.014915
7.035694e-08,-0.0134869
7.040694e-08,-0.0179358
7.045694e-08,-0.0211764
7.050694e-08,-0.0264766
7.055694e-08,-0.0291405
7.060694e-08,-0.0188695
7.065694e-08,-0.0081592
7.070694e-08,-0.0183752
7.075694e-08,-0.0377911
7.080694e-08,-0.0373517
7.085694e-08,-0.0248838
7.090694e-08,-0.0221376
7.095694e-08,-0.0249936
7.100694e-08,-0.0271357
7.105694e-08,-0.0261745
7.110694e-08,-0.0263942
7.115694e-08,-0.0345231
7.120694e-08,-0.034935
7.125694e-08,-0.0227967
7.130694e-08,-0.0137341
7.135694e-08,-0.0108505
7.140694e-08,-0.00975202
7.145694e-08,-0.00733533
7.150694e-08,-0.00824159
7.155694e-08,-0.014146
7.160694e-08,-0.0138165
7.165694e-08,-0.00895561
7.170694e-08,-0.00684101
7.175694e-08,-0.00758249
7.180694e-08,-0.00642907
7.185694e-08,-0.00148584
7.190694e-08,-0.00615445
7.195694e-08,-0.0186224
7.200694e-08,-0.0258999
7.205694e-08,-0.0292229
7.210694e-08,-0.0279047
7.215694e-08,-0.0268886
7.220694e-08,-0.0339738
7.225694e-08,-0.035347
7.230694e-08,-0.0255704
7.235694e-08,-0.0190343
7.240694e-08,-0.0151072
7.245694e-08,-0.00944993
7.250694e-08,-0.00747264
7.255694e-08,-0.0103287
7.260694e-08,-0.0162057
7.265694e-08,-0.0196385
7.270694e-08,-0.0156564
7.275694e-08,-0.00890069
7.280694e-08,0.00222158
7.285694e-08,0.0225987
7.290694e-08,0.0321556
7.295694e-08,0.0144698
7.300694e-08,-0.00851621
7.305694e-08,-0.0243895
7.310694e-08,-0.0412514
7.315694e-08,-0.0544059
7.320694e-08,-0.0616285
7.325694e-08,-0.0603103
7.330694e-08,-0.0496549
7.335694e-08,-0.0416084
7.340694e-08,-0.036418
7.345694e-08,-0.032436
7.350694e-08,-0.032738
7.355694e-08,-0.0312825
7.360694e-08,-0.0234832
7.365694e-08,-0.0161233
7.370694e-08,-0.0129651
7.375694e-08,-0.00739026
7.380694e-08,-0.000414809
7.385694e-08,0.00304545
7.390694e-08,0.00222158
7.395694e-08,-0.00480879
7.400694e-08,-0.0129102
7.405694e-08,-0.0165352
7.410694e-08,-0.0218355
7.415694e-08,-0.0290855
7.420694e-08,-0.0342485
7.425694e-08,-0.0381481
7.430694e-08,-0.0359786
7.435694e-08,-0.0332049
7.440694e-08,-0.0358962
7.445694e-08,-0.0382305
7.450694e-08,-0.0340013
7.455694e-08,-0.0212862
7.460694e-08,-0.018183
7.465694e-08,-0.0223298
7.470694e-08,-0.0085986
7.475694e-08,0.00524244
7.480694e-08,0.000628761
7.485694e-08,0.00301799
7.490694e-08,0.0182047
7.495694e-08,0.0178751
7.500694e-08,0.00430872
7.505694e-08,0.00208427
7.510694e-08,0.00257859
7.515694e-08,-0.00546789
7.520694e-08,-0.0104386
7.525694e-08,-0.0131574
7.530694e-08,-0.0183203
7.535694e-08,-0.02038
7.540694e-08,-0.0176612
7.545694e-08,-0.0109054
7.550694e-08,-0.0077198
7.555694e-08,-0.013789
7.560694e-08,-0.0206271
7.565694e-08,-0.0246641
7.570694e-08,-0.0266689
7.575694e-08,-0.0233734
7.580694e-08,-0.0179358
7.585694e-08,-0.0161508
7.590694e-08,-0.0181555
7.595694e-08,-0.0216432
7.600694e-08,-0.0246366
7.605694e-08,-0.0290855
7.610694e-08,-0.0354843
7.615694e-08,-0.0371046
7.620694e-08,-0.0344407
7.625694e-08,-0.0295249
7.630694e-08,-0.0171119
7.635694e-08,-0.00340821
7.640694e-08,0.00153502
7.645694e-08,0.00441857
7.650694e-08,0.00952657
7.655694e-08,0.00900479
7.660694e-08,0.00513259
7.665694e-08,0.0074669
7.670694e-08,0.00881255
7.675694e-08,-0.00118376
7.680694e-08,-0.00909292
7.685694e-08,-0.00563266
7.690694e-08,-0.00428701
7.695694e-08,-0.0110153
7.700694e-08,-0.0221101
7.705694e-08,-0.0342759
7.710694e-08,-0.0393839
7.715694e-08,-0.0338365
7.720694e-08,-0.0261196
7.725694e-08,-0.0219453
7.730694e-08,-0.0171943
7.735694e-08,-0.00977948
7.740694e-08,-0.00288642
7.745694e-08,-0.00187032
7.750694e-08,-0.00478133
7.755694e-08,-0.00329836
7.760694e-08,-0.0015133
7.765694e-08,-0.0105484
7.770694e-08,-0.0213137
7.775694e-08,-0.0197758
7.780694e-08,-0.014146
7.785694e-08,-0.00840636
7.790694e-08,-0.000112723
7.795694e-08,0.00793376
7.800694e-08,0.0130692
7.805694e-08,0.00219412
7.810694e-08,-0.0206821
7.815694e-08,-0.028756
7.820694e-08,-0.0157114
7.825694e-08,-0.00294135
7.830694e-08,-0.00846129
7.835694e-08,-0.0201877
7.840694e-08,-0.0190892
7.845694e-08,-0.00612699
7.850694e-08,0.000354137
7.855694e-08,-0.00623684
7.860694e-08,-0.00725294
7.865694e-08,-0.00269419
7.870694e-08,-0.00423208
7.875694e-08,-0.00923024
7.880694e-08,-0.0180457
7.885694e-08,-0.0209018
7.890694e-08,-0.0112899
7.895694e-08,-0.00373776
7.900694e-08,5.20511e-05
7.905694e-08,0.000518912
7.910694e-08,-0.0105759
7.915694e-08,-0.0230164
7.920694e-08,-0.0262295
7.925694e-08,-0.0329577
7.930694e-08,-0.0462495
7.935694e-08,-0.0464143
7.940694e-08,-0.0299369
7.945694e-08,-0.0156015
7.950694e-08,-0.0110153
7.955694e-08,-0.00917531
7.960694e-08,-0.0121412
7.965694e-08,-0.0158212
7.970694e-08,-0.0132397
7.975694e-08,-0.0172493
7.980694e-08,-0.0227143
7.985694e-08,-0.0186224
7.990694e-08,-0.0193089
7.995694e-08,-0.0281793
8.000694e-08,-0.0312551
8.005694e-08,-0.0239775
8.010694e-08,-0.0175513
8.015694e-08,-0.0176612
8.020694e-08,-0.0146953
8.025694e-08,-0.00447924
8.030694e-08,0.00628601
8.035694e-08,0.0107349
8.040694e-08,0.00757675
8.045694e-08,-0.00236464
8.050694e-08,-0.0114547
8.055694e-08,-0.00802189
8.060694e-08,-0.00088167
8.065694e-08,-0.00233718
8.070694e-08,-0.00719802
8.075694e-08,-0.00697832
8.080694e-08,-0.000579584
8.085694e-08,0.00617616
8.090694e-08,0.012163
8.095694e-08,0.0151838
8.100694e-08,0.00949911
8.105694e-08,-0.00170554
8.110694e-08,-0.00675862
8.115694e-08,0.00169979
8.120694e-08,0.00897733
8.125694e-08,0.00480304
8.130694e-08,0.00689019
8.135694e-08,0.0165295
8.140694e-08,0.0151014
8.145694e-08,0.00419887
8.150694e-08,-0.00596221
8.155694e-08,-0.0113998
8.160694e-08,-0.0136242
8.165694e-08,-0.0163705
8.170694e-08,-0.0210116
8.175694e-08,-0.0251584
8.180694e-08,-0.0201603
8.185694e-08,-0.0107956
8.190694e-08,-0.0127454
8.195694e-08,-0.0194737
8.200694e-08,-0.0189794
8.205694e-08,-0.0184027
8.210694e-08,-0.019254
8.215694e-08,-0.021094
8.220694e-08,-0.0237304
8.225694e-08,-0.0182654
8.230694e-08,-0.0126356
8.235694e-08,-0.0137066
8.240694e-08,-0.0127454
8.245694e-08,-0.010109
8.250694e-08,-0.0140636
8.255694e-08,-0.0216707
8.260694e-08,-0.0242522
8.265694e-08,-0.0275476
8.270694e-08,-0.0343583
8.275694e-08,-0.0333422
8.280694e-08,-0.0232635
8.285694e-08,-0.0133221
8.290694e-08,-0.00851621
8.295694e-08,-0.0112625
8.300694e-08,-0.015272
8.305694e-08,-0.0144756
8.310694e-08,-0.0156839
8.315694e-08,-0.0187597
8.320694e-08,-0.0258999
8.325694e-08,-0.0347428
8.330694e-08,-0.0286736
8.335694e-08,-0.0224396
8.340694e-08,-0.025076
8.345694e-08,-0.0166176
8.350694e-08,-0.0092577
8.355694e-08,-0.0163979
8.360694e-08,-0.0215334
8.365694e-08,-0.0175788
8.370694e-08,-0.00942247
8.375694e-08,-0.00277657
8.380694e-08,-0.00343567
8.385694e-08,-0.00997172
8.390694e-08,-0.0104935
8.395694e-08,-0.00280404
8.400694e-08,-0.00571505
8.405694e-08,-0.0198856
8.410694e-08,-0.0276575
8.415694e-08,-0.0271906
8.420694e-08,-0.0204349
8.425694e-08,-0.00917531
8.430694e-08,-0.00335328
8.435694e-08,-0.0088183
8.440694e-08,-0.0194737
8.445694e-08,-0.0226868
8.450694e-08,-0.0165078
8.455694e-08,-0.0128553
8.460694e-08,-0.012718
8.465694e-08,-0.00785712
8.470694e-08,-0.00241956
8.475694e-08,0.000546374
8.480694e-08,0.00180964
8.485694e-08,0.00252367
8.490694e-08,2.45887e-05
8.495694e-08,-0.0166176
8.500694e-08,-0.0288658
8.505694e-08,-0.0267512
8.510694e-08,-0.0420753
8.515694e-08,-0.0622876
8.520694e-08,-0.0507259
8.525694e-08,-0.0282891
8.530694e-08,-0.024362
8.535694e-08,-0.0281518
8.540694e-08,-0.0239501
8.545694e-08,-0.0180731
8.550694e-08,-0.0196659
8.555694e-08,-0.0190343
8.560694e-08,-0.00931262
8.565694e-08,-0.00469894
8.570694e-08,-0.0112625
8.575694e-08,-0.0165352
8.580694e-08,-0.0140362
8.585694e-08,-0.0115371
8.590694e-08,-0.0146129
8.595694e-08,-0.0118666
8.600694e-08,0.00290814
8.605694e-08,0.00988359
8.610694e-08,-0.000634509
8.615694e-08,-0.00640161
8.620694e-08,-0.00198017
8.625694e-08,-0.00857114
8.630694e-08,-0.0219728
8.635694e-08,-0.0204074
8.640694e-08,-0.00865353
8.645694e-08,-0.00467148
8.650694e-08,-0.0117293
8.655694e-08,-0.0226593
8.660694e-08,-0.0266414
8.665694e-08,-0.0208743
8.670694e-08,-0.0143932
8.675694e-08,-0.0153269
8.680694e-08,-0.0211214
8.685694e-08,-0.0209292
8.690694e-08,-0.0170296
8.695694e-08,-0.0143382
8.700694e-08,-0.012663
8.705694e-08,-0.0156839
8.710694e-08,-0.014503
8.715694e-08,-0.00804935
8.720694e-08,-0.00725294
8.725694e-08,-0.00744518
8.730694e-08,-0.00807682
8.735694e-08,-0.0115096
8.740694e-08,-0.0125532
8.745694e-08,-0.0187048
8.750694e-08,-0.0296073
8.755694e-08,-0.029113
8.760694e-08,-0.0171943
8.765694e-08,-0.0110702
8.770694e-08,-0.0169197
8.775694e-08,-0.0159311
8.780694e-08,-0.00219986
8.785694e-08,0.000546374
8.790694e-08,-0.0116195
8.795694e-08,-0.0207644
8.800694e-08,-0.0227967
8.805694e-08,-0.0204624
8.810694e-08,-0.0160958
8.815694e-08,-0.0132397
8.820694e-08,-0.0145854
8.825694e-08,-0.0155466
8.830694e-08,-0.0109604
8.835694e-08,-0.00846129
8.840694e-08,-0.00730787
8.845694e-08,-0.00393
8.850694e-08,-0.0150248
8.855694e-08,-0.0385875
8.860694e-08,-0.0464143
8.865694e-08,-0.038615
8.870694e-08,-0.0380383
8.875694e-08,-0.0389995
8.880694e-08,-0.0256802
8.885694e-08,-0.0131848
8.890694e-08,-0.00810428
8.895694e-08,-0.00272165
8.900694e-08,-0.00464402
8.905694e-08,-0.00788458
8.910694e-08,-0.00901054
8.915694e-08,-0.0168099
8.920694e-08,-0.0246641
8.925694e-08,-0.0288384
8.930694e-08,-0.0294151
8.935694e-08,-0.0256527
8.940694e-08,-0.0258724
8.945694e-08,-0.0311178
8.950694e-08,-0.0239501
8.955694e-08,-0.0058249
8.960694e-08,-0.000442272
8.965694e-08,-0.00318851
8.970694e-08,-0.00612699
8.975694e-08,-0.0169746
8.980694e-08,-0.0267238
8.985694e-08,-0.0270259
8.990694e-08,-0.0225495
8.995694e-08,-0.0204898
9.000694e-08,-0.0198856
9.005694e-08,-0.0140362
9.010694e-08,-0.010878
9.015694e-08,-0.0148051
9.020694e-08,-0.0128827
9.025694e-08,-0.00739026
9.030694e-08,-0.0122236
9.035694e-08,-0.0205447
9.040694e-08,-0.0202152
9.045694e-08,-0.0125806
9.050694e-08,-0.00895561
9.055694e-08,-0.0116469
9.060694e-08,-0.00417716
9.065694e-08,0.00642333
9.070694e-08,0.00450096
9.075694e-08,0.00260605
9.080694e-08,0.000656224
9.085694e-08,-0.00664877
9.090694e-08,-0.0123609
9.095694e-08,-0.0150523
9.100694e-08,-0.0138714
9.105694e-08,-0.01486
9.110694e-08,-0.0142284
9.115694e-08,-0.00373776
9.120694e-08,0.00128786
9.125694e-08,-0.00379268
9.130694e-08,-0.0111801
9.135694e-08,-0.0207919
9.140694e-08,-0.0270533
9.145694e-08,-0.0273829
9.150694e-08,-0.0302939
9.155694e-08,-0.0329852
9.160694e-08,-0.0259823
9.165694e-08,-0.0161233
9.170694e-08,-0.0107681
9.175694e-08,-0.00524819
9.180694e-08,0.00205681
9.185694e-08,0.00422633
9.190694e-08,-0.00132107
9.195694e-08,-0.00848875
9.200694e-08,-0.0137341
9.205694e-08,-0.0181555
9.210694e-08,-0.0223847
9.215694e-08,-0.0279047
9.220694e-08,-0.0320789
9.225694e-08,-0.0268062
9.230694e-08,-0.0212588
9.235694e-08,-0.0226044
9.240694e-08,-0.0165078
9.245694e-08,-0.00568759
9.250694e-08,-0.00230971
9.255694e-08,-0.00318851
9.260694e-08,-0.00620937
9.265694e-08,-0.00999918
9.270694e-08,-0.0134045
9.275694e-08,-0.0198582
9.280694e-08,-0.0239775
9.285694e-08,-0.0237029
9.290694e-08,-0.0220826
9.295694e-08,-0.014915
9.300694e-08,-0.00876338
9.305694e-08,-0.0130475
9.310694e-08,-0.0211489
9.315694e-08,-0.025131
9.320694e-08,-0.0267512
9.325694e-08,-0.0307058
9.330694e-08,-0.0383678
9.335694e-08,-0.032793
9.340694e-08,-0.0125257
9.345694e-08,-0.0049461
9.350694e-08,-0.000661971
9.355694e-08,0.0121904
9.360694e-08,0.0156781
9.365694e-08,0.00823584
9.370694e-08,-0.00343567
9.375694e-08,-0.00953232
9.380694e-08,-0.0058249
9.385694e-08,-0.00247449
9.390694e-08,-0.00225479
9.395694e-08,0.000930848
9.400694e-08,0.00675287
9.405694e-08,0.0072472
9.410694e-08,0.0109272
9.415694e-08,0.0157605
9.420694e-08,0.000628761
9.425694e-08,-0.0151896
9.430694e-08,-0.00966963
9.435694e-08,-0.00467148
9.440694e-08,-0.0143932
9.445694e-08,-0.0237578
9.450694e-08,-0.0267787
9.455694e-08,-0.0291405
9.460694e-08,-0.0309804
9.465694e-08,-0.034578
9.470694e-08,-0.0331225
9.475694e-08,-0.026916
9.480694e-08,-0.0267787
9.485694e-08,-0.0202976
9.490694e-08,-0.0111251
9.495694e-08,-0.0189519
9.500694e-08,-0.0280969
9.505694e-08,-0.0221376
9.510694e-08,-0.0144481
9.515694e-08,-0.015272
9.520694e-08,-0.0190618
9.525694e-08,-0.0234832
9.530694e-08,-0.0322712
9.535694e-08,-0.0363356
9.540694e-08,-0.0266139
9.545694e-08,-0.0184301
9.550694e-08,-0.0219453
9.555694e-08,-0.028399
9.560694e-08,-0.0293327
9.565694e-08,-0.0216158
9.570694e-08,-0.00758249
9.575694e-08,0.00285321
9.580694e-08,-0.000359885
9.585694e-08,-0.00826905
9.590694e-08,-0.00651146
9.595694e-08,-0.00129361
9.600694e-08,-0.00475387
9.605694e-08,-0.0109604
9.610694e-08,-0.0109878
9.615694e-08,-0.0115371
9.620694e-08,-0.0176063
9.625694e-08,-0.0248014
9.630694e-08,-0.0303213
9.635694e-08,-0.0342485
9.640694e-08,-0.0338365
9.645694e-08,-0.0260098
9.650694e-08,-0.0165902
9.655694e-08,-0.012718
9.660694e-08,-0.0141185
9.665694e-08,-0.0168648
9.670694e-08,-0.020325
9.675694e-08,-0.0267238
9.680694e-08,-0.0310354
9.685694e-08,-0.030596
9.690694e-08,-0.0271357
9.695694e-08,-0.0227417
9.700694e-08,-0.0230164
9.705694e-08,-0.0183752
9.710694e-08,-0.00447924
9.715694e-08,-0.000414809
9.720694e-08,-0.00423208
9.725694e-08,-0.00321597
9.730694e-08,-0.00307866
9.735694e-08,-0.00782965
9.740694e-08,-0.0167549
9.745694e-08,-0.025076
9.750694e-08,-0.0275202
9.755694e-08,-0.0297172
9.760694e-08,-0.032738
9.765694e-08,-0.026916
9.770694e-08,-0.0196385
9.775694e-08,-0.0211764
9.780694e-08,-0.0180457
9.785694e-08,-0.00846129
9.790694e-08,-0.00909292
9.795694e-08,-0.0187048
9.800694e-08,-0.0266414
9.805694e-08,-0.0325733
9.810694e-08,-0.0325733
9.815694e-08,-0.0285363
9.820694e-08,-0.0311727
9.825694e-08,-0.0322437
9.830694e-08,-0.024005
9.835694e-08,-0.0143108
9.840694e-08,-0.00497357
9.845694e-08,0.00513259
9.850694e-08,0.012163
9.855694e-08,0.0127397
9.860694e-08,0.0123277
9.865694e-08,0.0115588
9.870694e-08,0.000711148
9.875694e-08,-0.00870845
9.880694e-08,-0.00955978
9.885694e-08,-0.0172767
9.890694e-08,-0.0276575
9.895694e-08,-0.0246366
9.900694e-08,-0.0110428
9.905694e-08,-0.00513834
9.910694e-08,-0.00450671
9.915694e-08,0.00167233
9.920694e-08,0.0038144
9.925694e-08,0.0022765
9.930694e-08,0.000216825
9.935694e-08,-0.00994426
9.940694e-08,-0.0265865
9.945694e-08,-0.030184
9.950694e-08,-0.0103013
9.955694e-08,0.00595646
9.960694e-08,0.00439111
9.965694e-08,0.00345739
9.970694e-08,0.00474812
9.975694e-08,0.0014801
9.980694e-08,0.00296306
9.985694e-08,0.011037
9.990694e-08,0.00996597
9.995694e-08,-0.00596221
1.000069e-07,-0.0125806
1.000569e-07,0.000354137
1.001069e-07,0.0040341
1.001569e-07,-0.00752757
1.002069e-07,-0.0116744
1.002569e-07,-0.00741772
1.003069e-07,-0.0113448
1.003569e-07,-0.0231537
1.004069e-07,-0.0271906
1.004569e-07,-0.0245542
1.005069e-07,-0.0243345
1.005569e-07,-0.0209292
1.006069e-07,-0.00464402
1.006569e-07,0.0142501
1.007069e-07,0.0182871
1.007569e-07,0.019825
1.008069e-07,0.0275694
1.008569e-07,0.0276243
1.009069e-07,0.0227085
1.009569e-07,0.0201545
1.010069e-07,0.0130143
1.010569e-07,0.00524244
1.011069e-07,0.00864778
1.011569e-07,0.0149367
1.012069e-07,0.0135635
1.012569e-07,0.0176829
1.013069e-07,0.0273771
1.013569e-07,0.0193306
1.014069e-07,0.00274337
1.014569e-07,-0.00145838
1.015069e-07,-0.00563266
1.015569e-07,-0.0150523
1.016069e-07,-0.017414
1.016569e-07,-0.010109
1.017069e-07,-0.0021724
1.017569e-07,-0.0077198
1.018069e-07,-0.0134869
1.018569e-07,-0.00412223
1.019069e-07,-0.00741772
1.019569e-07,-0.0254605
1.020069e-07,-0.0289208
1.020569e-07,-0.0214785
1.021069e-07,-0.0174415
1.021569e-07,-0.0155466
1.022069e-07,-0.0113723
1.022569e-07,-0.0102463
1.023069e-07,-0.017771
1.023569e-07,-0.0244719
1.024069e-07,-0.0275202
1.024569e-07,-0.0294151
1.025069e-07,-0.0269984
1.025569e-07,-0.0292229
1.026069e-07,-0.0298545
1.026569e-07,-0.0158487
1.027069e-07,-0.00796697
1.027569e-07,-0.0144206
1.028069e-07,-0.0132672
1.028569e-07,-0.00530311
1.029069e-07,-0.00686847
1.029569e-07,-0.010164
1.030069e-07,-0.00895561
1.030569e-07,-0.0140362
1.031069e-07,-0.0235931
1.031569e-07,-0.0255154
1.032069e-07,-0.0202427
1.032569e-07,-0.0208743
1.033069e-07,-0.0270533
1.033569e-07,-0.0278223
1.034069e-07,-0.0255154
1.034569e-07,-0.0258175
1.035069e-07,-0.0261471
1.035569e-07,-0.0249387
1.036069e-07,-0.0194188
1.036569e-07,-0.00736279
1.037069e-07,-0.00250195
1.037569e-07,-0.00730787
1.038069e-07,-0.00774727
1.038569e-07,-0.0111801
1.039069e-07,-0.0197758
1.039569e-07,-0.0215608
1.040069e-07,-0.0217256
1.040569e-07,-0.0154093
1.041069e-07,0.00321023
1.041569e-07,0.0130143
1.042069e-07,0.0104603
1.042569e-07,0.0102955
1.043069e-07,0.00752182
1.043569e-07,-0.00360045
1.044069e-07,-0.0155191
1.044569e-07,-0.0236205
1.045069e-07,-0.0258999
1.045569e-07,-0.0256253
1.046069e-07,-0.0245542
1.046569e-07,-0.0158212
1.047069e-07,-0.00568759
1.047569e-07,-0.000222573
1.048069e-07,0.0074669
1.048569e-07,0.0121355
1.049069e-07,0.0101582
1.049569e-07,0.00999344
1.050069e-07,0.00683526
1.050569e-07,-0.00247449
1.051069e-07,-0.012718
1.051569e-07,-0.0274927
1.052069e-07,-0.0372144
1.052569e-07,-0.02763
1.053069e-07,-0.012718
1.053569e-07,-0.013432
1.054069e-07,-0.0229065
1.054569e-07,-0.0201877
1.055069e-07,-0.010164
1.055569e-07,-0.00219986
1.056069e-07,0.00485797
1.056569e-07,0.00194696
1.057069e-07,-0.00700578
1.057569e-07,-0.0135144
1.058069e-07,-0.0193913
1.058569e-07,-0.021808
1.059069e-07,-0.0247465
1.059569e-07,-0.0288658
1.060069e-07,-0.0278772
1.060569e-07,-0.0223298
1.061069e-07,-0.0191716
1.061569e-07,-0.0257077
1.062069e-07,-0.0283441
1.062569e-07,-0.0190343
1.063069e-07,-0.0192265
1.063569e-07,-0.0308981
1.064069e-07,-0.0334521
1.064569e-07,-0.0256527
1.065069e-07,-0.0187322
1.065569e-07,-0.0146129
1.066069e-07,-0.00684101
1.066569e-07,0.00191949
1.067069e-07,-0.00428701
1.067569e-07,-0.0224671
1.068069e-07,-0.0238402
1.068569e-07,-0.00398492
1.069069e-07,0.010323
1.069569e-07,0.0111194
1.070069e-07,0.0130692
1.070569e-07,0.0124101
1.071069e-07,0.00222158
1.071569e-07,-0.00313359
1.072069e-07,-0.00329836
1.072569e-07,-0.00379268
1.073069e-07,-0.00552281
1.073569e-07,-0.0159585
1.074069e-07,-0.0233734
1.074569e-07,-0.0202976
1.075069e-07,-0.0231262
1.075569e-07,-0.0290581
1.076069e-07,-0.022522
1.076569e-07,-0.00917531
1.077069e-07,-0.00483625
1.077569e-07,-0.0124433
1.078069e-07,-0.0157388
1.078569e-07,-0.011235
1.079069e-07,-0.0111526
1.079569e-07,-0.00901054
1.080069e-07,0.000491449
1.080569e-07,0.00392425
1.081069e-07,-0.00332582
1.081569e-07,-0.00983441
1.082069e-07,-0.0107407
1.082569e-07,-0.0133771
1.083069e-07,-0.0234558
1.083569e-07,-0.0315297
1.084069e-07,-0.0252408
1.084569e-07,-0.0154917
1.085069e-07,-0.013075
1.085569e-07,-0.0106583
1.086069e-07,-0.00695086
1.086569e-07,-0.00434193
1.087069e-07,-0.00502849
1.087569e-07,-0.0138165
1.088069e-07,-0.0206821
1.088569e-07,-0.0194737
1.089069e-07,-0.0264766
1.089569e-07,-0.0401529
1.090069e-07,-0.0356216
1.090569e-07,-0.0145854
1.091069e-07,-0.00637415
1.091569e-07,-0.0166176
1.092069e-07,-0.0199955
1.092569e-07,-0.0121687
1.093069e-07,-0.00931262
1.093569e-07,-0.00843383
1.094069e-07,-0.00618191
1.094569e-07,-0.00961471
1.095069e-07,-0.0162606
1.095569e-07,-0.0247739
1.096069e-07,-0.0293602
1.096569e-07,-0.0186773
1.097069e-07,-0.0107132
1.097569e-07,-0.0183477
1.098069e-07,-0.0190068
1.098569e-07,-0.0129377
1.099069e-07,-0.0160134
1.099569e-07,-0.0215883
1.100069e-07,-0.0244993
1.100569e-07,-0.0226319
1.101069e-07,-0.0209292
1.101569e-07,-0.0304312
1.102069e-07,-0.0378186
1.102569e-07,-0.0352371
1.103069e-07,-0.0330951
1.103569e-07,-0.0234832
1.104069e-07,-0.0069234
1.104569e-07,-0.00486372
1.105069e-07,-0.0117293
1.105569e-07,-0.014146
1.106069e-07,-0.0192265
1.106569e-07,-0.0275202
1.107069e-07,-0.038258
1.107569e-07,-0.0477874
1.108069e-07,-0.0474579
1.108569e-07,-0.0488585
1.109069e-07,-0.0576464
1.109569e-07,-0.0606398
1.110069e-07,-0.0543509
1.110569e-07,-0.0426794
1.111069e-07,-0.032793
1.111569e-07,-0.0239226
1.112069e-07,-0.010109
1.112569e-07,0.000189363
1.113069e-07,0.0074669
1.113569e-07,0.0128221
1.114069e-07,0.00326515
1.114569e-07,-0.0150523
1.115069e-07,-0.0215608
1.115569e-07,-0.0189519
1.116069e-07,-0.0223298
1.116569e-07,-0.0304312
1.117069e-07,-0.0391642
1.117569e-07,-0.0432012
1.118069e-07,-0.0370771
1.118569e-07,-0.0296623
1.119069e-07,-0.0245268
1.119569e-07,-0.0215334
1.120069e-07,-0.0263668
1.120569e-07,-0.0316121
1.121069e-07,-0.0279596
1.121569e-07,-0.025488
1.122069e-07,-0.0284814
1.122569e-07,-0.0226868
1.123069e-07,-0.0122511
1.123569e-07,-0.0109604
1.124069e-07,-0.0113174
1.124569e-07,-0.0096971
1.125069e-07,-0.0129926
1.125569e-07,-0.020737
1.126069e-07,-0.027987
1.126569e-07,-0.0277673
1.127069e-07,-0.0264217
1.127569e-07,-0.0302939
1.128069e-07,-0.0256802
1.128569e-07,-0.0129926
1.129069e-07,-0.00412223
1.129569e-07,-0.00274911
1.130069e-07,-0.00469894
1.130569e-07,-0.00329836
1.131069e-07,-0.00360045
1.131569e-07,-0.00997172
1.132069e-07,-0.0165352
1.132569e-07,-0.0171943
1.133069e-07,-0.0151896
1.133569e-07,-0.0162331
1.134069e-07,-0.0152994
1.134569e-07,-0.00988933
1.135069e-07,-0.0100816
1.135569e-07,-0.0148875
1.136069e-07,-0.0118941
1.136569e-07,-0.00870845
1.137069e-07,-0.0139263
1.137569e-07,-0.0187048
1.138069e-07,-0.0254605
1.138569e-07,-0.0358413
1.139069e-07,-0.0312276
1.139569e-07,-0.0187871
1.140069e-07,-0.0227417
1.140569e-07,-0.0246092
1.141069e-07,-0.00923024
1.141569e-07,-0.000167648
1.142069e-07,-0.00552281
1.142569e-07,-0.00848875
1.143069e-07,-0.00318851
1.143569e-07,-0.00340821
1.144069e-07,-0.012306
1.144569e-07,-0.0205447
1.145069e-07,-0.0255429
1.145569e-07,-0.0246916
1.146069e-07,-0.0234283
1.146569e-07,-0.0222199
1.147069e-07,-0.0209292
1.147569e-07,-0.0344407
1.148069e-07,-0.0459749
1.148569e-07,-0.040098
1.149069e-07,-0.0357314
1.149569e-07,-0.0281244
1.150069e-07,-0.00618191
1.150569e-07,0.0107075
1.151069e-07,0.00960896
1.151569e-07,0.00340246
1.152069e-07,0.00469319
1.152569e-07,0.0115588
1.153069e-07,0.00851047
1.153569e-07,-0.00373776
1.154069e-07,-0.00719802
1.154569e-07,-0.0069234
1.155069e-07,-0.00524819
1.155569e-07,-0.00412223
1.156069e-07,-0.0125257
1.156569e-07,-0.017057
1.157069e-07,-0.0195561
1.157569e-07,-0.0241423
1.158069e-07,-0.0189245
1.158569e-07,-0.0151072
1.159069e-07,-0.0143108
1.159569e-07,-0.00384761
1.160069e-07,0.00397917
1.160569e-07,-0.0015133
1.161069e-07,-0.0145579
1.161569e-07,-0.0293052
1.162069e-07,-0.0392466
1.162569e-07,-0.0396036
1.163069e-07,-0.0346604
1.163569e-07,-0.0283166
1.164069e-07,-0.0183752
1.164569e-07,-0.00901054
1.165069e-07,-0.00549535
1.165569e-07,-0.00662131
1.166069e-07,-0.0107132
1.166569e-07,-0.0139812
1.167069e-07,-0.0175788
1.167569e-07,-0.0198033
1.168069e-07,-0.0131024
1.168569e-07,-0.00944993
1.169069e-07,-0.0158212
1.169569e-07,-0.0197483
1.170069e-07,-0.0191716
1.170569e-07,-0.0162881
1.171069e-07,-0.0171943
1.171569e-07,-0.0234558
1.172069e-07,-0.0202427
1.172569e-07,-0.00912039
1.173069e-07,-0.00480879
1.173569e-07,-0.0088183
1.174069e-07,-0.0165352
1.174569e-07,-0.0224396
1.175069e-07,-0.0244993
1.175569e-07,-0.025131
1.176069e-07,-0.0262295
1.176569e-07,-0.0267512
1.177069e-07,-0.0186224
1.177569e-07,-0.00728041
1.178069e-07,-0.00480879
1.178569e-07,0.000683686
1.179069e-07,0.0093618
1.179569e-07,0.00645079
1.180069e-07,0.000518912
1.180569e-07,-0.000744358
1.181069e-07,-0.00346313
1.181569e-07,-0.00557774
1.182069e-07,-0.00126614
1.182569e-07,0.00488543
1.183069e-07,0.00463827
1.183569e-07,-0.00230971
1.184069e-07,-0.013075
1.184569e-07,-0.025433
1.185069e-07,-0.0363905
1.185569e-07,-0.0420478
1.186069e-07,-0.042597
1.186569e-07,-0.0448764
1.187069e-07,-0.0482268
1.187569e-07,-0.0412239
1.188069e-07,-0.0280969
1.188569e-07,-0.0240874
1.189069e-07,-0.0226044
1.189569e-07,-0.0192265
1.190069e-07,-0.0215883
1.190569e-07,-0.022165
1.191069e-07,-0.0172218
1.191569e-07,-0.0127729
1.192069e-07,-0.00313359
1.192569e-07,0.0098012
1.193069e-07,0.0101033
1.193569e-07,-0.00101898
1.194069e-07,-0.0120314
1.194569e-07,-0.0228516
1.195069e-07,-0.0322163
1.195569e-07,-0.0380657
1.196069e-07,-0.0434758
1.196569e-07,-0.0418006
1.197069e-07,-0.0307607
1.197569e-07,-0.0223298
1.198069e-07,-0.017469
1.198569e-07,-0.013789
1.199069e-07,-0.0170296
1.199569e-07,-0.0226044
1.200069e-07,-0.026916
1.200569e-07,-0.0352371
1.201069e-07,-0.0394938
1.201569e-07,-0.0322437
1.202069e-07,-0.0214785
1.202569e-07,-0.00714309
1.203069e-07,0.00793376
1.203569e-07,0.0138382
1.204069e-07,0.0161999
1.204569e-07,0.0149092
1.205069e-07,0.00889494
1.205569e-07,0.00502274
1.206069e-07,0.00142517
1.206569e-07,-0.00634669
1.207069e-07,-0.0162881
1.207569e-07,-0.0167549
1.208069e-07,-0.0099168
1.208569e-07,-0.00368283
1.209069e-07,0.00483051
1.209569e-07,0.0022765
1.210069e-07,-0.0133221
1.210569e-07,-0.0208468
1.211069e-07,-0.0172218
1.211569e-07,-0.0117019
1.212069e-07,-0.0106857
1.212569e-07,-0.0122786
1.213069e-07,-0.0122786
1.213569e-07,-0.0143382
1.214069e-07,-0.0153543
1.214569e-07,-0.0154093
1.215069e-07,-0.0194462
1.215569e-07,-0.0215883
1.216069e-07,-0.0237578
1.216569e-07,-0.0287285
1.217069e-07,-0.0287835
1.217569e-07,-0.0260098
1.218069e-07,-0.0249387
1.218569e-07,-0.0249113
1.219069e-07,-0.0247739
1.219569e-07,-0.0231537
1.220069e-07,-0.0240874
1.220569e-07,-0.0263668
1.221069e-07,-0.0258724
1.221569e-07,-0.0294975
1.222069e-07,-0.0329577
1.222569e-07,-0.0222749
1.223069e-07,-0.0125257
1.223569e-07,-0.0201053
1.224069e-07,-0.0257626
1.224569e-07,-0.0219179
1.225069e-07,-0.021094
1.225569e-07,-0.0179907
1.226069e-07,-0.0131299
1.226569e-07,-0.0161508
1.227069e-07,-0.0153543
1.227569e-07,-0.00601714
1.228069e-07,-0.00519326
1.228569e-07,-0.0137066
1.229069e-07,-0.0139812
1.229569e-07,-0.0060446
1.230069e-07,-0.00659385
1.230569e-07,-0.0128827
1.231069e-07,-0.0120314
1.231569e-07,-0.0106308
1.232069e-07,-0.0120589
1.232569e-07,-0.0132123
1.233069e-07,-0.0209018
1.233569e-07,-0.0266414
1.234069e-07,-0.02038
1.234569e-07,-0.0147776
1.235069e-07,-0.0128827
1.235569e-07,-0.00760996
1.236069e-07,-0.00395746
1.236569e-07,-0.0037103
1.237069e-07,-0.00165062
1.237569e-07,-0.000771821
1.238069e-07,-0.00423208
1.238569e-07,-0.0083789
1.239069e-07,-0.0103562
1.239569e-07,-0.00917531
1.240069e-07,-0.00999918
1.240569e-07,-0.0140911
1.241069e-07,-0.0142833
1.241569e-07,-0.0120314
1.242069e-07,-0.0111526
1.242569e-07,-0.0104386
1.243069e-07,-0.0106308
1.243569e-07,-0.00980695
1.244069e-07,-0.00760996
1.244569e-07,-0.0103562
1.245069e-07,-0.0178809
1.245569e-07,-0.0224396
1.246069e-07,-0.0242522
1.246569e-07,-0.0265315
1.247069e-07,-0.0252957
1.247569e-07,-0.0224946
1.248069e-07,-0.0216982
1.248569e-07,-0.0204624
1.249069e-07,-0.0193913
1.249569e-07,-0.0208468
1.250069e-07,-0.0268611
1.250569e-07,-0.0315572
1.251069e-07,-0.0291405
1.251569e-07,-0.0266689
1.252069e-07,-0.0267787
1.252569e-07,-0.0248838
1.253069e-07,-0.0185949
1.253569e-07,-0.0092577
1.254069e-07,-0.0030512
1.254569e-07,-0.00274911
1.255069e-07,-0.00689593
1.255569e-07,-0.0119215
1.256069e-07,-0.0123335
1.256569e-07,-0.0114272
1.257069e-07,-0.0166725
1.257569e-07,-0.0215883
1.258069e-07,-0.0184301
1.258569e-07,-0.014146
1.259069e-07,-0.0162331
1.259569e-07,-0.0213961
1.260069e-07,-0.0199955
1.260569e-07,-0.0157937
1.261069e-07,-0.0218355
1.261569e-07,-0.0271632
1.262069e-07,-0.0180457
1.262569e-07,-0.0110428
1.263069e-07,-0.0149699
1.263569e-07,-0.0209292
1.264069e-07,-0.0212313
1.264569e-07,-0.0123884
1.265069e-07,-0.00667623
1.265569e-07,-0.00662131
1.266069e-07,-0.00425954
1.266569e-07,-0.000140186
1.267069e-07,0.00436365
1.267569e-07,0.000299213
1.268069e-07,-0.00884576
1.268569e-07,-0.0110702
1.269069e-07,-0.0170021
1.269569e-07,-0.0291405
1.270069e-07,-0.0348252
1.270569e-07,-0.0355667
1.271069e-07,-0.034221
1.271569e-07,-0.0270533
1.272069e-07,-0.0169472
1.272569e-07,-0.0124708
1.273069e-07,-0.0127454
1.273569e-07,-0.00796697
1.274069e-07,-0.000524659
1.274569e-07,0.00224904
1.275069e-07,0.00134278
1.275569e-07,-0.00332582
1.276069e-07,-0.0085986
1.276569e-07,-0.00934009
1.277069e-07,-0.00873591
1.277569e-07,-0.0122511
1.278069e-07,-0.0173866
1.278569e-07,-0.0180182
1.279069e-07,-0.0160958
1.279569e-07,-0.01486
1.280069e-07,-0.0142284
1.280569e-07,-0.0140636
1.281069e-07,-0.0131574
1.281569e-07,-0.0125806
1.282069e-07,-0.0144756
1.282569e-07,-0.0188695
1.283069e-07,-0.0224946
1.283569e-07,-0.0243345
1.284069e-07,-0.025433
1.284569e-07,-0.0233184
1.285069e-07,-0.0235107
1.285569e-07,-0.0289482
1.286069e-07,-0.02947
1.286569e-07,-0.025076
1.287069e-07,-0.0202976
1.287569e-07,-0.0162331
1.288069e-07,-0.0140362
1.288569e-07,-0.00769234
1.289069e-07,-0.00181539
1.289569e-07,-0.00230971
1.290069e-07,0.00172726
1.290569e-07,0.0121355
1.291069e-07,0.0137558
1.291569e-07,0.00546214
1.292069e-07,0.00422633
1.292569e-07,0.00667049
1.293069e-07,0.00164487
1.293569e-07,-0.006484
1.294069e-07,-0.0173042
1.294569e-07,-0.0261196
1.295069e-07,-0.0286187
1.295569e-07,-0.0313649
1.296069e-07,-0.0320515
1.296569e-07,-0.0272181
1.297069e-07,-0.0191716
1.297569e-07,-0.0113998
1.298069e-07,-0.00439686
1.298569e-07,0.00200188
1.299069e-07,-0.00181539
1.299569e-07,-0.0133221
1.300069e-07,-0.0187597
1.300569e-07,-0.0151896
1.301069e-07,-0.00576998
1.301569e-07,-0.000112723
1.302069e-07,-0.00318851
1.302569e-07,-0.00365537
1.303069e-07,0.00216665
1.303569e-07,0.000299213
1.304069e-07,-0.0056052
1.304569e-07,-0.00250195
1.305069e-07,-0.00324344
1.305569e-07,-0.0133771
1.306069e-07,-0.0207095
1.306569e-07,-0.026202
1.307069e-07,-0.028399
1.307569e-07,-0.0234008
1.308069e-07,-0.0154642
1.308569e-07,-0.0060446
1.309069e-07,-0.00475387
1.309569e-07,-0.0131299
1.310069e-07,-0.0134594
1.310569e-07,-0.00717056
1.311069e-07,-0.00752757
1.311569e-07,-0.00807682
1.312069e-07,-0.00612699
1.312569e-07,-0.0117019
1.313069e-07,-0.0191991
1.313569e-07,-0.0191991
1.314069e-07,-0.019254
1.314569e-07,-0.0268886
1.315069e-07,-0.0293327
1.315569e-07,-0.0193639
1.316069e-07,-0.00942247
1.316569e-07,-0.00379268
1.317069e-07,-0.00206255
1.317569e-07,0.00200188
1.318069e-07,0.00710988
1.318569e-07,0.000518912
1.319069e-07,-0.00442432
1.319569e-07,-0.000222573
1.320069e-07,0.00230397
1.320569e-07,-0.00099152
1.321069e-07,-0.00829651
1.321569e-07,-0.0062643
1.322069e-07,-0.000414809
1.322569e-07,-0.00522073
1.323069e-07,-0.00684101
1.323569e-07,-0.000689433
1.324069e-07,0.00106816
1.324569e-07,-0.00181539
1.325069e-07,-0.00480879
1.325569e-07,-0.00659385
1.326069e-07,-0.00618191
1.326569e-07,-0.00750011
1.327069e-07,-0.0106034
1.327569e-07,-0.00491864
1.328069e-07,0.00386932
1.328569e-07,0.00246874
1.329069e-07,-0.00365537
1.329569e-07,-0.0083789
1.330069e-07,-0.00686847
1.330569e-07,0.00117801
1.331069e-07,0.00535229
1.331569e-07,0.00705496
1.332069e-07,0.00551707
1.332569e-07,-0.000524659
1.333069e-07,0.0022765
1.333569e-07,0.00562692
1.334069e-07,-0.00277657
1.334569e-07,-0.00739026
1.335069e-07,-0.00206255
1.335569e-07,0.00321023
1.336069e-07,0.00389679
1.336569e-07,-0.00233718
1.337069e-07,-0.00961471
1.337569e-07,-0.0126356
1.338069e-07,-0.0203525
1.338569e-07,-0.0281518
1.339069e-07,-0.0277124
1.339569e-07,-0.0257901
1.340069e-07,-0.0171669
1.340569e-07,-0.000332422
1.341069e-07,0.003375
1.341569e-07,-0.00780219
1.342069e-07,-0.011592
1.342569e-07,-0.00728041
1.343069e-07,-0.00631922
1.343569e-07,-0.0092577
1.344069e-07,-0.0120039
1.344569e-07,-0.00846129
1.345069e-07,-0.00313359
1.345569e-07,-0.000634509
1.346069e-07,0.00178218
1.346569e-07,0.00101323
1.347069e-07,-0.000634509
1.347569e-07,-0.00176047
1.348069e-07,-0.00467148
1.348569e-07,-0.00623684
1.349069e-07,-0.0102463
1.349569e-07,-0.0182379
1.350069e-07,-0.0230438
1.350569e-07,-0.0252133
1.351069e-07,-0.0287011
1.351569e-07,-0.0258724
1.352069e-07,-0.0147502
1.352569e-07,-0.0109054
1.353069e-07,-0.0154093
1.353569e-07,-0.0173866
1.354069e-07,-0.0157388
1.354569e-07,-0.0128003
1.355069e-07,-0.00821413
1.355569e-07,-0.00346313
1.356069e-07,-0.00651146
1.356569e-07,-0.00939501
1.357069e-07,-0.00752757
1.357569e-07,-0.0179084
1.358069e-07,-0.0304861
1.358569e-07,-0.0283441
1.359069e-07,-0.0265041
1.359569e-07,-0.0266139
1.360069e-07,-0.0173591
1.360569e-07,-0.00717056
1.361069e-07,-0.00587982
1.361569e-07,-0.013432
1.362069e-07,-0.0203525
1.362569e-07,-0.0206546
1.363069e-07,-0.0245268
1.363569e-07,-0.0356491
1.364069e-07,-0.0386425
1.364569e-07,-0.0287285
1.365069e-07,-0.0202976
1.365569e-07,-0.0189519
1.366069e-07,-0.0216982
1.366569e-07,-0.0244444
1.367069e-07,-0.0245268
1.367569e-07,-0.0336443
1.368069e-07,-0.0507808
1.368569e-07,-0.0513026
1.369069e-07,-0.0370222
1.369569e-07,-0.0266414
1.370069e-07,-0.0162057
1.370569e-07,-0.00799443
1.371069e-07,-0.00728041
1.371569e-07,-0.00318851
1.372069e-07,0.000189363
1.372569e-07,-0.00958725
1.373069e-07,-0.025076
1.373569e-07,-0.030239
1.374069e-07,-0.0233734
1.374569e-07,-0.014146
1.375069e-07,-0.00920277
1.375569e-07,-0.0120314
1.376069e-07,-0.0165352
1.376569e-07,-0.0140636
1.377069e-07,-0.0169197
1.377569e-07,-0.0245817
1.378069e-07,-0.0202152
1.378569e-07,-0.0191167
1.379069e-07,-0.0294975
1.379569e-07,-0.0339464
1.380069e-07,-0.0329028
1.380569e-07,-0.0323261
1.381069e-07,-0.0321888
1.381569e-07,-0.0338915
1.382069e-07,-0.0317769
1.382569e-07,-0.023291
1.383069e-07,-0.0167824
1.383569e-07,-0.0184301
1.384069e-07,-0.023291
1.384569e-07,-0.0229889
1.385069e-07,-0.0212038
1.385569e-07,-0.0215608
1.386069e-07,-0.0249113
1.386569e-07,-0.0317494
1.387069e-07,-0.0331225
1.387569e-07,-0.0263942
1.388069e-07,-0.0224396
1.388569e-07,-0.0291405
1.389069e-07,-0.0340013
1.389569e-07,-0.0268336
1.390069e-07,-0.0161508
1.390569e-07,-0.00884576
1.391069e-07,-0.00717056
1.391569e-07,-0.00266673
1.392069e-07,0.00947165
1.392569e-07,0.0161175
1.393069e-07,0.0133713
1.393569e-07,0.00771406
1.394069e-07,0.00027175
1.394569e-07,-0.00890069
1.395069e-07,-0.0176337
1.395569e-07,-0.0248289
1.396069e-07,-0.0273554
1.396569e-07,-0.0233459
1.397069e-07,-0.0213686
1.397569e-07,-0.0214785
1.398069e-07,-0.0143657
1.398569e-07,-0.00826905
1.399069e-07,-0.0136791
1.399569e-07,-0.022165
1.400069e-07,-0.023291
1.400569e-07,-0.0217805
1.401069e-07,-0.0234283
1.401569e-07,-0.0207644
1.402069e-07,-0.0150797
1.402569e-07,-0.0189245
1.403069e-07,-0.0263393
1.403569e-07,-0.0271906
1.404069e-07,-0.0274378
1.404569e-07,-0.0259823
1.405069e-07,-0.0207095
1.405569e-07,-0.020737
1.406069e-07,-0.0232361
1.406569e-07,-0.0233184
1.407069e-07,-0.0245817
1.407569e-07,-0.0229889
1.408069e-07,-0.0253507
1.408569e-07,-0.0410591
1.409069e-07,-0.0502041
1.409569e-07,-0.0397959
1.410069e-07,-0.0252683
1.410569e-07,-0.0154093
1.411069e-07,-0.0127729
1.411569e-07,-0.016343
1.412069e-07,-0.0121412
1.412569e-07,-0.00302374
1.413069e-07,0.00238635
1.413569e-07,0.00428126
1.414069e-07,-0.00395746
1.414569e-07,-0.015986
1.415069e-07,-0.0226044
1.415569e-07,-0.0237029
1.416069e-07,-0.0141185
1.416569e-07,-0.00379268
1.417069e-07,-0.00714309
1.417569e-07,-0.0126905
1.418069e-07,-0.00618191
1.418569e-07,0.0044735
1.419069e-07,0.00436365
1.419569e-07,-0.00513834
1.420069e-07,-0.0127454
1.420569e-07,-0.0124159
1.421069e-07,-0.00750011
1.421569e-07,-0.00810428
1.422069e-07,-0.0103837
1.422569e-07,-0.00711563
1.423069e-07,-0.00412223
1.423569e-07,-0.00332582
1.424069e-07,-0.00763742
1.424569e-07,-0.0152445
1.425069e-07,-0.0173591
1.425569e-07,-0.0161233
1.426069e-07,-0.013789
1.426569e-07,-0.0126081
1.427069e-07,-0.018128
1.427569e-07,-0.0210391
1.428069e-07,-0.0124983
1.428569e-07,-0.00579744
1.429069e-07,-0.00667623
1.429569e-07,-0.00675862
1.430069e-07,-0.0051658
1.430569e-07,-0.00214494
1.431069e-07,0.00351231
1.431569e-07,0.00686272
1.432069e-07,0.00186457
1.432569e-07,-0.00387507
1.433069e-07,0.000875923
1.433569e-07,0.00540722
1.434069e-07,-0.000964057
1.434569e-07,-0.00653892
1.435069e-07,-0.00700578
1.435569e-07,-0.0117019
1.436069e-07,-0.0187871
1.436569e-07,-0.0228241
1.437069e-07,-0.0265041
1.437569e-07,-0.0263118
1.438069e-07,-0.0217531
1.438569e-07,-0.0216158
1.439069e-07,-0.0230987
1.439569e-07,-0.0235381
1.440069e-07,-0.0264217
1.440569e-07,-0.0238402
1.441069e-07,-0.0196934
1.441569e-07,-0.0241423
1.442069e-07,-0.0280694
1.442569e-07,-0.0270808
1.443069e-07,-0.0193913
1.443569e-07,-0.00750011
1.444069e-07,-0.000442272
1.444569e-07,0.00334754
1.445069e-07,-0.00148584
1.445569e-07,-0.0145854
1.446069e-07,-0.0191716
1.446569e-07,-0.0121687
1.447069e-07,-0.00689593
1.447569e-07,-0.0103287
1.448069e-07,-0.0128003
1.448569e-07,-0.0103287
1.449069e-07,-0.0103013
1.449569e-07,-0.013075
1.450069e-07,-0.0159585
1.450569e-07,-0.013789
1.451069e-07,-0.00513834
1.451569e-07,-0.00129361
1.452069e-07,-0.00200763
1.452569e-07,-0.000469734
1.453069e-07,-0.00230971
1.453569e-07,-0.00527565
1.454069e-07,-0.00450671
1.454569e-07,-0.00384761
1.455069e-07,-0.0103287
1.455569e-07,-0.0301291
1.456069e-07,-0.0455904
1.456569e-07,-0.0405923
1.457069e-07,-0.0365828
1.457569e-07,-0.0406747
1.458069e-07,-0.0336443
1.458569e-07,-0.0247465
1.459069e-07,-0.0242796
1.459569e-07,-0.019254
1.460069e-07,-0.0142559
1.460569e-07,-0.0182104
1.461069e-07,-0.0274378
1.461569e-07,-0.0356491
1.462069e-07,-0.0333422
1.462569e-07,-0.0267238
1.463069e-07,-0.0274378
1.463569e-07,-0.0260098
1.464069e-07,-0.0193639
1.464569e-07,-0.0167275
1.465069e-07,-0.0150523
1.465569e-07,-0.010164
1.466069e-07,-0.00667623
1.466569e-07,-0.0101365
1.467069e-07,-0.0180731
1.467569e-07,-0.0241972
1.468069e-07,-0.0215059
1.468569e-07,-0.00612699
1.469069e-07,0.00307291
1.469569e-07,-0.00230971
1.470069e-07,-0.00230971
1.470569e-07,-0.000332422
1.471069e-07,-0.00711563
1.471569e-07,-0.0136242
1.472069e-07,-0.0182104
1.472569e-07,-0.017771
1.473069e-07,-0.0131574
1.473569e-07,-0.0158487
1.474069e-07,-0.0230987
1.474569e-07,-0.0244719
1.475069e-07,-0.0195286
1.475569e-07,-0.0257626
1.476069e-07,-0.0414436
1.476569e-07,-0.0382305
1.477069e-07,-0.0253781
1.477569e-07,-0.0205173
1.478069e-07,-0.0120039
1.478569e-07,-0.00211748
1.479069e-07,-0.00134853
1.479569e-07,-0.00958725
1.480069e-07,-0.0175788
1.480569e-07,-0.0172767
1.481069e-07,-0.0191991
1.481569e-07,-0.0269435
1.482069e-07,-0.0309255
1.482569e-07,-0.0271357
1.483069e-07,-0.0159585
1.483569e-07,-0.0109329
1.484069e-07,-0.0150248
1.484569e-07,-0.0157937
1.485069e-07,-0.0193364
1.485569e-07,-0.0263942
1.486069e-07,-0.0269709
1.486569e-07,-0.0250486
1.487069e-07,-0.0304861
1.487569e-07,-0.0380932
1.488069e-07,-0.0335344
1.488569e-07,-0.0262295
1.489069e-07,-0.0248014
1.489569e-07,-0.0196385
1.490069e-07,-0.0113174
1.490569e-07,-0.00653892
1.491069e-07,-0.0109604
1.491569e-07,-0.0196934
1.492069e-07,-0.0197758
1.492569e-07,-0.0109054
1.493069e-07,-0.0049461
1.493569e-07,-0.0134045
1.494069e-07,-0.0300193
1.494569e-07,-0.0367201
1.495069e-07,-0.0357589
1.495569e-07,-0.0400705
1.496069e-07,-0.0399057
1.496569e-07,-0.0285088
1.497069e-07,-0.0199406
1.497569e-07,-0.0184576
1.498069e-07,-0.0218629
1.498569e-07,-0.0258999
1.499069e-07,-0.0251584
1.499569e-07,-0.0260921
1.500069e-07,-0.0301566
1.500569e-07,-0.0360335
1.501069e-07,-0.0438603
1.501569e-07,-0.0440251
1.502069e-07,-0.0340013
1.502569e-07,-0.0236205
1.503069e-07,-0.0195012
1.503569e-07,-0.0235656
1.504069e-07,-0.0281793
1.504569e-07,-0.02038
1.505069e-07,-0.00955978
1.505569e-07,-0.00898307
1.506069e-07,-0.00700578
1.506569e-07,-0.000469734
1.507069e-07,0.000766073
1.507569e-07,0.00348485
1.508069e-07,0.0107898
1.508569e-07,0.0100484
1.509069e-07,-0.00115629
1.509569e-07,-0.011235
1.510069e-07,-0.0120314
1.510569e-07,-0.0114547
1.511069e-07,-0.0194462
1.511569e-07,-0.0257901
1.512069e-07,-0.0240325
1.512569e-07,-0.0295799
1.513069e-07,-0.0422126
1.513569e-07,-0.0458376
1.514069e-07,-0.0403177
1.514569e-07,-0.0297172
1.515069e-07,-0.0165078
1.515569e-07,-0.00719802
1.516069e-07,-0.000854208
1.516569e-07,0.00540722
1.517069e-07,0.00689019
1.517569e-07,0.00332008
1.518069e-07,0.00288068
1.518569e-07,0.00164487
1.519069e-07,-0.012306
1.519569e-07,-0.027273
1.520069e-07,-0.0261745
1.520569e-07,-0.0191716
1.521069e-07,-0.0206546
1.521569e-07,-0.0257077
1.522069e-07,-0.0267238
1.522569e-07,-0.032793
1.523069e-07,-0.0443821
1.523569e-07,-0.0433111
1.524069e-07,-0.0356216
1.524569e-07,-0.0330951
1.525069e-07,-0.0324909
1.525569e-07,-0.0324634
1.526069e-07,-0.025076
1.526569e-07,-0.015629
1.527069e-07,-0.0195012
1.527569e-07,-0.0316395
1.528069e-07,-0.0332873
1.528569e-07,-0.0191442
1.529069e-07,-0.00717056
1.529569e-07,-0.00637415
1.530069e-07,-0.00686847
1.530569e-07,-0.00269419
1.531069e-07,0.000573836
1.531569e-07,-0.00126614
1.532069e-07,-0.00541296
1.532569e-07,-0.00533058
1.533069e-07,-0.00233718
1.533569e-07,-0.00829651
1.534069e-07,-0.0171119
1.534569e-07,-0.020023
1.535069e-07,-0.0229889
1.535569e-07,-0.0230987
1.536069e-07,-0.0185125
1.536569e-07,-0.0163705
1.537069e-07,-0.0189519
1.537569e-07,-0.0234832
1.538069e-07,-0.0255704
1.538569e-07,-0.0234283
1.539069e-07,-0.0185674
1.539569e-07,-0.0145854
1.540069e-07,-0.0177985
1.540569e-07,-0.0257901
1.541069e-07,-0.029113
1.541569e-07,-0.025488
1.542069e-07,-0.0234558
1.542569e-07,-0.0237578
1.543069e-07,-0.0189245
1.543569e-07,-0.0140911
1.544069e-07,-0.00961471
1.544569e-07,-0.00461655
1.545069e-07,-0.0121687
1.545569e-07,-0.0255704
1.546069e-07,-0.0254605
1.546569e-07,-0.0224396
1.547069e-07,-0.0306784
1.547569e-07,-0.0374341
1.548069e-07,-0.0345506
1.548569e-07,-0.0315022
1.549069e-07,-0.0406472
1.549569e-07,-0.0534172
1.550069e-07,-0.0470185
1.550569e-07,-0.0328479
1.551069e-07,-0.0269709
1.551569e-07,-0.0187048
1.552069e-07,-0.0104111
1.552569e-07,-0.0102738
1.553069e-07,-0.0107681
1.553569e-07,-0.00664877
1.554069e-07,-0.00280404
1.554569e-07,-0.00379268
1.555069e-07,-0.00340821
1.555569e-07,0.00211173
1.556069e-07,0.0024962
1.556569e-07,-0.00434193
1.557069e-07,-0.00708817
1.557569e-07,-0.00813174
1.558069e-07,-0.0142833
1.558569e-07,-0.0177985
1.559069e-07,-0.0147502
1.559569e-07,-0.012663
1.560069e-07,-0.0151896
1.560569e-07,-0.0188695
1.561069e-07,-0.0271632
1.561569e-07,-0.0356216
1.562069e-07,-0.0309255
1.562569e-07,-0.0190068
1.563069e-07,-0.00923024
1.563569e-07,0.000518912
1.564069e-07,0.00960896
1.564569e-07,0.010323
1.565069e-07,0.00496782
1.565569e-07,0.00084846
1.566069e-07,-0.00453417
1.566569e-07,-0.00483625
1.567069e-07,0.000875923
1.567569e-07,0.00370455
1.568069e-07,0.00812599
1.568569e-07,0.00993851
1.569069e-07,0.00785137
1.569569e-07,0.00988359
1.570069e-07,0.00815346
1.570569e-07,0.00351231
1.571069e-07,-0.000167648
1.571569e-07,-0.00296881
1.572069e-07,0.00433618
1.572569e-07,0.0101857
1.573069e-07,0.0014801
1.573569e-07,-0.00719802
1.574069e-07,-0.0124433
1.574569e-07,-0.0214785
1.575069e-07,-0.0304037
1.575569e-07,-0.0350449
1.576069e-07,-0.0311178
1.576569e-07,-0.0243345
1.577069e-07,-0.0236205
1.577569e-07,-0.0235107
1.578069e-07,-0.0201603
1.578569e-07,-0.0102463
1.579069e-07,0.00161741
1.579569e-07,0.00101323
1.580069e-07,-0.00717056
1.580569e-07,-0.0122236
1.581069e-07,-0.0168648
1.581569e-07,-0.0258999
1.582069e-07,-0.030184
1.582569e-07,-0.0206546
1.583069e-07,-0.00862606
1.583569e-07,0.00120547
1.584069e-07,0.0089224
1.584569e-07,0.00834569
1.585069e-07,0.00205681
1.585569e-07,-0.00382015
1.586069e-07,-0.0067037
1.586569e-07,-0.0107681
1.587069e-07,-0.0144756
1.587569e-07,-0.0123335
1.588069e-07,-0.00843383
1.588569e-07,-0.00760996
1.589069e-07,-0.00799443
1.589569e-07,-0.00612699
1.590069e-07,-0.00615445
1.590569e-07,-0.00607206
1.591069e-07,-0.000387347
1.591569e-07,0.00705496
1.592069e-07,0.0150465
1.592569e-07,0.0188638
1.593069e-07,0.0119433
1.593569e-07,0.00307291
1.594069e-07,0.00194696
1.594569e-07,0.00436365
1.595069e-07,-0.00129361
1.595569e-07,-0.0156839
1.596069e-07,-0.0212862
