LECROYWR640Zi,59892,Waveform
Segments,1,SegmentSize,4002
Segment,TrigTime,TimeSinceSegment1
#1,01-Nov-2023 13:36:53,0                 
Time,Ampl
-4.04048e-08,-0.0107407
-4.03548e-08,-0.00458909
-4.03048e-08,-0.00258434
-4.02548e-08,-0.00684101
-4.02048e-08,-0.0103287
-4.01548e-08,-0.0037103
-4.01048e-08,0.00719227
-4.00548e-08,0.00634094
-4.00048e-08,0.00342992
-3.99548e-08,0.00587408
-3.99048e-08,0.00241382
-3.98548e-08,0.00109562
-3.98048e-08,0.00625855
-3.97548e-08,0.00392425
-3.97048e-08,-0.0053855
-3.96548e-08,-0.00725294
-3.96048e-08,-0.00412223
-3.95548e-08,-0.0134045
-3.95048e-08,-0.0328479
-3.94548e-08,-0.0434209
-3.94048e-08,-0.0446018
-3.93548e-08,-0.0486388
-3.93048e-08,-0.04592
-3.92548e-08,-0.0230164
-3.92048e-08,0.0031553
-3.91548e-08,0.0129044
-3.91048e-08,0.013948
-3.90548e-08,0.0169963
-3.90048e-08,0.0142226
-3.89548e-08,0.00925195
-3.89048e-08,0.00776898
-3.88548e-08,-0.00211748
-3.88048e-08,-0.0102738
-3.87548e-08,-0.00511088
-3.87048e-08,-0.00176047
-3.86548e-08,-0.0047264
-3.86048e-08,-0.00489118
-3.85548e-08,-0.00121122
-3.85048e-08,0.000766073
-3.84548e-08,0.00150756
-3.84048e-08,0.00587408
-3.83548e-08,0.0110095
-3.83048e-08,0.0119433
-3.82548e-08,0.0111743
-3.82048e-08,0.00944419
-3.81548e-08,0.00156248
-3.81048e-08,-0.00980695
-3.80548e-08,-0.0119765
-3.80048e-08,-0.00574251
-3.79548e-08,-0.00445178
-3.79048e-08,-0.00332582
-3.78548e-08,0.00557199
-3.78048e-08,0.0131791
-3.77548e-08,0.00971881
-3.77048e-08,-0.00187032
-3.76548e-08,-0.00832398
-3.76048e-08,-0.0123335
-3.75548e-08,-0.0204074
-3.75048e-08,-0.0198033
-3.74548e-08,-0.01302
-3.74048e-08,-0.00706071
-3.73548e-08,0.000628761
-3.73048e-08,0.00120547
-3.72548e-08,-0.001733
-3.72048e-08,-0.00310612
-3.71548e-08,-0.0153818
-3.71048e-08,-0.0261471
-3.70548e-08,-0.0172218
-3.70048e-08,-0.0121412
-3.69548e-08,-0.0201603
-3.69048e-08,-0.0177161
-3.68548e-08,-0.0102463
-3.68048e-08,-0.00917531
-3.67548e-08,-0.00719802
-3.67048e-08,-0.00469894
-3.66548e-08,-0.00030496
-3.66048e-08,0.00180964
-3.65548e-08,-0.00607206
-3.65048e-08,-0.0190068
-3.64548e-08,-0.029827
-3.64048e-08,-0.0291954
-3.63548e-08,-0.0194737
-3.63048e-08,-0.0118666
-3.62548e-08,-0.00958725
-3.62048e-08,-0.0174415
-3.61548e-08,-0.0238952
-3.61048e-08,-0.0155466
-3.60548e-08,-0.00393
-3.60048e-08,0.000930848
-3.59548e-08,-0.00118376
-3.59048e-08,0.000409062
-3.58548e-08,0.00760421
-3.58048e-08,0.00801614
-3.57548e-08,0.00505021
-3.57048e-08,0.00161741
-3.56548e-08,-2.87366e-06
-3.56048e-08,-0.00145838
-3.55548e-08,-0.00843383
-3.55048e-08,-0.00892815
-3.54548e-08,-0.00544043
-3.54048e-08,-0.00623684
-3.53548e-08,-0.00755503
-3.53048e-08,-0.0077198
-3.52548e-08,-0.00491864
-3.52048e-08,-0.0053855
-3.51548e-08,-0.0121138
-3.51048e-08,-0.015629
-3.50548e-08,-0.0103287
-3.50048e-08,-0.00706071
-3.49548e-08,-0.0129651
-3.49048e-08,-0.0123609
-3.48548e-08,-0.00294135
-3.48048e-08,0.00277083
-3.47548e-08,0.00439111
-3.47048e-08,-0.000250035
-3.46548e-08,-0.00425954
-3.46048e-08,-0.006484
-3.45548e-08,-0.0224946
-3.45048e-08,-0.030596
-3.44548e-08,-0.0166451
-3.44048e-08,-0.0117568
-3.43548e-08,-0.0151896
-3.43048e-08,-0.00923024
-3.42548e-08,-0.00725294
-3.42048e-08,-0.0112899
-3.41548e-08,-0.009038
-3.41048e-08,-0.00637415
-3.40548e-08,-0.00695086
-3.40048e-08,-0.0104386
-3.39548e-08,-0.0187322
-3.39048e-08,-0.0182379
-3.38548e-08,-0.00906546
-3.38048e-08,-0.0112075
-3.37548e-08,-0.0207919
-3.37048e-08,-0.0235381
-3.36548e-08,-0.0277948
-3.36048e-08,-0.0359786
-3.35548e-08,-0.0316945
-3.35048e-08,-0.0191167
-3.34548e-08,-0.0167
-3.34048e-08,-0.0230987
-3.33548e-08,-0.0266414
-3.33048e-08,-0.0229889
-3.32548e-08,-0.014503
-3.32048e-08,-0.00107391
-3.31548e-08,0.00809853
-3.31048e-08,0.00180964
-3.30548e-08,-0.00722548
-3.30048e-08,-0.013075
-3.29548e-08,-0.0171669
-3.29048e-08,-0.0116744
-3.28548e-08,-0.00571505
-3.28048e-08,-0.00544043
-3.27548e-08,-0.0069234
-3.27048e-08,-0.0100816
-3.26548e-08,-0.00598967
-3.26048e-08,0.00499528
-3.25548e-08,0.00559945
-3.25048e-08,-0.00637415
-3.24548e-08,-0.0134869
-3.24048e-08,-0.0149973
-3.23548e-08,-0.0167549
-3.23048e-08,-0.0126356
-3.22548e-08,-0.0119215
-3.22048e-08,-0.0153818
-3.21548e-08,-0.0106583
-3.21048e-08,-0.00623684
-3.20548e-08,-0.00829651
-3.20048e-08,-0.0155466
-3.19548e-08,-0.0262295
-3.19048e-08,-0.0301566
-3.18548e-08,-0.025433
-3.18048e-08,-0.0190892
-3.17548e-08,-0.0163705
-3.17048e-08,-0.0202976
-3.16548e-08,-0.0246641
-3.16048e-08,-0.0189245
-3.15548e-08,-0.00780219
-3.15048e-08,-0.00162315
-3.14548e-08,-0.000414809
-3.14048e-08,0.00230397
-3.13548e-08,0.0102681
-3.13048e-08,0.0126298
-3.12548e-08,0.00461081
-3.12048e-08,-0.0102463
-3.11548e-08,-0.0295524
-3.11048e-08,-0.0369398
-3.10548e-08,-0.0309255
-3.10048e-08,-0.0245817
-3.09548e-08,-0.021451
-3.09048e-08,-0.0234832
-3.08548e-08,-0.0222749
-3.08048e-08,-0.0160409
-3.07548e-08,-0.0138439
-3.07048e-08,-0.0130475
-3.06548e-08,-0.0148051
-3.06048e-08,-0.0250486
-3.05548e-08,-0.0343309
-3.05048e-08,-0.0291679
-3.04548e-08,-0.0174415
-3.04048e-08,-0.0156564
-3.03548e-08,-0.0137066
-3.03048e-08,-0.00280404
-3.02548e-08,0.00532483
-3.02048e-08,0.0082633
-3.01548e-08,0.00510513
-3.01048e-08,-0.00376522
-3.00548e-08,-0.00684101
-3.00048e-08,-0.00236464
-2.99548e-08,-0.00395746
-2.99048e-08,-0.010466
-2.98548e-08,-0.00513834
-2.98048e-08,0.00568184
-2.97548e-08,0.00642333
-2.97048e-08,-0.000936595
-2.96548e-08,-0.00566013
-2.96048e-08,-0.00417716
-2.95548e-08,-0.00288642
-2.95048e-08,-0.00134853
-2.94548e-08,0.00395171
-2.94048e-08,0.00603885
-2.93548e-08,0.000711148
-2.93048e-08,-0.00225479
-2.92548e-08,-0.000167648
-2.92048e-08,0.00139771
-2.91548e-08,5.20511e-05
-2.91048e-08,-0.00618191
-2.90548e-08,-0.00923024
-2.90048e-08,-0.00728041
-2.89548e-08,-0.0102189
-2.89048e-08,-0.00944993
-2.88548e-08,-0.00129361
-2.88048e-08,0.000875923
-2.87548e-08,0.00318276
-2.87048e-08,0.00546214
-2.86548e-08,-0.00491864
-2.86048e-08,-0.0132672
-2.85548e-08,-0.00873591
-2.85048e-08,-0.00310612
-2.84548e-08,-0.00431447
-2.84048e-08,-0.0104935
-2.83548e-08,-0.0169746
-2.83048e-08,-0.0206821
-2.82548e-08,-0.0124983
-2.82048e-08,0.00279829
-2.81548e-08,0.00310038
-2.81048e-08,-0.00461655
-2.80548e-08,0.000738611
-2.80048e-08,0.0127946
-2.79548e-08,0.0155408
-2.79048e-08,0.0112018
-2.78548e-08,0.0089224
-2.78048e-08,0.00463827
-2.77548e-08,-0.000112723
-2.77048e-08,0.00285321
-2.76548e-08,0.00205681
-2.76048e-08,-0.00747264
-2.75548e-08,-0.00810428
-2.75048e-08,-0.000607046
-2.74548e-08,-0.000716896
-2.74048e-08,-0.00434193
-2.73548e-08,-0.00667623
-2.73048e-08,-0.00667623
-2.72548e-08,-0.00321597
-2.72048e-08,-0.00747264
-2.71548e-08,-0.017826
-2.71048e-08,-0.0220552
-2.70548e-08,-0.019254
-2.70048e-08,-0.0159311
-2.69548e-08,-0.0162881
-2.69048e-08,-0.0140362
-2.68548e-08,-0.00807682
-2.68048e-08,-0.0103287
-2.67548e-08,-0.0217256
-2.67048e-08,-0.0232635
-2.66548e-08,-0.0119215
-2.66048e-08,-0.00769234
-2.65548e-08,-0.0127729
-2.65048e-08,-0.0141185
-2.64548e-08,-0.00851621
-2.64048e-08,-0.00788458
-2.63548e-08,-0.0177161
-2.63048e-08,-0.0191167
-2.62548e-08,-0.011949
-2.62048e-08,-0.0170296
-2.61548e-08,-0.0270808
-2.61048e-08,-0.0237029
-2.60548e-08,-0.00950486
-2.60048e-08,0.00230397
-2.59548e-08,0.0042538
-2.59048e-08,-0.00222733
-2.58548e-08,-0.0083789
-2.58048e-08,-0.00766488
-2.57548e-08,-0.0079395
-2.57048e-08,-0.014503
-2.56548e-08,-0.0209018
-2.56048e-08,-0.0219728
-2.55548e-08,-0.0154093
-2.55048e-08,-0.00629176
-2.54548e-08,-0.00272165
-2.54048e-08,-0.0026118
-2.53548e-08,-0.00686847
-2.53048e-08,-0.0136517
-2.52548e-08,-0.00955978
-2.52048e-08,-0.0105484
-2.51548e-08,-0.034578
-2.51048e-08,-0.0559712
-2.50548e-08,-0.0538841
-2.50048e-08,-0.0393016
-2.49548e-08,-0.0324634
-2.49048e-08,-0.0311727
-2.48548e-08,-0.0184027
-2.48048e-08,-0.0032709
-2.47548e-08,0.000354137
-2.47048e-08,-0.000222573
-2.46548e-08,0.000985772
-2.46048e-08,-0.00219986
-2.45548e-08,-0.00620937
-2.45048e-08,0.00158994
-2.44548e-08,0.00650571
-2.44048e-08,0.00200188
-2.43548e-08,0.00263352
-2.43048e-08,-0.000579584
-2.42548e-08,-0.0111526
-2.42048e-08,-0.0175513
-2.41548e-08,-0.01302
-2.41048e-08,-0.00299627
-2.40548e-08,-0.00417716
-2.40048e-08,-0.0151346
-2.39548e-08,-0.019968
-2.39048e-08,-0.0142009
-2.38548e-08,-0.00684101
-2.38048e-08,-0.00458909
-2.37548e-08,-0.00324344
-2.37048e-08,-0.00088167
-2.36548e-08,0.000299213
-2.36048e-08,0.00606631
-2.35548e-08,0.0141403
-2.35048e-08,0.0112292
-2.34548e-08,0.00351231
-2.34048e-08,-0.00296881
-2.33548e-08,-0.0105759
-2.33048e-08,-0.0100816
-2.32548e-08,-0.0105484
-2.32048e-08,-0.0227417
-2.31548e-08,-0.0318592
-2.31048e-08,-0.0282891
-2.30548e-08,-0.0123884
-2.30048e-08,0.00606631
-2.29548e-08,0.00721973
-2.29048e-08,-0.00184285
-2.28548e-08,-0.00241956
-2.28048e-08,-0.00851621
-2.27548e-08,-0.0198033
-2.27048e-08,-0.017469
-2.26548e-08,-0.0167275
-2.26048e-08,-0.0255704
-2.25548e-08,-0.0258175
-2.25048e-08,-0.0216158
-2.24548e-08,-0.0204898
-2.24048e-08,-0.0110428
-2.23548e-08,-0.00360045
-2.23048e-08,-0.00906546
-2.22548e-08,-0.00782965
-2.22048e-08,0.000463987
-2.21548e-08,0.00414395
-2.21048e-08,0.0112842
-2.20548e-08,0.0134537
-2.20048e-08,0.000436525
-2.19548e-08,-0.00728041
-2.19048e-08,-0.00552281
-2.18548e-08,-0.00955978
-2.18048e-08,-0.0115096
-2.17548e-08,-0.00653892
-2.17048e-08,-0.00154077
-2.16548e-08,0.00244128
-2.16048e-08,-0.00129361
-2.15548e-08,-0.00840636
-2.15048e-08,-0.00719802
-2.14548e-08,-0.0081592
-2.14048e-08,-0.0163705
-2.13548e-08,-0.0193364
-2.13048e-08,-0.018897
-2.12548e-08,-0.0204074
-2.12048e-08,-0.0186773
-2.11548e-08,-0.0114272
-2.11048e-08,-0.00288642
-2.10548e-08,0.00117801
-2.10048e-08,0.00535229
-2.09548e-08,0.0105701
-2.09048e-08,0.00389679
-2.08548e-08,-0.0114272
-2.08048e-08,-0.0200504
-2.07548e-08,-0.0191991
-2.07048e-08,-0.0168099
-2.06548e-08,-0.0162331
-2.06048e-08,-0.0138988
-2.05548e-08,-0.013432
-2.05048e-08,-0.0121962
-2.04548e-08,-0.00566013
-2.04048e-08,-0.00533058
-2.03548e-08,-0.0115096
-2.03048e-08,-0.0145305
-2.02548e-08,-0.0121687
-2.02048e-08,-0.00695086
-2.01548e-08,-0.00656638
-2.01048e-08,-0.0109604
-2.00548e-08,-0.0102738
-2.00048e-08,-0.00154077
-1.99548e-08,0.00557199
-1.99048e-08,0.0029356
-1.98548e-08,-0.00640161
-1.98048e-08,-0.0165902
-1.97548e-08,-0.0232086
-1.97048e-08,-0.0256527
-1.96548e-08,-0.0257077
-1.96048e-08,-0.0243895
-1.95548e-08,-0.0266414
-1.95048e-08,-0.0271083
-1.94548e-08,-0.0200504
-1.94048e-08,-0.0215608
-1.93548e-08,-0.0250211
-1.93048e-08,-0.0128827
-1.92548e-08,-0.00294135
-1.92048e-08,-0.00285896
-1.91548e-08,-0.00110137
-1.91048e-08,0.00095831
-1.90548e-08,-0.0023921
-1.90048e-08,-0.010164
-1.89548e-08,-0.0175239
-1.89048e-08,-0.0183477
-1.88548e-08,-0.0107956
-1.88048e-08,-0.00447924
-1.87548e-08,0.000793536
-1.87048e-08,0.00452842
-1.86548e-08,-0.00351806
-1.86048e-08,-0.00769234
-1.85548e-08,-0.00456163
-1.85048e-08,-0.0067037
-1.84548e-08,-0.00321597
-1.84048e-08,0.00266098
-1.83548e-08,0.00279829
-1.83048e-08,0.00246874
-1.82548e-08,-0.00390253
-1.82048e-08,-0.0169197
-1.81548e-08,-0.0254605
-1.81048e-08,-0.0242522
-1.80548e-08,-0.0192815
-1.80048e-08,-0.0149424
-1.79548e-08,-0.00846129
-1.79048e-08,-0.00244703
-1.78548e-08,-0.00189778
-1.78048e-08,-0.00895561
-1.77548e-08,-0.0193089
-1.77048e-08,-0.022522
-1.76548e-08,-0.0179358
-1.76048e-08,-0.0106583
-1.75548e-08,-0.00942247
-1.75048e-08,-0.0153543
-1.74548e-08,-0.0124983
-1.74048e-08,-0.00763742
-1.73548e-08,-0.0133496
-1.73048e-08,-0.0129377
-1.72548e-08,-0.00206255
-1.72048e-08,0.00367709
-1.71548e-08,0.00180964
-1.71048e-08,-0.00030496
-1.70548e-08,-0.000112723
-1.70048e-08,-0.00178793
-1.69548e-08,-0.0106308
-1.69048e-08,-0.0194737
-1.68548e-08,-0.0182379
-1.68048e-08,-0.0188695
-1.67548e-08,-0.0310079
-1.67048e-08,-0.0337816
-1.66548e-08,-0.0171119
-1.66048e-08,-0.00678608
-1.65548e-08,-0.0153818
-1.65048e-08,-0.0215883
-1.64548e-08,-0.0169746
-1.64048e-08,-0.0213411
-1.63548e-08,-0.0318867
-1.63048e-08,-0.026202
-1.62548e-08,-0.0117019
-1.62048e-08,-0.00154077
-1.61548e-08,0.00754928
-1.61048e-08,0.0127122
-1.60548e-08,0.00804361
-1.60048e-08,-0.00354552
-1.59548e-08,-0.0140087
-1.59048e-08,-0.0186498
-1.58548e-08,-0.0177161
-1.58048e-08,-0.0107681
-1.57548e-08,-0.00684101
-1.57048e-08,-0.0164803
-1.56548e-08,-0.0243895
-1.56048e-08,-0.021451
-1.55548e-08,-0.0175239
-1.55048e-08,-0.00936755
-1.54548e-08,-0.0015133
-1.54048e-08,-0.00222733
-1.53548e-08,-0.000442272
-1.53048e-08,0.0101033
-1.52548e-08,0.0209784
-1.52048e-08,0.0240816
-1.51548e-08,0.020896
-1.51048e-08,0.0135635
-1.50548e-08,0.00927941
-1.50048e-08,0.0118883
-1.49548e-08,0.00664302
-1.49048e-08,-0.00522073
-1.48548e-08,-0.00585236
-1.48048e-08,-0.00288642
-1.47548e-08,-0.0107681
-1.47048e-08,-0.012718
-1.46548e-08,-0.000524659
-1.46048e-08,-0.00121122
-1.45548e-08,-0.0165902
-1.45048e-08,-0.0188421
-1.44548e-08,-0.00895561
-1.44048e-08,-0.00755503
-1.43548e-08,-0.0079395
-1.43048e-08,0.00128786
-1.42548e-08,0.00150756
-1.42048e-08,-0.0123609
-1.41548e-08,-0.0216707
-1.41048e-08,-0.0234283
-1.40548e-08,-0.0208743
-1.40048e-08,-0.0145579
-1.39548e-08,-0.0135144
-1.39048e-08,-0.0179084
-1.38548e-08,-0.0169746
-1.38048e-08,-0.0151621
-1.37548e-08,-0.0184027
-1.37048e-08,-0.0142009
-1.36548e-08,-0.00178793
-1.36048e-08,0.00194696
-1.35548e-08,0.00153502
-1.35048e-08,0.00513259
-1.34548e-08,0.000326675
-1.34048e-08,-0.00412223
-1.33548e-08,-0.00181539
-1.33048e-08,-0.00524819
-1.32548e-08,-0.00673116
-1.32048e-08,-0.0030512
-1.31548e-08,0.000326675
-1.31048e-08,0.000546374
-1.30548e-08,0.00186457
-1.30048e-08,0.011037
-1.29548e-08,0.0106525
-1.29048e-08,-0.00228225
-1.28548e-08,-0.0085986
-1.28048e-08,-0.00719802
-1.27548e-08,-0.00557774
-1.27048e-08,-0.00796697
-1.26548e-08,-0.0131024
-1.26048e-08,-0.0188146
-1.25548e-08,-0.0229065
-1.25048e-08,-0.0245268
-1.24548e-08,-0.0304587
-1.24048e-08,-0.0377637
-1.23548e-08,-0.040455
-1.23048e-08,-0.0358962
-1.22548e-08,-0.022165
-1.22048e-08,-0.0121138
-1.21548e-08,-0.013789
-1.21048e-08,-0.0140362
-1.20548e-08,-0.00596221
-1.20048e-08,-0.00763742
-1.19548e-08,-0.0200504
-1.19048e-08,-0.0205997
-1.18548e-08,-0.012663
-1.18048e-08,-0.0100266
-1.17548e-08,-0.0113998
-1.17048e-08,-0.0160409
-1.16548e-08,-0.020023
-1.16048e-08,-0.0144481
-1.15548e-08,-0.0083789
-1.15048e-08,-0.0129926
-1.14548e-08,-0.0209841
-1.14048e-08,-0.0298545
-1.13548e-08,-0.0355941
-1.13048e-08,-0.0341661
-1.12548e-08,-0.031667
-1.12048e-08,-0.0271357
-1.11548e-08,-0.027987
-1.11048e-08,-0.0316395
-1.10548e-08,-0.0178809
-1.10048e-08,-0.00274911
-1.09548e-08,-0.00332582
-1.09048e-08,-0.00252941
-1.08548e-08,-0.000250035
-1.08048e-08,-0.00527565
-1.07548e-08,-0.00832398
-1.07048e-08,-0.00673116
-1.06548e-08,-0.00936755
-1.06048e-08,-0.0189519
-1.05548e-08,-0.0268611
-1.05048e-08,-0.0242796
-1.04548e-08,-0.0137341
-1.04048e-08,-0.00338075
-1.03548e-08,0.00321023
-1.03048e-08,0.0010407
-1.02548e-08,-0.00758249
-1.02048e-08,-0.00936755
-1.01548e-08,-0.010521
-1.01048e-08,-0.0206821
-1.00548e-08,-0.0239226
-1.00048e-08,-0.0195836
-9.954796e-09,-0.0213137
-9.904796e-09,-0.0173866
-9.854796e-09,-0.00154077
-9.804796e-09,0.0102406
-9.754796e-09,0.0111469
-9.704796e-09,0.00620363
-9.654796e-09,-0.00203509
-9.604796e-09,-0.00436939
-9.554796e-09,0.003375
-9.504796e-09,0.00156248
-9.454796e-09,-0.00862606
-9.404796e-09,-0.00788458
-9.354796e-09,-0.00637415
-9.304796e-09,-0.01302
-9.254796e-09,-0.0184027
-9.204796e-09,-0.0180457
-9.154796e-09,-0.0110153
-9.104796e-09,-0.0049461
-9.054796e-09,-0.00332582
-9.004796e-09,0.00785137
-8.954796e-09,0.0217748
-8.904796e-09,0.0218297
-8.854796e-09,0.0151838
-8.804796e-09,0.00656064
-8.754796e-09,0.000628761
-8.704796e-09,0.00428126
-8.654796e-09,0.0070275
-8.604796e-09,-0.00214494
-8.554796e-09,-0.0109054
-8.504796e-09,-0.00206255
-8.454796e-09,0.00834569
-8.404796e-09,0.00488543
-8.354796e-09,0.000903385
-8.304796e-09,-0.000167648
-8.254796e-09,-0.00497357
-8.204796e-09,-0.0109878
-8.154796e-09,-0.0117568
-8.104796e-09,-0.00609952
-8.054796e-09,-0.00467148
-8.004796e-09,-0.0126356
-7.954796e-09,-0.0171669
-7.904796e-09,-0.0134594
-7.854796e-09,-0.0118941
-7.804796e-09,-0.0182654
-7.754796e-09,-0.0264492
-7.704796e-09,-0.0237578
-7.654796e-09,-0.0156839
-7.604796e-09,-0.0130475
-7.554796e-09,-0.00706071
-7.504796e-09,0.00364962
-7.454796e-09,0.0109546
-7.404796e-09,0.0126847
-7.354796e-09,0.00944419
-7.304796e-09,0.00669795
-7.254796e-09,0.0108448
-7.204796e-09,0.0155958
-7.154796e-09,0.0141403
-7.104796e-09,0.00930688
-7.054796e-09,0.00084846
-7.004796e-09,-0.00318851
-6.954796e-09,0.000711148
-6.904796e-09,-0.00211748
-6.854796e-09,-0.00653892
-6.804796e-09,0.00139771
-6.754796e-09,0.00922449
-6.704796e-09,0.0089224
-6.654796e-09,0.00903225
-6.604796e-09,0.00142517
-6.554796e-09,-0.0158212
-6.504796e-09,-0.025131
-6.454796e-09,-0.0271357
-6.404796e-09,-0.0277124
-6.354796e-09,-0.0245268
-6.304796e-09,-0.0204624
-6.254796e-09,-0.017414
-6.204796e-09,-0.0129651
-6.154796e-09,-0.00898307
-6.104796e-09,-0.00730787
-6.054796e-09,-0.00099152
-6.004796e-09,0.00697257
-5.954796e-09,0.00667049
-5.904796e-09,0.00455588
-5.854796e-09,0.0122728
-5.804796e-09,0.0233402
-5.754796e-09,0.0232028
-5.704796e-09,0.0149641
-5.654796e-09,0.00244128
-5.604796e-09,-0.0154093
-5.554796e-09,-0.0229065
-5.504796e-09,-0.0162057
-5.454796e-09,-0.0145854
-5.404796e-09,-0.0159036
-5.354796e-09,-0.0111801
-5.304796e-09,-0.00914785
-5.254796e-09,-0.00873591
-5.204796e-09,-0.00923024
-5.154796e-09,-0.0124708
-5.104796e-09,-0.0134045
-5.054796e-09,-0.0143108
-5.004796e-09,-0.0124433
-4.954796e-09,-0.000826745
-4.904796e-09,0.0105701
-4.854796e-09,0.00930688
-4.804796e-09,0.00947165
-4.754796e-09,0.0164471
-4.704796e-09,0.0101857
-4.654796e-09,-0.000826745
-4.604796e-09,-0.00458909
-4.554796e-09,-0.00898307
-4.504796e-09,-0.00752757
-4.454796e-09,-0.00316105
-4.404796e-09,-0.00782965
-4.354796e-09,-0.0104386
-4.304796e-09,-0.00631922
-4.254796e-09,-0.00750011
-4.204796e-09,-0.0120589
-4.154796e-09,-0.00986187
-4.104796e-09,-0.0019527
-4.054796e-09,0.00353977
-4.004796e-09,0.00375947
-3.954796e-09,-0.00228225
-3.904796e-09,-0.00755503
-3.854796e-09,0.00139771
-3.804796e-09,0.011394
-3.754796e-09,0.0117236
-3.704796e-09,0.012163
-3.654796e-09,0.00925195
-3.604796e-09,0.0061487
-3.554796e-09,0.00301799
-3.504796e-09,-0.0092577
-3.454796e-09,-0.0191716
-3.404796e-09,-0.0244719
-3.354796e-09,-0.0297446
-3.304796e-09,-0.0273829
-3.254796e-09,-0.0266963
-3.204796e-09,-0.0344407
-3.154796e-09,-0.0375165
-3.104796e-09,-0.0372693
-3.054796e-09,-0.0368299
-3.004796e-09,-0.0326007
-2.954796e-09,-0.0363356
-2.904796e-09,-0.0427893
-2.854796e-09,-0.0339189
-2.804796e-09,-0.0196659
-2.754796e-09,-0.0122786
-2.704796e-09,-0.00865353
-2.654796e-09,-0.00802189
-2.604796e-09,-0.00977948
-2.554796e-09,-0.00807682
-2.504796e-09,-0.00755503
-2.454796e-09,-0.013432
-2.404796e-09,-0.0138439
-2.354796e-09,-0.0135693
-2.304796e-09,-0.0202976
-2.254796e-09,-0.017414
-2.204796e-09,-0.0107681
-2.154796e-09,-0.0151072
-2.104796e-09,-0.0157388
-2.054796e-09,-0.0114272
-2.004796e-09,-0.0159585
-1.954796e-09,-0.0217256
-1.904796e-09,-0.0229614
-1.854796e-09,-0.0257351
-1.804796e-09,-0.0257901
-1.754796e-09,-0.0230164
-1.704796e-09,-0.0229889
-1.654796e-09,-0.0155466
-1.604796e-09,-0.00483625
-1.554796e-09,-0.010164
-1.504796e-09,-0.0168099
-1.454796e-09,-0.0109878
-1.404796e-09,-0.00829651
-1.354796e-09,-0.00623684
-1.304796e-09,0.00257859
-1.254796e-09,0.00804361
-1.204796e-09,0.00719227
-1.154796e-09,0.00233143
-1.104796e-09,-0.000607046
-1.054796e-09,2.45887e-05
-1.004796e-09,-0.00505595
-9.547962e-10,-0.0114547
-9.047962e-10,-0.0127454
-8.547962e-10,-0.0159585
-8.047962e-10,-0.0187597
-7.547962e-10,-0.0133221
-7.047962e-10,-0.00247449
-6.547962e-10,0.00642333
-6.047962e-10,0.012877
-5.547962e-10,0.019825
-5.047962e-10,0.0180399
-4.547962e-10,0.0061487
-4.047962e-10,-0.00678608
-3.547962e-10,-0.0191716
-3.047962e-10,-0.0205722
-2.547962e-10,-0.0137341
-2.047962e-10,-0.0163155
-1.547962e-10,-0.0099168
-1.047962e-10,0.0252076
-5.479619e-11,0.0742829
-4.796189e-12,0.135963
4.520381e-11,0.219147
9.520381e-11,0.314798
1.452038e-10,0.411713
1.952038e-10,0.511978
2.452038e-10,0.62375
2.952038e-10,0.741976
3.452038e-10,0.836611
3.952038e-10,0.88489
4.452038e-10,0.904691
4.952038e-10,0.918422
5.452038e-10,0.92342
5.952038e-10,0.916252
6.452038e-10,0.91271
6.952038e-10,0.919438
7.452038e-10,0.921141
7.952038e-10,0.919685
8.452038e-10,0.927429
8.952038e-10,0.937783
9.452038e-10,0.940502
9.952038e-10,0.931329
1.045204e-09,0.917955
1.095204e-09,0.916307
1.145204e-09,0.915099
1.195204e-09,0.902411
1.245204e-09,0.898127
1.295204e-09,0.900489
1.345204e-09,0.892607
1.395204e-09,0.884396
1.445204e-09,0.879865
1.495204e-09,0.874674
1.545204e-09,0.869044
1.595204e-09,0.851825
1.645204e-09,0.829828
1.695204e-09,0.824748
1.745204e-09,0.827109
1.795204e-09,0.816811
1.845204e-09,0.797065
1.895204e-09,0.779901
1.945204e-09,0.770207
1.995204e-09,0.763781
2.045204e-09,0.752988
2.095204e-09,0.741839
2.145204e-09,0.736374
2.195204e-09,0.733875
2.245204e-09,0.735412
2.295204e-09,0.732309
2.345204e-09,0.722395
2.395204e-09,0.719704
2.445204e-09,0.715639
2.495204e-09,0.701606
2.545204e-09,0.683783
2.595204e-09,0.672716
2.645204e-09,0.670107
2.695204e-09,0.652833
2.745204e-09,0.632538
2.795204e-09,0.631852
2.845204e-09,0.628254
2.895204e-09,0.619247
2.945204e-09,0.615319
2.995204e-09,0.603593
3.045204e-09,0.588269
3.095204e-09,0.581953
3.145204e-09,0.577064
3.195204e-09,0.561905
3.245204e-09,0.544741
3.295204e-09,0.537683
3.345204e-09,0.535816
3.395204e-09,0.543423
3.445204e-09,0.555863
3.495204e-09,0.558088
3.545204e-09,0.558253
3.595204e-09,0.56034
3.645204e-09,0.560971
3.695204e-09,0.558198
3.745204e-09,0.551414
3.795204e-09,0.542022
3.845204e-09,0.525902
3.895204e-09,0.513709
3.945204e-09,0.512857
3.995204e-09,0.509534
4.045204e-09,0.499153
4.095204e-09,0.48913
4.145204e-09,0.491464
4.195204e-09,0.504097
4.245204e-09,0.508161
4.295204e-09,0.503328
4.345204e-09,0.497121
4.395204e-09,0.487317
4.445204e-09,0.478694
4.495204e-09,0.476634
4.545204e-09,0.474327
4.595204e-09,0.460843
4.645204e-09,0.439258
4.695204e-09,0.426625
4.745204e-09,0.426735
4.795204e-09,0.42668
4.845204e-09,0.430086
4.895204e-09,0.440329
4.945204e-09,0.438599
4.995204e-09,0.425197
5.045204e-09,0.412208
5.095204e-09,0.400399
5.145204e-09,0.39606
5.195204e-09,0.39735
5.245204e-09,0.392462
5.295204e-09,0.381257
5.345204e-09,0.371234
5.395204e-09,0.367224
5.445204e-09,0.369833
5.495204e-09,0.374474
5.545204e-09,0.378127
5.595204e-09,0.378758
5.645204e-09,0.371179
5.695204e-09,0.363242
5.745204e-09,0.358546
5.795204e-09,0.343387
5.845204e-09,0.327898
5.895204e-09,0.326086
5.945204e-09,0.323367
5.995204e-09,0.317572
6.045204e-09,0.317325
6.095204e-09,0.314249
6.145204e-09,0.304967
6.195204e-09,0.292279
6.245204e-09,0.284727
6.295204e-09,0.29703
6.345204e-09,0.31337
6.395204e-09,0.313041
6.445204e-09,0.308619
6.495204e-09,0.316281
6.545204e-09,0.325948
6.595204e-09,0.322213
6.645204e-09,0.317517
6.695204e-09,0.316281
6.745204e-09,0.308015
6.795204e-09,0.300271
6.845204e-09,0.293048
6.895204e-09,0.281157
6.945204e-09,0.265641
6.995204e-09,0.245621
7.045204e-09,0.238728
7.095204e-09,0.251031
7.145204e-09,0.255809
7.195204e-09,0.2426
7.245204e-09,0.231038
7.295204e-09,0.236586
7.345204e-09,0.245291
7.395204e-09,0.243204
7.445204e-09,0.24963
7.495204e-09,0.268057
7.545204e-09,0.271792
7.595204e-09,0.263911
7.645204e-09,0.265339
7.695204e-09,0.269843
7.745204e-09,0.258501
7.795204e-09,0.237766
7.845204e-09,0.229885
7.895204e-09,0.233702
7.945204e-09,0.233977
7.995204e-09,0.230352
8.045204e-09,0.232796
8.095204e-09,0.237052
8.145204e-09,0.230983
8.195204e-09,0.225793
8.245204e-09,0.234993
8.295204e-09,0.243286
8.345204e-09,0.240485
8.395204e-09,0.234224
8.445204e-09,0.228649
8.495204e-09,0.22755
8.545204e-09,0.22615
8.595204e-09,0.209535
8.645204e-09,0.183501
8.695204e-09,0.168479
8.745204e-09,0.168808
8.795204e-09,0.17713
8.845204e-09,0.182375
8.895204e-09,0.182842
8.945204e-09,0.188307
8.995204e-09,0.195886
9.045204e-09,0.19866
9.095204e-09,0.193222
9.145204e-09,0.183748
9.195204e-09,0.177047
9.245204e-09,0.166282
9.295204e-09,0.158016
9.345204e-09,0.160185
9.395204e-09,0.165321
9.445204e-09,0.174273
9.495204e-09,0.185478
9.545204e-09,0.18762
9.595204e-09,0.182759
9.645204e-09,0.185945
9.695204e-09,0.191273
9.745204e-09,0.183666
9.795204e-09,0.174191
9.845204e-09,0.172159
9.895204e-09,0.172241
9.945204e-09,0.163508
9.995204e-09,0.142142
1.00452e-08,0.13448
1.00952e-08,0.145356
1.01452e-08,0.142225
1.01952e-08,0.126269
1.02452e-08,0.125802
1.02952e-08,0.136101
1.03452e-08,0.135112
1.03952e-08,0.129757
1.04452e-08,0.135057
1.04952e-08,0.140989
1.05452e-08,0.133904
1.05952e-08,0.12539
1.06452e-08,0.125281
1.06952e-08,0.117591
1.07452e-08,0.0972964
1.07952e-08,0.0825491
1.08452e-08,0.085872
1.08952e-08,0.0980378
1.09452e-08,0.101471
1.09952e-08,0.0960331
1.10452e-08,0.0948522
1.10952e-08,0.100455
1.11452e-08,0.098999
1.11952e-08,0.0924904
1.12452e-08,0.095017
1.12952e-08,0.0966373
1.13452e-08,0.0910624
1.13952e-08,0.0864213
1.14452e-08,0.0842792
1.14952e-08,0.0864213
1.15452e-08,0.0873824
1.15952e-08,0.0798303
1.16452e-08,0.0724978
1.16952e-08,0.0777981
1.17452e-08,0.0841968
1.17952e-08,0.0751342
1.18452e-08,0.0685707
1.18952e-08,0.0701086
1.19452e-08,0.0633529
1.19952e-08,0.0575034
1.20452e-08,0.059618
1.20952e-08,0.0600024
1.21452e-08,0.0578055
1.21952e-08,0.0604144
1.22452e-08,0.0646161
1.22952e-08,0.0632979
1.23452e-08,0.0575583
1.23952e-08,0.0511046
1.24452e-08,0.0506103
1.24952e-08,0.0472874
1.25452e-08,0.0374558
1.25952e-08,0.0396528
1.26452e-08,0.0471226
1.26952e-08,0.0417674
1.27452e-08,0.0300684
1.27952e-08,0.0297664
1.28452e-08,0.042811
1.28952e-08,0.0533291
1.29452e-08,0.060332
1.29952e-08,0.0644788
1.30452e-08,0.0631606
1.30952e-08,0.0670054
1.31452e-08,0.0685432
1.31952e-08,0.0631332
1.32452e-08,0.0642317
1.32952e-08,0.0602771
1.33452e-08,0.0430856
1.33952e-08,0.0330893
1.34452e-08,0.0365221
1.34952e-08,0.0356982
1.35452e-08,0.0259491
1.35952e-08,0.0244661
1.36452e-08,0.0360003
1.36952e-08,0.0426188
1.37452e-08,0.0353412
1.37952e-08,0.0317711
1.38452e-08,0.0403668
1.38952e-08,0.0419047
1.39452e-08,0.0337759
1.39952e-08,0.0359729
1.40452e-08,0.0484957
1.40952e-08,0.0525052
1.41452e-08,0.049704
1.41952e-08,0.0493745
1.42452e-08,0.043168
1.42952e-08,0.0335287
1.43452e-08,0.0277341
1.43952e-08,0.0226811
1.44452e-08,0.0204017
1.44952e-08,0.017985
1.45452e-08,0.00743943
1.45952e-08,-0.000387347
1.46452e-08,0.00675287
1.46952e-08,0.0129594
1.47452e-08,0.0155958
1.47952e-08,0.0315514
1.48452e-08,0.0464635
1.48952e-08,0.0483859
1.49452e-08,0.0483584
1.49952e-08,0.0461614
1.50452e-08,0.0378678
1.50952e-08,0.029327
1.51452e-08,0.0233676
1.51952e-08,0.0200447
1.52452e-08,0.0202644
1.52952e-08,0.0207312
1.53452e-08,0.0244387
1.53952e-08,0.0281461
1.54452e-08,0.0253449
1.54952e-08,0.0224064
1.55452e-08,0.0200447
1.55952e-08,0.0236148
1.56452e-08,0.0361102
1.56952e-08,0.0437722
1.57452e-08,0.0425364
1.57952e-08,0.0335012
1.58452e-08,0.0235324
1.58952e-08,0.0247133
1.59452e-08,0.0250428
1.59952e-08,0.0137832
1.60452e-08,0.00573677
1.60952e-08,0.00491289
1.61452e-08,0.00491289
1.61952e-08,0.0102955
1.62452e-08,0.0162823
1.62952e-08,0.0207312
1.63452e-08,0.0320183
1.63952e-08,0.0335012
1.64452e-08,0.0185892
1.64952e-08,0.0127671
1.65452e-08,0.014662
1.65952e-08,0.00818092
1.66452e-08,-0.00187032
1.66952e-08,-0.0128003
1.67452e-08,-0.0160134
1.67952e-08,-0.00121122
1.68452e-08,0.0140304
1.68952e-08,0.020182
1.69452e-08,0.0246858
1.69952e-08,0.0228184
1.70452e-08,0.0180125
1.70952e-08,0.0204566
1.71452e-08,0.0258118
1.71952e-08,0.026004
1.72452e-08,0.0231205
1.72952e-08,0.0227085
1.73452e-08,0.023093
1.73952e-08,0.0211157
1.74452e-08,0.0175456
1.74952e-08,0.00754928
1.75452e-08,-0.00307866
1.75952e-08,-0.00187032
1.76452e-08,-0.00129361
1.76952e-08,-0.00752757
1.77452e-08,-0.00711563
1.77952e-08,-0.00368283
1.78452e-08,-0.00675862
1.78952e-08,-0.00684101
1.79452e-08,0.0024962
1.79952e-08,0.00963642
1.80452e-08,0.00480304
1.80952e-08,-0.00508342
1.81452e-08,-0.00642907
1.81952e-08,-0.00214494
1.82452e-08,-0.00088167
1.82952e-08,-0.00148584
1.83452e-08,-0.000634509
1.83952e-08,0.00738451
1.84452e-08,0.0169963
1.84952e-08,0.0156232
1.85452e-08,0.0169414
1.85952e-08,0.0246858
1.86452e-08,0.0175456
1.86952e-08,0.000711148
1.87452e-08,-0.0113174
1.87952e-08,-0.0123609
1.88452e-08,-0.00184285
1.88952e-08,0.00507767
1.89452e-08,0.00694511
1.89952e-08,0.0141403
1.90452e-08,0.0238894
1.90952e-08,0.0286404
1.91452e-08,0.0246858
1.91952e-08,0.0159253
1.92452e-08,0.00667049
1.92952e-08,-0.00178793
1.93452e-08,-0.00821413
1.93952e-08,-0.0175788
1.94452e-08,-0.030239
1.94952e-08,-0.0332873
1.95452e-08,-0.0204074
1.95952e-08,-0.00456163
1.96452e-08,0.0042538
1.96952e-08,0.00925195
1.97452e-08,0.0106251
1.97952e-08,0.00732958
1.98452e-08,0.00436365
1.98952e-08,0.00139771
1.99452e-08,-0.00568759
1.99952e-08,-0.00906546
2.00452e-08,-0.00766488
2.00952e-08,-0.00739026
2.01452e-08,-0.00587982
2.01952e-08,-0.010164
2.02452e-08,-0.0206271
2.02952e-08,-0.0258175
2.03452e-08,-0.0292503
2.03952e-08,-0.0341661
2.04452e-08,-0.029827
2.04952e-08,-0.0136517
2.05452e-08,-0.000469734
2.05952e-08,0.00241382
2.06452e-08,0.00485797
2.06952e-08,0.00925195
2.07452e-08,0.00873017
2.07952e-08,0.00650571
2.08452e-08,0.00609378
2.08952e-08,0.00419887
2.09452e-08,0.00202934
2.09952e-08,0.00510513
2.10452e-08,0.0114215
2.10952e-08,0.0110095
2.11452e-08,0.00900479
2.11952e-08,0.00628601
2.12452e-08,-0.0062643
2.12952e-08,-0.012663
2.13452e-08,-0.00857114
2.13952e-08,-0.00777473
2.14452e-08,-0.00829651
2.14952e-08,-0.0129651
2.15452e-08,-0.015574
2.15952e-08,-0.0053855
2.16452e-08,0.00494036
2.16952e-08,0.0128495
2.17452e-08,0.0162274
2.17952e-08,0.00716481
2.18452e-08,0.00128786
2.18952e-08,0.00106816
2.19452e-08,-0.00206255
2.19952e-08,-0.00258434
2.20452e-08,-0.00489118
2.20952e-08,-0.0152445
2.21452e-08,-0.0291405
2.21952e-08,-0.0333147
2.22452e-08,-0.0222474
2.22952e-08,-0.0119765
2.23452e-08,-0.0123335
2.23952e-08,-0.0221925
2.24452e-08,-0.0306234
2.24952e-08,-0.0243071
2.25452e-08,-0.0160958
2.25952e-08,-0.012718
2.26452e-08,-0.00563266
2.26952e-08,-0.00302374
2.27452e-08,-0.00557774
2.27952e-08,-0.00489118
2.28452e-08,-0.00505595
2.28952e-08,-0.00656638
2.29452e-08,-0.0079395
2.29952e-08,-0.0167549
2.30452e-08,-0.0285088
2.30952e-08,-0.0280145
2.31452e-08,-0.0254056
2.31952e-08,-0.0262569
2.32452e-08,-0.0168922
2.32952e-08,-0.0121687
2.33452e-08,-0.017469
2.33952e-08,-0.0149424
2.34452e-08,-0.014146
2.34952e-08,-0.018897
2.35452e-08,-0.0155191
2.35952e-08,-0.00807682
2.36452e-08,-0.00461655
2.36952e-08,-0.00884576
2.37452e-08,-0.0146678
2.37952e-08,-0.0101365
2.38452e-08,-0.00601714
2.38952e-08,-0.006484
2.39452e-08,-0.00360045
2.39952e-08,-0.00744518
2.40452e-08,-0.0133221
2.40952e-08,-0.00530311
2.41452e-08,0.003375
2.41952e-08,-0.00030496
2.42452e-08,-0.00379268
2.42952e-08,-3.03361e-05
2.43452e-08,0.00691765
2.43952e-08,0.0139206
2.44452e-08,0.0158704
2.44952e-08,0.0133713
2.45452e-08,0.0116137
2.45952e-08,0.0119707
2.46452e-08,0.0116686
2.46952e-08,0.0103504
2.47452e-08,0.00697257
2.47952e-08,0.00117801
2.48452e-08,-0.000222573
2.48952e-08,-0.00181539
2.49452e-08,-0.00870845
2.49952e-08,-0.0128827
2.50452e-08,-0.0118941
2.50952e-08,-0.0137615
2.51452e-08,-0.0227692
2.51952e-08,-0.0298545
2.52452e-08,-0.0316121
2.52952e-08,-0.0301017
2.53452e-08,-0.0229065
2.53952e-08,-0.0126905
2.54452e-08,-0.00546789
2.54952e-08,-0.00906546
2.55452e-08,-0.0246916
2.55952e-08,-0.0373792
2.56452e-08,-0.0371046
2.56952e-08,-0.0315572
2.57452e-08,-0.0286736
2.57952e-08,-0.0293876
2.58452e-08,-0.0285638
2.58952e-08,-0.0247465
2.59452e-08,-0.0243895
2.59952e-08,-0.0265315
2.60452e-08,-0.0271632
2.60952e-08,-0.0268886
2.61452e-08,-0.0281518
2.61952e-08,-0.0310903
2.62452e-08,-0.0269435
2.62952e-08,-0.0173316
2.63452e-08,-0.0162057
2.63952e-08,-0.0213961
2.64452e-08,-0.025845
2.64952e-08,-0.0251035
2.65452e-08,-0.0151621
2.65952e-08,-0.00804935
2.66452e-08,-0.0147776
2.66952e-08,-0.0235656
2.67452e-08,-0.0167275
2.67952e-08,-0.00373776
2.68452e-08,-0.00522073
2.68952e-08,-0.0131299
2.69452e-08,-0.0136791
2.69952e-08,-0.0153543
2.70452e-08,-0.0244444
2.70952e-08,-0.0241698
2.71452e-08,-0.0110153
2.71952e-08,-0.00862606
2.72452e-08,-0.014915
2.72952e-08,-0.0109604
2.73452e-08,-0.00362791
2.73952e-08,-0.00318851
2.74452e-08,-0.00873591
2.74952e-08,-0.0153818
2.75452e-08,-0.0209018
2.75952e-08,-0.0269709
2.76452e-08,-0.0320789
2.76952e-08,-0.0347703
2.77452e-08,-0.029113
2.77952e-08,-0.0134869
2.78452e-08,-0.000579584
2.78952e-08,2.45887e-05
2.79452e-08,-0.00590729
2.79952e-08,-0.00909292
2.80452e-08,-0.0127729
2.80952e-08,-0.0167
2.81452e-08,-0.014915
2.81952e-08,-0.0167275
2.82452e-08,-0.0244169
2.82952e-08,-0.0213137
2.83452e-08,-0.00901054
2.83952e-08,-0.00357298
2.84452e-08,-0.00944993
2.84952e-08,-0.0223573
2.85452e-08,-0.0308431
2.85952e-08,-0.0333971
2.86452e-08,-0.0392466
2.86952e-08,-0.0426794
2.87452e-08,-0.0401529
2.87952e-08,-0.0407571
2.88452e-08,-0.038615
2.88952e-08,-0.0268611
2.89452e-08,-0.0164528
2.89952e-08,-0.00980695
2.90452e-08,-0.00324344
2.90952e-08,0.00345739
2.91452e-08,0.0138382
2.91952e-08,0.0222417
2.92452e-08,0.0185068
2.92952e-08,0.00768659
2.93452e-08,-3.03361e-05
2.93952e-08,-0.00651146
2.94452e-08,-0.0151621
2.94952e-08,-0.0233459
2.95452e-08,-0.024719
2.95952e-08,-0.014146
2.96452e-08,-0.000964057
2.96952e-08,0.00342992
2.97452e-08,0.00137025
2.97952e-08,-0.000579584
2.98452e-08,0.00277083
2.98952e-08,0.00886748
2.99452e-08,0.00988359
2.99952e-08,0.00257859
3.00452e-08,-0.0116744
3.00952e-08,-0.0233734
3.01452e-08,-0.0256253
3.01952e-08,-0.0215059
3.02452e-08,-0.0119765
3.02952e-08,-0.00412223
3.03452e-08,-0.00329836
3.03952e-08,0.00483051
3.04452e-08,0.0202644
3.04952e-08,0.0267455
3.05452e-08,0.034023
3.05952e-08,0.0452277
3.06452e-08,0.0363848
3.06952e-08,0.0109272
3.07452e-08,-0.000607046
3.07952e-08,0.00400663
3.08452e-08,0.00463827
3.08952e-08,-0.00398492
3.09452e-08,-0.0138714
3.09952e-08,-0.0107681
3.10452e-08,-0.000222573
3.10952e-08,-0.000744358
3.11452e-08,-0.00030496
3.11952e-08,0.00875763
3.12452e-08,0.00884002
3.12952e-08,0.000134438
3.13452e-08,-0.000387347
3.13952e-08,0.00628601
3.14452e-08,0.00686272
3.14952e-08,0.00831823
3.15452e-08,0.0177378
3.15952e-08,0.0218846
3.16452e-08,0.0180125
3.16952e-08,0.0143874
3.17452e-08,0.012163
3.17952e-08,0.0068078
3.18452e-08,-0.000442272
3.18952e-08,-0.00522073
3.19452e-08,-0.00988933
3.19952e-08,-0.0085986
3.20452e-08,-0.00115629
3.20952e-08,-0.00530311
3.21452e-08,-0.0150523
3.21952e-08,-0.0160684
3.22452e-08,-0.0179633
3.22952e-08,-0.0183203
3.23452e-08,-0.00780219
3.23952e-08,-0.00101898
3.24452e-08,-0.00736279
3.24952e-08,-0.0136791
3.25452e-08,-0.0139263
3.25952e-08,-0.0154917
3.26452e-08,-0.0237853
3.26952e-08,-0.0393565
3.27452e-08,-0.049957
3.27952e-08,-0.0432012
3.28452e-08,-0.0305136
3.28952e-08,-0.0227143
3.29452e-08,-0.0111801
3.29952e-08,0.00109562
3.30452e-08,0.00485797
3.30952e-08,0.00873017
3.31452e-08,0.0142226
3.31952e-08,0.012877
3.32452e-08,0.00713735
3.32952e-08,0.00139771
3.33452e-08,-0.00917531
3.33952e-08,-0.0212862
3.34452e-08,-0.0221101
3.34952e-08,-0.0178809
3.35452e-08,-0.0167549
3.35952e-08,-0.0132947
3.36452e-08,-0.0109878
3.36952e-08,-0.0164803
3.37452e-08,-0.0255704
3.37952e-08,-0.0301291
3.38452e-08,-0.031667
3.38952e-08,-0.0303763
3.39452e-08,-0.0206546
3.39952e-08,-0.0111251
3.40452e-08,-0.011592
3.40952e-08,-0.0164528
3.41452e-08,-0.0159311
3.41952e-08,-0.0120589
3.42452e-08,-0.0140087
3.42952e-08,-0.0207095
3.43452e-08,-0.0256802
3.43952e-08,-0.0281244
3.44452e-08,-0.0285088
3.44952e-08,-0.0288109
3.45452e-08,-0.0296348
3.45952e-08,-0.0259548
3.46452e-08,-0.0251859
3.46952e-08,-0.0351547
3.47452e-08,-0.038258
3.47952e-08,-0.0329303
3.48452e-08,-0.0341661
3.48952e-08,-0.0290855
3.49452e-08,-0.019611
3.49952e-08,-0.0202701
3.50452e-08,-0.0175239
3.50952e-08,-0.0106583
3.51452e-08,-0.0110153
3.51952e-08,-0.0107956
3.52452e-08,-0.00530311
3.52952e-08,-0.00088167
3.53452e-08,-0.00497357
3.53952e-08,-0.0235381
3.54452e-08,-0.0461946
3.54952e-08,-0.0560811
3.55452e-08,-0.0551473
3.55952e-08,-0.0541862
3.56452e-08,-0.0581407
3.56952e-08,-0.0608595
3.57452e-08,-0.0548178
3.57952e-08,-0.0454531
3.58452e-08,-0.0372968
3.58952e-08,-0.0318867
3.59452e-08,-0.0301566
3.59952e-08,-0.028399
3.60452e-08,-0.0296897
3.60952e-08,-0.03315
3.61452e-08,-0.0321064
3.61952e-08,-0.0323536
3.62452e-08,-0.0393016
3.62952e-08,-0.0417182
3.63452e-08,-0.0322163
3.63952e-08,-0.0273005
3.64452e-08,-0.0349076
3.64952e-08,-0.037489
3.65452e-08,-0.0321064
3.65952e-08,-0.0311452
3.66452e-08,-0.0356765
3.66952e-08,-0.0374616
3.67452e-08,-0.03131
3.67952e-08,-0.0229889
3.68452e-08,-0.0198307
3.68952e-08,-0.0207095
3.69452e-08,-0.0239501
3.69952e-08,-0.0286187
3.70452e-08,-0.0309255
3.70952e-08,-0.0342485
3.71452e-08,-0.0420203
3.71952e-08,-0.0474579
3.72452e-08,-0.0527307
3.72952e-08,-0.0624798
3.73452e-08,-0.0673681
3.73952e-08,-0.0665442
3.74452e-08,-0.0655281
3.74952e-08,-0.0578112
3.75452e-08,-0.0488035
3.75952e-08,-0.0559438
3.76452e-08,-0.0695376
3.76952e-08,-0.0680821
3.77452e-08,-0.0605849
3.77952e-08,-0.0593216
3.78452e-08,-0.0517969
3.78952e-08,-0.0391368
3.79452e-08,-0.0357864
3.79952e-08,-0.0412788
3.80452e-08,-0.0475403
3.80952e-08,-0.0467713
3.81452e-08,-0.0455355
3.81952e-08,-0.0497922
3.82452e-08,-0.0505062
3.82952e-08,-0.0464418
3.83452e-08,-0.0398508
3.83952e-08,-0.0355392
3.84452e-08,-0.0356216
3.84952e-08,-0.0368849
3.85452e-08,-0.0435308
3.85952e-08,-0.0483367
3.86452e-08,-0.0504238
3.86952e-08,-0.0569599
3.87452e-08,-0.056136
3.87952e-08,-0.0555593
3.88452e-08,-0.064155
3.88952e-08,-0.0665992
3.89452e-08,-0.0607497
3.89952e-08,-0.0483916
3.90452e-08,-0.0396586
3.90952e-08,-0.0439976
3.91452e-08,-0.0400705
3.91952e-08,-0.0293602
3.92452e-08,-0.0390269
3.92952e-08,-0.0522089
3.93452e-08,-0.049545
3.93952e-08,-0.0497922
3.94452e-08,-0.0555867
3.94952e-08,-0.05685
3.95452e-08,-0.0580034
3.95952e-08,-0.053939
3.96452e-08,-0.0375989
3.96952e-08,-0.0285638
3.97452e-08,-0.0336992
3.97952e-08,-0.0343309
3.98452e-08,-0.0315297
3.98952e-08,-0.0363631
3.99452e-08,-0.0477874
3.99952e-08,-0.0521814
4.00452e-08,-0.046991
4.00952e-08,-0.0460298
4.01452e-08,-0.0449313
4.01952e-08,-0.0411141
4.02452e-08,-0.0434758
4.02952e-08,-0.0489134
4.03452e-08,-0.0497098
4.03952e-08,-0.0473206
4.04452e-08,-0.0468537
4.04952e-08,-0.0436131
4.05452e-08,-0.0328479
4.05952e-08,-0.0215883
4.06452e-08,-0.0186498
4.06952e-08,-0.0208743
4.07452e-08,-0.025131
4.07952e-08,-0.0368025
4.08452e-08,-0.0521265
4.08952e-08,-0.0633311
4.09452e-08,-0.0691257
4.09952e-08,-0.0749203
4.10452e-08,-0.0773644
4.10952e-08,-0.0614637
4.11452e-08,-0.0467164
4.11952e-08,-0.0514125
4.12452e-08,-0.046277
4.12952e-08,-0.0299369
4.13452e-08,-0.0299369
4.13952e-08,-0.0410591
4.14452e-08,-0.0486388
4.14952e-08,-0.0544333
4.15452e-08,-0.0653359
4.15952e-08,-0.0720367
4.16452e-08,-0.0576739
4.16952e-08,-0.0369672
4.17452e-08,-0.0318592
4.17952e-08,-0.0350449
4.18452e-08,-0.036775
4.18952e-08,-0.034935
4.19452e-08,-0.0341935
4.19952e-08,-0.0475677
4.20452e-08,-0.0636058
4.20952e-08,-0.0612989
4.21452e-08,-0.049188
4.21952e-08,-0.0416633
4.22452e-08,-0.0398233
4.22952e-08,-0.037901
4.23452e-08,-0.0342759
4.23952e-08,-0.0344407
4.24452e-08,-0.0369672
4.24952e-08,-0.036775
4.25452e-08,-0.0371595
4.25952e-08,-0.0402627
4.26452e-08,-0.037489
4.26952e-08,-0.0340562
4.27452e-08,-0.0402078
4.27952e-08,-0.0389445
4.28452e-08,-0.0338091
4.28952e-08,-0.0454806
4.29452e-08,-0.0522363
4.29952e-08,-0.0498196
4.30452e-08,-0.0542136
4.30952e-08,-0.0509731
4.31452e-08,-0.0412514
4.31952e-08,-0.0374341
4.32452e-08,-0.0450137
4.32952e-08,-0.0523462
4.33452e-08,-0.0440251
4.33952e-08,-0.0462221
4.34452e-08,-0.0591294
4.34952e-08,-0.0536095
4.35452e-08,-0.0494077
4.35952e-08,-0.0596786
4.36452e-08,-0.0575915
4.36952e-08,-0.0457827
4.37452e-08,-0.0470734
4.37952e-08,-0.0513026
4.38452e-08,-0.0487211
4.38952e-08,-0.0483641
4.39452e-08,-0.0461397
4.39952e-08,-0.0412514
4.40452e-08,-0.0438603
4.40952e-08,-0.0445469
4.41452e-08,-0.0350998
4.41952e-08,-0.0306509
4.42452e-08,-0.0362532
4.42952e-08,-0.0386699
4.43452e-08,-0.0372693
4.43952e-08,-0.044437
4.44452e-08,-0.0529778
4.44952e-08,-0.0504513
4.45452e-08,-0.0461122
4.45952e-08,-0.044437
4.46452e-08,-0.041526
4.46952e-08,-0.0369947
4.47452e-08,-0.03131
4.47952e-08,-0.0301017
4.48452e-08,-0.0340562
4.48952e-08,-0.0344682
4.49452e-08,-0.03131
4.49952e-08,-0.0301566
4.50452e-08,-0.0316395
4.50952e-08,-0.0362532
4.51452e-08,-0.0403451
4.51952e-08,-0.0415535
4.52452e-08,-0.0438328
4.52952e-08,-0.0441899
4.53452e-08,-0.0383129
4.53952e-08,-0.0350723
4.54452e-08,-0.042652
4.54952e-08,-0.0521265
4.55452e-08,-0.0523187
4.55952e-08,-0.0447666
4.56452e-08,-0.0415535
4.56952e-08,-0.0424872
4.57452e-08,-0.0336168
4.57952e-08,-0.0276026
4.58452e-08,-0.0344956
4.58952e-08,-0.0346604
4.59452e-08,-0.0309255
4.59952e-08,-0.0386974
4.60452e-08,-0.0496274
4.60952e-08,-0.0502316
4.61452e-08,-0.0399606
4.61952e-08,-0.0314748
4.62452e-08,-0.0321339
4.62952e-08,-0.0283715
4.63452e-08,-0.0147227
4.63952e-08,-0.00851621
4.64452e-08,-0.0123335
4.64952e-08,-0.0202152
4.65452e-08,-0.0351822
4.65952e-08,-0.0480895
4.66452e-08,-0.053582
4.66952e-08,-0.0561909
4.67452e-08,-0.054653
4.67952e-08,-0.0490232
4.68452e-08,-0.0402353
4.68952e-08,-0.0311452
4.69452e-08,-0.0251859
4.69952e-08,-0.0266414
4.70452e-08,-0.03499
4.70952e-08,-0.0397959
4.71452e-08,-0.0394389
4.71952e-08,-0.0377637
4.72452e-08,-0.0390544
4.72952e-08,-0.0433934
4.73452e-08,-0.0396311
4.73952e-08,-0.0261745
4.74452e-08,-0.00826905
4.74952e-08,0.0091421
4.75452e-08,0.0176554
4.75952e-08,0.0126298
4.76452e-08,-0.00343567
4.76952e-08,-0.0168373
4.77452e-08,-0.0269984
4.77952e-08,-0.04408
4.78452e-08,-0.0538292
4.78952e-08,-0.0489134
4.79452e-08,-0.0458101
4.79952e-08,-0.0474853
4.80452e-08,-0.048117
4.80952e-08,-0.0451785
4.81452e-08,-0.0377362
4.81952e-08,-0.0374341
4.82452e-08,-0.0441624
4.82952e-08,-0.0454531
4.83452e-08,-0.0434758
4.83952e-08,-0.0369123
4.84452e-08,-0.0297172
4.84952e-08,-0.0297996
4.85452e-08,-0.0252683
4.85952e-08,-0.0213137
4.86452e-08,-0.0293602
4.86952e-08,-0.0324085
4.87452e-08,-0.0334795
4.87952e-08,-0.0468262
4.88452e-08,-0.0529229
4.88952e-08,-0.0430914
4.89452e-08,-0.0326007
4.89952e-08,-0.0256253
4.90452e-08,-0.0131299
4.90952e-08,0.000463987
4.91452e-08,-0.00269419
4.91952e-08,-0.0129102
4.92452e-08,-0.015217
4.92952e-08,-0.0229614
4.93452e-08,-0.0407021
4.93952e-08,-0.0530327
4.94452e-08,-0.0538566
4.94952e-08,-0.0421027
4.95452e-08,-0.0280145
4.95952e-08,-0.0315297
4.96452e-08,-0.0387523
4.96952e-08,-0.0356216
4.97452e-08,-0.0384228
4.97952e-08,-0.0459749
4.98452e-08,-0.0451785
4.98952e-08,-0.0375165
4.99452e-08,-0.0338365
4.99952e-08,-0.0322163
5.00452e-08,-0.018897
5.00952e-08,-0.00365537
5.01452e-08,0.00164487
5.01952e-08,0.00235889
5.02452e-08,-0.000716896
5.02952e-08,-0.00777473
5.03452e-08,-0.0178809
5.03952e-08,-0.0215334
5.04452e-08,-0.0122511
5.04952e-08,-0.00263926
5.05452e-08,0.00439111
5.05952e-08,0.0095815
5.06452e-08,0.00235889
5.06952e-08,-0.0135693
5.07452e-08,-0.0232635
5.07952e-08,-0.0321888
5.08452e-08,-0.0432836
5.08952e-08,-0.0458651
5.09452e-08,-0.0419105
5.09952e-08,-0.0303763
5.10452e-08,-0.0163979
5.10952e-08,-0.014146
5.11452e-08,-0.0205722
5.11952e-08,-0.0250211
5.12452e-08,-0.0258724
5.12952e-08,-0.0280145
5.13452e-08,-0.0289757
5.13952e-08,-0.0283441
5.14452e-08,-0.0341112
5.14952e-08,-0.0399332
5.15452e-08,-0.0379559
5.15952e-08,-0.0348252
5.16452e-08,-0.0277673
5.16952e-08,-0.0180731
5.17452e-08,-0.0173591
5.17952e-08,-0.019968
5.18452e-08,-0.0190892
5.18952e-08,-0.0156564
5.19452e-08,-0.00997172
5.19952e-08,-0.00879084
5.20452e-08,-0.0131299
5.20952e-08,-0.0137615
5.21452e-08,-0.0106583
5.21952e-08,-0.009038
5.22452e-08,-0.0103837
5.22952e-08,-0.0157114
5.23452e-08,-0.0182928
5.23952e-08,-0.0187871
5.24452e-08,-0.0257077
5.24952e-08,-0.0294426
5.25452e-08,-0.0234283
5.25952e-08,-0.019254
5.26452e-08,-0.0200504
5.26952e-08,-0.0162881
5.27452e-08,-0.0127454
5.27952e-08,-0.0167824
5.28452e-08,-0.0193089
5.28952e-08,-0.0182104
5.29452e-08,-0.0168099
5.29952e-08,-0.0157114
5.30452e-08,-0.0182654
5.30952e-08,-0.0238402
5.31452e-08,-0.025845
5.31952e-08,-0.0223847
5.32452e-08,-0.020325
5.32952e-08,-0.0192815
5.33452e-08,-0.0152445
5.33952e-08,-0.0120863
5.34452e-08,-0.00920277
5.34952e-08,-0.00821413
5.35452e-08,-0.0118117
5.35952e-08,-0.0139538
5.36452e-08,-0.0165902
5.36952e-08,-0.0204074
5.37452e-08,-0.0195012
5.37952e-08,-0.0202427
5.38452e-08,-0.0249662
5.38952e-08,-0.0248014
5.39452e-08,-0.0220826
5.39952e-08,-0.0226319
5.40452e-08,-0.0222199
5.40952e-08,-0.0194462
5.41452e-08,-0.0170021
5.41952e-08,-0.0124708
5.42452e-08,-0.00620937
5.42952e-08,-0.00527565
5.43452e-08,-0.00966963
5.43952e-08,-0.00966963
5.44452e-08,-0.0067037
5.44952e-08,-0.00689593
5.45452e-08,-0.00681355
5.45952e-08,-0.0100816
5.46452e-08,-0.0147502
5.46952e-08,-0.0109329
5.47452e-08,-0.00736279
5.47952e-08,-0.00955978
5.48452e-08,-0.00895561
5.48952e-08,-0.0113998
5.49452e-08,-0.0226593
5.49952e-08,-0.032024
5.50452e-08,-0.0404824
5.50952e-08,-0.0511104
5.51452e-08,-0.0492979
5.51952e-08,-0.0309255
5.52452e-08,-0.0146678
5.52952e-08,-0.00895561
5.53452e-08,0.000518912
5.53952e-08,0.0104878
5.54452e-08,0.00601139
5.54952e-08,-0.00156823
5.55452e-08,-0.000826745
5.55952e-08,0.00782391
5.56452e-08,0.0222142
5.56952e-08,0.0304255
5.57452e-08,0.0270476
5.57952e-08,0.0209784
5.58452e-08,0.016502
5.58952e-08,0.00683526
5.59452e-08,-0.0111251
5.59952e-08,-0.0299094
5.60452e-08,-0.0431188
5.60952e-08,-0.0430914
5.61452e-08,-0.0261196
5.61952e-08,-0.0112899
5.62452e-08,-0.0117293
5.62952e-08,-0.0121687
5.63452e-08,-0.00703324
5.63952e-08,-0.00898307
5.64452e-08,-0.0182104
5.64952e-08,-0.0268886
5.65452e-08,-0.0330951
5.65952e-08,-0.0318043
5.66452e-08,-0.0242522
5.66952e-08,-0.0211764
5.67452e-08,-0.0208194
5.67952e-08,-0.0150523
5.68452e-08,-0.00453417
5.68952e-08,-0.000579584
5.69452e-08,-0.00332582
5.69952e-08,0.000875923
5.70452e-08,0.00197442
5.70952e-08,-0.00519326
5.71452e-08,-0.00491864
5.71952e-08,-0.00662131
5.72452e-08,-0.0183477
5.72952e-08,-0.026916
5.73452e-08,-0.0244169
5.73952e-08,-0.0133496
5.74452e-08,-0.00533058
5.74952e-08,0.00310038
5.75452e-08,0.0162274
5.75952e-08,0.0206488
5.76452e-08,0.0198799
5.76952e-08,0.0237521
5.77452e-08,0.0211157
5.77952e-08,0.00834569
5.78452e-08,0.00178218
5.78952e-08,0.00200188
5.79452e-08,-0.00695086
5.79952e-08,-0.0209567
5.80452e-08,-0.0220002
5.80952e-08,-0.0170296
5.81452e-08,-0.0180182
5.81952e-08,-0.0152445
5.82452e-08,-0.0156015
5.82952e-08,-0.0201328
5.83452e-08,-0.0132397
5.83952e-08,-0.00892815
5.84452e-08,-0.0112899
5.84952e-08,-0.0102738
5.85452e-08,-0.0130475
5.85952e-08,-0.0206546
5.86452e-08,-0.0278223
5.86952e-08,-0.0305136
5.87452e-08,-0.0262844
5.87952e-08,-0.0198033
5.88452e-08,-0.0133496
5.88952e-08,-0.00354552
5.89452e-08,0.005929
5.89952e-08,0.00933434
5.90452e-08,0.00779644
5.90952e-08,0.00408902
5.91452e-08,0.00115055
5.91952e-08,-0.001733
5.92452e-08,-0.00909292
5.92952e-08,-0.0184301
5.93452e-08,-0.0219179
5.93952e-08,-0.0243071
5.94452e-08,-0.0301566
5.94952e-08,-0.0314748
5.95452e-08,-0.0255429
5.95952e-08,-0.0168648
5.96452e-08,-0.0186773
5.96952e-08,-0.0260098
5.97452e-08,-0.0146403
5.97952e-08,-0.00184285
5.98452e-08,-0.00623684
5.98952e-08,-0.0094774
5.99452e-08,-0.00467148
5.99952e-08,0.00115055
6.00452e-08,0.00109562
6.00952e-08,-0.00107391
6.01452e-08,-0.00302374
6.01952e-08,-0.013789
6.02452e-08,-0.0235381
6.02952e-08,-0.0259823
6.03452e-08,-0.0316395
6.03952e-08,-0.0375989
6.04452e-08,-0.0343034
6.04952e-08,-0.0257901
6.05452e-08,-0.0281518
6.05952e-08,-0.0391917
6.06452e-08,-0.0463319
6.06952e-08,-0.0536095
6.07452e-08,-0.0615735
6.07952e-08,-0.0666541
6.08452e-08,-0.0660499
6.08952e-08,-0.0568226
6.09452e-08,-0.0440525
6.09952e-08,-0.0348252
6.10452e-08,-0.0343034
6.10952e-08,-0.0373517
6.11452e-08,-0.0350998
6.11952e-08,-0.0310903
6.12452e-08,-0.03131
6.12952e-08,-0.034221
6.13452e-08,-0.0321888
6.13952e-08,-0.0181555
6.14452e-08,-0.00159569
6.14952e-08,0.00634094
6.15452e-08,0.0109546
6.15952e-08,0.0074669
6.16452e-08,-0.00667623
6.16952e-08,-0.0132397
6.17452e-08,-0.00942247
6.17952e-08,-0.00513834
6.18452e-08,-0.00324344
6.18952e-08,-0.00483625
6.19452e-08,-0.00357298
6.19952e-08,0.000820998
6.20452e-08,0.000161901
6.20952e-08,-0.00703324
6.21452e-08,-0.0130475
6.21952e-08,-0.0116195
6.22452e-08,-0.013789
6.22952e-08,-0.0170296
6.23452e-08,-0.009038
6.23952e-08,-0.00211748
6.24452e-08,-0.000909132
6.24952e-08,-0.000634509
6.25452e-08,-0.010109
6.25952e-08,-0.021451
6.26452e-08,-0.0195286
6.26952e-08,-0.0143657
6.27452e-08,-0.00769234
6.27952e-08,0.00362216
6.28452e-08,0.00686272
6.28952e-08,0.00257859
6.29452e-08,-0.00686847
6.29952e-08,-0.0259274
6.30452e-08,-0.0408669
6.30952e-08,-0.0362532
6.31452e-08,-0.024719
6.31952e-08,-0.0242247
6.32452e-08,-0.0271083
6.32952e-08,-0.0208743
6.33452e-08,-0.0110977
6.33952e-08,-0.0117568
6.34452e-08,-0.0168648
6.34952e-08,-0.00997172
6.35452e-08,0.000985772
6.35952e-08,0.00886748
6.36452e-08,0.0151014
6.36952e-08,0.016859
6.37452e-08,0.0169414
6.37952e-08,0.0124651
6.38452e-08,0.00323769
6.38952e-08,-0.00373776
6.39452e-08,-0.0129926
6.39952e-08,-0.0251584
6.40452e-08,-0.0270808
6.40952e-08,-0.0212038
6.41452e-08,-0.0203525
6.41952e-08,-0.0161508
6.42452e-08,-0.0083789
6.42952e-08,-0.00799443
6.43452e-08,-0.00686847
6.43952e-08,-0.00609952
6.44452e-08,-0.0128553
6.44952e-08,-0.0183752
6.45452e-08,-0.0231537
6.45952e-08,-0.0325183
6.46452e-08,-0.0405923
6.46952e-08,-0.0395762
6.47452e-08,-0.0310079
6.47952e-08,-0.0264492
6.48452e-08,-0.0292778
6.48952e-08,-0.0312001
6.49452e-08,-0.0211489
6.49952e-08,-0.00324344
6.50452e-08,0.00397917
6.50952e-08,0.000299213
6.51452e-08,-0.00291389
6.51952e-08,0.000106976
6.52452e-08,0.00634094
6.52952e-08,0.00266098
6.53452e-08,-0.00653892
6.53952e-08,-0.00508342
6.54452e-08,0.00142517
6.54952e-08,0.00672541
6.55452e-08,0.0141677
6.55952e-08,0.0186441
6.56452e-08,0.0145522
6.56952e-08,0.00441857
6.57452e-08,-0.00637415
6.57952e-08,-0.0172493
6.58452e-08,-0.024719
6.58952e-08,-0.0285363
6.59452e-08,-0.0370222
6.59952e-08,-0.0410591
6.60452e-08,-0.0363356
6.60952e-08,-0.0355392
6.61452e-08,-0.0266139
6.61952e-08,-0.00486372
6.62452e-08,0.00713735
6.62952e-08,0.00488543
6.63452e-08,-0.000964057
6.63952e-08,-0.000250035
6.64452e-08,0.00304545
6.64952e-08,-0.00382015
6.65452e-08,-0.00887322
6.65952e-08,-5.77984e-05
6.66452e-08,0.0105152
6.66952e-08,0.0109272
6.67452e-08,0.00342992
6.67952e-08,-0.00574251
6.68452e-08,-0.0116195
6.68952e-08,-0.0121962
6.69452e-08,-0.0177161
6.69952e-08,-0.034578
6.70452e-08,-0.0477325
6.70952e-08,-0.0439427
6.71452e-08,-0.0351547
6.71952e-08,-0.0314748
6.72452e-08,-0.0248563
6.72952e-08,-0.0150248
6.73452e-08,-0.00552281
6.73952e-08,-0.00274911
6.74452e-08,-0.0113998
6.74952e-08,-0.0154367
6.75452e-08,-0.00975202
6.75952e-08,-0.00744518
6.76452e-08,-0.0127729
6.76952e-08,-0.0212313
6.77452e-08,-0.0249387
6.77952e-08,-0.026559
6.78452e-08,-0.0346055
6.78952e-08,-0.0368849
6.79452e-08,-0.0243071
6.79952e-08,-0.0150797
6.80452e-08,-0.017414
6.80952e-08,-0.022577
6.81452e-08,-0.028399
6.81952e-08,-0.0334795
6.82452e-08,-0.0358688
6.82952e-08,-0.0360885
6.83452e-08,-0.0348526
6.83952e-08,-0.0318867
6.84452e-08,-0.0263668
6.84952e-08,-0.01854
6.85452e-08,-0.00999918
6.85952e-08,-0.00258434
6.86452e-08,-0.000579584
6.86952e-08,-0.00376522
6.87452e-08,-0.0062643
6.87952e-08,-0.00955978
6.88452e-08,-0.0109329
6.88952e-08,-0.0114547
6.89452e-08,-0.0175513
6.89952e-08,-0.0197758
6.90452e-08,-0.0171394
6.90952e-08,-0.0202427
6.91452e-08,-0.0249113
6.91952e-08,-0.0237304
6.92452e-08,-0.0237578
6.92952e-08,-0.0240874
6.93452e-08,-0.0169197
6.93952e-08,-0.0135418
6.94452e-08,-0.0173042
6.94952e-08,-0.0197758
6.95452e-08,-0.0253781
6.95952e-08,-0.0337816
6.96452e-08,-0.0329028
6.96952e-08,-0.0224122
6.97452e-08,-0.0138165
6.97952e-08,-0.0100541
6.98452e-08,-0.00955978
6.98952e-08,-0.00997172
6.99452e-08,-0.00763742
6.99952e-08,-0.0103837
7.00452e-08,-0.0154367
7.00952e-08,-0.0083789
7.01452e-08,-0.00269419
7.01952e-08,-0.0147227
7.02452e-08,-0.0278497
7.02952e-08,-0.0217531
7.03452e-08,-0.00445178
7.03952e-08,0.0072472
7.04452e-08,0.0116961
7.04952e-08,0.00889494
7.05452e-08,0.00137025
7.05952e-08,-0.00274911
7.06452e-08,-0.00502849
7.06952e-08,-0.0132947
7.07452e-08,-0.0235656
7.07952e-08,-0.0263668
7.08452e-08,-0.0239226
7.08952e-08,-0.0173591
7.09452e-08,-0.00920277
7.09952e-08,-0.0111251
7.10452e-08,-0.0196659
7.10952e-08,-0.0204898
7.11452e-08,-0.0157114
7.11952e-08,-0.0188695
7.12452e-08,-0.0271632
7.12952e-08,-0.027987
7.13452e-08,-0.0237853
7.13952e-08,-0.0209567
7.14452e-08,-0.0235656
7.14952e-08,-0.0239775
7.15452e-08,-0.0143108
7.15952e-08,-0.0115371
7.16452e-08,-0.0123884
7.16952e-08,-0.00181539
7.17452e-08,0.00128786
7.17952e-08,-0.00711563
7.18452e-08,-0.0053855
7.18952e-08,0.000738611
7.19452e-08,-0.00115629
7.19952e-08,-0.00502849
7.20452e-08,-0.011592
7.20952e-08,-0.01854
7.21452e-08,-0.017414
7.21952e-08,-0.0118117
7.22452e-08,-0.00590729
7.22952e-08,-0.00165062
7.23452e-08,0.000903385
7.23952e-08,0.00312784
7.24452e-08,0.000820998
7.24952e-08,-0.006484
7.25452e-08,-0.0126081
7.25952e-08,-0.0124708
7.26452e-08,-0.00999918
7.26952e-08,-0.0161233
7.27452e-08,-0.028756
7.27952e-08,-0.0340288
7.28452e-08,-0.0330127
7.28952e-08,-0.0344956
7.29452e-08,-0.035704
7.29952e-08,-0.0317769
7.30452e-08,-0.0211489
7.30952e-08,-0.00760996
7.31452e-08,0.000766073
7.31952e-08,0.00296306
7.32452e-08,-0.000909132
7.32952e-08,-0.0129651
7.33452e-08,-0.0256253
7.33952e-08,-0.0332873
7.34452e-08,-0.038258
7.34952e-08,-0.0380383
7.35452e-08,-0.0304587
7.35952e-08,-0.0159036
7.36452e-08,-0.00379268
7.36952e-08,-0.00530311
7.37452e-08,-0.00917531
7.37952e-08,-0.00920277
7.38452e-08,-0.0148051
7.38952e-08,-0.0209567
7.39452e-08,-0.0238402
7.39952e-08,-0.0265865
7.40452e-08,-0.0249936
7.40952e-08,-0.019968
7.41452e-08,-0.0132123
7.41952e-08,-0.00170554
7.42452e-08,0.00669795
7.42952e-08,0.00334754
7.43452e-08,-0.00579744
7.43952e-08,-0.0155191
7.44452e-08,-0.0249113
7.44952e-08,-0.0248289
7.45452e-08,-0.019254
7.45952e-08,-0.0246366
7.46452e-08,-0.0333422
7.46952e-08,-0.0310903
7.47452e-08,-0.019611
7.47952e-08,-0.00986187
7.48452e-08,-0.00868099
7.48952e-08,-0.00659385
7.49452e-08,-0.00170554
7.49952e-08,-0.000112723
7.50452e-08,0.00499528
7.50952e-08,0.0142226
7.51452e-08,0.0190011
7.51952e-08,0.0156232
7.52452e-08,0.00246874
7.52952e-08,-0.0104935
7.53452e-08,-0.00851621
7.53952e-08,-0.000634509
7.54452e-08,-0.0019527
7.54952e-08,-0.00879084
7.55452e-08,-0.0125532
7.55952e-08,-0.0088183
7.56452e-08,-0.00362791
7.56952e-08,-0.00697832
7.57452e-08,-0.00980695
7.57952e-08,-0.00596221
7.58452e-08,-0.00846129
7.58952e-08,-0.00832398
7.59452e-08,0.00565438
7.59952e-08,0.0132615
7.60452e-08,0.0107349
7.60952e-08,0.0117785
7.61452e-08,0.00669795
7.61952e-08,-0.0129926
7.62452e-08,-0.0262844
7.62952e-08,-0.0242796
7.63452e-08,-0.0212038
7.63952e-08,-0.018183
7.64452e-08,-0.00890069
7.64952e-08,0.00683526
7.65452e-08,0.0167217
7.65952e-08,0.0129594
7.66452e-08,0.0131516
7.66952e-08,0.0241915
7.67452e-08,0.0305628
7.67952e-08,0.0268553
7.68452e-08,0.0197151
7.68952e-08,0.0141952
7.69452e-08,0.00971881
7.69952e-08,0.00853793
7.70452e-08,0.011806
7.70952e-08,0.0146895
7.71452e-08,0.0188363
7.71952e-08,0.0214178
7.72452e-08,0.0141952
7.72952e-08,0.00510513
7.73452e-08,0.00606631
7.73952e-08,0.00881255
7.74452e-08,-0.000387347
7.74952e-08,-0.0164803
7.75452e-08,-0.0264217
7.75952e-08,-0.0255704
7.76452e-08,-0.0153818
7.76952e-08,-0.00469894
7.77452e-08,0.00452842
7.77952e-08,0.0181498
7.78452e-08,0.0250428
7.78952e-08,0.0185342
7.79452e-08,0.0095815
7.79952e-08,-2.87366e-06
7.80452e-08,-0.0107407
7.80952e-08,-0.0157937
7.81452e-08,-0.0181006
7.81952e-08,-0.0227967
7.82452e-08,-0.0201053
7.82952e-08,-0.00681355
7.83452e-08,0.00084846
7.83952e-08,-0.00436939
7.84452e-08,-0.00953232
7.84952e-08,-0.010466
7.85452e-08,-0.0142559
7.85952e-08,-0.0200779
7.86452e-08,-0.0277399
7.86952e-08,-0.032436
7.87452e-08,-0.0234283
7.87952e-08,-0.0153269
7.88452e-08,-0.0221925
7.88952e-08,-0.0200504
7.89452e-08,-0.00445178
7.89952e-08,-0.0021724
7.90452e-08,-0.00530311
7.90952e-08,-0.00123868
7.91452e-08,-0.00134853
7.91952e-08,0.000930848
7.92452e-08,0.00241382
7.92952e-08,-0.00879084
7.93452e-08,-0.0180457
7.93952e-08,-0.0241972
7.94452e-08,-0.030239
7.94952e-08,-0.0280969
7.95452e-08,-0.0239775
7.95952e-08,-0.0173042
7.96452e-08,-0.00868099
7.96952e-08,-0.00673116
7.97452e-08,-0.00711563
7.97952e-08,-0.00928516
7.98452e-08,-0.0110977
7.98952e-08,-0.0101914
7.99452e-08,-0.0149973
7.99952e-08,-0.0204898
8.00452e-08,-0.0243071
8.00952e-08,-0.0292778
8.01452e-08,-0.0221101
8.01952e-08,-0.012306
8.02452e-08,-0.0202152
8.02952e-08,-0.030184
8.03452e-08,-0.0248838
8.03952e-08,-0.0099168
8.04452e-08,0.00290814
8.04952e-08,0.00433618
8.05452e-08,-0.00165062
8.05952e-08,-0.00480879
8.06452e-08,-0.00736279
8.06952e-08,-0.015986
8.07452e-08,-0.0290306
8.07952e-08,-0.0449039
8.08452e-08,-0.0579485
8.08952e-08,-0.0538017
8.09452e-08,-0.0379559
8.09952e-08,-0.0315297
8.10452e-08,-0.0333147
8.10952e-08,-0.0297721
8.11452e-08,-0.0218629
8.11952e-08,-0.017414
8.12452e-08,-0.0227143
8.12952e-08,-0.032738
8.13452e-08,-0.0332324
8.13952e-08,-0.0307058
8.14452e-08,-0.0328479
8.14952e-08,-0.0257626
8.15452e-08,-0.015986
8.15952e-08,-0.0205997
8.16452e-08,-0.0256253
8.16952e-08,-0.0226593
8.17452e-08,-0.0246916
8.17952e-08,-0.0294151
8.18452e-08,-0.0268886
8.18952e-08,-0.0204349
8.19452e-08,-0.0161508
8.19952e-08,-0.0133771
8.20452e-08,-0.0126081
8.20952e-08,-0.0167824
8.21452e-08,-0.0156015
8.21952e-08,-0.00187032
8.22452e-08,0.00721973
8.22952e-08,0.00395171
8.23452e-08,-0.00272165
8.23952e-08,-0.00324344
8.24452e-08,0.00771406
8.24952e-08,0.0121355
8.25452e-08,0.00321023
8.25952e-08,-0.00225479
8.26452e-08,-0.00104644
8.26952e-08,0.00700004
8.27452e-08,0.0107898
8.27952e-08,0.00494036
8.28452e-08,0.00590154
8.28952e-08,0.00235889
8.29452e-08,-0.00598967
8.29952e-08,0.00362216
8.30452e-08,0.00730212
8.30952e-08,-0.0106034
8.31452e-08,-0.0153543
8.31952e-08,-0.00178793
8.32452e-08,0.000766073
8.32952e-08,-0.00593475
8.33452e-08,-0.00140346
8.33952e-08,0.00916956
8.34452e-08,0.012108
8.34952e-08,0.00741197
8.35452e-08,0.00150756
8.35952e-08,0.00142517
8.36452e-08,0.00370455
8.36952e-08,0.00191949
8.37452e-08,-0.000744358
8.37952e-08,-0.00307866
8.38452e-08,-0.00964217
8.38952e-08,-0.0154917
8.39452e-08,-0.0138165
8.39952e-08,-0.0088183
8.40452e-08,-0.0023921
8.40952e-08,0.00472066
8.41452e-08,0.00521498
8.41952e-08,-0.00324344
8.42452e-08,-0.00994426
8.42952e-08,-0.0107407
8.43452e-08,-0.0146129
8.43952e-08,-0.0216707
8.44452e-08,-0.0267238
8.44952e-08,-0.0292503
8.45452e-08,-0.0277399
8.45952e-08,-0.0278223
8.46452e-08,-0.0326007
8.46952e-08,-0.0336168
8.47452e-08,-0.0289482
8.47952e-08,-0.0223298
8.48452e-08,-0.0205997
8.48952e-08,-0.02038
8.49452e-08,-0.0114272
8.49952e-08,-0.00425954
8.50452e-08,-0.00447924
8.50952e-08,-0.00461655
8.51452e-08,-0.00917531
8.51952e-08,-0.018897
8.52452e-08,-0.0242522
8.52952e-08,-0.0195012
8.53452e-08,-0.00980695
8.53952e-08,-0.00222733
8.54452e-08,0.00716481
8.54952e-08,0.013948
8.55452e-08,0.00999344
8.55952e-08,0.00156248
8.56452e-08,-0.00865353
8.56952e-08,-0.0163979
8.57452e-08,-0.0202701
8.57952e-08,-0.0302939
8.58452e-08,-0.0349076
8.58952e-08,-0.0258724
8.59452e-08,-0.0199955
8.59952e-08,-0.0160409
8.60452e-08,-0.00909292
8.60952e-08,-0.0104386
8.61452e-08,-0.0138988
8.61952e-08,-0.0100266
8.62452e-08,-0.00659385
8.62952e-08,-0.0062643
8.63452e-08,-0.00914785
8.63952e-08,-0.0168922
8.64452e-08,-0.0241148
8.64952e-08,-0.0252133
8.65452e-08,-0.0248838
8.65952e-08,-0.0241423
8.66452e-08,-0.0145579
8.66952e-08,-0.00307866
8.67452e-08,-0.000936595
8.67952e-08,-0.00176047
8.68452e-08,0.00505021
8.68952e-08,0.0112842
8.69452e-08,0.00444603
8.69952e-08,-0.00464402
8.70452e-08,-0.00906546
8.70952e-08,-0.0119215
8.71452e-08,-0.00824159
8.71952e-08,-0.00851621
8.72452e-08,-0.0189245
8.72952e-08,-0.0196385
8.73452e-08,-0.011235
8.73952e-08,-0.00835144
8.74452e-08,-0.00373776
8.74952e-08,0.00321023
8.75452e-08,0.000106976
8.75952e-08,-0.00821413
8.76452e-08,-0.0124433
8.76952e-08,-0.00955978
8.77452e-08,0.0035947
8.77952e-08,0.00982866
8.78452e-08,0.000161901
8.78952e-08,-0.00557774
8.79452e-08,-0.00653892
8.79952e-08,-0.0103562
8.80452e-08,-0.0128003
8.80952e-08,-0.011235
8.81452e-08,-0.00360045
8.81952e-08,0.00378694
8.82452e-08,0.00639586
8.82952e-08,0.00881255
8.83452e-08,0.0098012
8.83952e-08,0.0068078
8.84452e-08,0.003375
8.84952e-08,0.000766073
8.85452e-08,-0.00527565
8.85952e-08,-0.0122511
8.86452e-08,-0.00994426
8.86952e-08,-0.00104644
8.87452e-08,0.00101323
8.87952e-08,-0.00393
8.88452e-08,-0.00832398
8.88952e-08,-0.0109878
8.89452e-08,-0.00997172
8.89952e-08,-0.00851621
8.90452e-08,-0.0129926
8.90952e-08,-0.0168922
8.91452e-08,-0.0168373
8.91952e-08,-0.0138165
8.92452e-08,-0.00826905
8.92952e-08,-0.00730787
8.93452e-08,-0.00390253
8.93952e-08,0.00370455
8.94452e-08,0.00301799
8.94952e-08,0.00137025
8.95452e-08,0.00469319
8.95952e-08,0.00557199
8.96452e-08,0.00342992
8.96952e-08,-0.00121122
8.97452e-08,-0.00502849
8.97952e-08,-0.00664877
8.98452e-08,-0.00931262
8.98952e-08,-0.00662131
8.99452e-08,-0.00274911
8.99952e-08,-0.00719802
9.00452e-08,-0.00912039
9.00952e-08,-0.00766488
9.01452e-08,-0.00917531
9.01952e-08,-0.0060446
9.02452e-08,-0.00351806
9.02952e-08,-0.00620937
9.03452e-08,-0.00703324
9.03952e-08,-0.00708817
9.04452e-08,-0.00302374
9.04952e-08,0.0065881
9.05452e-08,0.0105976
9.05952e-08,0.00510513
9.06452e-08,-0.0023921
9.06952e-08,-0.00593475
9.07452e-08,-0.00972456
9.07952e-08,-0.0196659
9.08452e-08,-0.0274927
9.08952e-08,-0.0232361
9.09452e-08,-0.0124708
9.09952e-08,-0.00631922
9.10452e-08,-0.00511088
9.10952e-08,0.000628761
9.11452e-08,0.00312784
9.11952e-08,-0.0100266
9.12452e-08,-0.0202152
9.12952e-08,-0.018897
9.13452e-08,-0.0224671
9.13952e-08,-0.0278497
9.14452e-08,-0.0238128
9.14952e-08,-0.0122511
9.15452e-08,-0.00247449
9.15952e-08,-0.00167808
9.16452e-08,-0.00184285
9.16952e-08,0.00719227
9.17452e-08,0.0147719
9.17952e-08,0.00815346
9.18452e-08,-0.00115629
9.18952e-08,-0.00458909
9.19452e-08,-0.00664877
9.19952e-08,-0.0060446
9.20452e-08,-0.0123884
9.20952e-08,-0.0235931
9.21452e-08,-0.0187048
9.21952e-08,-0.010466
9.22452e-08,-0.0134594
9.22952e-08,-0.0118666
9.23452e-08,-0.00310612
9.23952e-08,-0.00019511
9.24452e-08,-0.00714309
9.24952e-08,-0.0139263
9.25452e-08,-0.014503
9.25952e-08,-0.0182104
9.26452e-08,-0.0223298
9.26952e-08,-0.0176887
9.27452e-08,-0.0138988
9.27952e-08,-0.0186224
9.28452e-08,-0.0208743
9.28952e-08,-0.012718
9.29452e-08,-0.00458909
9.29952e-08,-0.00522073
9.30452e-08,-0.00901054
9.30952e-08,-0.00791204
9.31452e-08,-0.00544043
9.31952e-08,-0.0128278
9.32452e-08,-0.0252957
9.32952e-08,-0.0294426
9.33452e-08,-0.026916
9.33952e-08,-0.0216982
9.34452e-08,-0.0111526
9.34952e-08,-0.00162315
9.35452e-08,0.000106976
9.35952e-08,-0.00110137
9.36452e-08,0.00373201
9.36952e-08,0.0103779
9.37452e-08,0.00686272
9.37952e-08,0.00169979
9.38452e-08,-0.00464402
9.38952e-08,-0.0182379
9.39452e-08,-0.0190618
9.39952e-08,-0.0132397
9.40452e-08,-0.0208194
9.40952e-08,-0.0262569
9.41452e-08,-0.0245817
9.41952e-08,-0.0276575
9.42452e-08,-0.0288658
9.42952e-08,-0.0221101
9.43452e-08,-0.0111526
9.43952e-08,-0.00623684
9.44452e-08,-0.0153818
9.44952e-08,-0.0224396
9.45452e-08,-0.0191991
9.45952e-08,-0.0159311
9.46452e-08,-0.0150523
9.46952e-08,-0.0143657
9.47452e-08,-0.00689593
9.47952e-08,-0.000607046
9.48452e-08,-0.00535804
9.48952e-08,-0.00524819
9.49452e-08,0.00461081
9.49952e-08,0.0116961
9.50452e-08,0.0110645
9.50952e-08,0.00444603
9.51452e-08,-0.0015133
9.51952e-08,-0.00110137
9.52452e-08,-0.00313359
9.52952e-08,-0.00879084
9.53452e-08,-0.00420462
9.53952e-08,-0.000854208
9.54452e-08,-0.0109054
9.54952e-08,-0.0201328
9.55452e-08,-0.0193364
9.55952e-08,-0.013789
9.56452e-08,-0.0143657
9.56952e-08,-0.0184301
9.57452e-08,-0.0193913
9.57952e-08,-0.0226319
9.58452e-08,-0.0251584
9.58952e-08,-0.0182104
9.59452e-08,-0.00678608
9.59952e-08,-0.00544043
9.60452e-08,-0.0123884
9.60952e-08,-0.0141185
9.61452e-08,-0.010878
9.61952e-08,-0.00505595
9.62452e-08,-0.000524659
9.62952e-08,-0.000634509
9.63452e-08,0.00208427
9.63952e-08,0.00312784
9.64452e-08,0.000518912
9.64952e-08,0.00321023
9.65452e-08,0.00268844
9.65952e-08,-0.00368283
9.66452e-08,-0.00763742
9.66952e-08,-0.0128827
9.67452e-08,-0.0137341
9.67952e-08,-0.00552281
9.68452e-08,-0.00123868
9.68952e-08,-0.00247449
9.69452e-08,-0.00272165
9.69952e-08,-0.00247449
9.70452e-08,-0.00395746
9.70952e-08,-0.00527565
9.71452e-08,-0.00219986
9.71952e-08,0.00326515
9.72452e-08,0.00900479
9.72952e-08,0.0134812
9.73452e-08,0.0145247
9.73952e-08,0.0151564
9.74452e-08,0.0183695
9.74952e-08,0.0152937
9.75452e-08,0.00433618
9.75952e-08,0.00213919
9.76452e-08,0.0057093
9.76952e-08,0.00510513
9.77452e-08,0.00257859
9.77952e-08,-0.00170554
9.78452e-08,-0.00502849
9.78952e-08,-0.00714309
9.79452e-08,-0.00944993
9.79952e-08,-0.0115645
9.80452e-08,-0.0123609
9.80952e-08,-0.00887322
9.81452e-08,-0.00447924
9.81952e-08,-0.00431447
9.82452e-08,-0.0049461
9.82952e-08,-0.00110137
9.83452e-08,0.00535229
9.83952e-08,0.00721973
9.84452e-08,-0.00357298
9.84952e-08,-0.0191442
9.85452e-08,-0.020023
9.85952e-08,-0.014915
9.86452e-08,-0.0197758
9.86952e-08,-0.0219179
9.87452e-08,-0.0164528
9.87952e-08,-0.0135144
9.88452e-08,-0.0109604
9.88952e-08,-0.00708817
9.89452e-08,-0.00975202
9.89952e-08,-0.0178534
9.90452e-08,-0.0213411
9.90952e-08,-0.0224396
9.91452e-08,-0.0277399
9.91952e-08,-0.0312825
9.92452e-08,-0.0310628
9.92952e-08,-0.0279596
9.93452e-08,-0.0207919
9.93952e-08,-0.0187871
9.94452e-08,-0.0261196
9.94952e-08,-0.0339189
9.95452e-08,-0.0269709
9.95952e-08,-0.00393
9.96452e-08,0.00735705
9.96952e-08,-0.000634509
9.97452e-08,-0.00310612
9.97952e-08,0.000326675
9.98452e-08,-0.0019527
9.98952e-08,-0.00225479
9.99452e-08,0.00408902
9.99952e-08,0.0116686
1.000452e-07,0.0164746
1.000952e-07,0.0184244
1.001452e-07,0.0187539
1.001952e-07,0.0185892
1.002452e-07,0.0185068
1.002952e-07,0.0197426
1.003452e-07,0.0210333
1.003952e-07,0.0112567
1.004452e-07,-0.00176047
1.004952e-07,0.000189363
1.005452e-07,0.000656224
1.005952e-07,-0.00898307
1.006452e-07,-0.0134594
1.006952e-07,-0.0125806
1.007452e-07,-0.0104111
1.007952e-07,-0.0114547
1.008452e-07,-0.0148326
1.008952e-07,-0.0131024
1.009452e-07,-0.00818667
1.009952e-07,-0.00104644
1.010452e-07,0.00373201
1.010952e-07,0.00282575
1.011452e-07,0.00260605
1.011952e-07,-0.00266673
1.012452e-07,-0.0140911
1.012952e-07,-0.0146953
1.013452e-07,-0.0060446
1.013952e-07,-0.00593475
1.014452e-07,-0.0190068
1.014952e-07,-0.0296073
1.015452e-07,-0.0193639
1.015952e-07,-0.00354552
1.016452e-07,-0.00384761
1.016952e-07,-0.00782965
1.017452e-07,-0.0060446
1.017952e-07,-0.00760996
1.018452e-07,-0.0069234
1.018952e-07,0.00639586
1.019452e-07,0.0209235
1.019952e-07,0.024219
1.020452e-07,0.0161999
1.020952e-07,0.00342992
1.021452e-07,-0.00450671
1.021952e-07,-0.00854368
1.022452e-07,-0.0162881
1.022952e-07,-0.0322986
1.023452e-07,-0.0450137
1.023952e-07,-0.0407296
1.024452e-07,-0.0317494
1.024952e-07,-0.0268062
1.025452e-07,-0.0233459
1.025952e-07,-0.0259823
1.026452e-07,-0.0272456
1.026952e-07,-0.0187322
1.027452e-07,-0.013075
1.027952e-07,-0.017469
1.028452e-07,-0.0196934
1.028952e-07,-0.0123884
1.029452e-07,-0.000442272
1.029952e-07,0.00831823
1.030452e-07,0.00823584
1.030952e-07,0.00233143
1.031452e-07,-0.00236464
1.031952e-07,-0.00653892
1.032452e-07,-0.0139538
1.032952e-07,-0.0170021
1.033452e-07,-0.0140911
1.033952e-07,-0.0149424
1.034452e-07,-0.0171119
1.034952e-07,-0.0157663
1.035452e-07,-0.0162331
1.035952e-07,-0.025076
1.036452e-07,-0.0351547
1.036952e-07,-0.0356216
1.037452e-07,-0.0289482
1.037952e-07,-0.0185125
1.038452e-07,-0.0094774
1.038952e-07,-0.00557774
1.039452e-07,-0.00576998
1.039952e-07,-0.00659385
1.040452e-07,-0.00329836
1.040952e-07,-0.00324344
1.041452e-07,-0.00766488
1.041952e-07,-0.0155466
1.042452e-07,-0.0373243
1.042952e-07,-0.0562733
1.043452e-07,-0.0482543
1.043952e-07,-0.0345231
1.044452e-07,-0.0355667
1.044952e-07,-0.0311178
1.045452e-07,-0.0195286
1.045952e-07,-0.0146678
1.046452e-07,-0.00302374
1.046952e-07,0.00793376
1.047452e-07,-0.000332422
1.047952e-07,-0.00736279
1.048452e-07,-0.00354552
1.048952e-07,-0.00107391
1.049452e-07,0.00169979
1.049952e-07,-0.00112883
1.050452e-07,-0.0129926
1.050952e-07,-0.0209567
1.051452e-07,-0.0213137
1.051952e-07,-0.0152994
1.052452e-07,-0.0101914
1.052952e-07,-0.0195836
1.053452e-07,-0.0293876
1.053952e-07,-0.0218904
1.054452e-07,-0.0160409
1.054952e-07,-0.0206546
1.055452e-07,-0.0192265
1.055952e-07,-0.0198582
1.056452e-07,-0.0326007
1.056952e-07,-0.0362258
1.057452e-07,-0.0275202
1.057952e-07,-0.024362
1.058452e-07,-0.0249113
1.058952e-07,-0.0192265
1.059452e-07,-0.00763742
1.059952e-07,0.000711148
1.060452e-07,0.00332008
1.060952e-07,0.00842808
1.061452e-07,0.00829077
1.061952e-07,-0.00162315
1.062452e-07,-0.00502849
1.062952e-07,-0.00291389
1.063452e-07,0.000189363
1.063952e-07,0.0052699
1.064452e-07,-0.000442272
1.064952e-07,-0.0143382
1.065452e-07,-0.022879
1.065952e-07,-0.030596
1.066452e-07,-0.0390269
1.066952e-07,-0.0369123
1.067452e-07,-0.0273554
1.067952e-07,-0.0206821
1.068452e-07,-0.0135144
1.068952e-07,-0.00728041
1.069452e-07,-0.0019527
1.069952e-07,0.00713735
1.070452e-07,0.00785137
1.070952e-07,-0.000799283
1.071452e-07,-0.00700578
1.071952e-07,-0.00986187
1.072452e-07,-0.00928516
1.072952e-07,-0.00972456
1.073452e-07,-0.0142833
1.073952e-07,-0.01486
1.074452e-07,-0.0118392
1.074952e-07,-0.0106034
1.075452e-07,-0.010521
1.075952e-07,-0.0143657
1.076452e-07,-0.019254
1.076952e-07,-0.0255429
1.077452e-07,-0.0343034
1.077952e-07,-0.0312001
1.078452e-07,-0.0243895
1.078952e-07,-0.0293876
1.079452e-07,-0.0350174
1.079952e-07,-0.0383678
1.080452e-07,-0.0421027
1.080952e-07,-0.0377637
1.081452e-07,-0.0320789
1.081952e-07,-0.0307882
1.082452e-07,-0.0227417
1.082952e-07,-0.0109329
1.083452e-07,-0.000634509
1.083952e-07,0.00911464
1.084452e-07,0.0140853
1.084952e-07,0.018342
1.085452e-07,0.0199074
1.085952e-07,0.0116137
1.086452e-07,0.00458335
1.086952e-07,0.00389679
1.087452e-07,-0.000332422
1.087952e-07,-0.00818667
1.088452e-07,-0.0131574
1.088952e-07,-0.014503
1.089452e-07,-0.0154093
1.089952e-07,-0.01854
1.090452e-07,-0.0150523
1.090952e-07,-0.00140346
1.091452e-07,-0.000112723
1.091952e-07,-0.0142559
1.092452e-07,-0.0191167
1.092952e-07,-0.0146129
1.093452e-07,-0.0142009
1.093952e-07,-0.0170296
1.094452e-07,-0.0181555
1.094952e-07,-0.0156564
1.095452e-07,-0.0114272
1.095952e-07,-0.0110977
1.096452e-07,-0.0132397
1.096952e-07,-0.00780219
1.097452e-07,-0.00115629
1.097952e-07,-0.00335328
1.098452e-07,-0.000112723
1.098952e-07,0.00988359
1.099452e-07,0.00752182
1.099952e-07,-0.00269419
1.100452e-07,-0.00585236
1.100952e-07,-0.00758249
1.101452e-07,-0.0137066
1.101952e-07,-0.0213411
1.102452e-07,-0.0280145
1.102952e-07,-0.0294151
1.103452e-07,-0.0269435
1.103952e-07,-0.0259548
1.104452e-07,-0.025433
1.104952e-07,-0.0237304
1.105452e-07,-0.0233734
1.105952e-07,-0.0251859
1.106452e-07,-0.0284814
1.106952e-07,-0.0338915
1.107452e-07,-0.0389171
1.107952e-07,-0.036061
1.108452e-07,-0.0239501
1.108952e-07,-0.00780219
1.109452e-07,0.00785137
1.109952e-07,0.012877
1.110452e-07,0.00362216
1.110952e-07,-0.00642907
1.111452e-07,-0.00714309
1.111952e-07,-0.00642907
1.112452e-07,-0.0147776
1.112952e-07,-0.0237304
1.113452e-07,-0.0240599
1.113952e-07,-0.0200504
1.114452e-07,-0.0132123
1.114952e-07,-0.0088183
1.115452e-07,-0.0102463
1.115952e-07,-0.00480879
1.116452e-07,0.00540722
1.116952e-07,0.0040341
1.117452e-07,-0.00464402
1.117952e-07,-0.010521
1.118452e-07,-0.0131574
1.118952e-07,-0.0140087
1.119452e-07,-0.0162331
1.119952e-07,-0.0149973
1.120452e-07,-0.0092577
1.120952e-07,-0.0122511
1.121452e-07,-0.0167275
1.121952e-07,-0.00824159
1.122452e-07,-0.00129361
1.122952e-07,-0.00469894
1.123452e-07,-0.00439686
1.123952e-07,0.00211173
1.124452e-07,0.00694511
1.124952e-07,0.00933434
1.125452e-07,0.00584661
1.125952e-07,-0.00596221
1.126452e-07,-0.0227967
1.126952e-07,-0.0389171
1.127452e-07,-0.0462221
1.127952e-07,-0.0475128
1.128452e-07,-0.0456179
1.128952e-07,-0.0382031
1.129452e-07,-0.0310079
1.129952e-07,-0.019611
1.130452e-07,-0.00431447
1.130952e-07,-0.00107391
1.131452e-07,-0.00681355
1.131952e-07,-0.00826905
1.132452e-07,-0.00755503
1.132952e-07,-0.00706071
1.133452e-07,-0.000936595
1.133952e-07,0.00557199
1.134452e-07,0.00730212
1.134952e-07,0.00878509
1.135452e-07,0.00853793
1.135952e-07,0.00700004
1.136452e-07,0.00576423
1.136952e-07,-0.00222733
1.137452e-07,-0.0140636
1.137952e-07,-0.0146403
1.138452e-07,-0.00955978
1.138952e-07,-0.0115645
1.139452e-07,-0.009038
1.139952e-07,0.000354137
1.140452e-07,0.000930848
1.140952e-07,-0.00505595
1.141452e-07,-0.00722548
1.141952e-07,-0.00420462
1.142452e-07,-0.000716896
1.142952e-07,-0.000661971
1.143452e-07,-3.03361e-05
1.143952e-07,0.00310038
1.144452e-07,0.00595646
1.144952e-07,0.00502274
1.145452e-07,-0.00439686
1.145952e-07,-0.0135418
1.146452e-07,-0.00755503
1.146952e-07,0.00617616
1.147452e-07,0.00801614
1.147952e-07,-0.00497357
1.148452e-07,-0.0124708
1.148952e-07,-0.0030512
1.149452e-07,0.00793376
1.149952e-07,0.00631348
1.150452e-07,-0.0106583
1.150952e-07,-0.0269984
1.151452e-07,-0.0252683
1.151952e-07,-0.0163155
1.152452e-07,-0.0104935
1.152952e-07,-0.00799443
1.153452e-07,-0.0165902
1.153952e-07,-0.0293327
1.154452e-07,-0.0285088
1.154952e-07,-0.0175513
1.155452e-07,-0.00988933
1.155952e-07,-0.0153269
1.156452e-07,-0.0287011
1.156952e-07,-0.032738
1.157452e-07,-0.0262569
1.157952e-07,-0.0239775
1.158452e-07,-0.0308157
1.158952e-07,-0.0289482
1.159452e-07,-0.017469
1.159952e-07,-0.0190343
1.160452e-07,-0.0268062
1.160952e-07,-0.0200504
1.161452e-07,-0.00717056
1.161952e-07,-0.00678608
1.162452e-07,-0.0118392
1.162952e-07,-0.00923024
1.163452e-07,-0.0096971
1.163952e-07,-0.019611
1.164452e-07,-0.0280694
1.164952e-07,-0.0322437
1.165452e-07,-0.0349076
1.165952e-07,-0.0284814
1.166452e-07,-0.012718
1.166952e-07,-0.00725294
1.167452e-07,-0.0131574
1.167952e-07,-0.0127729
1.168452e-07,-0.009038
1.168952e-07,-0.00640161
1.169452e-07,-0.0051658
1.169952e-07,-0.0107407
1.170452e-07,-0.00785712
1.170952e-07,0.00853793
1.171452e-07,0.0155958
1.171952e-07,0.0103779
1.172452e-07,0.00241382
1.172952e-07,-0.00546789
1.173452e-07,-0.00744518
1.173952e-07,-0.00618191
1.174452e-07,-0.00351806
1.174952e-07,0.000463987
1.175452e-07,-0.0060446
1.175952e-07,-0.0140911
1.176452e-07,-0.00975202
1.176952e-07,-0.00780219
1.177452e-07,-0.0126081
1.177952e-07,-0.0150248
1.178452e-07,-0.0143382
1.178952e-07,-0.00879084
1.179452e-07,0.000628761
1.179952e-07,0.00606631
1.180452e-07,0.00752182
1.180952e-07,0.00999344
1.181452e-07,0.0105427
1.181952e-07,0.00675287
1.182452e-07,-0.00241956
1.182952e-07,-0.0112625
1.183452e-07,-0.0135968
1.183952e-07,-0.0152445
1.184452e-07,-0.0111526
1.184952e-07,-0.00357298
1.185452e-07,-0.0112899
1.185952e-07,-0.0242796
1.186452e-07,-0.0219728
1.186952e-07,-0.0147502
1.187452e-07,-0.0161508
1.187952e-07,-0.0219728
1.188452e-07,-0.0254605
1.188952e-07,-0.0243071
1.189452e-07,-0.0198856
1.189952e-07,-0.0107132
1.190452e-07,-0.00598967
1.190952e-07,-0.0123335
1.191452e-07,-0.0103287
1.191952e-07,-0.00159569
1.192452e-07,-0.00140346
1.192952e-07,0.00153502
1.193452e-07,0.00362216
1.193952e-07,-0.00818667
1.194452e-07,-0.0210665
1.194952e-07,-0.0238677
1.195452e-07,-0.0222199
1.195952e-07,-0.0273829
1.196452e-07,-0.0358962
1.196952e-07,-0.036061
1.197452e-07,-0.0294426
1.197952e-07,-0.0191442
1.198452e-07,-0.0096971
1.198952e-07,-0.00571505
1.199452e-07,-0.00557774
1.199952e-07,-0.00590729
1.200452e-07,-0.00387507
1.200952e-07,-0.00579744
1.201452e-07,-0.0110428
1.201952e-07,-0.0077198
1.202452e-07,-0.00165062
1.202952e-07,-0.000222573
1.203452e-07,0.00205681
1.203952e-07,-0.00189778
1.204452e-07,-0.0138439
1.204952e-07,-0.019968
1.205452e-07,-0.0205997
1.205952e-07,-0.02038
1.206452e-07,-0.0140636
1.206952e-07,-0.00181539
1.207452e-07,0.00897733
1.207952e-07,0.012163
1.208452e-07,0.0104054
1.208952e-07,0.0101033
1.209452e-07,0.0057093
1.209952e-07,-0.00365537
1.210452e-07,-0.0117293
1.210952e-07,-0.0222199
1.211452e-07,-0.0272181
1.211952e-07,-0.0157937
1.212452e-07,-0.00590729
1.212952e-07,-0.00544043
1.213452e-07,0.00356724
1.213952e-07,0.0138931
1.214452e-07,0.00710988
1.214952e-07,-0.00233718
1.215452e-07,-0.001733
1.215952e-07,-0.00555028
1.216452e-07,-0.0135418
1.216952e-07,-0.0133221
1.217452e-07,-0.0108505
1.217952e-07,-0.0123335
1.218452e-07,-0.0160134
1.218952e-07,-0.0195561
1.219452e-07,-0.0215608
1.219952e-07,-0.0213686
1.220452e-07,-0.0206546
1.220952e-07,-0.0226868
1.221452e-07,-0.0234558
1.221952e-07,-0.0193364
1.222452e-07,-0.0117019
1.222952e-07,-0.00335328
1.223452e-07,0.00288068
1.223952e-07,0.00804361
1.224452e-07,0.00735705
1.224952e-07,-0.00233718
1.225452e-07,-0.0142559
1.225952e-07,-0.0247465
1.226452e-07,-0.0268886
1.226952e-07,-0.0212038
1.227452e-07,-0.0187048
1.227952e-07,-0.0146129
1.228452e-07,-0.0092577
1.228952e-07,-0.0118941
1.229452e-07,-0.015217
1.229952e-07,-0.0200504
1.230452e-07,-0.02947
1.230952e-07,-0.03315
1.231452e-07,-0.0347977
1.231952e-07,-0.0351547
1.232452e-07,-0.0295524
1.232952e-07,-0.0224396
1.233452e-07,-0.0142009
1.233952e-07,-0.0113174
1.234452e-07,-0.0135418
1.234952e-07,-0.0122511
1.235452e-07,-0.00912039
1.235952e-07,-0.000689433
1.236452e-07,0.0111194
1.236952e-07,0.0166943
1.237452e-07,0.0195229
1.237952e-07,0.0235873
1.238452e-07,0.0213354
1.238952e-07,0.00505021
1.239452e-07,-0.0129102
1.239952e-07,-0.018128
1.240452e-07,-0.0174964
1.240952e-07,-0.0124159
1.241452e-07,-0.00376522
1.241952e-07,-3.03361e-05
1.242452e-07,0.00392425
1.242952e-07,0.00721973
1.243452e-07,0.00617616
1.243952e-07,0.00529737
1.244452e-07,0.000354137
1.244952e-07,-0.00697832
1.245452e-07,-0.0103837
1.245952e-07,-0.00972456
1.246452e-07,-0.00898307
1.246952e-07,-0.0135968
1.247452e-07,-0.0177985
1.247952e-07,-0.0163979
1.248452e-07,-0.0131299
1.248952e-07,-0.00766488
1.249452e-07,-0.00730787
1.249952e-07,-0.0210116
1.250452e-07,-0.0319691
1.250952e-07,-0.0268062
1.251452e-07,-0.0207919
1.251952e-07,-0.0202427
1.252452e-07,-0.0195012
1.252952e-07,-0.0246366
1.253452e-07,-0.0336443
1.253952e-07,-0.0360061
1.254452e-07,-0.033864
1.254952e-07,-0.0324634
1.255452e-07,-0.0275751
1.255952e-07,-0.0208194
1.256452e-07,-0.015629
1.256952e-07,-0.0111251
1.257452e-07,-0.0143657
1.257952e-07,-0.0179633
1.258452e-07,-0.0105484
1.258952e-07,-0.00439686
1.259452e-07,-0.00958725
1.259952e-07,-0.0190892
1.260452e-07,-0.0218355
1.260952e-07,-0.0172493
1.261452e-07,-0.0128278
1.261952e-07,-0.010521
1.262452e-07,-0.0100541
1.262952e-07,-0.0103013
1.263452e-07,-0.00898307
1.263952e-07,-0.00972456
1.264452e-07,-0.011949
1.264952e-07,-0.0134869
1.265452e-07,-0.0139263
1.265952e-07,-0.0125806
1.266452e-07,-0.0143108
1.266952e-07,-0.017414
1.267452e-07,-0.0165902
1.267952e-07,-0.0118117
1.268452e-07,-0.0081592
1.268952e-07,-0.00832398
1.269452e-07,-0.00598967
1.269952e-07,-0.00272165
1.270452e-07,-0.00329836
1.270952e-07,-0.00843383
1.271452e-07,-0.0128553
1.271952e-07,-0.0104111
1.272452e-07,-0.0136517
1.272952e-07,-0.0224122
1.273452e-07,-0.0207095
1.273952e-07,-0.012663
1.274452e-07,-0.0058249
1.274952e-07,-0.00241956
1.275452e-07,-0.000112723
1.275952e-07,0.00477558
1.276452e-07,0.00672541
1.276952e-07,0.00353977
1.277452e-07,-0.00502849
1.277952e-07,-0.015986
1.278452e-07,-0.0173591
1.278952e-07,-0.0124433
1.279452e-07,-0.0170845
1.279952e-07,-0.0253232
1.280452e-07,-0.0230164
1.280952e-07,-0.0168648
1.281452e-07,-0.0146403
1.281952e-07,-0.0135418
1.282452e-07,-0.0164803
1.282952e-07,-0.0245268
1.283452e-07,-0.0306784
1.283952e-07,-0.0304861
1.284452e-07,-0.030184
1.284952e-07,-0.0354019
1.285452e-07,-0.0366926
1.285952e-07,-0.0364729
1.286452e-07,-0.0407296
1.286952e-07,-0.0338915
1.287452e-07,-0.0232361
1.287952e-07,-0.0251859
1.288452e-07,-0.0222749
1.288952e-07,-0.0106857
1.289452e-07,-0.00780219
1.289952e-07,-0.0139812
1.290452e-07,-0.0196659
1.290952e-07,-0.0200779
1.291452e-07,-0.0140911
1.291952e-07,-0.00601714
1.292452e-07,-0.00760996
1.292952e-07,-0.0129377
1.293452e-07,-0.00557774
1.293952e-07,0.00277083
1.294452e-07,0.00540722
1.294952e-07,0.011806
1.295452e-07,0.0111469
1.295952e-07,0.00211173
1.296452e-07,-0.00491864
1.296952e-07,-0.00788458
1.297452e-07,-0.00338075
1.297952e-07,-0.00530311
1.298452e-07,-0.0165627
1.298952e-07,-0.017826
1.299452e-07,-0.0140087
1.299952e-07,-0.0126356
1.300452e-07,-0.00890069
1.300952e-07,-0.00983441
1.301452e-07,-0.0144206
1.301952e-07,-0.0140911
1.302452e-07,-0.00906546
1.302952e-07,-0.000222573
1.303452e-07,0.00656064
1.303952e-07,0.0105152
1.304452e-07,0.0190835
1.304952e-07,0.0273497
1.305452e-07,0.0284207
1.305952e-07,0.0277341
1.306452e-07,0.0326499
1.306952e-07,0.0378952
1.307452e-07,0.0343251
1.307952e-07,0.0283108
1.308452e-07,0.0257568
1.308952e-07,0.0240542
1.309452e-07,0.0246858
1.309952e-07,0.0256195
1.310452e-07,0.0247957
1.310952e-07,0.0226811
1.311452e-07,0.0105152
1.311952e-07,-0.00678608
1.312452e-07,-0.0126905
1.312952e-07,-0.0119215
1.313452e-07,-0.0132397
1.313952e-07,-0.0171394
1.314452e-07,-0.0205722
1.314952e-07,-0.0206821
1.315452e-07,-0.0216432
1.315952e-07,-0.023291
1.316452e-07,-0.0246641
1.316952e-07,-0.0269984
1.317452e-07,-0.0246092
1.317952e-07,-0.0167824
1.318452e-07,-0.0118666
1.318952e-07,-0.010878
1.319452e-07,-0.00744518
1.319952e-07,-0.00579744
1.320452e-07,-0.0138988
1.320952e-07,-0.0223847
1.321452e-07,-0.0209018
1.321952e-07,-0.0223023
1.322452e-07,-0.0332873
1.322952e-07,-0.0365004
1.323452e-07,-0.0260098
1.323952e-07,-0.011949
1.324452e-07,-0.00414969
1.324952e-07,-0.00428701
1.325452e-07,-0.00428701
1.325952e-07,-0.00623684
1.326452e-07,-0.017826
1.326952e-07,-0.0313649
1.327452e-07,-0.0373517
1.327952e-07,-0.0352097
1.328452e-07,-0.0270533
1.328952e-07,-0.0135693
1.329452e-07,-0.000167648
1.329952e-07,0.00200188
1.330452e-07,-0.00329836
1.330952e-07,-0.00618191
1.331452e-07,-0.00555028
1.331952e-07,-0.000359885
1.332452e-07,0.00414395
1.332952e-07,0.0042538
1.333452e-07,-0.000112723
1.333952e-07,-0.00703324
1.334452e-07,-0.00782965
1.334952e-07,-0.00546789
1.335452e-07,-0.00099152
1.335952e-07,0.00947165
1.336452e-07,0.0147994
1.336952e-07,0.0141952
1.337452e-07,0.00911464
1.337952e-07,-0.00725294
1.338452e-07,-0.0168373
1.338952e-07,-0.0112625
1.339452e-07,-0.0113448
1.339952e-07,-0.0135144
1.340452e-07,-0.00695086
1.340952e-07,0.0003816
1.341452e-07,0.00708242
1.341952e-07,0.00601139
1.342452e-07,-0.00802189
1.342952e-07,-0.0137341
1.343452e-07,-0.00513834
1.343952e-07,-0.00601714
1.344452e-07,-0.0165627
1.344952e-07,-0.0172218
1.345452e-07,-0.0117019
1.345952e-07,-0.0118117
1.346452e-07,-0.0134869
1.346952e-07,-0.0126356
1.347452e-07,-0.0125806
1.347952e-07,-0.0144481
1.348452e-07,-0.0190892
1.348952e-07,-0.0237853
1.349452e-07,-0.0226868
1.349952e-07,-0.0234008
1.350452e-07,-0.030953
1.350952e-07,-0.0283166
1.351452e-07,-0.0190892
1.351952e-07,-0.0264492
1.352452e-07,-0.0333147
1.352952e-07,-0.0235931
1.353452e-07,-0.017771
1.353952e-07,-0.012718
1.354452e-07,-0.00189778
1.354952e-07,-0.0015133
1.355452e-07,-0.00678608
1.355952e-07,-0.00848875
1.356452e-07,-0.0103837
1.356952e-07,-0.00942247
1.357452e-07,-0.00755503
1.357952e-07,-0.0127729
1.358452e-07,-0.01854
1.358952e-07,-0.0146129
1.359452e-07,-0.0094774
1.359952e-07,-0.015217
1.360452e-07,-0.0195286
1.360952e-07,-0.0094774
1.361452e-07,-0.00436939
1.361952e-07,-0.015217
1.362452e-07,-0.0225495
1.362952e-07,-0.0198582
1.363452e-07,-0.0149424
1.363952e-07,-0.0131299
1.364452e-07,-0.0176887
1.364952e-07,-0.0199955
1.365452e-07,-0.0120039
1.365952e-07,-0.00387507
1.366452e-07,-0.00914785
1.366952e-07,-0.0215059
1.367452e-07,-0.0251584
1.367952e-07,-0.020325
1.368452e-07,-0.0176887
1.368952e-07,-0.0161233
1.369452e-07,-0.0104386
1.369952e-07,-0.00832398
1.370452e-07,-0.0103013
1.370952e-07,-0.00447924
1.371452e-07,0.00392425
1.371952e-07,0.00419887
1.372452e-07,-0.000414809
1.372952e-07,-0.00697832
1.373452e-07,-0.0159036
1.373952e-07,-0.0247465
1.374452e-07,-0.0315846
1.374952e-07,-0.0339738
1.375452e-07,-0.0312276
1.375952e-07,-0.0273829
1.376452e-07,-0.0243345
1.376952e-07,-0.0259548
1.377452e-07,-0.0289757
1.377952e-07,-0.0213137
1.378452e-07,-0.00931262
1.378952e-07,-0.0060446
1.379452e-07,-0.00879084
1.379952e-07,-0.0092577
1.380452e-07,-0.00810428
1.380952e-07,-0.00733533
1.381452e-07,-0.00134853
1.381952e-07,0.00598393
1.382452e-07,0.00683526
1.382952e-07,0.00623109
1.383452e-07,0.00971881
1.383952e-07,0.0141403
1.384452e-07,0.0154035
1.384952e-07,0.0147994
1.385452e-07,0.0124376
1.385952e-07,0.00513259
1.386452e-07,-0.00486372
1.386952e-07,-0.00843383
1.387452e-07,-0.00791204
1.387952e-07,-0.0155191
1.388452e-07,-0.0223573
1.388952e-07,-0.0148875
1.389452e-07,-0.00165062
1.389952e-07,0.00941673
1.390452e-07,0.0185342
1.390952e-07,0.0207038
1.391452e-07,0.0173534
1.391952e-07,0.0173534
1.392452e-07,0.0134537
1.392952e-07,0.000875923
1.393452e-07,-0.00511088
1.393952e-07,-0.00664877
1.394452e-07,-0.0157663
1.394952e-07,-0.0257351
1.395452e-07,-0.0264217
1.395952e-07,-0.017771
1.396452e-07,-0.0135144
1.396952e-07,-0.0117019
1.397452e-07,-0.000524659
1.397952e-07,0.00568184
1.398452e-07,0.00524244
1.398952e-07,0.00422633
1.399452e-07,-0.00719802
1.399952e-07,-0.0165352
1.400452e-07,-0.0143382
1.400952e-07,-0.00920277
1.401452e-07,-0.000607046
1.401952e-07,0.00439111
1.402452e-07,0.00189203
1.402952e-07,-0.00497357
1.403452e-07,-0.0100816
1.403952e-07,-0.00587982
1.404452e-07,-0.0096971
1.404952e-07,-0.0215334
1.405452e-07,-0.0190618
1.405952e-07,-0.011949
1.406452e-07,-0.00887322
1.406952e-07,-0.00354552
1.407452e-07,-0.00428701
1.407952e-07,-0.0149973
1.408452e-07,-0.0263118
1.408952e-07,-0.0303763
1.409452e-07,-0.0267787
1.409952e-07,-0.0197483
1.410452e-07,-0.0123609
1.410952e-07,-0.00483625
1.411452e-07,0.0042538
1.411952e-07,0.0138107
1.412452e-07,0.0132065
1.412952e-07,0.00238635
1.413452e-07,-0.00316105
1.413952e-07,-0.00755503
1.414452e-07,-0.0155191
1.414952e-07,-0.0182928
1.415452e-07,-0.0209841
1.415952e-07,-0.0266963
1.416452e-07,-0.0268062
1.416952e-07,-0.0182104
1.417452e-07,-0.010466
1.417952e-07,-0.00890069
1.418452e-07,-0.00533058
1.418952e-07,-0.00187032
1.419452e-07,-0.00368283
1.419952e-07,-0.00846129
1.420452e-07,-0.0131299
1.420952e-07,-0.00741772
1.421452e-07,0.000326675
1.421952e-07,-0.00461655
1.422452e-07,-0.00791204
1.422952e-07,-0.00211748
1.423452e-07,0.00771406
1.423952e-07,0.0183695
1.424452e-07,0.0146895
1.424952e-07,-0.000936595
1.425452e-07,-0.00651146
1.425952e-07,-0.010466
1.426452e-07,-0.0226319
1.426952e-07,-0.0271632
1.427452e-07,-0.0283441
1.427952e-07,-0.0396036
1.428452e-07,-0.0461122
1.428952e-07,-0.0378735
1.429452e-07,-0.0315846
1.429952e-07,-0.0344132
1.430452e-07,-0.0336443
1.430952e-07,-0.0216158
1.431452e-07,-0.0106308
1.431952e-07,-0.00802189
1.432452e-07,-0.00574251
1.432952e-07,-0.00365537
1.433452e-07,0.00342992
1.433952e-07,0.0121355
1.434452e-07,0.00911464
1.434952e-07,0.00603885
1.435452e-07,0.00603885
1.435952e-07,-0.00390253
1.436452e-07,-0.0140362
1.436952e-07,-0.0128553
1.437452e-07,-0.00901054
1.437952e-07,-0.00497357
1.438452e-07,0.00521498
1.438952e-07,0.00831823
1.439452e-07,-0.00428701
1.439952e-07,-0.0123335
1.440452e-07,-0.00865353
1.440952e-07,-0.00596221
1.441452e-07,-0.00593475
1.441952e-07,-0.00324344
1.442452e-07,0.00351231
1.442952e-07,0.0105976
1.443452e-07,0.0146346
1.443952e-07,0.0202094
1.444452e-07,0.028558
1.444952e-07,0.0294643
1.445452e-07,0.0180674
1.445952e-07,0.000491449
1.446452e-07,-0.0117842
1.446952e-07,-0.0119215
1.447452e-07,-0.0138988
1.447952e-07,-0.0238128
1.448452e-07,-0.0241972
1.448952e-07,-0.0164254
1.449452e-07,-0.0109604
1.449952e-07,-0.00563266
1.450452e-07,-0.00640161
1.450952e-07,-0.0103562
1.451452e-07,-0.00662131
1.451952e-07,-0.0032709
1.452452e-07,-0.00475387
1.452952e-07,-0.00524819
1.453452e-07,-0.0094774
1.453952e-07,-0.0179084
1.454452e-07,-0.0228241
1.454952e-07,-0.0250486
1.455452e-07,-0.0276575
1.455952e-07,-0.026202
1.456452e-07,-0.0177436
1.456952e-07,-0.0102189
1.457452e-07,-0.00780219
1.457952e-07,-0.0051658
1.458452e-07,-0.00401238
1.458952e-07,-0.00835144
1.459452e-07,-0.0112899
1.459952e-07,-0.0121687
1.460452e-07,-0.0163979
1.460952e-07,-0.0150248
1.461452e-07,-0.00796697
1.461952e-07,-0.00700578
1.462452e-07,-0.00876338
1.462952e-07,-0.00980695
1.463452e-07,-0.0110428
1.463952e-07,-0.00821413
1.464452e-07,-0.00983441
1.464952e-07,-0.017057
1.465452e-07,-0.0120039
1.465952e-07,-0.00112883
1.466452e-07,-0.000854208
1.466952e-07,-0.00700578
1.467452e-07,-0.0110428
1.467952e-07,-0.0124159
1.468452e-07,-0.0163155
1.468952e-07,-0.0180457
1.469452e-07,-0.00760996
1.469952e-07,0.00213919
1.470452e-07,-0.00846129
1.470952e-07,-0.0261196
1.471452e-07,-0.0271357
1.471952e-07,-0.0162331
1.472452e-07,-0.0130475
1.472952e-07,-0.0221376
1.473452e-07,-0.0249936
1.473952e-07,-0.0128553
1.474452e-07,-0.00178793
1.474952e-07,0.00282575
1.475452e-07,0.00754928
1.475952e-07,0.00603885
1.476452e-07,0.000134438
1.476952e-07,0.00461081
1.477452e-07,0.00732958
1.477952e-07,-0.00653892
1.478452e-07,-0.0218355
1.478952e-07,-0.027685
1.479452e-07,-0.0282891
1.479952e-07,-0.0309255
1.480452e-07,-0.0335894
1.480952e-07,-0.0296348
1.481452e-07,-0.0245268
1.481952e-07,-0.0268886
1.482452e-07,-0.0322712
1.482952e-07,-0.0313375
1.483452e-07,-0.0285912
1.483952e-07,-0.0240874
1.484452e-07,-0.0212038
1.484952e-07,-0.0261745
1.485452e-07,-0.0198033
1.485952e-07,-0.00544043
1.486452e-07,-0.00511088
1.486952e-07,-0.00700578
1.487452e-07,0.000244288
1.487952e-07,0.00543468
1.488452e-07,0.00246874
1.488952e-07,-0.000689433
1.489452e-07,-0.00401238
1.489952e-07,-0.0144481
1.490452e-07,-0.0240874
1.490952e-07,-0.0239501
1.491452e-07,-0.0181006
1.491952e-07,-0.0169197
1.492452e-07,-0.0217531
1.492952e-07,-0.0260647
1.493452e-07,-0.029113
1.493952e-07,-0.0296348
1.494452e-07,-0.027685
1.494952e-07,-0.0256802
1.495452e-07,-0.0201603
1.495952e-07,-0.010466
1.496452e-07,0.000875923
1.496952e-07,0.0140853
1.497452e-07,0.0188089
1.497952e-07,0.0151838
1.498452e-07,0.0193581
1.498952e-07,0.0215826
1.499452e-07,0.0125474
1.499952e-07,0.00581915
1.500452e-07,0.00290814
1.500952e-07,-0.00593475
1.501452e-07,-0.0165078
1.501952e-07,-0.0233734
1.502452e-07,-0.0333422
1.502952e-07,-0.041169
1.503452e-07,-0.0346055
1.503952e-07,-0.0197758
1.504452e-07,-0.00769234
1.504952e-07,0.00353977
1.505452e-07,0.0091421
1.505952e-07,0.00598393
1.506452e-07,0.00551707
1.506952e-07,0.00645079
1.507452e-07,-0.000359885
1.507952e-07,-0.0168922
1.508452e-07,-0.0285912
1.508952e-07,-0.0230713
1.509452e-07,-0.0166451
1.509952e-07,-0.0186773
1.510452e-07,-0.0251584
1.510952e-07,-0.0283166
1.511452e-07,-0.0204074
1.511952e-07,-0.0137615
1.512452e-07,-0.015629
1.512952e-07,-0.0140362
1.513452e-07,-0.00236464
1.513952e-07,0.0040341
1.514452e-07,-0.00555028
1.514952e-07,-0.0158487
1.515452e-07,-0.0196934
1.515952e-07,-0.0177161
1.516452e-07,-0.00999918
1.516952e-07,-0.00620937
1.517452e-07,-0.00428701
1.517952e-07,0.0014801
1.518452e-07,0.00274337
1.518952e-07,-0.00170554
1.519452e-07,-0.00719802
1.519952e-07,-0.0157388
1.520452e-07,-0.0264492
1.520952e-07,-0.0335894
1.521452e-07,-0.0269984
1.521952e-07,-0.0114547
1.522452e-07,-0.010466
1.522952e-07,-0.0182379
1.523452e-07,-0.0164803
1.523952e-07,-0.0169746
1.524452e-07,-0.0280145
1.524952e-07,-0.0354843
1.525452e-07,-0.0351547
1.525952e-07,-0.0404824
1.526452e-07,-0.0466889
1.526952e-07,-0.0385326
1.527452e-07,-0.0293602
1.527952e-07,-0.0287835
1.528452e-07,-0.0245817
1.528952e-07,-0.0160958
1.529452e-07,-0.00563266
1.529952e-07,0.00353977
1.530452e-07,-2.87366e-06
1.530952e-07,-0.00782965
1.531452e-07,-0.00557774
1.531952e-07,-0.00225479
1.532452e-07,-0.00656638
1.532952e-07,-0.0100266
1.533452e-07,-0.00791204
1.533952e-07,-0.00522073
1.534452e-07,-0.00357298
1.534952e-07,-0.00351806
1.535452e-07,-0.00508342
1.535952e-07,-0.00373776
1.536452e-07,0.00255113
1.536952e-07,0.010323
1.537452e-07,0.0178202
1.537952e-07,0.0210608
1.538452e-07,0.0163098
1.538952e-07,0.0123003
1.539452e-07,0.0140853
1.539952e-07,0.0188912
1.540452e-07,0.0170238
1.540952e-07,-0.00088167
1.541452e-07,-0.0157388
1.541952e-07,-0.0182104
1.542452e-07,-0.0202976
1.542952e-07,-0.0194188
1.543452e-07,-0.0217531
1.543952e-07,-0.030184
1.544452e-07,-0.0241972
1.544952e-07,-0.00760996
1.545452e-07,-0.00384761
1.545952e-07,-0.00500103
1.546452e-07,0.00375947
1.546952e-07,0.0105976
1.547452e-07,0.00922449
1.547952e-07,0.00691765
1.548452e-07,0.00474812
1.548952e-07,0.00573677
1.549452e-07,0.0065881
1.549952e-07,-0.000854208
1.550452e-07,-0.00340821
1.550952e-07,0.00235889
1.551452e-07,0.00485797
1.551952e-07,0.00326515
1.552452e-07,-0.00623684
1.552952e-07,-0.017057
1.553452e-07,-0.0204624
1.553952e-07,-0.0235931
1.554452e-07,-0.0256527
1.554952e-07,-0.0193089
1.555452e-07,-0.00868099
1.555952e-07,-0.00574251
1.556452e-07,-0.00706071
1.556952e-07,-0.00357298
1.557452e-07,0.00134278
1.557952e-07,0.00321023
1.558452e-07,-0.00420462
1.558952e-07,-0.0179084
1.559452e-07,-0.022879
1.559952e-07,-0.0167549
1.560452e-07,-0.0110153
1.560952e-07,-0.0132672
1.561452e-07,-0.0180182
1.561952e-07,-0.0173042
1.562452e-07,-0.0110977
1.562952e-07,-0.00387507
1.563452e-07,-0.00255688
1.563952e-07,-0.00497357
1.564452e-07,-0.00406731
1.564952e-07,-0.00439686
1.565452e-07,-0.00791204
1.565952e-07,-0.0154093
1.566452e-07,-0.0278223
1.566952e-07,-0.0318043
1.567452e-07,-0.0230713
1.567952e-07,-0.0148051
1.568452e-07,-0.0110977
1.568952e-07,-0.00950486
1.569452e-07,-0.00975202
1.569952e-07,-0.00920277
1.570452e-07,-0.0103562
1.570952e-07,-0.0135693
1.571452e-07,-0.00785712
1.571952e-07,0.00164487
1.572452e-07,-0.00140346
1.572952e-07,-0.0103562
1.573452e-07,-0.00843383
1.573952e-07,0.000628761
1.574452e-07,-0.000222573
1.574952e-07,-0.00684101
1.575452e-07,-0.00450671
1.575952e-07,0.00197442
1.576452e-07,0.00392425
1.576952e-07,0.00345739
1.577452e-07,0.000601299
1.577952e-07,-0.00511088
1.578452e-07,-0.0079395
1.578952e-07,-0.00983441
1.579452e-07,-0.0138714
1.579952e-07,-0.015629
1.580452e-07,-0.0133221
1.580952e-07,-0.00733533
1.581452e-07,-0.00335328
1.581952e-07,-0.0103013
1.582452e-07,-0.0213961
1.582952e-07,-0.0212862
1.583452e-07,-0.0108505
1.583952e-07,-0.00354552
1.584452e-07,-0.00596221
1.584952e-07,-0.00912039
1.585452e-07,-0.00725294
1.585952e-07,-0.00631922
1.586452e-07,-0.00387507
1.586952e-07,-5.77984e-05
1.587452e-07,-0.000140186
1.587952e-07,2.45887e-05
1.588452e-07,0.000903385
1.588952e-07,0.00235889
1.589452e-07,0.0111194
1.589952e-07,0.0206214
1.590452e-07,0.0210059
1.590952e-07,0.0214178
1.591452e-07,0.0235324
1.591952e-07,0.0158429
1.592452e-07,0.00477558
1.592952e-07,0.00189203
1.593452e-07,-0.000936595
1.593952e-07,-0.0132397
1.594452e-07,-0.0262295
1.594952e-07,-0.0295799
1.595452e-07,-0.0273829
1.595952e-07,-0.0254056
1.596452e-07,-0.0253507
