LECROYWR640Zi,59892,Waveform
Segments,1,SegmentSize,4002
Segment,TrigTime,TimeSinceSegment1
#1,01-Nov-2023 13:36:56,0                 
Time,Ampl
-4.040336e-08,0.0168865
-4.035336e-08,0.00927941
-4.030336e-08,0.00617616
-4.025336e-08,0.00557199
-4.020336e-08,0.00109562
-4.015336e-08,-0.00568759
-4.010336e-08,-0.00436939
-4.005336e-08,0.00625855
-4.000336e-08,0.00864778
-3.995336e-08,0.0042538
-3.990336e-08,0.00483051
-3.985336e-08,0.00982866
-3.980336e-08,0.0199897
-3.975336e-08,0.0229831
-3.970336e-08,0.0111469
-3.965336e-08,-0.00250195
-3.960336e-08,-0.00467148
-3.955336e-08,0.00612124
-3.950336e-08,0.0146071
-3.945336e-08,0.0141403
-3.940336e-08,0.0144149
-3.935336e-08,0.0181223
-3.930336e-08,0.0192483
-3.925336e-08,0.0154585
-3.920336e-08,0.0120806
-3.915336e-08,0.0115039
-3.910336e-08,0.0157056
-3.905336e-08,0.0232852
-3.900336e-08,0.0221318
-3.895336e-08,0.0111469
-3.890336e-08,0.00417141
-3.885336e-08,0.00628601
-3.880336e-08,0.00916956
-3.875336e-08,0.00922449
-3.870336e-08,0.0070275
-3.865336e-08,0.000106976
-3.860336e-08,-0.00434193
-3.855336e-08,0.00477558
-3.850336e-08,0.0132615
-3.845336e-08,0.00862032
-3.840336e-08,0.0098012
-3.835336e-08,0.0155683
-3.830336e-08,0.00955404
-3.825336e-08,0.00631348
-3.820336e-08,0.0142501
-3.815336e-08,0.0171337
-3.810336e-08,0.0139755
-3.805336e-08,0.0146071
-3.800336e-08,0.018699
-3.795336e-08,0.0203468
-3.790336e-08,0.010323
-3.785336e-08,0.00084846
-3.780336e-08,0.00323769
-3.775336e-08,-0.0049461
-3.770336e-08,-0.0213686
-3.765336e-08,-0.0208743
-3.760336e-08,-0.0112075
-3.755336e-08,-0.00931262
-3.750336e-08,-0.00733533
-3.745336e-08,0.00356724
-3.740336e-08,0.00985612
-3.735336e-08,0.000683686
-3.730336e-08,-0.0058249
-3.725336e-08,0.00513259
-3.720336e-08,0.0151838
-3.715336e-08,0.0129594
-3.710336e-08,0.0137009
-3.705336e-08,0.0210882
-3.700336e-08,0.0237521
-3.695336e-08,0.0232028
-3.690336e-08,0.0224614
-3.685336e-08,0.0214178
-3.680336e-08,0.0236697
-3.675336e-08,0.0229008
-3.670336e-08,0.0181498
-3.665336e-08,0.01436
-3.660336e-08,0.00815346
-3.655336e-08,0.00469319
-3.650336e-08,0.00634094
-3.645336e-08,0.000793536
-3.640336e-08,-0.00587982
-3.635336e-08,-0.00343567
-3.630336e-08,-0.00728041
-3.625336e-08,-0.0160409
-3.620336e-08,-0.011235
-3.615336e-08,-0.00412223
-3.610336e-08,-0.00818667
-3.605336e-08,-0.0092577
-3.600336e-08,-0.00469894
-3.595336e-08,-0.00906546
-3.590336e-08,-0.0120039
-3.585336e-08,-0.00318851
-3.580336e-08,0.000875923
-3.575336e-08,-0.00414969
-3.570336e-08,-0.00796697
-3.565336e-08,-0.00917531
-3.560336e-08,-0.0111801
-3.555336e-08,-0.0134045
-3.550336e-08,-0.00966963
-3.545336e-08,-0.00296881
-3.540336e-08,-0.000140186
-3.535336e-08,0.00752182
-3.530336e-08,0.010323
-3.525336e-08,-0.00653892
-3.520336e-08,-0.0136791
-3.515336e-08,-0.00176047
-3.510336e-08,0.00117801
-3.505336e-08,-0.00156823
-3.500336e-08,0.000299213
-3.495336e-08,-0.00522073
-3.490336e-08,-0.0102463
-3.485336e-08,0.00197442
-3.480336e-08,0.0162823
-3.475336e-08,0.0196602
-3.470336e-08,0.022022
-3.465336e-08,0.0264434
-3.460336e-08,0.0273771
-3.455336e-08,0.0230381
-3.450336e-08,0.0210882
-3.445336e-08,0.022379
-3.440336e-08,0.0154585
-3.435336e-08,0.00716481
-3.430336e-08,0.00982866
-3.425336e-08,0.014305
-3.420336e-08,0.011037
-3.415336e-08,0.0057093
-3.410336e-08,0.00785137
-3.405336e-08,0.0156232
-3.400336e-08,0.0202094
-3.395336e-08,0.0162274
-3.390336e-08,0.00433618
-3.385336e-08,-2.87366e-06
-3.380336e-08,0.0111469
-3.375336e-08,0.0196053
-3.370336e-08,0.0173808
-3.365336e-08,0.01252
-3.360336e-08,0.0104603
-3.355336e-08,0.0137009
-3.350336e-08,0.0173534
-3.345336e-08,0.0137832
-3.340336e-08,0.00277083
-3.335336e-08,-0.00873591
-3.330336e-08,-0.0120863
-3.325336e-08,-0.0081592
-3.320336e-08,-0.00796697
-3.315336e-08,-0.0125532
-3.310336e-08,-0.0121687
-3.305336e-08,-0.00414969
-3.300336e-08,0.00730212
-3.295336e-08,0.0175456
-3.290336e-08,0.02529
-3.285336e-08,0.0302058
-3.280336e-08,0.0255097
-3.275336e-08,0.0165295
-3.270336e-08,0.0169414
-3.265336e-08,0.0176005
-3.260336e-08,0.0134262
-3.255336e-08,0.0158429
-3.250336e-08,0.0172435
-3.245336e-08,0.0127122
-3.240336e-08,0.0144423
-3.235336e-08,0.0184519
-3.230336e-08,0.0152937
-3.225336e-08,0.0111194
-3.220336e-08,0.0129868
-3.215336e-08,0.0134262
-3.210336e-08,0.00678034
-3.205336e-08,0.000244288
-3.200336e-08,-0.00456163
-3.195336e-08,-0.00489118
-3.190336e-08,-0.000359885
-3.185336e-08,-0.00112883
-3.180336e-08,-0.0034906
-3.175336e-08,-0.00129361
-3.170336e-08,0.000216825
-3.165336e-08,0.0027159
-3.160336e-08,0.0102955
-3.155336e-08,0.0180948
-3.150336e-08,0.0239718
-3.145336e-08,0.029629
-3.140336e-08,0.027075
-3.135336e-08,0.0168865
-3.130336e-08,0.0110645
-3.125336e-08,0.00326515
-3.120336e-08,-0.0077198
-3.115336e-08,-0.00747264
-3.110336e-08,-0.00453417
-3.105336e-08,-0.00467148
-3.100336e-08,0.00342992
-3.095336e-08,0.00878509
-3.090336e-08,0.0010407
-3.085336e-08,-0.00469894
-3.080336e-08,0.000683686
-3.075336e-08,0.00894986
-3.070336e-08,0.0113391
-3.065336e-08,0.00900479
-3.060336e-08,0.00757675
-3.055336e-08,0.00804361
-3.050336e-08,0.0120257
-3.045336e-08,0.0184244
-3.040336e-08,0.0179026
-3.035336e-08,0.0157331
-3.030336e-08,0.0204566
-3.025336e-08,0.0158429
-3.020336e-08,0.000134438
-3.015336e-08,-0.00673116
-3.010336e-08,-0.00393
-3.005336e-08,0.00158994
-3.000336e-08,0.00439111
-2.995336e-08,-0.00137599
-2.990336e-08,-0.00447924
-2.985336e-08,0.00675287
-2.980336e-08,0.0201545
-2.975336e-08,0.0170513
-2.970336e-08,0.00200188
-2.965336e-08,-0.00576998
-2.960336e-08,-0.0026118
-2.955336e-08,0.00101323
-2.950336e-08,0.00197442
-2.945336e-08,0.00472066
-2.940336e-08,0.00551707
-2.935336e-08,0.00450096
-2.930336e-08,0.00944419
-2.925336e-08,0.0158429
-2.920336e-08,0.0126847
-2.915336e-08,0.00535229
-2.910336e-08,0.00938926
-2.905336e-08,0.0172984
-2.900336e-08,0.0193306
-2.895336e-08,0.0221593
-2.890336e-08,0.023807
-2.885336e-08,0.0243013
-2.880336e-08,0.0277891
-2.875336e-08,0.0307001
-2.870336e-08,0.0294093
-2.865336e-08,0.0237246
-2.860336e-08,0.0147444
-2.855336e-08,0.00730212
-2.850336e-08,0.00645079
-2.845336e-08,0.00754928
-2.840336e-08,0.00779644
-2.835336e-08,0.0113391
-2.830336e-08,0.0178477
-2.825336e-08,0.0186441
-2.820336e-08,0.0124101
-2.815336e-08,0.0149641
-2.810336e-08,0.0226261
-2.805336e-08,0.0185892
-2.800336e-08,0.0129319
-2.795336e-08,0.0129868
-2.790336e-08,0.0137832
-2.785336e-08,0.019825
-2.780336e-08,0.0261139
-2.775336e-08,0.0221043
-2.770336e-08,0.0177653
-2.765336e-08,0.0217199
-2.760336e-08,0.0232303
-2.755336e-08,0.0218846
-2.750336e-08,0.0237246
-2.745336e-08,0.0214453
-2.740336e-08,0.0186166
-2.735336e-08,0.0216924
-2.730336e-08,0.0180125
-2.725336e-08,0.0070275
-2.720336e-08,0.000930848
-2.715336e-08,0.000189363
-2.710336e-08,0.00233143
-2.705336e-08,0.00650571
-2.700336e-08,0.0155408
-2.695336e-08,0.0283658
-2.690336e-08,0.0355335
-2.685336e-08,0.0368242
-2.680336e-08,0.0371537
-2.675336e-08,0.0260589
-2.670336e-08,-0.00184285
-2.665336e-08,-0.0210665
-2.660336e-08,-0.0215059
-2.655336e-08,-0.0196659
-2.650336e-08,-0.0143108
-2.645336e-08,-0.00373776
-2.640336e-08,0.00650571
-2.635336e-08,0.0140029
-2.630336e-08,0.0135635
-2.625336e-08,0.0134262
-2.620336e-08,0.0173259
-2.615336e-08,0.0154585
-2.610336e-08,0.00820838
-2.605336e-08,0.00134278
-2.600336e-08,0.000491449
-2.595336e-08,0.00213919
-2.590336e-08,0.000738611
-2.585336e-08,0.00452842
-2.580336e-08,0.00771406
-2.575336e-08,0.000930848
-2.570336e-08,0.00101323
-2.565336e-08,0.0117785
-2.560336e-08,0.016914
-2.555336e-08,0.0152662
-2.550336e-08,0.0131516
-2.545336e-08,0.0168041
-2.540336e-08,0.0241366
-2.535336e-08,0.0207312
-2.530336e-08,0.0115863
-2.525336e-08,0.00820838
-2.520336e-08,0.00653317
-2.515336e-08,0.00993851
-2.510336e-08,0.0200447
-2.505336e-08,0.0248231
-2.500336e-08,0.0176829
-2.495336e-08,0.00988359
-2.490336e-08,0.0104603
-2.485336e-08,0.00754928
-2.480336e-08,0.000656224
-2.475336e-08,0.0012604
-2.470336e-08,0.00268844
-2.465336e-08,0.00252367
-2.460336e-08,0.00128786
-2.455336e-08,-0.00780219
-2.450336e-08,-0.0162331
-2.445336e-08,-0.0168373
-2.440336e-08,-0.0132397
-2.435336e-08,-0.0104111
-2.430336e-08,-0.0102189
-2.425336e-08,-0.00203509
-2.420336e-08,0.0138931
-2.415336e-08,0.0210333
-2.410336e-08,0.0200172
-2.405336e-08,0.0224064
-2.400336e-08,0.0189187
-2.395336e-08,0.00406156
-2.390336e-08,-0.00876338
-2.385336e-08,-0.0145305
-2.380336e-08,-0.0148051
-2.375336e-08,-0.015217
-2.370336e-08,-0.0148875
-2.365336e-08,-0.00788458
-2.360336e-08,-0.00198017
-2.355336e-08,0.00158994
-2.350336e-08,0.0118334
-2.345336e-08,0.0209509
-2.340336e-08,0.0196602
-2.335336e-08,0.0210882
-2.330336e-08,0.0306452
-2.325336e-08,0.0329245
-2.320336e-08,0.0242464
-2.315336e-08,0.0137832
-2.310336e-08,0.0102131
-2.305336e-08,0.0146346
-2.300336e-08,0.0150465
-2.295336e-08,0.00752182
-2.290336e-08,0.0042538
-2.285336e-08,0.0105152
-2.280336e-08,0.0170787
-2.275336e-08,0.0199074
-2.270336e-08,0.0227634
-2.265336e-08,0.0235873
-2.260336e-08,0.0204841
-2.255336e-08,0.0174907
-2.250336e-08,0.0148817
-2.245336e-08,0.00815346
-2.240336e-08,0.00367709
-2.235336e-08,0.00579169
-2.230336e-08,0.00689019
-2.225336e-08,0.00982866
-2.220336e-08,0.0133438
-2.215336e-08,0.0117236
-2.210336e-08,0.0158429
-2.205336e-08,0.0207862
-2.200336e-08,0.0132889
-2.195336e-08,0.00537975
-2.190336e-08,0.00584661
-2.185336e-08,0.00949911
-2.180336e-08,0.0120806
-2.175336e-08,0.00862032
-2.170336e-08,0.0029356
-2.165336e-08,0.00397917
-2.160336e-08,0.0101857
-2.155336e-08,0.0165295
-2.150336e-08,0.0197151
-2.145336e-08,0.0177104
-2.140336e-08,0.0119158
-2.135336e-08,0.00886748
-2.130336e-08,0.0138656
-2.125336e-08,0.0176829
-2.120336e-08,0.0134812
-2.115336e-08,0.0122179
-2.110336e-08,0.0196053
-2.105336e-08,0.0252625
-2.100336e-08,0.0214727
-2.095336e-08,0.0184244
-2.090336e-08,0.023807
-2.085336e-08,0.0254548
-2.080336e-08,0.0152937
-2.075336e-08,0.00299053
-2.070336e-08,0.00351231
-2.065336e-08,0.0143325
-2.060336e-08,0.0178751
-2.055336e-08,0.0168041
-2.050336e-08,0.0215002
-2.045336e-08,0.024878
-2.040336e-08,0.0239169
-2.035336e-08,0.0206763
-2.030336e-08,0.0173534
-2.025336e-08,0.0167766
-2.020336e-08,0.00837315
-2.015336e-08,-0.00368283
-2.010336e-08,0.0035947
-2.005336e-08,0.0196877
-2.000336e-08,0.0155958
-1.995336e-08,-0.00104644
-1.990336e-08,-0.00928516
-1.985336e-08,-0.0104935
-1.980336e-08,-0.00500103
-1.975336e-08,0.00897733
-1.970336e-08,0.0193032
-1.965336e-08,0.0208685
-1.960336e-08,0.0214178
-1.955336e-08,0.0250154
-1.950336e-08,0.0287777
-1.945336e-08,0.0244936
-1.940336e-08,0.0168316
-1.935336e-08,0.0187265
-1.930336e-08,0.0182871
-1.925336e-08,0.00595646
-1.920336e-08,-0.00104644
-1.915336e-08,0.000134438
-1.910336e-08,-0.00156823
-1.905336e-08,-0.00291389
-1.900336e-08,-0.00274911
-1.895336e-08,-0.00442432
-1.890336e-08,-0.00862606
-1.885336e-08,-0.0143108
-1.880336e-08,-0.0135418
-1.875336e-08,-0.0112899
-1.870336e-08,-0.0165627
-1.865336e-08,-0.0120863
-1.860336e-08,0.00518752
-1.855336e-08,0.00988359
-1.850336e-08,0.003375
-1.845336e-08,0.00573677
-1.840336e-08,0.0148543
-1.835336e-08,0.0219121
-1.830336e-08,0.0230381
-1.825336e-08,0.0167217
-1.820336e-08,0.00768659
-1.815336e-08,0.000875923
-1.810336e-08,0.00200188
-1.805336e-08,0.0106525
-1.800336e-08,0.0208411
-1.795336e-08,0.0281735
-1.790336e-08,0.0290798
-1.785336e-08,0.0276518
-1.780336e-08,0.0270201
-1.775336e-08,0.0248506
-1.770336e-08,0.0209784
-1.765336e-08,0.0151838
-1.760336e-08,0.0119433
-1.755336e-08,0.017271
-1.750336e-08,0.020182
-1.745336e-08,0.0160626
-1.740336e-08,0.0181772
-1.735336e-08,0.02161
-1.730336e-08,0.0216924
-1.725336e-08,0.0277891
-1.720336e-08,0.0330344
-1.715336e-08,0.0298487
-1.710336e-08,0.0277341
-1.705336e-08,0.0281735
-1.700336e-08,0.0243013
-1.695336e-08,0.0177104
-1.690336e-08,0.0129044
-1.685336e-08,0.0113391
-1.680336e-08,0.00584661
-1.675336e-08,-0.00425954
-1.670336e-08,-0.00535804
-1.665336e-08,0.00180964
-1.660336e-08,0.00266098
-1.655336e-08,-0.00132107
-1.650336e-08,0.00158994
-1.645336e-08,0.00595646
-1.640336e-08,0.000656224
-1.635336e-08,-0.0103562
-1.630336e-08,-0.0107681
-1.625336e-08,-0.00250195
-1.620336e-08,-0.00576998
-1.615336e-08,-0.0109604
-1.610336e-08,-0.00379268
-1.605336e-08,0.00156248
-1.600336e-08,-0.00230971
-1.595336e-08,-0.0126081
-1.590336e-08,-0.0194188
-1.585336e-08,-0.00887322
-1.580336e-08,0.00499528
-1.575336e-08,0.00812599
-1.570336e-08,0.0121904
-1.565336e-08,0.017271
-1.560336e-08,0.0144149
-1.555336e-08,0.00853793
-1.550336e-08,0.00172726
-1.545336e-08,-0.00233718
-1.540336e-08,0.00516006
-1.535336e-08,0.00900479
-1.530336e-08,0.000409062
-1.525336e-08,-0.0058249
-1.520336e-08,-0.00958725
-1.515336e-08,-0.013789
-1.510336e-08,-0.0151896
-1.505336e-08,-0.0142833
-1.500336e-08,-0.0131024
-1.495336e-08,-0.0167275
-1.490336e-08,-0.0182928
-1.485336e-08,-0.00964217
-1.480336e-08,0.000326675
-1.475336e-08,0.00834569
-1.470336e-08,0.0196053
-1.465336e-08,0.0264983
-1.460336e-08,0.0295192
-1.455336e-08,0.0349842
-1.450336e-08,0.0320457
-1.445336e-08,0.0199074
-1.440336e-08,0.00807107
-1.435336e-08,-0.000277498
-1.430336e-08,-0.00219986
-1.425336e-08,0.00428126
-1.420336e-08,0.0144149
-1.415336e-08,0.0186715
-1.410336e-08,0.0216924
-1.405336e-08,0.0246584
-1.400336e-08,0.0114215
-1.395336e-08,-0.0132672
-1.390336e-08,-0.0259274
-1.385336e-08,-0.0234283
-1.380336e-08,-0.0254605
-1.375336e-08,-0.036061
-1.370336e-08,-0.0356216
-1.365336e-08,-0.0201877
-1.360336e-08,-0.00384761
-1.355336e-08,0.00233143
-1.350336e-08,-0.00274911
-1.345336e-08,-0.00843383
-1.340336e-08,-0.00703324
-1.335336e-08,-0.0037103
-1.330336e-08,-0.00439686
-1.325336e-08,-0.00338075
-1.320336e-08,0.00178218
-1.315336e-08,0.00200188
-1.310336e-08,-0.00351806
-1.305336e-08,-0.0096971
-1.300336e-08,-0.0119765
-1.295336e-08,-0.00708817
-1.290336e-08,-0.00675862
-1.285336e-08,-0.0108231
-1.280336e-08,-0.000524659
-1.275336e-08,0.0187265
-1.270336e-08,0.0302607
-1.265336e-08,0.0295467
-1.260336e-08,0.017628
-1.255336e-08,0.0065881
-1.250336e-08,0.00559945
-1.245336e-08,0.0105427
-1.240336e-08,0.011806
-1.235336e-08,0.00645079
-1.230336e-08,0.00579169
-1.225336e-08,0.0127671
-1.220336e-08,0.0159528
-1.215336e-08,0.0108173
-1.210336e-08,0.00491289
-1.205336e-08,0.00153502
-1.200336e-08,-0.00524819
-1.195336e-08,-0.0120863
-1.190336e-08,-0.0143382
-1.185336e-08,-0.014503
-1.180336e-08,-0.0143657
-1.175336e-08,-0.0161233
-1.170336e-08,-0.0154917
-1.165336e-08,-0.0104111
-1.160336e-08,-0.0104386
-1.155336e-08,-0.0134045
-1.150336e-08,-0.00997172
-1.145336e-08,-0.0112075
-1.140336e-08,-0.0221376
-1.135336e-08,-0.0231811
-1.130336e-08,-0.0135418
-1.125336e-08,-0.00884576
-1.120336e-08,-0.00895561
-1.115336e-08,-0.00997172
-1.110336e-08,-0.0103562
-1.105336e-08,-0.0103287
-1.100336e-08,-0.00785712
-1.095336e-08,0.00101323
-1.090336e-08,0.00859285
-1.085336e-08,0.00905971
-1.080336e-08,0.0102955
-1.075336e-08,0.0193032
-1.070336e-08,0.0288601
-1.065336e-08,0.0291896
-1.060336e-08,0.0226811
-1.055336e-08,0.0168316
-1.050336e-08,0.0155958
-1.045336e-08,0.0154035
-1.040336e-08,0.012163
-1.035336e-08,0.00881255
-1.030336e-08,0.00642333
-1.025336e-08,0.00667049
-1.020336e-08,0.00922449
-1.015336e-08,0.00568184
-1.010336e-08,-0.00200763
-1.005336e-08,-0.00393
-1.000336e-08,-0.000964057
-9.953356e-09,0.00131532
-9.903356e-09,-0.00184285
-9.853356e-09,-0.00826905
-9.803356e-09,-0.00835144
-9.753356e-09,0.00145263
-9.703356e-09,0.0127122
-9.653356e-09,0.0158155
-9.603356e-09,0.0136734
-9.553356e-09,0.00697257
-9.503356e-09,-0.00167808
-9.453356e-09,0.000546374
-9.403356e-09,0.00878509
-9.353356e-09,0.0142501
-9.303356e-09,0.019825
-9.253356e-09,0.0237521
-9.203356e-09,0.0261688
-9.153356e-09,0.0263061
-9.103356e-09,0.0243837
-9.053356e-09,0.02345
-9.003356e-09,0.0166943
-8.953356e-09,0.00749436
-8.903356e-09,0.00672541
-8.853356e-09,0.0134812
-8.803356e-09,0.0230655
-8.753356e-09,0.022379
-8.703356e-09,0.00845554
-8.653356e-09,0.00524244
-8.603356e-09,0.0120806
-8.553356e-09,0.0070275
-8.503356e-09,0.00219412
-8.453356e-09,0.000930848
-8.403356e-09,-0.0117293
-8.353356e-09,-0.0137615
-8.303356e-09,0.0035947
-8.253356e-09,0.0136734
-8.203356e-09,0.0178202
-8.153356e-09,0.0285855
-8.103356e-09,0.0361651
-8.053356e-09,0.0309472
-8.003356e-09,0.0191384
-7.953356e-09,0.0141403
-7.903356e-09,0.0137009
-7.853356e-09,0.0119433
-7.803356e-09,0.0137832
-7.753356e-09,0.0166119
-7.703356e-09,0.0180674
-7.653356e-09,0.0138931
-7.603356e-09,0.00321023
-7.553356e-09,0.000930848
-7.503356e-09,0.00889494
-7.453356e-09,0.017271
-7.403356e-09,0.0174632
-7.353356e-09,0.0126573
-7.303356e-09,0.0179301
-7.253356e-09,0.0258942
-7.203356e-09,0.02345
-7.153356e-09,0.0145522
-7.103356e-09,0.0040341
-7.053356e-09,-0.00244703
-7.003356e-09,-0.00464402
-6.953356e-09,-0.00159569
-6.903356e-09,0.00834569
-6.853356e-09,0.0149367
-6.803356e-09,0.0134262
-6.753356e-09,0.00353977
-6.703356e-09,-0.00522073
-6.653356e-09,-0.00200763
-6.603356e-09,-0.00656638
-6.553356e-09,-0.0182379
-6.503356e-09,-0.0146678
-6.453356e-09,-0.00999918
-6.403356e-09,-0.0083789
-6.353356e-09,0.000793536
-6.303356e-09,0.0065881
-6.253356e-09,0.0119707
-6.203356e-09,0.0164746
-6.153356e-09,0.0105701
-6.103356e-09,0.0114764
-6.053356e-09,0.0173534
-6.003356e-09,0.0070275
-5.953356e-09,-0.00972456
-5.903356e-09,-0.0165352
-5.853356e-09,-0.0117842
-5.803356e-09,-0.00365537
-5.753356e-09,-0.00288642
-5.703356e-09,-0.00302374
-5.653356e-09,0.00535229
-5.603356e-09,0.0107624
-5.553356e-09,0.0108448
-5.503356e-09,0.0178751
-5.453356e-09,0.0247407
-5.403356e-09,0.0250977
-5.353356e-09,0.0218846
-5.303356e-09,0.014662
-5.253356e-09,0.0127946
-5.203356e-09,0.0195229
-5.153356e-09,0.0216375
-5.103356e-09,0.0228733
-5.053356e-09,0.0301234
-5.003356e-09,0.0277616
-4.953356e-09,0.0263885
-4.903356e-09,0.040257
-4.853356e-09,0.0388839
-4.803356e-09,0.0227909
-4.753356e-09,0.0195503
-4.703356e-09,0.0169689
-4.653356e-09,0.0132615
-4.603356e-09,0.0139755
-4.553356e-09,0.00169979
-4.503356e-09,-0.0103287
-4.453356e-09,-0.00563266
-4.403356e-09,0.000189363
-4.353356e-09,-0.00329836
-4.303356e-09,-0.0151072
-4.253356e-09,-0.0186224
-4.203356e-09,-0.00571505
-4.153356e-09,0.00268844
-4.103356e-09,0.00721973
-4.053356e-09,0.0191384
-4.003356e-09,0.0230381
-3.953356e-09,0.0175731
-3.903356e-09,0.0173534
-3.853356e-09,0.0145247
-3.803356e-09,0.000601299
-3.753356e-09,-0.0104935
-3.703356e-09,-0.0100541
-3.653356e-09,-0.000140186
-3.603356e-09,0.0121904
-3.553356e-09,0.0145797
-3.503356e-09,0.01068
-3.453356e-09,0.00796122
-3.403356e-09,0.00713735
-3.353356e-09,0.00873017
-3.303356e-09,0.00686272
-3.253356e-09,0.00463827
-3.203356e-09,0.00749436
-3.153356e-09,0.00881255
-3.103356e-09,0.00499528
-3.053356e-09,0.0010407
-3.003356e-09,0.00205681
-2.953356e-09,0.00178218
-2.903356e-09,-0.00555028
-2.853356e-09,-0.0069234
-2.803356e-09,0.0029356
-2.753356e-09,0.0101307
-2.703356e-09,0.0138931
-2.653356e-09,0.0194954
-2.603356e-09,0.0156232
-2.553356e-09,0.00386932
-2.503356e-09,-0.00121122
-2.453356e-09,-0.00159569
-2.403356e-09,-0.00107391
-2.353356e-09,-0.000524659
-2.303356e-09,0.00301799
-2.253356e-09,0.012877
-2.203356e-09,0.0178477
-2.153356e-09,0.0150465
-2.103356e-09,0.00996597
-2.053356e-09,0.00804361
-2.003356e-09,0.00732958
-1.953356e-09,-0.00574251
-1.903356e-09,-0.0156564
-1.853356e-09,-0.010878
-1.803356e-09,-0.0117019
-1.753356e-09,-0.0129102
-1.703356e-09,-0.00585236
-1.653356e-09,-0.0026118
-1.603356e-09,-0.00156823
-1.553356e-09,0.00183711
-1.503356e-09,0.0054896
-1.453356e-09,0.00960896
-1.403356e-09,0.0116137
-1.353356e-09,0.0143325
-1.303356e-09,0.0237521
-1.253356e-09,0.0323204
-1.203356e-09,0.0273222
-1.153356e-09,0.0149916
-1.103356e-09,0.0111194
-1.053356e-09,0.0101033
-1.003356e-09,0.00620363
-9.533563e-10,0.0063684
-9.033563e-10,0.00873017
-8.533563e-10,0.0110645
-8.033563e-10,0.011037
-7.533563e-10,0.00686272
-7.033563e-10,0.00625855
-6.533563e-10,0.0109821
-6.033563e-10,0.011751
-5.533563e-10,0.00700004
-5.033563e-10,0.00483051
-4.533563e-10,0.0111743
-4.033563e-10,0.0215551
-3.533563e-10,0.0162274
-3.033563e-10,0.000766073
-2.533563e-10,0.00554453
-2.033563e-10,0.0171886
-1.533563e-10,0.0228733
-1.033563e-10,0.0456671
-5.33563e-11,0.0812583
-3.356304e-12,0.133574
4.66437e-11,0.22398
9.66437e-11,0.333528
1.466437e-10,0.44475
1.966437e-10,0.562509
2.466437e-10,0.673704
2.966437e-10,0.765264
3.466437e-10,0.849134
3.966437e-10,0.915676
4.466437e-10,0.940556
4.966437e-10,0.943989
5.466437e-10,0.949646
5.966437e-10,0.949125
6.466437e-10,0.951267
6.966437e-10,0.967882
7.466437e-10,0.975434
7.966437e-10,0.971067
8.466437e-10,0.977878
8.966437e-10,0.986638
9.466437e-10,0.981393
9.966437e-10,0.967964
1.046644e-09,0.956265
1.096644e-09,0.948493
1.146644e-09,0.943275
1.196644e-09,0.940007
1.246644e-09,0.9363
1.296644e-09,0.939128
1.346644e-09,0.94701
1.396644e-09,0.940584
1.446644e-09,0.925205
1.496644e-09,0.923118
1.546644e-09,0.925095
1.596644e-09,0.912407
1.646644e-09,0.894749
1.696644e-09,0.881375
1.746644e-09,0.862508
1.796644e-09,0.835568
1.846644e-09,0.817086
1.896644e-09,0.814614
1.946644e-09,0.813845
1.996644e-09,0.807062
2.046644e-09,0.804398
2.096644e-09,0.811044
2.146644e-09,0.808353
2.196644e-09,0.786465
2.246644e-09,0.771086
2.296644e-09,0.76488
2.346644e-09,0.749089
2.396644e-09,0.738406
2.446644e-09,0.735303
2.496644e-09,0.72786
2.546644e-09,0.722642
2.596644e-09,0.718331
2.646644e-09,0.713635
2.696644e-09,0.705945
2.746644e-09,0.68771
2.796644e-09,0.664257
2.846644e-09,0.644347
2.896644e-09,0.632099
2.946644e-09,0.628501
2.996644e-09,0.631138
3.046644e-09,0.630094
3.096644e-09,0.626661
3.146644e-09,0.633225
3.196644e-09,0.633142
3.246644e-09,0.618944
3.296644e-09,0.614001
3.346644e-09,0.614138
3.396644e-09,0.608426
3.446644e-09,0.604444
3.496644e-09,0.597277
3.546644e-09,0.585028
3.596644e-09,0.57808
3.646644e-09,0.572588
3.696644e-09,0.56542
3.746644e-09,0.562866
3.796644e-09,0.555479
3.846644e-09,0.538672
3.896644e-09,0.530268
3.946644e-09,0.532713
3.996644e-09,0.526973
4.046644e-09,0.510495
4.096644e-09,0.497396
4.146644e-09,0.493002
4.196644e-09,0.487372
4.246644e-09,0.47636
4.296644e-09,0.475206
4.346644e-09,0.486356
4.396644e-09,0.492288
4.446644e-09,0.490558
4.496644e-09,0.486521
4.546644e-09,0.47647
4.596644e-09,0.46705
4.646644e-09,0.466913
4.696644e-09,0.467242
4.746644e-09,0.462107
4.796644e-09,0.454802
4.846644e-09,0.44659
4.896644e-09,0.445382
4.946644e-09,0.453072
4.996644e-09,0.451451
5.046644e-09,0.440741
5.096644e-09,0.433546
5.146644e-09,0.417645
5.196644e-09,0.402706
5.246644e-09,0.409571
5.296644e-09,0.416409
5.346644e-09,0.418277
5.396644e-09,0.425225
5.446644e-09,0.41792
5.496644e-09,0.406935
5.546644e-09,0.406907
5.596644e-09,0.400206
5.646644e-09,0.391913
5.696644e-09,0.389276
5.746644e-09,0.383702
5.796644e-09,0.379747
5.846644e-09,0.385981
5.896644e-09,0.394027
5.946644e-09,0.389057
5.996644e-09,0.377687
6.046644e-09,0.369586
6.096644e-09,0.36143
6.146644e-09,0.351104
6.196644e-09,0.338196
6.246644e-09,0.333528
6.296644e-09,0.337867
6.346644e-09,0.338306
6.396644e-09,0.343222
6.446644e-09,0.35223
6.496644e-09,0.351653
6.546644e-09,0.346243
6.596644e-09,0.342178
6.646644e-09,0.337867
6.696644e-09,0.334681
6.746644e-09,0.333363
6.796644e-09,0.323175
6.846644e-09,0.302825
6.896644e-09,0.289286
6.946644e-09,0.285606
6.996644e-09,0.281569
7.046644e-09,0.274786
7.096644e-09,0.275637
7.146644e-09,0.282558
7.196644e-09,0.281624
7.246644e-09,0.286238
7.296644e-09,0.299365
7.346644e-09,0.30071
7.396644e-09,0.299282
7.446644e-09,0.294559
7.496644e-09,0.273742
7.546644e-09,0.257539
7.596644e-09,0.246692
7.646644e-09,0.232219
7.696644e-09,0.234251
7.746644e-09,0.242051
7.796644e-09,0.2387
7.846644e-09,0.24076
7.896644e-09,0.248477
7.946644e-09,0.250564
7.996644e-09,0.249108
8.046644e-09,0.247598
8.096644e-09,0.244083
8.146644e-09,0.234938
8.196644e-09,0.231258
8.246644e-09,0.244522
8.296644e-09,0.255535
8.346644e-09,0.250207
8.396644e-09,0.239661
8.446644e-09,0.225601
8.496644e-09,0.217307
8.546644e-09,0.219367
8.596644e-09,0.210689
8.646644e-09,0.200582
8.696644e-09,0.206514
8.746644e-09,0.211265
8.796644e-09,0.205828
8.846644e-09,0.2005
8.896644e-09,0.195502
8.946644e-09,0.194843
8.996644e-09,0.206597
9.046644e-09,0.21338
9.096644e-09,0.208986
9.146644e-09,0.209755
9.196644e-09,0.214204
9.246644e-09,0.210661
9.296644e-09,0.205059
9.346644e-09,0.204949
9.396644e-09,0.192728
9.446644e-09,0.172076
9.496644e-09,0.167078
9.546644e-09,0.172269
9.596644e-09,0.179327
9.646644e-09,0.185533
9.696644e-09,0.18556
9.746644e-09,0.182375
9.796644e-09,0.178612
9.846644e-09,0.175976
9.896644e-09,0.172983
9.946644e-09,0.164414
9.996644e-09,0.161449
1.004664e-08,0.172626
1.009664e-08,0.182018
1.014664e-08,0.182869
1.019664e-08,0.177322
1.024664e-08,0.160982
1.029664e-08,0.143433
1.034664e-08,0.134892
1.039664e-08,0.131817
1.044664e-08,0.132695
1.049664e-08,0.135222
1.054664e-08,0.130581
1.059664e-08,0.124539
1.064664e-08,0.131377
1.069664e-08,0.132915
1.074664e-08,0.11446
1.079664e-08,0.101223
1.084664e-08,0.102899
1.089664e-08,0.105013
1.094664e-08,0.112071
1.099664e-08,0.121875
1.104664e-08,0.121903
1.109664e-08,0.126764
1.114664e-08,0.134837
1.119664e-08,0.135085
1.124664e-08,0.141346
1.129664e-08,0.146124
1.134664e-08,0.137199
1.139664e-08,0.125171
1.144664e-08,0.123715
1.149664e-08,0.1308
1.154664e-08,0.124484
1.159664e-08,0.11317
1.164664e-08,0.114241
1.169664e-08,0.108666
1.174664e-08,0.100125
1.179664e-08,0.103723
1.184664e-08,0.100262
1.189664e-08,0.085515
1.194664e-08,0.0774685
1.199664e-08,0.0748596
1.204664e-08,0.0722507
1.209664e-08,0.0697241
1.214664e-08,0.0584371
1.219664e-08,0.04715
1.224664e-08,0.051956
1.229664e-08,0.062117
1.234664e-08,0.0652478
1.239664e-08,0.0660442
1.244664e-08,0.072388
1.249664e-08,0.0713444
1.254664e-08,0.0567893
1.259664e-08,0.05451
1.264664e-08,0.0626114
1.269664e-08,0.0592335
1.274664e-08,0.0574759
1.279664e-08,0.070191
1.284664e-08,0.085515
1.289664e-08,0.0965549
1.294664e-08,0.0977358
1.299664e-08,0.0875747
1.304664e-08,0.0837574
1.309664e-08,0.0868881
1.314664e-08,0.0882063
1.319664e-08,0.0916666
1.324664e-08,0.0841693
1.329664e-08,0.0708501
1.334664e-08,0.0743927
1.339664e-08,0.0794458
1.344664e-08,0.0748047
1.349664e-08,0.0732393
1.354664e-08,0.073102
1.359664e-08,0.0685982
1.364664e-08,0.0632979
1.369664e-08,0.0621994
1.374664e-08,0.066923
1.379664e-08,0.0704107
1.384664e-08,0.0652752
1.389664e-08,0.0562126
1.394664e-08,0.0481387
1.399664e-08,0.0399824
1.404664e-08,0.031112
1.409664e-08,0.0232578
1.414664e-08,0.0243288
1.419664e-08,0.0283383
1.424664e-08,0.0224339
1.429664e-08,0.0178477
1.434664e-08,0.0242464
1.439664e-08,0.0364946
1.444664e-08,0.0473972
1.449664e-08,0.0510772
1.454664e-08,0.0496491
1.459664e-08,0.0466283
1.464664e-08,0.0464635
1.469664e-08,0.0498414
1.474664e-08,0.0508849
1.479664e-08,0.0499787
1.484664e-08,0.0470402
1.489664e-08,0.0406689
1.494664e-08,0.0320457
1.499664e-08,0.0217748
1.504664e-08,0.0204566
1.509664e-08,0.0348469
1.514664e-08,0.0506378
1.519664e-08,0.0527249
1.524664e-08,0.0419597
1.529664e-08,0.0408612
1.534664e-08,0.0559655
1.539664e-08,0.0565147
1.544664e-08,0.0411632
1.549664e-08,0.03438
1.554664e-08,0.0346547
1.559664e-08,0.039488
1.564664e-08,0.0461614
1.569664e-08,0.0458319
1.574664e-08,0.0410534
1.579664e-08,0.0326774
1.584664e-08,0.0271574
1.589664e-08,0.0326774
1.594664e-08,0.0356158
1.599664e-08,0.0259216
1.604664e-08,0.0141952
1.609664e-08,0.0128221
1.614664e-08,0.0219396
1.619664e-08,0.0295741
1.624664e-08,0.0325675
1.629664e-08,0.0426737
1.634664e-08,0.0577231
1.639664e-08,0.0604144
1.644664e-08,0.0481936
1.649664e-08,0.0370164
1.654664e-08,0.0266082
1.659664e-08,0.0093618
1.664664e-08,-0.000387347
1.669664e-08,0.00224904
1.674664e-08,0.00760421
1.679664e-08,0.0107898
1.684664e-08,0.00754928
1.689664e-08,0.00299053
1.694664e-08,0.00433618
1.699664e-08,0.0106251
1.704664e-08,0.0121904
1.709664e-08,0.00507767
1.714664e-08,0.00691765
1.719664e-08,0.0169689
1.724664e-08,0.015788
1.729664e-08,0.012877
1.734664e-08,0.0196327
1.739664e-08,0.0258942
1.744664e-08,0.0288601
1.749664e-08,0.029327
1.754664e-08,0.0264709
1.759664e-08,0.0299037
1.764664e-08,0.0389937
1.769664e-08,0.0403943
1.774664e-08,0.0363024
1.779664e-08,0.0325126
1.784664e-08,0.027075
1.789664e-08,0.0218846
1.794664e-08,0.0207862
1.799664e-08,0.0228458
1.804664e-08,0.0202094
1.809664e-08,0.0166943
1.814664e-08,0.0203742
1.819664e-08,0.0233676
1.824664e-08,0.0240542
1.829664e-08,0.0238619
1.834664e-08,0.0140853
1.839664e-08,0.0035947
1.844664e-08,0.00601139
1.849664e-08,0.00969135
1.854664e-08,0.0111469
1.859664e-08,0.017628
1.864664e-08,0.0209509
1.869664e-08,0.0185617
1.874664e-08,0.0180399
1.879664e-08,0.0196877
1.884664e-08,0.0188089
1.889664e-08,0.0152662
1.894664e-08,0.015074
1.899664e-08,0.0180399
1.904664e-08,0.0124376
1.909664e-08,0.00189203
1.914664e-08,0.00463827
1.919664e-08,0.0148268
1.924664e-08,0.0163647
1.929664e-08,0.0150191
1.934664e-08,0.0175731
1.939664e-08,0.0159528
1.944664e-08,0.0114764
1.949664e-08,0.00771406
1.954664e-08,-0.000744358
1.959664e-08,-0.00513834
1.964664e-08,0.00455588
1.969664e-08,0.016914
1.974664e-08,0.0237796
1.979664e-08,0.0244387
1.984664e-08,0.00966389
1.989664e-08,-0.00821413
1.994664e-08,-0.00395746
1.999664e-08,0.00955404
2.004664e-08,0.0119158
2.009664e-08,0.0116412
2.014664e-08,0.0136459
2.019664e-08,0.0138382
2.024664e-08,0.0170238
2.029664e-08,0.026361
2.034664e-08,0.0326224
2.039664e-08,0.0295741
2.044664e-08,0.0305353
2.049664e-08,0.039131
2.054664e-08,0.0463811
2.059664e-08,0.0496491
2.064664e-08,0.0408062
2.069664e-08,0.028201
2.074664e-08,0.0291347
2.079664e-08,0.0269103
2.084664e-08,0.0140304
2.089664e-08,0.0123552
2.094664e-08,0.0172435
2.099664e-08,0.013234
2.104664e-08,0.00845554
2.109664e-08,0.01068
2.114664e-08,0.0170787
2.119664e-08,0.0236972
2.124664e-08,0.0261688
2.129664e-08,0.0251527
2.134664e-08,0.0218023
2.139664e-08,0.0156507
2.144664e-08,0.0142776
2.149664e-08,0.0141128
2.154664e-08,0.00694511
2.159664e-08,-0.000469734
2.164664e-08,-0.00522073
2.169664e-08,-0.00478133
2.174664e-08,-0.00137599
2.179664e-08,-0.0034906
2.184664e-08,-0.00121122
2.189664e-08,0.00678034
2.194664e-08,0.00546214
2.199664e-08,0.00326515
2.204664e-08,0.0101857
2.209664e-08,0.0112842
2.214664e-08,0.00200188
2.219664e-08,-0.00642907
2.224664e-08,-0.0122236
2.229664e-08,-0.0128553
2.234664e-08,-0.00176047
2.239664e-08,0.008483
2.244664e-08,-0.000689433
2.249664e-08,-0.0179907
2.254664e-08,-0.0199131
2.259664e-08,-0.0160409
2.264664e-08,-0.0224396
2.269664e-08,-0.0182104
2.274664e-08,0.00178218
2.279664e-08,0.0150465
2.284664e-08,0.026004
2.289664e-08,0.0386916
2.294664e-08,0.0393507
2.299664e-08,0.0292171
2.304664e-08,0.0183695
2.309664e-08,0.0140304
2.314664e-08,0.0185617
2.319664e-08,0.0202644
2.324664e-08,0.0119982
2.329664e-08,0.00579169
2.334664e-08,0.00889494
2.339664e-08,0.0168865
2.344664e-08,0.0217473
2.349664e-08,0.0238894
2.354664e-08,0.0292446
2.359664e-08,0.0281186
2.364664e-08,0.0191384
2.369664e-08,0.0127671
2.374664e-08,0.0112842
2.379664e-08,0.0116412
2.384664e-08,0.00905971
2.389664e-08,0.00831823
2.394664e-08,0.0105701
2.399664e-08,0.00988359
2.404664e-08,0.00513259
2.409664e-08,0.00084846
2.414664e-08,0.00235889
2.419664e-08,0.00175472
2.424664e-08,-0.0058249
2.429664e-08,-0.00799443
2.434664e-08,-0.00695086
2.439664e-08,-0.0166176
2.444664e-08,-0.0223023
2.449664e-08,-0.0117568
2.454664e-08,0.00145263
2.459664e-08,0.0122179
2.464664e-08,0.0222142
2.469664e-08,0.0299037
2.474664e-08,0.0337209
2.479664e-08,0.0297664
2.484664e-08,0.0177653
2.489664e-08,0.00647825
2.494664e-08,0.00444603
2.499664e-08,0.00499528
2.504664e-08,0.00268844
2.509664e-08,0.00554453
2.514664e-08,0.0142501
2.519664e-08,0.0244936
2.524664e-08,0.0329795
2.529664e-08,0.0324851
2.534664e-08,0.0255371
2.539664e-08,0.0212256
2.544664e-08,0.0198524
2.549664e-08,0.0176829
2.554664e-08,0.0116137
2.559664e-08,0.0070275
2.564664e-08,0.00897733
2.569664e-08,0.0111194
2.574664e-08,0.0118334
2.579664e-08,0.0144698
2.584664e-08,0.0207862
2.589664e-08,0.0237521
2.594664e-08,0.0200721
2.599664e-08,0.02713
2.604664e-08,0.0393507
2.609664e-08,0.0375931
2.614664e-08,0.0334738
2.619664e-08,0.0283932
2.624664e-08,0.0147719
2.629664e-08,0.00713735
2.634664e-08,0.00565438
2.639664e-08,-0.00104644
2.644664e-08,-0.00390253
2.649664e-08,-0.00101898
2.654664e-08,-0.00107391
2.659664e-08,-0.00206255
2.664664e-08,-0.00598967
2.669664e-08,-0.006484
2.674664e-08,0.00342992
2.679664e-08,0.00617616
2.684664e-08,0.00158994
2.689664e-08,0.00477558
2.694664e-08,0.00301799
2.699664e-08,-0.00818667
2.704664e-08,-0.00785712
2.709664e-08,-0.00030496
2.714664e-08,0.000656224
2.719664e-08,0.00721973
2.724664e-08,0.0186441
2.729664e-08,0.0215826
2.734664e-08,0.0257019
2.739664e-08,0.032183
2.744664e-08,0.0284756
2.749664e-08,0.0239169
2.754664e-08,0.0181498
2.759664e-08,-0.00230971
2.764664e-08,-0.0183203
2.769664e-08,-0.0105484
2.774664e-08,-0.00222733
2.779664e-08,-0.0186773
2.784664e-08,-0.0370222
2.789664e-08,-0.0304312
2.794664e-08,-0.0178809
2.799664e-08,-0.0116469
2.804664e-08,-0.000332422
2.809664e-08,0.0113666
2.814664e-08,0.0174632
2.819664e-08,0.0221867
2.824664e-08,0.0205665
2.829664e-08,0.0104603
2.834664e-08,0.00675287
2.839664e-08,0.0107075
2.844664e-08,0.00700004
2.849664e-08,-0.00296881
2.854664e-08,-0.00934009
2.859664e-08,-0.00953232
2.864664e-08,-0.010164
2.869664e-08,-0.0171669
2.874664e-08,-0.018183
2.879664e-08,-0.00832398
2.884664e-08,-0.00165062
2.889664e-08,0.00411648
2.894664e-08,0.0111743
2.899664e-08,0.00299053
2.904664e-08,-0.0131848
2.909664e-08,-0.0176612
2.914664e-08,-0.0142559
2.919664e-08,-0.0107132
2.924664e-08,-0.00667623
2.929664e-08,-0.000716896
2.934664e-08,0.00474812
2.939664e-08,0.00450096
2.944664e-08,-0.00198017
2.949664e-08,-0.00914785
2.954664e-08,-0.0137615
2.959664e-08,-0.0189794
2.964664e-08,-0.0255704
2.969664e-08,-0.0258175
2.974664e-08,-0.0209292
2.979664e-08,-0.022934
2.984664e-08,-0.0268611
2.989664e-08,-0.0238128
2.994664e-08,-0.0153818
2.999664e-08,-0.00285896
3.004664e-08,0.00678034
3.009664e-08,0.0167492
3.014664e-08,0.0310845
3.019664e-08,0.0349567
3.024664e-08,0.0365496
3.029664e-08,0.0497864
3.034664e-08,0.0553338
3.039664e-08,0.0523404
3.044664e-08,0.0578604
3.049664e-08,0.0628311
3.054664e-08,0.0637648
3.059664e-08,0.0625839
3.064664e-08,0.0523954
3.069664e-08,0.0445686
3.074664e-08,0.0448981
3.079664e-08,0.0435799
3.084664e-08,0.0422617
3.089664e-08,0.0473148
3.094664e-08,0.0544825
3.099664e-08,0.0533291
3.104664e-08,0.044239
3.109664e-08,0.0371537
3.114664e-08,0.031112
3.119664e-08,0.022379
3.124664e-08,0.022324
3.129664e-08,0.0311395
3.134664e-08,0.0317711
3.139664e-08,0.0255921
3.144664e-08,0.0242464
3.149664e-08,0.0275694
3.154664e-08,0.0295192
3.159664e-08,0.02529
3.164664e-08,0.0213354
3.169664e-08,0.0240816
3.174664e-08,0.0254548
3.179664e-08,0.0254548
3.184664e-08,0.031881
3.189664e-08,0.0349567
3.194664e-08,0.0328971
3.199664e-08,0.0352588
3.204664e-08,0.0299037
3.209664e-08,0.0155408
3.214664e-08,0.00782391
3.219664e-08,0.00782391
3.224664e-08,0.0108722
3.229664e-08,0.0133988
3.234664e-08,0.0192483
3.239664e-08,0.024164
3.244664e-08,0.0129868
3.249664e-08,-0.00316105
3.254664e-08,-0.00524819
3.259664e-08,-0.00343567
3.264664e-08,-0.00829651
3.269664e-08,-0.00955978
3.274664e-08,-0.00711563
3.279664e-08,-0.00966963
3.284664e-08,-0.010109
3.289664e-08,-0.00450671
3.294664e-08,0.00257859
3.299664e-08,0.0127122
3.304664e-08,0.0146346
3.309664e-08,0.00233143
3.314664e-08,0.00194696
3.319664e-08,0.017628
3.324664e-08,0.0219121
3.329664e-08,0.0112292
3.334664e-08,0.0010407
3.339664e-08,-0.00697832
3.344664e-08,-0.0158761
3.349664e-08,-0.0178809
3.354664e-08,-0.0107407
3.359664e-08,-0.00618191
3.364664e-08,-0.00198017
3.369664e-08,0.0108448
3.374664e-08,0.0169414
3.379664e-08,0.0082633
3.384664e-08,0.00205681
3.389664e-08,0.00156248
3.394664e-08,-0.00480879
3.399664e-08,-0.0121412
3.404664e-08,-0.0134594
3.409664e-08,-0.0154093
3.414664e-08,-0.0134594
3.419664e-08,-0.000716896
3.424664e-08,0.00944419
3.429664e-08,0.00971881
3.434664e-08,0.00905971
3.439664e-08,0.00282575
3.444664e-08,-0.0137341
3.449664e-08,-0.0269709
3.454664e-08,-0.0315022
3.459664e-08,-0.0324634
3.464664e-08,-0.0340562
3.469664e-08,-0.0355117
3.474664e-08,-0.0297721
3.479664e-08,-0.0214235
3.484664e-08,-0.0270808
3.489664e-08,-0.0415535
3.494664e-08,-0.0413887
3.499664e-08,-0.0347703
3.504664e-08,-0.0361159
3.509664e-08,-0.0309255
3.514664e-08,-0.0234558
3.519664e-08,-0.0276026
3.524664e-08,-0.0310628
3.529664e-08,-0.0263393
3.534664e-08,-0.0244169
3.539664e-08,-0.0314198
3.544664e-08,-0.0386974
3.549664e-08,-0.0399606
3.554664e-08,-0.0421576
3.559664e-08,-0.0459474
3.564664e-08,-0.0461397
3.569664e-08,-0.0469361
3.574664e-08,-0.0427069
3.579664e-08,-0.0322986
3.584664e-08,-0.0319416
3.589664e-08,-0.0326282
3.594664e-08,-0.0244444
3.599664e-08,-0.0178809
3.604664e-08,-0.0113174
3.609664e-08,-0.00401238
3.614664e-08,-0.00475387
3.619664e-08,-0.0121412
3.624664e-08,-0.017414
3.629664e-08,-0.0237578
3.634664e-08,-0.0336168
3.639664e-08,-0.0355392
3.644664e-08,-0.03499
3.649664e-08,-0.0453982
3.654664e-08,-0.0537468
3.659664e-08,-0.0510829
3.664664e-08,-0.0437779
3.669664e-08,-0.0361434
3.674664e-08,-0.0350998
3.679664e-08,-0.0376813
3.684664e-08,-0.0382031
3.689664e-08,-0.0359237
3.694664e-08,-0.0238677
3.699664e-08,-0.00804935
3.704664e-08,0.000134438
3.709664e-08,0.00202934
3.714664e-08,0.00222158
3.719664e-08,0.00296306
3.724664e-08,0.00202934
3.729664e-08,-0.000936595
3.734664e-08,-0.00269419
3.739664e-08,-0.00222733
3.744664e-08,-0.00250195
3.749664e-08,-0.00544043
3.754664e-08,-0.00769234
3.759664e-08,-0.00917531
3.764664e-08,-0.0152445
3.769664e-08,-0.026202
3.774664e-08,-0.0380383
3.779664e-08,-0.0439702
3.784664e-08,-0.035292
3.789664e-08,-0.0247739
3.794664e-08,-0.0315297
3.799664e-08,-0.0351273
3.804664e-08,-0.0217805
3.809664e-08,-0.012306
3.814664e-08,-0.00741772
3.819664e-08,-0.00497357
3.824664e-08,-0.011592
3.829664e-08,-0.0178809
3.834664e-08,-0.024005
3.839664e-08,-0.0326007
3.844664e-08,-0.0362532
3.849664e-08,-0.0390269
3.854664e-08,-0.0412239
3.859664e-08,-0.0433111
3.864664e-08,-0.0483367
3.869664e-08,-0.041169
3.874664e-08,-0.0292503
3.879664e-08,-0.0312276
3.884664e-08,-0.034935
3.889664e-08,-0.0366652
3.894664e-08,-0.0354294
3.899664e-08,-0.0303488
3.904664e-08,-0.0339189
3.909664e-08,-0.0348252
3.914664e-08,-0.0281518
3.919664e-08,-0.0246641
3.924664e-08,-0.0207095
3.929664e-08,-0.0142833
3.934664e-08,-0.00557774
3.939664e-08,-0.00156823
3.944664e-08,-0.00615445
3.949664e-08,-0.011235
3.954664e-08,-0.0135144
3.959664e-08,-0.0121962
3.964664e-08,-0.0129651
3.969664e-08,-0.0188146
3.974664e-08,-0.0163155
3.979664e-08,-0.0102463
3.984664e-08,-0.0192265
3.989664e-08,-0.02947
3.994664e-08,-0.0275476
3.999664e-08,-0.026202
4.004664e-08,-0.0279321
4.009664e-08,-0.0284814
4.014664e-08,-0.0269984
4.019664e-08,-0.0259823
4.024664e-08,-0.029882
4.029664e-08,-0.031667
4.034664e-08,-0.0369398
4.039664e-08,-0.0511104
4.044664e-08,-0.0572345
4.049664e-08,-0.0559712
4.054664e-08,-0.0485289
4.059664e-08,-0.0255429
4.064664e-08,-0.00653892
4.069664e-08,-0.00546789
4.074664e-08,-0.00774727
4.079664e-08,-0.00645653
4.084664e-08,-0.00461655
4.089664e-08,-0.00209002
4.094664e-08,0.00373201
4.099664e-08,0.00996597
4.104664e-08,0.00988359
4.109664e-08,0.00131532
4.114664e-08,-0.0102463
4.119664e-08,-0.0187048
4.124664e-08,-0.0321888
4.129664e-08,-0.0464692
4.134664e-08,-0.0473206
4.139664e-08,-0.0411415
4.144664e-08,-0.0333422
4.149664e-08,-0.0211764
4.154664e-08,-0.00832398
4.159664e-08,-0.00398492
4.164664e-08,-0.00513834
4.169664e-08,-0.00272165
4.174664e-08,-0.00310612
4.179664e-08,-0.00892815
4.184664e-08,-0.0146403
4.189664e-08,-0.0187322
4.194664e-08,-0.0175788
4.199664e-08,-0.011235
4.204664e-08,-0.00497357
4.209664e-08,-0.000359885
4.214664e-08,-0.000277498
4.219664e-08,-0.0113174
4.224664e-08,-0.0334246
4.229664e-08,-0.0565205
4.234664e-08,-0.064155
4.239664e-08,-0.0603103
4.244664e-08,-0.0639353
4.249664e-08,-0.057976
4.254664e-08,-0.0351822
4.259664e-08,-0.0299918
4.264664e-08,-0.0358962
4.269664e-08,-0.0228516
4.274664e-08,-0.00689593
4.279664e-08,-0.00848875
4.284664e-08,-0.0125806
4.289664e-08,-0.0104111
4.294664e-08,-0.0174415
4.299664e-08,-0.025433
4.304664e-08,-0.0189794
4.309664e-08,-0.0124159
4.314664e-08,-0.0123335
4.319664e-08,-0.0139263
4.324664e-08,-0.0190343
4.329664e-08,-0.0233184
4.334664e-08,-0.022522
4.339664e-08,-0.0231537
4.344664e-08,-0.0323261
4.349664e-08,-0.0428167
4.354664e-08,-0.0415535
4.359664e-08,-0.0334521
4.364664e-08,-0.0329852
4.369664e-08,-0.036061
4.374664e-08,-0.0326557
4.379664e-08,-0.0273279
4.384664e-08,-0.0235381
4.389664e-08,-0.0233734
4.394664e-08,-0.0258724
4.399664e-08,-0.0254056
4.404664e-08,-0.0268336
4.409664e-08,-0.030953
4.414664e-08,-0.0319416
4.419664e-08,-0.031667
4.424664e-08,-0.0281244
4.429664e-08,-0.0208468
4.434664e-08,-0.0148326
4.439664e-08,-0.0132397
4.444664e-08,-0.0153818
4.449664e-08,-0.0117293
4.454664e-08,-0.00681355
4.459664e-08,-0.014503
4.464664e-08,-0.0240874
4.469664e-08,-0.0195561
4.474664e-08,-0.0146953
4.479664e-08,-0.0249662
4.484664e-08,-0.0325458
4.489664e-08,-0.0249936
4.494664e-08,-0.0161508
4.499664e-08,-0.0176063
4.504664e-08,-0.019254
4.509664e-08,-0.0062643
4.514664e-08,0.00842808
4.519664e-08,0.00474812
4.524664e-08,-0.00736279
4.529664e-08,-0.0085986
4.534664e-08,-0.00335328
4.539664e-08,-0.00346313
4.544664e-08,-0.0113174
4.549664e-08,-0.0199955
4.554664e-08,-0.0175788
4.559664e-08,-0.00384761
4.564664e-08,0.00859285
4.569664e-08,0.0095815
4.574664e-08,0.00927941
4.579664e-08,0.0135361
4.584664e-08,0.0108997
4.589664e-08,0.00768659
4.594664e-08,0.00867524
4.599664e-08,0.00395171
4.604664e-08,-0.00865353
4.609664e-08,-0.0208468
4.614664e-08,-0.0219453
4.619664e-08,-0.0195012
4.624664e-08,-0.0178534
4.629664e-08,-0.0107407
4.634664e-08,-0.00898307
4.639664e-08,-0.0117568
4.644664e-08,-0.00717056
4.649664e-08,-0.00316105
4.654664e-08,-0.00409477
4.659664e-08,-0.00615445
4.664664e-08,-0.0113723
4.669664e-08,-0.0160958
4.674664e-08,-0.0168648
4.679664e-08,-0.0184027
4.684664e-08,-0.0202152
4.689664e-08,-0.0154093
4.694664e-08,-0.00818667
4.699664e-08,-0.0132397
4.704664e-08,-0.0217531
4.709664e-08,-0.0167
4.714664e-08,-0.0113448
4.719664e-08,-0.0140362
4.724664e-08,-0.0199406
4.729664e-08,-0.0252957
4.734664e-08,-0.0183203
4.739664e-08,-0.00439686
4.744664e-08,-0.00230971
4.749664e-08,-0.011592
4.754664e-08,-0.0199955
4.759664e-08,-0.023648
4.764664e-08,-0.0257901
4.769664e-08,-0.0270808
4.774664e-08,-0.0251859
4.779664e-08,-0.01854
4.784664e-08,-0.0104111
4.789664e-08,-0.00574251
4.794664e-08,-0.00167808
4.799664e-08,5.20511e-05
4.804664e-08,-0.00527565
4.809664e-08,-0.00824159
4.814664e-08,-0.00714309
4.819664e-08,-0.00741772
4.824664e-08,-0.00733533
4.829664e-08,-0.0079395
4.834664e-08,-0.00189778
4.839664e-08,0.00897733
4.844664e-08,0.00581915
4.849664e-08,-0.00332582
4.854664e-08,-0.00316105
4.859664e-08,-0.00393
4.864664e-08,-0.012663
4.869664e-08,-0.018183
4.874664e-08,-0.0141735
4.879664e-08,-0.0101914
4.884664e-08,-0.0127454
4.889664e-08,-0.0222199
4.894664e-08,-0.0316395
4.899664e-08,-0.0270808
4.904664e-08,-0.01486
4.909664e-08,-0.00802189
4.914664e-08,0.00205681
4.919664e-08,0.0171886
4.924664e-08,0.0224614
4.929664e-08,0.0195778
4.934664e-08,0.0163647
4.939664e-08,0.0107349
4.944664e-08,0.00573677
4.949664e-08,0.00419887
4.954664e-08,0.00348485
4.959664e-08,0.00307291
4.964664e-08,0.00353977
4.969664e-08,0.00312784
4.974664e-08,0.00164487
4.979664e-08,0.00535229
4.984664e-08,0.0070275
4.989664e-08,-0.00252941
4.994664e-08,-0.00574251
4.999664e-08,-0.00530311
5.004664e-08,-0.0158487
5.009664e-08,-0.0127729
5.014664e-08,0.00202934
5.019664e-08,0.000299213
5.024664e-08,-0.001733
5.029664e-08,0.00397917
5.034664e-08,0.00375947
5.039664e-08,0.00299053
5.044664e-08,0.00137025
5.049664e-08,-0.00137599
5.054664e-08,0.000106976
5.059664e-08,-0.00384761
5.064664e-08,-0.0145854
5.069664e-08,-0.0155466
5.074664e-08,-0.00725294
5.079664e-08,-0.00728041
5.084664e-08,-0.0130475
5.089664e-08,-0.013075
5.094664e-08,-0.0121962
5.099664e-08,-0.013075
5.104664e-08,-0.0110702
5.109664e-08,-0.00456163
5.114664e-08,0.00524244
5.119664e-08,0.011037
5.124664e-08,0.0101857
5.129664e-08,0.00856539
5.134664e-08,0.00612124
5.139664e-08,-0.00170554
5.144664e-08,-0.011235
5.149664e-08,-0.0138439
5.154664e-08,-0.0173866
5.159664e-08,-0.0259548
5.164664e-08,-0.0229889
5.169664e-08,-0.00942247
5.174664e-08,-0.000359885
5.179664e-08,0.000134438
5.184664e-08,-0.0060446
5.189664e-08,-0.0120039
5.194664e-08,-0.0119215
5.199664e-08,-0.0126905
5.204664e-08,-0.0179084
5.209664e-08,-0.0187871
5.214664e-08,-0.0144206
5.219664e-08,-0.00782965
5.224664e-08,-0.00310612
5.229664e-08,-0.00829651
5.234664e-08,-0.0186498
5.239664e-08,-0.0262569
5.244664e-08,-0.0302939
5.249664e-08,-0.0297172
5.254664e-08,-0.0231537
5.259664e-08,-0.0146129
5.264664e-08,-0.0100541
5.269664e-08,-0.000716896
5.274664e-08,0.00886748
5.279664e-08,0.0038144
5.284664e-08,0.00255113
5.289664e-08,0.0063684
5.294664e-08,-0.0062643
5.299664e-08,-0.0154917
5.304664e-08,-0.00478133
5.309664e-08,0.00235889
5.314664e-08,-0.00228225
5.319664e-08,-0.00620937
5.324664e-08,-0.00546789
5.329664e-08,-0.000634509
5.334664e-08,0.00323769
5.339664e-08,-0.001733
5.344664e-08,-0.0132123
5.349664e-08,-0.0154367
5.354664e-08,-0.00593475
5.359664e-08,-0.00634669
5.364664e-08,-0.0165352
5.369664e-08,-0.0167275
5.374664e-08,-0.0127454
5.379664e-08,-0.0129102
5.384664e-08,-0.0109329
5.389664e-08,-0.0081592
5.394664e-08,-0.00442432
5.399664e-08,-0.00546789
5.404664e-08,-0.01302
5.409664e-08,-0.00741772
5.414664e-08,-0.000909132
5.419664e-08,-0.0123609
5.424664e-08,-0.0192265
5.429664e-08,-0.0138988
5.434664e-08,-0.0118941
5.439664e-08,-0.0176887
5.444664e-08,-0.0260647
5.449664e-08,-0.0303213
5.454664e-08,-0.0278772
5.459664e-08,-0.0186224
5.464664e-08,-0.00999918
5.469664e-08,-0.00686847
5.474664e-08,-0.0067037
5.479664e-08,-0.00700578
5.484664e-08,0.000216825
5.489664e-08,0.00661556
5.494664e-08,0.00312784
5.499664e-08,0.00433618
5.504664e-08,0.0102681
5.509664e-08,0.0110919
5.514664e-08,0.011751
5.519664e-08,0.008483
5.524664e-08,-0.00101898
5.529664e-08,-0.00535804
5.534664e-08,-0.00563266
5.539664e-08,-0.006484
5.544664e-08,-0.00310612
5.549664e-08,0.00397917
5.554664e-08,0.0061487
5.559664e-08,0.000793536
5.564664e-08,-0.00533058
5.569664e-08,-0.0111801
5.574664e-08,-0.0179633
5.579664e-08,-0.0186773
5.584664e-08,-0.0137341
5.589664e-08,-0.0145579
5.594664e-08,-0.0194737
5.599664e-08,-0.0168922
5.604664e-08,-0.00804935
5.609664e-08,-0.00379268
5.614664e-08,-0.0115096
5.619664e-08,-0.0224946
5.624664e-08,-0.0161508
5.629664e-08,0.00463827
5.634664e-08,0.0194405
5.639664e-08,0.026361
5.644664e-08,0.029629
5.649664e-08,0.0275968
5.654664e-08,0.0204017
5.659664e-08,0.0105152
5.664664e-08,0.00485797
5.669664e-08,0.00483051
5.674664e-08,0.0070275
5.679664e-08,0.0114764
5.684664e-08,0.0153761
5.689664e-08,0.0175456
5.694664e-08,0.01977
5.699664e-08,0.0193856
5.704664e-08,0.011751
5.709664e-08,0.00101323
5.714664e-08,-0.00110137
5.719664e-08,0.00367709
5.724664e-08,0.005929
5.729664e-08,0.00960896
5.734664e-08,0.0199623
5.739664e-08,0.0270201
5.744664e-08,0.0230655
5.749664e-08,0.0156232
5.754664e-08,0.00700004
5.759664e-08,-0.00511088
5.764664e-08,-0.0100541
5.769664e-08,-0.00750011
5.774664e-08,-0.00890069
5.779664e-08,-0.0109329
5.784664e-08,-0.0115371
5.789664e-08,-0.00818667
5.794664e-08,0.00172726
5.799664e-08,0.00537975
5.804664e-08,0.00326515
5.809664e-08,0.00768659
5.814664e-08,0.0129319
5.819664e-08,0.0102131
5.824664e-08,0.00494036
5.829664e-08,0.00137025
5.834664e-08,-0.00508342
5.839664e-08,-0.0123884
5.844664e-08,-0.0126081
5.849664e-08,-0.00508342
5.854664e-08,0.00829077
5.859664e-08,0.0203468
5.864664e-08,0.0208136
5.869664e-08,0.0192757
5.874664e-08,0.0235599
5.879664e-08,0.0233951
5.884664e-08,0.0193306
5.889664e-08,0.0144423
5.894664e-08,0.00782391
5.899664e-08,0.00678034
5.904664e-08,0.0093618
5.909664e-08,0.00845554
5.914664e-08,0.0098012
5.919664e-08,0.0137009
5.924664e-08,0.0144973
5.929664e-08,0.0143874
5.934664e-08,0.0111469
5.939664e-08,0.0035947
5.944664e-08,-0.00162315
5.949664e-08,-0.00340821
5.954664e-08,-0.00434193
5.959664e-08,-0.00428701
5.964664e-08,-0.00321597
5.969664e-08,-0.00409477
5.974664e-08,-0.00631922
5.979664e-08,-0.00272165
5.984664e-08,0.00436365
5.989664e-08,0.0065881
5.994664e-08,0.00889494
5.999664e-08,0.0191659
6.004664e-08,0.0324027
6.009664e-08,0.039488
6.014664e-08,0.0396803
6.019664e-08,0.0367693
6.024664e-08,0.032595
6.029664e-08,0.0276792
6.034664e-08,0.024576
6.039664e-08,0.0211981
6.044664e-08,0.0135635
6.049664e-08,0.0117785
6.054664e-08,0.0147444
6.059664e-08,0.00897733
6.064664e-08,0.00419887
6.069664e-08,0.0109821
6.074664e-08,0.0177378
6.079664e-08,0.0200447
6.084664e-08,0.0215826
6.089664e-08,0.0203193
6.094664e-08,0.0269103
6.099664e-08,0.0404492
6.104664e-08,0.0355335
6.109664e-08,0.0167217
6.114664e-08,0.00845554
6.119664e-08,0.012877
6.124664e-08,0.0175731
6.129664e-08,0.00900479
6.134664e-08,-0.00145838
6.139664e-08,0.00095831
6.144664e-08,0.00178218
6.149664e-08,-0.00335328
6.154664e-08,-0.00566013
6.159664e-08,-0.00316105
6.164664e-08,0.00191949
6.169664e-08,0.00617616
6.174664e-08,0.0169689
6.179664e-08,0.0308374
6.184664e-08,0.0339406
6.189664e-08,0.0318535
6.194664e-08,0.0275419
6.199664e-08,0.0178477
6.204664e-08,0.0105976
6.209664e-08,0.0120531
6.214664e-08,0.0185342
6.219664e-08,0.0180948
6.224664e-08,0.0120531
6.229664e-08,0.0102955
6.234664e-08,0.0115313
6.239664e-08,0.0147719
6.244664e-08,0.0162823
6.249664e-08,0.0131241
6.254664e-08,0.00625855
6.259664e-08,-0.00524819
6.264664e-08,-0.0123884
6.269664e-08,-0.00876338
6.274664e-08,-0.000332422
6.279664e-08,0.00532483
6.284664e-08,0.00601139
6.289664e-08,0.00757675
6.294664e-08,0.0098012
6.299664e-08,0.0110095
6.304664e-08,0.0130418
6.309664e-08,0.0114764
6.314664e-08,0.0104328
6.319664e-08,0.00982866
6.324664e-08,0.00285321
6.329664e-08,0.00222158
6.334664e-08,0.00741197
6.339664e-08,0.000463987
6.344664e-08,-0.0116744
6.349664e-08,-0.0160684
6.354664e-08,-0.0137615
6.359664e-08,-0.00535804
6.364664e-08,0.00441857
6.369664e-08,0.0095815
6.374664e-08,0.0087027
6.379664e-08,0.0022765
6.384664e-08,-0.0062643
6.389664e-08,-0.011235
6.394664e-08,-0.011949
6.399664e-08,-0.0196385
6.404664e-08,-0.0309804
6.409664e-08,-0.0280694
6.414664e-08,-0.0140911
6.419664e-08,-0.00456163
6.424664e-08,-0.00030496
6.429664e-08,0.00395171
6.434664e-08,0.00131532
6.439664e-08,-0.0051658
6.444664e-08,0.0003816
6.449664e-08,0.00801614
6.454664e-08,0.00370455
6.459664e-08,0.000573836
6.464664e-08,0.00499528
6.469664e-08,0.00941673
6.474664e-08,0.0113116
6.479664e-08,0.011806
6.484664e-08,0.00647825
6.489664e-08,-0.000799283
6.494664e-08,0.00342992
6.499664e-08,0.00521498
6.504664e-08,-0.00533058
6.509664e-08,-0.0103837
6.514664e-08,-0.00684101
6.519664e-08,-0.00296881
6.524664e-08,-0.00209002
6.529664e-08,0.00205681
6.534664e-08,0.0146346
6.539664e-08,0.0236972
6.544664e-08,0.0245485
6.549664e-08,0.0229557
6.554664e-08,0.0175731
6.559664e-08,0.0123277
6.564664e-08,0.0126847
6.569664e-08,0.011394
6.574664e-08,0.00705496
6.579664e-08,0.00686272
6.584664e-08,0.00834569
6.589664e-08,0.0105427
6.594664e-08,0.0127122
6.599664e-08,0.00804361
6.604664e-08,0.00282575
6.609664e-08,0.00631348
6.614664e-08,0.0113391
6.619664e-08,0.00796122
6.624664e-08,0.00213919
6.629664e-08,0.00631348
6.634664e-08,0.0138107
6.639664e-08,0.0134262
6.644664e-08,0.00669795
6.649664e-08,-0.0021724
6.654664e-08,0.0052699
6.659664e-08,0.0270476
6.664664e-08,0.025647
6.669664e-08,0.00700004
6.674664e-08,0.00274337
6.679664e-08,0.00142517
6.684664e-08,-0.00788458
6.689664e-08,-0.010109
6.694664e-08,-0.00634669
6.699664e-08,-0.00854368
6.704664e-08,-0.0114272
6.709664e-08,-0.00944993
6.714664e-08,-0.00662131
6.719664e-08,-0.00313359
6.724664e-08,0.00263352
6.729664e-08,0.00620363
6.734664e-08,0.00749436
6.739664e-08,0.0095815
6.744664e-08,0.00812599
6.749664e-08,0.00642333
6.754664e-08,0.00710988
6.759664e-08,0.00334754
6.764664e-08,-0.00263926
6.769664e-08,-0.00821413
6.774664e-08,-0.0137066
6.779664e-08,-0.0157114
6.784664e-08,-0.0149699
6.789664e-08,-0.00909292
6.794664e-08,-0.00192524
6.799664e-08,-0.00566013
6.804664e-08,-0.01302
6.809664e-08,-0.0126905
6.814664e-08,-0.00936755
6.819664e-08,-0.00343567
6.824664e-08,0.00768659
6.829664e-08,0.0195503
6.834664e-08,0.0297389
6.839664e-08,0.0367143
6.844664e-08,0.0370164
6.849664e-08,0.0394057
6.854664e-08,0.0428934
6.859664e-08,0.0203742
6.864664e-08,-0.0187322
6.869664e-08,-0.0346329
6.874664e-08,-0.0310628
6.879664e-08,-0.0252408
6.884664e-08,-0.0143657
6.889664e-08,-0.00181539
6.894664e-08,0.00282575
6.899664e-08,-0.00428701
6.904664e-08,-0.0112075
6.909664e-08,-0.00895561
6.914664e-08,-0.0131024
6.919664e-08,-0.0228241
6.924664e-08,-0.020023
6.929664e-08,-0.00620937
6.934664e-08,0.00496782
6.939664e-08,0.00656064
6.944664e-08,0.0063684
6.949664e-08,0.00977374
6.954664e-08,0.00938926
6.959664e-08,-0.000716896
6.964664e-08,-0.0083789
6.969664e-08,-0.00620937
6.974664e-08,-0.0060446
6.979664e-08,-0.00722548
6.984664e-08,-0.00598967
6.989664e-08,-0.00269419
6.994664e-08,-0.00088167
6.999664e-08,-0.0102738
7.004664e-08,-0.0142559
7.009664e-08,0.00436365
7.014664e-08,0.021665
7.019664e-08,0.0204566
7.024664e-08,0.0192483
7.029664e-08,0.0255646
7.034664e-08,0.027487
7.039664e-08,0.0269927
7.044664e-08,0.0262512
7.049664e-08,0.0244936
7.054664e-08,0.0289425
7.059664e-08,0.028201
7.064664e-08,0.0163372
7.069664e-08,0.0108173
7.074664e-08,0.0133988
7.079664e-08,0.0176554
7.084664e-08,0.0223515
7.089664e-08,0.0246034
7.094664e-08,0.0252076
7.099664e-08,0.0253724
7.104664e-08,0.0247407
7.109664e-08,0.0257843
7.114664e-08,0.0268828
7.119664e-08,0.0254822
7.124664e-08,0.0209235
7.129664e-08,0.00996597
7.134664e-08,0.00117801
7.139664e-08,0.00142517
7.144664e-08,0.00417141
7.149664e-08,0.00730212
7.154664e-08,0.00683526
7.159664e-08,0.00428126
7.164664e-08,0.00524244
7.169664e-08,0.0031553
7.174664e-08,-0.000689433
7.179664e-08,0.00213919
7.184664e-08,0.00708242
7.189664e-08,0.00713735
7.194664e-08,0.00568184
7.199664e-08,0.00397917
7.204664e-08,0.00351231
7.209664e-08,0.005929
7.214664e-08,0.00397917
7.219664e-08,0.00123293
7.224664e-08,-0.00255688
7.229664e-08,-0.00958725
7.234664e-08,-0.00695086
7.239664e-08,0.00191949
7.244664e-08,0.00683526
7.249664e-08,0.0119707
7.254664e-08,0.0183969
7.259664e-08,0.0217199
7.264664e-08,0.0187539
7.269664e-08,0.00796122
7.274664e-08,-0.00412223
7.279664e-08,-0.0129377
7.284664e-08,-0.0169746
7.289664e-08,-0.0145305
7.294664e-08,-0.0104111
7.299664e-08,-0.00252941
7.304664e-08,0.00450096
7.309664e-08,0.00488543
7.314664e-08,0.00949911
7.319664e-08,0.0131241
7.324664e-08,0.00719227
7.329664e-08,0.000738611
7.334664e-08,0.000326675
7.339664e-08,0.00730212
7.344664e-08,0.0147719
7.349664e-08,0.0172984
7.354664e-08,0.0196602
7.359664e-08,0.020182
7.364664e-08,0.0163098
7.369664e-08,0.0131791
7.374664e-08,0.0103504
7.379664e-08,0.00922449
7.384664e-08,0.0128495
7.389664e-08,0.0151289
7.394664e-08,0.0166119
7.399664e-08,0.0187265
7.404664e-08,0.0203193
7.409664e-08,0.0307825
7.414664e-08,0.0395155
7.419664e-08,0.0207587
7.424664e-08,-0.00681355
7.429664e-08,-0.0083789
7.434664e-08,0.00244128
7.439664e-08,0.00197442
7.444664e-08,0.00208427
7.449664e-08,0.00966389
7.454664e-08,0.0129594
7.459664e-08,0.0110919
7.464664e-08,0.00831823
7.469664e-08,0.0118609
7.474664e-08,0.0229831
7.479664e-08,0.0238894
7.484664e-08,0.014717
7.489664e-08,0.0115039
7.494664e-08,0.0106251
7.499664e-08,0.00472066
7.504664e-08,-0.00469894
7.509664e-08,-0.0117019
7.514664e-08,-0.00854368
7.519664e-08,-0.00340821
7.524664e-08,-0.00879084
7.529664e-08,-0.0119765
7.534664e-08,-0.00368283
7.539664e-08,-0.00019511
7.544664e-08,-0.00447924
7.549664e-08,-0.00758249
7.554664e-08,-0.0107956
7.559664e-08,-0.0113174
7.564664e-08,-0.00750011
7.569664e-08,-0.00478133
7.574664e-08,-0.00769234
7.579664e-08,-0.0147776
7.584664e-08,-0.0143657
7.589664e-08,-0.009038
7.594664e-08,-0.00909292
7.599664e-08,-0.00895561
7.604664e-08,-0.00508342
7.609664e-08,0.00329261
7.614664e-08,0.0134262
7.619664e-08,0.0152113
7.624664e-08,0.0108173
7.629664e-08,0.0122179
7.634664e-08,0.0203468
7.639664e-08,0.024576
7.644664e-08,0.0220769
7.649664e-08,0.0214727
7.654664e-08,0.026361
7.659664e-08,0.0281461
7.664664e-08,0.0210882
7.669664e-08,0.0142226
7.674664e-08,0.0118334
7.679664e-08,0.00856539
7.684664e-08,0.00842808
7.689664e-08,0.0141403
7.694664e-08,0.0166943
7.699664e-08,0.0115313
7.704664e-08,0.00373201
7.709664e-08,-0.00184285
7.714664e-08,-0.0047264
7.719664e-08,-0.00332582
7.724664e-08,-0.00126614
7.729664e-08,-0.00656638
7.734664e-08,-0.0128553
7.739664e-08,-0.00977948
7.744664e-08,0.00109562
7.749664e-08,0.0122454
7.754664e-08,0.0158704
7.759664e-08,0.0119433
7.764664e-08,0.0112292
7.769664e-08,0.0158429
7.774664e-08,0.0152937
7.779664e-08,0.0128495
7.784664e-08,0.00999344
7.789664e-08,-0.000661971
7.794664e-08,-0.00931262
7.799664e-08,-0.0103013
7.804664e-08,-0.00909292
7.809664e-08,-0.00497357
7.814664e-08,0.00645079
7.819664e-08,0.022736
7.824664e-08,0.0288601
7.829664e-08,0.0230655
7.834664e-08,0.0210608
7.839664e-08,0.0277067
7.844664e-08,0.033309
7.849664e-08,0.0311944
7.854664e-08,0.0280637
7.859664e-08,0.0236148
7.864664e-08,0.0113666
7.869664e-08,0.00502274
7.874664e-08,0.0131241
7.879664e-08,0.0174632
7.884664e-08,0.0108173
7.889664e-08,0.00845554
7.894664e-08,0.0108448
7.899664e-08,0.00732958
7.904664e-08,0.0052699
7.909664e-08,0.0151838
7.914664e-08,0.0306452
7.919664e-08,0.0358081
7.924664e-08,0.0266631
7.929664e-08,0.016502
7.934664e-08,0.0174083
7.939664e-08,0.0241091
7.944664e-08,0.0202094
7.949664e-08,0.0095815
7.954664e-08,0.00845554
7.959664e-08,0.0110095
7.964664e-08,0.00587408
7.969664e-08,0.00257859
7.974664e-08,0.00774152
7.979664e-08,0.00796122
7.984664e-08,0.00535229
7.989664e-08,0.0105976
7.994664e-08,0.0137558
7.999664e-08,0.011394
8.004664e-08,0.0105701
8.009664e-08,0.0115313
8.014664e-08,0.0163372
8.019664e-08,0.0220769
8.024664e-08,0.0220494
8.029664e-08,0.0169963
8.034664e-08,0.00977374
8.039664e-08,0.000683686
8.044664e-08,-0.00826905
8.049664e-08,-0.0092577
8.054664e-08,-0.00425954
8.059664e-08,-0.00159569
8.064664e-08,0.00307291
8.069664e-08,0.011394
8.074664e-08,0.0163922
8.079664e-08,0.017628
8.084664e-08,0.0201271
8.089664e-08,0.0211981
8.094664e-08,0.0163372
8.099664e-08,0.0112018
8.104664e-08,0.0123277
8.109664e-08,0.0187814
8.114664e-08,0.0196602
8.119664e-08,0.0129319
8.124664e-08,0.00933434
8.129664e-08,0.00763167
8.134664e-08,0.00897733
8.139664e-08,0.0162549
8.144664e-08,0.0157605
8.149664e-08,0.00441857
8.154664e-08,-0.00258434
8.159664e-08,-0.00500103
8.164664e-08,-0.0110153
8.169664e-08,-0.0145305
8.174664e-08,-0.0128827
8.179664e-08,-0.0110702
8.184664e-08,-0.00593475
8.189664e-08,-0.000167648
8.194664e-08,-0.000332422
8.199664e-08,0.00095831
8.204664e-08,0.000820998
8.209664e-08,-0.00846129
8.214664e-08,-0.0154917
8.219664e-08,-0.0110977
8.224664e-08,-0.00165062
8.229664e-08,-0.000854208
8.234664e-08,-0.00178793
8.239664e-08,0.011806
8.244664e-08,0.0242464
8.249664e-08,0.0214178
8.254664e-08,0.0150191
8.259664e-08,0.0111194
8.264664e-08,0.0118609
8.269664e-08,0.0191659
8.274664e-08,0.0195503
8.279664e-08,0.0108722
8.284664e-08,0.0105976
8.289664e-08,0.0177653
8.294664e-08,0.0194954
8.299664e-08,0.00985612
8.304664e-08,-0.00469894
8.309664e-08,-0.00876338
8.314664e-08,-0.00533058
8.319664e-08,0.00345739
8.324664e-08,0.01977
8.329664e-08,0.021253
8.334664e-08,0.00667049
8.339664e-08,0.0014801
8.344664e-08,0.00974627
8.349664e-08,0.0183145
8.354664e-08,0.0219396
8.359664e-08,0.0228458
8.364664e-08,0.0174907
8.369664e-08,0.0149367
8.374664e-08,0.0208685
8.379664e-08,0.019413
8.384664e-08,0.00776898
8.389664e-08,-0.00409477
8.394664e-08,-0.00928516
8.399664e-08,-0.0108231
8.404664e-08,-0.0111801
8.409664e-08,-0.00478133
8.414664e-08,0.00219412
8.419664e-08,-0.000387347
8.424664e-08,-0.0135693
8.429664e-08,-0.0246366
8.434664e-08,-0.0213961
8.439664e-08,-0.0187322
8.444664e-08,-0.022165
8.449664e-08,-0.0109054
8.454664e-08,0.0104054
8.459664e-08,0.016859
8.464664e-08,0.0124925
8.469664e-08,0.0143874
8.474664e-08,0.0186441
8.479664e-08,0.01436
8.484664e-08,0.00145263
8.489664e-08,-0.00766488
8.494664e-08,-0.00829651
8.499664e-08,-0.0088183
8.504664e-08,-0.00744518
8.509664e-08,0.003375
8.514664e-08,0.0173808
8.519664e-08,0.0233402
8.524664e-08,0.0237796
8.529664e-08,0.0233951
8.534664e-08,0.0221043
8.539664e-08,0.02345
8.544664e-08,0.0257019
8.549664e-08,0.0218846
8.554664e-08,0.0106251
8.559664e-08,-0.00143092
8.564664e-08,-0.0105759
8.569664e-08,-0.0140911
8.574664e-08,-0.00865353
8.579664e-08,-0.00530311
8.584664e-08,-0.00848875
8.589664e-08,-0.00653892
8.594664e-08,-0.00318851
8.599664e-08,-0.00576998
8.604664e-08,-0.00898307
8.609664e-08,-0.00942247
8.614664e-08,-0.00964217
8.619664e-08,-0.0120863
8.624664e-08,-0.0126356
8.629664e-08,-0.00851621
8.634664e-08,-0.000799283
8.639664e-08,0.00774152
8.644664e-08,0.0132065
8.649664e-08,0.0160352
8.654664e-08,0.0162274
8.659664e-08,0.0151014
8.664664e-08,0.0130418
8.669664e-08,0.0052699
8.674664e-08,-0.00524819
8.679664e-08,-0.0099168
8.684664e-08,-0.00598967
8.689664e-08,0.00351231
8.694664e-08,0.00974627
8.699664e-08,0.00938926
8.704664e-08,0.00776898
8.709664e-08,0.00488543
8.714664e-08,-0.00132107
8.719664e-08,-0.0110702
8.724664e-08,-0.0186498
8.729664e-08,-0.0162606
8.734664e-08,-0.0110153
8.739664e-08,-0.00774727
8.744664e-08,-0.00637415
8.749664e-08,-0.00909292
8.754664e-08,-0.00675862
8.759664e-08,-0.00258434
8.764664e-08,-0.0028315
8.769664e-08,0.0022765
8.774664e-08,0.00938926
8.779664e-08,0.0109821
8.784664e-08,0.0112292
8.789664e-08,0.0129044
8.794664e-08,0.0125474
8.799664e-08,0.00938926
8.804664e-08,0.00812599
8.809664e-08,0.00518752
8.814664e-08,-0.00607206
8.819664e-08,-0.012718
8.824664e-08,-0.00568759
8.829664e-08,-0.000854208
8.834664e-08,0.000546374
8.839664e-08,0.0040341
8.844664e-08,-0.00104644
8.849664e-08,-0.0107407
8.854664e-08,-0.0101365
8.859664e-08,-0.000771821
8.864664e-08,0.00153502
8.869664e-08,-0.00159569
8.874664e-08,0.00419887
8.879664e-08,0.00922449
8.884664e-08,0.00664302
8.889664e-08,0.00790629
8.894664e-08,0.0112842
8.899664e-08,0.00971881
8.904664e-08,0.00988359
8.909664e-08,0.0133713
8.914664e-08,0.0146071
8.919664e-08,0.0191659
8.924664e-08,0.0218023
8.929664e-08,0.0167492
8.934664e-08,0.0171611
8.939664e-08,0.0228184
8.944664e-08,0.0248506
8.949664e-08,0.0238894
8.954664e-08,0.024878
8.959664e-08,0.028915
8.964664e-08,0.0291073
8.969664e-08,0.0249604
8.974664e-08,0.0245485
8.979664e-08,0.0280637
8.984664e-08,0.029629
8.989664e-08,0.0269652
8.994664e-08,0.0225163
8.999664e-08,0.0197151
9.004664e-08,0.0217748
9.009664e-08,0.0285305
9.014664e-08,0.0306177
9.019664e-08,0.0237796
9.024664e-08,0.0175181
9.029664e-08,0.0195229
9.034664e-08,0.0260589
9.039664e-08,0.0258942
9.044664e-08,0.0158978
9.049664e-08,0.0065881
9.054664e-08,0.00433618
9.059664e-08,0.00375947
9.064664e-08,0.000766073
9.069664e-08,-0.00233718
9.074664e-08,-0.00403984
9.079664e-08,-0.00351806
9.084664e-08,-0.00263926
9.089664e-08,-0.00502849
9.094664e-08,-0.0101365
9.099664e-08,-0.0116744
9.104664e-08,-0.0079395
9.109664e-08,-0.00686847
9.114664e-08,-0.00667623
9.119664e-08,-0.000140186
9.124664e-08,0.00812599
9.129664e-08,0.0124925
9.134664e-08,0.0162274
9.139664e-08,0.0181772
9.144664e-08,0.0120531
9.149664e-08,0.00771406
9.154664e-08,0.0133438
9.159664e-08,0.0145522
9.164664e-08,0.00458335
9.169664e-08,-0.00417716
9.174664e-08,-0.0051658
9.179664e-08,-0.00728041
9.184664e-08,-0.0127454
9.189664e-08,-0.0118666
9.194664e-08,-0.00618191
9.199664e-08,-0.00302374
9.204664e-08,-0.0060446
9.209664e-08,-0.00609952
9.214664e-08,0.00480304
9.219664e-08,0.00864778
9.224664e-08,0.000930848
9.229664e-08,-0.00338075
9.234664e-08,-0.00393
9.239664e-08,-0.00620937
9.244664e-08,-0.0128553
9.249664e-08,-0.0234283
9.254664e-08,-0.027987
9.259664e-08,-0.0210665
9.264664e-08,-0.0157937
9.269664e-08,-0.014146
9.274664e-08,-0.00576998
9.279664e-08,-0.00159569
9.284664e-08,-0.00791204
9.289664e-08,-0.0127454
9.294664e-08,-0.012306
9.299664e-08,-0.00804935
9.304664e-08,-0.00483625
9.309664e-08,-0.00546789
9.314664e-08,-0.00236464
9.319664e-08,0.00494036
9.324664e-08,0.00851047
9.329664e-08,0.0121904
9.334664e-08,0.0154035
9.339664e-08,0.00886748
9.344664e-08,0.00345739
9.349664e-08,0.00364962
9.354664e-08,0.00150756
9.359664e-08,0.00370455
9.364664e-08,0.00809853
9.369664e-08,0.00488543
9.374664e-08,0.000354137
9.379664e-08,0.00208427
9.384664e-08,0.00329261
9.389664e-08,-0.00360045
9.394664e-08,-0.0112625
9.399664e-08,-0.0145305
9.404664e-08,-0.0156839
9.409664e-08,-0.00988933
9.414664e-08,-0.0028315
9.419664e-08,-0.00118376
9.424664e-08,0.00156248
9.429664e-08,0.000903385
9.434664e-08,0.000875923
9.439664e-08,0.0107624
9.444664e-08,0.0158978
9.449664e-08,0.0101582
9.454664e-08,0.00710988
9.459664e-08,0.00749436
9.464664e-08,0.00216665
9.469664e-08,-0.00533058
9.474664e-08,-0.00780219
9.479664e-08,-0.00631922
9.484664e-08,-0.00368283
9.489664e-08,-2.87366e-06
9.494664e-08,0.00554453
9.499664e-08,0.0091421
9.504664e-08,0.0105976
9.509664e-08,0.0151564
9.514664e-08,0.0140853
9.519664e-08,-0.000442272
9.524664e-08,-0.00914785
9.529664e-08,-0.00431447
9.534664e-08,-0.0023921
9.539664e-08,-0.00458909
9.544664e-08,-0.00436939
9.549664e-08,0.000875923
9.554664e-08,0.0115039
9.559664e-08,0.0224614
9.564664e-08,0.0285855
9.569664e-08,0.0252351
9.574664e-08,0.0183145
9.579664e-08,0.0160352
9.584664e-08,0.0161725
9.589664e-08,0.0141677
9.594664e-08,0.00554453
9.599664e-08,0.00222158
9.604664e-08,0.0153761
9.609664e-08,0.0240816
9.614664e-08,0.0191659
9.619664e-08,0.0107624
9.624664e-08,0.00433618
9.629664e-08,0.0101307
9.634664e-08,0.0175731
9.639664e-08,0.0109821
9.644664e-08,0.00606631
9.649664e-08,0.0143325
9.654664e-08,0.0193032
9.659664e-08,0.0112292
9.664664e-08,0.00768659
9.669664e-08,0.0101857
9.674664e-08,0.00417141
9.679664e-08,-0.00184285
9.684664e-08,-0.00285896
9.689664e-08,-0.00176047
9.694664e-08,0.00628601
9.699664e-08,0.0155408
9.704664e-08,0.0171062
9.709664e-08,0.0156507
9.714664e-08,0.01977
9.719664e-08,0.0271574
9.724664e-08,0.0305628
9.729664e-08,0.0280911
9.734664e-08,0.0230655
9.739664e-08,0.0228458
9.744664e-08,0.0262786
9.749664e-08,0.0205115
9.754664e-08,0.0065881
9.759664e-08,-0.00395746
9.764664e-08,-0.00840636
9.769664e-08,-0.00728041
9.774664e-08,-0.00755503
9.779664e-08,-0.0143657
9.784664e-08,-0.0124983
9.789664e-08,0.00301799
9.794664e-08,0.00656064
9.799664e-08,-0.0030512
9.804664e-08,-0.000936595
9.809664e-08,0.00634094
9.814664e-08,0.00200188
9.819664e-08,-0.00988933
9.824664e-08,-0.0182654
9.829664e-08,-0.0165078
9.834664e-08,-0.00667623
9.839664e-08,0.0029356
9.844664e-08,0.0068078
9.849664e-08,0.0109546
9.854664e-08,0.0210059
9.859664e-08,0.0267455
9.864664e-08,0.0234775
9.869664e-08,0.0172435
9.874664e-08,0.00807107
9.879664e-08,0.00378694
9.884664e-08,0.013234
9.889664e-08,0.0208136
9.894664e-08,0.0124376
9.899664e-08,-0.000497197
9.904664e-08,-0.00269419
9.909664e-08,0.00106816
9.914664e-08,-0.00362791
9.919664e-08,-0.0100266
9.924664e-08,-0.0088183
9.929664e-08,-0.00637415
9.934664e-08,0.000738611
9.939664e-08,0.00820838
9.944664e-08,0.00894986
9.949664e-08,0.0137283
9.954664e-08,0.0164196
9.959664e-08,0.0101857
9.964664e-08,0.00678034
9.969664e-08,0.00675287
9.974664e-08,0.00299053
9.979664e-08,-0.00447924
9.984664e-08,-0.00555028
9.989664e-08,0.00128786
9.994664e-08,0.00384186
9.999664e-08,0.00590154
1.000466e-07,0.00834569
1.000966e-07,0.00153502
1.001466e-07,-0.00747264
1.001966e-07,-0.0158212
1.002466e-07,-0.022522
1.002966e-07,-0.0208194
1.003466e-07,-0.0165627
1.003966e-07,-0.010878
1.004466e-07,-0.0032709
1.004966e-07,2.45887e-05
1.005466e-07,0.00408902
1.005966e-07,0.0126573
1.006466e-07,0.0197426
1.006966e-07,0.0203193
1.007466e-07,0.0121355
1.007966e-07,0.00450096
1.008466e-07,0.00222158
1.008966e-07,-0.00277657
1.009466e-07,-0.00453417
1.009966e-07,0.00301799
1.010466e-07,0.0145797
1.010966e-07,0.0250977
1.011466e-07,0.0291622
1.011966e-07,0.0328421
1.012466e-07,0.039131
1.012966e-07,0.0373185
1.013466e-07,0.0286129
1.013966e-07,0.0209784
1.014466e-07,0.0137009
1.014966e-07,0.00332008
1.015466e-07,-0.00593475
1.015966e-07,-0.00846129
1.016466e-07,-0.00854368
1.016966e-07,-0.00634669
1.017466e-07,0.00216665
1.017966e-07,0.0109546
1.018466e-07,0.0164746
1.018966e-07,0.0161175
1.019466e-07,0.00763167
1.019966e-07,0.00260605
1.020466e-07,-0.00184285
1.020966e-07,-0.0110702
1.021466e-07,-0.00733533
1.021966e-07,0.00455588
1.022466e-07,0.0111194
1.022966e-07,0.0163098
1.023466e-07,0.0161725
1.023966e-07,0.0133438
1.024466e-07,0.0101857
1.024966e-07,0.000573836
1.025466e-07,-0.0123335
1.025966e-07,-0.0235931
1.026466e-07,-0.0252133
1.026966e-07,-0.0128827
1.027466e-07,0.00202934
1.027966e-07,0.0070275
1.028466e-07,0.00782391
1.028966e-07,0.0158429
1.029466e-07,0.0255921
1.029966e-07,0.0278714
1.030466e-07,0.0207038
1.030966e-07,0.0068078
1.031466e-07,-0.00192524
1.031966e-07,-0.00546789
1.032466e-07,-0.0112075
1.032966e-07,-0.0139263
1.033466e-07,-0.0137615
1.033966e-07,-0.0113448
1.034466e-07,-0.0102189
1.034966e-07,-0.0110153
1.035466e-07,-0.00343567
1.035966e-07,0.00134278
1.036466e-07,-0.00129361
1.036966e-07,0.00288068
1.037466e-07,0.00845554
1.037966e-07,0.0114489
1.038466e-07,0.0139206
1.038966e-07,0.0119158
1.039466e-07,0.0065881
1.039966e-07,-0.00310612
1.040466e-07,-0.00813174
1.040966e-07,-0.00129361
1.041466e-07,0.00164487
1.041966e-07,-0.00236464
1.042466e-07,0.000766073
1.042966e-07,0.0104603
1.043466e-07,0.0139755
1.043966e-07,0.00760421
1.044466e-07,-0.00269419
1.044966e-07,-0.0131574
1.045466e-07,-0.0210116
1.045966e-07,-0.0226868
1.046466e-07,-0.0214235
1.046966e-07,-0.0200779
1.047466e-07,-0.0132672
1.047966e-07,-0.00228225
1.048466e-07,0.00623109
1.048966e-07,0.0126024
1.049466e-07,0.0189187
1.049966e-07,0.0218023
1.050466e-07,0.0190286
1.050966e-07,0.0138931
1.051466e-07,0.00562692
1.051966e-07,0.000106976
1.052466e-07,0.0027159
1.052966e-07,0.00516006
1.053466e-07,0.0057093
1.053966e-07,0.0031553
1.054466e-07,-0.000332422
1.054966e-07,0.00167233
1.055466e-07,0.00513259
1.055966e-07,0.00757675
1.056466e-07,0.00889494
1.056966e-07,0.00697257
1.057466e-07,0.00274337
1.057966e-07,-0.00192524
1.058466e-07,-0.00596221
1.058966e-07,-0.00379268
1.059466e-07,0.00559945
1.059966e-07,0.00947165
1.060466e-07,0.00686272
1.060966e-07,0.0108722
1.061466e-07,0.0133988
1.061966e-07,0.00117801
1.062466e-07,-0.0114272
1.062966e-07,-0.0129377
1.063466e-07,-0.00909292
1.063966e-07,-0.00209002
1.064466e-07,0.000491449
1.064966e-07,-8.52608e-05
1.065466e-07,0.00694511
1.065966e-07,0.0151289
1.066466e-07,0.0216375
1.066966e-07,0.0286404
1.067466e-07,0.0370164
1.067966e-07,0.0429208
1.068466e-07,0.0334738
1.068966e-07,0.0217199
1.069466e-07,0.0189736
1.069966e-07,0.0117236
1.070466e-07,0.00562692
1.070966e-07,0.00579169
1.071466e-07,0.00137025
1.071966e-07,-0.00362791
1.072466e-07,-0.00862606
1.072966e-07,-0.017057
1.073466e-07,-0.01486
1.073966e-07,-0.0079395
1.074466e-07,-0.0117293
1.074966e-07,-0.0151346
1.075466e-07,-0.0116195
1.075966e-07,-0.00502849
1.076466e-07,0.00436365
1.076966e-07,0.0102955
1.077466e-07,0.0110919
1.077966e-07,0.0138931
1.078466e-07,0.0151289
1.078966e-07,0.0091421
1.079466e-07,-0.00110137
1.079966e-07,-0.00678608
1.080466e-07,-0.000661971
1.080966e-07,0.00867524
1.081466e-07,0.0139206
1.081966e-07,0.0156781
1.082466e-07,0.0144698
1.082966e-07,0.0104603
1.083466e-07,0.00474812
1.083966e-07,0.0035947
1.084466e-07,0.00312784
1.084966e-07,-0.00456163
1.085466e-07,-0.0121412
1.085966e-07,-0.00953232
1.086466e-07,-0.00236464
1.086966e-07,-0.00030496
1.087466e-07,-0.00222733
1.087966e-07,-0.00274911
1.088466e-07,-0.00156823
1.088966e-07,-0.00390253
1.089466e-07,-0.00620937
1.089966e-07,-0.0053855
1.090466e-07,-0.00274911
1.090966e-07,0.0027159
1.091466e-07,0.0061487
1.091966e-07,0.00661556
1.092466e-07,0.00411648
1.092966e-07,0.00279829
1.093466e-07,0.00430872
1.093966e-07,-0.00269419
1.094466e-07,-0.00901054
1.094966e-07,-0.0049461
1.095466e-07,-0.00678608
1.095966e-07,-0.0132123
1.096466e-07,-0.0135693
1.096966e-07,-0.0141185
1.097466e-07,-0.0109604
1.097966e-07,-0.00557774
1.098466e-07,-0.0106308
1.098966e-07,-0.0148875
1.099466e-07,-0.00958725
1.099966e-07,-0.0053855
1.100466e-07,-0.000524659
1.100966e-07,0.00944419
1.101466e-07,0.015788
1.101966e-07,0.0134812
1.102466e-07,0.00886748
1.102966e-07,0.0091421
1.103466e-07,0.00845554
1.103966e-07,0.00820838
1.104466e-07,0.0177378
1.104966e-07,0.0201271
1.105466e-07,0.00334754
1.105966e-07,-0.0085986
1.106466e-07,-0.000909132
1.106966e-07,0.00925195
1.107466e-07,0.0105976
1.107966e-07,0.0131516
1.108466e-07,0.019413
1.108966e-07,0.0230106
1.109466e-07,0.0255097
1.109966e-07,0.0278714
1.110466e-07,0.0268004
1.110966e-07,0.0224064
1.111466e-07,0.0122179
1.111966e-07,-0.0032709
1.112466e-07,-0.0114272
1.112966e-07,-0.013789
1.113466e-07,-0.0129377
1.113966e-07,-0.00566013
1.114466e-07,-0.0124433
1.114966e-07,-0.0283441
1.115466e-07,-0.0258999
1.115966e-07,-0.0195561
1.116466e-07,-0.0191442
1.116966e-07,-0.0109054
1.117466e-07,-0.00401238
1.117966e-07,-0.00596221
1.118466e-07,-0.0083789
1.118966e-07,-0.00590729
1.119466e-07,0.00202934
1.119966e-07,0.00837315
1.120466e-07,0.0065881
1.120966e-07,0.00175472
1.121466e-07,0.000518912
1.121966e-07,0.00230397
1.122466e-07,0.00463827
1.122966e-07,0.00422633
1.123466e-07,0.00241382
1.123966e-07,-0.000359885
1.124466e-07,-0.00310612
1.124966e-07,0.00106816
1.125466e-07,0.00804361
1.125966e-07,0.0115039
1.126466e-07,0.0105701
1.126966e-07,0.00862032
1.127466e-07,0.0146895
1.127966e-07,0.0206488
1.128466e-07,0.0138382
1.128966e-07,0.00543468
1.129466e-07,0.0068078
1.129966e-07,0.0123277
1.130466e-07,0.00908718
1.130966e-07,-0.000771821
1.131466e-07,0.00200188
1.131966e-07,0.008483
1.132466e-07,0.000409062
1.132966e-07,-0.00730787
1.133466e-07,-0.00351806
1.133966e-07,0.00301799
1.134466e-07,0.00823584
1.134966e-07,0.0119158
1.135466e-07,0.0120806
1.135966e-07,0.0121355
1.136466e-07,0.00807107
1.136966e-07,-0.00176047
1.137466e-07,-0.00555028
1.137966e-07,-0.00645653
1.138466e-07,-0.0019527
1.138966e-07,0.0119982
1.139466e-07,0.0170787
1.139966e-07,0.0128495
1.140466e-07,0.0129868
1.140966e-07,0.0137283
1.141466e-07,0.00969135
1.141966e-07,0.00581915
1.142466e-07,-0.000854208
1.142966e-07,-0.010164
1.143466e-07,-0.00689593
1.143966e-07,0.00422633
1.144466e-07,0.00559945
1.144966e-07,0.0027159
1.145466e-07,0.00524244
1.145966e-07,0.00996597
1.146466e-07,0.0156781
1.146966e-07,0.0208136
1.147466e-07,0.0227085
1.147966e-07,0.0226261
1.148466e-07,0.022379
1.148966e-07,0.0213903
1.149466e-07,0.0229831
1.149966e-07,0.0260589
1.150466e-07,0.0148817
1.150966e-07,-0.00101898
1.151466e-07,-0.0015133
1.151966e-07,0.00461081
1.152466e-07,0.00776898
1.152966e-07,0.000820998
1.153466e-07,-0.0121687
1.153966e-07,-0.0143932
1.154466e-07,-0.0120863
1.154966e-07,-0.0100541
1.155466e-07,-0.00456163
1.155966e-07,-0.00310612
1.156466e-07,0.00117801
1.156966e-07,0.00782391
1.157466e-07,0.000738611
1.157966e-07,-0.0111251
1.158466e-07,-0.0152445
1.158966e-07,-0.00961471
1.159466e-07,0.00735705
1.159966e-07,0.020182
1.160466e-07,0.0218846
1.160966e-07,0.0285305
1.161466e-07,0.0375657
1.161966e-07,0.0367418
1.162466e-07,0.0299037
1.162966e-07,0.0200721
1.163466e-07,0.010323
1.163966e-07,0.00645079
1.164466e-07,0.0074669
1.164966e-07,0.00664302
1.165466e-07,0.00351231
1.165966e-07,0.00197442
1.166466e-07,0.00296306
1.166966e-07,0.00664302
1.167466e-07,0.0114764
1.167966e-07,0.0217473
1.168466e-07,0.0308374
1.168966e-07,0.0219945
1.169466e-07,0.00461081
1.169966e-07,-0.00230971
1.170466e-07,0.00241382
1.170966e-07,0.0145797
1.171466e-07,0.0263336
1.171966e-07,0.0296565
1.172466e-07,0.0270201
1.172966e-07,0.0248231
1.173466e-07,0.0277616
1.173966e-07,0.0274595
1.174466e-07,0.0197426
1.174966e-07,0.0168865
1.175466e-07,0.0167217
1.175966e-07,0.0163922
1.176466e-07,0.0159253
1.176966e-07,0.00554453
1.177466e-07,-0.00453417
1.177966e-07,0.000106976
1.178466e-07,0.00732958
1.178966e-07,0.00689019
1.179466e-07,0.00859285
1.179966e-07,0.0169414
1.180466e-07,0.0212805
1.180966e-07,0.019413
1.181466e-07,0.0196053
1.181966e-07,0.0182596
1.182466e-07,0.00669795
1.182966e-07,-0.0081592
1.183466e-07,-0.0125532
1.183966e-07,-0.00689593
1.184466e-07,-0.00167808
1.184966e-07,-0.00159569
1.185466e-07,-0.00489118
1.185966e-07,-0.00862606
1.186466e-07,-0.0124433
1.186966e-07,-0.0116195
1.187466e-07,-0.00653892
1.187966e-07,-0.00741772
1.188466e-07,-0.00999918
1.188966e-07,-0.00799443
1.189466e-07,-0.00719802
1.189966e-07,-0.00445178
1.190466e-07,0.00617616
1.190966e-07,0.0140853
1.191466e-07,0.00944419
1.191966e-07,-0.000524659
1.192466e-07,-0.00843383
1.192966e-07,-0.0117019
1.193466e-07,-0.0101365
1.193966e-07,-0.00475387
1.194466e-07,0.000161901
1.194966e-07,-0.00631922
1.195466e-07,-0.0156564
1.195966e-07,-0.0112899
1.196466e-07,-0.00107391
1.196966e-07,0.00310038
1.197466e-07,0.00601139
1.197966e-07,0.0169414
1.198466e-07,0.0272398
1.198966e-07,0.0233676
1.199466e-07,0.013234
1.199966e-07,0.00823584
1.200466e-07,0.00529737
1.200966e-07,0.00191949
1.201466e-07,-0.000964057
1.201966e-07,-0.00469894
1.202466e-07,-0.00994426
1.202966e-07,-0.0142833
1.203466e-07,-0.0106034
1.203966e-07,-0.00167808
1.204466e-07,-0.000799283
1.204966e-07,-0.00486372
1.205466e-07,-0.0015133
1.205966e-07,0.00625855
1.206466e-07,0.008483
1.206966e-07,0.00430872
1.207466e-07,0.00233143
1.207966e-07,0.00721973
1.208466e-07,0.013948
1.208966e-07,0.0180674
1.209466e-07,0.0232852
1.209966e-07,0.0307825
1.210466e-07,0.0303705
1.210966e-07,0.0250703
1.211466e-07,0.0244112
1.211966e-07,0.0179575
1.212466e-07,0.00653317
1.212966e-07,0.00027175
1.213466e-07,0.00183711
1.213966e-07,0.0153211
1.214466e-07,0.0277616
1.214966e-07,0.0302881
1.215466e-07,0.030041
1.215966e-07,0.0248506
1.216466e-07,0.0195229
1.216966e-07,0.016502
1.217466e-07,0.00645079
1.217966e-07,-0.00228225
1.218466e-07,-0.00189778
1.218966e-07,0.000875923
1.219466e-07,0.00307291
1.219966e-07,0.00142517
1.220466e-07,0.000216825
1.220966e-07,0.00719227
1.221466e-07,0.0147994
1.221966e-07,0.0172984
1.222466e-07,0.0194405
1.222966e-07,0.019825
1.223466e-07,0.0160901
1.223966e-07,0.0191109
1.224466e-07,0.0249879
1.224966e-07,0.0199348
1.225466e-07,0.0106251
1.225966e-07,-0.00340821
1.226466e-07,-0.0175239
1.226966e-07,-0.012718
1.227466e-07,-0.00118376
1.227966e-07,0.00483051
1.228466e-07,0.0141952
1.228966e-07,0.0195229
1.229466e-07,0.0158429
1.229966e-07,0.0105427
1.230466e-07,0.00235889
1.230966e-07,-0.0067037
1.231466e-07,-0.00986187
1.231966e-07,-0.01302
1.232466e-07,-0.0244169
1.232966e-07,-0.0337267
1.233466e-07,-0.0254605
1.233966e-07,-0.00851621
1.234466e-07,-0.00390253
1.234966e-07,-0.00557774
1.235466e-07,0.00095831
1.235966e-07,0.00919703
1.236466e-07,0.0167766
1.236966e-07,0.0224888
1.237466e-07,0.021253
1.237966e-07,0.0234775
1.238466e-07,0.0292995
1.238966e-07,0.0252625
1.239466e-07,0.0131791
1.239966e-07,0.000326675
1.240466e-07,-0.0103562
1.240966e-07,-0.0160684
1.241466e-07,-0.0190892
1.241966e-07,-0.0281244
1.242466e-07,-0.032436
1.242966e-07,-0.0169197
1.243466e-07,-0.00598967
1.243966e-07,-0.0124983
1.244466e-07,-0.0168373
1.244966e-07,-0.0147502
1.245466e-07,-0.00785712
1.245966e-07,0.00307291
1.246466e-07,0.00612124
1.246966e-07,0.000518912
1.247466e-07,0.00164487
1.247966e-07,0.00587408
1.248466e-07,0.00461081
1.248966e-07,0.00859285
1.249466e-07,0.0150465
1.249966e-07,0.00963642
1.250466e-07,-0.00373776
1.250966e-07,-0.0096971
1.251466e-07,-0.0060446
1.251966e-07,-0.00728041
1.252466e-07,-0.0134594
1.252966e-07,-0.0138165
1.253466e-07,-0.012663
1.253966e-07,-0.0136517
1.254466e-07,-0.0118666
1.254966e-07,-0.0037103
1.255466e-07,0.00710988
1.255966e-07,0.0095815
1.256466e-07,0.00450096
1.256966e-07,0.000134438
1.257466e-07,-0.00368283
1.257966e-07,-0.00368283
1.258466e-07,-0.000497197
1.258966e-07,0.00115055
1.259466e-07,0.00145263
1.259966e-07,-0.0058249
1.260466e-07,-0.0126905
1.260966e-07,-0.0113174
1.261466e-07,-0.0116469
1.261966e-07,-0.00826905
1.262466e-07,-0.0019527
1.262966e-07,-0.00211748
1.263466e-07,0.00109562
1.263966e-07,0.00499528
1.264466e-07,0.0010407
1.264966e-07,0.000601299
1.265466e-07,0.00120547
1.265966e-07,-0.00717056
1.266466e-07,-0.0163979
1.266966e-07,-0.0191716
1.267466e-07,-0.0119765
1.267966e-07,-0.00206255
1.268466e-07,0.00169979
1.268966e-07,0.00944419
1.269466e-07,0.0191384
1.269966e-07,0.0170787
1.270466e-07,0.0101033
1.270966e-07,0.0089224
1.271466e-07,0.00842808
1.271966e-07,0.00804361
1.272466e-07,0.0175181
1.272966e-07,0.0288876
1.273466e-07,0.0316613
1.273966e-07,0.0340779
1.274466e-07,0.0327872
1.274966e-07,0.0174907
1.275466e-07,0.00628601
1.275966e-07,0.0133988
1.276466e-07,0.0191933
1.276966e-07,0.0160901
1.277466e-07,0.0129044
1.277966e-07,0.00941673
1.278466e-07,0.00996597
1.278966e-07,0.0119158
1.279466e-07,0.010323
1.279966e-07,0.0157605
1.280466e-07,0.0260315
1.280966e-07,0.0259765
1.281466e-07,0.0167492
1.281966e-07,0.00757675
1.282466e-07,0.00145263
1.282966e-07,0.00277083
1.283466e-07,0.0111194
1.283966e-07,0.0146346
1.284466e-07,0.0144698
1.284966e-07,0.0226811
1.285466e-07,0.028915
1.285966e-07,0.0202918
1.286466e-07,0.00700004
1.286966e-07,0.00246874
1.287466e-07,0.0052699
1.287966e-07,0.0111194
1.288466e-07,0.0214178
1.288966e-07,0.0252076
1.289466e-07,0.021665
1.289966e-07,0.0199897
1.290466e-07,0.0140304
1.290966e-07,0.0070275
1.291466e-07,-0.000524659
1.291966e-07,-0.00983441
1.292466e-07,-0.0102189
1.292966e-07,-0.00840636
1.293466e-07,-0.0118941
1.293966e-07,-0.011949
1.294466e-07,-0.009038
1.294966e-07,-0.00876338
1.295466e-07,-0.00318851
1.295966e-07,0.00760421
1.296466e-07,0.00908718
1.296966e-07,0.00277083
1.297466e-07,0.000601299
1.297966e-07,0.00477558
1.298466e-07,0.00749436
1.298966e-07,-0.000277498
1.299466e-07,-0.0099168
1.299966e-07,-0.0081592
1.300466e-07,-0.00351806
1.300966e-07,-0.00203509
1.301466e-07,0.00219412
1.301966e-07,0.00378694
1.302466e-07,-0.00403984
1.302966e-07,-0.0131024
1.303466e-07,-0.00890069
1.303966e-07,-0.00159569
1.304466e-07,-0.0021724
1.304966e-07,0.00985612
1.305466e-07,0.0285031
1.305966e-07,0.0325401
1.306466e-07,0.0321281
1.306966e-07,0.0293544
1.307466e-07,0.0195229
1.307966e-07,0.00985612
1.308466e-07,-0.0028315
1.308966e-07,-0.0189794
1.309466e-07,-0.0260098
1.309966e-07,-0.0256253
1.310466e-07,-0.020023
1.310966e-07,-0.00730787
1.311466e-07,0.00219412
1.311966e-07,0.0119707
1.312466e-07,0.0228458
1.312966e-07,0.0233676
1.313466e-07,0.0171611
1.313966e-07,0.00587408
1.314466e-07,-0.00546789
1.314966e-07,-0.00549535
1.315466e-07,-0.00107391
1.315966e-07,0.0010407
1.316466e-07,0.00708242
1.316966e-07,0.0199897
1.317466e-07,0.0324577
1.317966e-07,0.0334189
1.318466e-07,0.0245485
1.318966e-07,0.0173534
1.319466e-07,0.0129044
1.319966e-07,0.00406156
1.320466e-07,-0.00697832
1.320966e-07,-0.0092577
1.321466e-07,-0.00379268
1.321966e-07,-0.000442272
1.322466e-07,0.00153502
1.322966e-07,0.00430872
1.323466e-07,0.00829077
1.323966e-07,0.0146346
1.324466e-07,0.0179301
1.324966e-07,0.0133164
1.325466e-07,0.0035947
1.325966e-07,-0.00203509
1.326466e-07,-0.00244703
1.326966e-07,-0.00123868
1.327466e-07,0.00529737
1.327966e-07,0.008483
1.328466e-07,0.00960896
1.328966e-07,0.0264983
1.329466e-07,0.0402295
1.329966e-07,0.0331992
1.330466e-07,0.0258942
1.330966e-07,0.0209235
1.331466e-07,0.0133713
1.331966e-07,0.0147994
1.332466e-07,0.016914
1.332966e-07,0.0152388
1.333466e-07,0.0177104
1.333966e-07,0.00804361
1.334466e-07,-0.00612699
1.334966e-07,0.00191949
1.335466e-07,0.0127946
1.335966e-07,0.00642333
1.336466e-07,0.00158994
1.336966e-07,0.0105701
1.337466e-07,0.0166668
1.337966e-07,0.0124101
1.338466e-07,0.00853793
1.338966e-07,0.00927941
1.339466e-07,0.0128495
1.339966e-07,0.0145522
1.340466e-07,0.0171611
1.340966e-07,0.0228458
1.341466e-07,0.0213079
1.341966e-07,0.0171062
1.342466e-07,0.0219121
1.342966e-07,0.0246034
1.343466e-07,0.0196327
1.343966e-07,0.0209509
1.344466e-07,0.0268553
1.344966e-07,0.0292171
1.345466e-07,0.0284756
1.345966e-07,0.0224339
1.346466e-07,0.0186441
1.346966e-07,0.0212805
1.347466e-07,0.0210333
1.347966e-07,0.018699
1.348466e-07,0.0180674
1.348966e-07,0.0177928
1.349466e-07,0.0176554
1.349966e-07,0.0169414
1.350466e-07,0.0168041
1.350966e-07,0.0174083
1.351466e-07,0.0232578
1.351966e-07,0.0313866
1.352466e-07,0.0269927
1.352966e-07,0.0187814
1.353466e-07,0.0190011
1.353966e-07,0.0156507
1.354466e-07,0.00430872
1.354966e-07,-0.0047264
1.355466e-07,-0.0081592
1.355966e-07,-0.00862606
1.356466e-07,-0.0047264
1.356966e-07,0.00205681
1.357466e-07,0.0101307
1.357966e-07,0.0157056
1.358466e-07,0.00815346
1.358966e-07,-0.00291389
1.359466e-07,-0.00530311
1.359966e-07,-0.00708817
1.360466e-07,-0.00535804
1.360966e-07,0.000106976
1.361466e-07,0.00310038
1.361966e-07,0.00897733
1.362466e-07,0.0136734
1.362966e-07,0.0181498
1.363466e-07,0.0241091
1.363966e-07,0.020896
1.364466e-07,0.0144423
1.364966e-07,0.0126573
1.365466e-07,0.00996597
1.365966e-07,0.0087027
1.366466e-07,0.0127671
1.366966e-07,0.0161725
1.367466e-07,0.0167217
1.367966e-07,0.0187265
1.368466e-07,0.0198524
1.368966e-07,0.0162274
1.369466e-07,0.0121904
1.369966e-07,0.0122728
1.370466e-07,0.0122454
1.370966e-07,0.00864778
1.371466e-07,0.00469319
1.371966e-07,0.00364962
1.372466e-07,0.00452842
1.372966e-07,0.0010407
1.373466e-07,-0.000250035
1.373966e-07,0.00952657
1.374466e-07,0.0141403
1.374966e-07,0.0126847
1.375466e-07,0.0196877
1.375966e-07,0.0229557
1.376466e-07,0.0166393
1.376966e-07,0.0140579
1.377466e-07,0.0139206
1.377966e-07,0.00807107
1.378466e-07,0.00263352
1.378966e-07,0.0044735
1.379466e-07,0.00919703
1.379966e-07,0.0152662
1.380466e-07,0.0197426
1.380966e-07,0.0222966
1.381466e-07,0.0266356
1.381966e-07,0.0179301
1.382466e-07,-0.00107391
1.382966e-07,-0.00936755
1.383466e-07,-0.00966963
1.383966e-07,-0.0032709
1.384466e-07,0.00353977
1.384966e-07,0.00235889
1.385466e-07,0.00793376
1.385966e-07,0.0189187
1.386466e-07,0.0215002
1.386966e-07,0.0200447
1.387466e-07,0.0192483
1.387966e-07,0.0205115
1.388466e-07,0.0195229
1.388966e-07,0.0133713
1.389466e-07,0.0137009
1.389966e-07,0.0199897
1.390466e-07,0.0211432
1.390966e-07,0.0202369
1.391466e-07,0.0205115
1.391966e-07,0.0129594
1.392466e-07,-0.000579584
1.392966e-07,-0.00686847
1.393466e-07,-0.00766488
1.393966e-07,-0.00126614
1.394466e-07,0.016145
1.394966e-07,0.0222966
1.395466e-07,0.0126573
1.395966e-07,0.011751
1.396466e-07,0.0148268
1.396966e-07,0.00529737
1.397466e-07,-0.00357298
1.397966e-07,-0.000909132
1.398466e-07,0.00694511
1.398966e-07,0.0171886
1.399466e-07,0.026004
1.399966e-07,0.0263336
1.400466e-07,0.0174083
1.400966e-07,0.0105152
1.401466e-07,0.015074
1.401966e-07,0.0184519
1.402466e-07,0.0128221
1.402966e-07,0.00818092
1.403466e-07,0.00837315
1.403966e-07,0.0113666
1.404466e-07,0.0149092
1.404966e-07,0.0185068
1.405466e-07,0.0202644
1.405966e-07,0.0156507
1.406466e-07,0.0122454
1.406966e-07,0.0157331
1.407466e-07,0.0111743
1.407966e-07,-0.00294135
1.408466e-07,-0.00571505
1.408966e-07,0.00364962
1.409466e-07,0.00801614
1.409966e-07,0.00645079
1.410466e-07,0.00768659
1.410966e-07,0.0107624
1.411466e-07,0.0102406
1.411966e-07,0.00771406
1.412466e-07,0.0127946
1.412966e-07,0.0208685
1.413466e-07,0.0197151
1.413966e-07,0.0199348
1.414466e-07,0.0241091
1.414966e-07,0.020182
1.415466e-07,0.0135361
1.415966e-07,0.0114764
1.416466e-07,0.0114764
1.416966e-07,0.0105701
1.417466e-07,0.0101033
1.417966e-07,0.00905971
1.418466e-07,-0.000661971
1.418966e-07,-0.0121138
1.419466e-07,-0.00799443
1.419966e-07,-0.000799283
1.420466e-07,-0.00678608
1.420966e-07,-0.00741772
1.421466e-07,0.000573836
1.421966e-07,0.00345739
1.422466e-07,0.00716481
1.422966e-07,0.0122728
1.423466e-07,0.0116137
1.423966e-07,0.00502274
1.424466e-07,0.00101323
1.424966e-07,0.00496782
1.425466e-07,0.00625855
1.425966e-07,-0.0015133
1.426466e-07,-0.00675862
1.426966e-07,-0.00414969
1.427466e-07,-0.00198017
1.427966e-07,-0.00189778
1.428466e-07,-0.00505595
1.428966e-07,-0.00637415
1.429466e-07,0.00128786
1.429966e-07,0.00603885
1.430466e-07,0.00741197
1.430966e-07,0.0150465
1.431466e-07,0.0236148
1.431966e-07,0.0282559
1.432466e-07,0.02529
1.432966e-07,0.0186715
1.433466e-07,0.0177653
1.433966e-07,0.0115313
1.434466e-07,-0.00272165
1.434966e-07,-0.00653892
1.435466e-07,0.00101323
1.435966e-07,0.008483
1.436466e-07,0.0133164
1.436966e-07,0.0189736
1.437466e-07,0.0280088
1.437966e-07,0.0298213
1.438466e-07,0.0148817
1.438966e-07,-0.00030496
1.439466e-07,-0.00475387
1.439966e-07,-0.00686847
1.440466e-07,-0.0104935
1.440966e-07,-0.0149424
1.441466e-07,-0.0118666
1.441966e-07,-0.000359885
1.442466e-07,0.00483051
1.442966e-07,0.00441857
1.443466e-07,0.00661556
1.443966e-07,0.00510513
1.444466e-07,0.00117801
1.444966e-07,0.00120547
1.445466e-07,-0.00156823
1.445966e-07,0.00216665
1.446466e-07,0.018342
1.446966e-07,0.020182
1.447466e-07,0.0119158
1.447966e-07,0.0149916
1.448466e-07,0.0192757
1.448966e-07,0.0218297
1.449466e-07,0.0224614
1.449966e-07,0.0115863
1.450466e-07,-0.00895561
1.450966e-07,-0.0210391
1.451466e-07,-0.0163705
1.451966e-07,-0.0187597
1.452466e-07,-0.0274103
1.452966e-07,-0.017469
1.453466e-07,-0.00088167
1.453966e-07,0.00713735
1.454466e-07,0.0124101
1.454966e-07,0.0132889
1.455466e-07,0.00859285
1.455966e-07,0.0129319
1.456466e-07,0.0258392
1.456966e-07,0.0215551
1.457466e-07,0.00727466
1.457966e-07,0.00730212
1.458466e-07,0.0091421
1.458966e-07,0.00669795
1.459466e-07,0.00408902
1.459966e-07,-0.00280404
1.460466e-07,-0.00923024
1.460966e-07,-0.0157114
1.461466e-07,-0.0232635
1.461966e-07,-0.02763
1.462466e-07,-0.0283715
1.462966e-07,-0.0208194
1.463466e-07,-0.00428701
1.463966e-07,0.0101033
1.464466e-07,0.0171337
1.464966e-07,0.0174357
1.465466e-07,0.0105701
1.465966e-07,0.00219412
1.466466e-07,-0.00269419
1.466966e-07,-0.00659385
1.467466e-07,-0.0145579
1.467966e-07,-0.0208468
1.468466e-07,-0.0110977
1.468966e-07,0.00727466
1.469466e-07,0.012163
1.469966e-07,0.0044735
1.470466e-07,-0.00189778
1.470966e-07,-0.00143092
1.471466e-07,0.00386932
1.471966e-07,0.0035947
1.472466e-07,-0.00088167
1.472966e-07,0.00285321
1.473466e-07,0.0102131
1.473966e-07,0.0112842
1.474466e-07,0.00384186
1.474966e-07,-0.00393
1.475466e-07,-0.00373776
1.475966e-07,-0.0053855
1.476466e-07,-0.0142833
1.476966e-07,-0.0171394
1.477466e-07,-0.00912039
1.477966e-07,-0.00563266
1.478466e-07,-0.00530311
1.478966e-07,0.00672541
1.479466e-07,0.0150191
1.479966e-07,0.00790629
1.480466e-07,0.0052699
1.480966e-07,0.00982866
1.481466e-07,0.0109546
1.481966e-07,0.015788
1.482466e-07,0.0187265
1.482966e-07,0.0133713
1.483466e-07,0.013948
1.483966e-07,0.0191109
1.484466e-07,0.0208411
1.484966e-07,0.02161
1.485466e-07,0.0219121
1.485966e-07,0.0222142
1.486466e-07,0.0225163
1.486966e-07,0.0214178
1.487466e-07,0.0158429
1.487966e-07,0.0091421
1.488466e-07,0.0114764
1.488966e-07,0.0193856
1.489466e-07,0.0209235
1.489966e-07,0.0183145
1.490466e-07,0.0184793
1.490966e-07,0.0191109
1.491466e-07,0.0223515
1.491966e-07,0.0254822
1.492466e-07,0.0193306
1.492966e-07,0.00991105
1.493466e-07,0.00213919
1.493966e-07,-0.00272165
1.494466e-07,-0.0032709
1.494966e-07,-0.00662131
1.495466e-07,-0.00728041
1.495966e-07,0.00202934
1.496466e-07,0.00763167
1.496966e-07,0.00202934
1.497466e-07,-0.00384761
1.497966e-07,-0.00121122
1.498466e-07,0.00430872
1.498966e-07,0.00845554
1.499466e-07,0.0104878
1.499966e-07,0.00178218
1.500466e-07,-0.0105484
1.500966e-07,-0.0134594
1.501466e-07,-0.0134045
1.501966e-07,-0.0129102
1.502466e-07,-0.00964217
1.502966e-07,-0.00640161
1.503466e-07,-0.0026118
1.503966e-07,0.00299053
1.504466e-07,0.00653317
1.504966e-07,0.00356724
1.505466e-07,-0.000661971
1.505966e-07,-0.00730787
1.506466e-07,-0.0162057
1.506966e-07,-0.0120863
1.507466e-07,-0.00760996
1.507966e-07,-0.0150248
1.508466e-07,-0.0171394
1.508966e-07,-0.00788458
1.509466e-07,0.00348485
1.509966e-07,-0.000277498
1.510466e-07,-0.0149699
1.510966e-07,-0.0177161
1.511466e-07,-0.00901054
1.511966e-07,0.00408902
1.512466e-07,0.016502
1.512966e-07,0.019468
1.513466e-07,0.0175731
1.513966e-07,0.0162274
1.514466e-07,0.0137009
1.514966e-07,0.01436
1.515466e-07,0.0175456
1.515966e-07,0.0180948
1.516466e-07,0.0182322
1.516966e-07,0.0185068
1.517466e-07,0.0165844
1.517966e-07,0.016145
1.518466e-07,0.0212805
1.518966e-07,0.0259491
1.519466e-07,0.0188912
1.519966e-07,0.00581915
1.520466e-07,0.0022765
1.520966e-07,0.00903225
1.521466e-07,0.0140029
1.521966e-07,0.00716481
1.522466e-07,-0.00280404
1.522966e-07,-0.00601714
1.523466e-07,-0.00714309
1.523966e-07,-0.00818667
1.524466e-07,-0.0120863
1.524966e-07,-0.0193364
1.525466e-07,-0.0192815
1.525966e-07,-0.00958725
1.526466e-07,0.000573836
1.526966e-07,0.00502274
1.527466e-07,0.00411648
1.527966e-07,-0.000689433
1.528466e-07,-0.00664877
1.528966e-07,-0.00143092
1.529466e-07,0.00966389
1.529966e-07,0.00466573
1.530466e-07,-0.00285896
1.530966e-07,-0.000854208
1.531466e-07,-0.00387507
1.531966e-07,-0.00766488
1.532466e-07,-0.00914785
1.532966e-07,-0.0135693
1.533466e-07,-0.0151346
1.533966e-07,-0.0142284
1.534466e-07,-0.0117568
1.534966e-07,-0.00513834
1.535466e-07,0.00400663
1.535966e-07,0.011806
1.536466e-07,0.011037
1.536966e-07,0.00765913
1.537466e-07,0.0116961
1.537966e-07,0.0151014
1.538466e-07,0.0114215
1.538966e-07,0.00966389
1.539466e-07,0.0152937
1.539966e-07,0.0184793
1.540466e-07,0.0137009
1.540966e-07,0.00785137
1.541466e-07,0.00752182
1.541966e-07,0.0091421
1.542466e-07,0.00878509
1.542966e-07,0.0105152
1.543466e-07,0.0124925
1.543966e-07,0.0127397
1.544466e-07,0.0149641
1.544966e-07,0.0198524
1.545466e-07,0.0237796
1.545966e-07,0.024933
1.546466e-07,0.0259491
1.546966e-07,0.0277341
1.547466e-07,0.0266906
1.547966e-07,0.0186441
1.548466e-07,0.00911464
1.548966e-07,0.00721973
1.549466e-07,0.00787883
1.549966e-07,0.00916956
1.550466e-07,0.0122454
1.550966e-07,0.00867524
1.551466e-07,0.00628601
1.551966e-07,0.0112842
1.552466e-07,0.015074
1.552966e-07,0.0187814
1.553466e-07,0.0218846
1.553966e-07,0.0168865
1.554466e-07,0.00524244
1.554966e-07,-2.87366e-06
1.555466e-07,0.00384186
1.555966e-07,0.00845554
1.556466e-07,0.0108173
1.556966e-07,0.00944419
1.557466e-07,0.0101307
1.557966e-07,0.0149367
1.558466e-07,0.0130692
1.558966e-07,0.0104328
1.559466e-07,0.016859
1.559966e-07,0.0187539
1.560466e-07,0.00760421
1.560966e-07,-0.00313359
1.561466e-07,-0.00126614
1.561966e-07,0.00433618
1.562466e-07,0.00400663
1.562966e-07,0.00496782
1.563466e-07,0.0113116
1.563966e-07,0.0174632
1.564466e-07,0.0180125
1.564966e-07,0.0162549
1.565466e-07,0.016914
1.565966e-07,0.0152388
1.566466e-07,0.0119982
1.566966e-07,0.0115039
1.567466e-07,0.0109546
1.567966e-07,0.00787883
1.568466e-07,0.00927941
1.568966e-07,0.0214453
1.569466e-07,0.0272124
1.569966e-07,0.0171611
1.570466e-07,0.0113116
1.570966e-07,0.012877
1.571466e-07,0.0095815
1.571966e-07,0.00342992
1.572466e-07,-0.00266673
1.572966e-07,-0.00549535
1.573466e-07,-0.0015133
1.573966e-07,-0.000112723
1.574466e-07,-0.000964057
1.574966e-07,0.00634094
1.575466e-07,0.015431
1.575966e-07,0.0251527
1.576466e-07,0.0314141
1.576966e-07,0.0202094
1.577466e-07,0.0121355
1.577966e-07,0.0155958
1.578466e-07,0.0109272
1.578966e-07,0.0102955
1.579466e-07,0.0197426
1.579966e-07,0.018699
1.580466e-07,0.00689019
1.580966e-07,0.00142517
1.581466e-07,0.000244288
1.581966e-07,-0.00659385
1.582466e-07,-0.0159036
1.582966e-07,-0.0261745
1.583466e-07,-0.0296073
1.583966e-07,-0.0216707
1.584466e-07,-0.013789
1.584966e-07,-0.00225479
1.585466e-07,0.0141677
1.585966e-07,0.0185617
1.586466e-07,0.0105427
1.586966e-07,0.00307291
1.587466e-07,-0.00112883
1.587966e-07,-0.00892815
1.588466e-07,-0.015629
1.588966e-07,-0.0110702
1.589466e-07,-0.00681355
1.589966e-07,-0.00728041
1.590466e-07,-0.00576998
1.590966e-07,-0.00697832
1.591466e-07,-0.00796697
1.591966e-07,-0.0088183
1.592466e-07,-0.0146953
1.592966e-07,-0.0159036
1.593466e-07,-0.00986187
1.593966e-07,-0.00417716
1.594466e-07,-0.00406731
1.594966e-07,-0.00593475
1.595466e-07,0.000189363
1.595966e-07,0.00568184
1.596466e-07,0.00384186
