LECROYWR640Zi,59892,Waveform
Segments,1,SegmentSize,4002
Segment,TrigTime,TimeSinceSegment1
#1,01-Nov-2023 13:36:57,0                 
Time,Ampl
-4.042294e-08,-0.0110702
-4.037294e-08,-0.0161233
-4.032294e-08,-0.0192815
-4.027294e-08,-0.0079395
-4.022294e-08,0.00326515
-4.017294e-08,0.00408902
-4.012294e-08,0.00656064
-4.007294e-08,0.0168316
-4.002294e-08,0.0274321
-3.997294e-08,0.0352314
-3.992294e-08,0.0400373
-3.987294e-08,0.0384994
-3.982294e-08,0.0326774
-3.977294e-08,0.0196877
-3.972294e-08,0.00109562
-3.967294e-08,-0.00884576
-3.962294e-08,-0.00566013
-3.957294e-08,0.00208427
-3.952294e-08,0.00557199
-3.947294e-08,0.00933434
-3.942294e-08,0.0147994
-3.937294e-08,0.01252
-3.932294e-08,0.0120806
-3.927294e-08,0.0179301
-3.922294e-08,0.0150465
-3.917294e-08,0.00554453
-3.912294e-08,-0.00134853
-3.907294e-08,-0.00530311
-3.902294e-08,-0.00272165
-3.897294e-08,0.00342992
-3.892294e-08,0.00268844
-3.887294e-08,-0.000250035
-3.882294e-08,0.00211173
-3.877294e-08,0.00568184
-3.872294e-08,0.00749436
-3.867294e-08,0.00639586
-3.862294e-08,0.00710988
-3.857294e-08,0.0115313
-3.852294e-08,0.0107898
-3.847294e-08,0.00573677
-3.842294e-08,0.00807107
-3.837294e-08,0.0163647
-3.832294e-08,0.0193032
-3.827294e-08,0.0209235
-3.822294e-08,0.0207038
-3.817294e-08,0.014305
-3.812294e-08,0.0145522
-3.807294e-08,0.0154035
-3.802294e-08,0.00710988
-3.797294e-08,0.00450096
-3.792294e-08,0.0124651
-3.787294e-08,0.0186166
-3.782294e-08,0.017216
-3.777294e-08,0.00656064
-3.772294e-08,-0.00708817
-3.767294e-08,-0.00607206
-3.762294e-08,0.000134438
-3.757294e-08,-0.00598967
-3.752294e-08,-0.0123609
-3.747294e-08,-0.0119765
-3.742294e-08,-0.0110153
-3.737294e-08,-0.00736279
-3.732294e-08,0.000738611
-3.727294e-08,0.00356724
-3.722294e-08,-0.0028315
-3.717294e-08,-0.009038
-3.712294e-08,-0.0150248
-3.707294e-08,-0.0182104
-3.702294e-08,-0.00986187
-3.697294e-08,-0.000167648
-3.692294e-08,-0.00230971
-3.687294e-08,-0.00854368
-3.682294e-08,-0.00563266
-3.677294e-08,0.0012604
-3.672294e-08,0.00774152
-3.667294e-08,0.0164196
-3.662294e-08,0.0172435
-3.657294e-08,0.0109272
-3.652294e-08,0.00960896
-3.647294e-08,0.00620363
-3.642294e-08,-0.00607206
-3.637294e-08,-0.0163155
-3.632294e-08,-0.0183477
-3.627294e-08,-0.0132947
-3.622294e-08,-0.00450671
-3.617294e-08,0.000930848
-3.612294e-08,0.00466573
-3.607294e-08,0.00749436
-3.602294e-08,0.00266098
-3.597294e-08,-0.00318851
-3.592294e-08,-0.00568759
-3.587294e-08,-0.0100541
-3.582294e-08,-0.00854368
-3.577294e-08,0.00274337
-3.572294e-08,0.0118609
-3.567294e-08,0.0127671
-3.562294e-08,0.0141952
-3.557294e-08,0.0198524
-3.552294e-08,0.0201545
-3.547294e-08,0.0148817
-3.542294e-08,0.00991105
-3.537294e-08,0.00634094
-3.532294e-08,0.00941673
-3.527294e-08,0.011751
-3.522294e-08,0.00172726
-3.517294e-08,-0.0106583
-3.512294e-08,-0.0156015
-3.507294e-08,-0.0143382
-3.502294e-08,-0.00909292
-3.497294e-08,-0.00596221
-3.492294e-08,-0.00848875
-3.487294e-08,-0.0123884
-3.482294e-08,-0.0140087
-3.477294e-08,-0.0134045
-3.472294e-08,-0.0148326
-3.467294e-08,-0.018128
-3.462294e-08,-0.0144481
-3.457294e-08,-0.000332422
-3.452294e-08,0.0140579
-3.447294e-08,0.0186166
-3.442294e-08,0.0210333
-3.437294e-08,0.0281461
-3.432294e-08,0.0332266
-3.427294e-08,0.0337759
-3.422294e-08,0.0299037
-3.417294e-08,0.0194954
-3.412294e-08,0.00642333
-3.407294e-08,-0.00307866
-3.402294e-08,-0.00865353
-3.397294e-08,-0.0153269
-3.392294e-08,-0.0212588
-3.387294e-08,-0.0142284
-3.382294e-08,0.000216825
-3.377294e-08,0.00864778
-3.372294e-08,0.011751
-3.367294e-08,0.00765913
-3.362294e-08,0.000409062
-3.357294e-08,-0.00154077
-3.352294e-08,-0.00329836
-3.347294e-08,-0.00642907
-3.342294e-08,-0.00209002
-3.337294e-08,0.00675287
-3.332294e-08,0.00697257
-3.327294e-08,0.00134278
-3.322294e-08,0.00601139
-3.317294e-08,0.016914
-3.312294e-08,0.0125749
-3.307294e-08,0.00027175
-3.302294e-08,0.00436365
-3.297294e-08,0.0140853
-3.292294e-08,0.00469319
-3.287294e-08,-0.00977948
-3.282294e-08,-0.00351806
-3.277294e-08,0.0162823
-3.272294e-08,0.0238894
-3.267294e-08,0.0158429
-3.262294e-08,0.0189462
-3.257294e-08,0.0336935
-3.252294e-08,0.0288052
-3.247294e-08,0.00809853
-3.242294e-08,-0.00247449
-3.237294e-08,-0.00176047
-3.232294e-08,-0.00244703
-3.227294e-08,-0.0138165
-3.222294e-08,-0.0277673
-3.217294e-08,-0.0294426
-3.212294e-08,-0.0217256
-3.207294e-08,-0.0148051
-3.202294e-08,-0.00912039
-3.197294e-08,0.00353977
-3.192294e-08,0.02161
-3.187294e-08,0.031112
-3.182294e-08,0.0276243
-3.177294e-08,0.0186715
-3.172294e-08,0.0151838
-3.167294e-08,0.020539
-3.162294e-08,0.0208136
-3.157294e-08,0.0129319
-3.152294e-08,0.00579169
-3.147294e-08,-0.000799283
-3.142294e-08,-0.00579744
-3.137294e-08,-0.0137341
-3.132294e-08,-0.0220277
-3.127294e-08,-0.0210116
-3.122294e-08,-0.0170845
-3.117294e-08,-0.0120589
-3.112294e-08,-0.00365537
-3.107294e-08,0.0029356
-3.102294e-08,0.00661556
-3.097294e-08,0.00559945
-3.092294e-08,-0.00121122
-3.087294e-08,-0.00868099
-3.082294e-08,-0.0142559
-3.077294e-08,-0.0190892
-3.072294e-08,-0.0249936
-3.067294e-08,-0.0234283
-3.062294e-08,-0.0105484
-3.057294e-08,-0.00428701
-3.052294e-08,-0.00486372
-3.047294e-08,0.00101323
-3.042294e-08,0.00463827
-3.037294e-08,5.20511e-05
-3.032294e-08,-0.00209002
-3.027294e-08,0.00480304
-3.022294e-08,0.0132889
-3.017294e-08,0.0139206
-3.012294e-08,0.0139206
-3.007294e-08,0.0153211
-3.002294e-08,0.00815346
-2.997294e-08,0.00304545
-2.992294e-08,0.00345739
-2.987294e-08,0.00095831
-2.982294e-08,0.00444603
-2.977294e-08,0.00933434
-2.972294e-08,0.00351231
-2.967294e-08,-0.00500103
-2.962294e-08,-0.00824159
-2.957294e-08,-0.00585236
-2.952294e-08,-0.00159569
-2.947294e-08,-0.00104644
-2.942294e-08,-0.00107391
-2.937294e-08,0.00260605
-2.932294e-08,0.00584661
-2.927294e-08,0.00749436
-2.922294e-08,0.00851047
-2.917294e-08,0.00672541
-2.912294e-08,0.00678034
-2.907294e-08,0.0108448
-2.902294e-08,0.0119982
-2.897294e-08,0.00952657
-2.892294e-08,0.00820838
-2.887294e-08,0.00480304
-2.882294e-08,-0.00480879
-2.877294e-08,-0.0140636
-2.872294e-08,-0.0118392
-2.867294e-08,0.00238635
-2.862294e-08,0.0170787
-2.857294e-08,0.0230655
-2.852294e-08,0.0203193
-2.847294e-08,0.0176554
-2.842294e-08,0.0182596
-2.837294e-08,0.0136734
-2.832294e-08,0.00595646
-2.827294e-08,0.00373201
-2.822294e-08,0.00439111
-2.817294e-08,0.00609378
-2.812294e-08,0.0129594
-2.807294e-08,0.0180399
-2.802294e-08,0.0152937
-2.797294e-08,0.0138931
-2.792294e-08,0.0128495
-2.787294e-08,0.00716481
-2.782294e-08,0.00774152
-2.777294e-08,0.00782391
-2.772294e-08,-0.00480879
-2.767294e-08,-0.0081592
-2.762294e-08,0.00312784
-2.757294e-08,0.0042538
-2.752294e-08,-0.00401238
-2.747294e-08,-0.00673116
-2.742294e-08,-0.00810428
-2.737294e-08,-0.0142833
-2.732294e-08,-0.0174964
-2.727294e-08,-0.0159311
-2.722294e-08,-0.0149973
-2.717294e-08,-0.0103287
-2.712294e-08,-0.00313359
-2.707294e-08,-0.000387347
-2.702294e-08,0.00406156
-2.697294e-08,0.0132615
-2.692294e-08,0.0185342
-2.687294e-08,0.0184519
-2.682294e-08,0.015074
-2.677294e-08,0.00831823
-2.672294e-08,0.00639586
-2.667294e-08,0.0121904
-2.662294e-08,0.0120531
-2.657294e-08,0.00373201
-2.652294e-08,0.00222158
-2.647294e-08,0.00831823
-2.642294e-08,0.0100484
-2.637294e-08,0.0120806
-2.632294e-08,0.0210882
-2.627294e-08,0.0210059
-2.622294e-08,0.00971881
-2.617294e-08,0.00672541
-2.612294e-08,0.00834569
-2.607294e-08,0.0038144
-2.602294e-08,0.000244288
-2.597294e-08,0.00109562
-2.592294e-08,0.00472066
-2.587294e-08,0.00878509
-2.582294e-08,0.01068
-2.577294e-08,0.00985612
-2.572294e-08,0.00798868
-2.567294e-08,0.0176829
-2.562294e-08,0.0330893
-2.557294e-08,0.0313592
-2.552294e-08,0.0232303
-2.547294e-08,0.0183695
-2.542294e-08,0.00623109
-2.537294e-08,-0.00250195
-2.532294e-08,-0.00198017
-2.527294e-08,-0.00206255
-2.522294e-08,0.00277083
-2.517294e-08,0.0133438
-2.512294e-08,0.0155683
-2.507294e-08,0.00999344
-2.502294e-08,0.00664302
-2.497294e-08,0.00540722
-2.492294e-08,0.0052699
-2.487294e-08,0.000326675
-2.482294e-08,-0.0144481
-2.477294e-08,-0.0235381
-2.472294e-08,-0.0220002
-2.467294e-08,-0.0165902
-2.462294e-08,-0.0116195
-2.457294e-08,-0.0174415
-2.452294e-08,-0.0236755
-2.447294e-08,-0.0220277
-2.442294e-08,-0.0190343
-2.437294e-08,-0.00645653
-2.432294e-08,0.0057093
-2.427294e-08,0.00518752
-2.422294e-08,0.00546214
-2.417294e-08,0.00375947
-2.412294e-08,-0.00390253
-2.407294e-08,-0.0069234
-2.402294e-08,-0.00909292
-2.397294e-08,-0.0125257
-2.392294e-08,-0.0154642
-2.387294e-08,-0.0201603
-2.382294e-08,-0.0110428
-2.377294e-08,0.0130692
-2.372294e-08,0.0270476
-2.367294e-08,0.0311669
-2.362294e-08,0.0335836
-2.357294e-08,0.0299586
-2.352294e-08,0.0243563
-2.347294e-08,0.0163647
-2.342294e-08,0.0108722
-2.337294e-08,0.016859
-2.332294e-08,0.0192483
-2.327294e-08,0.00628601
-2.322294e-08,-0.0092577
-2.317294e-08,-0.0112899
-2.312294e-08,-0.00637415
-2.307294e-08,-0.0069234
-2.302294e-08,-0.00513834
-2.297294e-08,-0.00398492
-2.292294e-08,-0.00725294
-2.287294e-08,-0.00620937
-2.282294e-08,-0.00719802
-2.277294e-08,-0.00566013
-2.272294e-08,0.00505021
-2.267294e-08,0.00697257
-2.262294e-08,-0.00299627
-2.257294e-08,-0.00972456
-2.252294e-08,-0.00736279
-2.247294e-08,-0.00219986
-2.242294e-08,-0.00467148
-2.237294e-08,-0.0123609
-2.232294e-08,-0.0145854
-2.227294e-08,-0.0111801
-2.222294e-08,-0.0100816
-2.217294e-08,-0.0146129
-2.212294e-08,-0.0166176
-2.207294e-08,-0.0099168
-2.202294e-08,-0.00343567
-2.197294e-08,-0.000607046
-2.192294e-08,0.00268844
-2.187294e-08,0.00128786
-2.182294e-08,-0.00112883
-2.177294e-08,0.000491449
-2.172294e-08,-0.00181539
-2.167294e-08,-0.0101914
-2.162294e-08,-0.0224122
-2.157294e-08,-0.0302115
-2.152294e-08,-0.0253232
-2.147294e-08,-0.017826
-2.142294e-08,-0.0162606
-2.137294e-08,-0.0148326
-2.132294e-08,-0.012306
-2.127294e-08,-0.010109
-2.122294e-08,-0.00587982
-2.117294e-08,-0.00294135
-2.112294e-08,0.00551707
-2.107294e-08,0.0239443
-2.102294e-08,0.0280911
-2.097294e-08,0.0122728
-2.092294e-08,0.000711148
-2.087294e-08,-0.00307866
-2.082294e-08,-0.0102189
-2.077294e-08,-0.0167275
-2.072294e-08,-0.0133771
-2.067294e-08,-0.00511088
-2.062294e-08,-0.00519326
-2.057294e-08,-0.00934009
-2.052294e-08,-0.00406731
-2.047294e-08,0.000903385
-2.042294e-08,-0.00099152
-2.037294e-08,0.00521498
-2.032294e-08,0.0154859
-2.027294e-08,0.0196327
-2.022294e-08,0.0190286
-2.017294e-08,0.0128495
-2.012294e-08,0.0095815
-2.007294e-08,0.0116961
-2.002294e-08,0.0113666
-1.997294e-08,0.00505021
-1.992294e-08,-0.0051658
-1.987294e-08,-0.00876338
-1.982294e-08,-0.00750011
-1.977294e-08,-0.0100816
-1.972294e-08,-0.0139538
-1.967294e-08,-0.0145579
-1.962294e-08,-0.0123884
-1.957294e-08,-0.0161233
-1.952294e-08,-0.0206821
-1.947294e-08,-0.0124159
-1.942294e-08,-0.00332582
-1.937294e-08,-0.00730787
-1.932294e-08,-0.0112625
-1.927294e-08,-0.00535804
-1.922294e-08,0.000793536
-1.917294e-08,0.00367709
-1.912294e-08,0.00543468
-1.907294e-08,0.00400663
-1.902294e-08,0.00364962
-1.897294e-08,0.00466573
-1.892294e-08,0.00691765
-1.887294e-08,0.0157605
-1.882294e-08,0.0181498
-1.877294e-08,0.0114489
-1.872294e-08,0.0128495
-1.867294e-08,0.0163647
-1.862294e-08,0.0115039
-1.857294e-08,0.00277083
-1.852294e-08,-0.000661971
-1.847294e-08,0.000189363
-1.842294e-08,-0.00802189
-1.837294e-08,-0.0151346
-1.832294e-08,-0.00966963
-1.827294e-08,-0.00571505
-1.822294e-08,-0.00107391
-1.817294e-08,0.00667049
-1.812294e-08,0.00150756
-1.807294e-08,-0.00642907
-1.802294e-08,-0.00134853
-1.797294e-08,0.00164487
-1.792294e-08,-0.00744518
-1.787294e-08,-0.0120589
-1.782294e-08,0.00120547
-1.777294e-08,0.0128221
-1.772294e-08,0.00834569
-1.767294e-08,0.00452842
-1.762294e-08,0.00565438
-1.757294e-08,0.003375
-1.752294e-08,-0.00343567
-1.747294e-08,-0.006484
-1.742294e-08,-0.00176047
-1.737294e-08,-0.00288642
-1.732294e-08,-0.0100541
-1.727294e-08,-0.00961471
-1.722294e-08,-0.00851621
-1.717294e-08,-0.0123609
-1.712294e-08,-0.00637415
-1.707294e-08,0.0057093
-1.702294e-08,0.00634094
-1.697294e-08,0.0029356
-1.692294e-08,0.0091421
-1.687294e-08,0.0137558
-1.682294e-08,0.00623109
-1.677294e-08,-0.000744358
-1.672294e-08,-0.000607046
-1.667294e-08,-0.00019511
-1.662294e-08,0.00178218
-1.657294e-08,0.00999344
-1.652294e-08,0.0205665
-1.647294e-08,0.0242739
-1.642294e-08,0.0195503
-1.637294e-08,0.0122454
-1.632294e-08,0.00634094
-1.627294e-08,0.00411648
-1.622294e-08,0.000354137
-1.617294e-08,-0.0092577
-1.612294e-08,-0.0138165
-1.607294e-08,-0.0107956
-1.602294e-08,-0.0118941
-1.597294e-08,-0.0163979
-1.592294e-08,-0.0144206
-1.587294e-08,-0.00505595
-1.582294e-08,-0.000936595
-1.577294e-08,-0.00439686
-1.572294e-08,-0.00206255
-1.567294e-08,0.00123293
-1.562294e-08,0.00142517
-1.557294e-08,0.00749436
-1.552294e-08,0.0119158
-1.547294e-08,0.00716481
-1.542294e-08,0.00441857
-1.537294e-08,0.0120531
-1.532294e-08,0.0209509
-1.527294e-08,0.0216375
-1.522294e-08,0.014717
-1.517294e-08,0.00853793
-1.512294e-08,0.00999344
-1.507294e-08,0.00991105
-1.502294e-08,0.00194696
-1.497294e-08,-0.00741772
-1.492294e-08,-0.0117019
-1.487294e-08,-0.0148875
-1.482294e-08,-0.0206821
-1.477294e-08,-0.0156015
-1.472294e-08,-0.00176047
-1.467294e-08,0.00433618
-1.462294e-08,0.00496782
-1.457294e-08,0.0105152
-1.452294e-08,0.0182322
-1.447294e-08,0.0148817
-1.442294e-08,0.0040341
-1.437294e-08,5.20511e-05
-1.432294e-08,0.00161741
-1.427294e-08,0.00807107
-1.422294e-08,0.0200447
-1.417294e-08,0.0233127
-1.412294e-08,0.0202094
-1.407294e-08,0.0262786
-1.402294e-08,0.0324302
-1.397294e-08,0.0263336
-1.392294e-08,0.0127397
-1.387294e-08,-0.000552121
-1.382294e-08,-0.0104386
-1.377294e-08,-0.0139538
-1.372294e-08,-0.00988933
-1.367294e-08,-0.00637415
-1.362294e-08,-0.00758249
-1.357294e-08,-0.00338075
-1.352294e-08,0.00653317
-1.347294e-08,0.0102681
-1.342294e-08,0.00664302
-1.337294e-08,-0.0056052
-1.332294e-08,-0.0220826
-1.327294e-08,-0.0274927
-1.322294e-08,-0.0220552
-1.317294e-08,-0.0122236
-1.312294e-08,-0.00475387
-1.307294e-08,-0.0021724
-1.302294e-08,0.0072472
-1.297294e-08,0.0191384
-1.292294e-08,0.0217748
-1.287294e-08,0.0218572
-1.282294e-08,0.0218572
-1.277294e-08,0.0181498
-1.272294e-08,0.0131516
-1.267294e-08,0.0110095
-1.262294e-08,0.0091421
-1.257294e-08,-0.00099152
-1.252294e-08,-0.0109054
-1.247294e-08,-0.00909292
-1.242294e-08,-0.00571505
-1.237294e-08,-0.00203509
-1.232294e-08,0.00340246
-1.227294e-08,0.00351231
-1.222294e-08,0.00364962
-1.217294e-08,0.0027159
-1.212294e-08,-0.00285896
-1.207294e-08,-0.00942247
-1.202294e-08,-0.012718
-1.197294e-08,-0.00760996
-1.192294e-08,-0.00566013
-1.187294e-08,-0.00393
-1.182294e-08,0.00938926
-1.177294e-08,0.0126847
-1.172294e-08,0.00241382
-1.167294e-08,-0.00425954
-1.162294e-08,-0.00549535
-1.157294e-08,-0.00659385
-1.152294e-08,-0.0112899
-1.147294e-08,-0.00774727
-1.142294e-08,0.000711148
-1.137294e-08,-2.87366e-06
-1.132294e-08,0.00246874
-1.127294e-08,0.0104054
-1.122294e-08,0.0112292
-1.117294e-08,0.00875763
-1.112294e-08,0.00908718
-1.107294e-08,0.00993851
-1.102294e-08,0.00829077
-1.097294e-08,0.00172726
-1.092294e-08,-0.00689593
-1.087294e-08,-0.0121138
-1.082294e-08,-0.0159311
-1.077294e-08,-0.0167275
-1.072294e-08,-0.0126356
-1.067294e-08,-0.0103013
-1.062294e-08,-0.00758249
-1.057294e-08,-0.00379268
-1.052294e-08,-0.00469894
-1.047294e-08,-0.00362791
-1.042294e-08,0.00106816
-1.037294e-08,0.000463987
-1.032294e-08,-0.00123868
-1.027294e-08,0.000299213
-1.022294e-08,-0.00241956
-1.017294e-08,-0.0116195
-1.012294e-08,-0.0176337
-1.007294e-08,-0.015272
-1.002294e-08,-0.0111251
-9.972939e-09,-0.0115645
-9.922939e-09,-0.0186224
-9.872939e-09,-0.022577
-9.822939e-09,-0.0119765
-9.772939e-09,7.95135e-05
-9.722939e-09,0.000573836
-9.672939e-09,0.00299053
-9.622939e-09,0.013234
-9.572939e-09,0.0143325
-9.522939e-09,0.0052699
-9.472939e-09,0.00106816
-9.422939e-09,-0.00302374
-9.372939e-09,-0.0173042
-9.322939e-09,-0.0312276
-9.272939e-09,-0.0278497
-9.222939e-09,-0.0142284
-9.172939e-09,-0.00722548
-9.122939e-09,-0.000936595
-9.072939e-09,0.00617616
-9.022939e-09,0.00672541
-8.972939e-09,0.00694511
-8.922939e-09,0.00944419
-8.872939e-09,0.0123552
-8.822939e-09,0.0193856
-8.772939e-09,0.0234775
-8.722939e-09,0.0130967
-8.672939e-09,0.00332008
-8.622939e-09,0.00971881
-8.572939e-09,0.0157056
-8.522939e-09,0.0117236
-8.472939e-09,0.0133713
-8.422939e-09,0.0216375
-8.372939e-09,0.0217199
-8.322939e-09,0.0175181
-8.272939e-09,0.0167766
-8.222939e-09,0.00969135
-8.172939e-09,-0.000854208
-8.122939e-09,-0.00099152
-8.072939e-09,0.00675287
-8.022939e-09,0.0173534
-7.972939e-09,0.0261413
-7.922939e-09,0.0251252
-7.872939e-09,0.0188363
-7.822939e-09,0.0148543
-7.772939e-09,0.0114764
-7.722939e-09,0.00601139
-7.672939e-09,-0.00530311
-7.622939e-09,-0.0135693
-7.572939e-09,-0.00758249
-7.522939e-09,-0.000140186
-7.472939e-09,0.00518752
-7.422939e-09,0.0102955
-7.372939e-09,0.0108997
-7.322939e-09,0.0128495
-7.272939e-09,0.00664302
-7.222939e-09,-0.00154077
-7.172939e-09,0.00829077
-7.122939e-09,0.0149092
-7.072939e-09,0.00606631
-7.022939e-09,0.00131532
-6.972939e-09,0.00340246
-6.922939e-09,0.00211173
-6.872939e-09,0.00656064
-6.822939e-09,0.015074
-6.772939e-09,0.00735705
-6.722939e-09,-0.000771821
-6.672939e-09,0.00260605
-6.622939e-09,0.00211173
-6.572939e-09,0.00581915
-6.522939e-09,0.0134812
-6.472939e-09,0.0114489
-6.422939e-09,0.0129044
-6.372939e-09,0.0215276
-6.322939e-09,0.0228458
-6.272939e-09,0.0195229
-6.222939e-09,0.0145797
-6.172939e-09,0.00779644
-6.122939e-09,0.00705496
-6.072939e-09,0.00853793
-6.022939e-09,0.00735705
-5.972939e-09,0.0108448
-5.922939e-09,0.018342
-5.872939e-09,0.0230381
-5.822939e-09,0.0249055
-5.772939e-09,0.0256745
-5.722939e-09,0.026004
-5.672939e-09,0.02529
-5.622939e-09,0.0249055
-5.572939e-09,0.0272398
-5.522939e-09,0.0253174
-5.472939e-09,0.0193581
-5.422939e-09,0.0222417
-5.372939e-09,0.0330893
-5.322939e-09,0.0350941
-5.272939e-09,0.0218297
-5.222939e-09,0.00873017
-5.172939e-09,-8.52608e-05
-5.122939e-09,-0.0105759
-5.072939e-09,-0.0110977
-5.022939e-09,-0.00165062
-4.972939e-09,0.00441857
-4.922939e-09,0.00551707
-4.872939e-09,0.00749436
-4.822939e-09,0.0112842
-4.772939e-09,0.00768659
-4.722939e-09,-0.00154077
-4.672939e-09,-0.00769234
-4.622939e-09,-0.0110153
-4.572939e-09,-0.0111251
-4.522939e-09,-0.0124983
-4.472939e-09,-0.00983441
-4.422939e-09,0.00488543
-4.372939e-09,0.0130692
-4.322939e-09,0.00785137
-4.272939e-09,0.0054896
-4.222939e-09,0.0134262
-4.172939e-09,0.0226536
-4.122939e-09,0.0160626
-4.072939e-09,0.00186457
-4.022939e-09,-0.00266673
-3.972939e-09,-0.00351806
-3.922939e-09,0.00367709
-3.872939e-09,0.0152113
-3.822939e-09,0.0124376
-3.772939e-09,0.00667049
-3.722939e-09,0.00353977
-3.672939e-09,-0.00272165
-3.622939e-09,-0.00686847
-3.572939e-09,-0.0165352
-3.522939e-09,-0.0293327
-3.472939e-09,-0.032024
-3.422939e-09,-0.0317494
-3.372939e-09,-0.0318867
-3.322939e-09,-0.0288109
-3.272939e-09,-0.0243345
-3.222939e-09,-0.014503
-3.172939e-09,-0.0058249
-3.122939e-09,-0.000909132
-3.072939e-09,0.0104054
-3.022939e-09,0.0183145
-2.972939e-09,0.0158429
-2.922939e-09,0.015431
-2.872939e-09,0.0200172
-2.822939e-09,0.0213354
-2.772939e-09,0.0160901
-2.722939e-09,0.00793376
-2.672939e-09,0.00208427
-2.622939e-09,-0.000579584
-2.572939e-09,-0.00112883
-2.522939e-09,-0.000140186
-2.472939e-09,-0.00154077
-2.422939e-09,-0.00280404
-2.372939e-09,0.00326515
-2.322939e-09,0.0063684
-2.272939e-09,0.00230397
-2.222939e-09,0.00444603
-2.172939e-09,0.00798868
-2.122939e-09,0.00900479
-2.072939e-09,0.0138382
-2.022939e-09,0.0162823
-1.972939e-09,0.0168865
-1.922939e-09,0.0225163
-1.872939e-09,0.0255097
-1.822939e-09,0.0199348
-1.772939e-09,0.0122454
-1.722939e-09,0.00167233
-1.672939e-09,-0.0107407
-1.622939e-09,-0.0129102
-1.572939e-09,-0.00645653
-1.522939e-09,-0.00316105
-1.472939e-09,-0.00708817
-1.422939e-09,-0.010878
-1.372939e-09,-0.00846129
-1.322939e-09,-0.00574251
-1.272939e-09,-0.00544043
-1.222939e-09,-0.00395746
-1.172939e-09,0.00323769
-1.122939e-09,0.0149916
-1.072939e-09,0.0177928
-1.022939e-09,0.0105152
-9.729387e-10,0.00340246
-9.229387e-10,-0.00425954
-8.729387e-10,-0.0117842
-8.229387e-10,-0.0120039
-7.729387e-10,-0.00401238
-7.229387e-10,0.00356724
-6.729387e-10,0.00664302
-6.229387e-10,0.00798868
-5.729387e-10,0.00754928
-5.229387e-10,0.00505021
-4.729387e-10,0.00656064
-4.229387e-10,0.0148543
-3.729387e-10,0.0219396
-3.229387e-10,0.0241366
-2.729387e-10,0.0240542
-2.229387e-10,0.026718
-1.729387e-10,0.0347096
-1.229387e-10,0.0524503
-7.293874e-11,0.0878218
-2.293874e-11,0.133025
2.706126e-11,0.18979
7.706126e-11,0.278164
1.270613e-10,0.397735
1.770613e-10,0.516482
2.270613e-10,0.613672
2.770613e-10,0.71509
3.270613e-10,0.819392
3.770613e-10,0.884478
4.270613e-10,0.919877
4.770613e-10,0.949646
5.270613e-10,0.964833
5.770613e-10,0.970133
6.270613e-10,0.971836
6.770613e-10,0.966151
7.270613e-10,0.95794
7.770613e-10,0.951486
8.270613e-10,0.951322
8.770613e-10,0.960906
9.270613e-10,0.96736
9.770613e-10,0.957171
1.027061e-09,0.94561
1.077061e-09,0.942204
1.127061e-09,0.933004
1.177061e-09,0.919328
1.227061e-09,0.91076
1.277061e-09,0.910952
1.327061e-09,0.914302
1.377061e-09,0.910265
1.427061e-09,0.90686
1.477061e-09,0.913067
1.527061e-09,0.914687
1.577061e-09,0.905048
1.627061e-09,0.898045
1.677061e-09,0.893596
1.727061e-09,0.878711
1.777061e-09,0.854517
1.827061e-09,0.830405
1.877061e-09,0.811813
1.927061e-09,0.796873
1.977061e-09,0.784433
2.027061e-09,0.784323
2.077061e-09,0.789568
2.127061e-09,0.777897
2.177061e-09,0.758234
2.227061e-09,0.748073
2.277061e-09,0.73739
2.327061e-09,0.724153
2.377061e-09,0.717397
2.427061e-09,0.706769
2.477061e-09,0.686667
2.527061e-09,0.670629
2.577061e-09,0.668487
2.627061e-09,0.672057
2.677061e-09,0.670436
2.727061e-09,0.667278
2.777061e-09,0.66423
2.827061e-09,0.657145
2.877061e-09,0.648988
2.927061e-09,0.643825
2.977061e-09,0.642617
3.027061e-09,0.645226
3.077061e-09,0.644484
3.127061e-09,0.637289
3.177061e-09,0.62776
3.227061e-09,0.61153
3.277061e-09,0.590603
3.327061e-09,0.577311
3.377061e-09,0.576323
3.427061e-09,0.578163
3.477061e-09,0.571462
3.527061e-09,0.564569
3.577061e-09,0.560642
3.627061e-09,0.550124
3.677061e-09,0.541967
3.727061e-09,0.543011
3.777061e-09,0.546856
3.827061e-09,0.551277
3.877061e-09,0.551167
3.927061e-09,0.543176
3.977061e-09,0.533234
4.027061e-09,0.522579
4.077061e-09,0.509836
4.127061e-09,0.497204
4.177061e-09,0.487207
4.227061e-09,0.486631
4.277061e-09,0.492398
4.327061e-09,0.496133
4.377061e-09,0.49616
4.427061e-09,0.489542
4.477061e-09,0.484653
4.527061e-09,0.490201
4.577061e-09,0.497671
4.627061e-09,0.49833
4.677061e-09,0.492233
4.727061e-09,0.480424
4.777061e-09,0.468203
4.827061e-09,0.457466
4.877061e-09,0.449858
4.927061e-09,0.452165
4.977061e-09,0.44865
5.027061e-09,0.436484
5.077061e-09,0.432557
5.127061e-09,0.430086
5.177061e-09,0.42517
5.227061e-09,0.422369
5.277061e-09,0.417645
5.327061e-09,0.408171
5.377061e-09,0.398394
5.427061e-09,0.396664
5.477061e-09,0.400618
5.527061e-09,0.400975
5.577061e-09,0.398724
5.627061e-09,0.400261
5.677061e-09,0.402541
5.727061e-09,0.392215
5.777061e-09,0.372772
5.827061e-09,0.364615
5.877061e-09,0.362858
5.927061e-09,0.351433
5.977061e-09,0.34314
6.027061e-09,0.347863
6.077061e-09,0.354619
6.127061e-09,0.358546
6.177061e-09,0.357557
6.227061e-09,0.356431
6.277061e-09,0.363764
6.327061e-09,0.370794
6.377061e-09,0.373431
6.427061e-09,0.376726
6.477061e-09,0.376452
6.527061e-09,0.374639
6.577061e-09,0.368433
6.627061e-09,0.351351
6.677061e-09,0.339322
6.727061e-09,0.337125
6.777061e-09,0.331633
6.827061e-09,0.323806
6.877061e-09,0.322268
6.927061e-09,0.32831
6.977061e-09,0.323559
7.027061e-09,0.306862
7.077061e-09,0.306477
7.127061e-09,0.311805
7.177061e-09,0.302001
7.227061e-09,0.293488
7.277061e-09,0.291071
7.327061e-09,0.288544
7.377061e-09,0.285469
7.427061e-09,0.274182
7.477061e-09,0.259434
7.527061e-09,0.250234
7.577061e-09,0.24617
7.627061e-09,0.250179
7.677061e-09,0.257347
7.727061e-09,0.255397
7.777061e-09,0.249548
7.827061e-09,0.248916
7.877061e-09,0.242545
7.927061e-09,0.231917
7.977061e-09,0.229638
8.027061e-09,0.226617
8.077061e-09,0.219614
8.127061e-09,0.215714
8.177061e-09,0.217746
8.227061e-09,0.223898
8.277061e-09,0.229665
8.327061e-09,0.238728
8.377061e-09,0.245099
8.427061e-09,0.246966
8.477061e-09,0.248065
8.527061e-09,0.238014
8.577061e-09,0.228292
8.627061e-09,0.223074
8.677061e-09,0.206899
8.727061e-09,0.19682
8.777061e-09,0.198468
8.827061e-09,0.192865
8.877061e-09,0.18762
8.927061e-09,0.18968
8.977061e-09,0.184846
9.027061e-09,0.174795
9.077061e-09,0.175427
9.127061e-09,0.181276
9.177061e-09,0.180095
9.227061e-09,0.180398
9.277061e-09,0.189488
9.327061e-09,0.196628
9.377061e-09,0.193003
9.427061e-09,0.182265
9.477061e-09,0.171774
9.527061e-09,0.173862
9.577061e-09,0.185698
9.627061e-09,0.18254
9.677061e-09,0.168671
9.727061e-09,0.166035
9.777061e-09,0.169934
9.827061e-09,0.170154
9.877061e-09,0.170923
9.927061e-09,0.17713
9.977061e-09,0.175317
1.002706e-08,0.165128
1.007706e-08,0.161915
1.012706e-08,0.159197
1.017706e-08,0.161174
1.022706e-08,0.168287
1.027706e-08,0.155462
1.032706e-08,0.129427
1.037706e-08,0.113499
1.042706e-08,0.111577
1.047706e-08,0.117728
1.052706e-08,0.12237
1.057706e-08,0.125692
1.062706e-08,0.128988
1.067706e-08,0.131322
1.072706e-08,0.133492
1.077706e-08,0.126379
1.082706e-08,0.114598
1.087706e-08,0.10721
1.092706e-08,0.0953191
1.097706e-08,0.0835377
1.102706e-08,0.0805718
1.107706e-08,0.0801049
1.112706e-08,0.078567
1.117706e-08,0.0788416
1.122706e-08,0.0808189
1.127706e-08,0.0848834
1.132706e-08,0.0901287
1.137706e-08,0.0914469
1.142706e-08,0.0944128
1.147706e-08,0.105865
1.152706e-08,0.117591
1.157706e-08,0.119184
1.162706e-08,0.111192
1.167706e-08,0.101333
1.172706e-08,0.0902111
1.177706e-08,0.0800225
1.182706e-08,0.0771115
1.187706e-08,0.0728548
1.192706e-08,0.0660716
1.197706e-08,0.0690101
1.202706e-08,0.0817801
1.207706e-08,0.0974337
1.212706e-08,0.107677
1.217706e-08,0.10732
1.222706e-08,0.0975161
1.227706e-08,0.0849108
1.232706e-08,0.0775234
1.237706e-08,0.0683235
1.242706e-08,0.057778
1.247706e-08,0.0659069
1.252706e-08,0.0825216
1.257706e-08,0.0816153
1.262706e-08,0.0735414
1.267706e-08,0.0726351
1.272706e-08,0.0714268
1.277706e-08,0.0724154
1.282706e-08,0.0785945
1.287706e-08,0.0795007
1.292706e-08,0.0771939
1.297706e-08,0.0737886
1.302706e-08,0.0601672
1.307706e-08,0.0403943
1.312706e-08,0.0265258
1.317706e-08,0.0173808
1.322706e-08,0.0098012
1.327706e-08,0.013591
1.332706e-08,0.0302881
1.337706e-08,0.0492921
1.342706e-08,0.0629684
1.347706e-08,0.0590138
1.352706e-08,0.047562
1.357706e-08,0.0576956
1.362706e-08,0.0726626
1.367706e-08,0.0628036
1.372706e-08,0.0442665
1.377706e-08,0.0325675
1.382706e-08,0.0216375
1.387706e-08,0.0148268
1.392706e-08,0.0160077
1.397706e-08,0.0192208
1.402706e-08,0.0266631
1.407706e-08,0.0464909
1.412706e-08,0.064726
1.417706e-08,0.062172
1.422706e-08,0.0514616
1.427706e-08,0.0462987
1.432706e-08,0.0392958
1.437706e-08,0.0313317
1.442706e-08,0.0268553
1.447706e-08,0.0229008
1.452706e-08,0.0245485
1.457706e-08,0.0285855
1.462706e-08,0.0244387
1.467706e-08,0.0206763
1.472706e-08,0.0236972
1.477706e-08,0.0255371
1.482706e-08,0.026718
1.487706e-08,0.0298213
1.492706e-08,0.0332266
1.497706e-08,0.0373734
1.502706e-08,0.0416026
1.507706e-08,0.0446784
1.512706e-08,0.0429208
1.517706e-08,0.0416026
1.522706e-08,0.0440743
1.527706e-08,0.0366594
1.532706e-08,0.0265807
1.537706e-08,0.0319359
1.542706e-08,0.0426188
1.547706e-08,0.0448432
1.552706e-08,0.0448981
1.557706e-08,0.0476444
1.562706e-08,0.0379501
1.567706e-08,0.0183145
1.572706e-08,0.0153761
1.577706e-08,0.0264159
1.582706e-08,0.031826
1.587706e-08,0.0313866
1.592706e-08,0.0366594
1.597706e-08,0.0483309
1.602706e-08,0.0504181
1.607706e-08,0.0356433
1.612706e-08,0.0165569
1.617706e-08,0.00944419
1.622706e-08,0.011751
1.627706e-08,0.00716481
1.632706e-08,-0.00134853
1.637706e-08,-0.000771821
1.642706e-08,0.00642333
1.647706e-08,0.0158155
1.652706e-08,0.0261413
1.657706e-08,0.0276792
1.662706e-08,0.0164746
1.667706e-08,0.0057093
1.672706e-08,0.00496782
1.677706e-08,0.00996597
1.682706e-08,0.0152388
1.687706e-08,0.0178202
1.692706e-08,0.0211706
1.697706e-08,0.0303705
1.702706e-08,0.0357257
1.707706e-08,0.0326224
1.712706e-08,0.0345173
1.717706e-08,0.0346272
1.722706e-08,0.0227909
1.727706e-08,0.0133713
1.732706e-08,0.00708242
1.737706e-08,0.00222158
1.742706e-08,0.00375947
1.747706e-08,0.00815346
1.752706e-08,0.011751
1.757706e-08,0.00851047
1.762706e-08,0.00634094
1.767706e-08,0.0126298
1.772706e-08,0.0167217
1.777706e-08,0.0185068
1.782706e-08,0.017985
1.787706e-08,0.00790629
1.792706e-08,-0.00642907
1.797706e-08,-0.0141185
1.802706e-08,-0.0127729
1.807706e-08,-0.00917531
1.812706e-08,-0.00868099
1.817706e-08,-0.00854368
1.822706e-08,-0.00585236
1.827706e-08,-0.0028315
1.832706e-08,-0.000140186
1.837706e-08,0.00708242
1.842706e-08,0.0130692
1.847706e-08,0.00785137
1.852706e-08,0.00296306
1.857706e-08,0.00837315
1.862706e-08,0.0155408
1.867706e-08,0.0186441
1.872706e-08,0.0167766
1.877706e-08,0.0183969
1.882706e-08,0.0254273
1.887706e-08,0.0196327
1.892706e-08,0.00837315
1.897706e-08,0.0109272
1.902706e-08,0.0162823
1.907706e-08,0.0155958
1.912706e-08,0.0125474
1.917706e-08,0.0107624
1.922706e-08,0.00974627
1.927706e-08,-5.77984e-05
1.932706e-08,-0.0114547
1.937706e-08,-0.0111251
1.942706e-08,-0.0124433
1.947706e-08,-0.0235381
1.952706e-08,-0.0253232
1.957706e-08,-0.0116744
1.962706e-08,-0.00541296
1.967706e-08,-0.0168922
1.972706e-08,-0.0235107
1.977706e-08,-0.0110153
1.982706e-08,-0.00277657
1.987706e-08,-0.0109878
1.992706e-08,-0.0181555
1.997706e-08,-0.019254
2.002706e-08,-0.0128278
2.007706e-08,-0.000359885
2.012706e-08,0.00430872
2.017706e-08,0.00496782
2.022706e-08,0.0120531
2.027706e-08,0.0202644
2.032706e-08,0.0233402
2.037706e-08,0.0210333
2.042706e-08,0.0174357
2.047706e-08,0.0160352
2.052706e-08,0.0140029
2.057706e-08,0.0112567
2.062706e-08,0.0148543
2.067706e-08,0.0215551
2.072706e-08,0.0250977
2.077706e-08,0.0314965
2.082706e-08,0.0335836
2.087706e-08,0.0219396
2.092706e-08,0.0119982
2.097706e-08,0.0150465
2.102706e-08,0.016859
2.107706e-08,0.0111743
2.112706e-08,0.0142501
2.117706e-08,0.022324
2.122706e-08,0.0179026
2.127706e-08,0.0110095
2.132706e-08,0.0144423
2.137706e-08,0.018699
2.142706e-08,0.0140304
2.147706e-08,0.0102131
2.152706e-08,0.0155134
2.157706e-08,0.0166943
2.162706e-08,0.0144149
2.167706e-08,0.0145247
2.172706e-08,0.00375947
2.177706e-08,-0.0100816
2.182706e-08,-0.00914785
2.187706e-08,-0.00266673
2.192706e-08,-0.00285896
2.197706e-08,-0.00409477
2.202706e-08,0.00260605
2.207706e-08,0.0127946
2.212706e-08,0.0193581
2.217706e-08,0.0228458
2.222706e-08,0.0222966
2.227706e-08,0.0207862
2.232706e-08,0.0243837
2.237706e-08,0.0296565
2.242706e-08,0.0303431
2.247706e-08,0.0224614
2.252706e-08,0.0126298
2.257706e-08,0.0119433
2.262706e-08,0.012108
2.267706e-08,0.00949911
2.272706e-08,0.0129594
2.277706e-08,0.0130967
2.282706e-08,0.0044735
2.287706e-08,0.0012604
2.292706e-08,0.00285321
2.297706e-08,0.000793536
2.302706e-08,0.00285321
2.307706e-08,0.00944419
2.312706e-08,0.00829077
2.317706e-08,-0.000909132
2.322706e-08,-0.0112899
2.327706e-08,-0.0182104
2.332706e-08,-0.01302
2.337706e-08,0.000106976
2.342706e-08,0.00444603
2.347706e-08,0.00389679
2.352706e-08,0.00686272
2.357706e-08,0.00881255
2.362706e-08,0.0127122
2.367706e-08,0.0152113
2.372706e-08,0.00793376
2.377706e-08,0.000463987
2.382706e-08,-0.00247449
2.387706e-08,-0.00522073
2.392706e-08,-0.00425954
2.397706e-08,-0.00219986
2.402706e-08,0.000436525
2.407706e-08,0.0031553
2.412706e-08,-0.00299627
2.417706e-08,-0.00788458
2.422706e-08,-0.00673116
2.427706e-08,-0.00898307
2.432706e-08,-0.00901054
2.437706e-08,-0.00382015
2.442706e-08,0.00244128
2.447706e-08,0.00483051
2.452706e-08,0.00518752
2.457706e-08,0.0124101
2.462706e-08,0.0163647
2.467706e-08,0.00947165
2.472706e-08,0.00551707
2.477706e-08,0.00776898
2.482706e-08,0.008483
2.487706e-08,0.00590154
2.492706e-08,0.00084846
2.497706e-08,-0.00126614
2.502706e-08,0.00189203
2.507706e-08,0.0035947
2.512706e-08,0.00603885
2.517706e-08,0.0111469
2.522706e-08,0.0115863
2.527706e-08,0.00889494
2.532706e-08,0.00757675
2.537706e-08,0.00785137
2.542706e-08,0.00938926
2.547706e-08,0.00812599
2.552706e-08,0.00150756
2.557706e-08,-0.00653892
2.562706e-08,-0.0129926
2.567706e-08,-0.0175239
2.572706e-08,-0.0146678
2.577706e-08,-0.00634669
2.582706e-08,-0.00368283
2.587706e-08,-0.00269419
2.592706e-08,0.00296306
2.597706e-08,0.0107075
2.602706e-08,0.0187265
2.607706e-08,0.0212805
2.612706e-08,0.0165844
2.617706e-08,0.00809853
2.622706e-08,0.00491289
2.627706e-08,0.0118334
2.632706e-08,0.0161999
2.637706e-08,0.0182871
2.642706e-08,0.0272947
2.647706e-08,0.0329245
2.652706e-08,0.0282559
2.657706e-08,0.0268828
2.662706e-08,0.0297389
2.667706e-08,0.0269377
2.672706e-08,0.0275968
2.677706e-08,0.028201
2.682706e-08,0.0236422
2.687706e-08,0.0264159
2.692706e-08,0.0291622
2.697706e-08,0.0246584
2.702706e-08,0.0182871
2.707706e-08,0.0150465
2.712706e-08,0.021665
2.717706e-08,0.026718
2.722706e-08,0.019468
2.727706e-08,0.00840062
2.732706e-08,0.00694511
2.737706e-08,0.0138382
2.742706e-08,0.00941673
2.747706e-08,-0.00398492
2.752706e-08,-0.00686847
2.757706e-08,-0.00030496
2.762706e-08,-0.00475387
2.767706e-08,-0.0198856
2.772706e-08,-0.0179084
2.777706e-08,-0.00609952
2.782706e-08,-0.00706071
2.787706e-08,-0.0113998
2.792706e-08,-0.0125257
2.797706e-08,-0.0138714
2.802706e-08,-0.0140362
2.807706e-08,-0.0145579
2.812706e-08,-0.0134045
2.817706e-08,-0.0100541
2.822706e-08,-0.0153543
2.827706e-08,-0.0250211
2.832706e-08,-0.0245817
2.837706e-08,-0.0176063
2.842706e-08,-0.00906546
2.847706e-08,0.000903385
2.852706e-08,0.0072472
2.857706e-08,0.00771406
2.862706e-08,0.00801614
2.867706e-08,0.0128221
2.872706e-08,0.0114215
2.877706e-08,-0.00219986
2.882706e-08,-0.0167
2.887706e-08,-0.0229889
2.892706e-08,-0.019254
2.897706e-08,-0.0159311
2.902706e-08,-0.0188421
2.907706e-08,-0.0191991
2.912706e-08,-0.0157388
2.917706e-08,-0.00804935
2.922706e-08,-0.00321597
2.927706e-08,-0.00804935
2.932706e-08,-0.00730787
2.937706e-08,-0.000222573
2.942706e-08,0.00590154
2.947706e-08,0.012108
2.952706e-08,0.00752182
2.957706e-08,-0.00148584
2.962706e-08,-0.00442432
2.967706e-08,-0.00840636
2.972706e-08,-0.00642907
2.977706e-08,-0.0062643
2.982706e-08,-0.0193364
2.987706e-08,-0.0236205
2.992706e-08,-0.0222199
2.997706e-08,-0.0340288
3.002706e-08,-0.0404824
3.007706e-08,-0.0299369
3.012706e-08,-0.0155191
3.017706e-08,-0.00420462
3.022706e-08,0.00139771
3.027706e-08,0.00433618
3.032706e-08,0.0127397
3.037706e-08,0.0210333
3.042706e-08,0.0218023
3.047706e-08,0.0199623
3.052706e-08,0.0235873
3.057706e-08,0.0339132
3.062706e-08,0.0434701
3.067706e-08,0.0529171
3.072706e-08,0.0599201
3.077706e-08,0.055581
3.082706e-08,0.0509124
3.087706e-08,0.0506652
3.092706e-08,0.0449256
3.097706e-08,0.0342153
3.102706e-08,0.0236697
3.107706e-08,0.0198799
3.112706e-08,0.0177104
3.117706e-08,0.00911464
3.122706e-08,0.0108173
3.127706e-08,0.0235873
3.132706e-08,0.0225712
3.137706e-08,0.016914
3.142706e-08,0.0243013
3.147706e-08,0.0264709
3.152706e-08,0.0177653
3.157706e-08,0.0113116
3.162706e-08,0.0119158
3.167706e-08,0.0194954
3.172706e-08,0.0190286
3.177706e-08,0.00884002
3.182706e-08,0.00647825
3.187706e-08,0.0105152
3.192706e-08,0.0130967
3.197706e-08,0.017985
3.202706e-08,0.0266082
3.207706e-08,0.0270476
3.212706e-08,0.0188912
3.217706e-08,0.0202918
3.222706e-08,0.0212256
3.227706e-08,0.00559945
3.232706e-08,-0.00667623
3.237706e-08,-0.0117842
3.242706e-08,-0.0212862
3.247706e-08,-0.0227692
3.252706e-08,-0.013432
3.257706e-08,-0.00546789
3.262706e-08,0.000409062
3.267706e-08,0.00516006
3.272706e-08,0.00818092
3.277706e-08,0.0137558
3.282706e-08,0.0183969
3.287706e-08,0.0172984
3.292706e-08,0.0196053
3.297706e-08,0.0245485
3.302706e-08,0.0201545
3.307706e-08,0.0137009
3.312706e-08,0.0130143
3.317706e-08,0.0111743
3.322706e-08,0.00760421
3.327706e-08,0.00645079
3.332706e-08,0.008483
3.337706e-08,0.00719227
3.342706e-08,0.00241382
3.347706e-08,0.00505021
3.352706e-08,0.00820838
3.357706e-08,0.00419887
3.362706e-08,-0.001733
3.367706e-08,-0.0118117
3.372706e-08,-0.0151072
3.377706e-08,-0.0030512
3.382706e-08,0.00535229
3.387706e-08,0.00430872
3.392706e-08,-0.000140186
3.397706e-08,-0.00544043
3.402706e-08,-0.00566013
3.407706e-08,-0.00398492
3.412706e-08,-0.00835144
3.417706e-08,-0.0186498
3.422706e-08,-0.0263942
3.427706e-08,-0.0232361
3.432706e-08,-0.0113174
3.437706e-08,-0.00755503
3.442706e-08,-0.0169746
3.447706e-08,-0.0238402
3.452706e-08,-0.0267787
3.457706e-08,-0.0273554
3.462706e-08,-0.0206271
3.467706e-08,-0.0173316
3.472706e-08,-0.0258724
3.477706e-08,-0.0337816
3.482706e-08,-0.0288933
3.487706e-08,-0.0191716
3.492706e-08,-0.0156564
3.497706e-08,-0.00966963
3.502706e-08,0.0038144
3.507706e-08,0.00480304
3.512706e-08,-0.00796697
3.517706e-08,-0.0139263
3.522706e-08,-0.0170021
3.527706e-08,-0.0260098
3.532706e-08,-0.0330676
3.537706e-08,-0.0317494
3.542706e-08,-0.025076
3.547706e-08,-0.0208743
3.552706e-08,-0.0178534
3.557706e-08,-0.0124708
3.562706e-08,-0.0163705
3.567706e-08,-0.0300467
3.572706e-08,-0.0349625
3.577706e-08,-0.0252408
3.582706e-08,-0.0140362
3.587706e-08,-0.0146678
3.592706e-08,-0.0246916
3.597706e-08,-0.0251859
3.602706e-08,-0.0104386
3.607706e-08,-0.0051658
3.612706e-08,-0.0147776
3.617706e-08,-0.0216158
3.622706e-08,-0.0265041
3.627706e-08,-0.0308981
3.632706e-08,-0.0325458
3.637706e-08,-0.0339738
3.642706e-08,-0.0324909
3.647706e-08,-0.0248014
3.652706e-08,-0.0150248
3.657706e-08,-0.017057
3.662706e-08,-0.0309255
3.667706e-08,-0.0321339
3.672706e-08,-0.02038
3.677706e-08,-0.0204624
3.682706e-08,-0.028756
3.687706e-08,-0.0300193
3.692706e-08,-0.029113
3.697706e-08,-0.0294151
3.702706e-08,-0.0277673
3.707706e-08,-0.0256527
3.712706e-08,-0.0264217
3.717706e-08,-0.0341386
3.722706e-08,-0.0447391
3.727706e-08,-0.0475403
3.732706e-08,-0.0425696
3.737706e-08,-0.0380657
3.742706e-08,-0.0370771
3.747706e-08,-0.0295524
3.752706e-08,-0.0190892
3.757706e-08,-0.0224671
3.762706e-08,-0.0289208
3.767706e-08,-0.030596
3.772706e-08,-0.037132
3.777706e-08,-0.0427893
3.782706e-08,-0.0405648
3.787706e-08,-0.0354843
3.792706e-08,-0.0348801
3.797706e-08,-0.0385326
3.802706e-08,-0.0384502
3.807706e-08,-0.0361983
3.812706e-08,-0.0361434
3.817706e-08,-0.0355941
3.822706e-08,-0.0344956
3.827706e-08,-0.0308431
3.832706e-08,-0.0244169
3.837706e-08,-0.0177161
3.842706e-08,-0.0136517
3.847706e-08,-0.01854
3.852706e-08,-0.0231262
3.857706e-08,-0.0239775
3.862706e-08,-0.0320515
3.867706e-08,-0.0380657
3.872706e-08,-0.0318592
3.877706e-08,-0.0189794
3.882706e-08,-0.0106583
3.887706e-08,-0.00848875
3.892706e-08,-0.00181539
3.897706e-08,0.000326675
3.902706e-08,-0.0144206
3.907706e-08,-0.0274927
3.912706e-08,-0.025845
3.917706e-08,-0.0307333
3.922706e-08,-0.0430364
3.927706e-08,-0.0408394
3.932706e-08,-0.0359786
3.937706e-08,-0.0416633
3.942706e-08,-0.0472656
3.947706e-08,-0.0457827
3.952706e-08,-0.0378735
3.957706e-08,-0.0319966
3.962706e-08,-0.0333697
3.967706e-08,-0.0337267
3.972706e-08,-0.0329028
3.977706e-08,-0.0454806
3.982706e-08,-0.065638
3.987706e-08,-0.0675329
3.992706e-08,-0.0584154
3.997706e-08,-0.0615186
4.002706e-08,-0.0625347
4.007706e-08,-0.0522089
4.012706e-08,-0.0471009
4.017706e-08,-0.0449313
4.022706e-08,-0.0393016
4.027706e-08,-0.0318867
4.032706e-08,-0.0222749
4.037706e-08,-0.0166725
4.042706e-08,-0.0154642
4.047706e-08,-0.0185125
4.052706e-08,-0.0258175
4.057706e-08,-0.0311727
4.062706e-08,-0.0408944
4.067706e-08,-0.0493253
4.072706e-08,-0.0451236
4.077706e-08,-0.0459749
4.082706e-08,-0.0513301
4.087706e-08,-0.0390544
4.092706e-08,-0.0279596
4.097706e-08,-0.0414162
4.102706e-08,-0.0513026
4.107706e-08,-0.043366
4.112706e-08,-0.040098
4.117706e-08,-0.0379559
4.122706e-08,-0.0336443
4.127706e-08,-0.0375165
4.132706e-08,-0.0347977
4.137706e-08,-0.0261196
4.142706e-08,-0.0313649
4.147706e-08,-0.0360885
4.152706e-08,-0.0315846
4.157706e-08,-0.0359786
4.162706e-08,-0.0408669
4.167706e-08,-0.0376538
4.172706e-08,-0.0384228
4.177706e-08,-0.0431188
4.182706e-08,-0.0446293
4.187706e-08,-0.0354294
4.192706e-08,-0.0242522
4.197706e-08,-0.0244993
4.202706e-08,-0.0224122
4.207706e-08,-0.0127454
4.212706e-08,-0.00574251
4.217706e-08,-0.00420462
4.222706e-08,-0.0125806
4.227706e-08,-0.0231537
4.232706e-08,-0.022165
4.237706e-08,-0.0172218
4.242706e-08,-0.0148875
4.247706e-08,-0.0131024
4.252706e-08,-0.0143382
4.257706e-08,-0.0155466
4.262706e-08,-0.0111251
4.267706e-08,-0.00568759
4.272706e-08,-0.0101365
4.277706e-08,-0.0249113
4.282706e-08,-0.0362807
4.287706e-08,-0.0361983
4.292706e-08,-0.0382305
4.297706e-08,-0.0480621
4.302706e-08,-0.0477325
4.307706e-08,-0.0398783
4.312706e-08,-0.0368025
4.317706e-08,-0.0303763
4.322706e-08,-0.0283441
4.327706e-08,-0.033507
4.332706e-08,-0.0289482
4.337706e-08,-0.0220277
4.342706e-08,-0.0177161
4.347706e-08,-0.0134045
4.352706e-08,-0.015217
4.357706e-08,-0.0117842
4.362706e-08,-0.00574251
4.367706e-08,-0.0147227
4.372706e-08,-0.0240874
4.377706e-08,-0.0238677
4.382706e-08,-0.0238402
4.387706e-08,-0.0261196
4.392706e-08,-0.0309255
4.397706e-08,-0.0328479
4.402706e-08,-0.0315572
4.407706e-08,-0.037489
4.412706e-08,-0.0491331
4.417706e-08,-0.0575915
4.422706e-08,-0.0565754
4.427706e-08,-0.0492979
4.432706e-08,-0.0460848
4.437706e-08,-0.0444096
4.442706e-08,-0.0396586
4.447706e-08,-0.0330401
4.452706e-08,-0.0228241
4.457706e-08,-0.0150523
4.462706e-08,-0.0185674
4.467706e-08,-0.0238952
4.472706e-08,-0.0184027
4.477706e-08,-0.0152445
4.482706e-08,-0.0241423
4.487706e-08,-0.0271632
4.492706e-08,-0.0205722
4.497706e-08,-0.020325
4.502706e-08,-0.0257351
4.507706e-08,-0.0288384
4.512706e-08,-0.032738
4.517706e-08,-0.033864
4.522706e-08,-0.0283166
4.527706e-08,-0.0290306
4.532706e-08,-0.0303213
4.537706e-08,-0.0171119
4.542706e-08,-0.00579744
4.547706e-08,-0.00722548
4.552706e-08,-0.00810428
4.557706e-08,-0.00176047
4.562706e-08,0.00623109
4.567706e-08,0.0105976
4.572706e-08,0.0100209
4.577706e-08,-0.000579584
4.582706e-08,-0.0178534
4.587706e-08,-0.0281244
4.592706e-08,-0.0311452
4.597706e-08,-0.0340837
4.602706e-08,-0.0406472
4.607706e-08,-0.0442448
4.612706e-08,-0.0345506
4.617706e-08,-0.0241423
4.622706e-08,-0.0266689
4.627706e-08,-0.0403177
4.632706e-08,-0.0571246
4.637706e-08,-0.0631114
4.642706e-08,-0.0565479
4.647706e-08,-0.0467713
4.652706e-08,-0.0395762
4.657706e-08,-0.0384777
4.662706e-08,-0.0395487
4.667706e-08,-0.0360335
4.672706e-08,-0.0319691
4.677706e-08,-0.032738
4.682706e-08,-0.0302664
4.687706e-08,-0.0255704
4.692706e-08,-0.0321613
4.697706e-08,-0.0339464
4.702706e-08,-0.014915
4.707706e-08,-0.00387507
4.712706e-08,-0.0160958
4.717706e-08,-0.0259548
4.722706e-08,-0.0262844
4.727706e-08,-0.029113
4.732706e-08,-0.032381
4.737706e-08,-0.0325733
4.742706e-08,-0.0271083
4.747706e-08,-0.0142009
4.752706e-08,-0.00456163
4.757706e-08,-0.00857114
4.762706e-08,-0.0189245
4.767706e-08,-0.0238402
4.772706e-08,-0.0260921
4.777706e-08,-0.0304861
4.782706e-08,-0.0333971
4.787706e-08,-0.035292
4.792706e-08,-0.037544
4.797706e-08,-0.0371046
4.802706e-08,-0.0296897
4.807706e-08,-0.0195561
4.812706e-08,-0.0185949
4.817706e-08,-0.0167275
4.822706e-08,-0.00505595
4.827706e-08,-0.000854208
4.832706e-08,0.00134278
4.837706e-08,0.0134537
4.842706e-08,0.0161725
4.847706e-08,0.00988359
4.852706e-08,0.00373201
4.857706e-08,-0.00502849
4.862706e-08,0.000930848
4.867706e-08,0.0153486
4.872706e-08,0.0155134
4.877706e-08,0.0101857
4.882706e-08,0.00842808
4.887706e-08,0.0072472
4.892706e-08,0.00708242
4.897706e-08,0.00823584
4.902706e-08,0.00307291
4.907706e-08,-0.00662131
4.912706e-08,-0.00607206
4.917706e-08,-0.00137599
4.922706e-08,-0.00673116
4.927706e-08,-0.0159585
4.932706e-08,-0.0229614
4.937706e-08,-0.0280969
4.942706e-08,-0.0259823
4.947706e-08,-0.0182379
4.952706e-08,-0.0123335
4.957706e-08,-0.00944993
4.962706e-08,-0.0109878
4.967706e-08,-0.0113723
4.972706e-08,-0.00678608
4.977706e-08,-0.00763742
4.982706e-08,-0.00631922
4.987706e-08,0.00428126
4.992706e-08,0.0101857
4.997706e-08,0.0140304
5.002706e-08,0.0207038
5.007706e-08,0.0211157
5.012706e-08,0.0122454
5.017706e-08,-0.00143092
5.022706e-08,-0.00997172
5.027706e-08,-0.0128553
5.032706e-08,-0.0179633
5.037706e-08,-0.0207919
5.042706e-08,-0.0185125
5.047706e-08,-0.022577
5.052706e-08,-0.0333697
5.057706e-08,-0.0346879
5.062706e-08,-0.0274103
5.067706e-08,-0.0224396
5.072706e-08,-0.0123609
5.077706e-08,0.00241382
5.082706e-08,0.00639586
5.087706e-08,0.00436365
5.092706e-08,0.0087027
5.097706e-08,0.0129044
5.102706e-08,0.0112567
5.107706e-08,0.00804361
5.112706e-08,0.000711148
5.117706e-08,-0.011949
5.122706e-08,-0.0227967
5.127706e-08,-0.0269984
5.132706e-08,-0.0261196
5.137706e-08,-0.0231811
5.142706e-08,-0.0129377
5.147706e-08,0.000463987
5.152706e-08,0.00543468
5.157706e-08,0.00389679
5.162706e-08,-0.00233718
5.167706e-08,-0.0129102
5.172706e-08,-0.0248289
5.177706e-08,-0.0324909
5.182706e-08,-0.0312825
5.187706e-08,-0.0271083
5.192706e-08,-0.0213961
5.197706e-08,-0.0161508
5.202706e-08,-0.0126905
5.207706e-08,0.00120547
5.212706e-08,0.0203193
5.217706e-08,0.0263061
5.222706e-08,0.015431
5.227706e-08,-0.00373776
5.232706e-08,-0.0134869
5.237706e-08,-0.009038
5.242706e-08,-0.00544043
5.247706e-08,-0.00733533
5.252706e-08,-0.00780219
5.257706e-08,-0.00593475
5.262706e-08,-0.00445178
5.267706e-08,0.0003816
5.272706e-08,0.00993851
5.277706e-08,0.00881255
5.282706e-08,-0.00126614
5.287706e-08,0.00288068
5.292706e-08,0.0133713
5.297706e-08,0.0124101
5.302706e-08,0.00667049
5.307706e-08,0.00532483
5.312706e-08,0.00820838
5.317706e-08,0.00307291
5.322706e-08,-0.00980695
5.327706e-08,-0.0120589
5.332706e-08,-0.00552281
5.337706e-08,0.00191949
5.342706e-08,0.00686272
5.347706e-08,0.00211173
5.352706e-08,-0.00821413
5.357706e-08,-0.0171119
5.362706e-08,-0.0207919
5.367706e-08,-0.0161508
5.372706e-08,-0.00678608
5.377706e-08,-0.00123868
5.382706e-08,-0.00126614
5.387706e-08,0.00137025
5.392706e-08,0.00441857
5.397706e-08,0.00282575
5.402706e-08,-0.000634509
5.407706e-08,-0.00664877
5.412706e-08,-0.00417716
5.417706e-08,0.00944419
5.422706e-08,0.0122454
5.427706e-08,0.00804361
5.432706e-08,0.0120806
5.437706e-08,0.0143325
5.442706e-08,0.010323
5.447706e-08,0.00933434
5.452706e-08,0.0141677
5.457706e-08,0.0176554
5.462706e-08,0.0171062
5.467706e-08,0.0141677
5.472706e-08,0.00919703
5.477706e-08,0.00603885
5.482706e-08,0.00235889
5.487706e-08,-0.00187032
5.492706e-08,0.00565438
5.497706e-08,0.0198524
5.502706e-08,0.0212805
5.507706e-08,0.0161175
5.512706e-08,0.0188089
5.517706e-08,0.019468
5.522706e-08,0.00749436
5.527706e-08,-0.00425954
5.532706e-08,0.00095831
5.537706e-08,0.00672541
5.542706e-08,-0.00019511
5.547706e-08,-0.00134853
5.552706e-08,-0.00299627
5.557706e-08,-0.0114547
5.562706e-08,-0.00917531
5.567706e-08,-0.0058249
5.572706e-08,-0.0129102
5.577706e-08,-0.0174415
5.582706e-08,-0.0152445
5.587706e-08,-0.0124433
5.592706e-08,-0.0110702
5.597706e-08,-0.0103287
5.602706e-08,-0.00917531
5.607706e-08,-0.00909292
5.612706e-08,-0.0105484
5.617706e-08,-0.0146953
5.622706e-08,-0.0212038
5.627706e-08,-0.0205447
5.632706e-08,-0.0157114
5.637706e-08,-0.0195286
5.642706e-08,-0.0277948
5.647706e-08,-0.02947
5.652706e-08,-0.0196385
5.657706e-08,-0.0125257
5.662706e-08,-0.0164528
5.667706e-08,-0.0138714
5.672706e-08,-0.00576998
5.677706e-08,-0.00390253
5.682706e-08,-0.00313359
5.687706e-08,-3.03361e-05
5.692706e-08,-0.00178793
5.697706e-08,-0.00653892
5.702706e-08,-0.00527565
5.707706e-08,-0.00409477
5.712706e-08,-0.0058249
5.717706e-08,-0.0058249
5.722706e-08,-0.00722548
5.727706e-08,-0.00914785
5.732706e-08,-0.00566013
5.737706e-08,0.000354137
5.742706e-08,0.000409062
5.747706e-08,-0.00401238
5.752706e-08,-0.0032709
5.757706e-08,0.00590154
5.762706e-08,0.0124376
5.767706e-08,0.00947165
5.772706e-08,0.00329261
5.777706e-08,-0.0102463
5.782706e-08,-0.0244719
5.787706e-08,-0.0186224
5.792706e-08,-0.00722548
5.797706e-08,-0.00563266
5.802706e-08,0.00406156
5.807706e-08,0.0213354
5.812706e-08,0.0328421
5.817706e-08,0.0389663
5.822706e-08,0.0378678
5.827706e-08,0.0312219
5.832706e-08,0.0253174
5.837706e-08,0.0218846
5.842706e-08,0.0185617
5.847706e-08,0.011806
5.852706e-08,0.00277083
5.857706e-08,-0.00269419
5.862706e-08,-0.00456163
5.867706e-08,-0.00678608
5.872706e-08,-0.00555028
5.877706e-08,-0.000909132
5.882706e-08,-2.87366e-06
5.887706e-08,-0.000469734
5.892706e-08,-0.000964057
5.897706e-08,-0.010164
5.902706e-08,-0.0229889
5.907706e-08,-0.0199406
5.912706e-08,-0.0085986
5.917706e-08,-0.0109604
5.922706e-08,-0.0135418
5.927706e-08,-0.0015133
5.932706e-08,0.00774152
5.937706e-08,0.00384186
5.942706e-08,-0.00406731
5.947706e-08,-0.00590729
5.952706e-08,-0.00302374
5.957706e-08,-0.00469894
5.962706e-08,-0.00653892
5.967706e-08,-0.00475387
5.972706e-08,-0.00439686
5.977706e-08,0.000711148
5.982706e-08,0.00938926
5.987706e-08,0.0110919
5.992706e-08,0.00927941
5.997706e-08,0.00873017
6.002706e-08,0.00763167
6.007706e-08,0.00768659
6.012706e-08,0.00807107
6.017706e-08,0.00623109
6.022706e-08,0.0070275
6.027706e-08,0.00991105
6.032706e-08,0.00991105
6.037706e-08,0.00900479
6.042706e-08,0.0118334
6.047706e-08,0.0189736
6.052706e-08,0.022022
6.057706e-08,0.0153761
6.062706e-08,0.00282575
6.067706e-08,-0.0081592
6.072706e-08,-0.0117568
6.077706e-08,-0.0110428
6.082706e-08,-0.00986187
6.087706e-08,-0.00362791
6.092706e-08,0.00930688
6.097706e-08,0.0188363
6.102706e-08,0.0197975
6.107706e-08,0.0227909
6.112706e-08,0.0286404
6.117706e-08,0.0261962
6.122706e-08,0.0188638
6.127706e-08,0.0102681
6.132706e-08,-0.000799283
6.137706e-08,-0.00681355
6.142706e-08,-0.00730787
6.147706e-08,-0.006484
6.152706e-08,0.00109562
6.157706e-08,0.0137832
6.162706e-08,0.0165844
6.167706e-08,0.00999344
6.172706e-08,0.00279829
6.177706e-08,-0.00566013
6.182706e-08,-0.00920277
6.187706e-08,-0.00892815
6.192706e-08,-0.0100266
6.197706e-08,-0.00667623
6.202706e-08,-0.000799283
6.207706e-08,0.00444603
6.212706e-08,0.0104328
6.217706e-08,0.0133438
6.222706e-08,0.0101582
6.227706e-08,0.00540722
6.232706e-08,0.00411648
6.237706e-08,0.00351231
6.242706e-08,0.00623109
6.247706e-08,0.0167766
6.252706e-08,0.0229557
6.257706e-08,0.0177928
6.262706e-08,0.0131241
6.267706e-08,0.00947165
6.272706e-08,-0.000579584
6.277706e-08,-0.009038
6.282706e-08,-0.0121412
6.287706e-08,-0.00840636
6.292706e-08,0.00661556
6.297706e-08,0.016914
6.302706e-08,0.0130143
6.307706e-08,0.00779644
6.312706e-08,0.0102131
6.317706e-08,0.0167766
6.322706e-08,0.0154585
6.327706e-08,0.00389679
6.332706e-08,-0.00156823
6.337706e-08,0.00219412
6.342706e-08,-0.00156823
6.347706e-08,-0.00717056
6.352706e-08,-0.00368283
6.357706e-08,-0.000936595
6.362706e-08,-0.00302374
6.367706e-08,-0.00524819
6.372706e-08,-0.00165062
6.377706e-08,0.000299213
6.382706e-08,-0.00596221
6.387706e-08,-0.00241956
6.392706e-08,0.00694511
6.397706e-08,-0.00099152
6.402706e-08,-0.0125532
6.407706e-08,-0.0102189
6.412706e-08,-0.00601714
6.417706e-08,-0.00395746
6.422706e-08,-0.00593475
6.427706e-08,-0.0157388
6.432706e-08,-0.0206821
6.437706e-08,-0.0197209
6.442706e-08,-0.014915
6.447706e-08,-0.00593475
6.452706e-08,-0.00299627
6.457706e-08,-0.00148584
6.462706e-08,0.00537975
6.467706e-08,0.0100209
6.472706e-08,0.0109546
6.477706e-08,0.012877
6.482706e-08,0.0144973
6.487706e-08,0.0114764
6.492706e-08,0.00406156
6.497706e-08,-0.00277657
6.502706e-08,-0.00321597
6.507706e-08,-0.00222733
6.512706e-08,-0.00198017
6.517706e-08,0.00378694
6.522706e-08,0.0003816
6.527706e-08,-0.0121687
6.532706e-08,-0.00486372
6.537706e-08,0.0142501
6.542706e-08,0.0169689
6.547706e-08,0.0123552
6.552706e-08,0.0177653
6.557706e-08,0.0160626
6.562706e-08,0.00219412
6.567706e-08,-0.00500103
6.572706e-08,-0.0143382
6.577706e-08,-0.0228516
6.582706e-08,-0.0176887
6.587706e-08,-0.0129102
6.592706e-08,-0.0103837
6.597706e-08,-0.00461655
6.602706e-08,0.00301799
6.607706e-08,0.00823584
6.612706e-08,0.00463827
6.617706e-08,0.00158994
6.622706e-08,0.00557199
6.627706e-08,0.00609378
6.632706e-08,0.00277083
6.637706e-08,-0.00346313
6.642706e-08,-0.0166176
6.647706e-08,-0.0236755
6.652706e-08,-0.0190068
6.657706e-08,-0.00983441
6.662706e-08,0.00326515
6.667706e-08,0.015788
6.672706e-08,0.0263885
6.677706e-08,0.0314965
6.682706e-08,0.0236972
6.687706e-08,0.0100758
6.692706e-08,-0.00250195
6.697706e-08,-0.0107956
6.702706e-08,-0.0117293
6.707706e-08,-0.00722548
6.712706e-08,0.00241382
6.717706e-08,0.0116137
6.722706e-08,0.0132615
6.727706e-08,0.0123827
6.732706e-08,0.0173259
6.737706e-08,0.023807
6.742706e-08,0.0204566
6.747706e-08,0.0132065
6.752706e-08,0.0149092
6.757706e-08,0.0158978
6.762706e-08,0.00496782
6.767706e-08,-0.00686847
6.772706e-08,-0.0116469
6.777706e-08,-0.0116195
6.782706e-08,-0.00637415
6.787706e-08,-0.00236464
6.792706e-08,-0.00307866
6.797706e-08,0.000930848
6.802706e-08,0.00982866
6.807706e-08,0.013948
6.812706e-08,0.00884002
6.817706e-08,-0.00154077
6.822706e-08,-0.00464402
6.827706e-08,0.00169979
6.832706e-08,0.00559945
6.837706e-08,0.00543468
6.842706e-08,0.00419887
6.847706e-08,0.00230397
6.852706e-08,0.00417141
6.857706e-08,0.0109821
6.862706e-08,0.0133713
6.867706e-08,0.00823584
6.872706e-08,0.00266098
6.877706e-08,-0.00338075
6.882706e-08,-0.0101914
6.887706e-08,-0.0163705
6.892706e-08,-0.0203525
6.897706e-08,-0.020737
6.902706e-08,-0.0233459
6.907706e-08,-0.026559
6.912706e-08,-0.0192265
6.917706e-08,-0.00760996
6.922706e-08,-0.00338075
6.927706e-08,0.00120547
6.932706e-08,0.00713735
6.937706e-08,0.0035947
6.942706e-08,-0.00401238
6.947706e-08,-0.0062643
6.952706e-08,-0.0053855
6.957706e-08,-0.00318851
6.962706e-08,0.00246874
6.967706e-08,0.00581915
6.972706e-08,0.0057093
6.977706e-08,0.0108997
6.982706e-08,0.0117236
6.987706e-08,0.000793536
6.992706e-08,-0.00744518
6.997706e-08,-0.0103562
7.002706e-08,-0.00846129
7.007706e-08,0.00112308
7.012706e-08,0.00669795
7.017706e-08,0.0035947
7.022706e-08,0.00323769
7.027706e-08,0.00873017
7.032706e-08,0.00897733
7.037706e-08,0.00299053
7.042706e-08,0.00095831
7.047706e-08,-0.00148584
7.052706e-08,-0.00826905
7.057706e-08,-0.00851621
7.062706e-08,-0.00395746
7.067706e-08,-0.000799283
7.072706e-08,0.00617616
7.077706e-08,0.0117236
7.082706e-08,0.00831823
7.087706e-08,0.005929
7.092706e-08,0.00873017
7.097706e-08,0.00400663
7.102706e-08,-0.00601714
7.107706e-08,-0.0107681
7.112706e-08,-0.0156839
7.117706e-08,-0.0197209
7.122706e-08,-0.0124433
7.127706e-08,-0.00167808
7.132706e-08,0.00428126
7.137706e-08,0.0102131
7.142706e-08,0.00977374
7.147706e-08,0.00406156
7.152706e-08,0.00279829
7.157706e-08,-0.00206255
7.162706e-08,-0.0124159
7.167706e-08,-0.021094
7.172706e-08,-0.022165
7.177706e-08,-0.0174964
7.182706e-08,-0.0210391
7.187706e-08,-0.0248014
7.192706e-08,-0.0162606
7.197706e-08,-0.00590729
7.202706e-08,0.00101323
7.207706e-08,0.00485797
7.212706e-08,0.00771406
7.217706e-08,0.0161725
7.222706e-08,0.0233402
7.227706e-08,0.0246034
7.232706e-08,0.0294093
7.237706e-08,0.0294917
7.242706e-08,0.0184244
7.247706e-08,0.0167766
7.252706e-08,0.0211432
7.257706e-08,0.0188638
7.262706e-08,0.0180674
7.267706e-08,0.0095815
7.272706e-08,-0.00318851
7.277706e-08,-0.00225479
7.282706e-08,0.00263352
7.287706e-08,0.00419887
7.292706e-08,0.00683526
7.297706e-08,0.0137832
7.302706e-08,0.0192483
7.307706e-08,0.0147719
7.312706e-08,0.0137558
7.317706e-08,0.0142501
7.322706e-08,0.000546374
7.327706e-08,-0.0106308
7.332706e-08,-0.0100266
7.337706e-08,-0.0110153
7.342706e-08,-0.0150797
7.347706e-08,-0.0159311
7.352706e-08,-0.0121138
7.357706e-08,-0.00958725
7.362706e-08,-0.0107681
7.367706e-08,-0.00623684
7.372706e-08,0.0038144
7.377706e-08,0.00598393
7.382706e-08,-3.03361e-05
7.387706e-08,-0.00324344
7.392706e-08,-0.00360045
7.397706e-08,-0.00920277
7.402706e-08,-0.0164528
7.407706e-08,-0.011592
7.412706e-08,-0.0026118
7.417706e-08,-0.00730787
7.422706e-08,-0.0142559
7.427706e-08,-0.0106857
7.432706e-08,-0.000909132
7.437706e-08,0.00375947
7.442706e-08,-0.00552281
7.447706e-08,-0.0118666
7.452706e-08,-0.00568759
7.457706e-08,-0.00623684
7.462706e-08,-0.014146
7.467706e-08,-0.0137615
7.472706e-08,-0.00928516
7.477706e-08,-0.00566013
7.482706e-08,-0.00497357
7.487706e-08,-0.0151896
7.492706e-08,-0.0239501
7.497706e-08,-0.0212313
7.502706e-08,-0.0160409
7.507706e-08,-0.0094774
7.512706e-08,-0.00244703
7.517706e-08,-0.000826745
7.522706e-08,-0.00928516
7.527706e-08,-0.0219728
7.532706e-08,-0.0221101
7.537706e-08,-0.0104386
7.542706e-08,-0.000524659
7.547706e-08,0.00329261
7.552706e-08,0.00837315
7.557706e-08,0.0176829
7.562706e-08,0.0204566
7.567706e-08,0.0178477
7.572706e-08,0.0213629
7.577706e-08,0.0287228
7.582706e-08,0.0262786
7.587706e-08,0.0136734
7.592706e-08,0.00793376
7.597706e-08,0.0113666
7.602706e-08,0.0146895
7.607706e-08,0.0176554
7.612706e-08,0.0191659
7.617706e-08,0.0168865
7.622706e-08,0.0123277
7.627706e-08,0.0105152
7.632706e-08,0.0095815
7.637706e-08,0.000436525
7.642706e-08,-0.0100266
7.647706e-08,-0.014503
7.652706e-08,-0.0151896
7.657706e-08,-0.0145305
7.662706e-08,-0.0173866
7.667706e-08,-0.0162057
7.672706e-08,-0.00728041
7.677706e-08,-0.00530311
7.682706e-08,-0.0135418
7.687706e-08,-0.0179633
7.692706e-08,-0.010164
7.697706e-08,0.00263352
7.702706e-08,0.0142776
7.707706e-08,0.0222691
7.712706e-08,0.0233951
7.717706e-08,0.021665
7.722706e-08,0.0196327
7.727706e-08,0.0187814
7.732706e-08,0.0180399
7.737706e-08,0.00960896
7.742706e-08,-0.00807682
7.747706e-08,-0.0223298
7.752706e-08,-0.0213686
7.757706e-08,-0.0160958
7.762706e-08,-0.0105759
7.767706e-08,0.00318276
7.772706e-08,0.00927941
7.777706e-08,0.00137025
7.782706e-08,-0.00568759
7.787706e-08,-0.0103287
7.792706e-08,-0.0109878
7.797706e-08,-0.00686847
7.802706e-08,-0.00637415
7.807706e-08,-0.0088183
7.812706e-08,-0.0106857
7.817706e-08,-0.0117293
7.822706e-08,-0.010164
7.827706e-08,-0.00475387
7.832706e-08,-0.00110137
7.837706e-08,-0.000689433
7.842706e-08,0.00169979
7.847706e-08,-2.87366e-06
7.852706e-08,0.00139771
7.857706e-08,0.0138382
7.862706e-08,0.0140304
7.867706e-08,0.00134278
7.872706e-08,-0.0034906
7.877706e-08,-0.00618191
7.882706e-08,-0.00557774
7.887706e-08,0.00211173
7.892706e-08,-0.000909132
7.897706e-08,-0.00546789
7.902706e-08,-0.000414809
7.907706e-08,-0.00557774
7.912706e-08,-0.0115371
7.917706e-08,-0.00294135
7.922706e-08,0.000683686
7.927706e-08,-0.00489118
7.932706e-08,-0.00736279
7.937706e-08,-0.00865353
7.942706e-08,-0.0114547
7.947706e-08,-0.0155466
7.952706e-08,-0.0198033
7.957706e-08,-0.0223573
7.962706e-08,-0.0239501
7.967706e-08,-0.0189245
7.972706e-08,-0.00409477
7.977706e-08,0.00985612
7.982706e-08,0.0162549
7.987706e-08,0.0209509
7.992706e-08,0.0233951
7.997706e-08,0.0181498
8.002706e-08,0.00796122
8.007706e-08,-0.00296881
8.012706e-08,-0.00862606
8.017706e-08,-0.00744518
8.022706e-08,-0.0129102
8.027706e-08,-0.0240325
8.032706e-08,-0.0233459
8.037706e-08,-0.0118117
8.042706e-08,-0.000936595
8.047706e-08,0.00384186
8.052706e-08,0.00801614
8.057706e-08,0.0125474
8.062706e-08,0.0102681
8.067706e-08,0.0102406
8.072706e-08,0.0131516
8.077706e-08,0.00908718
8.082706e-08,0.0042538
8.087706e-08,0.00458335
8.092706e-08,0.00944419
8.097706e-08,0.0137009
8.102706e-08,0.0133164
8.107706e-08,0.0108722
8.112706e-08,0.00634094
8.117706e-08,7.95135e-05
8.122706e-08,-0.00148584
8.127706e-08,0.0014801
8.132706e-08,0.00367709
8.137706e-08,0.00947165
8.142706e-08,0.0127671
8.147706e-08,0.00137025
8.152706e-08,-0.0102189
8.157706e-08,-0.0106034
8.162706e-08,-0.0137066
8.167706e-08,-0.0204349
8.172706e-08,-0.0215608
8.177706e-08,-0.0211764
8.182706e-08,-0.0201877
8.187706e-08,-0.0118666
8.192706e-08,-3.03361e-05
8.197706e-08,0.00216665
8.202706e-08,-0.00524819
8.207706e-08,-0.00777473
8.212706e-08,-0.00280404
8.217706e-08,0.000985772
8.222706e-08,0.00911464
8.227706e-08,0.0185342
8.232706e-08,0.0165295
8.237706e-08,0.0150465
8.242706e-08,0.0203742
8.247706e-08,0.0235599
8.252706e-08,0.0221318
8.257706e-08,0.0170238
8.262706e-08,0.00905971
8.267706e-08,-0.00184285
8.272706e-08,-0.00489118
8.277706e-08,0.00743943
8.282706e-08,0.0180948
8.287706e-08,0.00927941
8.292706e-08,-0.0069234
8.297706e-08,-0.0103287
8.302706e-08,-0.0067037
8.307706e-08,-0.00601714
8.312706e-08,-0.00412223
8.317706e-08,-0.00154077
8.322706e-08,-0.000332422
8.327706e-08,0.00601139
8.332706e-08,0.0123277
8.337706e-08,0.00768659
8.342706e-08,0.003375
8.347706e-08,0.00853793
8.352706e-08,0.0145247
8.357706e-08,0.0186166
8.362706e-08,0.0194954
8.367706e-08,0.0163098
8.372706e-08,0.0147444
8.377706e-08,0.0171337
8.382706e-08,0.0166943
8.387706e-08,0.005929
8.392706e-08,-0.00755503
8.397706e-08,-0.0124433
8.402706e-08,-0.0109604
8.407706e-08,-0.00277657
8.412706e-08,0.00941673
8.417706e-08,0.0142776
8.422706e-08,0.00804361
8.427706e-08,-0.00659385
8.432706e-08,-0.0108231
8.437706e-08,-0.00203509
8.442706e-08,-0.00118376
8.447706e-08,0.00084846
8.452706e-08,0.00908718
8.457706e-08,0.0065881
8.462706e-08,-0.00313359
8.467706e-08,-0.00469894
8.472706e-08,0.00178218
8.477706e-08,0.00634094
8.482706e-08,0.00505021
8.487706e-08,0.000546374
8.492706e-08,0.00400663
8.497706e-08,0.0139755
8.502706e-08,0.0193856
8.507706e-08,0.0246034
8.512706e-08,0.0215826
8.517706e-08,0.00551707
8.522706e-08,-0.00376522
8.527706e-08,-0.00445178
8.532706e-08,-0.00508342
8.537706e-08,-0.00338075
8.542706e-08,-0.00181539
8.547706e-08,-0.00502849
8.552706e-08,-0.0117293
8.557706e-08,-0.0134869
8.562706e-08,-0.00760996
8.567706e-08,-0.00143092
8.572706e-08,0.00373201
8.577706e-08,0.0105701
8.582706e-08,0.0201271
8.587706e-08,0.0227909
8.592706e-08,0.01436
8.597706e-08,0.00612124
8.602706e-08,-0.00486372
8.607706e-08,-0.0133496
8.612706e-08,-0.0115371
8.617706e-08,-0.0122786
8.622706e-08,-0.0111801
8.627706e-08,-0.00252941
8.632706e-08,0.00568184
8.637706e-08,0.014717
8.642706e-08,0.0175456
8.647706e-08,0.00944419
8.652706e-08,0.00667049
8.657706e-08,0.0101582
8.662706e-08,0.00612124
8.667706e-08,-0.00115629
8.672706e-08,-0.00365537
8.677706e-08,-0.00272165
8.682706e-08,0.000106976
8.687706e-08,0.00364962
8.692706e-08,0.00796122
8.697706e-08,0.0145522
8.702706e-08,0.0182871
8.707706e-08,0.0136459
8.712706e-08,0.00458335
8.717706e-08,-0.00673116
8.722706e-08,-0.0163155
8.727706e-08,-0.0130475
8.732706e-08,-0.00425954
8.737706e-08,-0.00563266
8.742706e-08,-0.0128003
8.747706e-08,-0.0144756
8.752706e-08,-0.0101365
8.757706e-08,-0.0102738
8.762706e-08,-0.017469
8.767706e-08,-0.0147502
8.772706e-08,-0.00154077
8.777706e-08,0.00532483
8.782706e-08,0.01068
8.787706e-08,0.0181498
8.792706e-08,0.016914
8.797706e-08,0.00763167
8.802706e-08,-0.0030512
8.807706e-08,-0.00961471
8.812706e-08,-0.0107132
8.817706e-08,-0.00629176
8.822706e-08,0.000326675
8.827706e-08,-0.00162315
8.832706e-08,-0.00566013
8.837706e-08,-8.52608e-05
8.842706e-08,0.00873017
8.847706e-08,0.0119158
8.852706e-08,0.00955404
8.857706e-08,0.00818092
8.862706e-08,0.0052699
8.867706e-08,-5.77984e-05
8.872706e-08,0.000875923
8.877706e-08,0.00367709
8.882706e-08,0.00266098
8.887706e-08,-0.000579584
8.892706e-08,-0.00706071
8.897706e-08,-0.0109054
8.902706e-08,-0.00379268
8.907706e-08,0.00606631
8.912706e-08,0.00554453
8.917706e-08,0.00444603
8.922706e-08,0.00993851
8.927706e-08,0.00752182
8.932706e-08,0.000326675
8.937706e-08,0.00175472
8.942706e-08,0.00793376
8.947706e-08,0.0123827
8.952706e-08,0.0162274
8.957706e-08,0.0174083
8.962706e-08,0.00859285
8.967706e-08,-0.00291389
8.972706e-08,-0.0077198
8.977706e-08,-0.00774727
8.982706e-08,-0.00206255
8.987706e-08,0.00340246
8.992706e-08,0.00164487
8.997706e-08,-0.00192524
9.002706e-08,-0.00274911
9.007706e-08,-0.00321597
9.012706e-08,-0.00522073
9.017706e-08,-0.00318851
9.022706e-08,-0.000140186
9.027706e-08,-0.00258434
9.032706e-08,-0.000167648
9.037706e-08,0.00554453
9.042706e-08,0.00617616
9.047706e-08,0.00735705
9.052706e-08,0.00911464
9.057706e-08,0.0126024
9.062706e-08,0.0152113
9.067706e-08,0.00675287
9.072706e-08,-0.00222733
9.077706e-08,0.000766073
9.082706e-08,0.0029356
9.087706e-08,-0.00241956
9.092706e-08,-0.00154077
9.097706e-08,0.00686272
9.102706e-08,0.00889494
9.107706e-08,0.00230397
9.112706e-08,-0.00294135
9.117706e-08,-0.000716896
9.122706e-08,0.00257859
9.127706e-08,0.00106816
9.132706e-08,0.00299053
9.137706e-08,0.00697257
9.142706e-08,0.0105152
9.147706e-08,0.0189462
9.152706e-08,0.0209235
9.157706e-08,0.0179575
9.162706e-08,0.0189736
9.167706e-08,0.0137283
9.172706e-08,0.00496782
9.177706e-08,0.00573677
9.182706e-08,0.00787883
9.187706e-08,-0.000579584
9.192706e-08,-0.0100816
9.197706e-08,-0.014146
9.202706e-08,-0.0162331
9.207706e-08,-0.0134869
9.212706e-08,-0.0135968
9.217706e-08,-0.0210116
9.222706e-08,-0.0199131
9.227706e-08,-0.00629176
9.232706e-08,0.00705496
9.237706e-08,0.00881255
9.242706e-08,0.000354137
9.247706e-08,-0.00868099
9.252706e-08,-0.0153543
9.257706e-08,-0.0138165
9.262706e-08,-0.00890069
9.267706e-08,-0.0149973
9.272706e-08,-0.0198856
9.277706e-08,-0.0133221
9.282706e-08,-0.00497357
9.287706e-08,0.00518752
9.292706e-08,0.0178477
9.297706e-08,0.0228733
9.302706e-08,0.0153486
9.307706e-08,0.00730212
9.312706e-08,0.00776898
9.317706e-08,0.00485797
9.322706e-08,-0.00187032
9.327706e-08,-0.00252941
9.332706e-08,-0.00316105
9.337706e-08,-0.00206255
9.342706e-08,0.0035947
9.347706e-08,0.0029356
9.352706e-08,0.000244288
9.357706e-08,0.00238635
9.362706e-08,0.00565438
9.367706e-08,0.00862032
9.372706e-08,0.00672541
9.377706e-08,0.00510513
9.382706e-08,0.00804361
9.387706e-08,0.00705496
9.392706e-08,0.00546214
9.397706e-08,0.00675287
9.402706e-08,0.00200188
9.407706e-08,-0.00585236
9.412706e-08,-0.00318851
9.417706e-08,0.00568184
9.422706e-08,0.0116137
9.427706e-08,0.015431
9.432706e-08,0.0154859
9.437706e-08,0.0138656
9.442706e-08,0.0104603
9.447706e-08,0.0057093
9.452706e-08,0.0133988
9.457706e-08,0.0306452
9.462706e-08,0.0292171
9.467706e-08,0.0128495
9.472706e-08,0.0134537
9.477706e-08,0.0172435
9.482706e-08,0.00628601
9.487706e-08,-0.00365537
9.492706e-08,-0.0153269
9.497706e-08,-0.0310628
9.502706e-08,-0.0362258
9.507706e-08,-0.0307882
9.512706e-08,-0.0237578
9.517706e-08,-0.0177161
9.522706e-08,-0.012718
9.527706e-08,-0.0101914
9.532706e-08,-0.00546789
9.537706e-08,0.00274337
9.542706e-08,0.0022765
9.547706e-08,-0.00321597
9.552706e-08,-0.00266673
9.557706e-08,-0.0047264
9.562706e-08,-0.0102738
9.567706e-08,-0.0141185
9.572706e-08,-0.0188146
9.577706e-08,-0.0236755
9.582706e-08,-0.0263393
9.587706e-08,-0.0252957
9.592706e-08,-0.0247739
9.597706e-08,-0.0229065
9.602706e-08,-0.0160409
9.607706e-08,-0.0162331
9.612706e-08,-0.0233184
9.617706e-08,-0.0235656
9.622706e-08,-0.0215059
9.627706e-08,-0.0230987
9.632706e-08,-0.0199406
9.637706e-08,-0.0158212
9.642706e-08,-0.0191991
9.647706e-08,-0.0244993
9.652706e-08,-0.0255704
9.657706e-08,-0.0173591
9.662706e-08,-0.0062643
9.667706e-08,-0.00629176
9.672706e-08,-0.0147776
9.677706e-08,-0.0230987
9.682706e-08,-0.0267787
9.687706e-08,-0.0239501
9.692706e-08,-0.0147227
9.697706e-08,-0.00662131
9.702706e-08,-0.00480879
9.707706e-08,0.00139771
9.712706e-08,0.0113116
9.717706e-08,0.0177378
9.722706e-08,0.0165844
9.727706e-08,0.0063684
9.732706e-08,0.00233143
9.737706e-08,0.00546214
9.742706e-08,0.00532483
9.747706e-08,0.00628601
9.752706e-08,0.00969135
9.757706e-08,0.0138931
9.762706e-08,0.0134262
9.767706e-08,-0.000799283
9.772706e-08,-0.0120589
9.777706e-08,-0.00285896
9.782706e-08,0.0012604
9.787706e-08,-0.00854368
9.792706e-08,-0.00329836
9.797706e-08,0.0110095
9.802706e-08,0.0175181
9.807706e-08,0.0232303
9.812706e-08,0.0258667
9.817706e-08,0.0218572
9.822706e-08,0.0122728
9.827706e-08,0.00191949
9.832706e-08,0.00112308
9.837706e-08,0.00312784
9.842706e-08,0.000134438
9.847706e-08,0.00095831
9.852706e-08,-0.000689433
9.857706e-08,-0.0168099
9.862706e-08,-0.0274653
9.867706e-08,-0.0186224
9.872706e-08,-0.0102463
9.877706e-08,-0.00708817
9.882706e-08,0.000793536
9.887706e-08,0.00373201
9.892706e-08,0.000216825
9.897706e-08,0.00172726
9.902706e-08,0.00263352
9.907706e-08,0.0012604
9.912706e-08,0.00798868
9.917706e-08,0.0140304
9.922706e-08,0.00705496
9.927706e-08,-0.00288642
9.932706e-08,-0.00181539
9.937706e-08,0.00667049
9.942706e-08,0.0072472
9.947706e-08,0.000683686
9.952706e-08,0.000985772
9.957706e-08,0.00543468
9.962706e-08,0.00186457
9.967706e-08,-0.00544043
9.972706e-08,-0.00645653
9.977706e-08,-0.00420462
9.982706e-08,-0.00557774
9.987706e-08,-0.00566013
9.992706e-08,-3.03361e-05
9.997706e-08,0.00288068
1.000271e-07,0.00175472
1.000771e-07,0.00101323
1.001271e-07,0.000463987
1.001771e-07,0.00115055
1.002271e-07,0.00115055
1.002771e-07,7.95135e-05
1.003271e-07,-0.00162315
1.003771e-07,-0.0094774
1.004271e-07,-0.0206271
1.004771e-07,-0.0233184
1.005271e-07,-0.0178534
1.005771e-07,-0.0132397
1.006271e-07,-0.011235
1.006771e-07,-0.00939501
1.007271e-07,-0.0100816
1.007771e-07,-0.0137615
1.008271e-07,-0.0108505
1.008771e-07,-0.00115629
1.009271e-07,0.00565438
1.009771e-07,0.0140304
1.010271e-07,0.0214453
1.010771e-07,0.0160901
1.011271e-07,0.0107075
1.011771e-07,0.0124376
1.012271e-07,0.0104878
1.012771e-07,0.0098012
1.013271e-07,0.00971881
1.013771e-07,0.00183711
1.014271e-07,-0.000964057
1.014771e-07,0.0098012
1.015271e-07,0.0202644
1.015771e-07,0.0200172
1.016271e-07,0.0152662
1.016771e-07,0.01252
1.017271e-07,0.00667049
1.017771e-07,-0.00104644
1.018271e-07,-0.00162315
1.018771e-07,-0.00469894
1.019271e-07,-0.0188146
1.019771e-07,-0.0284539
1.020271e-07,-0.0271357
1.020771e-07,-0.0211214
1.021271e-07,-0.01302
1.021771e-07,-0.00618191
1.022271e-07,0.00180964
1.022771e-07,0.0121904
1.023271e-07,0.0224064
1.023771e-07,0.030398
1.024271e-07,0.0297389
1.024771e-07,0.0288876
1.025271e-07,0.0338583
1.025771e-07,0.0247407
1.026271e-07,0.00603885
1.026771e-07,-0.000579584
1.027271e-07,-0.000469734
1.027771e-07,-0.00236464
1.028271e-07,-0.00774727
1.028771e-07,-0.0113723
1.029271e-07,-0.00936755
1.029771e-07,-0.00835144
1.030271e-07,-0.00362791
1.030771e-07,0.00169979
1.031271e-07,-0.00414969
1.031771e-07,-0.00615445
1.032271e-07,-2.87366e-06
1.032771e-07,0.00123293
1.033271e-07,0.00137025
1.033771e-07,-0.00508342
1.034271e-07,-0.0229614
1.034771e-07,-0.0328479
1.035271e-07,-0.0316395
1.035771e-07,-0.0361434
1.036271e-07,-0.0388072
1.036771e-07,-0.0268062
1.037271e-07,-0.0141735
1.037771e-07,-0.00631922
1.038271e-07,-0.00456163
1.038771e-07,-0.0109604
1.039271e-07,-0.00939501
1.039771e-07,-0.00395746
1.040271e-07,-0.00129361
1.040771e-07,0.00639586
1.041271e-07,0.0070275
1.041771e-07,-0.00272165
1.042271e-07,-0.00365537
1.042771e-07,0.00351231
1.043271e-07,0.00419887
1.043771e-07,0.00109562
1.044271e-07,-0.00263926
1.044771e-07,-0.0117293
1.045271e-07,-0.0141185
1.045771e-07,-0.00296881
1.046271e-07,-0.00176047
1.046771e-07,-0.010878
1.047271e-07,-0.00530311
1.047771e-07,0.00881255
1.048271e-07,0.0204017
1.048771e-07,0.0292995
1.049271e-07,0.0304529
1.049771e-07,0.0301508
1.050271e-07,0.0291896
1.050771e-07,0.0230381
1.051271e-07,0.0161175
1.051771e-07,0.00859285
1.052271e-07,0.00408902
1.052771e-07,0.00499528
1.053271e-07,0.00639586
1.053771e-07,0.00485797
1.054271e-07,0.00477558
1.054771e-07,0.00993851
1.055271e-07,0.01252
1.055771e-07,0.0116961
1.056271e-07,0.0134537
1.056771e-07,0.0130692
1.057271e-07,0.00334754
1.057771e-07,-0.00659385
1.058271e-07,-0.00513834
1.058771e-07,0.000106976
1.059271e-07,0.00260605
1.059771e-07,0.00353977
1.060271e-07,0.00370455
1.060771e-07,0.00510513
1.061271e-07,0.00417141
1.061771e-07,0.0010407
1.062271e-07,0.00153502
1.062771e-07,0.00216665
1.063271e-07,-0.00203509
1.063771e-07,-0.00612699
1.064271e-07,-0.00574251
1.064771e-07,-0.00566013
1.065271e-07,-0.0108505
1.065771e-07,-0.0151621
1.066271e-07,-0.00763742
1.066771e-07,0.00419887
1.067271e-07,0.00617616
1.067771e-07,0.00612124
1.068271e-07,0.00952657
1.068771e-07,0.00351231
1.069271e-07,-0.00522073
1.069771e-07,-0.00758249
1.070271e-07,-0.0173042
1.070771e-07,-0.0259274
1.071271e-07,-0.0206546
1.071771e-07,-0.0152445
1.072271e-07,-0.0129377
1.072771e-07,-0.00988933
1.073271e-07,-0.00576998
1.073771e-07,0.00164487
1.074271e-07,0.00252367
1.074771e-07,-0.00568759
1.075271e-07,-0.00750011
1.075771e-07,-0.000607046
1.076271e-07,0.0010407
1.076771e-07,-0.00192524
1.077271e-07,0.00809853
1.077771e-07,0.0235324
1.078271e-07,0.0178477
1.078771e-07,0.00776898
1.079271e-07,0.0163372
1.079771e-07,0.022022
1.080271e-07,0.0137832
1.080771e-07,0.00639586
1.081271e-07,0.0104603
1.081771e-07,0.0168316
1.082271e-07,0.0144973
1.082771e-07,0.0122179
1.083271e-07,0.00969135
1.083771e-07,0.00364962
1.084271e-07,-0.000661971
1.084771e-07,-0.00527565
1.085271e-07,-0.0100266
1.085771e-07,-0.0106583
1.086271e-07,-0.00988933
1.086771e-07,-0.013789
1.087271e-07,-0.0135968
1.087771e-07,-0.00453417
1.088271e-07,-0.000689433
1.088771e-07,-0.00148584
1.089271e-07,-0.0049461
1.089771e-07,-0.0157114
1.090271e-07,-0.0198856
1.090771e-07,-0.0143932
1.091271e-07,-0.0198033
1.091771e-07,-0.0328479
1.092271e-07,-0.0287835
1.092771e-07,-0.011235
1.093271e-07,0.00411648
1.093771e-07,0.0142501
1.094271e-07,0.0168041
1.094771e-07,0.016914
1.095271e-07,0.0154859
1.095771e-07,0.00505021
1.096271e-07,-0.0077198
1.096771e-07,-0.0205997
1.097271e-07,-0.0334795
1.097771e-07,-0.0304861
1.098271e-07,-0.0122786
1.098771e-07,0.00142517
1.099271e-07,0.00202934
1.099771e-07,-0.0015133
1.100271e-07,-0.00274911
1.100771e-07,-0.0103837
1.101271e-07,-0.0248014
1.101771e-07,-0.0356765
1.102271e-07,-0.0398783
1.102771e-07,-0.0388622
1.103271e-07,-0.0357314
1.103771e-07,-0.0328204
1.104271e-07,-0.0260921
1.104771e-07,-0.0197758
1.105271e-07,-0.0214785
1.105771e-07,-0.0273829
1.106271e-07,-0.0345231
1.106771e-07,-0.0332324
1.107271e-07,-0.0215059
1.107771e-07,-0.0100541
1.108271e-07,0.00142517
1.108771e-07,0.00510513
1.109271e-07,-0.000552121
1.109771e-07,-0.0021724
1.110271e-07,-0.000277498
1.110771e-07,0.00183711
1.111271e-07,0.00178218
1.111771e-07,-0.0015133
1.112271e-07,-0.00403984
1.112771e-07,-0.00615445
1.113271e-07,0.000161901
1.113771e-07,0.0174083
1.114271e-07,0.0209509
1.114771e-07,0.0134812
1.115271e-07,0.0150191
1.115771e-07,0.0139755
1.116271e-07,0.0102955
1.116771e-07,0.0106251
1.117271e-07,0.00505021
1.117771e-07,-0.000524659
1.118271e-07,0.00153502
1.118771e-07,0.00463827
1.119271e-07,0.0068078
1.119771e-07,0.00743943
1.120271e-07,0.00496782
1.120771e-07,0.00691765
1.121271e-07,0.0161725
1.121771e-07,0.0204841
1.122271e-07,0.0180674
1.122771e-07,0.019056
1.123271e-07,0.0224064
1.123771e-07,0.0229831
1.124271e-07,0.0168865
1.124771e-07,0.00436365
1.125271e-07,-0.00393
1.125771e-07,-0.00121122
1.126271e-07,0.00268844
1.126771e-07,-0.00030496
1.127271e-07,-0.00332582
1.127771e-07,-0.00318851
1.128271e-07,0.000628761
1.128771e-07,0.0070275
1.129271e-07,0.00656064
1.129771e-07,0.0042538
1.130271e-07,0.00738451
1.130771e-07,0.00719227
1.131271e-07,0.0104054
1.131771e-07,0.0190011
1.132271e-07,0.0119707
1.132771e-07,0.00246874
1.133271e-07,0.00853793
1.133771e-07,0.00603885
1.134271e-07,-0.00711563
1.134771e-07,-0.0111526
1.135271e-07,-0.013432
1.135771e-07,-0.0139263
1.136271e-07,-0.00623684
1.136771e-07,-0.00527565
1.137271e-07,-0.0106583
1.137771e-07,-0.0176063
1.138271e-07,-0.032381
1.138771e-07,-0.0366926
1.139271e-07,-0.02763
1.139771e-07,-0.0268886
1.140271e-07,-0.0265865
1.140771e-07,-0.0168648
1.141271e-07,-0.00088167
1.141771e-07,0.0175456
1.142271e-07,0.0215276
1.142771e-07,0.0134537
1.143271e-07,0.0108722
1.143771e-07,0.00700004
1.144271e-07,-0.00211748
1.144771e-07,-0.00464402
1.145271e-07,0.00230397
1.145771e-07,0.00384186
1.146271e-07,-0.00824159
1.146771e-07,-0.0176887
1.147271e-07,-0.0153543
1.147771e-07,-0.00884576
1.148271e-07,-0.00123868
1.148771e-07,0.00235889
1.149271e-07,-0.00137599
1.149771e-07,-0.00563266
1.150271e-07,-0.00708817
1.150771e-07,-0.00258434
1.151271e-07,0.00625855
1.151771e-07,0.00875763
1.152271e-07,0.0044735
1.152771e-07,0.003375
1.153271e-07,0.00867524
1.153771e-07,0.0100758
1.154271e-07,0.00211173
1.154771e-07,-0.00222733
1.155271e-07,0.00178218
1.155771e-07,-0.000167648
1.156271e-07,-0.00618191
1.156771e-07,-0.00637415
1.157271e-07,-0.00596221
1.157771e-07,-0.00442432
1.158271e-07,-0.00176047
1.158771e-07,-0.000167648
1.159271e-07,0.00175472
1.159771e-07,0.000106976
1.160271e-07,-0.00178793
1.160771e-07,-0.00165062
1.161271e-07,0.00115055
1.161771e-07,0.00562692
1.162271e-07,-0.00121122
1.162771e-07,-0.0131024
1.163271e-07,-0.0193639
1.163771e-07,-0.0326831
1.164271e-07,-0.045563
1.164771e-07,-0.0450412
1.165271e-07,-0.0427069
1.165771e-07,-0.038972
1.166271e-07,-0.0271906
1.166771e-07,-0.0165352
1.167271e-07,-0.0143382
1.167771e-07,-0.00977948
1.168271e-07,-0.00307866
1.168771e-07,-0.00263926
1.169271e-07,-0.00132107
1.169771e-07,-0.00332582
1.170271e-07,-0.0117019
1.170771e-07,-0.0136791
1.171271e-07,-0.0103562
1.171771e-07,-0.0106583
1.172271e-07,-0.012306
1.172771e-07,-0.0160684
1.173271e-07,-0.0191442
1.173771e-07,-0.00596221
1.174271e-07,0.0130967
1.174771e-07,0.0132889
1.175271e-07,0.00411648
1.175771e-07,0.00310038
1.176271e-07,0.0044735
1.176771e-07,0.00169979
1.177271e-07,-0.00228225
1.177771e-07,-0.00340821
1.178271e-07,-0.00167808
1.178771e-07,-0.00088167
1.179271e-07,0.00296306
1.179771e-07,0.0123552
1.180271e-07,0.0177104
1.180771e-07,0.0173808
1.181271e-07,0.0154585
1.181771e-07,0.00905971
1.182271e-07,0.00326515
1.182771e-07,0.00557199
1.183271e-07,0.012163
1.183771e-07,0.0131241
1.184271e-07,0.00238635
1.184771e-07,-0.0109054
1.185271e-07,-0.0151346
1.185771e-07,-0.0120863
1.186271e-07,-0.0103287
1.186771e-07,-0.0132123
1.187271e-07,-0.0150797
1.187771e-07,-0.0164254
1.188271e-07,-0.0199955
1.188771e-07,-0.0228516
1.189271e-07,-0.0262569
1.189771e-07,-0.0262295
1.190271e-07,-0.0234283
1.190771e-07,-0.0196934
1.191271e-07,-0.00609952
1.191771e-07,0.0101582
1.192271e-07,0.0174083
1.192771e-07,0.0163372
1.193271e-07,0.00974627
1.193771e-07,0.00186457
1.194271e-07,-0.000469734
1.194771e-07,0.00260605
1.195271e-07,0.00414395
1.195771e-07,0.00730212
1.196271e-07,0.0113666
1.196771e-07,0.010323
1.197271e-07,0.00672541
1.197771e-07,-0.00296881
1.198271e-07,-0.0150797
1.198771e-07,-0.0141735
1.199271e-07,-0.00546789
1.199771e-07,0.000601299
1.200271e-07,0.00485797
1.200771e-07,0.0044735
1.201271e-07,0.00310038
1.201771e-07,0.00211173
1.202271e-07,-0.00203509
1.202771e-07,-0.00335328
1.203271e-07,-0.00568759
1.203771e-07,-0.0122236
1.204271e-07,-0.0121412
1.204771e-07,-0.00206255
1.205271e-07,0.00933434
1.205771e-07,0.0116961
1.206271e-07,0.00881255
1.206771e-07,0.00518752
1.207271e-07,-0.00332582
1.207771e-07,-0.00689593
1.208271e-07,-0.00332582
1.208771e-07,-5.77984e-05
1.209271e-07,0.00581915
1.209771e-07,0.0109546
1.210271e-07,0.0102406
1.210771e-07,0.00491289
1.211271e-07,0.00268844
1.211771e-07,0.00461081
1.212271e-07,-0.00255688
1.212771e-07,-0.0118392
1.213271e-07,-0.00799443
1.213771e-07,0.00161741
1.214271e-07,0.00889494
1.214771e-07,0.0122728
1.215271e-07,0.0107898
1.215771e-07,0.00686272
1.216271e-07,0.00326515
1.216771e-07,-8.52608e-05
1.217271e-07,-0.00467148
1.217771e-07,-0.00914785
1.218271e-07,-0.0103837
1.218771e-07,-0.00994426
1.219271e-07,-0.0141735
1.219771e-07,-0.0139263
1.220271e-07,-0.00313359
1.220771e-07,-0.00206255
1.221271e-07,-0.00708817
1.221771e-07,-0.000744358
1.222271e-07,0.000656224
1.222771e-07,-0.00631922
1.223271e-07,-0.00689593
1.223771e-07,-0.0049461
1.224271e-07,0.00106816
1.224771e-07,0.00886748
1.225271e-07,0.00905971
1.225771e-07,0.00993851
1.226271e-07,0.014717
1.226771e-07,0.0199623
1.227271e-07,0.0248506
1.227771e-07,0.0245485
1.228271e-07,0.0239169
1.228771e-07,0.0302881
1.229271e-07,0.0337759
1.229771e-07,0.0240267
1.230271e-07,0.0100209
1.230771e-07,0.00623109
1.231271e-07,0.00991105
1.231771e-07,0.0136734
1.232271e-07,0.0193306
1.232771e-07,0.0199897
1.233271e-07,0.0134262
1.233771e-07,0.00966389
1.234271e-07,0.00776898
1.234771e-07,0.00612124
1.235271e-07,0.00551707
1.235771e-07,-0.0026118
1.236271e-07,-0.0165627
1.236771e-07,-0.0163155
1.237271e-07,-0.00214494
1.237771e-07,0.00540722
1.238271e-07,0.00969135
1.238771e-07,0.0136734
1.239271e-07,0.00408902
1.239771e-07,-0.00615445
1.240271e-07,-0.00719802
1.240771e-07,-0.0128278
1.241271e-07,-0.0142559
1.241771e-07,-0.00961471
1.242271e-07,-0.0107407
1.242771e-07,-0.00439686
1.243271e-07,0.00741197
1.243771e-07,0.0149641
1.244271e-07,0.0233951
1.244771e-07,0.024521
1.245271e-07,0.0189736
1.245771e-07,0.016914
1.246271e-07,0.0106525
1.246771e-07,0.00183711
1.247271e-07,0.000656224
1.247771e-07,0.00117801
1.248271e-07,0.000628761
1.248771e-07,0.00370455
1.249271e-07,0.0101582
1.249771e-07,0.0150465
1.250271e-07,0.00881255
1.250771e-07,-0.00266673
1.251271e-07,-0.00571505
1.251771e-07,-0.00923024
1.252271e-07,-0.0175788
1.252771e-07,-0.0202152
1.253271e-07,-0.0158761
1.253771e-07,-0.00944993
1.254271e-07,-0.00165062
1.254771e-07,0.00752182
1.255271e-07,0.00949911
1.255771e-07,0.00837315
1.256271e-07,0.0116137
1.256771e-07,0.0112567
1.257271e-07,0.0134812
1.257771e-07,0.0216924
1.258271e-07,0.021665
1.258771e-07,0.0188912
1.259271e-07,0.0222417
1.259771e-07,0.0177378
1.260271e-07,0.0104603
1.260771e-07,0.0154859
1.261271e-07,0.0182871
1.261771e-07,0.0123277
1.262271e-07,0.00949911
1.262771e-07,0.0089224
1.263271e-07,0.00727466
1.263771e-07,0.00222158
1.264271e-07,-0.0103837
1.264771e-07,-0.0167549
1.265271e-07,-0.00895561
1.265771e-07,0.000189363
1.266271e-07,0.00238635
1.266771e-07,0.00095831
1.267271e-07,0.00667049
1.267771e-07,0.0147444
1.268271e-07,0.0125749
1.268771e-07,0.00798868
1.269271e-07,0.00551707
1.269771e-07,0.0014801
1.270271e-07,0.00156248
1.270771e-07,0.00949911
1.271271e-07,0.0236148
1.271771e-07,0.035506
1.272271e-07,0.035506
1.272771e-07,0.0295741
1.273271e-07,0.0269103
1.273771e-07,0.0220769
1.274271e-07,0.0129594
1.274771e-07,0.00776898
1.275271e-07,0.00925195
1.275771e-07,0.0132889
1.276271e-07,0.00969135
1.276771e-07,-3.03361e-05
1.277271e-07,-0.00439686
1.277771e-07,-0.0060446
1.278271e-07,-0.0118117
1.278771e-07,-0.0140911
1.279271e-07,-0.00497357
1.279771e-07,-0.00294135
1.280271e-07,-0.0116744
1.280771e-07,-0.0131574
1.281271e-07,-0.0163979
1.281771e-07,-0.0204624
1.282271e-07,-0.0132672
1.282771e-07,-0.00730787
1.283271e-07,-0.00445178
1.283771e-07,0.000738611
1.284271e-07,0.00222158
1.284771e-07,0.000161901
1.285271e-07,-0.00354552
1.285771e-07,-0.00944993
1.286271e-07,-0.0120589
1.286771e-07,-0.00807682
1.287271e-07,-0.00557774
1.287771e-07,-0.00642907
1.288271e-07,-0.00214494
1.288771e-07,0.00576423
1.289271e-07,0.00927941
1.289771e-07,0.00513259
1.290271e-07,0.0003816
1.290771e-07,0.00370455
1.291271e-07,0.00820838
1.291771e-07,0.00491289
1.292271e-07,0.000244288
1.292771e-07,0.000820998
1.293271e-07,0.00664302
1.293771e-07,0.0149916
1.294271e-07,0.0151838
1.294771e-07,0.00988359
1.295271e-07,0.00974627
1.295771e-07,0.0102955
1.296271e-07,0.00617616
1.296771e-07,-0.00533058
1.297271e-07,-0.0153543
1.297771e-07,-0.00651146
1.298271e-07,0.0103779
1.298771e-07,0.0124101
1.299271e-07,0.0102406
1.299771e-07,0.0143874
1.300271e-07,0.00793376
1.300771e-07,-0.00458909
1.301271e-07,-0.0107681
1.301771e-07,-0.0160134
1.302271e-07,-0.0162331
1.302771e-07,-0.0121687
1.303271e-07,-0.00923024
1.303771e-07,-0.00137599
1.304271e-07,0.0101582
1.304771e-07,0.0140304
1.305271e-07,0.00771406
1.305771e-07,0.00345739
1.306271e-07,0.00186457
1.306771e-07,-0.0104386
1.307271e-07,-0.0282891
1.307771e-07,-0.0360885
1.308271e-07,-0.0306234
1.308771e-07,-0.0188421
1.309271e-07,-0.00414969
1.309771e-07,0.0110095
1.310271e-07,0.0151564
1.310771e-07,0.0072472
1.311271e-07,-0.000634509
1.311771e-07,-0.00576998
1.312271e-07,-0.0116469
1.312771e-07,-0.0168648
1.313271e-07,-0.0168373
1.313771e-07,-0.0144756
1.314271e-07,-0.0226319
1.314771e-07,-0.0314473
1.315271e-07,-0.017469
1.315771e-07,-0.001733
1.316271e-07,-0.00760996
1.316771e-07,-0.0112075
1.317271e-07,-0.00491864
1.317771e-07,-0.0062643
1.318271e-07,-0.0107132
1.318771e-07,-0.0149699
1.319271e-07,-0.0174415
1.319771e-07,-0.00590729
1.320271e-07,0.00884002
1.320771e-07,0.0149916
1.321271e-07,0.0183969
1.321771e-07,0.0136734
1.322271e-07,-0.001733
1.322771e-07,-0.015217
1.323271e-07,-0.0233459
1.323771e-07,-0.0285088
1.324271e-07,-0.0274653
1.324771e-07,-0.0204898
1.325271e-07,-0.00747264
1.325771e-07,0.00612124
1.326271e-07,0.0111469
1.326771e-07,0.0158155
1.327271e-07,0.021665
1.327771e-07,0.0174632
1.328271e-07,0.0118334
1.328771e-07,0.0102406
1.329271e-07,0.00480304
1.329771e-07,0.00609378
1.330271e-07,0.014305
1.330771e-07,0.0112842
1.331271e-07,0.00875763
1.331771e-07,0.018342
1.332271e-07,0.0200447
1.332771e-07,0.0149916
1.333271e-07,0.018699
1.333771e-07,0.018699
1.334271e-07,0.00785137
1.334771e-07,-0.000716896
1.335271e-07,-0.00269419
1.335771e-07,-0.00296881
1.336271e-07,-0.00544043
1.336771e-07,-0.0110977
1.337271e-07,-0.013789
1.337771e-07,-0.00843383
1.338271e-07,-0.000469734
1.338771e-07,0.00488543
1.339271e-07,0.00944419
1.339771e-07,0.00903225
1.340271e-07,0.00389679
1.340771e-07,0.00507767
1.341271e-07,0.00787883
1.341771e-07,0.00543468
1.342271e-07,0.00356724
1.342771e-07,-0.00126614
1.343271e-07,-0.00423208
1.343771e-07,0.00554453
1.344271e-07,0.011037
1.344771e-07,0.00749436
1.345271e-07,0.014662
1.345771e-07,0.0236148
1.346271e-07,0.0180674
1.346771e-07,0.0101033
1.347271e-07,0.00554453
1.347771e-07,-0.00307866
1.348271e-07,-0.00760996
1.348771e-07,-0.00343567
1.349271e-07,-0.00143092
1.349771e-07,-0.00824159
1.350271e-07,-0.0176337
1.350771e-07,-0.0123609
1.351271e-07,-0.000936595
1.351771e-07,-0.00456163
1.352271e-07,-0.00936755
1.352771e-07,-0.00461655
1.353271e-07,-0.00112883
1.353771e-07,-0.00129361
1.354271e-07,0.000134438
1.354771e-07,0.00238635
1.355271e-07,0.00397917
1.355771e-07,0.00837315
1.356271e-07,0.0131516
1.356771e-07,0.0199897
1.357271e-07,0.0291347
1.357771e-07,0.0254273
1.358271e-07,0.0134537
1.358771e-07,0.0128221
1.359271e-07,0.0173808
1.359771e-07,0.0113391
1.360271e-07,-0.000112723
1.360771e-07,-0.00458909
1.361271e-07,-0.00689593
1.361771e-07,-0.00739026
1.362271e-07,-0.000634509
1.362771e-07,0.00109562
1.363271e-07,-0.000497197
1.363771e-07,0.00351231
1.364271e-07,0.00461081
1.364771e-07,0.00274337
1.365271e-07,0.00667049
1.365771e-07,0.026773
1.366271e-07,0.0481387
1.366771e-07,0.0432778
1.367271e-07,0.0335562
1.367771e-07,0.0315514
1.368271e-07,0.0127946
1.368771e-07,-0.0104111
1.369271e-07,-0.0179084
1.369771e-07,-0.0194462
1.370271e-07,-0.0261471
1.370771e-07,-0.0379834
1.371271e-07,-0.0381481
1.371771e-07,-0.0330401
1.372271e-07,-0.0423773
1.372771e-07,-0.0430364
1.373271e-07,-0.0237578
1.373771e-07,-0.00736279
1.374271e-07,0.00095831
1.374771e-07,0.00754928
1.375271e-07,0.0137832
1.375771e-07,0.016914
1.376271e-07,0.0105152
1.376771e-07,0.00186457
1.377271e-07,-0.00467148
1.377771e-07,-0.0201603
1.378271e-07,-0.0304587
1.378771e-07,-0.0230713
1.379271e-07,-0.0166176
1.379771e-07,-0.0106857
1.380271e-07,0.00282575
1.380771e-07,0.0106251
1.381271e-07,0.0136734
1.381771e-07,0.0210333
1.382271e-07,0.0179301
1.382771e-07,0.00332008
1.383271e-07,-0.00346313
1.383771e-07,-0.00719802
1.384271e-07,-0.0157114
1.384771e-07,-0.0222199
1.385271e-07,-0.0232086
1.385771e-07,-0.0150523
1.386271e-07,-0.00409477
1.386771e-07,-0.00530311
1.387271e-07,-0.0126356
1.387771e-07,-0.011235
1.388271e-07,-0.0105759
1.388771e-07,-0.0161233
1.389271e-07,-0.0128827
1.389771e-07,-0.00909292
1.390271e-07,-0.0137615
1.390771e-07,-0.00739026
1.391271e-07,0.0120806
1.391771e-07,0.0241366
1.392271e-07,0.0228733
1.392771e-07,0.0208685
1.393271e-07,0.0235324
1.393771e-07,0.0242739
1.394271e-07,0.0207038
1.394771e-07,0.0124925
1.395271e-07,0.0024962
1.395771e-07,-0.00187032
1.396271e-07,0.000518912
1.396771e-07,0.00419887
1.397271e-07,0.00631348
1.397771e-07,0.00691765
1.398271e-07,0.00749436
1.398771e-07,0.00752182
1.399271e-07,0.00524244
1.399771e-07,0.0074669
1.400271e-07,0.0130967
1.400771e-07,0.00996597
1.401271e-07,0.00200188
1.401771e-07,5.20511e-05
1.402271e-07,0.00301799
1.402771e-07,0.00458335
1.403271e-07,0.00233143
1.403771e-07,-0.00247449
1.404271e-07,-0.00379268
1.404771e-07,0.00145263
1.405271e-07,-0.00439686
1.405771e-07,-0.020023
1.406271e-07,-0.0177161
1.406771e-07,-0.00324344
1.407271e-07,0.00719227
1.407771e-07,0.00422633
1.408271e-07,-0.0148875
1.408771e-07,-0.0225495
1.409271e-07,-0.00964217
1.409771e-07,-0.00412223
1.410271e-07,-0.0125257
1.410771e-07,-0.0127454
1.411271e-07,-0.00143092
1.411771e-07,0.00697257
1.412271e-07,0.00925195
1.412771e-07,0.0135635
1.413271e-07,0.0179575
1.413771e-07,0.0100209
1.414271e-07,-0.00398492
1.414771e-07,-0.0118117
1.415271e-07,-0.0140911
1.415771e-07,-0.0143382
1.416271e-07,-0.0165078
1.416771e-07,-0.0167824
1.417271e-07,-0.013432
1.417771e-07,-0.00684101
1.418271e-07,0.00609378
1.418771e-07,0.0141677
1.419271e-07,0.00927941
1.419771e-07,-0.00343567
1.420271e-07,-0.0143932
1.420771e-07,-0.0169197
1.421271e-07,-0.0179084
1.421771e-07,-0.0168373
1.422271e-07,-0.0114547
1.422771e-07,-0.00788458
1.423271e-07,0.00150756
1.423771e-07,0.0171062
1.424271e-07,0.0200447
1.424771e-07,0.0118609
1.425271e-07,0.0129044
1.425771e-07,0.0196327
1.426271e-07,0.0158978
1.426771e-07,0.00862032
1.427271e-07,0.0119158
1.427771e-07,0.012877
1.428271e-07,-0.00302374
1.428771e-07,-0.0140636
1.429271e-07,-0.00439686
1.429771e-07,0.0100209
1.430271e-07,0.0184244
1.430771e-07,0.0220494
1.431271e-07,0.0230381
1.431771e-07,0.0225987
1.432271e-07,0.0203193
1.432771e-07,0.0218572
1.433271e-07,0.0258118
1.433771e-07,0.0225163
1.434271e-07,0.022736
1.434771e-07,0.0338857
1.435271e-07,0.0356708
1.435771e-07,0.0259216
1.436271e-07,0.0168865
1.436771e-07,0.00430872
1.437271e-07,-0.0053855
1.437771e-07,-0.0103287
1.438271e-07,-0.0222749
1.438771e-07,-0.0294975
1.439271e-07,-0.0209292
1.439771e-07,-0.0107407
1.440271e-07,-0.00555028
1.440771e-07,0.00106816
1.441271e-07,0.00743943
1.441771e-07,0.0130692
1.442271e-07,0.0187265
1.442771e-07,0.020539
1.443271e-07,0.019413
1.443771e-07,0.0164746
1.444271e-07,0.0103779
1.444771e-07,0.00095831
1.445271e-07,-0.00664877
1.445771e-07,-0.0106308
1.446271e-07,-0.0182104
1.446771e-07,-0.0251859
1.447271e-07,-0.020325
1.447771e-07,-0.0109604
1.448271e-07,-0.00357298
1.448771e-07,0.00856539
1.449271e-07,0.0138931
1.449771e-07,0.00581915
1.450271e-07,-0.00143092
1.450771e-07,-0.00689593
1.451271e-07,-0.00961471
1.451771e-07,-0.00414969
1.452271e-07,0.00353977
1.452771e-07,0.0102406
1.453271e-07,0.0136185
1.453771e-07,0.00812599
1.454271e-07,0.00400663
1.454771e-07,0.00952657
1.455271e-07,0.0104328
1.455771e-07,0.00277083
1.456271e-07,-0.00785712
1.456771e-07,-0.0160134
1.457271e-07,-0.00901054
1.457771e-07,0.00499528
1.458271e-07,0.00922449
1.458771e-07,0.00754928
1.459271e-07,0.0137283
1.459771e-07,0.0230106
1.460271e-07,0.0207038
1.460771e-07,0.0131516
1.461271e-07,0.00831823
1.461771e-07,0.00738451
1.462271e-07,0.00925195
1.462771e-07,0.00878509
1.463271e-07,0.00960896
1.463771e-07,0.0141403
1.464271e-07,0.0157056
1.464771e-07,0.0123277
1.465271e-07,0.00886748
1.465771e-07,0.00771406
1.466271e-07,0.00708242
1.466771e-07,0.0061487
1.467271e-07,0.00859285
1.467771e-07,0.00903225
1.468271e-07,0.00244128
1.468771e-07,0.00375947
1.469271e-07,0.0061487
1.469771e-07,-0.00530311
1.470271e-07,-0.00725294
1.470771e-07,0.00348485
1.471271e-07,0.00224904
1.471771e-07,-0.00321597
1.472271e-07,0.000134438
1.472771e-07,0.00397917
1.473271e-07,0.00417141
1.473771e-07,-0.00107391
1.474271e-07,-0.0140087
1.474771e-07,-0.018128
1.475271e-07,-0.00574251
1.475771e-07,0.000244288
1.476271e-07,-0.0019527
1.476771e-07,-0.000112723
1.477271e-07,-0.00118376
1.477771e-07,-0.00544043
1.478271e-07,-0.0130475
1.478771e-07,-0.0204624
1.479271e-07,-0.0143657
1.479771e-07,-0.00362791
1.480271e-07,-0.00019511
1.480771e-07,0.00095831
1.481271e-07,-0.00184285
1.481771e-07,-0.0105484
1.482271e-07,-0.0179633
1.482771e-07,-0.0185125
1.483271e-07,-0.010521
1.483771e-07,-0.00338075
1.484271e-07,-0.000524659
1.484771e-07,0.00364962
1.485271e-07,0.00150756
1.485771e-07,-0.00365537
1.486271e-07,-0.00480879
1.486771e-07,-0.00950486
1.487271e-07,-0.00901054
1.487771e-07,0.00139771
1.488271e-07,0.000683686
1.488771e-07,-0.00920277
1.489271e-07,-0.00401238
1.489771e-07,0.0068078
1.490271e-07,0.00340246
1.490771e-07,-0.00145838
1.491271e-07,0.000326675
1.491771e-07,0.000903385
1.492271e-07,0.00392425
1.492771e-07,0.00562692
1.493271e-07,0.00417141
1.493771e-07,0.0129594
1.494271e-07,0.0178751
1.494771e-07,0.00524244
1.495271e-07,-0.000579584
1.495771e-07,0.00392425
1.496271e-07,0.00189203
1.496771e-07,-2.87366e-06
1.497271e-07,0.00351231
1.497771e-07,0.00581915
1.498271e-07,0.00301799
1.498771e-07,-0.00365537
1.499271e-07,-0.00895561
1.499771e-07,-0.0105759
1.500271e-07,-0.0105759
1.500771e-07,-0.0117568
1.501271e-07,-0.0122236
1.501771e-07,-0.00895561
1.502271e-07,-0.00486372
1.502771e-07,-0.0015133
1.503271e-07,-0.00112883
1.503771e-07,-0.0102189
1.504271e-07,-0.0210665
1.504771e-07,-0.0190618
1.505271e-07,-0.0122786
1.505771e-07,-0.013789
1.506271e-07,-0.0144756
1.506771e-07,-0.00623684
1.507271e-07,0.00634094
1.507771e-07,0.0157056
1.508271e-07,0.0137558
1.508771e-07,0.00801614
1.509271e-07,0.00760421
1.509771e-07,0.00353977
1.510271e-07,-0.000771821
1.510771e-07,0.00386932
1.511271e-07,0.0068078
1.511771e-07,0.00353977
1.512271e-07,0.00233143
1.512771e-07,0.00502274
1.513271e-07,0.00916956
1.513771e-07,0.0129044
1.514271e-07,0.0119982
1.514771e-07,0.00510513
1.515271e-07,-0.00178793
1.515771e-07,-0.00818667
1.516271e-07,-0.0147776
1.516771e-07,-0.0146953
1.517271e-07,-0.0117842
1.517771e-07,-0.0138439
1.518271e-07,-0.0106034
1.518771e-07,-0.00409477
1.519271e-07,-0.0113174
1.519771e-07,-0.0164254
1.520271e-07,-0.0100816
1.520771e-07,-0.0110702
1.521271e-07,-0.0106583
1.521771e-07,-0.00390253
1.522271e-07,-0.00335328
1.522771e-07,-0.00354552
1.523271e-07,-0.0058249
1.523771e-07,-0.0112625
1.524271e-07,-0.0096971
1.524771e-07,-0.00376522
1.525271e-07,0.0014801
1.525771e-07,0.00414395
1.526271e-07,0.00609378
1.526771e-07,0.0158704
1.527271e-07,0.0255371
1.527771e-07,0.0218572
1.528271e-07,0.016914
1.528771e-07,0.0234775
1.529271e-07,0.032238
1.529771e-07,0.0316063
1.530271e-07,0.0243837
1.530771e-07,0.0224888
1.531271e-07,0.021967
1.531771e-07,0.0116137
1.532271e-07,0.00466573
1.532771e-07,0.00856539
1.533271e-07,0.00716481
1.533771e-07,0.000161901
1.534271e-07,-0.000634509
1.534771e-07,0.00277083
1.535271e-07,0.00367709
1.535771e-07,0.00216665
1.536271e-07,-2.87366e-06
1.536771e-07,-0.00294135
1.537271e-07,-0.00758249
1.537771e-07,-0.0179084
1.538271e-07,-0.0283715
1.538771e-07,-0.0276026
1.539271e-07,-0.021451
1.539771e-07,-0.0202427
1.540271e-07,-0.0160684
1.540771e-07,-0.00401238
1.541271e-07,0.00598393
1.541771e-07,0.00982866
1.542271e-07,0.00433618
1.542771e-07,-0.00928516
1.543271e-07,-0.0153818
1.543771e-07,-0.0134869
1.544271e-07,-0.0159311
1.544771e-07,-0.0169472
1.545271e-07,-0.0146678
1.545771e-07,-0.0155466
1.546271e-07,-0.0155191
1.546771e-07,-0.0135418
1.547271e-07,-0.0114547
1.547771e-07,-0.00456163
1.548271e-07,0.0061487
1.548771e-07,0.0102955
1.549271e-07,0.00903225
1.549771e-07,0.01068
1.550271e-07,0.00925195
1.550771e-07,0.00364962
1.551271e-07,0.00507767
1.551771e-07,0.00851047
1.552271e-07,0.00433618
1.552771e-07,2.45887e-05
1.553271e-07,0.00183711
1.553771e-07,0.00675287
1.554271e-07,0.00801614
1.554771e-07,0.00277083
1.555271e-07,0.00183711
1.555771e-07,0.00862032
1.556271e-07,0.0126298
1.556771e-07,0.0149641
1.557271e-07,0.0131516
1.557771e-07,0.00101323
1.558271e-07,-0.00480879
1.558771e-07,0.00139771
1.559271e-07,0.00881255
1.559771e-07,0.0160626
1.560271e-07,0.019468
1.560771e-07,0.021253
1.561271e-07,0.0253449
1.561771e-07,0.0261413
1.562271e-07,0.0229831
1.562771e-07,0.0215276
1.563271e-07,0.0247957
1.563771e-07,0.0225437
1.564271e-07,0.0142501
1.564771e-07,0.0139206
1.565271e-07,0.0180948
1.565771e-07,0.0195778
1.566271e-07,0.0196877
1.566771e-07,0.0256195
1.567271e-07,0.0378128
1.567771e-07,0.0373734
1.568271e-07,0.0228458
1.568771e-07,0.017628
1.569271e-07,0.0174083
1.569771e-07,0.00422633
1.570271e-07,-0.00931262
1.570771e-07,-0.0140087
1.571271e-07,-0.0158212
1.571771e-07,-0.0159311
1.572271e-07,-0.0162881
1.572771e-07,-0.0154917
1.573271e-07,-0.0138165
1.573771e-07,-0.01302
1.574271e-07,-0.00549535
1.574771e-07,0.00768659
1.575271e-07,0.0146071
1.575771e-07,0.014717
1.576271e-07,0.0127671
1.576771e-07,0.00678034
1.577271e-07,0.0012604
1.577771e-07,0.0027159
1.578271e-07,0.00301799
1.578771e-07,-0.00458909
1.579271e-07,-0.0120314
1.579771e-07,-0.00980695
1.580271e-07,-0.00241956
1.580771e-07,-0.000167648
1.581271e-07,-0.00354552
1.581771e-07,-0.0019527
1.582271e-07,0.00342992
1.582771e-07,-0.00541296
1.583271e-07,-0.0199131
1.583771e-07,-0.027685
1.584271e-07,-0.037489
1.584771e-07,-0.0371046
1.585271e-07,-0.0191167
1.585771e-07,-0.00423208
1.586271e-07,-0.00187032
1.586771e-07,-0.00110137
1.587271e-07,0.00532483
1.587771e-07,0.0126298
1.588271e-07,0.0172984
1.588771e-07,0.017628
1.589271e-07,0.00966389
1.589771e-07,-0.000497197
1.590271e-07,-0.00382015
1.590771e-07,-0.00154077
1.591271e-07,0.00197442
1.591771e-07,-0.000140186
1.592271e-07,-0.00914785
1.592771e-07,-0.0110153
1.593271e-07,-0.00914785
1.593771e-07,-0.0224396
1.594271e-07,-0.0319966
1.594771e-07,-0.0199955
1.595271e-07,-0.00774727
1.595771e-07,-0.00214494
1.596271e-07,0.00164487
