LECROYWR640Zi,59892,Waveform
Segments,1,SegmentSize,4002
Segment,TrigTime,TimeSinceSegment1
#1,01-Nov-2023 13:36:58,0                 
Time,Ampl
-4.044522e-08,0.0116137
-4.039522e-08,0.00312784
-4.034522e-08,-0.00230971
-4.029522e-08,0.00518752
-4.024522e-08,0.0111194
-4.019522e-08,0.0109546
-4.014522e-08,0.0133438
-4.009522e-08,0.0131516
-4.004522e-08,0.00189203
-3.999522e-08,-0.00766488
-3.994522e-08,-0.00442432
-3.989522e-08,0.00362216
-3.984522e-08,0.0134537
-3.979522e-08,0.0166119
-3.974522e-08,0.0127946
-3.969522e-08,0.0178202
-3.964522e-08,0.0241366
-3.959522e-08,0.0225987
-3.954522e-08,0.0233127
-3.949522e-08,0.022324
-3.944522e-08,0.00922449
-3.939522e-08,-0.00398492
-3.934522e-08,-0.00598967
-3.929522e-08,-0.00722548
-3.924522e-08,-0.00966963
-3.919522e-08,-0.00184285
-3.914522e-08,0.0093618
-3.909522e-08,0.0134262
-3.904522e-08,0.0189736
-3.899522e-08,0.023807
-3.894522e-08,0.0195503
-3.889522e-08,0.015788
-3.884522e-08,0.0183145
-3.879522e-08,0.020896
-3.874522e-08,0.0166668
-3.869522e-08,0.0102131
-3.864522e-08,0.00691765
-3.859522e-08,0.00537975
-3.854522e-08,0.0119707
-3.849522e-08,0.0203193
-3.844522e-08,0.0184793
-3.839522e-08,0.0144698
-3.834522e-08,0.0158978
-3.829522e-08,0.0218846
-3.824522e-08,0.0235873
-3.819522e-08,0.0177653
-3.814522e-08,0.0156781
-3.809522e-08,0.00842808
-3.804522e-08,-0.00868099
-3.799522e-08,-0.00983441
-3.794522e-08,0.00205681
-3.789522e-08,0.00518752
-3.784522e-08,0.00749436
-3.779522e-08,0.016502
-3.774522e-08,0.0220769
-3.769522e-08,0.0192483
-3.764522e-08,0.0144973
-3.759522e-08,0.0159802
-3.754522e-08,0.0221043
-3.749522e-08,0.0268553
-3.744522e-08,0.0297114
-3.739522e-08,0.0282559
-3.734522e-08,0.0264983
-3.729522e-08,0.0331992
-3.724522e-08,0.0359179
-3.719522e-08,0.0301508
-3.714522e-08,0.0303431
-3.709522e-08,0.0266906
-3.704522e-08,0.0161999
-3.699522e-08,0.0205665
-3.694522e-08,0.027487
-3.689522e-08,0.0134537
-3.684522e-08,-0.00285896
-3.679522e-08,-0.00887322
-3.674522e-08,-0.0176337
-3.669522e-08,-0.0262295
-3.664522e-08,-0.0265315
-3.659522e-08,-0.0193639
-3.654522e-08,-0.00923024
-3.649522e-08,-0.00714309
-3.644522e-08,-0.0128827
-3.639522e-08,-0.00994426
-3.634522e-08,0.00186457
-3.629522e-08,0.0061487
-3.624522e-08,0.00345739
-3.619522e-08,0.0057093
-3.614522e-08,0.0133438
-3.609522e-08,0.0177378
-3.604522e-08,0.0176005
-3.599522e-08,0.0156507
-3.594522e-08,0.00949911
-3.589522e-08,0.003375
-3.584522e-08,0.00222158
-3.579522e-08,0.00875763
-3.574522e-08,0.0200996
-3.569522e-08,0.021665
-3.564522e-08,0.020182
-3.559522e-08,0.0280637
-3.554522e-08,0.032952
-3.549522e-08,0.030398
-3.544522e-08,0.0246309
-3.539522e-08,0.0148268
-3.534522e-08,0.00708242
-3.529522e-08,0.00557199
-3.524522e-08,0.0121355
-3.519522e-08,0.0228184
-3.514522e-08,0.0243563
-3.509522e-08,0.027075
-3.504522e-08,0.0339681
-3.499522e-08,0.0247407
-3.494522e-08,0.0133713
-3.489522e-08,0.0126573
-3.484522e-08,0.00488543
-3.479522e-08,-0.0047264
-3.474522e-08,-0.00241956
-3.469522e-08,0.00348485
-3.464522e-08,0.00620363
-3.459522e-08,0.00477558
-3.454522e-08,0.0068078
-3.449522e-08,0.0143874
-3.444522e-08,0.0115588
-3.439522e-08,-0.000387347
-3.434522e-08,-0.00884576
-3.429522e-08,-0.010466
-3.424522e-08,-0.00912039
-3.419522e-08,-0.00879084
-3.414522e-08,-0.00802189
-3.409522e-08,-0.00571505
-3.404522e-08,-0.00121122
-3.399522e-08,-0.00140346
-3.394522e-08,-0.00936755
-3.389522e-08,-0.0129102
-3.384522e-08,-0.00445178
-3.379522e-08,0.00326515
-3.374522e-08,-0.00406731
-3.369522e-08,-0.0143657
-3.364522e-08,-0.0145579
-3.359522e-08,-0.0113998
-3.354522e-08,-0.0129102
-3.349522e-08,-0.0142833
-3.344522e-08,-0.00755503
-3.339522e-08,0.00238635
-3.334522e-08,0.00757675
-3.329522e-08,0.0116412
-3.324522e-08,0.0189736
-3.319522e-08,0.0235324
-3.314522e-08,0.0222417
-3.309522e-08,0.0120806
-3.304522e-08,-0.000634509
-3.299522e-08,0.00230397
-3.294522e-08,0.0121904
-3.289522e-08,0.0112842
-3.284522e-08,0.00494036
-3.279522e-08,0.00683526
-3.274522e-08,0.0178751
-3.269522e-08,0.0252351
-3.264522e-08,0.0232028
-3.259522e-08,0.0154585
-3.254522e-08,0.00779644
-3.249522e-08,0.00565438
-3.244522e-08,0.0149367
-3.239522e-08,0.0265807
-3.234522e-08,0.0174083
-3.229522e-08,0.00128786
-3.224522e-08,0.00488543
-3.219522e-08,0.0151289
-3.214522e-08,0.0156507
-3.209522e-08,0.0105701
-3.204522e-08,0.00727466
-3.199522e-08,0.005929
-3.194522e-08,0.000820998
-3.189522e-08,-0.0060446
-3.184522e-08,-0.00447924
-3.179522e-08,0.00485797
-3.174522e-08,0.0131791
-3.169522e-08,0.0177928
-3.164522e-08,0.0232028
-3.159522e-08,0.0302881
-3.154522e-08,0.0310845
-3.149522e-08,0.0263336
-3.144522e-08,0.0225712
-3.139522e-08,0.0171062
-3.134522e-08,0.0105152
-3.129522e-08,0.00991105
-3.124522e-08,0.0127122
-3.119522e-08,0.0147994
-3.114522e-08,0.0145247
-3.109522e-08,0.00603885
-3.104522e-08,0.000793536
-3.099522e-08,0.00721973
-3.094522e-08,0.0158978
-3.089522e-08,0.0285305
-3.084522e-08,0.0398451
-3.079522e-08,0.0386642
-3.074522e-08,0.0349567
-3.069522e-08,0.0311669
-3.064522e-08,0.0212256
-3.059522e-08,0.0152662
-3.054522e-08,0.0124101
-3.049522e-08,0.00562692
-3.044522e-08,0.00373201
-3.039522e-08,0.0100209
-3.034522e-08,0.0168316
-3.029522e-08,0.0166668
-3.024522e-08,0.0135635
-3.019522e-08,0.0167492
-3.014522e-08,0.0222966
-3.009522e-08,0.0215826
-3.004522e-08,0.0139755
-2.999522e-08,0.00774152
-2.994522e-08,0.00966389
-2.989522e-08,0.0145522
-2.984522e-08,0.0138931
-2.979522e-08,0.0063684
-2.974522e-08,-0.000332422
-2.969522e-08,0.000683686
-2.964522e-08,0.00524244
-2.959522e-08,0.0114215
-2.954522e-08,0.0181223
-2.949522e-08,0.0182322
-2.944522e-08,0.0163922
-2.939522e-08,0.0177104
-2.934522e-08,0.014305
-2.929522e-08,0.00642333
-2.924522e-08,0.00351231
-2.919522e-08,0.00139771
-2.914522e-08,-0.00296881
-2.909522e-08,-0.00343567
-2.904522e-08,-0.00873591
-2.899522e-08,-0.0142284
-2.894522e-08,-0.00505595
-2.889522e-08,0.00260605
-2.884522e-08,-0.00162315
-2.879522e-08,-0.00651146
-2.874522e-08,-0.00697832
-2.869522e-08,-0.000442272
-2.864522e-08,0.00927941
-2.859522e-08,0.0119982
-2.854522e-08,0.00875763
-2.849522e-08,0.00785137
-2.844522e-08,0.00862032
-2.839522e-08,0.0102955
-2.834522e-08,0.0180674
-2.829522e-08,0.024164
-2.824522e-08,0.019468
-2.819522e-08,0.0089224
-2.814522e-08,0.0042538
-2.809522e-08,0.0111743
-2.804522e-08,0.0188638
-2.799522e-08,0.0202644
-2.794522e-08,0.0182047
-2.789522e-08,0.0110645
-2.784522e-08,0.00595646
-2.779522e-08,0.0156781
-2.774522e-08,0.0268553
-2.769522e-08,0.0205939
-2.764522e-08,0.0125749
-2.759522e-08,0.0124651
-2.754522e-08,0.00587408
-2.749522e-08,-0.00414969
-2.744522e-08,-0.00901054
-2.739522e-08,-0.00708817
-2.734522e-08,5.20511e-05
-2.729522e-08,0.00310038
-2.724522e-08,0.00395171
-2.719522e-08,0.00944419
-2.714522e-08,0.0193306
-2.709522e-08,0.0273222
-2.704522e-08,0.0232578
-2.699522e-08,0.0186441
-2.694522e-08,0.0213903
-2.689522e-08,0.0116961
-2.684522e-08,-0.00019511
-2.679522e-08,0.00647825
-2.674522e-08,0.0133438
-2.669522e-08,0.0101033
-2.664522e-08,0.00419887
-2.659522e-08,-0.00321597
-2.654522e-08,-0.00642907
-2.649522e-08,-0.0028315
-2.644522e-08,0.00535229
-2.639522e-08,0.0148817
-2.634522e-08,0.019056
-2.629522e-08,0.0211981
-2.624522e-08,0.0257294
-2.619522e-08,0.0269103
-2.614522e-08,0.0247133
-2.609522e-08,0.022324
-2.604522e-08,0.0187265
-2.599522e-08,0.0142501
-2.594522e-08,0.00329261
-2.589522e-08,-0.00884576
-2.584522e-08,-0.00587982
-2.579522e-08,0.00117801
-2.574522e-08,0.00257859
-2.569522e-08,0.00727466
-2.564522e-08,0.0136459
-2.559522e-08,0.0197426
-2.554522e-08,0.023807
-2.549522e-08,0.0253174
-2.544522e-08,0.0291622
-2.539522e-08,0.0266082
-2.534522e-08,0.0201271
-2.529522e-08,0.021665
-2.524522e-08,0.0193032
-2.519522e-08,0.0110645
-2.514522e-08,0.0114489
-2.509522e-08,0.0149092
-2.504522e-08,0.0108722
-2.499522e-08,0.00483051
-2.494522e-08,0.00807107
-2.489522e-08,0.0169414
-2.484522e-08,0.0176829
-2.479522e-08,0.0135086
-2.474522e-08,0.0118334
-2.469522e-08,0.0110095
-2.464522e-08,0.0104054
-2.459522e-08,0.0102955
-2.454522e-08,0.0120806
-2.449522e-08,0.0126573
-2.444522e-08,0.00831823
-2.439522e-08,0.00590154
-2.434522e-08,0.005929
-2.429522e-08,0.0014801
-2.424522e-08,-0.0049461
-2.419522e-08,-0.00417716
-2.414522e-08,0.00559945
-2.409522e-08,0.0110919
-2.404522e-08,0.00568184
-2.399522e-08,0.00106816
-2.394522e-08,0.00277083
-2.389522e-08,0.0052699
-2.384522e-08,0.00727466
-2.379522e-08,0.0074669
-2.374522e-08,0.00705496
-2.369522e-08,0.0102681
-2.364522e-08,0.00864778
-2.359522e-08,0.00145263
-2.354522e-08,0.0003816
-2.349522e-08,0.00310038
-2.344522e-08,0.00244128
-2.339522e-08,0.00120547
-2.334522e-08,0.0042538
-2.329522e-08,0.0101857
-2.324522e-08,0.0172984
-2.319522e-08,0.0230106
-2.314522e-08,0.0169963
-2.309522e-08,0.003375
-2.304522e-08,0.000711148
-2.299522e-08,0.00084846
-2.294522e-08,-0.00409477
-2.289522e-08,-0.00673116
-2.284522e-08,-0.0179633
-2.279522e-08,-0.0279321
-2.274522e-08,-0.0198033
-2.269522e-08,-0.00958725
-2.264522e-08,-0.0056052
-2.259522e-08,-0.00357298
-2.254522e-08,0.00285321
-2.249522e-08,0.0104054
-2.244522e-08,0.008483
-2.239522e-08,0.0119433
-2.234522e-08,0.0185342
-2.229522e-08,0.00554453
-2.224522e-08,-0.0100266
-2.219522e-08,-0.010466
-2.214522e-08,-0.00695086
-2.209522e-08,-0.00975202
-2.204522e-08,-0.0177985
-2.199522e-08,-0.0154917
-2.194522e-08,-0.00110137
-2.189522e-08,0.00691765
-2.184522e-08,0.00332008
-2.179522e-08,-0.00393
-2.174522e-08,-0.00280404
-2.169522e-08,0.00804361
-2.164522e-08,0.0131791
-2.159522e-08,0.011037
-2.154522e-08,0.0135635
-2.149522e-08,0.015074
-2.144522e-08,0.0123277
-2.139522e-08,0.0126847
-2.134522e-08,0.00859285
-2.129522e-08,-0.00241956
-2.124522e-08,-0.0111801
-2.119522e-08,-0.0136242
-2.114522e-08,-0.0069234
-2.109522e-08,0.00831823
-2.104522e-08,0.0240542
-2.099522e-08,0.0325401
-2.094522e-08,0.0322654
-2.089522e-08,0.0280911
-2.084522e-08,0.0276243
-2.079522e-08,0.0249604
-2.074522e-08,0.0117785
-2.069522e-08,-0.00019511
-2.064522e-08,0.00117801
-2.059522e-08,0.0109272
-2.054522e-08,0.0200447
-2.049522e-08,0.0253724
-2.044522e-08,0.025647
-2.039522e-08,0.0256195
-2.034522e-08,0.0255646
-2.029522e-08,0.0146346
-2.024522e-08,-0.00230971
-2.019522e-08,-0.00667623
-2.014522e-08,-0.00530311
-2.009522e-08,-0.0185949
-2.004522e-08,-0.0302115
-1.999522e-08,-0.0233734
-1.994522e-08,-0.0144756
-1.989522e-08,-0.011235
-1.984522e-08,-0.00178793
-1.979522e-08,0.0118609
-1.974522e-08,0.0156507
-1.969522e-08,0.0201545
-1.964522e-08,0.0309747
-1.959522e-08,0.0351215
-1.954522e-08,0.0385543
-1.949522e-08,0.0388839
-1.944522e-08,0.0227909
-1.939522e-08,0.00518752
-1.934522e-08,0.000409062
-1.929522e-08,0.00101323
-1.924522e-08,0.00120547
-1.919522e-08,0.00211173
-1.914522e-08,0.00397917
-1.909522e-08,0.00318276
-1.904522e-08,-0.000250035
-1.899522e-08,0.000216825
-1.894522e-08,0.0042538
-1.889522e-08,-0.00140346
-1.884522e-08,-0.0122786
-1.879522e-08,-0.00766488
-1.874522e-08,0.00131532
-1.869522e-08,5.20511e-05
-1.864522e-08,-0.00137599
-1.859522e-08,-0.00316105
-1.854522e-08,-0.000579584
-1.849522e-08,0.012877
-1.844522e-08,0.0142776
-1.839522e-08,0.00123293
-1.834522e-08,-0.00434193
-1.829522e-08,-0.00513834
-1.824522e-08,-0.00112883
-1.819522e-08,0.010323
-1.814522e-08,0.0119707
-1.809522e-08,0.00477558
-1.804522e-08,0.00557199
-1.799522e-08,0.00801614
-1.794522e-08,0.00373201
-1.789522e-08,0.00123293
-1.784522e-08,0.0029356
-1.779522e-08,0.00686272
-1.774522e-08,0.0057093
-1.769522e-08,-0.00736279
-1.764522e-08,-0.0172218
-1.759522e-08,-0.0144206
-1.754522e-08,-0.00892815
-1.749522e-08,-0.00354552
-1.744522e-08,0.0022765
-1.739522e-08,0.00310038
-1.734522e-08,0.00738451
-1.729522e-08,0.0200447
-1.724522e-08,0.022736
-1.719522e-08,0.0113116
-1.714522e-08,0.000106976
-1.709522e-08,-0.00329836
-1.704522e-08,-0.000332422
-1.699522e-08,-0.00206255
-1.694522e-08,-0.00758249
-1.689522e-08,0.00186457
-1.684522e-08,0.0203468
-1.679522e-08,0.0349842
-1.674522e-08,0.0495942
-1.669522e-08,0.0524228
-1.664522e-08,0.0411907
-1.659522e-08,0.0314141
-1.654522e-08,0.0250703
-1.649522e-08,0.0208411
-1.644522e-08,0.0160901
-1.639522e-08,0.00971881
-1.634522e-08,0.0102406
-1.629522e-08,0.013591
-1.624522e-08,0.00996597
-1.619522e-08,0.00581915
-1.614522e-08,0.00889494
-1.609522e-08,0.0141952
-1.604522e-08,0.0126298
-1.599522e-08,0.0108173
-1.594522e-08,0.0159528
-1.589522e-08,0.0170238
-1.584522e-08,0.00894986
-1.579522e-08,0.00441857
-1.574522e-08,0.00678034
-1.569522e-08,0.00650571
-1.564522e-08,0.00782391
-1.559522e-08,0.0159802
-1.554522e-08,0.0203193
-1.549522e-08,0.0172984
-1.544522e-08,0.0211706
-1.539522e-08,0.0335836
-1.534522e-08,0.0388564
-1.529522e-08,0.0372087
-1.524522e-08,0.0322929
-1.519522e-08,0.0254822
-1.514522e-08,0.0258667
-1.509522e-08,0.0276518
-1.504522e-08,0.0249604
-1.499522e-08,0.0237796
-1.494522e-08,0.0250154
-1.489522e-08,0.0292171
-1.484522e-08,0.03622
-1.479522e-08,0.0364672
-1.474522e-08,0.0274046
-1.469522e-08,0.0240542
-1.464522e-08,0.023093
-1.459522e-08,0.0111469
-1.454522e-08,0.00027175
-1.449522e-08,-0.00263926
-1.444522e-08,-0.00601714
-1.439522e-08,-0.00681355
-1.434522e-08,-0.00228225
-1.429522e-08,0.000875923
-1.424522e-08,0.00175472
-1.419522e-08,0.00397917
-1.414522e-08,0.0104054
-1.409522e-08,0.0149367
-1.404522e-08,0.0122728
-1.399522e-08,0.0113116
-1.394522e-08,0.010323
-1.389522e-08,0.00186457
-1.384522e-08,0.000491449
-1.379522e-08,0.0104328
-1.374522e-08,0.0160077
-1.369522e-08,0.0204566
-1.364522e-08,0.0282559
-1.359522e-08,0.0264709
-1.354522e-08,0.0161725
-1.349522e-08,0.0101033
-1.344522e-08,0.00491289
-1.339522e-08,-0.0058249
-1.334522e-08,-0.0135693
-1.329522e-08,-0.00964217
-1.324522e-08,-0.000277498
-1.319522e-08,0.00782391
-1.314522e-08,0.0175181
-1.309522e-08,0.0219396
-1.304522e-08,0.0184244
-1.299522e-08,0.0173259
-1.294522e-08,0.0209509
-1.289522e-08,0.0297938
-1.284522e-08,0.0333639
-1.279522e-08,0.027844
-1.274522e-08,0.0271025
-1.269522e-08,0.0244387
-1.264522e-08,0.0166943
-1.259522e-08,0.0101582
-1.254522e-08,-0.00112883
-1.249522e-08,-0.00892815
-1.244522e-08,-0.0110977
-1.239522e-08,-0.0125806
-1.234522e-08,5.20511e-05
-1.229522e-08,0.0138107
-1.224522e-08,0.00834569
-1.219522e-08,0.000793536
-1.214522e-08,0.00370455
-1.209522e-08,0.0115588
-1.204522e-08,0.0182322
-1.199522e-08,0.0180125
-1.194522e-08,0.0124376
-1.189522e-08,0.0110095
-1.184522e-08,0.0149641
-1.179522e-08,0.0138107
-1.174522e-08,0.00908718
-1.169522e-08,0.0126573
-1.164522e-08,0.0198524
-1.159522e-08,0.0207587
-1.154522e-08,0.019468
-1.149522e-08,0.0186715
-1.144522e-08,0.0176554
-1.139522e-08,0.0191659
-1.134522e-08,0.0185892
-1.129522e-08,0.0142226
-1.124522e-08,0.0137283
-1.119522e-08,0.016859
-1.114522e-08,0.0193581
-1.109522e-08,0.0190286
-1.104522e-08,0.0122728
-1.099522e-08,0.00134278
-1.094522e-08,-0.00346313
-1.089522e-08,0.00334754
-1.084522e-08,0.0105427
-1.079522e-08,0.0118883
-1.074522e-08,0.0163647
-1.069522e-08,0.0174632
-1.064522e-08,0.0131516
-1.059522e-08,0.0189462
-1.054522e-08,0.0213903
-1.049522e-08,0.00502274
-1.044522e-08,-0.00857114
-1.039522e-08,-0.00675862
-1.034522e-08,-0.00181539
-1.029522e-08,0.00112308
-1.024522e-08,0.00820838
-1.019522e-08,0.0167766
-1.014522e-08,0.0186166
-1.009522e-08,0.0149916
-1.004522e-08,0.013591
-9.995221e-09,0.0173534
-9.945221e-09,0.0219945
-9.895221e-09,0.0225437
-9.845221e-09,0.0141952
-9.795221e-09,0.00988359
-9.745221e-09,0.0179301
-9.695221e-09,0.0190286
-9.645221e-09,0.0148817
-9.595221e-09,0.0171337
-9.545221e-09,0.0195229
-9.495221e-09,0.0218846
-9.445221e-09,0.0227085
-9.395221e-09,0.0180948
-9.345221e-09,0.017271
-9.295221e-09,0.0224064
-9.245221e-09,0.0221318
-9.195221e-09,0.0178477
-9.145221e-09,0.0149916
-9.095221e-09,0.0087027
-9.045221e-09,0.00252367
-8.995221e-09,0.0035947
-8.945221e-09,0.00754928
-8.895221e-09,0.0150465
-8.845221e-09,0.0274595
-8.795221e-09,0.0315789
-8.745221e-09,0.0301234
-8.695221e-09,0.0288876
-8.645221e-09,0.0186166
-8.595221e-09,0.00900479
-8.545221e-09,0.00581915
-8.495221e-09,0.000903385
-8.445221e-09,-0.00192524
-8.395221e-09,-0.00524819
-8.345221e-09,-0.00955978
-8.295221e-09,-0.00132107
-8.245221e-09,0.0108448
-8.195221e-09,0.0122728
-8.145221e-09,0.0132889
-8.095221e-09,0.0137558
-8.045221e-09,0.012108
-7.995221e-09,0.0174083
-7.945221e-09,0.0205665
-7.895221e-09,0.0232578
-7.845221e-09,0.0324302
-7.795221e-09,0.0368242
-7.745221e-09,0.0306177
-7.695221e-09,0.0145797
-7.645221e-09,0.00411648
-7.595221e-09,0.0105976
-7.545221e-09,0.0127122
-7.495221e-09,0.0052699
-7.445221e-09,0.00768659
-7.395221e-09,0.0127671
-7.345221e-09,0.0106251
-7.295221e-09,0.00947165
-7.245221e-09,0.00678034
-7.195221e-09,0.00310038
-7.145221e-09,0.0087027
-7.095221e-09,0.0208136
-7.045221e-09,0.029272
-6.995221e-09,0.029629
-6.945221e-09,0.0228458
-6.895221e-09,0.0154585
-6.845221e-09,0.0161175
-6.795221e-09,0.0199074
-6.745221e-09,0.0132065
-6.695221e-09,-0.00431447
-6.645221e-09,-0.0226319
-6.595221e-09,-0.0298545
-6.545221e-09,-0.0233184
-6.495221e-09,-0.0128827
-6.445221e-09,-0.00316105
-6.395221e-09,0.00782391
-6.345221e-09,0.0168041
-6.295221e-09,0.0143874
-6.245221e-09,0.00483051
-6.195221e-09,0.00612124
-6.145221e-09,0.0123552
-6.095221e-09,0.00730212
-6.045221e-09,0.00145263
-5.995221e-09,0.00897733
-5.945221e-09,0.0182596
-5.895221e-09,0.0141128
-5.845221e-09,0.00947165
-5.795221e-09,0.0135086
-5.745221e-09,0.0112018
-5.695221e-09,0.00436365
-5.645221e-09,0.00452842
-5.595221e-09,0.00499528
-5.545221e-09,0.00516006
-5.495221e-09,0.0087027
-5.445221e-09,0.011806
-5.395221e-09,0.0163372
-5.345221e-09,0.016502
-5.295221e-09,0.0104878
-5.245221e-09,0.00804361
-5.195221e-09,0.00367709
-5.145221e-09,-0.00088167
-5.095221e-09,0.00323769
-5.045221e-09,0.00595646
-4.995221e-09,0.00428126
-4.945221e-09,0.00378694
-4.895221e-09,0.00397917
-4.845221e-09,0.00375947
-4.795221e-09,0.00238635
-4.745221e-09,0.00348485
-4.695221e-09,0.00691765
-4.645221e-09,0.00631348
-4.595221e-09,0.00513259
-4.545221e-09,0.0102681
-4.495221e-09,0.0152113
-4.445221e-09,0.0122728
-4.395221e-09,0.00675287
-4.345221e-09,0.00779644
-4.295221e-09,0.0157056
-4.245221e-09,0.0207862
-4.195221e-09,0.0200447
-4.145221e-09,0.0195503
-4.095221e-09,0.0152388
-4.045221e-09,0.00516006
-3.995221e-09,0.00131532
-3.945221e-09,0.00233143
-3.895221e-09,0.00164487
-3.845221e-09,0.00318276
-3.795221e-09,0.00414395
-3.745221e-09,0.00675287
-3.695221e-09,0.0100758
-3.645221e-09,0.00768659
-3.595221e-09,0.0110919
-3.545221e-09,0.0181772
-3.495221e-09,0.0151289
-3.445221e-09,0.011037
-3.395221e-09,0.0125749
-3.345221e-09,0.0136734
-3.295221e-09,0.0232028
-3.245221e-09,0.0393233
-3.195221e-09,0.0404492
-3.145221e-09,0.0325675
-3.095221e-09,0.0319633
-3.045221e-09,0.0303156
-2.995221e-09,0.024576
-2.945221e-09,0.0262512
-2.895221e-09,0.0259765
-2.845221e-09,0.0132889
-2.795221e-09,0.00450096
-2.745221e-09,0.00716481
-2.695221e-09,0.00840062
-2.645221e-09,0.00296306
-2.595221e-09,-0.00456163
-2.545221e-09,-0.0102738
-2.495221e-09,-0.00730787
-2.445221e-09,0.00200188
-2.395221e-09,0.00299053
-2.345221e-09,-0.00145838
-2.295221e-09,0.00323769
-2.245221e-09,0.0104054
-2.195221e-09,0.00982866
-2.145221e-09,0.00595646
-2.095221e-09,-0.00230971
-2.045221e-09,-0.00923024
-1.995221e-09,0.000656224
-1.945221e-09,0.0173808
-1.895221e-09,0.022022
-1.845221e-09,0.0188912
-1.795221e-09,0.0158704
-1.745221e-09,0.0118883
-1.695221e-09,0.00568184
-1.645221e-09,-0.00486372
-1.595221e-09,-0.0129926
-1.545221e-09,-0.00931262
-1.495221e-09,0.00194696
-1.445221e-09,0.008483
-1.395221e-09,0.00757675
-1.345221e-09,0.0118609
-1.295221e-09,0.0179575
-1.245221e-09,0.0156781
-1.195221e-09,0.0114215
-1.145221e-09,0.0120257
-1.095221e-09,0.0195778
-1.045221e-09,0.021253
-9.95221e-10,0.0149916
-9.45221e-10,0.0168316
-8.95221e-10,0.0196877
-8.45221e-10,0.0126298
-7.95221e-10,0.00469319
-7.45221e-10,0.00977374
-6.95221e-10,0.0191659
-6.45221e-10,0.0122454
-5.95221e-10,0.00537975
-5.45221e-10,0.0165295
-4.95221e-10,0.0235324
-4.45221e-10,0.0180948
-3.95221e-10,0.0168865
-3.45221e-10,0.0178202
-2.95221e-10,0.0138931
-2.45221e-10,0.0141677
-1.95221e-10,0.0221867
-1.45221e-10,0.0349293
-9.522095e-11,0.0563499
-4.522095e-11,0.0923531
4.779045e-12,0.151617
5.477905e-11,0.230104
1.04779e-10,0.307164
1.54779e-10,0.395126
2.04779e-10,0.506678
2.54779e-10,0.611667
3.04779e-10,0.704133
3.54779e-10,0.795912
4.04779e-10,0.869703
4.54779e-10,0.908728
5.04779e-10,0.929242
5.54779e-10,0.947285
6.04779e-10,0.955963
6.54779e-10,0.959341
7.04779e-10,0.963488
7.54779e-10,0.971891
8.04779e-10,0.979223
8.54779e-10,0.973237
9.04779e-10,0.975763
9.54779e-10,0.985979
1.004779e-09,0.980624
1.054779e-09,0.973347
1.104779e-09,0.963982
1.154779e-09,0.951569
1.204779e-09,0.952667
1.254779e-09,0.952612
1.304779e-09,0.942122
1.354779e-09,0.93803
1.404779e-09,0.937069
1.454779e-09,0.923722
1.504779e-09,0.901258
1.554779e-09,0.890575
1.604779e-09,0.896644
1.654779e-09,0.893596
1.704779e-09,0.877311
1.754779e-09,0.864458
1.804779e-09,0.85059
1.854779e-09,0.832574
1.904779e-09,0.821644
1.954779e-09,0.822578
2.004779e-09,0.825379
2.054779e-09,0.818926
2.104779e-09,0.805332
2.154779e-09,0.794786
2.204779e-09,0.78803
2.254779e-09,0.77721
2.304779e-09,0.764934
2.354779e-09,0.754526
2.404779e-09,0.741015
2.454779e-09,0.7283
2.504779e-09,0.723439
2.554779e-09,0.724757
2.604779e-09,0.720061
2.654779e-09,0.699025
2.704779e-09,0.674446
2.754779e-09,0.663324
2.804779e-09,0.661291
2.854779e-09,0.650993
2.904779e-09,0.632621
2.954779e-09,0.627677
3.004779e-09,0.632456
3.054779e-09,0.634186
3.104779e-09,0.644759
3.154779e-09,0.656348
3.204779e-09,0.651542
3.254779e-09,0.643496
3.304779e-09,0.639926
3.354779e-09,0.633417
3.404779e-09,0.626689
3.454779e-09,0.611035
3.504779e-09,0.579975
3.554779e-09,0.558692
3.604779e-09,0.552623
3.654779e-09,0.543917
3.704779e-09,0.540155
3.754779e-09,0.548723
3.804779e-09,0.556989
3.854779e-09,0.552952
3.904779e-09,0.540732
3.954779e-09,0.536283
4.004779e-09,0.539853
4.054779e-09,0.54367
4.104779e-09,0.546279
4.154779e-09,0.53815
4.204779e-09,0.518432
4.254779e-09,0.510276
4.304779e-09,0.515576
4.354779e-09,0.508381
4.404779e-09,0.490805
4.454779e-09,0.481303
4.504779e-09,0.480699
4.554779e-09,0.48924
4.604779e-09,0.507118
4.654779e-09,0.517416
4.704779e-09,0.512418
4.754779e-09,0.501955
4.804779e-09,0.487427
4.854779e-09,0.473366
4.904779e-09,0.462601
4.954779e-09,0.452742
5.004779e-09,0.449117
5.054779e-09,0.447826
5.104779e-09,0.44313
5.154779e-09,0.438187
5.204779e-09,0.432612
5.254779e-09,0.418442
5.304779e-09,0.397762
5.354779e-09,0.384278
5.404779e-09,0.377193
5.454779e-09,0.374227
5.504779e-09,0.379417
5.554779e-09,0.3901
5.604779e-09,0.402046
5.654779e-09,0.409544
5.704779e-09,0.409626
5.754779e-09,0.398696
5.804779e-09,0.388233
5.854779e-09,0.395675
5.904779e-09,0.399273
5.954779e-09,0.386173
6.004779e-09,0.373129
6.054779e-09,0.359178
6.104779e-09,0.3466
6.154779e-09,0.346572
6.204779e-09,0.354207
6.254779e-09,0.360414
6.304779e-09,0.360386
6.354779e-09,0.361347
6.404779e-09,0.368982
6.454779e-09,0.368378
6.504779e-09,0.360414
6.554779e-09,0.359205
6.604779e-09,0.354427
6.654779e-09,0.339762
6.704779e-09,0.332539
6.754779e-09,0.340943
6.804779e-09,0.348467
6.854779e-09,0.338856
6.904779e-09,0.323586
6.954779e-09,0.325207
7.004779e-09,0.336411
7.054779e-09,0.336549
7.104779e-09,0.328392
7.154779e-09,0.323394
7.204779e-09,0.323394
7.254779e-09,0.321582
7.304779e-09,0.312684
7.354779e-09,0.300106
7.404779e-09,0.292472
7.454779e-09,0.295904
7.504779e-09,0.296179
7.554779e-09,0.279235
7.604779e-09,0.26111
7.654779e-09,0.253365
7.704779e-09,0.248092
7.754779e-09,0.241941
7.804779e-09,0.234444
7.854779e-09,0.225381
7.904779e-09,0.225793
7.954779e-09,0.238014
8.004779e-09,0.245923
8.054779e-09,0.248477
8.104779e-09,0.250344
8.154779e-09,0.247406
8.204779e-09,0.243671
8.254779e-09,0.236476
8.304779e-09,0.221014
8.354779e-09,0.213874
8.404779e-09,0.221152
8.454779e-09,0.223706
8.504779e-09,0.218268
8.554779e-09,0.217527
8.604779e-09,0.222525
8.654779e-09,0.223733
8.704779e-09,0.218735
8.754779e-09,0.213847
8.804779e-09,0.207997
8.854779e-09,0.201022
8.904779e-09,0.195804
8.954779e-09,0.192179
9.004779e-09,0.190229
9.054779e-09,0.183583
9.104779e-09,0.175015
9.154779e-09,0.180233
9.204779e-09,0.193854
9.254779e-09,0.200939
9.304779e-09,0.209178
9.354779e-09,0.222003
9.404779e-09,0.224749
9.454779e-09,0.212638
9.504779e-09,0.192811
9.554779e-09,0.168726
9.604779e-09,0.148926
9.654779e-09,0.145356
9.704779e-09,0.150299
9.754779e-09,0.150656
9.804779e-09,0.150875
9.854779e-09,0.159444
9.904779e-09,0.163261
9.954779e-09,0.149585
1.000478e-08,0.141483
1.005478e-08,0.145053
1.010478e-08,0.142637
1.015478e-08,0.140275
1.020478e-08,0.141703
1.025478e-08,0.149145
1.030478e-08,0.16587
1.035478e-08,0.17095
1.040478e-08,0.157164
1.045478e-08,0.146207
1.050478e-08,0.148431
1.055478e-08,0.157384
1.060478e-08,0.161119
1.065478e-08,0.153484
1.070478e-08,0.148761
1.075478e-08,0.156176
1.080478e-08,0.153951
1.085478e-08,0.135689
1.090478e-08,0.125473
1.095478e-08,0.123907
1.100478e-08,0.119788
1.105478e-08,0.116218
1.110478e-08,0.112922
1.115478e-08,0.114708
1.120478e-08,0.12778
1.125478e-08,0.132036
1.130478e-08,0.116602
1.135478e-08,0.108336
1.140478e-08,0.11122
1.145478e-08,0.102981
1.150478e-08,0.0898541
1.155478e-08,0.0837299
1.160478e-08,0.0802422
1.165478e-08,0.0766721
1.170478e-08,0.0778255
1.175478e-08,0.0888929
1.180478e-08,0.0969394
1.185478e-08,0.0935066
1.190478e-08,0.0950719
1.195478e-08,0.104464
1.200478e-08,0.106771
1.205478e-08,0.0946051
1.210478e-08,0.0762053
1.215478e-08,0.0677194
1.220478e-08,0.0692023
1.225478e-08,0.0724978
1.230478e-08,0.0777706
1.235478e-08,0.084389
1.240478e-08,0.0867508
1.245478e-08,0.0824667
1.250478e-08,0.0776333
1.255478e-08,0.0792536
1.260478e-08,0.0856798
1.265478e-08,0.0874648
1.270478e-08,0.0806267
1.275478e-08,0.0755187
1.280478e-08,0.0797754
1.285478e-08,0.0763151
1.290478e-08,0.059206
1.295478e-08,0.0528073
1.300478e-08,0.0560204
1.305478e-08,0.051599
1.310478e-08,0.0473697
1.315478e-08,0.0507202
1.320478e-08,0.0539607
1.325478e-08,0.0610735
1.330478e-08,0.071262
1.335478e-08,0.0649731
1.340478e-08,0.0537959
1.345478e-08,0.0582723
1.350478e-08,0.063957
1.355478e-08,0.0690925
1.360478e-08,0.0818625
1.365478e-08,0.0875472
1.370478e-08,0.0840595
1.375478e-08,0.0746124
1.380478e-08,0.0559929
1.385478e-08,0.0447608
1.390478e-08,0.0409985
1.395478e-08,0.0298762
1.400478e-08,0.0294093
1.405478e-08,0.0453101
1.410478e-08,0.0535762
1.415478e-08,0.0466557
1.420478e-08,0.036632
1.425478e-08,0.0361926
1.430478e-08,0.0402295
1.435478e-08,0.0416026
1.440478e-08,0.0388564
1.445478e-08,0.0313317
1.450478e-08,0.0319084
1.455478e-08,0.0392134
1.460478e-08,0.0368517
1.465478e-08,0.0299586
1.470478e-08,0.0288326
1.475478e-08,0.0306177
1.480478e-08,0.0313866
1.485478e-08,0.0305353
1.490478e-08,0.0321556
1.495478e-08,0.0349018
1.500478e-08,0.0342153
1.505478e-08,0.0342153
1.510478e-08,0.0380325
1.515478e-08,0.0427561
1.520478e-08,0.0387466
1.525478e-08,0.0269377
1.530478e-08,0.0272673
1.535478e-08,0.0422892
1.540478e-08,0.0523954
1.545478e-08,0.0470402
1.550478e-08,0.0334463
1.555478e-08,0.0213079
1.560478e-08,0.014305
1.565478e-08,0.017271
1.570478e-08,0.024219
1.575478e-08,0.0263885
1.580478e-08,0.0320457
1.585478e-08,0.0401471
1.590478e-08,0.049045
1.595478e-08,0.0565971
1.600478e-08,0.0469853
1.605478e-08,0.0346547
1.610478e-08,0.0341603
1.615478e-08,0.0310571
1.620478e-08,0.0268553
1.625478e-08,0.0299586
1.630478e-08,0.0353961
1.635478e-08,0.0367967
1.640478e-08,0.0337759
1.645478e-08,0.0254822
1.650478e-08,0.0168865
1.655478e-08,0.0149916
1.660478e-08,0.00801614
1.665478e-08,0.00186457
1.670478e-08,0.0122454
1.675478e-08,0.0218572
1.680478e-08,0.0287777
1.685478e-08,0.0430856
1.690478e-08,0.0516813
1.695478e-08,0.0547846
1.700478e-08,0.0549219
1.705478e-08,0.0432229
1.710478e-08,0.0289699
1.715478e-08,0.0251801
1.720478e-08,0.0277341
1.725478e-08,0.0273222
1.730478e-08,0.0246034
1.735478e-08,0.0235599
1.740478e-08,0.0233127
1.745478e-08,0.0275968
1.750478e-08,0.0369615
1.755478e-08,0.0431955
1.760478e-08,0.038774
1.765478e-08,0.0253449
1.770478e-08,0.0164471
1.775478e-08,0.0210882
1.780478e-08,0.0291896
1.785478e-08,0.0310571
1.790478e-08,0.0316887
1.795478e-08,0.0303431
1.800478e-08,0.0242739
1.805478e-08,0.0233676
1.810478e-08,0.0320457
1.815478e-08,0.0324851
1.820478e-08,0.01436
1.825478e-08,0.00318276
1.830478e-08,0.00735705
1.835478e-08,0.00557199
1.840478e-08,-0.00140346
1.845478e-08,0.000134438
1.850478e-08,0.00927941
1.855478e-08,0.0134812
1.860478e-08,0.00982866
1.865478e-08,0.00598393
1.870478e-08,0.00463827
1.875478e-08,0.00499528
1.880478e-08,0.00224904
1.885478e-08,-0.000497197
1.890478e-08,0.0065881
1.895478e-08,0.0159528
1.900478e-08,0.021253
1.905478e-08,0.0284482
1.910478e-08,0.0334189
1.915478e-08,0.0317711
1.920478e-08,0.0281735
1.925478e-08,0.0261413
1.930478e-08,0.0224064
1.935478e-08,0.0152113
1.940478e-08,0.00864778
1.945478e-08,0.00109562
1.950478e-08,-0.00579744
1.955478e-08,-0.00431447
1.960478e-08,0.00235889
1.965478e-08,0.00823584
1.970478e-08,0.0129594
1.975478e-08,0.012108
1.980478e-08,0.00263352
1.985478e-08,-0.0051658
1.990478e-08,-0.00156823
1.995478e-08,0.00884002
2.000478e-08,0.014717
2.005478e-08,0.0180399
2.010478e-08,0.0352863
2.015478e-08,0.0581075
2.020478e-08,0.0623093
2.025478e-08,0.0565422
2.030478e-08,0.0572287
2.035478e-08,0.0497315
2.040478e-08,0.0290798
2.045478e-08,0.0158704
2.050478e-08,0.00628601
2.055478e-08,-0.00299627
2.060478e-08,0.00477558
2.065478e-08,0.0186715
2.070478e-08,0.0163372
2.075478e-08,0.0111743
2.080478e-08,0.0174357
2.085478e-08,0.0124651
2.090478e-08,-0.00321597
2.095478e-08,-0.00321597
2.100478e-08,0.00721973
2.105478e-08,0.0158704
2.110478e-08,0.0246309
2.115478e-08,0.0282834
2.120478e-08,0.0227909
2.125478e-08,0.0193856
2.130478e-08,0.022379
2.135478e-08,0.0218572
2.140478e-08,0.0190286
2.145478e-08,0.0177928
2.150478e-08,0.0163098
2.155478e-08,0.023093
2.160478e-08,0.0305353
2.165478e-08,0.0292446
2.170478e-08,0.0311669
2.175478e-08,0.021967
2.180478e-08,0.00252367
2.185478e-08,0.00584661
2.190478e-08,0.0177928
2.195478e-08,0.0160626
2.200478e-08,0.0150465
2.205478e-08,0.0186441
2.210478e-08,0.0179575
2.215478e-08,0.0154859
2.220478e-08,0.0160077
2.225478e-08,0.0114489
2.230478e-08,-0.000524659
2.235478e-08,-0.00230971
2.240478e-08,0.00700004
2.245478e-08,0.0116686
2.250478e-08,0.0125474
2.255478e-08,0.0108173
2.260478e-08,0.00812599
2.265478e-08,0.014717
2.270478e-08,0.019413
2.275478e-08,0.0116961
2.280478e-08,0.00829077
2.285478e-08,0.0122454
2.290478e-08,0.0145797
2.295478e-08,0.0193032
2.300478e-08,0.0211981
2.305478e-08,0.0131516
2.310478e-08,0.00683526
2.315478e-08,0.0108722
2.320478e-08,0.0135361
2.325478e-08,0.0091421
2.330478e-08,0.00933434
2.335478e-08,0.0173259
2.340478e-08,0.0213354
2.345478e-08,0.0127397
2.350478e-08,0.0031553
2.355478e-08,0.00603885
2.360478e-08,0.0167492
2.365478e-08,0.0233676
2.370478e-08,0.0222417
2.375478e-08,0.0259491
2.380478e-08,0.0330069
2.385478e-08,0.0309747
2.390478e-08,0.024164
2.395478e-08,0.021253
2.400478e-08,0.0257843
2.405478e-08,0.0232303
2.410478e-08,0.01068
2.415478e-08,0.00963642
2.420478e-08,0.017271
2.425478e-08,0.0219396
2.430478e-08,0.0219121
2.435478e-08,0.0126847
2.440478e-08,0.00491289
2.445478e-08,0.0112292
2.450478e-08,0.020182
2.455478e-08,0.0203193
2.460478e-08,0.0155408
2.465478e-08,0.0106251
2.470478e-08,0.00708242
2.475478e-08,0.00282575
2.480478e-08,-0.00329836
2.485478e-08,-0.0102738
2.490478e-08,-0.0143657
2.495478e-08,-0.0106583
2.500478e-08,0.000161901
2.505478e-08,0.0107349
2.510478e-08,0.0150465
2.515478e-08,0.0190286
2.520478e-08,0.0238345
2.525478e-08,0.0220769
2.530478e-08,0.0153211
2.535478e-08,0.00900479
2.540478e-08,0.00730212
2.545478e-08,0.00944419
2.550478e-08,0.0120257
2.555478e-08,0.012108
2.560478e-08,0.00392425
2.565478e-08,-0.00846129
2.570478e-08,-0.00835144
2.575478e-08,0.00439111
2.580478e-08,0.00949911
2.585478e-08,0.00477558
2.590478e-08,0.00296306
2.595478e-08,0.00505021
2.600478e-08,0.0129319
2.605478e-08,0.0245485
2.610478e-08,0.027075
2.615478e-08,0.0233127
2.620478e-08,0.019825
2.625478e-08,0.0115863
2.630478e-08,0.00719227
2.635478e-08,0.0128495
2.640478e-08,0.0114489
2.645478e-08,0.00340246
2.650478e-08,0.00546214
2.655478e-08,0.0074669
2.660478e-08,0.00235889
2.665478e-08,0.000326675
2.670478e-08,-0.00906546
2.675478e-08,-0.020737
2.680478e-08,-0.0149424
2.685478e-08,-0.00637415
2.690478e-08,0.000903385
2.695478e-08,0.0137832
2.700478e-08,0.0219396
2.705478e-08,0.0278714
2.710478e-08,0.0314416
2.715478e-08,0.023093
2.720478e-08,0.00845554
2.725478e-08,0.00194696
2.730478e-08,0.00491289
2.735478e-08,0.00386932
2.740478e-08,-0.00338075
2.745478e-08,-0.00464402
2.750478e-08,0.000491449
2.755478e-08,-0.000222573
2.760478e-08,-0.00576998
2.765478e-08,-0.00791204
2.770478e-08,-0.00587982
2.775478e-08,-0.00181539
2.780478e-08,-0.000771821
2.785478e-08,0.00115055
2.790478e-08,0.0147719
2.795478e-08,0.0286129
2.800478e-08,0.0227634
2.805478e-08,0.00969135
2.810478e-08,0.00631348
2.815478e-08,0.00537975
2.820478e-08,0.00433618
2.825478e-08,0.00916956
2.830478e-08,0.01436
2.835478e-08,0.0128221
2.840478e-08,0.013591
2.845478e-08,0.0155958
2.850478e-08,0.00483051
2.855478e-08,-0.00450671
2.860478e-08,0.00326515
2.865478e-08,0.00721973
2.870478e-08,0.00260605
2.875478e-08,0.00996597
2.880478e-08,0.0196602
2.885478e-08,0.0187265
2.890478e-08,0.0163647
2.895478e-08,0.0155683
2.900478e-08,0.0151564
2.905478e-08,0.0141403
2.910478e-08,0.0123003
2.915478e-08,0.0150465
2.920478e-08,0.0211706
2.925478e-08,0.027075
2.930478e-08,0.0317711
2.935478e-08,0.0274595
2.940478e-08,0.0192483
2.945478e-08,0.021967
2.950478e-08,0.0225163
2.955478e-08,0.00845554
2.960478e-08,0.00180964
2.965478e-08,0.00727466
2.970478e-08,0.00598393
2.975478e-08,0.00123293
2.980478e-08,0.000354137
2.985478e-08,0.000189363
2.990478e-08,-0.00107391
2.995478e-08,-0.00255688
3.000478e-08,0.000161901
3.005478e-08,0.00763167
3.010478e-08,0.0141403
3.015478e-08,0.0137009
3.020478e-08,0.0100484
3.025478e-08,0.0178751
3.030478e-08,0.0314416
3.035478e-08,0.0309747
3.040478e-08,0.0281735
3.045478e-08,0.0317436
3.050478e-08,0.0274046
3.055478e-08,0.0212805
3.060478e-08,0.0261139
3.065478e-08,0.0409161
3.070478e-08,0.0575034
3.075478e-08,0.0661815
3.080478e-08,0.0674997
3.085478e-08,0.0706853
3.090478e-08,0.0727999
3.095478e-08,0.0652478
3.100478e-08,0.0567893
3.105478e-08,0.0515166
3.110478e-08,0.0423991
3.115478e-08,0.0338857
3.120478e-08,0.0311395
3.125478e-08,0.0271574
3.130478e-08,0.017985
3.135478e-08,0.0124101
3.140478e-08,0.0152113
3.145478e-08,0.0178202
3.150478e-08,0.0167492
3.155478e-08,0.0218846
3.160478e-08,0.0321007
3.165478e-08,0.0330069
3.170478e-08,0.0265258
3.175478e-08,0.0255921
3.180478e-08,0.0291622
3.185478e-08,0.0282834
3.190478e-08,0.0259491
3.195478e-08,0.0278165
3.200478e-08,0.0247682
3.205478e-08,0.0184244
3.210478e-08,0.0239993
3.215478e-08,0.0305628
3.220478e-08,0.0274046
3.225478e-08,0.0275144
3.230478e-08,0.0279813
3.235478e-08,0.0252076
3.240478e-08,0.0259216
3.245478e-08,0.0259216
3.250478e-08,0.023093
3.255478e-08,0.019468
3.260478e-08,0.0212805
3.265478e-08,0.0266356
3.270478e-08,0.022379
3.275478e-08,0.0151289
3.280478e-08,0.016859
3.285478e-08,0.0222966
3.290478e-08,0.0227634
3.295478e-08,0.0146895
3.300478e-08,0.000601299
3.305478e-08,-0.00752757
3.310478e-08,-0.00439686
3.315478e-08,-0.00266673
3.320478e-08,-0.00574251
3.325478e-08,-0.00376522
3.330478e-08,0.00532483
3.335478e-08,0.0105152
3.340478e-08,0.00710988
3.345478e-08,0.00752182
3.350478e-08,0.00864778
3.355478e-08,0.00279829
3.360478e-08,0.00213919
3.365478e-08,0.0100758
3.370478e-08,0.0153486
3.375478e-08,0.0082633
3.380478e-08,-0.00379268
3.385478e-08,-0.00568759
3.390478e-08,-0.00313359
3.395478e-08,-0.00747264
3.400478e-08,-0.0113448
3.405478e-08,-0.00733533
3.410478e-08,-0.00351806
3.415478e-08,-0.0060446
3.420478e-08,-0.00950486
3.425478e-08,-0.00854368
3.430478e-08,-0.00818667
3.435478e-08,-0.0153543
3.440478e-08,-0.0193639
3.445478e-08,-0.00714309
3.450478e-08,0.00590154
3.455478e-08,0.00274337
3.460478e-08,-0.000250035
3.465478e-08,0.00949911
3.470478e-08,0.0122454
3.475478e-08,0.00483051
3.480478e-08,0.00197442
3.485478e-08,-0.00590729
3.490478e-08,-0.0188695
3.495478e-08,-0.0235107
3.500478e-08,-0.0215883
3.505478e-08,-0.0114547
3.510478e-08,-0.000387347
3.515478e-08,-0.00228225
3.520478e-08,-0.00607206
3.525478e-08,-0.00681355
3.530478e-08,-0.0138714
3.535478e-08,-0.0164254
3.540478e-08,-0.0119765
3.545478e-08,-0.0160409
3.550478e-08,-0.0186498
3.555478e-08,-0.0118392
3.560478e-08,-0.00846129
3.565478e-08,-0.00857114
3.570478e-08,-0.00906546
3.575478e-08,-0.00912039
3.580478e-08,-0.0108505
3.585478e-08,-0.0216707
3.590478e-08,-0.0357314
3.595478e-08,-0.0417732
3.600478e-08,-0.0370496
3.605478e-08,-0.0270533
3.610478e-08,-0.0229065
3.615478e-08,-0.0288384
3.620478e-08,-0.036061
3.625478e-08,-0.0332598
3.630478e-08,-0.026202
3.635478e-08,-0.0252957
3.640478e-08,-0.024005
3.645478e-08,-0.0231811
3.650478e-08,-0.0310628
3.655478e-08,-0.0398783
3.660478e-08,-0.0428442
3.665478e-08,-0.041883
3.670478e-08,-0.0372419
3.675478e-08,-0.0333147
3.680478e-08,-0.0321064
3.685478e-08,-0.0296897
3.690478e-08,-0.0304312
3.695478e-08,-0.0344132
3.700478e-08,-0.0330951
3.705478e-08,-0.0299369
3.710478e-08,-0.0383404
3.715478e-08,-0.0542686
3.720478e-08,-0.0499844
3.725478e-08,-0.0260098
3.730478e-08,-0.0186773
3.735478e-08,-0.0243071
3.740478e-08,-0.0122511
3.745478e-08,-3.03361e-05
3.750478e-08,-0.00936755
3.755478e-08,-0.0195012
3.760478e-08,-0.0234008
3.765478e-08,-0.0298545
3.770478e-08,-0.0339464
3.775478e-08,-0.0361983
3.780478e-08,-0.0380383
3.785478e-08,-0.0336443
3.790478e-08,-0.0291405
3.795478e-08,-0.03131
3.800478e-08,-0.0292778
3.805478e-08,-0.0216432
3.810478e-08,-0.0196659
3.815478e-08,-0.024005
3.820478e-08,-0.0246916
3.825478e-08,-0.0180182
3.830478e-08,-0.0176063
3.835478e-08,-0.0285363
3.840478e-08,-0.0346604
3.845478e-08,-0.0286461
3.850478e-08,-0.0288384
3.855478e-08,-0.0419105
3.860478e-08,-0.0460848
3.865478e-08,-0.0389995
3.870478e-08,-0.0349076
3.875478e-08,-0.0342759
3.880478e-08,-0.0326282
3.885478e-08,-0.0240874
3.890478e-08,-0.0124708
3.895478e-08,-0.0129651
3.900478e-08,-0.0230438
3.905478e-08,-0.0284264
3.910478e-08,-0.0305136
3.915478e-08,-0.0304587
3.920478e-08,-0.0205722
3.925478e-08,-0.00999918
3.930478e-08,-0.0115096
3.935478e-08,-0.0179907
3.940478e-08,-0.0199955
3.945478e-08,-0.0172493
3.950478e-08,-0.0201603
3.955478e-08,-0.0304861
3.960478e-08,-0.0362258
3.965478e-08,-0.0435582
3.970478e-08,-0.0505886
3.975478e-08,-0.0427343
3.980478e-08,-0.0336992
3.985478e-08,-0.0312551
3.990478e-08,-0.0254605
3.995478e-08,-0.0192265
4.000478e-08,-0.0195561
4.005478e-08,-0.0267238
4.010478e-08,-0.0341386
4.015478e-08,-0.0375165
4.020478e-08,-0.0391917
4.025478e-08,-0.038615
4.030478e-08,-0.038615
4.035478e-08,-0.043009
4.040478e-08,-0.0399881
4.045478e-08,-0.0259548
4.050478e-08,-0.0219179
4.055478e-08,-0.0273005
4.060478e-08,-0.0245268
4.065478e-08,-0.0221101
4.070478e-08,-0.0288109
4.075478e-08,-0.0365278
4.080478e-08,-0.0333697
4.085478e-08,-0.0233459
4.090478e-08,-0.0273554
4.095478e-08,-0.0335619
4.100478e-08,-0.0241423
4.105478e-08,-0.0163155
4.110478e-08,-0.0115645
4.115478e-08,-0.00500103
4.120478e-08,-0.00662131
4.125478e-08,-0.00857114
4.130478e-08,-0.00500103
4.135478e-08,-0.00464402
4.140478e-08,-0.0134594
4.145478e-08,-0.0250211
4.150478e-08,-0.0243345
4.155478e-08,-0.013432
4.160478e-08,-0.0088183
4.165478e-08,-0.0146953
4.170478e-08,-0.0194462
4.175478e-08,-0.0224671
4.180478e-08,-0.0284814
4.185478e-08,-0.0285363
4.190478e-08,-0.0283715
4.195478e-08,-0.0382305
4.200478e-08,-0.0432836
4.205478e-08,-0.0377362
4.210478e-08,-0.0326557
4.215478e-08,-0.0330951
4.220478e-08,-0.0372419
4.225478e-08,-0.037544
4.230478e-08,-0.0394938
4.235478e-08,-0.0500119
4.240478e-08,-0.0549551
4.245478e-08,-0.0444096
4.250478e-08,-0.0269709
4.255478e-08,-0.016343
4.260478e-08,-0.0154093
4.265478e-08,-0.0164528
4.270478e-08,-0.0129926
4.275478e-08,-0.0144481
4.280478e-08,-0.0243345
4.285478e-08,-0.025433
4.290478e-08,-0.0176337
4.295478e-08,-0.0126081
4.300478e-08,-0.0107681
4.305478e-08,-0.010164
4.310478e-08,-0.00846129
4.315478e-08,-0.00898307
4.320478e-08,-0.0141185
4.325478e-08,-0.0157388
4.330478e-08,-0.0120863
4.335478e-08,-0.00519326
4.340478e-08,0.00529737
4.345478e-08,0.0111194
4.350478e-08,0.0101307
4.355478e-08,0.00884002
4.360478e-08,0.00463827
4.365478e-08,-0.00321597
4.370478e-08,-0.00931262
4.375478e-08,-0.00986187
4.380478e-08,-0.00736279
4.385478e-08,-0.0129926
4.390478e-08,-0.0223023
4.395478e-08,-0.0199131
4.400478e-08,-0.011592
4.405478e-08,-0.00961471
4.410478e-08,-0.0168373
4.415478e-08,-0.0317769
4.420478e-08,-0.0402902
4.425478e-08,-0.0349625
4.430478e-08,-0.0297996
4.435478e-08,-0.0285088
4.440478e-08,-0.0241148
4.445478e-08,-0.0140636
4.450478e-08,0.000683686
4.455478e-08,0.0095815
4.460478e-08,0.0061487
4.465478e-08,-0.000442272
4.470478e-08,-0.00420462
4.475478e-08,-0.010878
4.480478e-08,-0.017771
4.485478e-08,-0.0201328
4.490478e-08,-0.0260372
4.495478e-08,-0.0343034
4.500478e-08,-0.0376263
4.505478e-08,-0.0358138
4.510478e-08,-0.0307058
4.515478e-08,-0.0285638
4.520478e-08,-0.0249113
4.525478e-08,-0.0177985
4.530478e-08,-0.0202701
4.535478e-08,-0.0317219
4.540478e-08,-0.0390819
4.545478e-08,-0.0308981
4.550478e-08,-0.0179907
4.555478e-08,-0.021094
4.560478e-08,-0.0274927
4.565478e-08,-0.0226044
4.570478e-08,-0.0167549
4.575478e-08,-0.0142009
4.580478e-08,-0.0135144
4.585478e-08,-0.0128827
4.590478e-08,-0.00939501
4.595478e-08,-0.01302
4.600478e-08,-0.0249936
4.605478e-08,-0.0296897
4.610478e-08,-0.0282342
4.615478e-08,-0.0307058
4.620478e-08,-0.0324909
4.625478e-08,-0.0254605
4.630478e-08,-0.0142009
4.635478e-08,-0.0134045
4.640478e-08,-0.0189794
4.645478e-08,-0.0179358
4.650478e-08,-0.0184851
4.655478e-08,-0.0213961
4.660478e-08,-0.019254
4.665478e-08,-0.0141735
4.670478e-08,-0.0102738
4.675478e-08,-0.0158761
4.680478e-08,-0.0234283
4.685478e-08,-0.0207919
4.690478e-08,-0.0182928
4.695478e-08,-0.0212313
4.700478e-08,-0.0219728
4.705478e-08,-0.0191991
4.710478e-08,-0.0152445
4.715478e-08,-0.0122511
4.720478e-08,-0.0127729
4.725478e-08,-0.0183203
4.730478e-08,-0.0291405
4.735478e-08,-0.0354294
4.740478e-08,-0.032436
4.745478e-08,-0.0306784
4.750478e-08,-0.0307882
4.755478e-08,-0.0326007
4.760478e-08,-0.030541
4.765478e-08,-0.0169197
4.770478e-08,-0.00766488
4.775478e-08,-0.0116744
4.780478e-08,-0.0172767
4.785478e-08,-0.0109878
4.790478e-08,0.00290814
4.795478e-08,0.00977374
4.800478e-08,0.00996597
4.805478e-08,0.0105152
4.810478e-08,0.0124101
4.815478e-08,0.00318276
4.820478e-08,-0.0170021
4.825478e-08,-0.0204624
4.830478e-08,-0.00656638
4.835478e-08,-0.0026118
4.840478e-08,-0.00843383
4.845478e-08,-0.00799443
4.850478e-08,0.00208427
4.855478e-08,0.0145797
4.860478e-08,0.0151289
4.865478e-08,0.00406156
4.870478e-08,0.000628761
4.875478e-08,0.00200188
4.880478e-08,-0.00285896
4.885478e-08,-0.00533058
4.890478e-08,-0.00835144
4.895478e-08,-0.0154093
4.900478e-08,-0.0207644
4.905478e-08,-0.019968
4.910478e-08,-0.00997172
4.915478e-08,-0.00338075
4.920478e-08,-0.00398492
4.925478e-08,-0.000716896
4.930478e-08,0.00436365
4.935478e-08,0.0040341
4.940478e-08,0.00180964
4.945478e-08,0.00233143
4.950478e-08,0.00213919
4.955478e-08,-0.000964057
4.960478e-08,-0.00417716
4.965478e-08,-0.00662131
4.970478e-08,-0.0126905
4.975478e-08,-0.0197209
4.980478e-08,-0.0169197
4.985478e-08,-0.00884576
4.990478e-08,-0.00826905
4.995478e-08,-0.011235
5.000478e-08,-0.00955978
5.005478e-08,-0.00549535
5.010478e-08,0.00172726
5.015478e-08,0.0133713
5.020478e-08,0.0181772
5.025478e-08,0.0152388
5.030478e-08,0.016502
5.035478e-08,0.019056
5.040478e-08,0.017216
5.045478e-08,0.0136459
5.050478e-08,0.0114215
5.055478e-08,0.00820838
5.060478e-08,0.00156248
5.065478e-08,-0.00593475
5.070478e-08,-0.0194737
5.075478e-08,-0.0313649
5.080478e-08,-0.0255704
5.085478e-08,-0.0164803
5.090478e-08,-0.0158212
5.095478e-08,-0.0120589
5.100478e-08,-0.00115629
5.105478e-08,0.0101582
5.110478e-08,0.0133713
5.115478e-08,0.00916956
5.120478e-08,0.00345739
5.125478e-08,0.000491449
5.130478e-08,0.0040341
5.135478e-08,0.00101323
5.140478e-08,-0.00895561
5.145478e-08,-0.00442432
5.150478e-08,0.00513259
5.155478e-08,0.00260605
5.160478e-08,-0.000744358
5.165478e-08,0.00430872
5.170478e-08,0.00694511
5.175478e-08,0.00400663
5.180478e-08,0.00480304
5.185478e-08,0.00246874
5.190478e-08,-0.00596221
5.195478e-08,-0.00898307
5.200478e-08,-0.00568759
5.205478e-08,0.00153502
5.210478e-08,0.0126024
5.215478e-08,0.0196602
5.220478e-08,0.0120806
5.225478e-08,0.000573836
5.230478e-08,-0.000909132
5.235478e-08,-0.00233718
5.240478e-08,-0.00241956
5.245478e-08,0.00304545
5.250478e-08,-0.00475387
5.255478e-08,-0.0236755
5.260478e-08,-0.0271906
5.265478e-08,-0.0166176
5.270478e-08,-0.0158761
5.275478e-08,-0.0175513
5.280478e-08,-0.00574251
5.285478e-08,-0.00228225
5.290478e-08,-0.00895561
5.295478e-08,-0.00357298
5.300478e-08,0.00310038
5.305478e-08,0.00639586
5.310478e-08,0.0122454
5.315478e-08,0.011751
5.320478e-08,0.00796122
5.325478e-08,0.00864778
5.330478e-08,0.0136459
5.335478e-08,0.0185068
5.340478e-08,0.0183695
5.345478e-08,0.0137009
5.350478e-08,0.00469319
5.355478e-08,-0.0053855
5.360478e-08,-0.00898307
5.365478e-08,-0.00552281
5.370478e-08,-0.0028315
5.375478e-08,-0.00272165
5.380478e-08,-0.000359885
5.385478e-08,0.00516006
5.390478e-08,0.0130967
5.395478e-08,0.0212256
5.400478e-08,0.029272
5.405478e-08,0.0349567
5.410478e-08,0.0275694
5.415478e-08,0.0130143
5.420478e-08,0.0120257
5.425478e-08,0.0180674
5.430478e-08,0.0151838
5.435478e-08,0.0101033
5.440478e-08,0.00669795
5.445478e-08,0.00603885
5.450478e-08,0.0104878
5.455478e-08,0.00579169
5.460478e-08,-0.00519326
5.465478e-08,-0.00469894
5.470478e-08,-0.00480879
5.475478e-08,-0.0118392
5.480478e-08,-0.00824159
5.485478e-08,0.00279829
5.490478e-08,0.0141128
5.495478e-08,0.0242464
5.500478e-08,0.0218846
5.505478e-08,0.0141952
5.510478e-08,0.0112567
5.515478e-08,0.00279829
5.520478e-08,-0.0103837
5.525478e-08,-0.0171943
5.530478e-08,-0.0173866
5.535478e-08,-0.0145579
5.540478e-08,-0.0116195
5.545478e-08,-0.00890069
5.550478e-08,-0.00140346
5.555478e-08,0.0103779
5.560478e-08,0.0156232
5.565478e-08,0.00809853
5.570478e-08,-0.00475387
5.575478e-08,-0.0123884
5.580478e-08,-0.0128003
5.585478e-08,-0.010466
5.590478e-08,-0.00703324
5.595478e-08,-0.00123868
5.600478e-08,0.00186457
5.605478e-08,0.00255113
5.610478e-08,0.00765913
5.615478e-08,0.00562692
5.620478e-08,-0.00502849
5.625478e-08,-0.00178793
5.630478e-08,0.0118334
5.635478e-08,0.0115863
5.640478e-08,-0.00115629
5.645478e-08,-0.00848875
5.650478e-08,-0.0109878
5.655478e-08,-0.0191991
5.660478e-08,-0.024005
5.665478e-08,-0.0169472
5.670478e-08,-0.0107956
5.675478e-08,-0.0102189
5.680478e-08,-0.00664877
5.685478e-08,0.000903385
5.690478e-08,0.00875763
5.695478e-08,0.0112842
5.700478e-08,0.00027175
5.705478e-08,-0.0144481
5.710478e-08,-0.0162057
5.715478e-08,-0.0146678
5.720478e-08,-0.0159585
5.725478e-08,-0.00909292
5.730478e-08,0.00367709
5.735478e-08,0.0109546
5.740478e-08,0.00818092
5.745478e-08,0.00386932
5.750478e-08,0.0087027
5.755478e-08,0.011806
5.760478e-08,0.00477558
5.765478e-08,0.005929
5.770478e-08,0.0176829
5.775478e-08,0.0188089
5.780478e-08,0.00993851
5.785478e-08,0.0120531
5.790478e-08,0.0198524
5.795478e-08,0.0129319
5.800478e-08,0.00656064
5.805478e-08,0.0159802
5.810478e-08,0.0194954
5.815478e-08,0.00911464
5.820478e-08,0.00257859
5.825478e-08,0.00741197
5.830478e-08,0.015074
5.835478e-08,0.0166119
5.840478e-08,0.0165569
5.845478e-08,0.0182322
5.850478e-08,0.0134262
5.855478e-08,0.00721973
5.860478e-08,0.00617616
5.865478e-08,-0.00294135
5.870478e-08,-0.012718
5.875478e-08,-0.00763742
5.880478e-08,0.000766073
5.885478e-08,0.00787883
5.890478e-08,0.00977374
5.895478e-08,0.00274337
5.900478e-08,-0.000552121
5.905478e-08,-0.00225479
5.910478e-08,-0.00478133
5.915478e-08,0.00430872
5.920478e-08,0.0160352
5.925478e-08,0.0113666
5.930478e-08,0.00263352
5.935478e-08,0.00782391
5.940478e-08,0.0178477
5.945478e-08,0.0221043
5.950478e-08,0.0213903
5.955478e-08,0.0165844
5.960478e-08,0.0119433
5.965478e-08,0.0168041
5.970478e-08,0.0255921
5.975478e-08,0.0192483
5.980478e-08,0.00584661
5.985478e-08,0.00175472
5.990478e-08,-0.00425954
5.995478e-08,-0.010109
6.000478e-08,-0.00802189
6.005478e-08,-0.013075
6.010478e-08,-0.0184027
6.015478e-08,-0.00936755
6.020478e-08,0.000463987
6.025478e-08,0.00623109
6.030478e-08,0.0152113
6.035478e-08,0.0190011
6.040478e-08,0.0156781
6.045478e-08,0.0148543
6.050478e-08,0.0178477
6.055478e-08,0.021665
6.060478e-08,0.0196053
6.065478e-08,0.0108997
6.070478e-08,0.000601299
6.075478e-08,-0.00782965
6.080478e-08,-0.00758249
6.085478e-08,-0.00439686
6.090478e-08,-0.00673116
6.095478e-08,-0.00892815
6.100478e-08,-0.00950486
6.105478e-08,-0.0111526
6.110478e-08,-0.0169472
6.115478e-08,-0.0224946
6.120478e-08,-0.0187871
6.125478e-08,-0.0146129
6.130478e-08,-0.0128003
6.135478e-08,-0.00708817
6.140478e-08,-0.00527565
6.145478e-08,-0.0062643
6.150478e-08,0.0003816
6.155478e-08,0.0110919
6.160478e-08,0.0137558
6.165478e-08,0.00653317
6.170478e-08,0.00219412
6.175478e-08,0.00540722
6.180478e-08,0.00392425
6.185478e-08,-0.00329836
6.190478e-08,0.000820998
6.195478e-08,0.0135361
6.200478e-08,0.0132889
6.205478e-08,0.00653317
6.210478e-08,0.0110095
6.215478e-08,0.0174907
6.220478e-08,0.0151838
6.225478e-08,0.0118883
6.230478e-08,0.014305
6.235478e-08,0.0130418
6.240478e-08,0.00540722
6.245478e-08,0.00213919
6.250478e-08,0.000985772
6.255478e-08,0.00213919
6.260478e-08,0.00689019
6.265478e-08,0.00650571
6.270478e-08,0.00491289
6.275478e-08,0.00304545
6.280478e-08,0.0054896
6.285478e-08,0.0218572
6.290478e-08,0.0249604
6.295478e-08,0.00340246
6.300478e-08,-0.00895561
6.305478e-08,-0.00736279
6.310478e-08,-0.00936755
6.315478e-08,-0.00999918
6.320478e-08,-0.00898307
6.325478e-08,-0.0140636
6.330478e-08,-0.0122511
6.335478e-08,-0.00409477
6.340478e-08,-0.006484
6.345478e-08,-0.00846129
6.350478e-08,-0.00132107
6.355478e-08,0.00807107
6.360478e-08,0.0150465
6.365478e-08,0.0152113
6.370478e-08,0.0098012
6.375478e-08,0.0027159
6.380478e-08,-0.000524659
6.385478e-08,7.95135e-05
6.390478e-08,-0.00409477
6.395478e-08,-0.0162057
6.400478e-08,-0.028756
6.405478e-08,-0.030596
6.410478e-08,-0.0202152
6.415478e-08,-0.0113723
6.420478e-08,-0.00928516
6.425478e-08,-0.00522073
6.430478e-08,-0.00294135
6.435478e-08,-0.00640161
6.440478e-08,-0.00706071
6.445478e-08,-0.00384761
6.450478e-08,-0.00269419
6.455478e-08,-0.000332422
6.460478e-08,0.00801614
6.465478e-08,0.0152113
6.470478e-08,0.0187814
6.475478e-08,0.0195229
6.480478e-08,0.0170238
6.485478e-08,0.0199074
6.490478e-08,0.0232303
6.495478e-08,0.019056
6.500478e-08,0.0118334
6.505478e-08,0.00518752
6.510478e-08,0.0040341
6.515478e-08,0.000189363
6.520478e-08,-0.00942247
6.525478e-08,-0.00821413
6.530478e-08,0.00362216
6.535478e-08,0.00889494
6.540478e-08,0.00656064
6.545478e-08,0.00689019
6.550478e-08,0.0101307
6.555478e-08,0.016914
6.560478e-08,0.0228458
6.565478e-08,0.019056
6.570478e-08,0.0155134
6.575478e-08,0.0199074
6.580478e-08,0.0201271
6.585478e-08,0.0127397
6.590478e-08,0.00831823
6.595478e-08,0.00840062
6.600478e-08,0.0100758
6.605478e-08,0.0152937
6.610478e-08,0.0198524
6.615478e-08,0.0200996
6.620478e-08,0.0228458
6.625478e-08,0.0267455
6.630478e-08,0.0189736
6.635478e-08,0.00537975
6.640478e-08,0.00378694
6.645478e-08,0.0087027
6.650478e-08,0.00732958
6.655478e-08,0.00708242
6.660478e-08,0.0148817
6.665478e-08,0.0216375
6.670478e-08,0.0240816
6.675478e-08,0.0263336
6.680478e-08,0.0271849
6.685478e-08,0.0254822
6.690478e-08,0.0200996
6.695478e-08,0.0135086
6.700478e-08,0.0140304
6.705478e-08,0.0223515
6.710478e-08,0.0280088
6.715478e-08,0.0258392
6.720478e-08,0.0234775
6.725478e-08,0.0244112
6.730478e-08,0.021253
6.735478e-08,0.0127122
6.740478e-08,0.00815346
6.745478e-08,0.00815346
6.750478e-08,0.00894986
6.755478e-08,0.0165844
6.760478e-08,0.0236697
6.765478e-08,0.0185068
6.770478e-08,0.0107075
6.775478e-08,0.00310038
6.780478e-08,-0.0067037
6.785478e-08,-0.00458909
6.790478e-08,0.00774152
6.795478e-08,0.0112842
6.800478e-08,0.0102406
6.805478e-08,0.0143325
6.810478e-08,0.0156507
6.815478e-08,0.0154035
6.820478e-08,0.0214727
6.825478e-08,0.0261688
6.830478e-08,0.0233127
6.835478e-08,0.0204291
6.840478e-08,0.0193306
6.845478e-08,0.0158155
6.850478e-08,0.0171337
6.855478e-08,0.0239443
6.860478e-08,0.0214453
6.865478e-08,0.0104603
6.870478e-08,0.00458335
6.875478e-08,0.00419887
6.880478e-08,0.00669795
6.885478e-08,0.0122454
6.890478e-08,0.015788
6.895478e-08,0.0167217
6.900478e-08,0.0175456
6.905478e-08,0.0238619
6.910478e-08,0.0317436
6.915478e-08,0.0268553
6.920478e-08,0.021665
6.925478e-08,0.0197426
6.930478e-08,0.00834569
6.935478e-08,0.00128786
6.940478e-08,0.00213919
6.945478e-08,0.00537975
6.950478e-08,0.0149641
6.955478e-08,0.0204566
6.960478e-08,0.0171611
6.965478e-08,0.0179026
6.970478e-08,0.0227085
6.975478e-08,0.020539
6.980478e-08,0.0184793
6.985478e-08,0.0213629
6.990478e-08,0.0211157
6.995478e-08,0.024219
7.000478e-08,0.0290523
7.005478e-08,0.0317986
7.010478e-08,0.0370439
7.015478e-08,0.0338857
7.020478e-08,0.0222417
7.025478e-08,0.0130418
7.030478e-08,0.00573677
7.035478e-08,-0.00296881
7.040478e-08,-0.0131024
7.045478e-08,-0.018128
7.050478e-08,-0.018128
7.055478e-08,-0.0184576
7.060478e-08,-0.012718
7.065478e-08,0.00263352
7.070478e-08,0.017271
7.075478e-08,0.0227909
7.080478e-08,0.0258667
7.085478e-08,0.0312768
7.090478e-08,0.0320732
7.095478e-08,0.0287777
7.100478e-08,0.0234775
7.105478e-08,0.0120806
7.110478e-08,-0.00332582
7.115478e-08,-0.0123335
7.120478e-08,-0.00843383
7.125478e-08,-0.00338075
7.130478e-08,-0.009038
7.135478e-08,-0.0157114
7.140478e-08,-0.0161782
7.145478e-08,-0.0193639
7.150478e-08,-0.0210391
7.155478e-08,-0.0172218
7.160478e-08,-0.0246916
7.165478e-08,-0.0297721
7.170478e-08,-0.0136242
7.175478e-08,-0.00258434
7.180478e-08,-0.00673116
7.185478e-08,-0.00700578
7.190478e-08,0.000326675
7.195478e-08,0.0042538
7.200478e-08,0.00101323
7.205478e-08,-0.000222573
7.210478e-08,-5.77984e-05
7.215478e-08,-0.00209002
7.220478e-08,0.000161901
7.225478e-08,0.00719227
7.230478e-08,0.0140853
7.235478e-08,0.0154585
7.240478e-08,0.0112842
7.245478e-08,0.0115313
7.250478e-08,0.0146895
7.255478e-08,0.0112842
7.260478e-08,0.0123827
7.265478e-08,0.0236422
7.270478e-08,0.0237796
7.275478e-08,0.0111743
7.280478e-08,0.00933434
7.285478e-08,0.0182871
7.290478e-08,0.0235049
7.295478e-08,0.0222417
7.300478e-08,0.019056
7.305478e-08,0.023807
7.310478e-08,0.0321281
7.315478e-08,0.0301234
7.320478e-08,0.0242464
7.325478e-08,0.0236148
7.330478e-08,0.0230381
7.335478e-08,0.0185892
7.340478e-08,0.0152388
7.345478e-08,0.0152937
7.350478e-08,0.0141128
7.355478e-08,0.0140579
7.360478e-08,0.0115313
7.365478e-08,0.0012604
7.370478e-08,-0.00318851
7.375478e-08,-0.00469894
7.380478e-08,-0.0100541
7.385478e-08,-0.00835144
7.390478e-08,-0.000442272
7.395478e-08,0.0101582
7.400478e-08,0.0182871
7.405478e-08,0.0211157
7.410478e-08,0.0257843
7.415478e-08,0.0238619
7.420478e-08,0.0155134
7.425478e-08,0.0174907
7.430478e-08,0.0198799
7.435478e-08,0.0119982
7.440478e-08,0.00752182
7.445478e-08,0.0115039
7.450478e-08,0.0127122
7.455478e-08,0.00612124
7.460478e-08,-0.000442272
7.465478e-08,-0.00376522
7.470478e-08,-0.00447924
7.475478e-08,-0.00233718
7.480478e-08,-0.00675862
7.485478e-08,-0.00934009
7.490478e-08,0.00474812
7.495478e-08,0.0142226
7.500478e-08,0.0133988
7.505478e-08,0.0152937
7.510478e-08,0.00691765
7.515478e-08,-0.00431447
7.520478e-08,-0.0030512
7.525478e-08,-0.00266673
7.530478e-08,-0.00447924
7.535478e-08,0.00167233
7.540478e-08,0.0113116
7.545478e-08,0.0206488
7.550478e-08,0.0285855
7.555478e-08,0.0301783
7.560478e-08,0.0278714
7.565478e-08,0.0257294
7.570478e-08,0.0262786
7.575478e-08,0.0283108
7.580478e-08,0.0236422
7.585478e-08,0.0173534
7.590478e-08,0.0156232
7.595478e-08,0.0119158
7.600478e-08,0.00977374
7.605478e-08,0.0164471
7.610478e-08,0.0266906
7.615478e-08,0.0315789
7.620478e-08,0.0257568
7.625478e-08,0.0160901
7.630478e-08,0.0156781
7.635478e-08,0.0181223
7.640478e-08,0.013948
7.645478e-08,0.0119158
7.650478e-08,0.0131516
7.655478e-08,0.0138107
7.660478e-08,0.0141403
7.665478e-08,0.0124376
7.670478e-08,0.015074
7.675478e-08,0.0188089
7.680478e-08,0.014305
7.685478e-08,0.0114215
7.690478e-08,0.0143325
7.695478e-08,0.0149092
7.700478e-08,0.0137558
7.705478e-08,0.0104878
7.710478e-08,0.00301799
7.715478e-08,0.000573836
7.720478e-08,0.00815346
7.725478e-08,0.014662
7.730478e-08,0.0107349
7.735478e-08,0.00716481
7.740478e-08,0.0137283
7.745478e-08,0.0158155
7.750478e-08,0.0038144
7.755478e-08,-0.0115371
7.760478e-08,-0.0149973
7.765478e-08,-0.00898307
7.770478e-08,-0.0113174
7.775478e-08,-0.0092577
7.780478e-08,0.00809853
7.785478e-08,0.0170787
7.790478e-08,0.01436
7.795478e-08,0.00875763
7.800478e-08,-0.00258434
7.805478e-08,-0.0164528
7.810478e-08,-0.022577
7.815478e-08,-0.0155191
7.820478e-08,-0.00126614
7.825478e-08,0.0104878
7.830478e-08,0.0155958
7.835478e-08,0.0184519
7.840478e-08,0.021253
7.845478e-08,0.0224888
7.850478e-08,0.0224614
7.855478e-08,0.0224888
7.860478e-08,0.0237796
7.865478e-08,0.0224064
7.870478e-08,0.0191659
7.875478e-08,0.0181498
7.880478e-08,0.0192483
7.885478e-08,0.0197151
7.890478e-08,0.0115039
7.895478e-08,-0.000964057
7.900478e-08,-0.00590729
7.905478e-08,-0.00329836
7.910478e-08,0.00573677
7.915478e-08,0.0149092
7.920478e-08,0.0171886
7.925478e-08,0.0161999
7.930478e-08,0.0195778
7.935478e-08,0.02713
7.940478e-08,0.0253449
7.945478e-08,0.0208136
7.950478e-08,0.0261413
7.955478e-08,0.0202094
7.960478e-08,0.00084846
7.965478e-08,-0.00711563
7.970478e-08,-0.00280404
7.975478e-08,7.95135e-05
7.980478e-08,-0.00176047
7.985478e-08,0.00202934
7.990478e-08,0.0152937
7.995478e-08,0.0224339
8.000478e-08,0.0158429
8.005478e-08,0.01068
8.010478e-08,0.0160077
8.015478e-08,0.0217473
8.020478e-08,0.0240267
8.025478e-08,0.0274046
8.030478e-08,0.0269103
8.035478e-08,0.022324
8.040478e-08,0.0207862
8.045478e-08,0.0235599
8.050478e-08,0.0283932
8.055478e-08,0.0250977
8.060478e-08,0.0148817
8.065478e-08,0.0089224
8.070478e-08,0.00419887
8.075478e-08,0.0089224
8.080478e-08,0.0243563
8.085478e-08,0.0253724
8.090478e-08,0.0166119
8.095478e-08,0.0170787
8.100478e-08,0.0163922
8.105478e-08,0.0131241
8.110478e-08,0.0144149
8.115478e-08,0.0192208
8.120478e-08,0.0296565
8.125478e-08,0.0361376
8.130478e-08,0.0368517
8.135478e-08,0.0405041
8.140478e-08,0.0377579
8.145478e-08,0.0266631
8.150478e-08,0.0204841
8.155478e-08,0.0151014
8.160478e-08,0.00364962
8.165478e-08,-0.00230971
8.170478e-08,0.00395171
8.175478e-08,0.0107898
8.180478e-08,0.0068078
8.185478e-08,0.00106816
8.190478e-08,0.00235889
8.195478e-08,0.00452842
8.200478e-08,0.00760421
8.205478e-08,0.0101033
8.210478e-08,0.00524244
8.215478e-08,0.000683686
8.220478e-08,0.00205681
8.225478e-08,0.00521498
8.230478e-08,0.008483
8.235478e-08,0.00752182
8.240478e-08,0.00441857
8.245478e-08,0.0042538
8.250478e-08,0.00886748
8.255478e-08,0.0144698
8.260478e-08,0.0129594
8.265478e-08,0.0134812
8.270478e-08,0.0162823
8.275478e-08,0.0100209
8.280478e-08,0.00689019
8.285478e-08,0.0110919
8.290478e-08,0.0163098
8.295478e-08,0.0221043
8.300478e-08,0.0170238
8.305478e-08,0.00776898
8.310478e-08,0.00686272
8.315478e-08,0.00194696
8.320478e-08,-0.00285896
8.325478e-08,0.00436365
8.330478e-08,0.0108173
8.335478e-08,0.0126024
8.340478e-08,0.0169963
8.345478e-08,0.0165295
8.350478e-08,0.011394
8.355478e-08,0.00818092
8.360478e-08,0.00216665
8.365478e-08,-0.00508342
8.370478e-08,-0.00368283
8.375478e-08,0.00496782
8.380478e-08,0.00889494
8.385478e-08,0.00812599
8.390478e-08,0.00873017
8.395478e-08,0.00853793
8.400478e-08,0.00710988
8.405478e-08,0.00235889
8.410478e-08,-0.00497357
8.415478e-08,-0.00403984
8.420478e-08,0.00496782
8.425478e-08,0.0124101
8.430478e-08,0.019056
8.435478e-08,0.0257843
8.440478e-08,0.026718
8.445478e-08,0.0227085
8.450478e-08,0.0207312
8.455478e-08,0.0244387
8.460478e-08,0.0276243
8.465478e-08,0.0268828
8.470478e-08,0.0303156
8.475478e-08,0.0317986
8.480478e-08,0.0271849
8.485478e-08,0.0296565
8.490478e-08,0.0339956
8.495478e-08,0.0304804
8.500478e-08,0.0235873
8.505478e-08,0.0111469
8.510478e-08,-0.00576998
8.515478e-08,-0.0133496
8.520478e-08,-0.00296881
8.525478e-08,0.00999344
8.530478e-08,0.00971881
8.535478e-08,0.0124101
8.540478e-08,0.0189187
8.545478e-08,0.0151564
8.550478e-08,0.0129319
8.555478e-08,0.0109272
8.560478e-08,0.00312784
8.565478e-08,7.95135e-05
8.570478e-08,-0.0037103
8.575478e-08,-0.00914785
8.580478e-08,-0.00571505
8.585478e-08,-0.00236464
8.590478e-08,0.0012604
8.595478e-08,0.0150191
8.600478e-08,0.019413
8.605478e-08,0.00960896
8.610478e-08,0.00820838
8.615478e-08,0.0104603
8.620478e-08,0.00386932
8.625478e-08,-0.00500103
8.630478e-08,-0.010164
8.635478e-08,-0.00678608
8.640478e-08,0.00439111
8.645478e-08,0.0144423
8.650478e-08,0.019413
8.655478e-08,0.0168316
8.660478e-08,0.015431
8.665478e-08,0.0258392
8.670478e-08,0.0309747
8.675478e-08,0.0229282
8.680478e-08,0.0163922
8.685478e-08,0.0120257
8.690478e-08,0.0106251
8.695478e-08,0.00798868
8.700478e-08,-0.00513834
8.705478e-08,-0.00917531
8.710478e-08,-5.77984e-05
8.715478e-08,0.00656064
8.720478e-08,0.0151014
8.725478e-08,0.0219121
8.730478e-08,0.024219
8.735478e-08,0.0297938
8.740478e-08,0.0326774
8.745478e-08,0.0268004
8.750478e-08,0.0182596
8.755478e-08,0.0147719
8.760478e-08,0.0119433
8.765478e-08,0.00587408
8.770478e-08,0.00463827
8.775478e-08,0.00982866
8.780478e-08,0.0167766
8.785478e-08,0.0200447
8.790478e-08,0.0155134
8.795478e-08,0.00730212
8.800478e-08,0.00216665
8.805478e-08,-0.000442272
8.810478e-08,-0.000744358
8.815478e-08,0.00128786
8.820478e-08,-0.000167648
8.825478e-08,-0.0037103
8.830478e-08,-0.00360045
8.835478e-08,0.00274337
8.840478e-08,0.00787883
8.845478e-08,0.00356724
8.850478e-08,0.00260605
8.855478e-08,0.00689019
8.860478e-08,0.0010407
8.865478e-08,-0.00623684
8.870478e-08,-0.00343567
8.875478e-08,5.20511e-05
8.880478e-08,-0.00140346
8.885478e-08,-0.00711563
8.890478e-08,-0.0106857
8.895478e-08,-0.00266673
8.900478e-08,0.00683526
8.905478e-08,0.00392425
8.910478e-08,-0.00181539
8.915478e-08,0.00356724
8.920478e-08,0.0136734
8.925478e-08,0.0181498
8.930478e-08,0.0218572
8.935478e-08,0.0261962
8.940478e-08,0.0265807
8.945478e-08,0.0260315
8.950478e-08,0.0221593
8.955478e-08,0.0140029
8.960478e-08,0.00963642
8.965478e-08,0.00903225
8.970478e-08,0.00518752
8.975478e-08,-0.00206255
8.980478e-08,-0.0015133
8.985478e-08,0.00408902
8.990478e-08,0.00233143
8.995478e-08,0.00985612
9.000478e-08,0.0258942
9.005478e-08,0.0266906
9.010478e-08,0.0288052
9.015478e-08,0.0392958
9.020478e-08,0.0413006
9.025478e-08,0.0383621
9.030478e-08,0.0318535
9.035478e-08,0.0266082
9.040478e-08,0.0231754
9.045478e-08,0.0144698
9.050478e-08,0.0158429
9.055478e-08,0.0250703
9.060478e-08,0.0258942
9.065478e-08,0.0278165
9.070478e-08,0.0284756
9.075478e-08,0.0182871
9.080478e-08,0.0131241
9.085478e-08,0.0193306
9.090478e-08,0.0243013
9.095478e-08,0.0232578
9.100478e-08,0.018342
9.105478e-08,0.0168041
9.110478e-08,0.0226536
9.115478e-08,0.022379
9.120478e-08,0.0142226
9.125478e-08,0.0145522
9.130478e-08,0.0192208
9.135478e-08,0.019056
9.140478e-08,0.0202644
9.145478e-08,0.0242739
9.150478e-08,0.0281461
9.155478e-08,0.0249604
9.160478e-08,0.0135635
9.165478e-08,0.0119158
9.170478e-08,0.021967
9.175478e-08,0.0254273
9.180478e-08,0.0264159
9.185478e-08,0.0299861
9.190478e-08,0.0236697
9.195478e-08,0.0175456
9.200478e-08,0.0136459
9.205478e-08,-0.0028315
9.210478e-08,-0.00824159
9.215478e-08,0.00886748
9.220478e-08,0.0191384
9.225478e-08,0.0147719
9.230478e-08,0.0116961
9.235478e-08,0.0167492
9.240478e-08,0.0187814
9.245478e-08,0.00829077
9.250478e-08,-0.00143092
9.255478e-08,-0.00508342
9.260478e-08,-0.0102738
9.265478e-08,-0.00955978
9.270478e-08,-0.00181539
9.275478e-08,0.00101323
9.280478e-08,-0.00269419
9.285478e-08,-0.00434193
9.290478e-08,-0.00417716
9.295478e-08,-0.0101365
9.300478e-08,-0.0163155
9.305478e-08,-0.0120039
9.310478e-08,-0.00140346
9.315478e-08,0.00463827
9.320478e-08,0.0103779
9.325478e-08,0.021665
9.330478e-08,0.0266356
9.335478e-08,0.0221867
9.340478e-08,0.0171886
9.345478e-08,0.0158155
9.350478e-08,0.0180948
9.355478e-08,0.0155134
9.360478e-08,0.00568184
9.365478e-08,-0.00184285
9.370478e-08,-0.0088183
9.375478e-08,-0.0164254
9.380478e-08,-0.0157663
9.385478e-08,-0.0138439
9.390478e-08,-0.0109878
9.395478e-08,0.0022765
9.400478e-08,0.0129319
9.405478e-08,0.0163098
9.410478e-08,0.0213354
9.415478e-08,0.0255646
9.420478e-08,0.026718
9.425478e-08,0.0249879
9.430478e-08,0.0250428
9.435478e-08,0.0305902
9.440478e-08,0.0308648
9.445478e-08,0.024219
9.450478e-08,0.0214178
9.455478e-08,0.0183969
9.460478e-08,0.0132065
9.465478e-08,0.0137009
9.470478e-08,0.0151838
9.475478e-08,0.0150191
9.480478e-08,0.0190011
9.485478e-08,0.0243837
9.490478e-08,0.0252076
9.495478e-08,0.024576
9.500478e-08,0.024164
9.505478e-08,0.0168041
9.510478e-08,0.00384186
9.515478e-08,-0.00329836
9.520478e-08,-0.00206255
9.525478e-08,0.000875923
9.530478e-08,0.00279829
9.535478e-08,0.00332008
9.540478e-08,0.00282575
9.545478e-08,0.00458335
9.550478e-08,0.00499528
9.555478e-08,5.20511e-05
9.560478e-08,-0.00316105
9.565478e-08,0.00422633
9.570478e-08,0.0134262
9.575478e-08,0.011394
9.580478e-08,0.0119433
9.585478e-08,0.0188638
9.590478e-08,0.0161175
9.595478e-08,0.0129594
9.600478e-08,0.0204291
9.605478e-08,0.0261139
9.610478e-08,0.0233676
9.615478e-08,0.0207862
9.620478e-08,0.017628
9.625478e-08,0.00694511
9.630478e-08,-0.00725294
9.635478e-08,-0.0150523
9.640478e-08,-0.01302
9.645478e-08,-0.00810428
9.650478e-08,-0.0094774
9.655478e-08,-0.0155466
9.660478e-08,-0.0143657
9.665478e-08,-0.010109
9.670478e-08,-0.00876338
9.675478e-08,-0.00522073
9.680478e-08,-0.00739026
9.685478e-08,-0.00664877
9.690478e-08,0.00716481
9.695478e-08,0.0121904
9.700478e-08,0.00521498
9.705478e-08,0.000134438
9.710478e-08,-0.00214494
9.715478e-08,-0.00313359
9.720478e-08,-0.00524819
9.725478e-08,-0.00596221
9.730478e-08,-0.00167808
9.735478e-08,0.00760421
9.740478e-08,0.0163098
9.745478e-08,0.0137558
9.750478e-08,0.00686272
9.755478e-08,0.00348485
9.760478e-08,-0.00598967
9.765478e-08,-0.0204624
9.770478e-08,-0.0193913
9.775478e-08,-0.00417716
9.780478e-08,0.000189363
9.785478e-08,0.00246874
9.790478e-08,0.0137009
9.795478e-08,0.0128221
9.800478e-08,0.00241382
9.805478e-08,0.00202934
9.810478e-08,0.00642333
9.815478e-08,0.00252367
9.820478e-08,-0.00557774
9.825478e-08,-0.00755503
9.830478e-08,-0.00552281
9.835478e-08,0.00134278
9.840478e-08,0.0089224
9.845478e-08,0.00433618
9.850478e-08,-0.000826745
9.855478e-08,0.00158994
9.860478e-08,-0.000799283
9.865478e-08,-0.00332582
9.870478e-08,-0.00110137
9.875478e-08,-5.77984e-05
9.880478e-08,0.00367709
9.885478e-08,0.0104328
9.890478e-08,0.0154585
9.895478e-08,0.0187814
9.900478e-08,0.0236422
9.905478e-08,0.0304255
9.910478e-08,0.0309198
9.915478e-08,0.0258118
9.920478e-08,0.022736
9.925478e-08,0.0182871
9.930478e-08,0.0123277
9.935478e-08,0.00581915
9.940478e-08,-0.00491864
9.945478e-08,-0.0110702
9.950478e-08,-0.0128003
9.955478e-08,-0.0210665
9.960478e-08,-0.0252957
9.965478e-08,-0.0133496
9.970478e-08,0.00598393
9.975478e-08,0.0141952
9.980478e-08,0.00944419
9.985478e-08,0.0087027
9.990478e-08,0.0089224
9.995478e-08,0.00263352
1.000048e-07,0.00334754
1.000548e-07,0.0107898
1.001048e-07,0.0113391
1.001548e-07,0.00743943
1.002048e-07,0.00738451
1.002548e-07,0.00974627
1.003048e-07,0.00996597
1.003548e-07,0.00996597
1.004048e-07,0.0131791
1.004548e-07,0.0126298
1.005048e-07,0.00686272
1.005548e-07,0.00194696
1.006048e-07,-0.000716896
1.006548e-07,0.000216825
1.007048e-07,-0.000387347
1.007548e-07,0.000409062
1.008048e-07,0.00933434
1.008548e-07,0.0133713
1.009048e-07,0.0104878
1.009548e-07,0.0130967
1.010048e-07,0.0145522
1.010548e-07,0.011394
1.011048e-07,0.0107349
1.011548e-07,0.0105152
1.012048e-07,0.0147444
1.012548e-07,0.0239993
1.013048e-07,0.0271574
1.013548e-07,0.0239993
1.014048e-07,0.0168865
1.014548e-07,0.00642333
1.015048e-07,0.000628761
1.015548e-07,-0.000607046
1.016048e-07,0.00219412
1.016548e-07,0.00982866
1.017048e-07,0.0145522
1.017548e-07,0.0219945
1.018048e-07,0.0338583
1.018548e-07,0.0346821
1.019048e-07,0.0247133
1.019548e-07,0.0114489
1.020048e-07,-0.0021724
1.020548e-07,-0.00423208
1.021048e-07,0.00241382
1.021548e-07,-0.00263926
1.022048e-07,-0.0131574
1.022548e-07,-0.0137066
1.023048e-07,-0.0085986
1.023548e-07,-0.00228225
1.024048e-07,0.00150756
1.024548e-07,-0.00112883
1.025048e-07,-0.00373776
1.025548e-07,-0.00659385
1.026048e-07,-0.0106308
1.026548e-07,-0.00623684
1.027048e-07,0.00134278
1.027548e-07,0.00741197
1.028048e-07,0.0130418
1.028548e-07,0.0180125
1.029048e-07,0.0325675
1.029548e-07,0.0420146
1.030048e-07,0.0335562
1.030548e-07,0.0300135
1.031048e-07,0.0242464
1.031548e-07,0.00178218
1.032048e-07,-0.0122511
1.032548e-07,-0.0120589
1.033048e-07,-0.00944993
1.033548e-07,0.000491449
1.034048e-07,0.0110919
1.034548e-07,0.0171062
1.035048e-07,0.0268553
1.035548e-07,0.0305628
1.036048e-07,0.0189736
1.036548e-07,0.00955404
1.037048e-07,0.0130418
1.037548e-07,0.0129044
1.038048e-07,0.00491289
1.038548e-07,0.0103504
1.039048e-07,0.0303705
1.039548e-07,0.0411632
1.040048e-07,0.037346
1.040548e-07,0.0343251
1.041048e-07,0.0367143
1.041548e-07,0.0388015
1.042048e-07,0.0358081
1.042548e-07,0.0250154
1.043048e-07,0.0130967
1.043548e-07,0.0040341
1.044048e-07,-0.00176047
1.044548e-07,0.00395171
1.045048e-07,0.0124651
1.045548e-07,0.00985612
1.046048e-07,0.00669795
1.046548e-07,0.0124925
1.047048e-07,0.0134262
1.047548e-07,0.0031553
1.048048e-07,0.000491449
1.048548e-07,0.00669795
1.049048e-07,0.0114215
1.049548e-07,0.016145
1.050048e-07,0.0138107
1.050548e-07,0.00938926
1.051048e-07,0.0154859
1.051548e-07,0.022022
1.052048e-07,0.0239169
1.052548e-07,0.0272673
1.053048e-07,0.0266631
1.053548e-07,0.0216924
1.054048e-07,0.0214178
1.054548e-07,0.0238345
1.055048e-07,0.0243013
1.055548e-07,0.0249055
1.056048e-07,0.0262512
1.056548e-07,0.0229831
1.057048e-07,0.0222142
1.057548e-07,0.0325675
1.058048e-07,0.0331717
1.058548e-07,0.0197151
1.059048e-07,0.00787883
1.059548e-07,-0.00423208
1.060048e-07,-0.00802189
1.060548e-07,-0.00313359
1.061048e-07,-0.00274911
1.061548e-07,-0.00269419
1.062048e-07,0.000106976
1.062548e-07,0.00851047
1.063048e-07,0.0208685
1.063548e-07,0.0258118
1.064048e-07,0.0291073
1.064548e-07,0.036577
1.065048e-07,0.0363299
1.065548e-07,0.0249055
1.066048e-07,0.0105427
1.066548e-07,-0.00299627
1.067048e-07,-0.015629
1.067548e-07,-0.0235656
1.068048e-07,-0.0235656
1.068548e-07,-0.017826
1.069048e-07,-0.010466
1.069548e-07,-0.00307866
1.070048e-07,0.00584661
1.070548e-07,0.0169689
1.071048e-07,0.0238894
1.071548e-07,0.0159253
1.072048e-07,0.00488543
1.072548e-07,0.00647825
1.073048e-07,0.00299053
1.073548e-07,-0.0103837
1.074048e-07,-0.0119765
1.074548e-07,-0.00431447
1.075048e-07,-8.52608e-05
1.075548e-07,0.00307291
1.076048e-07,0.00625855
1.076548e-07,0.0052699
1.077048e-07,-0.00244703
1.077548e-07,-0.0124159
1.078048e-07,-0.0142559
1.078548e-07,-0.010466
1.079048e-07,-0.0122786
1.079548e-07,-0.0137341
1.080048e-07,-0.0103013
1.080548e-07,-0.0096971
1.081048e-07,-0.0133496
1.081548e-07,-0.0164803
1.082048e-07,-0.0117842
1.082548e-07,-0.0047264
1.083048e-07,-0.00620937
1.083548e-07,-0.00464402
1.084048e-07,0.00516006
1.084548e-07,0.00705496
1.085048e-07,-0.000387347
1.085548e-07,-0.00873591
1.086048e-07,-0.0163979
1.086548e-07,-0.019254
1.087048e-07,-0.0165078
1.087548e-07,-0.0146129
1.088048e-07,-0.0119765
1.088548e-07,-0.00335328
1.089048e-07,0.00474812
1.089548e-07,0.00710988
1.090048e-07,0.00601139
1.090548e-07,0.00776898
1.091048e-07,0.0161999
1.091548e-07,0.0215551
1.092048e-07,0.0237246
1.092548e-07,0.031826
1.093048e-07,0.034023
1.093548e-07,0.0222142
1.094048e-07,0.01252
1.094548e-07,0.0139755
1.095048e-07,0.0170238
1.095548e-07,0.0153761
1.096048e-07,0.0114764
1.096548e-07,0.00905971
1.097048e-07,0.0111469
1.097548e-07,0.0169414
1.098048e-07,0.0184244
1.098548e-07,0.0137283
1.099048e-07,0.0130143
1.099548e-07,0.0175181
1.100048e-07,0.0240542
1.100548e-07,0.0285305
1.101048e-07,0.0209784
1.101548e-07,0.0153486
1.102048e-07,0.0266082
1.102548e-07,0.03438
1.103048e-07,0.0294368
1.103548e-07,0.0269103
1.104048e-07,0.0289699
1.104548e-07,0.0297114
1.105048e-07,0.0264434
1.105548e-07,0.0211706
1.106048e-07,0.0221043
1.106548e-07,0.0243837
1.107048e-07,0.0222417
1.107548e-07,0.0199897
1.108048e-07,0.0151014
1.108548e-07,0.0153761
1.109048e-07,0.0249604
1.109548e-07,0.0268004
1.110048e-07,0.0207312
1.110548e-07,0.0142501
1.111048e-07,0.00373201
1.111548e-07,-0.00442432
1.112048e-07,-0.00807682
1.112548e-07,-0.0101914
1.113048e-07,-0.00774727
1.113548e-07,-0.00178793
1.114048e-07,0.00568184
1.114548e-07,0.00963642
1.115048e-07,0.00916956
1.115548e-07,0.00812599
1.116048e-07,0.00782391
1.116548e-07,0.00911464
1.117048e-07,0.00735705
1.117548e-07,0.00565438
1.118048e-07,0.00815346
1.118548e-07,0.00235889
1.119048e-07,-0.00895561
1.119548e-07,-0.00615445
1.120048e-07,0.00436365
1.120548e-07,0.00540722
1.121048e-07,0.00290814
1.121548e-07,0.00598393
1.122048e-07,0.0082633
1.122548e-07,0.0105152
1.123048e-07,0.0270476
1.123548e-07,0.0488527
1.124048e-07,0.0569816
1.124548e-07,0.0570914
1.125048e-07,0.0544825
1.125548e-07,0.0461339
1.126048e-07,0.0316887
1.126548e-07,0.0193856
1.127048e-07,0.0162549
1.127548e-07,0.00905971
1.128048e-07,-0.00403984
1.128548e-07,-0.00678608
1.129048e-07,-0.00099152
1.129548e-07,0.0024962
1.130048e-07,0.00469319
1.130548e-07,0.00790629
1.131048e-07,0.0121355
1.131548e-07,0.0168865
1.132048e-07,0.0205939
1.132548e-07,0.0205115
1.133048e-07,0.0124651
1.133548e-07,0.00252367
1.134048e-07,0.000903385
1.134548e-07,0.00145263
1.135048e-07,-0.000524659
1.135548e-07,0.00477558
1.136048e-07,0.0132615
1.136548e-07,0.0130692
1.137048e-07,0.0109821
1.137548e-07,0.0124651
1.138048e-07,0.0150465
1.138548e-07,0.0194954
1.139048e-07,0.0237796
1.139548e-07,0.0263885
1.140048e-07,0.0264983
1.140548e-07,0.024576
1.141048e-07,0.0240542
1.141548e-07,0.0180948
1.142048e-07,0.0027159
1.142548e-07,-0.00340821
1.143048e-07,-0.00184285
1.143548e-07,-0.0109604
1.144048e-07,-0.0152994
1.144548e-07,-0.00414969
1.145048e-07,0.00851047
1.145548e-07,0.0151564
1.146048e-07,0.0178751
1.146548e-07,0.0211706
1.147048e-07,0.0215551
1.147548e-07,0.0162549
1.148048e-07,0.0113116
1.148548e-07,0.00488543
1.149048e-07,-0.00898307
1.149548e-07,-0.0228241
1.150048e-07,-0.0219453
1.150548e-07,-0.0122786
1.151048e-07,-0.00950486
1.151548e-07,-0.00566013
1.152048e-07,0.00197442
1.152548e-07,0.0029356
1.153048e-07,0.00708242
1.153548e-07,0.0136185
1.154048e-07,0.0126298
1.154548e-07,0.0168041
1.155048e-07,0.0226261
1.155548e-07,0.0132889
1.156048e-07,0.00255113
1.156548e-07,0.00787883
1.157048e-07,0.0182322
1.157548e-07,0.020539
1.158048e-07,0.0193856
1.158548e-07,0.0195503
1.159048e-07,0.0193306
1.159548e-07,0.0170787
1.160048e-07,0.0118609
1.160548e-07,0.00985612
1.161048e-07,0.0101857
1.161548e-07,0.00197442
1.162048e-07,-0.00184285
1.162548e-07,0.00738451
1.163048e-07,0.00812599
1.163548e-07,0.00411648
1.164048e-07,0.00741197
1.164548e-07,0.00886748
1.165048e-07,0.0110919
1.165548e-07,0.00878509
1.166048e-07,-0.000442272
1.166548e-07,0.00095831
1.167048e-07,0.00944419
1.167548e-07,0.0149367
1.168048e-07,0.0215826
1.168548e-07,0.0207312
1.169048e-07,0.00812599
1.169548e-07,-0.000661971
1.170048e-07,-0.000964057
1.170548e-07,0.000628761
1.171048e-07,-0.00294135
1.171548e-07,-0.00541296
1.172048e-07,0.00400663
1.172548e-07,0.016502
1.173048e-07,0.0269652
1.173548e-07,0.0328421
1.174048e-07,0.031881
1.174548e-07,0.0316613
1.175048e-07,0.0266631
1.175548e-07,0.0163922
1.176048e-07,0.0131241
1.176548e-07,0.00458335
1.177048e-07,-0.017469
1.177548e-07,-0.0251859
1.178048e-07,-0.012663
1.178548e-07,-0.00513834
1.179048e-07,-0.00346313
1.179548e-07,-0.00541296
1.180048e-07,-0.0155466
1.180548e-07,-0.0220277
1.181048e-07,-0.0204624
1.181548e-07,-0.0133221
1.182048e-07,-0.00184285
1.182548e-07,0.00535229
1.183048e-07,0.0100484
1.183548e-07,0.0253724
1.184048e-07,0.039488
1.184548e-07,0.0374284
1.185048e-07,0.0344075
1.185548e-07,0.0349842
1.186048e-07,0.0313042
1.186548e-07,0.0274595
1.187048e-07,0.0254548
1.187548e-07,0.01977
1.188048e-07,0.0128221
1.188548e-07,0.0146346
1.189048e-07,0.0181223
1.189548e-07,0.0130418
1.190048e-07,0.00710988
1.190548e-07,0.00485797
1.191048e-07,-0.00321597
1.191548e-07,-0.012663
1.192048e-07,-0.00467148
1.192548e-07,0.00985612
1.193048e-07,0.0119707
1.193548e-07,0.0122179
1.194048e-07,0.0155408
1.194548e-07,0.0152662
1.195048e-07,0.0153761
1.195548e-07,0.012108
1.196048e-07,0.00279829
1.196548e-07,-0.00132107
1.197048e-07,-0.0021724
1.197548e-07,-0.0032709
1.198048e-07,0.00139771
1.198548e-07,0.00763167
1.199048e-07,0.00774152
1.199548e-07,0.000820998
1.200048e-07,-0.00829651
1.200548e-07,-0.0121138
1.201048e-07,-0.00873591
1.201548e-07,-0.00502849
1.202048e-07,-0.00642907
1.202548e-07,-0.0060446
1.203048e-07,0.00485797
1.203548e-07,0.0190286
1.204048e-07,0.0236697
1.204548e-07,0.0196053
1.205048e-07,0.0136459
1.205548e-07,0.0110919
1.206048e-07,0.0116686
1.206548e-07,0.0141128
1.207048e-07,0.0217199
1.207548e-07,0.0247682
1.208048e-07,0.0198799
1.208548e-07,0.02345
1.209048e-07,0.0290798
1.209548e-07,0.0214727
1.210048e-07,0.00873017
1.210548e-07,-0.00318851
1.211048e-07,-0.0101914
1.211548e-07,-0.00953232
1.212048e-07,-0.0141735
1.212548e-07,-0.0173042
1.213048e-07,-0.00700578
1.213548e-07,-0.00296881
1.214048e-07,-0.0110702
1.214548e-07,-0.0173316
1.215048e-07,-0.0168648
1.215548e-07,-0.0115096
1.216048e-07,-0.00593475
1.216548e-07,0.0044735
1.217048e-07,0.0118334
1.217548e-07,0.000463987
1.218048e-07,-0.00609952
1.218548e-07,0.0038144
1.219048e-07,0.00535229
1.219548e-07,0.000766073
1.220048e-07,0.00310038
1.220548e-07,0.00768659
1.221048e-07,0.00801614
1.221548e-07,0.0027159
1.222048e-07,0.00175472
1.222548e-07,0.0111743
1.223048e-07,0.015431
1.223548e-07,0.00436365
1.224048e-07,-0.00651146
1.224548e-07,-0.00876338
1.225048e-07,-0.00645653
1.225548e-07,-0.00316105
1.226048e-07,-0.00137599
1.226548e-07,0.00609378
1.227048e-07,0.0136734
1.227548e-07,0.0114764
1.228048e-07,0.00889494
1.228548e-07,0.00897733
1.229048e-07,0.0105152
1.229548e-07,0.0172984
1.230048e-07,0.0252076
1.230548e-07,0.0292446
1.231048e-07,0.0330618
1.231548e-07,0.0414379
1.232048e-07,0.0448981
1.232548e-07,0.0339956
1.233048e-07,0.0231205
1.233548e-07,0.0199623
1.234048e-07,0.016145
1.234548e-07,0.016145
1.235048e-07,0.0170787
1.235548e-07,0.00974627
1.236048e-07,0.00244128
1.236548e-07,-0.00126614
1.237048e-07,-0.00302374
1.237548e-07,0.000326675
1.238048e-07,0.00623109
1.238548e-07,0.00905971
1.239048e-07,0.00529737
1.239548e-07,0.000793536
1.240048e-07,0.0038144
1.240548e-07,0.00213919
1.241048e-07,-0.00977948
1.241548e-07,-0.0106583
1.242048e-07,0.00691765
1.242548e-07,0.023093
1.243048e-07,0.0222142
1.243548e-07,0.0165295
1.244048e-07,0.0203468
1.244548e-07,0.0226261
1.245048e-07,0.0167492
1.245548e-07,0.0104054
1.246048e-07,0.0107624
1.246548e-07,0.0201545
1.247048e-07,0.0252076
1.247548e-07,0.019413
1.248048e-07,0.0158704
1.248548e-07,0.0171062
1.249048e-07,0.0191933
1.249548e-07,0.019056
1.250048e-07,0.00999344
1.250548e-07,0.00175472
1.251048e-07,0.00260605
1.251548e-07,0.00373201
1.252048e-07,0.00491289
1.252548e-07,0.0098012
1.253048e-07,0.0138656
1.253548e-07,0.00960896
1.254048e-07,0.0012604
1.254548e-07,0.00117801
1.255048e-07,0.00485797
1.255548e-07,0.000930848
1.256048e-07,-0.00505595
1.256548e-07,-0.00132107
1.257048e-07,0.00518752
1.257548e-07,0.00321023
1.258048e-07,0.00540722
1.258548e-07,0.0165844
1.259048e-07,0.0164196
1.259548e-07,0.00568184
1.260048e-07,0.0031553
1.260548e-07,0.00894986
1.261048e-07,0.0115588
1.261548e-07,0.0112842
1.262048e-07,0.0167492
1.262548e-07,0.0225987
1.263048e-07,0.023093
1.263548e-07,0.0275144
1.264048e-07,0.030398
1.264548e-07,0.0194954
1.265048e-07,0.012108
1.265548e-07,0.0165844
1.266048e-07,0.0187814
1.266548e-07,0.0197151
1.267048e-07,0.0187814
1.267548e-07,0.0144149
1.268048e-07,0.0164746
1.268548e-07,0.0167217
1.269048e-07,0.00743943
1.269548e-07,0.00430872
1.270048e-07,0.00686272
1.270548e-07,0.00911464
1.271048e-07,0.0181223
1.271548e-07,0.022022
1.272048e-07,0.0148543
1.272548e-07,0.013234
1.273048e-07,0.0192757
1.273548e-07,0.0227085
1.274048e-07,0.024164
1.274548e-07,0.0282834
1.275048e-07,0.0278165
1.275548e-07,0.0206488
1.276048e-07,0.0162274
1.276548e-07,0.0167766
1.277048e-07,0.0146071
1.277548e-07,0.00623109
1.278048e-07,-0.000167648
1.278548e-07,-0.00250195
1.279048e-07,-0.00527565
1.279548e-07,-0.0109329
1.280048e-07,-0.0167275
1.280548e-07,-0.00928516
1.281048e-07,0.00516006
1.281548e-07,0.00873017
1.282048e-07,0.0133713
1.282548e-07,0.0241366
1.283048e-07,0.0221043
1.283548e-07,0.0156507
1.284048e-07,0.0200447
1.284548e-07,0.0228184
1.285048e-07,0.0200447
1.285548e-07,0.0140029
1.286048e-07,0.00106816
1.286548e-07,-0.00395746
1.287048e-07,0.00202934
1.287548e-07,0.00370455
1.288048e-07,0.000244288
1.288548e-07,-0.00598967
1.289048e-07,-0.00986187
1.289548e-07,-0.0103287
1.290048e-07,-0.0109878
1.290548e-07,-0.00214494
1.291048e-07,0.0123827
1.291548e-07,0.0202369
1.292048e-07,0.0220494
1.292548e-07,0.0228184
1.293048e-07,0.0248506
1.293548e-07,0.0239169
1.294048e-07,0.0207312
1.294548e-07,0.0147994
1.295048e-07,0.00760421
1.295548e-07,0.00246874
1.296048e-07,-0.00464402
1.296548e-07,-0.00241956
1.297048e-07,0.00757675
1.297548e-07,0.00831823
1.298048e-07,0.00779644
1.298548e-07,0.00999344
1.299048e-07,0.0102131
1.299548e-07,0.0123277
1.300048e-07,0.012108
1.300548e-07,0.00842808
1.301048e-07,0.00881255
1.301548e-07,0.00971881
1.302048e-07,0.00392425
1.302548e-07,0.000161901
1.303048e-07,0.00386932
1.303548e-07,0.00296306
1.304048e-07,0.00285321
1.304548e-07,0.015431
1.305048e-07,0.0196877
1.305548e-07,0.00818092
1.306048e-07,0.00642333
1.306548e-07,0.011751
1.307048e-07,0.00807107
1.307548e-07,0.00351231
1.308048e-07,5.20511e-05
1.308548e-07,-0.00203509
1.309048e-07,0.00257859
1.309548e-07,0.00524244
1.310048e-07,0.00543468
1.310548e-07,0.00628601
1.311048e-07,0.00211173
1.311548e-07,-0.00403984
1.312048e-07,-0.00511088
1.312548e-07,0.00422633
1.313048e-07,0.0149367
1.313548e-07,0.0112842
1.314048e-07,0.0063684
1.314548e-07,0.00955404
1.315048e-07,0.00785137
1.315548e-07,0.00323769
1.316048e-07,-0.000579584
1.316548e-07,-0.000634509
1.317048e-07,0.00505021
1.317548e-07,0.00255113
1.318048e-07,-0.00244703
1.318548e-07,0.00161741
1.319048e-07,0.0027159
1.319548e-07,-0.00511088
1.320048e-07,-0.0115371
1.320548e-07,-0.00868099
1.321048e-07,-0.00324344
1.321548e-07,-0.000854208
1.322048e-07,0.00139771
1.322548e-07,0.00219412
1.323048e-07,5.20511e-05
1.323548e-07,-0.00511088
1.324048e-07,-0.00934009
1.324548e-07,-0.00832398
1.325048e-07,-0.0103562
1.325548e-07,-0.0156015
1.326048e-07,-0.0147776
1.326548e-07,-0.00961471
1.327048e-07,0.00178218
1.327548e-07,0.0188089
1.328048e-07,0.0300135
1.328548e-07,0.0334738
1.329048e-07,0.0338857
1.329548e-07,0.0345173
1.330048e-07,0.0353412
1.330548e-07,0.0332815
1.331048e-07,0.0288052
1.331548e-07,0.0193032
1.332048e-07,0.00705496
1.332548e-07,0.00507767
1.333048e-07,0.011037
1.333548e-07,0.0137558
1.334048e-07,0.0120806
1.334548e-07,0.0100758
1.335048e-07,0.00738451
1.335548e-07,-0.00123868
1.336048e-07,-0.00461655
1.336548e-07,0.00257859
1.337048e-07,0.00408902
1.337548e-07,0.0038144
1.338048e-07,0.00790629
1.338548e-07,0.00716481
1.339048e-07,0.00598393
1.339548e-07,0.00631348
1.340048e-07,0.00244128
1.340548e-07,-0.00178793
1.341048e-07,-0.00398492
1.341548e-07,-0.00294135
1.342048e-07,-0.00118376
1.342548e-07,-0.00697832
1.343048e-07,-0.0127454
1.343548e-07,-0.00730787
1.344048e-07,0.00189203
1.344548e-07,0.00299053
1.345048e-07,-0.00088167
1.345548e-07,0.00189203
1.346048e-07,0.0109821
1.346548e-07,0.0126573
1.347048e-07,0.00642333
1.347548e-07,0.00340246
1.348048e-07,0.00115055
1.348548e-07,0.00224904
1.349048e-07,0.0107898
1.349548e-07,0.00716481
1.350048e-07,-0.00703324
1.350548e-07,-0.00557774
1.351048e-07,0.000161901
1.351548e-07,-0.00192524
1.352048e-07,-0.00118376
1.352548e-07,0.00153502
1.353048e-07,0.0106525
1.353548e-07,0.0174907
1.354048e-07,0.0122179
1.354548e-07,0.0111743
1.355048e-07,0.0115039
1.355548e-07,0.00713735
1.356048e-07,0.00763167
1.356548e-07,0.00897733
1.357048e-07,0.00779644
1.357548e-07,0.00919703
1.358048e-07,0.0206488
1.358548e-07,0.0393782
1.359048e-07,0.0460516
1.359548e-07,0.0413006
1.360048e-07,0.0416301
1.360548e-07,0.0445411
1.361048e-07,0.0430856
1.361548e-07,0.0376481
1.362048e-07,0.0304804
1.362548e-07,0.0249055
1.363048e-07,0.0154859
1.363548e-07,0.00137025
1.364048e-07,-0.00329836
1.364548e-07,-0.00148584
1.365048e-07,-0.00505595
1.365548e-07,-0.00469894
1.366048e-07,0.00406156
1.366548e-07,0.0134537
1.367048e-07,0.0204566
1.367548e-07,0.0216924
1.368048e-07,0.0199348
1.368548e-07,0.0257019
1.369048e-07,0.0328147
1.369548e-07,0.0260315
1.370048e-07,0.0146346
1.370548e-07,0.0127671
1.371048e-07,0.0135086
1.371548e-07,0.0124651
1.372048e-07,0.00919703
1.372548e-07,0.00285321
1.373048e-07,0.00123293
1.373548e-07,0.00551707
1.374048e-07,0.0112292
1.374548e-07,0.0159253
1.375048e-07,0.0183969
1.375548e-07,0.0188912
1.376048e-07,0.0173259
1.376548e-07,0.0170787
1.377048e-07,0.0211706
1.377548e-07,0.024878
1.378048e-07,0.0203742
1.378548e-07,0.0138107
1.379048e-07,0.01252
1.379548e-07,0.0111469
1.380048e-07,0.00752182
1.380548e-07,0.0061487
1.381048e-07,0.00988359
1.381548e-07,0.00818092
1.382048e-07,-0.00110137
1.382548e-07,-5.77984e-05
1.383048e-07,0.00738451
1.383548e-07,0.0052699
1.384048e-07,-0.00148584
1.384548e-07,-0.00390253
1.385048e-07,-0.00219986
1.385548e-07,0.00172726
1.386048e-07,0.00488543
1.386548e-07,0.00164487
1.387048e-07,0.00191949
1.387548e-07,0.01068
1.388048e-07,0.0122454
1.388548e-07,0.0118883
1.389048e-07,0.0127946
1.389548e-07,0.00299053
1.390048e-07,-0.00527565
1.390548e-07,-0.0030512
1.391048e-07,-0.00214494
1.391548e-07,-0.00934009
1.392048e-07,-0.0120314
1.392548e-07,-0.000112723
1.393048e-07,0.00941673
1.393548e-07,0.01068
1.394048e-07,0.0133713
1.394548e-07,0.0151564
1.395048e-07,0.011037
1.395548e-07,-0.00112883
1.396048e-07,-0.00920277
1.396548e-07,-0.00555028
1.397048e-07,-0.00222733
1.397548e-07,-0.00368283
1.398048e-07,-8.52608e-05
1.398548e-07,0.00982866
1.399048e-07,0.0134812
1.399548e-07,0.0122728
1.400048e-07,0.0100484
1.400548e-07,0.000766073
1.401048e-07,-0.00736279
1.401548e-07,-0.00914785
1.402048e-07,-0.0131574
1.402548e-07,-0.0139538
1.403048e-07,-0.00717056
1.403548e-07,-0.00338075
1.404048e-07,0.00362216
1.404548e-07,0.0161999
1.405048e-07,0.0134262
1.405548e-07,0.00710988
1.406048e-07,0.0157605
1.406548e-07,0.0192483
1.407048e-07,0.0174083
1.407548e-07,0.0186166
1.408048e-07,0.0134262
1.408548e-07,0.00809853
1.409048e-07,0.00340246
1.409548e-07,-0.000936595
1.410048e-07,0.00183711
1.410548e-07,0.00612124
1.411048e-07,0.00779644
1.411548e-07,0.00169979
1.412048e-07,-0.00722548
1.412548e-07,-0.00491864
1.413048e-07,0.00027175
1.413548e-07,-0.000112723
1.414048e-07,0.00384186
1.414548e-07,0.0134812
1.415048e-07,0.016914
1.415548e-07,0.0150465
1.416048e-07,0.0176554
1.416548e-07,0.019056
1.417048e-07,0.0107898
1.417548e-07,0.00255113
1.418048e-07,0.00296306
1.418548e-07,0.00134278
1.419048e-07,-0.0053855
1.419548e-07,-0.00807682
1.420048e-07,-0.0094774
1.420548e-07,-0.0148051
1.421048e-07,-0.0192265
1.421548e-07,-0.0151896
1.422048e-07,-0.001733
1.422548e-07,0.0138656
1.423048e-07,0.0214727
1.423548e-07,0.0217473
1.424048e-07,0.0206488
1.424548e-07,0.0149092
1.425048e-07,0.00710988
1.425548e-07,0.00268844
1.426048e-07,0.00244128
1.426548e-07,0.0105427
1.427048e-07,0.0191659
1.427548e-07,0.0182596
1.428048e-07,0.0197151
1.428548e-07,0.0289974
1.429048e-07,0.032595
1.429548e-07,0.0251801
1.430048e-07,0.0137009
1.430548e-07,0.00642333
1.431048e-07,0.000134438
1.431548e-07,-0.00994426
1.432048e-07,-0.0143657
1.432548e-07,-0.0113998
1.433048e-07,-0.011592
1.433548e-07,-0.0147502
1.434048e-07,-0.0157388
1.434548e-07,-0.0136517
1.435048e-07,-0.00843383
1.435548e-07,-0.00533058
1.436048e-07,-0.00461655
1.436548e-07,-0.000854208
1.437048e-07,0.00386932
1.437548e-07,0.00373201
1.438048e-07,0.00117801
1.438548e-07,0.00639586
1.439048e-07,0.0154585
1.439548e-07,0.0140029
1.440048e-07,0.00439111
1.440548e-07,0.00312784
1.441048e-07,0.0116412
1.441548e-07,0.0107349
1.442048e-07,0.00156248
1.442548e-07,0.00400663
1.443048e-07,0.0127122
1.443548e-07,0.0214178
1.444048e-07,0.0347645
1.444548e-07,0.0409435
1.445048e-07,0.0363024
1.445548e-07,0.0331168
1.446048e-07,0.0326774
1.446548e-07,0.022324
1.447048e-07,0.00790629
1.447548e-07,0.00963642
1.448048e-07,0.0126298
1.448548e-07,0.00620363
1.449048e-07,0.00642333
1.449548e-07,0.00499528
1.450048e-07,-0.000661971
1.450548e-07,0.00488543
1.451048e-07,0.0171886
1.451548e-07,0.0230381
1.452048e-07,0.0225437
1.452548e-07,0.0289425
1.453048e-07,0.0335287
1.453548e-07,0.0221318
1.454048e-07,0.0119433
1.454548e-07,0.0107624
1.455048e-07,0.0105976
1.455548e-07,0.00864778
1.456048e-07,0.00749436
1.456548e-07,0.0148268
1.457048e-07,0.019056
1.457548e-07,0.00944419
1.458048e-07,0.00837315
1.458548e-07,0.0168316
1.459048e-07,0.011037
1.459548e-07,0.00257859
1.460048e-07,0.00364962
1.460548e-07,0.00397917
1.461048e-07,0.00647825
1.461548e-07,0.00908718
1.462048e-07,0.00771406
1.462548e-07,0.0126847
1.463048e-07,0.0188638
1.463548e-07,0.0200721
1.464048e-07,0.0246858
1.464548e-07,0.0247133
1.465048e-07,0.0168316
1.465548e-07,0.0135635
1.466048e-07,0.0112292
1.466548e-07,0.0106525
1.467048e-07,0.0192208
1.467548e-07,0.0249879
1.468048e-07,0.02161
1.468548e-07,0.021253
1.469048e-07,0.0225437
1.469548e-07,0.0153486
1.470048e-07,0.00551707
1.470548e-07,-0.000826745
1.471048e-07,-0.00403984
1.471548e-07,-0.00714309
1.472048e-07,-0.0163705
1.472548e-07,-0.025433
1.473048e-07,-0.0210391
1.473548e-07,-0.00826905
1.474048e-07,0.00183711
1.474548e-07,0.00831823
1.475048e-07,0.0133713
1.475548e-07,0.0166943
1.476048e-07,0.0204566
1.476548e-07,0.0283932
1.477048e-07,0.0249879
1.477548e-07,0.00661556
1.478048e-07,0.00189203
1.478548e-07,0.0087027
1.479048e-07,0.00689019
1.479548e-07,0.00851047
1.480048e-07,0.0128221
1.480548e-07,0.00774152
1.481048e-07,0.00507767
1.481548e-07,0.00128786
1.482048e-07,-0.0067037
1.482548e-07,-0.00524819
1.483048e-07,-0.00489118
1.483548e-07,-0.00966963
1.484048e-07,-0.00522073
1.484548e-07,0.00095831
1.485048e-07,0.00208427
1.485548e-07,0.00634094
1.486048e-07,0.00763167
1.486548e-07,0.000820998
1.487048e-07,-0.00445178
1.487548e-07,-0.00920277
1.488048e-07,-0.01854
1.488548e-07,-0.0260921
1.489048e-07,-0.0248014
1.489548e-07,-0.0178534
1.490048e-07,-0.0141735
1.490548e-07,-0.012306
1.491048e-07,-0.00821413
1.491548e-07,-0.00478133
1.492048e-07,-0.00140346
1.492548e-07,-0.00189778
1.493048e-07,-0.00546789
1.493548e-07,-0.00535804
1.494048e-07,-0.00637415
1.494548e-07,-0.00511088
1.495048e-07,0.00123293
1.495548e-07,0.00345739
1.496048e-07,0.00491289
1.496548e-07,0.014717
1.497048e-07,0.0302332
1.497548e-07,0.0372087
1.498048e-07,0.0315789
1.498548e-07,0.0279813
1.499048e-07,0.0296565
1.499548e-07,0.0285855
1.500048e-07,0.0269103
1.500548e-07,0.0247407
1.501048e-07,0.0226536
1.501548e-07,0.0272947
1.502048e-07,0.0315514
1.502548e-07,0.0291347
1.503048e-07,0.0275694
1.503548e-07,0.0263336
1.504048e-07,0.0236148
1.504548e-07,0.0211706
1.505048e-07,0.0144698
1.505548e-07,0.0104603
1.506048e-07,0.0149367
1.506548e-07,0.0152113
1.507048e-07,0.00938926
1.507548e-07,0.00579169
1.508048e-07,0.00263352
1.508548e-07,0.00117801
1.509048e-07,0.00477558
1.509548e-07,0.00927941
1.510048e-07,0.0107898
1.510548e-07,0.00982866
1.511048e-07,0.0107624
1.511548e-07,0.0127946
1.512048e-07,0.014662
1.512548e-07,0.0155408
1.513048e-07,0.0123552
1.513548e-07,0.0133438
1.514048e-07,0.0199348
1.514548e-07,0.022022
1.515048e-07,0.0208685
1.515548e-07,0.0182596
1.516048e-07,0.0121355
1.516548e-07,0.00919703
1.517048e-07,0.00916956
1.517548e-07,0.00395171
1.518048e-07,-0.000716896
1.518548e-07,0.00224904
1.519048e-07,0.00554453
1.519548e-07,0.00411648
1.520048e-07,0.00743943
1.520548e-07,0.0133438
1.521048e-07,0.00820838
1.521548e-07,0.00167233
1.522048e-07,0.00356724
1.522548e-07,0.00461081
1.523048e-07,0.00573677
1.523548e-07,0.00944419
1.524048e-07,0.00993851
1.524548e-07,0.0149367
1.525048e-07,0.0253724
1.525548e-07,0.0255646
1.526048e-07,0.0207312
1.526548e-07,0.0216375
1.527048e-07,0.0181223
1.527548e-07,0.0123827
1.528048e-07,0.0165569
1.528548e-07,0.0213079
1.529048e-07,0.0236422
1.529548e-07,0.0295741
1.530048e-07,0.027075
1.530548e-07,0.0144973
1.531048e-07,0.00224904
1.531548e-07,-0.00390253
1.532048e-07,0.00167233
1.532548e-07,0.010323
1.533048e-07,0.0177653
1.533548e-07,0.0272398
1.534048e-07,0.0248231
1.534548e-07,0.0184793
1.535048e-07,0.0243013
1.535548e-07,0.0239169
1.536048e-07,0.0177104
1.536548e-07,0.0224064
1.537048e-07,0.0273222
1.537548e-07,0.0222417
1.538048e-07,0.01068
1.538548e-07,0.00664302
1.539048e-07,0.0182871
1.539548e-07,0.0260589
1.540048e-07,0.022736
1.540548e-07,0.0218846
1.541048e-07,0.0210882
1.541548e-07,0.016502
1.542048e-07,0.00804361
1.542548e-07,-0.00258434
1.543048e-07,-0.00535804
1.543548e-07,-0.00137599
1.544048e-07,0.00296306
1.544548e-07,0.00790629
1.545048e-07,0.0112018
1.545548e-07,0.0151289
1.546048e-07,0.0251527
1.546548e-07,0.028201
1.547048e-07,0.0103779
1.547548e-07,-0.011235
1.548048e-07,-0.017771
1.548548e-07,-0.0160134
1.549048e-07,-0.0127729
1.549548e-07,-0.00500103
1.550048e-07,-0.00132107
1.550548e-07,-0.0053855
1.551048e-07,0.0014801
1.551548e-07,0.0144423
1.552048e-07,0.0130418
1.552548e-07,0.00859285
1.553048e-07,0.00428126
1.553548e-07,-0.0110702
1.554048e-07,-0.0159585
1.554548e-07,-0.00409477
1.555048e-07,-0.00343567
1.555548e-07,-0.00791204
1.556048e-07,-0.00299627
1.556548e-07,0.00395171
1.557048e-07,0.0110095
1.557548e-07,0.00760421
1.558048e-07,-0.00439686
1.558548e-07,-0.00307866
1.559048e-07,0.000683686
1.559548e-07,-0.0104935
1.560048e-07,-0.0223847
1.560548e-07,-0.0244993
1.561048e-07,-0.0193639
1.561548e-07,-0.011949
1.562048e-07,-0.00780219
1.562548e-07,-0.00272165
1.563048e-07,0.00491289
1.563548e-07,0.0100758
1.564048e-07,0.0124925
1.564548e-07,0.0111469
1.565048e-07,0.0102406
1.565548e-07,0.0166393
1.566048e-07,0.0197975
1.566548e-07,0.00960896
1.567048e-07,-0.00236464
1.567548e-07,-0.00752757
1.568048e-07,-0.00741772
1.568548e-07,-0.00285896
1.569048e-07,0.000820998
1.569548e-07,0.00222158
1.570048e-07,0.00395171
1.570548e-07,0.00878509
1.571048e-07,0.0148817
1.571548e-07,0.0135086
1.572048e-07,0.0124101
1.572548e-07,0.0165844
1.573048e-07,0.0133988
1.573548e-07,0.00889494
1.574048e-07,0.0147444
1.574548e-07,0.0232578
1.575048e-07,0.0277067
1.575548e-07,0.0262512
1.576048e-07,0.0143325
1.576548e-07,-0.00115629
1.577048e-07,-0.00563266
1.577548e-07,0.00027175
1.578048e-07,0.00362216
1.578548e-07,0.00326515
1.579048e-07,0.00900479
1.579548e-07,0.0152113
1.580048e-07,0.0151289
1.580548e-07,0.0190286
1.581048e-07,0.0238345
1.581548e-07,0.0187539
1.582048e-07,0.0147444
1.582548e-07,0.0202094
1.583048e-07,0.0215826
1.583548e-07,0.0139755
1.584048e-07,0.00494036
1.584548e-07,-0.00631922
1.585048e-07,-0.017057
1.585548e-07,-0.0200504
1.586048e-07,-0.0182928
1.586548e-07,-0.0148326
1.587048e-07,-0.00936755
1.587548e-07,-0.00598967
1.588048e-07,-0.00255688
1.588548e-07,-0.000497197
1.589048e-07,-0.00673116
1.589548e-07,-0.00999918
1.590048e-07,-0.00544043
1.590548e-07,-0.00167808
1.591048e-07,0.00183711
1.591548e-07,0.00153502
1.592048e-07,-0.00247449
1.592548e-07,-0.000607046
1.593048e-07,-0.000112723
1.593548e-07,-0.00936755
1.594048e-07,-0.0160684
1.594548e-07,-0.0100266
1.595048e-07,-0.00165062
1.595548e-07,-0.00357298
1.596048e-07,-0.0058249
