LECROYWR640Zi,59892,Waveform
Segments,1,SegmentSize,4002
Segment,TrigTime,TimeSinceSegment1
#1,01-Nov-2023 13:36:53,0                 
Time,Ampl
-4.043838e-08,0.00356724
-4.038838e-08,-0.000661971
-4.033838e-08,-0.00382015
-4.028838e-08,-0.00513834
-4.023838e-08,-0.00154077
-4.018838e-08,5.20511e-05
-4.013838e-08,0.0035947
-4.008838e-08,0.0103779
-4.003838e-08,0.00642333
-3.998838e-08,-0.000414809
-3.993838e-08,-0.00390253
-3.988838e-08,-0.015272
-3.983838e-08,-0.0237029
-3.978838e-08,-0.0214785
-3.973838e-08,-0.0233459
-3.968838e-08,-0.0210665
-3.963838e-08,-0.0083789
-3.958838e-08,-0.00999918
-3.953838e-08,-0.0212038
-3.948838e-08,-0.0167549
-3.943838e-08,-0.00835144
-3.938838e-08,-0.0135418
-3.933838e-08,-0.024719
-3.928838e-08,-0.029882
-3.923838e-08,-0.0245817
-3.918838e-08,-0.0167275
-3.913838e-08,-0.0163155
-3.908838e-08,-0.0162057
-3.903838e-08,-0.00961471
-3.898838e-08,-0.00393
-3.893838e-08,-0.00118376
-3.888838e-08,0.00551707
-3.883838e-08,0.0178751
-3.878838e-08,0.0282559
-3.873838e-08,0.0295467
-3.868838e-08,0.0285031
-3.863838e-08,0.0297664
-3.858838e-08,0.024878
-3.853838e-08,0.017628
-3.848838e-08,0.0174632
-3.843838e-08,0.0112292
-3.838838e-08,-0.00458909
-3.833838e-08,-0.00645653
-3.828838e-08,0.00625855
-3.823838e-08,0.00741197
-3.818838e-08,-0.00393
-3.813838e-08,-0.00522073
-3.808838e-08,0.00411648
-3.803838e-08,0.00776898
-3.798838e-08,0.00837315
-3.793838e-08,0.0104878
-3.788838e-08,0.00760421
-3.783838e-08,0.00477558
-3.778838e-08,0.00587408
-3.773838e-08,0.00823584
-3.768838e-08,0.00881255
-3.763838e-08,0.00573677
-3.758838e-08,0.00301799
-3.753838e-08,-8.52608e-05
-3.748838e-08,-0.00134853
-3.743838e-08,-0.00230971
-3.738838e-08,-0.00651146
-3.733838e-08,-0.00631922
-3.728838e-08,-0.0099168
-3.723838e-08,-0.0184576
-3.718838e-08,-0.0146678
-3.713838e-08,-0.0137615
-3.708838e-08,-0.0256802
-3.703838e-08,-0.0229065
-3.698838e-08,-0.00585236
-3.693838e-08,0.00137025
-3.688838e-08,0.003375
-3.683838e-08,0.013948
-3.678838e-08,0.0230106
-3.673838e-08,0.0200721
-3.668838e-08,0.0161175
-3.663838e-08,0.0151289
-3.658838e-08,0.00933434
-3.653838e-08,0.00263352
-3.648838e-08,0.00345739
-3.643838e-08,0.011806
-3.638838e-08,0.016914
-3.633838e-08,0.0144973
-3.628838e-08,0.0150191
-3.623838e-08,0.0137558
-3.618838e-08,0.00444603
-3.613838e-08,0.00156248
-3.608838e-08,0.00573677
-3.603838e-08,0.00255113
-3.598838e-08,-0.00656638
-3.593838e-08,-0.00980695
-3.588838e-08,-0.00203509
-3.583838e-08,0.00543468
-3.578838e-08,0.000711148
-3.573838e-08,-0.00917531
-3.568838e-08,-0.016343
-3.563838e-08,-0.0135968
-3.558838e-08,-0.00403984
-3.553838e-08,-0.00464402
-3.548838e-08,-0.00744518
-3.543838e-08,-0.00590729
-3.538838e-08,-0.00997172
-3.533838e-08,-0.00944993
-3.528838e-08,0.000409062
-3.523838e-08,0.0027159
-3.518838e-08,-0.00464402
-3.513838e-08,-0.0083789
-3.508838e-08,-0.00717056
-3.503838e-08,-0.00785712
-3.498838e-08,-0.0104386
-3.493838e-08,-0.00557774
-3.488838e-08,0.00386932
-3.483838e-08,0.00351231
-3.478838e-08,-0.00192524
-3.473838e-08,-0.00200763
-3.468838e-08,0.00389679
-3.463838e-08,0.00691765
-3.458838e-08,0.00318276
-3.453838e-08,0.00373201
-3.448838e-08,0.00664302
-3.443838e-08,0.00837315
-3.438838e-08,0.0190286
-3.433838e-08,0.0290523
-3.428838e-08,0.0272124
-3.423838e-08,0.0240816
-3.418838e-08,0.0181498
-3.413838e-08,0.0132065
-3.408838e-08,0.0211981
-3.403838e-08,0.0222417
-3.398838e-08,0.00801614
-3.393838e-08,-0.000167648
-3.388838e-08,-0.00159569
-3.383838e-08,-0.00247449
-3.378838e-08,0.000326675
-3.373838e-08,0.000491449
-3.368838e-08,-0.00316105
-3.363838e-08,-0.00244703
-3.358838e-08,-0.00159569
-3.353838e-08,-0.00728041
-3.348838e-08,-0.00936755
-3.343838e-08,-0.0060446
-3.338838e-08,-0.00774727
-3.333838e-08,-0.0103287
-3.328838e-08,-0.00972456
-3.323838e-08,-0.00744518
-3.318838e-08,-0.00187032
-3.313838e-08,0.00815346
-3.308838e-08,0.0171611
-3.303838e-08,0.0146895
-3.298838e-08,0.0065881
-3.293838e-08,0.00172726
-3.288838e-08,-0.00541296
-3.283838e-08,-0.0117019
-3.278838e-08,-0.00986187
-3.273838e-08,-0.00675862
-3.268838e-08,-0.00187032
-3.263838e-08,0.0126573
-3.258838e-08,0.0258667
-3.253838e-08,0.0300684
-3.248838e-08,0.0268553
-3.243838e-08,0.0152113
-3.238838e-08,0.0040341
-3.233838e-08,-0.00439686
-3.228838e-08,-0.0129651
-3.223838e-08,-0.0127454
-3.218838e-08,-0.00247449
-3.213838e-08,0.00721973
-3.208838e-08,0.0108722
-3.203838e-08,0.0105976
-3.198838e-08,0.00697257
-3.193838e-08,0.00208427
-3.188838e-08,0.0027159
-3.183838e-08,-0.00148584
-3.178838e-08,-0.0164528
-3.173838e-08,-0.0219179
-3.168838e-08,-0.015272
-3.163838e-08,-0.00988933
-3.158838e-08,-0.00829651
-3.153838e-08,-0.00890069
-3.148838e-08,-0.00651146
-3.143838e-08,0.000793536
-3.138838e-08,0.00628601
-3.133838e-08,0.00754928
-3.128838e-08,0.00771406
-3.123838e-08,0.00851047
-3.118838e-08,0.0133713
-3.113838e-08,0.0193581
-3.108838e-08,0.0177378
-3.103838e-08,0.0115313
-3.098838e-08,0.00834569
-3.093838e-08,0.00505021
-3.088838e-08,-0.00393
-3.083838e-08,-0.0120314
-3.078838e-08,-0.01486
-3.073838e-08,-0.0169197
-3.068838e-08,-0.010521
-3.063838e-08,0.00109562
-3.058838e-08,-0.00219986
-3.053838e-08,-0.00983441
-3.048838e-08,-0.0096971
-3.043838e-08,-0.0160684
-3.038838e-08,-0.0211214
-3.033838e-08,-0.0127454
-3.028838e-08,-0.00134853
-3.023838e-08,0.00686272
-3.018838e-08,0.00831823
-3.013838e-08,0.00576423
-3.008838e-08,0.00710988
-3.003838e-08,0.00430872
-2.998838e-08,-0.00156823
-2.993838e-08,0.00334754
-2.988838e-08,0.00999344
-2.983838e-08,0.00818092
-2.978838e-08,0.00562692
-2.973838e-08,0.00439111
-2.968838e-08,0.00301799
-2.963838e-08,0.00373201
-2.958838e-08,0.00546214
-2.953838e-08,0.00334754
-2.948838e-08,-0.00489118
-2.943838e-08,-0.00708817
-2.938838e-08,0.00288068
-2.933838e-08,0.0122179
-2.928838e-08,0.0138931
-2.923838e-08,0.00884002
-2.918838e-08,0.00499528
-2.913838e-08,0.00793376
-2.908838e-08,0.00765913
-2.903838e-08,0.00323769
-2.898838e-08,0.0061487
-2.893838e-08,0.00708242
-2.888838e-08,0.00120547
-2.883838e-08,0.00452842
-2.878838e-08,0.00851047
-2.873838e-08,0.00625855
-2.868838e-08,0.0109821
-2.863838e-08,0.0114215
-2.858838e-08,0.000299213
-2.853838e-08,-0.00546789
-2.848838e-08,-0.0088183
-2.843838e-08,-0.0163979
-2.838838e-08,-0.0152445
-2.833838e-08,-0.00966963
-2.828838e-08,-0.00950486
-2.823838e-08,-0.00782965
-2.818838e-08,-0.00412223
-2.813838e-08,-0.00294135
-2.808838e-08,-0.00368283
-2.803838e-08,-0.00384761
-2.798838e-08,-0.00165062
-2.793838e-08,0.00137025
-2.788838e-08,0.00439111
-2.783838e-08,0.00982866
-2.778838e-08,0.0140304
-2.773838e-08,0.0136734
-2.768838e-08,0.014717
-2.763838e-08,0.0173534
-2.758838e-08,0.0181498
-2.753838e-08,0.0181223
-2.748838e-08,0.0187539
-2.743838e-08,0.0187265
-2.738838e-08,0.0160352
-2.733838e-08,0.0174632
-2.728838e-08,0.023093
-2.723838e-08,0.0223515
-2.718838e-08,0.0138931
-2.713838e-08,0.00213919
-2.708838e-08,-0.00219986
-2.703838e-08,-0.000552121
-2.698838e-08,-0.00461655
-2.693838e-08,-0.00519326
-2.688838e-08,0.00488543
-2.683838e-08,0.0196053
-2.678838e-08,0.0304255
-2.673838e-08,0.0332266
-2.668838e-08,0.0299586
-2.663838e-08,0.0206214
-2.658838e-08,0.0116961
-2.653838e-08,0.00342992
-2.648838e-08,-0.00596221
-2.643838e-08,-0.00865353
-2.638838e-08,-0.00439686
-2.633838e-08,-0.00376522
-2.628838e-08,-0.0083789
-2.623838e-08,-0.00609952
-2.618838e-08,-0.00566013
-2.613838e-08,-0.0216432
-2.608838e-08,-0.0315846
-2.603838e-08,-0.0160409
-2.598838e-08,0.00513259
-2.593838e-08,0.01068
-2.588838e-08,0.00691765
-2.583838e-08,0.00625855
-2.578838e-08,0.00650571
-2.573838e-08,0.00667049
-2.568838e-08,0.0102955
-2.563838e-08,0.00837315
-2.558838e-08,0.00241382
-2.553838e-08,0.00645079
-2.548838e-08,0.0130143
-2.543838e-08,0.0120531
-2.538838e-08,0.00812599
-2.533838e-08,0.0065881
-2.528838e-08,0.00856539
-2.523838e-08,0.0116686
-2.518838e-08,0.0156507
-2.513838e-08,0.0158978
-2.508838e-08,0.0109546
-2.503838e-08,0.0116412
-2.498838e-08,0.0155408
-2.493838e-08,0.0124925
-2.488838e-08,0.00831823
-2.483838e-08,0.00609378
-2.478838e-08,-0.00269419
-2.473838e-08,-0.0147502
-2.468838e-08,-0.0144206
-2.463838e-08,-0.00928516
-2.458838e-08,-0.0125257
-2.453838e-08,-0.0088183
-2.448838e-08,0.00115055
-2.443838e-08,0.00299053
-2.438838e-08,0.00235889
-2.433838e-08,0.00235889
-2.428838e-08,0.00158994
-2.423838e-08,-0.00233718
-2.418838e-08,-0.0132123
-2.413838e-08,-0.0195012
-2.408838e-08,-0.00788458
-2.403838e-08,0.00546214
-2.398838e-08,0.00296306
-2.393838e-08,0.000436525
-2.388838e-08,0.0031553
-2.383838e-08,-0.00088167
-2.378838e-08,-0.00821413
-2.373838e-08,-0.0128278
-2.368838e-08,-0.00870845
-2.363838e-08,-0.00101898
-2.358838e-08,-0.00428701
-2.353838e-08,-0.00549535
-2.348838e-08,0.00842808
-2.343838e-08,0.0235873
-2.338838e-08,0.0274595
-2.333838e-08,0.0187265
-2.328838e-08,0.0070275
-2.323838e-08,0.0022765
-2.318838e-08,-0.00357298
-2.313838e-08,-0.0153543
-2.308838e-08,-0.0173591
-2.303838e-08,-0.00873591
-2.298838e-08,-0.0030512
-2.293838e-08,0.00367709
-2.288838e-08,0.00700004
-2.283838e-08,0.00332008
-2.278838e-08,0.00683526
-2.273838e-08,0.00875763
-2.268838e-08,0.00222158
-2.263838e-08,0.00145263
-2.258838e-08,-0.000414809
-2.253838e-08,-0.00873591
-2.248838e-08,-0.0109329
-2.243838e-08,-0.0112075
-2.238838e-08,-0.0175513
-2.233838e-08,-0.0249662
-2.228838e-08,-0.030953
-2.223838e-08,-0.0346055
-2.218838e-08,-0.0326557
-2.213838e-08,-0.0277673
-2.208838e-08,-0.0198856
-2.203838e-08,-0.00785712
-2.198838e-08,-0.00439686
-2.193838e-08,-0.00804935
-2.188838e-08,-0.00266673
-2.183838e-08,0.00430872
-2.178838e-08,0.00246874
-2.173838e-08,-0.000826745
-2.168838e-08,-0.000854208
-2.163838e-08,-0.00107391
-2.158838e-08,-0.00544043
-2.153838e-08,-0.0100816
-2.148838e-08,-0.00804935
-2.143838e-08,-0.00813174
-2.138838e-08,-0.0167549
-2.133838e-08,-0.0223573
-2.128838e-08,-0.0197483
-2.123838e-08,-0.0116195
-2.118838e-08,-0.00453417
-2.113838e-08,-0.00209002
-2.108838e-08,0.00617616
-2.103838e-08,0.0215551
-2.098838e-08,0.0261962
-2.093838e-08,0.0157056
-2.088838e-08,0.00875763
-2.083838e-08,0.00911464
-2.078838e-08,0.00606631
-2.073838e-08,0.00554453
-2.068838e-08,0.00900479
-2.063838e-08,0.00175472
-2.058838e-08,-0.0143932
-2.053838e-08,-0.0174415
-2.048838e-08,-0.0058249
-2.043838e-08,-0.00302374
-2.038838e-08,-0.0077198
-2.033838e-08,-0.0047264
-2.028838e-08,0.00131532
-2.023838e-08,0.00535229
-2.018838e-08,0.00477558
-2.013838e-08,-0.00382015
-2.008838e-08,-0.00923024
-2.003838e-08,-0.00739026
-1.998838e-08,-0.00821413
-1.993838e-08,-0.00469894
-1.988838e-08,0.00285321
-1.983838e-08,0.00301799
-1.978838e-08,0.00408902
-1.973838e-08,0.0035947
-1.968838e-08,-0.0060446
-1.963838e-08,-0.00879084
-1.958838e-08,-0.00401238
-1.953838e-08,-0.00988933
-1.948838e-08,-0.017771
-1.943838e-08,-0.0149699
-1.938838e-08,-0.0122236
-1.933838e-08,-0.00854368
-1.928838e-08,-0.0015133
-1.923838e-08,-0.00140346
-1.918838e-08,-0.0103287
-1.913838e-08,-0.022879
-1.908838e-08,-0.0272181
-1.903838e-08,-0.0238128
-1.898838e-08,-0.0226593
-1.893838e-08,-0.0212862
-1.888838e-08,-0.017771
-1.883838e-08,-0.0208194
-1.878838e-08,-0.0326282
-1.873838e-08,-0.0370771
-1.868838e-08,-0.0254056
-1.863838e-08,-0.0121962
-1.858838e-08,-0.00324344
-1.853838e-08,0.00999344
-1.848838e-08,0.0184244
-1.843838e-08,0.0162274
-1.838838e-08,0.016859
-1.833838e-08,0.0150465
-1.828838e-08,0.00664302
-1.823838e-08,0.00329261
-1.818838e-08,-3.03361e-05
-1.813838e-08,0.000930848
-1.808838e-08,0.0111743
-1.803838e-08,0.0120257
-1.798838e-08,0.00518752
-1.793838e-08,0.000134438
-1.788838e-08,-0.00623684
-1.783838e-08,-0.0079395
-1.778838e-08,-0.0101365
-1.773838e-08,-0.0177161
-1.768838e-08,-0.01302
-1.763838e-08,-0.00200763
-1.758838e-08,-0.00316105
-1.753838e-08,-0.00384761
-1.748838e-08,0.00386932
-1.743838e-08,0.00796122
-1.738838e-08,0.00208427
-1.733838e-08,-0.0079395
-1.728838e-08,-0.0153543
-1.723838e-08,-0.0173316
-1.718838e-08,-0.0170845
-1.713838e-08,-0.0209292
-1.708838e-08,-0.0222199
-1.703838e-08,-0.01302
-1.698838e-08,-0.000799283
-1.693838e-08,0.000628761
-1.688838e-08,-0.00483625
-1.683838e-08,-0.00425954
-1.678838e-08,-0.00291389
-1.673838e-08,-0.00612699
-1.668838e-08,-0.00890069
-1.663838e-08,-0.00618191
-1.658838e-08,0.00142517
-1.653838e-08,0.00472066
-1.648838e-08,0.0044735
-1.643838e-08,0.0121904
-1.638838e-08,0.0172984
-1.633838e-08,0.00916956
-1.628838e-08,0.00452842
-1.623838e-08,0.00535229
-1.618838e-08,0.00106816
-1.613838e-08,-0.0026118
-1.608838e-08,-0.00236464
-1.603838e-08,-0.00464402
-1.598838e-08,-0.00711563
-1.593838e-08,-0.00176047
-1.588838e-08,0.0038144
-1.583838e-08,0.00441857
-1.578838e-08,0.00785137
-1.573838e-08,0.0153486
-1.568838e-08,0.0217199
-1.563838e-08,0.022022
-1.558838e-08,0.0204291
-1.553838e-08,0.0220769
-1.548838e-08,0.0200172
-1.543838e-08,0.0115863
-1.538838e-08,0.000106976
-1.533838e-08,-0.0139263
-1.528838e-08,-0.0200779
-1.523838e-08,-0.0101365
-1.518838e-08,0.00134278
-1.513838e-08,0.00502274
-1.508838e-08,0.00645079
-1.503838e-08,0.00807107
-1.498838e-08,0.012877
-1.493838e-08,0.019468
-1.488838e-08,0.0195229
-1.483838e-08,0.0108173
-1.478838e-08,0.0040341
-1.473838e-08,0.00790629
-1.468838e-08,0.0107075
-1.463838e-08,0.00785137
-1.458838e-08,0.00491289
-1.453838e-08,-0.00651146
-1.448838e-08,-0.0190068
-1.443838e-08,-0.0191167
-1.438838e-08,-0.0204074
-1.433838e-08,-0.029882
-1.428838e-08,-0.0303763
-1.423838e-08,-0.0219179
-1.418838e-08,-0.0238128
-1.413838e-08,-0.0238128
-1.408838e-08,-0.0128827
-1.403838e-08,-0.00912039
-1.398838e-08,-0.00546789
-1.393838e-08,0.00441857
-1.388838e-08,0.0108722
-1.383838e-08,0.0140304
-1.378838e-08,0.0136734
-1.373838e-08,0.00540722
-1.368838e-08,-0.00598967
-1.363838e-08,-0.00423208
-1.358838e-08,0.00949911
-1.353838e-08,0.0164196
-1.348838e-08,0.0136185
-1.343838e-08,0.0146346
-1.338838e-08,0.0224339
-1.333838e-08,0.0187814
-1.328838e-08,0.00353977
-1.323838e-08,-0.00176047
-1.318838e-08,0.00164487
-1.313838e-08,0.00375947
-1.308838e-08,0.00266098
-1.303838e-08,-0.00480879
-1.298838e-08,-0.00711563
-1.293838e-08,0.00323769
-1.288838e-08,0.0093618
-1.283838e-08,0.0107349
-1.278838e-08,0.0207862
-1.273838e-08,0.0245485
-1.268838e-08,0.0154859
-1.263838e-08,0.0100209
-1.258838e-08,0.00436365
-1.253838e-08,-0.00140346
-1.248838e-08,0.00334754
-1.243838e-08,0.0061487
-1.238838e-08,0.00137025
-1.233838e-08,0.00485797
-1.228838e-08,0.0105152
-1.223838e-08,0.00329261
-1.218838e-08,-0.00623684
-1.213838e-08,-0.0096971
-1.208838e-08,-0.0103837
-1.203838e-08,-0.0120589
-1.198838e-08,-0.0142009
-1.193838e-08,-0.00862606
-1.188838e-08,-0.000771821
-1.183838e-08,-0.000222573
-1.178838e-08,-0.00401238
-1.173838e-08,-0.0119215
-1.168838e-08,-0.0226593
-1.163838e-08,-0.0281793
-1.158838e-08,-0.0240874
-1.153838e-08,-0.0133221
-1.148838e-08,-0.00395746
-1.143838e-08,-8.52608e-05
-1.138838e-08,0.00505021
-1.133838e-08,0.0120806
-1.128838e-08,0.0162274
-1.123838e-08,0.0213629
-1.118838e-08,0.0221043
-1.113838e-08,0.0147994
-1.108838e-08,0.00853793
-1.103838e-08,0.00741197
-1.098838e-08,0.0137832
-1.093838e-08,0.0193581
-1.088838e-08,0.0138656
-1.083838e-08,0.00691765
-1.078838e-08,0.0038144
-1.073838e-08,0.00230397
-1.068838e-08,0.00419887
-1.063838e-08,0.00461081
-1.058838e-08,0.000820998
-1.053838e-08,-0.0019527
-1.048838e-08,0.00101323
-1.043838e-08,0.00768659
-1.038838e-08,0.00606631
-1.033838e-08,0.000930848
-1.028838e-08,0.00823584
-1.023838e-08,0.0178751
-1.018838e-08,0.0196053
-1.013838e-08,0.0216375
-1.008838e-08,0.0259491
-1.003838e-08,0.0274321
-9.988382e-09,0.024878
-9.938382e-09,0.0218846
-9.888382e-09,0.0138107
-9.838382e-09,0.000216825
-9.788382e-09,-0.0047264
-9.738382e-09,-0.0100541
-9.688382e-09,-0.0206821
-9.638382e-09,-0.0163705
-9.588382e-09,-0.0124433
-9.538382e-09,-0.0213411
-9.488382e-09,-0.0177985
-9.438382e-09,-0.0108505
-9.388382e-09,-0.0132123
-9.338382e-09,-0.00362791
-9.288382e-09,0.00645079
-9.238382e-09,0.00131532
-9.188382e-09,0.00332008
-9.138382e-09,0.0135361
-9.088382e-09,0.017628
-9.038382e-09,0.0137832
-8.988382e-09,0.00224904
-8.938382e-09,-0.00178793
-8.888382e-09,0.0027159
-8.838382e-09,0.000409062
-8.788382e-09,0.00211173
-8.738382e-09,0.00719227
-8.688382e-09,-3.03361e-05
-8.638382e-09,-0.00843383
-8.588382e-09,-0.0121687
-8.538382e-09,-0.0217805
-8.488382e-09,-0.0312276
-8.438382e-09,-0.0311178
-8.388382e-09,-0.0313649
-8.338382e-09,-0.0343309
-8.288382e-09,-0.0283715
-8.238382e-09,-0.0143382
-8.188382e-09,-3.03361e-05
-8.138382e-09,0.00312784
-8.088382e-09,-0.00571505
-8.038382e-09,-0.00653892
-7.988382e-09,0.000766073
-7.938382e-09,0.00428126
-7.888382e-09,0.0109272
-7.838382e-09,0.0140304
-7.788382e-09,0.00252367
-7.738382e-09,-0.00931262
-7.688382e-09,-0.0137066
-7.638382e-09,-0.014915
-7.588382e-09,-0.0147227
-7.538382e-09,-0.0156015
-7.488382e-09,-0.0149699
-7.438382e-09,-0.0124159
-7.388382e-09,-0.0109878
-7.338382e-09,-0.0105484
-7.288382e-09,-0.010466
-7.238382e-09,-0.0085986
-7.188382e-09,-0.00862606
-7.138382e-09,-0.0142284
-7.088382e-09,-0.0160684
-7.038382e-09,-0.00999918
-6.988382e-09,-0.00434193
-6.938382e-09,-0.000497197
-6.888382e-09,0.0061487
-6.838382e-09,0.0163647
-6.788382e-09,0.0228184
-6.738382e-09,0.0193856
-6.688382e-09,0.0161999
-6.638382e-09,0.0197975
-6.588382e-09,0.0207862
-6.538382e-09,0.0156781
-6.488382e-09,0.00760421
-6.438382e-09,0.000436525
-6.388382e-09,-0.000277498
-6.338382e-09,5.20511e-05
-6.288382e-09,0.000546374
-6.238382e-09,0.00639586
-6.188382e-09,0.00911464
-6.138382e-09,0.0087027
-6.088382e-09,0.00947165
-6.038382e-09,0.00815346
-5.988382e-09,0.00323769
-5.938382e-09,-0.00725294
-5.888382e-09,-0.0158212
-5.838382e-09,-0.0170021
-5.788382e-09,-0.0146953
-5.738382e-09,-0.00906546
-5.688382e-09,-0.00576998
-5.638382e-09,-0.0060446
-5.588382e-09,-8.52608e-05
-5.538382e-09,0.00488543
-5.488382e-09,-2.87366e-06
-5.438382e-09,-0.00236464
-5.388382e-09,0.000189363
-5.338382e-09,0.00532483
-5.288382e-09,0.0115039
-5.238382e-09,0.00916956
-5.188382e-09,0.00818092
-5.138382e-09,0.0133988
-5.088382e-09,0.0147719
-5.038382e-09,0.0146895
-4.988382e-09,0.0115039
-4.938382e-09,0.00351231
-4.888382e-09,-0.00123868
-4.838382e-09,-0.00409477
-4.788382e-09,-0.00697832
-4.738382e-09,-0.00357298
-4.688382e-09,0.00340246
-4.638382e-09,0.00667049
-4.588382e-09,0.00925195
-4.538382e-09,0.0182322
-4.488382e-09,0.0285305
-4.438382e-09,0.0282834
-4.388382e-09,0.0253998
-4.338382e-09,0.032595
-4.288382e-09,0.0352863
-4.238382e-09,0.0219396
-4.188382e-09,0.00831823
-4.138382e-09,0.0003816
-4.088382e-09,-0.00733533
-4.038382e-09,-0.00977948
-3.988382e-09,-0.0104386
-3.938382e-09,-0.0160409
-3.888382e-09,-0.0180457
-3.838382e-09,-0.0121687
-3.788382e-09,-0.0051658
-3.738382e-09,0.000573836
-3.688382e-09,0.00543468
-3.638382e-09,0.00908718
-3.588382e-09,0.0128495
-3.538382e-09,0.0181498
-3.488382e-09,0.0222691
-3.438382e-09,0.0179301
-3.388382e-09,0.0102681
-3.338382e-09,0.00999344
-3.288382e-09,0.0105701
-3.238382e-09,0.00299053
-3.188382e-09,-0.0049461
-3.138382e-09,-0.00741772
-3.088382e-09,-0.00769234
-3.038382e-09,-0.00178793
-2.988382e-09,0.000491449
-2.938382e-09,-0.0117293
-2.888382e-09,-0.0202427
-2.838382e-09,-0.0165627
-2.788382e-09,-0.012718
-2.738382e-09,-0.0128553
-2.688382e-09,-0.0103562
-2.638382e-09,-0.00579744
-2.588382e-09,-0.00730787
-2.538382e-09,-0.00988933
-2.488382e-09,-0.00857114
-2.438382e-09,-0.00555028
-2.388382e-09,-0.00134853
-2.338382e-09,0.00158994
-2.288382e-09,0.00661556
-2.238382e-09,0.00776898
-2.188382e-09,-0.00244703
-2.138382e-09,-0.0081592
-2.088382e-09,-0.00165062
-2.038382e-09,0.00719227
-1.988382e-09,0.0115313
-1.938382e-09,0.0134812
-1.888382e-09,0.0165844
-1.838382e-09,0.0221593
-1.788382e-09,0.0276792
-1.738382e-09,0.0171337
-1.688382e-09,-0.00458909
-1.638382e-09,-0.0173316
-1.588382e-09,-0.0237029
-1.538382e-09,-0.0207644
-1.488382e-09,-0.00804935
-1.438382e-09,-0.0021724
-1.388382e-09,-0.00178793
-1.338382e-09,-0.00272165
-1.288382e-09,-0.00689593
-1.238382e-09,-0.00368283
-1.188382e-09,0.00672541
-1.138382e-09,0.0158429
-1.088382e-09,0.0197151
-1.038382e-09,0.00815346
-9.883815e-10,-0.00972456
-9.383815e-10,-0.0144206
-8.883815e-10,-0.0101914
-8.383815e-10,-0.00546789
-7.883815e-10,-0.00763742
-7.383815e-10,-0.017826
-6.883815e-10,-0.0202976
-6.383815e-10,-0.0142284
-5.883815e-10,-0.00703324
-5.383815e-10,0.00378694
-4.883815e-10,0.0116961
-4.383815e-10,0.0155134
-3.883815e-10,0.0180399
-3.383815e-10,0.01252
-2.883815e-10,0.00414395
-2.383815e-10,0.00617616
-1.883815e-10,0.0217199
-1.383815e-10,0.0436898
-8.83815e-11,0.0663188
-3.83815e-11,0.102734
1.16185e-11,0.161586
6.16185e-11,0.2295
1.116185e-10,0.312547
1.616185e-10,0.420941
2.116185e-10,0.534223
2.616185e-10,0.647038
3.116185e-10,0.765923
3.616185e-10,0.859323
4.116185e-10,0.902027
4.616185e-10,0.923585
5.116185e-10,0.940776
5.616185e-10,0.935366
6.116185e-10,0.922212
6.616185e-10,0.927127
7.116185e-10,0.944703
7.616185e-10,0.954013
8.116185e-10,0.946845
8.616185e-10,0.942177
9.116185e-10,0.945555
9.616185e-10,0.938909
1.011618e-09,0.923283
1.061618e-09,0.920619
1.111618e-09,0.933746
1.161618e-09,0.943742
1.211618e-09,0.942204
1.261618e-09,0.940062
1.311618e-09,0.949674
1.361618e-09,0.960439
1.411618e-09,0.957144
1.461618e-09,0.940886
1.511618e-09,0.924848
1.561618e-09,0.917131
1.611618e-09,0.899033
1.661618e-09,0.877091
1.711618e-09,0.875114
1.761618e-09,0.86487
1.811618e-09,0.8376
1.861618e-09,0.823677
1.911618e-09,0.812499
1.961618e-09,0.786657
2.011618e-09,0.761474
2.061618e-09,0.749995
2.111618e-09,0.747716
2.161618e-09,0.744502
2.211618e-09,0.740054
2.261618e-09,0.737911
2.311618e-09,0.735577
2.361618e-09,0.730304
2.411618e-09,0.722725
2.461618e-09,0.716985
2.511618e-09,0.712509
2.561618e-09,0.706852
2.611618e-09,0.699135
2.661618e-09,0.6915
2.711618e-09,0.68793
2.761618e-09,0.679197
2.811618e-09,0.664669
2.861618e-09,0.657611
2.911618e-09,0.654481
2.961618e-09,0.644787
3.011618e-09,0.6296
3.061618e-09,0.623009
3.111618e-09,0.630424
3.161618e-09,0.634296
3.211618e-09,0.630451
3.261618e-09,0.630973
3.311618e-09,0.631275
3.361618e-09,0.619494
3.411618e-09,0.598787
3.461618e-09,0.585385
3.511618e-09,0.582722
3.561618e-09,0.579563
3.611618e-09,0.572808
3.661618e-09,0.564184
3.711618e-09,0.552046
3.761618e-09,0.53469
3.811618e-09,0.519531
3.861618e-09,0.511484
3.911618e-09,0.5033
3.961618e-09,0.492123
4.011618e-09,0.480864
4.061618e-09,0.480918
4.111618e-09,0.497341
4.161618e-09,0.509534
4.211618e-09,0.506404
4.261618e-09,0.501488
4.311618e-09,0.500746
4.361618e-09,0.497753
4.411618e-09,0.490338
4.461618e-09,0.484681
4.511618e-09,0.48155
4.561618e-09,0.473394
4.611618e-09,0.462326
4.661618e-09,0.456889
4.711618e-09,0.449529
4.761618e-09,0.433985
4.811618e-09,0.427998
4.861618e-09,0.432777
4.911618e-09,0.426515
4.961618e-09,0.410642
5.011618e-09,0.406029
5.061618e-09,0.411768
5.111618e-09,0.406138
5.161618e-09,0.396499
5.211618e-09,0.393561
5.261618e-09,0.384855
5.311618e-09,0.37961
5.361618e-09,0.375106
5.411618e-09,0.363407
5.461618e-09,0.368625
5.511618e-09,0.377413
5.561618e-09,0.363682
5.611618e-09,0.348879
5.661618e-09,0.347506
5.711618e-09,0.35168
5.761618e-09,0.350966
5.811618e-09,0.345419
5.861618e-09,0.350527
5.911618e-09,0.361457
5.961618e-09,0.362171
6.011618e-09,0.35547
6.061618e-09,0.350472
6.111618e-09,0.350088
6.161618e-09,0.355635
6.211618e-09,0.360441
6.261618e-09,0.352944
6.311618e-09,0.342645
6.361618e-09,0.340696
6.411618e-09,0.337812
6.461618e-09,0.333061
6.511618e-09,0.336439
6.561618e-09,0.340393
6.611618e-09,0.330617
6.661618e-09,0.314167
6.711618e-09,0.307658
6.761618e-09,0.308647
6.811618e-09,0.307713
6.861618e-09,0.308867
6.911618e-09,0.307109
6.961618e-09,0.299502
7.011618e-09,0.300491
7.061618e-09,0.312547
7.111618e-09,0.328173
7.161618e-09,0.333006
7.211618e-09,0.324328
7.261618e-09,0.313316
7.311618e-09,0.296563
7.361618e-09,0.281432
7.411618e-09,0.272232
7.461618e-09,0.257155
7.511618e-09,0.241803
7.561618e-09,0.229747
7.611618e-09,0.219229
7.661618e-09,0.221838
7.711618e-09,0.233675
7.761618e-09,0.238151
7.811618e-09,0.238728
7.861618e-09,0.246637
7.911618e-09,0.257732
7.961618e-09,0.258967
8.011618e-09,0.253393
8.061618e-09,0.254793
8.111618e-09,0.257869
8.161618e-09,0.248394
8.211618e-09,0.232164
8.261618e-09,0.219339
8.311618e-09,0.207778
8.361618e-09,0.19877
8.411618e-09,0.195145
8.461618e-09,0.190147
8.511618e-09,0.18221
8.561618e-09,0.181606
8.611618e-09,0.192811
8.661618e-09,0.210826
8.711618e-09,0.225628
8.761618e-09,0.228429
8.811618e-09,0.220465
8.861618e-09,0.208711
8.911618e-09,0.203741
8.961618e-09,0.20407
9.011618e-09,0.202972
9.061618e-09,0.205031
9.111618e-09,0.207448
9.161618e-09,0.207256
9.211618e-09,0.204592
9.261618e-09,0.197946
9.311618e-09,0.191932
9.361618e-09,0.185753
9.411618e-09,0.179848
9.461618e-09,0.174328
9.511618e-09,0.166914
9.561618e-09,0.167106
9.611618e-09,0.173642
9.661618e-09,0.175537
9.711618e-09,0.175454
9.761618e-09,0.174466
9.811618e-09,0.167133
9.861618e-09,0.155901
9.911618e-09,0.152304
9.961618e-09,0.161531
1.001162e-08,0.166392
1.006162e-08,0.157933
1.011162e-08,0.156478
1.016162e-08,0.163124
1.021162e-08,0.161641
1.026162e-08,0.155105
1.031162e-08,0.146344
1.036162e-08,0.137446
1.041162e-08,0.134233
1.046162e-08,0.128246
1.051162e-08,0.119459
1.056162e-08,0.119898
1.061162e-08,0.122479
1.066162e-08,0.120008
1.071162e-08,0.117646
1.076162e-08,0.114982
1.081162e-08,0.115833
1.086162e-08,0.119486
1.091162e-08,0.119623
1.096162e-08,0.120914
1.101162e-08,0.117564
1.106162e-08,0.111577
1.111162e-08,0.112565
1.116162e-08,0.109105
1.121162e-08,0.105453
1.126162e-08,0.107567
1.131162e-08,0.101526
1.136162e-08,0.0884535
1.141162e-08,0.0758482
1.146162e-08,0.0703558
1.151162e-08,0.072745
1.156162e-08,0.0721408
1.161162e-08,0.0693946
1.166162e-08,0.0707402
1.171162e-08,0.0766172
1.176162e-08,0.0788691
1.181162e-08,0.0768643
1.186162e-08,0.0871353
1.191162e-08,0.0949346
1.196162e-08,0.0846911
1.201162e-08,0.0801324
1.206162e-08,0.0779628
1.211162e-08,0.0631881
1.216162e-08,0.0489626
1.221162e-08,0.0439644
1.226162e-08,0.0473697
1.231162e-08,0.0501709
1.236162e-08,0.0483584
1.241162e-08,0.0491548
1.246162e-08,0.0511321
1.251162e-08,0.0515715
1.256162e-08,0.0522306
1.261162e-08,0.0599201
1.266162e-08,0.0695868
1.271162e-08,0.061046
1.276162e-08,0.0462438
1.281162e-08,0.0463262
1.286162e-08,0.0494843
1.291162e-08,0.0508575
1.296162e-08,0.0580526
1.301162e-08,0.0573111
1.306162e-08,0.039186
1.311162e-08,0.0255921
1.316162e-08,0.032952
1.321162e-08,0.0448432
1.326162e-08,0.0509124
1.331162e-08,0.0592884
1.336162e-08,0.0649457
1.341162e-08,0.0657421
1.346162e-08,0.0698614
1.351162e-08,0.0750518
1.356162e-08,0.0769742
1.361162e-08,0.0767545
1.366162e-08,0.0726077
1.371162e-08,0.059975
1.376162e-08,0.0442116
1.381162e-08,0.0400922
1.386162e-08,0.0469578
1.391162e-08,0.049045
1.396162e-08,0.0478366
1.401162e-08,0.05083
1.406162e-08,0.0550318
1.411162e-08,0.057009
1.416162e-08,0.0545924
1.421162e-08,0.0558282
1.426162e-08,0.0635176
1.431162e-08,0.0657421
1.436162e-08,0.0619248
1.441162e-08,0.0572837
1.446162e-08,0.0469029
1.451162e-08,0.0364946
1.456162e-08,0.0360003
1.461162e-08,0.0360278
1.466162e-08,0.0355609
1.471162e-08,0.0379501
1.476162e-08,0.0331992
1.481162e-08,0.0267455
1.486162e-08,0.0258392
1.491162e-08,0.0224064
1.496162e-08,0.0202094
1.501162e-08,0.0287777
1.506162e-08,0.0371263
1.511162e-08,0.0351764
1.516162e-08,0.0388839
1.521162e-08,0.049704
1.526162e-08,0.0466008
1.531162e-08,0.0356708
1.536162e-08,0.0278989
1.541162e-08,0.021253
1.546162e-08,0.0257568
1.551162e-08,0.0357257
1.556162e-08,0.0323753
1.561162e-08,0.0253174
1.566162e-08,0.0282834
1.571162e-08,0.0320183
1.576162e-08,0.0280362
1.581162e-08,0.0247133
1.586162e-08,0.0284482
1.591162e-08,0.0315789
1.596162e-08,0.0307275
1.601162e-08,0.0277341
1.606162e-08,0.0239993
1.611162e-08,0.0222417
1.616162e-08,0.0171886
1.621162e-08,0.00782391
1.626162e-08,0.00414395
1.631162e-08,0.00908718
1.636162e-08,0.0170513
1.641162e-08,0.0232852
1.646162e-08,0.0250977
1.651162e-08,0.0250154
1.656162e-08,0.0268004
1.661162e-08,0.0276518
1.666162e-08,0.0249879
1.671162e-08,0.0153761
1.676162e-08,0.00310038
1.681162e-08,0.00364962
1.686162e-08,0.0129868
1.691162e-08,0.0167217
1.696162e-08,0.0205939
1.701162e-08,0.026004
1.706162e-08,0.0241366
1.711162e-08,0.0224064
1.716162e-08,0.0247133
1.721162e-08,0.0251527
1.726162e-08,0.0255097
1.731162e-08,0.0265258
1.736162e-08,0.02345
1.741162e-08,0.0231754
1.746162e-08,0.030755
1.751162e-08,0.0308099
1.756162e-08,0.0215002
1.761162e-08,0.0175731
1.766162e-08,0.0167217
1.771162e-08,0.0105427
1.776162e-08,0.00579169
1.781162e-08,0.00999344
1.786162e-08,0.0143325
1.791162e-08,0.0103779
1.796162e-08,0.00700004
1.801162e-08,0.00949911
1.806162e-08,0.0119707
1.811162e-08,0.0134262
1.816162e-08,0.0142226
1.821162e-08,0.018699
1.826162e-08,0.0283383
1.831162e-08,0.0311669
1.836162e-08,0.0244112
1.841162e-08,0.0190835
1.846162e-08,0.0198524
1.851162e-08,0.0240542
1.856162e-08,0.026361
1.861162e-08,0.0224888
1.866162e-08,0.0202094
1.871162e-08,0.0217748
1.876162e-08,0.0144149
1.881162e-08,0.00721973
1.886162e-08,0.0119158
1.891162e-08,0.011037
1.896162e-08,0.00581915
1.901162e-08,0.0162549
1.906162e-08,0.0293819
1.911162e-08,0.0217199
1.916162e-08,0.00279829
1.921162e-08,-0.00566013
1.926162e-08,-0.00360045
1.931162e-08,0.000299213
1.936162e-08,0.00332008
1.941162e-08,0.00356724
1.946162e-08,0.00222158
1.951162e-08,0.00395171
1.956162e-08,0.0116137
1.961162e-08,0.0143325
1.966162e-08,0.00356724
1.971162e-08,2.45887e-05
1.976162e-08,0.00938926
1.981162e-08,0.0104878
1.986162e-08,0.00864778
1.991162e-08,0.0153761
1.996162e-08,0.0232852
2.001162e-08,0.0270201
2.006162e-08,0.0242464
2.011162e-08,0.020182
2.016162e-08,0.0166943
2.021162e-08,0.00730212
2.026162e-08,-0.00272165
2.031162e-08,-0.00489118
2.036162e-08,0.00115055
2.041162e-08,0.00837315
2.046162e-08,0.0171886
2.051162e-08,0.0317436
2.056162e-08,0.0416576
2.061162e-08,0.0427286
2.066162e-08,0.0400922
2.071162e-08,0.03622
2.076162e-08,0.0337484
2.081162e-08,0.0281461
2.086162e-08,0.02161
2.091162e-08,0.0191933
2.096162e-08,0.0111469
2.101162e-08,0.00285321
2.106162e-08,0.00562692
2.111162e-08,0.00886748
2.116162e-08,0.00815346
2.121162e-08,0.00721973
2.126162e-08,0.00084846
2.131162e-08,-0.00453417
2.136162e-08,-0.000689433
2.141162e-08,0.00290814
2.146162e-08,0.000601299
2.151162e-08,-0.0023921
2.156162e-08,0.00164487
2.161162e-08,0.00952657
2.166162e-08,0.0107075
2.171162e-08,0.0072472
2.176162e-08,0.00919703
2.181162e-08,0.0176005
2.186162e-08,0.0156232
2.191162e-08,0.00573677
2.196162e-08,0.00535229
2.201162e-08,0.00546214
2.206162e-08,0.00785137
2.211162e-08,0.0180125
2.216162e-08,0.018342
2.221162e-08,0.0126573
2.226162e-08,0.013948
2.231162e-08,0.0129868
2.236162e-08,0.00675287
2.241162e-08,0.00120547
2.246162e-08,-0.00118376
2.251162e-08,0.00109562
2.256162e-08,0.00537975
2.261162e-08,0.00691765
2.266162e-08,0.00634094
2.271162e-08,0.00768659
2.276162e-08,0.00867524
2.281162e-08,0.0100209
2.286162e-08,0.0120531
2.291162e-08,0.0138931
2.296162e-08,0.0229282
2.301162e-08,0.0287777
2.306162e-08,0.0200996
2.311162e-08,0.0112292
2.316162e-08,0.0052699
2.321162e-08,-0.00351806
2.326162e-08,-0.0096971
2.331162e-08,-0.0169197
2.336162e-08,-0.024005
2.341162e-08,-0.0201053
2.346162e-08,-0.0153543
2.351162e-08,-0.0146953
2.356162e-08,-0.00876338
2.361162e-08,-0.00357298
2.366162e-08,0.000409062
2.371162e-08,0.003375
2.376162e-08,0.00128786
2.381162e-08,0.00483051
2.386162e-08,0.0141677
2.391162e-08,0.021253
2.396162e-08,0.024933
2.401162e-08,0.0198799
2.406162e-08,0.0142501
2.411162e-08,0.0195778
2.416162e-08,0.0215276
2.421162e-08,0.0147719
2.426162e-08,0.0138656
2.431162e-08,0.0212805
2.436162e-08,0.020539
2.441162e-08,0.00411648
2.446162e-08,-0.00631922
2.451162e-08,-0.00368283
2.456162e-08,-0.00890069
2.461162e-08,-0.0214785
2.466162e-08,-0.0224396
2.471162e-08,-0.0147776
2.476162e-08,-0.01486
2.481162e-08,-0.0193639
2.486162e-08,-0.0211764
2.491162e-08,-0.0218629
2.496162e-08,-0.0161508
2.501162e-08,-0.00942247
2.506162e-08,-0.00920277
2.511162e-08,-0.00758249
2.516162e-08,0.000354137
2.521162e-08,0.0137832
2.526162e-08,0.0251801
2.531162e-08,0.0262786
2.536162e-08,0.0202918
2.541162e-08,0.0126024
2.546162e-08,0.0102681
2.551162e-08,0.0151838
2.556162e-08,0.0154859
2.561162e-08,0.0108173
2.566162e-08,0.00796122
2.571162e-08,0.00230397
2.576162e-08,-0.00354552
2.581162e-08,-0.0081592
2.586162e-08,-0.0161508
2.591162e-08,-0.0161782
2.596162e-08,-0.00766488
2.601162e-08,-0.00780219
2.606162e-08,-0.0112899
2.611162e-08,-0.0120863
2.616162e-08,-0.0164254
2.621162e-08,-0.0148875
2.626162e-08,-0.00890069
2.631162e-08,-0.00818667
2.636162e-08,-0.00686847
2.641162e-08,-0.00365537
2.646162e-08,-0.00247449
2.651162e-08,-0.00203509
2.656162e-08,-0.00176047
2.661162e-08,-0.00755503
2.666162e-08,-0.0157663
2.671162e-08,-0.0173316
2.676162e-08,-0.0167549
2.681162e-08,-0.0155466
2.686162e-08,-0.0132123
2.691162e-08,-0.0125806
2.696162e-08,-0.00601714
2.701162e-08,0.00807107
2.706162e-08,0.0158429
2.711162e-08,0.0132065
2.716162e-08,0.00603885
2.721162e-08,-0.00137599
2.726162e-08,-0.00382015
2.731162e-08,-0.00112883
2.736162e-08,0.00282575
2.741162e-08,0.000656224
2.746162e-08,-0.00950486
2.751162e-08,-0.0124708
2.756162e-08,-0.00725294
2.761162e-08,-0.0115371
2.766162e-08,-0.0263393
2.771162e-08,-0.0371046
2.776162e-08,-0.0390544
2.781162e-08,-0.0366926
2.786162e-08,-0.0285638
2.791162e-08,-0.0161233
2.796162e-08,-0.00741772
2.801162e-08,-0.00176047
2.806162e-08,0.00494036
2.811162e-08,0.0089224
2.816162e-08,0.00496782
2.821162e-08,-0.00631922
2.826162e-08,-0.0178809
2.831162e-08,-0.0215059
2.836162e-08,-0.0186224
2.841162e-08,-0.0176612
2.846162e-08,-0.0216707
2.851162e-08,-0.0231262
2.856162e-08,-0.017826
2.861162e-08,-0.0168922
2.866162e-08,-0.0188146
2.871162e-08,-0.0135418
2.876162e-08,-0.00997172
2.881162e-08,-0.0136517
2.886162e-08,-0.0151346
2.891162e-08,-0.00994426
2.896162e-08,-0.00725294
2.901162e-08,-0.00997172
2.906162e-08,-0.0102189
2.911162e-08,-0.00703324
2.916162e-08,-0.00442432
2.921162e-08,-0.00653892
2.926162e-08,-0.0136242
2.931162e-08,-0.0197758
2.936162e-08,-0.0200779
2.941162e-08,-0.019611
2.946162e-08,-0.0252957
2.951162e-08,-0.0279047
2.956162e-08,-0.0231262
2.961162e-08,-0.0263942
2.966162e-08,-0.0325183
2.971162e-08,-0.023291
2.976162e-08,-0.0123884
2.981162e-08,-0.0138439
2.986162e-08,-0.0162881
2.991162e-08,-0.0140362
2.996162e-08,-0.0131024
3.001162e-08,-0.0125532
3.006162e-08,-0.00357298
3.011162e-08,0.0082633
3.016162e-08,0.00900479
3.021162e-08,0.0107898
3.026162e-08,0.0296016
3.031162e-08,0.0432504
3.036162e-08,0.0348469
3.041162e-08,0.0310571
3.046162e-08,0.044239
3.051162e-08,0.0526425
3.056162e-08,0.0497864
3.061162e-08,0.0460241
3.066162e-08,0.0397077
3.071162e-08,0.0278714
3.076162e-08,0.0278714
3.081162e-08,0.0456671
3.086162e-08,0.0555535
3.091162e-08,0.0506378
3.096162e-08,0.0458319
3.101162e-08,0.039543
3.106162e-08,0.0304804
3.111162e-08,0.0257294
3.116162e-08,0.0246309
3.121162e-08,0.024164
3.126162e-08,0.022736
3.131162e-08,0.0243837
3.136162e-08,0.0281461
3.141162e-08,0.0211432
3.146162e-08,0.0129044
3.151162e-08,0.0192757
3.156162e-08,0.0264709
3.161162e-08,0.0244936
3.166162e-08,0.0237796
3.171162e-08,0.0250703
3.176162e-08,0.0202918
3.181162e-08,0.012877
3.186162e-08,0.00790629
3.191162e-08,0.0106251
3.196162e-08,0.0183695
3.201162e-08,0.0195503
3.206162e-08,0.023807
3.211162e-08,0.0339406
3.216162e-08,0.0341329
3.221162e-08,0.0244112
3.226162e-08,0.0105152
3.231162e-08,0.000106976
3.236162e-08,-0.00719802
3.241162e-08,-0.0173042
3.246162e-08,-0.0230987
3.251162e-08,-0.0219728
3.256162e-08,-0.0140911
3.261162e-08,-0.0019527
3.266162e-08,0.00450096
3.271162e-08,0.00743943
3.276162e-08,0.0127122
3.281162e-08,0.00977374
3.286162e-08,-0.00329836
3.291162e-08,-0.00999918
3.296162e-08,-0.00533058
3.301162e-08,0.00120547
3.306162e-08,-0.000744358
3.311162e-08,-0.0100816
3.316162e-08,-0.0113998
3.321162e-08,-0.00456163
3.326162e-08,-0.00263926
3.331162e-08,-0.00634669
3.336162e-08,-0.0113448
3.341162e-08,-0.0141735
3.346162e-08,-0.0179084
3.351162e-08,-0.0208468
3.356162e-08,-0.01854
3.361162e-08,-0.0209567
3.366162e-08,-0.0248563
3.371162e-08,-0.025433
3.376162e-08,-0.0314748
3.381162e-08,-0.0357589
3.386162e-08,-0.0301291
3.391162e-08,-0.0283441
3.396162e-08,-0.0384228
3.401162e-08,-0.0447116
3.406162e-08,-0.0379834
3.411162e-08,-0.0262844
3.416162e-08,-0.0182379
3.421162e-08,-0.018183
3.426162e-08,-0.0184576
3.431162e-08,-0.0110428
3.436162e-08,-0.00524819
3.441162e-08,-0.00988933
3.446162e-08,-0.0115371
3.451162e-08,-0.00656638
3.456162e-08,-0.0118941
3.461162e-08,-0.0172218
3.466162e-08,-0.0113723
3.471162e-08,-0.00939501
3.476162e-08,-0.0118392
3.481162e-08,-0.0047264
3.486162e-08,0.00864778
3.491162e-08,0.0137283
3.496162e-08,0.0130143
3.501162e-08,0.0103779
3.506162e-08,0.00153502
3.511162e-08,-0.00576998
3.516162e-08,-0.0077198
3.521162e-08,-0.0163705
3.526162e-08,-0.0290581
3.531162e-08,-0.0333697
3.536162e-08,-0.0362807
3.541162e-08,-0.0368574
3.546162e-08,-0.0285638
3.551162e-08,-0.0226868
3.556162e-08,-0.0180457
3.561162e-08,-0.0117842
3.566162e-08,-0.0136517
3.571162e-08,-0.02038
3.576162e-08,-0.0229889
3.581162e-08,-0.0256527
3.586162e-08,-0.0354843
3.591162e-08,-0.0457003
3.596162e-08,-0.0454257
3.601162e-08,-0.0388622
3.606162e-08,-0.0357864
3.611162e-08,-0.0325458
3.616162e-08,-0.0278223
3.621162e-08,-0.0270533
3.626162e-08,-0.0295249
3.631162e-08,-0.0328479
3.636162e-08,-0.0301291
3.641162e-08,-0.024719
3.646162e-08,-0.0292503
3.651162e-08,-0.0410042
3.656162e-08,-0.0497373
3.661162e-08,-0.048831
3.666162e-08,-0.0424872
3.671162e-08,-0.0406747
3.676162e-08,-0.0368849
3.681162e-08,-0.0241148
3.686162e-08,-0.0154367
3.691162e-08,-0.0135418
3.696162e-08,-0.0117019
3.701162e-08,-0.0253232
3.706162e-08,-0.0497647
3.711162e-08,-0.0547629
3.716162e-08,-0.0444645
3.721162e-08,-0.0394663
3.726162e-08,-0.0386699
3.731162e-08,-0.03315
3.736162e-08,-0.0257351
3.741162e-08,-0.0245268
3.746162e-08,-0.0269984
3.751162e-08,-0.0252133
3.756162e-08,-0.0238402
3.761162e-08,-0.0321613
3.766162e-08,-0.0355941
3.771162e-08,-0.025845
3.776162e-08,-0.0242522
3.781162e-08,-0.0359237
3.786162e-08,-0.046634
3.791162e-08,-0.0495176
3.796162e-08,-0.0475677
3.801162e-08,-0.0480621
3.806162e-08,-0.0493253
3.811162e-08,-0.0447116
3.816162e-08,-0.0335619
3.821162e-08,-0.0225495
3.826162e-08,-0.0191991
3.831162e-08,-0.0189794
3.836162e-08,-0.0260372
3.841162e-08,-0.0449863
3.846162e-08,-0.049902
3.851162e-08,-0.0393565
3.856162e-08,-0.0348801
3.861162e-08,-0.0335344
3.866162e-08,-0.035292
3.871162e-08,-0.0323261
3.876162e-08,-0.0224946
3.881162e-08,-0.0273005
3.886162e-08,-0.0354294
3.891162e-08,-0.0310628
3.896162e-08,-0.0336443
3.901162e-08,-0.044794
3.906162e-08,-0.0439427
3.911162e-08,-0.030184
3.916162e-08,-0.018128
3.921162e-08,-0.0185125
3.926162e-08,-0.0258999
3.931162e-08,-0.0257626
3.936162e-08,-0.023291
3.941162e-08,-0.0278772
3.946162e-08,-0.02947
3.951162e-08,-0.02763
3.956162e-08,-0.0302664
3.961162e-08,-0.0293602
3.966162e-08,-0.0224122
3.971162e-08,-0.022577
3.976162e-08,-0.034578
3.981162e-08,-0.04408
3.986162e-08,-0.0423499
3.991162e-08,-0.0405374
3.996162e-08,-0.0425146
4.001162e-08,-0.0427069
4.006162e-08,-0.042295
4.011162e-08,-0.0371869
4.016162e-08,-0.0289482
4.021162e-08,-0.0338091
4.026162e-08,-0.0441899
4.031162e-08,-0.0381756
4.036162e-08,-0.0266139
4.041162e-08,-0.0234008
4.046162e-08,-0.0154917
4.051162e-08,-0.00244703
4.056162e-08,-0.0049461
4.061162e-08,-0.0182104
4.066162e-08,-0.0218355
4.071162e-08,-0.0282067
4.076162e-08,-0.0463319
4.081162e-08,-0.0549002
4.086162e-08,-0.0531701
4.091162e-08,-0.0528405
4.096162e-08,-0.0461122
4.101162e-08,-0.0374341
4.106162e-08,-0.0366652
4.111162e-08,-0.0322712
4.116162e-08,-0.0327106
4.121162e-08,-0.0531426
4.126162e-08,-0.0643198
4.131162e-08,-0.0564106
4.136162e-08,-0.057976
4.141162e-08,-0.0613538
4.146162e-08,-0.0491605
4.151162e-08,-0.0392466
4.156162e-08,-0.0398783
4.161162e-08,-0.0347977
4.166162e-08,-0.0219453
4.171162e-08,-0.0152445
4.176162e-08,-0.017826
4.181162e-08,-0.0262569
4.186162e-08,-0.0338365
4.191162e-08,-0.0309255
4.196162e-08,-0.0317494
4.201162e-08,-0.0453158
4.206162e-08,-0.0498471
4.211162e-08,-0.0434484
4.216162e-08,-0.0384228
4.221162e-08,-0.0348252
4.226162e-08,-0.0362258
4.231162e-08,-0.0376263
4.236162e-08,-0.0292503
4.241162e-08,-0.0215059
4.246162e-08,-0.0270259
4.251162e-08,-0.0360061
4.256162e-08,-0.0388622
4.261162e-08,-0.0464418
4.266162e-08,-0.0591569
4.271162e-08,-0.0581682
4.276162e-08,-0.0446018
4.281162e-08,-0.036775
4.286162e-08,-0.0343583
4.291162e-08,-0.027273
4.296162e-08,-0.0234008
4.301162e-08,-0.0267238
4.306162e-08,-0.0281244
4.311162e-08,-0.0305685
4.316162e-08,-0.0293052
4.321162e-08,-0.0207644
4.326162e-08,-0.019254
4.331162e-08,-0.0258999
4.336162e-08,-0.0295249
4.341162e-08,-0.0255978
4.346162e-08,-0.022577
4.351162e-08,-0.0187048
4.356162e-08,-0.0113448
4.361162e-08,-0.014503
4.366162e-08,-0.0181555
4.371162e-08,-0.0138714
4.376162e-08,-0.0179633
4.381162e-08,-0.0259823
4.386162e-08,-0.03131
4.391162e-08,-0.0400156
4.396162e-08,-0.0421027
4.401162e-08,-0.0340288
4.406162e-08,-0.0300193
4.411162e-08,-0.0309804
4.416162e-08,-0.0302664
4.421162e-08,-0.0310079
4.426162e-08,-0.0354294
4.431162e-08,-0.0332324
4.436162e-08,-0.0204349
4.441162e-08,-0.0119765
4.446162e-08,-0.0128827
4.451162e-08,-0.0136517
4.456162e-08,-0.0112625
4.461162e-08,-0.00750011
4.466162e-08,-0.00442432
4.471162e-08,-0.00505595
4.476162e-08,-0.011592
4.481162e-08,-0.0217256
4.486162e-08,-0.0264217
4.491162e-08,-0.0249662
4.496162e-08,-0.0309255
4.501162e-08,-0.0401529
4.506162e-08,-0.0370771
4.511162e-08,-0.0296073
4.516162e-08,-0.0300742
4.521162e-08,-0.0351547
4.526162e-08,-0.0399332
4.531162e-08,-0.0435308
4.536162e-08,-0.0442173
4.541162e-08,-0.0373243
4.546162e-08,-0.0273554
4.551162e-08,-0.0185949
4.556162e-08,-0.0067037
4.561162e-08,-0.00384761
4.566162e-08,-0.0164528
4.571162e-08,-0.0271083
4.576162e-08,-0.0321888
4.581162e-08,-0.0424597
4.586162e-08,-0.0526483
4.591162e-08,-0.0539665
4.596162e-08,-0.0533623
4.601162e-08,-0.0489134
4.606162e-08,-0.0378186
4.611162e-08,-0.0296623
4.616162e-08,-0.0244719
4.621162e-08,-0.0185949
4.626162e-08,-0.0100816
4.631162e-08,0.00150756
4.636162e-08,0.00483051
4.641162e-08,-0.00376522
4.646162e-08,-0.00618191
4.651162e-08,-0.00285896
4.656162e-08,-0.0110702
4.661162e-08,-0.0170021
4.666162e-08,-0.0113174
4.671162e-08,-0.00906546
4.676162e-08,-0.00950486
4.681162e-08,-0.00884576
4.686162e-08,-0.0109878
4.691162e-08,-0.0156839
4.696162e-08,-0.0202976
4.701162e-08,-0.0226044
4.706162e-08,-0.021451
4.711162e-08,-0.015217
4.716162e-08,-0.0104386
4.721162e-08,-0.0117568
4.726162e-08,-0.0147776
4.731162e-08,-0.0184301
4.736162e-08,-0.017826
4.741162e-08,-0.0118392
4.746162e-08,-0.0136242
4.751162e-08,-0.0258175
4.756162e-08,-0.0265315
4.761162e-08,-0.0132397
4.766162e-08,-0.0126081
4.771162e-08,-0.0229065
4.776162e-08,-0.0278497
4.781162e-08,-0.0303213
4.786162e-08,-0.0330676
4.791162e-08,-0.0379284
4.796162e-08,-0.0430914
4.801162e-08,-0.0423773
4.806162e-08,-0.0363905
4.811162e-08,-0.0279596
4.816162e-08,-0.0260372
4.821162e-08,-0.0337541
4.826162e-08,-0.0385601
4.831162e-08,-0.032793
4.836162e-08,-0.0190343
4.841162e-08,-0.00351806
4.846162e-08,0.00557199
4.851162e-08,0.00485797
4.856162e-08,-0.00176047
4.861162e-08,-0.00272165
4.866162e-08,0.0042538
4.871162e-08,0.00252367
4.876162e-08,-0.0106583
4.881162e-08,-0.0212588
4.886162e-08,-0.0238952
4.891162e-08,-0.0242796
4.896162e-08,-0.028756
4.901162e-08,-0.032381
4.906162e-08,-0.0304587
4.911162e-08,-0.0268611
4.916162e-08,-0.0252133
4.921162e-08,-0.0264217
4.926162e-08,-0.0235931
4.931162e-08,-0.0184301
4.936162e-08,-0.0223023
4.941162e-08,-0.0283441
4.946162e-08,-0.0296623
4.951162e-08,-0.032793
4.956162e-08,-0.0350174
4.961162e-08,-0.0308431
4.966162e-08,-0.0220826
4.971162e-08,-0.00892815
4.976162e-08,0.00362216
4.981162e-08,0.00422633
4.986162e-08,-2.87366e-06
4.991162e-08,0.00683526
4.996162e-08,0.0116961
5.001162e-08,0.00186457
5.006162e-08,-0.00763742
5.011162e-08,-0.0131024
5.016162e-08,-0.0180731
5.021162e-08,-0.0134594
5.026162e-08,-0.00634669
5.031162e-08,-0.00629176
5.036162e-08,-0.0028315
5.041162e-08,0.00167233
5.046162e-08,-0.00313359
5.051162e-08,-0.00717056
5.056162e-08,-0.000826745
5.061162e-08,0.00263352
5.066162e-08,-0.0100816
5.071162e-08,-0.0223573
5.076162e-08,-0.0194462
5.081162e-08,-0.0185949
5.086162e-08,-0.0251859
5.091162e-08,-0.0265865
5.096162e-08,-0.0212313
5.101162e-08,-0.013789
5.106162e-08,-0.0142009
5.111162e-08,-0.0179633
5.116162e-08,-0.0173316
5.121162e-08,-0.0230987
5.126162e-08,-0.0256527
5.131162e-08,-0.0165627
5.136162e-08,-0.0148051
5.141162e-08,-0.023648
5.146162e-08,-0.0322437
5.151162e-08,-0.0329303
5.156162e-08,-0.0232086
5.161162e-08,-0.013432
5.166162e-08,-0.0113174
5.171162e-08,-0.0107681
5.176162e-08,-0.00714309
5.181162e-08,-0.00475387
5.186162e-08,-0.00335328
5.191162e-08,0.00134278
5.196162e-08,0.000463987
5.201162e-08,-0.0135968
5.206162e-08,-0.0252957
5.211162e-08,-0.0204349
5.216162e-08,-0.0108231
5.221162e-08,-0.0132672
5.226162e-08,-0.0213961
5.231162e-08,-0.0190892
5.236162e-08,-0.00997172
5.241162e-08,-0.0101914
5.246162e-08,-0.0219453
5.251162e-08,-0.0283441
5.256162e-08,-0.0208743
5.261162e-08,-0.0173316
5.266162e-08,-0.0265315
5.271162e-08,-0.0293327
5.276162e-08,-0.0157388
5.281162e-08,-0.00324344
5.286162e-08,-0.00387507
5.291162e-08,-0.00132107
5.296162e-08,0.0104878
5.301162e-08,0.0150465
5.306162e-08,0.0119158
5.311162e-08,0.00867524
5.316162e-08,0.00395171
5.321162e-08,-0.000552121
5.326162e-08,-0.00390253
5.331162e-08,-0.00961471
5.336162e-08,-0.0129926
5.341162e-08,-0.0130475
5.346162e-08,-0.0182379
5.351162e-08,-0.0185674
5.356162e-08,-0.00804935
5.361162e-08,-0.00115629
5.366162e-08,0.00268844
5.371162e-08,0.00782391
5.376162e-08,0.0095815
5.381162e-08,0.00798868
5.386162e-08,0.00246874
5.391162e-08,-0.00266673
5.396162e-08,-0.00162315
5.401162e-08,0.0031553
5.406162e-08,0.00535229
5.411162e-08,0.000903385
5.416162e-08,-0.00269419
5.421162e-08,-0.00178793
5.426162e-08,-0.00118376
5.431162e-08,0.00370455
5.436162e-08,0.0125474
5.441162e-08,0.018342
5.446162e-08,0.0151014
5.451162e-08,0.0003816
5.456162e-08,-0.00931262
5.461162e-08,-0.00563266
5.466162e-08,-0.00104644
5.471162e-08,-0.00148584
5.476162e-08,-0.00563266
5.481162e-08,-0.00741772
5.486162e-08,-0.00879084
5.491162e-08,-0.0170021
5.496162e-08,-0.0176063
5.501162e-08,-0.00478133
5.506162e-08,-0.000359885
5.511162e-08,-0.00717056
5.516162e-08,-0.00752757
5.521162e-08,0.000463987
5.526162e-08,0.0029356
5.531162e-08,-0.00439686
5.536162e-08,-0.00733533
5.541162e-08,-0.0099168
5.546162e-08,-0.0227967
5.551162e-08,-0.0250486
5.556162e-08,-0.0173591
5.561162e-08,-0.0194188
5.566162e-08,-0.0116469
5.571162e-08,0.00743943
5.576162e-08,0.00667049
5.581162e-08,-0.00357298
5.586162e-08,0.00142517
5.591162e-08,0.0142226
5.596162e-08,0.0159802
5.601162e-08,0.00669795
5.606162e-08,0.00818092
5.611162e-08,0.0182871
5.616162e-08,0.0170513
5.621162e-08,0.00884002
5.626162e-08,0.00268844
5.631162e-08,-0.00187032
5.636162e-08,-0.000332422
5.641162e-08,0.00829077
5.646162e-08,0.00807107
5.651162e-08,-0.00209002
5.656162e-08,-0.000607046
5.661162e-08,0.0130692
5.666162e-08,0.0222966
5.671162e-08,0.0203468
5.676162e-08,0.011394
5.681162e-08,0.00266098
5.686162e-08,-0.00491864
5.691162e-08,-0.0106857
5.696162e-08,-0.0100266
5.701162e-08,-0.0081592
5.706162e-08,-0.0152994
5.711162e-08,-0.0199406
5.716162e-08,-0.0136791
5.721162e-08,-0.00942247
5.726162e-08,-0.00549535
5.731162e-08,0.000738611
5.736162e-08,0.00466573
5.741162e-08,0.0100758
5.746162e-08,0.015074
5.751162e-08,0.0155683
5.756162e-08,0.0111194
5.761162e-08,0.00645079
5.766162e-08,0.00167233
5.771162e-08,-0.00717056
5.776162e-08,-0.0142833
5.781162e-08,-0.0192265
5.786162e-08,-0.0221376
5.791162e-08,-0.0162881
5.796162e-08,-0.00464402
5.801162e-08,-0.00200763
5.806162e-08,-0.00961471
5.811162e-08,-0.0103013
5.816162e-08,-0.00673116
5.821162e-08,-0.0151346
5.826162e-08,-0.0249662
5.831162e-08,-0.020023
5.836162e-08,-0.0160958
5.841162e-08,-0.0207644
5.846162e-08,-0.0161508
5.851162e-08,-0.00955978
5.856162e-08,-0.0132397
5.861162e-08,-0.0202701
5.866162e-08,-0.0274103
5.871162e-08,-0.0282617
5.876162e-08,-0.0245542
5.881162e-08,-0.0286736
5.886162e-08,-0.028399
5.891162e-08,-0.0150797
5.896162e-08,-0.00868099
5.901162e-08,-0.0158487
5.906162e-08,-0.0244719
5.911162e-08,-0.0296897
5.916162e-08,-0.0290855
5.921162e-08,-0.01854
5.926162e-08,-0.00403984
5.931162e-08,0.00864778
5.936162e-08,0.0150191
5.941162e-08,0.0126573
5.946162e-08,0.0173808
5.951162e-08,0.027487
5.956162e-08,0.0170238
5.961162e-08,-0.00980695
5.966162e-08,-0.0271357
5.971162e-08,-0.0302115
5.976162e-08,-0.0294151
5.981162e-08,-0.0288384
5.986162e-08,-0.0270808
5.991162e-08,-0.0189794
5.996162e-08,-0.00835144
6.001162e-08,-0.00760996
6.006162e-08,-0.00912039
6.011162e-08,-0.00975202
6.016162e-08,-0.016343
6.021162e-08,-0.0180182
6.026162e-08,-0.0171943
6.031162e-08,-0.0212588
6.036162e-08,-0.0227417
6.041162e-08,-0.0212588
6.046162e-08,-0.0121412
6.051162e-08,0.00332008
6.056162e-08,0.00798868
6.061162e-08,-0.00607206
6.066162e-08,-0.0236755
6.071162e-08,-0.0228241
6.076162e-08,-0.0147502
6.081162e-08,-0.0120039
6.086162e-08,-0.000689433
6.091162e-08,0.0116686
6.096162e-08,0.0175456
6.101162e-08,0.0275694
6.106162e-08,0.032952
6.111162e-08,0.0224064
6.116162e-08,0.00362216
6.121162e-08,-0.00695086
6.126162e-08,-0.00697832
6.131162e-08,-0.00953232
6.136162e-08,-0.0120589
6.141162e-08,-0.0083789
6.146162e-08,-0.00673116
6.151162e-08,-0.00673116
6.156162e-08,-0.0019527
6.161162e-08,0.00299053
6.166162e-08,0.00299053
6.171162e-08,0.0031553
6.176162e-08,0.00700004
6.181162e-08,0.00927941
6.186162e-08,0.00916956
6.191162e-08,0.0125474
6.196162e-08,0.0195503
6.201162e-08,0.0198524
6.206162e-08,0.0140304
6.211162e-08,0.0112567
6.216162e-08,0.00765913
6.221162e-08,0.00268844
6.226162e-08,0.00367709
6.231162e-08,0.0118883
6.236162e-08,0.0145247
6.241162e-08,0.00279829
6.246162e-08,-0.00717056
6.251162e-08,-0.00373776
6.256162e-08,0.00444603
6.261162e-08,0.00829077
6.266162e-08,0.00260605
6.271162e-08,0.00115055
6.276162e-08,0.0133988
6.281162e-08,0.0131791
6.286162e-08,0.00491289
6.291162e-08,0.00579169
6.296162e-08,-0.00145838
6.301162e-08,-0.00642907
6.306162e-08,-8.52608e-05
6.311162e-08,-0.00200763
6.316162e-08,-0.00478133
6.321162e-08,-0.000552121
6.326162e-08,0.00375947
6.331162e-08,0.0133438
6.336162e-08,0.0253174
6.341162e-08,0.0281735
6.346162e-08,0.0190835
6.351162e-08,0.00540722
6.356162e-08,-0.00132107
6.361162e-08,-0.00236464
6.366162e-08,-0.000414809
6.371162e-08,0.00260605
6.376162e-08,-0.00200763
6.381162e-08,-0.00826905
6.386162e-08,-0.00813174
6.391162e-08,-0.0101914
6.396162e-08,-0.020737
6.401162e-08,-0.0263118
6.406162e-08,-0.0197758
6.411162e-08,-0.015272
6.416162e-08,-0.0120314
6.421162e-08,-0.00898307
6.426162e-08,-0.0179633
6.431162e-08,-0.0272181
6.436162e-08,-0.0237853
6.441162e-08,-0.0222474
6.446162e-08,-0.0271906
6.451162e-08,-0.0268336
6.456162e-08,-0.0175788
6.461162e-08,0.000463987
6.466162e-08,0.016502
6.471162e-08,0.0179575
6.476162e-08,0.0137283
6.481162e-08,0.0106251
6.486162e-08,0.000820998
6.491162e-08,-0.00527565
6.496162e-08,0.0031553
6.501162e-08,0.00727466
6.506162e-08,0.00516006
6.511162e-08,0.0112842
6.516162e-08,0.0155958
6.521162e-08,0.0111743
6.526162e-08,0.00483051
6.531162e-08,-0.00211748
6.536162e-08,-0.00664877
6.541162e-08,-0.00406731
6.546162e-08,0.00669795
6.551162e-08,0.0208685
6.556162e-08,0.0287777
6.561162e-08,0.0280362
6.566162e-08,0.0250977
6.571162e-08,0.0247957
6.576162e-08,0.0203468
6.581162e-08,0.00318276
6.586162e-08,-0.0126356
6.591162e-08,-0.0110153
6.596162e-08,-0.00689593
6.601162e-08,-0.0106308
6.606162e-08,-0.00961471
6.611162e-08,-0.00167808
6.616162e-08,0.00364962
6.621162e-08,-0.00263926
6.626162e-08,-0.0150248
6.631162e-08,-0.0177436
6.636162e-08,-0.0121412
6.641162e-08,-0.00931262
6.646162e-08,-0.01302
6.651162e-08,-0.0177985
6.656162e-08,-0.0148875
6.661162e-08,-0.0110977
6.666162e-08,-0.015272
6.671162e-08,-0.010878
6.676162e-08,-0.000607046
6.681162e-08,-0.00272165
6.686162e-08,-0.00203509
6.691162e-08,0.00524244
6.696162e-08,0.00364962
6.701162e-08,-0.0037103
6.706162e-08,-0.00763742
6.711162e-08,-0.00939501
6.716162e-08,-0.0129926
6.721162e-08,-0.013075
6.726162e-08,-0.0069234
6.731162e-08,0.00150756
6.736162e-08,0.00348485
6.741162e-08,-0.00898307
6.746162e-08,-0.0235656
6.751162e-08,-0.0245542
6.756162e-08,-0.0111526
6.761162e-08,0.000628761
6.766162e-08,-0.00423208
6.771162e-08,-0.0139538
6.776162e-08,-0.0115371
6.781162e-08,0.000216825
6.786162e-08,0.00798868
6.791162e-08,0.00603885
6.796162e-08,-0.0019527
6.801162e-08,-0.00818667
6.806162e-08,-0.00892815
6.811162e-08,-0.0117293
6.816162e-08,-0.012663
6.821162e-08,-0.00829651
6.826162e-08,-0.0168099
6.831162e-08,-0.0277124
6.836162e-08,-0.0226319
6.841162e-08,-0.0233459
6.846162e-08,-0.0316945
6.851162e-08,-0.026202
6.856162e-08,-0.0138714
6.861162e-08,-0.00530311
6.866162e-08,0.00208427
6.871162e-08,0.00708242
6.876162e-08,0.0122179
6.881162e-08,0.0126024
6.886162e-08,-0.00250195
6.891162e-08,-0.0129926
6.896162e-08,-0.00840636
6.901162e-08,-0.0151896
6.906162e-08,-0.02947
6.911162e-08,-0.03131
6.916162e-08,-0.0321888
6.921162e-08,-0.0299094
6.926162e-08,-0.0135693
6.931162e-08,-0.00442432
6.936162e-08,-0.00994426
6.941162e-08,-0.0126356
6.946162e-08,-0.00662131
6.951162e-08,0.00700004
6.956162e-08,0.0176005
6.961162e-08,0.0166943
6.966162e-08,0.0156507
6.971162e-08,0.0168316
6.976162e-08,0.00938926
6.981162e-08,-0.0026118
6.986162e-08,-0.00961471
6.991162e-08,-0.010164
6.996162e-08,-0.00571505
7.001162e-08,-0.00417716
7.006162e-08,-0.00395746
7.011162e-08,0.00145263
7.016162e-08,0.00916956
7.021162e-08,0.0230655
7.026162e-08,0.0334463
7.031162e-08,0.0286404
7.036162e-08,0.0236697
7.041162e-08,0.0237796
7.046162e-08,0.017985
7.051162e-08,0.00488543
7.056162e-08,-0.0060446
7.061162e-08,-0.00722548
7.066162e-08,-0.00162315
7.071162e-08,0.00397917
7.076162e-08,0.00785137
7.081162e-08,0.00952657
7.086162e-08,0.00244128
7.091162e-08,-0.0110428
7.096162e-08,-0.016343
7.101162e-08,-0.0148051
7.106162e-08,-0.0170845
7.111162e-08,-0.0171394
7.116162e-08,-0.0109878
7.121162e-08,-0.00555028
7.126162e-08,0.00202934
7.131162e-08,0.00971881
7.136162e-08,0.00678034
7.141162e-08,0.000299213
7.146162e-08,-0.00104644
7.151162e-08,-0.00192524
7.156162e-08,-0.00401238
7.161162e-08,-0.0081592
7.166162e-08,-0.0129102
7.171162e-08,-0.0155466
7.176162e-08,-0.0156015
7.181162e-08,-0.00936755
7.186162e-08,-0.00417716
7.191162e-08,-0.00181539
7.196162e-08,0.00455588
7.201162e-08,0.00573677
7.206162e-08,0.0044735
7.211162e-08,0.00845554
7.216162e-08,0.00905971
7.221162e-08,0.00472066
7.226162e-08,0.00241382
7.231162e-08,0.00653317
7.236162e-08,0.0118883
7.241162e-08,0.00944419
7.246162e-08,0.00521498
7.251162e-08,0.00288068
7.256162e-08,-0.00571505
7.261162e-08,-0.0167549
7.266162e-08,-0.0242247
7.271162e-08,-0.0274927
7.276162e-08,-0.0252408
7.281162e-08,-0.0226319
7.286162e-08,-0.0156564
7.291162e-08,0.000683686
7.296162e-08,0.0115588
7.301162e-08,0.0166393
7.306162e-08,0.0290249
7.311162e-08,0.0378403
7.316162e-08,0.0349842
7.321162e-08,0.0276792
7.326162e-08,0.0197151
7.331162e-08,0.0185617
7.336162e-08,0.0224339
7.341162e-08,0.0200721
7.346162e-08,0.0140029
7.351162e-08,0.00952657
7.356162e-08,0.00776898
7.361162e-08,0.00321023
7.366162e-08,-0.0114272
7.371162e-08,-0.0208468
7.376162e-08,-0.0220826
7.381162e-08,-0.0282342
7.386162e-08,-0.0267787
7.391162e-08,-0.0111801
7.396162e-08,0.00656064
7.401162e-08,0.0198524
7.406162e-08,0.024164
7.411162e-08,0.0207862
7.416162e-08,0.0186441
7.421162e-08,0.0216375
7.426162e-08,0.0246034
7.431162e-08,0.0254548
7.436162e-08,0.026773
7.441162e-08,0.026718
7.446162e-08,0.0232852
7.451162e-08,0.0204017
7.456162e-08,0.0178202
7.461162e-08,0.0103779
7.466162e-08,0.0068078
7.471162e-08,0.0112842
7.476162e-08,0.0102131
7.481162e-08,0.00546214
7.486162e-08,0.00433618
7.491162e-08,0.00257859
7.496162e-08,0.00282575
7.501162e-08,0.00735705
7.506162e-08,0.00268844
7.511162e-08,-0.00961471
7.516162e-08,-0.00620937
7.521162e-08,0.0074669
7.526162e-08,0.0109821
7.531162e-08,0.00804361
7.536162e-08,0.00461081
7.541162e-08,-0.000716896
7.546162e-08,-0.00456163
7.551162e-08,-0.00725294
7.556162e-08,-0.0129651
7.561162e-08,-0.0176612
7.566162e-08,-0.0172493
7.571162e-08,-0.0132397
7.576162e-08,-0.0096971
7.581162e-08,-0.00662131
7.586162e-08,-0.0056052
7.591162e-08,-0.00966963
7.596162e-08,-0.00664877
7.601162e-08,0.00117801
7.606162e-08,-0.00211748
7.611162e-08,-0.0056052
7.616162e-08,-0.00574251
7.621162e-08,-0.015629
7.626162e-08,-0.0184576
7.631162e-08,-0.00810428
7.636162e-08,-0.0115371
7.641162e-08,-0.0208468
7.646162e-08,-0.0185949
7.651162e-08,-0.0107681
7.656162e-08,-5.77984e-05
7.661162e-08,0.00584661
7.666162e-08,0.0104878
7.671162e-08,0.0188912
7.676162e-08,0.0197151
7.681162e-08,0.017216
7.686162e-08,0.0131241
7.691162e-08,0.00255113
7.696162e-08,-0.00134853
7.701162e-08,0.00137025
7.706162e-08,-0.00189778
7.711162e-08,-0.00684101
7.716162e-08,-0.0110153
7.721162e-08,-0.0188695
7.726162e-08,-0.0219728
7.731162e-08,-0.0142284
7.736162e-08,-0.00733533
7.741162e-08,-0.00629176
7.746162e-08,-0.00299627
7.751162e-08,0.00543468
7.756162e-08,0.0127671
7.761162e-08,0.0107624
7.766162e-08,0.00332008
7.771162e-08,0.000930848
7.776162e-08,0.00395171
7.781162e-08,0.00472066
7.786162e-08,0.00178218
7.791162e-08,-0.000250035
7.796162e-08,-0.00288642
7.801162e-08,-0.00574251
7.806162e-08,-0.00802189
7.811162e-08,-0.00980695
7.816162e-08,-0.00684101
7.821162e-08,-0.000964057
7.826162e-08,0.00513259
7.831162e-08,0.0100209
7.836162e-08,0.0104328
7.841162e-08,0.0123003
7.846162e-08,0.0159253
7.851162e-08,0.00796122
7.856162e-08,2.45887e-05
7.861162e-08,0.00609378
7.866162e-08,0.0111469
7.871162e-08,0.012108
7.876162e-08,0.0130692
7.881162e-08,0.00933434
7.886162e-08,0.00700004
7.891162e-08,0.00587408
7.896162e-08,-0.00527565
7.901162e-08,-0.0154367
7.906162e-08,-0.0117293
7.911162e-08,-0.00340821
7.916162e-08,0.00469319
7.921162e-08,0.00856539
7.926162e-08,0.00862032
7.931162e-08,0.0159528
7.936162e-08,0.0194954
7.941162e-08,0.0122179
7.946162e-08,0.0108448
7.951162e-08,0.0137558
7.956162e-08,0.0113391
7.961162e-08,0.000299213
7.966162e-08,-0.0174415
7.971162e-08,-0.0220277
7.976162e-08,-0.0103287
7.981162e-08,-0.00241956
7.986162e-08,0.000354137
7.991162e-08,0.00664302
7.996162e-08,0.0124925
8.001162e-08,0.0115039
8.006162e-08,0.00312784
8.011162e-08,-0.0028315
8.016162e-08,0.00123293
8.021162e-08,0.00233143
8.026162e-08,-0.00280404
8.031162e-08,0.000628761
8.036162e-08,0.00963642
8.041162e-08,0.0163098
8.046162e-08,0.0206214
8.051162e-08,0.0186715
8.056162e-08,0.011806
8.061162e-08,0.00617616
8.066162e-08,0.00529737
8.071162e-08,-0.000414809
8.076162e-08,-0.0125532
8.081162e-08,-0.0106583
8.086162e-08,-0.0028315
8.091162e-08,-0.00511088
8.096162e-08,-0.00574251
8.101162e-08,-0.00475387
8.106162e-08,-0.00519326
8.111162e-08,-0.00170554
8.116162e-08,0.00213919
8.121162e-08,0.00557199
8.126162e-08,0.00540722
8.131162e-08,0.0003816
8.136162e-08,0.00131532
8.141162e-08,0.00507767
8.146162e-08,0.000683686
8.151162e-08,-0.00379268
8.156162e-08,5.20511e-05
8.161162e-08,0.00389679
8.166162e-08,0.000793536
8.171162e-08,-0.00159569
8.176162e-08,-0.00104644
8.181162e-08,-0.00541296
8.186162e-08,-0.0058249
8.191162e-08,-0.00126614
8.196162e-08,-0.00618191
8.201162e-08,-0.0118666
8.206162e-08,-0.0126356
8.211162e-08,-0.0128827
8.216162e-08,-0.00546789
8.221162e-08,0.00584661
8.226162e-08,0.0135361
8.231162e-08,0.0175456
8.236162e-08,0.0155408
8.241162e-08,0.00925195
8.246162e-08,0.00257859
8.251162e-08,-0.000359885
8.256162e-08,-0.00184285
8.261162e-08,-0.00590729
8.266162e-08,-0.00843383
8.271162e-08,-0.0106034
8.276162e-08,-0.0129926
8.281162e-08,-0.0152445
8.286162e-08,-0.0168648
8.291162e-08,-0.0132123
8.296162e-08,-0.00912039
8.301162e-08,-0.00387507
8.306162e-08,0.00590154
8.311162e-08,0.0105152
8.316162e-08,0.0102406
8.321162e-08,0.00853793
8.326162e-08,0.00554453
8.331162e-08,0.00884002
8.336162e-08,0.0159528
8.341162e-08,0.0199897
8.346162e-08,0.020182
8.351162e-08,0.0118609
8.356162e-08,0.00164487
8.361162e-08,0.00117801
8.366162e-08,0.00172726
8.371162e-08,-0.000222573
8.376162e-08,0.00134278
8.381162e-08,0.000491449
8.386162e-08,-0.0034906
8.391162e-08,-0.00318851
8.396162e-08,-0.000579584
8.401162e-08,-0.00384761
8.406162e-08,-0.0131024
8.411162e-08,-0.0169197
8.416162e-08,-0.00983441
8.421162e-08,-0.00456163
8.426162e-08,-0.00266673
8.431162e-08,0.00529737
8.436162e-08,0.00873017
8.441162e-08,0.00312784
8.446162e-08,-0.000414809
8.451162e-08,-0.00258434
8.456162e-08,-0.00612699
8.461162e-08,-0.00340821
8.466162e-08,0.00540722
8.471162e-08,0.0093618
8.476162e-08,0.00856539
8.481162e-08,0.00798868
8.486162e-08,0.00790629
8.491162e-08,0.00771406
8.496162e-08,0.0061487
8.501162e-08,0.00705496
8.506162e-08,0.0105976
8.511162e-08,0.00988359
8.516162e-08,0.00818092
8.521162e-08,0.0147719
8.526162e-08,0.0200447
8.531162e-08,0.0147994
8.536162e-08,0.0101307
8.541162e-08,0.00178218
8.546162e-08,-0.0173316
8.551162e-08,-0.0281244
8.556162e-08,-0.025488
8.561162e-08,-0.0238677
8.566162e-08,-0.0173042
8.571162e-08,0.00120547
8.576162e-08,0.0143325
8.581162e-08,0.0165844
8.586162e-08,0.0166119
8.591162e-08,0.0134537
8.596162e-08,0.00532483
8.601162e-08,-0.00335328
8.606162e-08,-0.00338075
8.611162e-08,0.00134278
8.616162e-08,0.00150756
8.621162e-08,0.00279829
8.626162e-08,0.00628601
8.631162e-08,0.00790629
8.636162e-08,0.00960896
8.641162e-08,0.00288068
8.646162e-08,-0.0120039
8.651162e-08,-0.0158761
8.656162e-08,-0.0116744
8.661162e-08,-0.0131574
8.666162e-08,-0.0184851
8.671162e-08,-0.0200504
8.676162e-08,-0.0152994
8.681162e-08,-0.00879084
8.686162e-08,-0.00200763
8.691162e-08,0.00395171
8.696162e-08,0.00469319
8.701162e-08,0.00241382
8.706162e-08,0.0052699
8.711162e-08,0.0119982
8.716162e-08,0.0158429
8.721162e-08,0.0200996
8.726162e-08,0.0227909
8.731162e-08,0.0167492
8.736162e-08,0.00757675
8.741162e-08,-0.000799283
8.746162e-08,-0.0117293
8.751162e-08,-0.0196934
8.756162e-08,-0.017771
8.761162e-08,-0.012306
8.766162e-08,-0.0103013
8.771162e-08,-0.00664877
8.776162e-08,0.00944419
8.781162e-08,0.0309472
8.786162e-08,0.0357532
8.791162e-08,0.0280637
8.796162e-08,0.0188363
8.801162e-08,0.0063684
8.806162e-08,0.00537975
8.811162e-08,0.0160077
8.816162e-08,0.0188089
8.821162e-08,0.0142776
8.826162e-08,0.00993851
8.831162e-08,0.00710988
8.836162e-08,0.00260605
8.841162e-08,-0.00511088
8.846162e-08,-0.00851621
8.851162e-08,-0.00810428
8.856162e-08,-0.0145579
8.861162e-08,-0.022165
8.866162e-08,-0.0169746
8.871162e-08,-0.00478133
8.876162e-08,0.00664302
8.881162e-08,0.0145522
8.886162e-08,0.0149367
8.891162e-08,0.0164471
8.896162e-08,0.0147444
8.901162e-08,0.0052699
8.906162e-08,0.00543468
8.911162e-08,0.00719227
8.916162e-08,-0.00335328
8.921162e-08,-0.0120589
8.926162e-08,-0.0125532
8.931162e-08,-0.0150797
8.936162e-08,-0.0187048
8.941162e-08,-0.0173316
8.946162e-08,-0.0176337
8.951162e-08,-0.0179358
8.956162e-08,-0.0113723
8.961162e-08,-0.0037103
8.966162e-08,0.00137025
8.971162e-08,0.00537975
8.976162e-08,0.0100209
8.981162e-08,0.0148543
8.986162e-08,0.0166393
8.991162e-08,0.0151838
8.996162e-08,0.0112567
9.001162e-08,0.0052699
9.006162e-08,0.00172726
9.011162e-08,0.00565438
9.016162e-08,0.0112292
9.021162e-08,0.00944419
9.026162e-08,0.00428126
9.031162e-08,-2.87366e-06
9.036162e-08,-0.00566013
9.041162e-08,-0.00972456
9.046162e-08,-0.0110702
9.051162e-08,-0.0110428
9.056162e-08,-0.00953232
9.061162e-08,-0.0128278
9.066162e-08,-0.0149699
9.071162e-08,-0.00439686
9.076162e-08,0.00285321
9.081162e-08,-0.00088167
9.086162e-08,-0.00272165
9.091162e-08,-0.00467148
9.096162e-08,-0.00975202
9.101162e-08,-0.011949
9.106162e-08,-0.0103562
9.111162e-08,-0.0060446
9.116162e-08,0.00296306
9.121162e-08,0.0126298
9.126162e-08,0.0155134
9.131162e-08,0.0141128
9.136162e-08,0.0126847
9.141162e-08,0.00735705
9.146162e-08,0.00123293
9.151162e-08,-0.00332582
9.156162e-08,-0.010164
9.161162e-08,-0.0131299
9.166162e-08,-0.013432
9.171162e-08,-0.0134594
9.176162e-08,-0.00846129
9.181162e-08,-0.00590729
9.186162e-08,-0.00788458
9.191162e-08,-0.00272165
9.196162e-08,0.0133713
9.201162e-08,0.0222966
9.206162e-08,0.0115588
9.211162e-08,0.00274337
9.216162e-08,0.00436365
9.221162e-08,-0.000332422
9.226162e-08,-0.00955978
9.231162e-08,-0.0163979
9.236162e-08,-0.0193913
9.241162e-08,-0.0163979
9.246162e-08,-0.0147502
9.251162e-08,-0.0126905
9.256162e-08,-0.00555028
9.261162e-08,-0.00555028
9.266162e-08,-0.012718
9.271162e-08,-0.0139812
9.276162e-08,-0.010109
9.281162e-08,-0.00953232
9.286162e-08,-0.0131024
9.291162e-08,-0.0162331
9.296162e-08,-0.0142284
9.301162e-08,-0.00288642
9.306162e-08,0.011751
9.311162e-08,0.0177653
9.316162e-08,0.013234
9.321162e-08,0.00573677
9.326162e-08,0.00109562
9.331162e-08,-0.00263926
9.336162e-08,-0.00939501
9.341162e-08,-0.0172218
9.346162e-08,-0.0257901
9.351162e-08,-0.0307882
9.356162e-08,-0.019254
9.361162e-08,-0.00132107
9.366162e-08,0.00743943
9.371162e-08,0.0132615
9.376162e-08,0.0165844
9.381162e-08,0.00985612
9.386162e-08,-0.00274911
9.391162e-08,-0.00505595
9.396162e-08,0.00499528
9.401162e-08,0.0116686
9.406162e-08,0.00897733
9.411162e-08,-0.00019511
9.416162e-08,-0.00752757
9.421162e-08,-0.00500103
9.426162e-08,0.00200188
9.431162e-08,0.000354137
9.436162e-08,-0.0156015
9.441162e-08,-0.0252683
9.446162e-08,-0.0181555
9.451162e-08,-0.0121412
9.456162e-08,-0.00818667
9.461162e-08,-0.00829651
9.466162e-08,-0.0173591
9.471162e-08,-0.0148875
9.476162e-08,-0.000689433
9.481162e-08,0.00532483
9.486162e-08,0.00669795
9.491162e-08,0.00812599
9.496162e-08,0.00576423
9.501162e-08,-0.00156823
9.506162e-08,-0.0123884
9.511162e-08,-0.015629
9.516162e-08,-0.0129651
9.521162e-08,-0.0156839
9.526162e-08,-0.0223573
9.531162e-08,-0.0295249
9.536162e-08,-0.0268611
9.541162e-08,-0.0143108
9.546162e-08,-0.00587982
9.551162e-08,0.000409062
9.556162e-08,0.00884002
9.561162e-08,0.0152113
9.566162e-08,0.0158704
9.571162e-08,0.0152937
9.576162e-08,0.0163372
9.581162e-08,0.00697257
9.586162e-08,-0.00791204
9.591162e-08,-0.0160684
9.596162e-08,-0.0212038
9.601162e-08,-0.0144756
9.606162e-08,-0.00132107
9.611162e-08,-0.00321597
9.616162e-08,-0.0101914
9.621162e-08,-0.00752757
9.626162e-08,-0.00211748
9.631162e-08,-0.00456163
9.636162e-08,-0.0125806
9.641162e-08,-0.0140636
9.646162e-08,-0.0101914
9.651162e-08,-0.00824159
9.656162e-08,-0.00343567
9.661162e-08,0.00535229
9.666162e-08,0.00993851
9.671162e-08,0.0105427
9.676162e-08,0.0136734
9.681162e-08,0.0144698
9.686162e-08,0.00873017
9.691162e-08,0.00205681
9.696162e-08,-0.00447924
9.701162e-08,-0.00939501
9.706162e-08,-0.011592
9.711162e-08,-0.0122786
9.716162e-08,-0.00934009
9.721162e-08,-0.010466
9.726162e-08,-0.0177161
9.731162e-08,-0.0136242
9.736162e-08,-0.00137599
9.741162e-08,-0.000167648
9.746162e-08,-0.00338075
9.751162e-08,-0.00403984
9.756162e-08,-0.00857114
9.761162e-08,-0.00931262
9.766162e-08,-0.00200763
9.771162e-08,0.00268844
9.776162e-08,0.00117801
9.781162e-08,0.00189203
9.786162e-08,0.012163
9.791162e-08,0.0261962
9.796162e-08,0.0316887
9.801162e-08,0.0264709
9.806162e-08,0.0215551
9.811162e-08,0.0165569
9.816162e-08,0.00573677
9.821162e-08,-0.000607046
9.826162e-08,-0.00274911
9.831162e-08,-0.0021724
9.836162e-08,0.0035947
9.841162e-08,0.00321023
9.846162e-08,-0.00134853
9.851162e-08,-0.0015133
9.856162e-08,-0.0015133
9.861162e-08,-0.00848875
9.866162e-08,-0.0209292
9.871162e-08,-0.0296073
9.876162e-08,-0.0296897
9.881162e-08,-0.0177436
9.886162e-08,-0.00228225
9.891162e-08,0.000161901
9.896162e-08,-0.00266673
9.901162e-08,-0.00263926
9.906162e-08,-0.00708817
9.911162e-08,-0.013075
9.916162e-08,-0.0170296
9.921162e-08,-0.0236205
9.926162e-08,-0.0295524
9.931162e-08,-0.0251584
9.936162e-08,-0.013075
9.941162e-08,-0.00126614
9.946162e-08,0.0129868
9.951162e-08,0.0224064
9.956162e-08,0.016145
9.961162e-08,0.0065881
9.966162e-08,0.00156248
9.971162e-08,0.000766073
9.976162e-08,0.00450096
9.981162e-08,-0.000112723
9.986162e-08,-0.0116469
9.991162e-08,-0.0149424
9.996162e-08,-0.011235
1.000116e-07,-0.0115096
1.000616e-07,-0.0148051
1.001116e-07,-0.0123884
1.001616e-07,-0.0111801
1.002116e-07,-0.0148326
1.002616e-07,-0.0136517
1.003116e-07,-0.0113448
1.003616e-07,-0.0131574
1.004116e-07,-0.0103837
1.004616e-07,-0.000936595
1.005116e-07,0.00318276
1.005616e-07,0.0003816
1.006116e-07,0.00183711
1.006616e-07,0.00598393
1.007116e-07,0.0044735
1.007616e-07,-0.00354552
1.008116e-07,-0.011949
1.008616e-07,-0.00909292
1.009116e-07,0.000656224
1.009616e-07,-0.000854208
1.010116e-07,-0.0096971
1.010616e-07,-0.013789
1.011116e-07,-0.0175513
1.011616e-07,-0.0208743
1.012116e-07,-0.0211489
1.012616e-07,-0.0219179
1.013116e-07,-0.0219179
1.013616e-07,-0.0217256
1.014116e-07,-0.0181006
1.014616e-07,-0.00854368
1.015116e-07,-0.00393
1.015616e-07,-0.00522073
1.016116e-07,-0.00461655
1.016616e-07,-0.00420462
1.017116e-07,-0.00730787
1.017616e-07,-0.013432
1.018116e-07,-0.0166451
1.018616e-07,-0.0108231
1.019116e-07,-0.00156823
1.019616e-07,0.000326675
1.020116e-07,-0.00360045
1.020616e-07,-0.00143092
1.021116e-07,0.00109562
1.021616e-07,-0.00357298
1.022116e-07,-0.00406731
1.022616e-07,-0.00302374
1.023116e-07,-0.00651146
1.023616e-07,-0.00826905
1.024116e-07,-0.00631922
1.024616e-07,-0.00129361
1.025116e-07,0.00307291
1.025616e-07,0.0042538
1.026116e-07,0.000738611
1.026616e-07,-0.00689593
1.027116e-07,-0.0119215
1.027616e-07,-0.0135693
1.028116e-07,-0.0168099
1.028616e-07,-0.0183477
1.029116e-07,-0.00755503
1.029616e-07,0.00999344
1.030116e-07,0.0155408
1.030616e-07,0.0133988
1.031116e-07,0.0204291
1.031616e-07,0.0276792
1.032116e-07,0.018342
1.032616e-07,0.000491449
1.033116e-07,-0.00568759
1.033616e-07,0.0029356
1.034116e-07,0.01068
1.034616e-07,0.0118334
1.035116e-07,0.0115039
1.035616e-07,0.00779644
1.036116e-07,-0.000277498
1.036616e-07,-0.00774727
1.037116e-07,-0.00703324
1.037616e-07,-0.00181539
1.038116e-07,-0.00590729
1.038616e-07,-0.0121962
1.039116e-07,-0.0112075
1.039616e-07,-0.0140636
1.040116e-07,-0.0189794
1.040616e-07,-0.0205997
1.041116e-07,-0.0223023
1.041616e-07,-0.0208194
1.042116e-07,-0.0213961
1.042616e-07,-0.0208194
1.043116e-07,-0.0102738
1.043616e-07,-0.006484
1.044116e-07,-0.0133771
1.044616e-07,-0.0142284
1.045116e-07,-0.0101914
1.045616e-07,-0.00640161
1.046116e-07,-0.00148584
1.046616e-07,0.00186457
1.047116e-07,0.00367709
1.047616e-07,0.00955404
1.048116e-07,0.020539
1.048616e-07,0.0260864
1.049116e-07,0.0244387
1.049616e-07,0.0188363
1.050116e-07,0.00721973
1.050616e-07,-0.000469734
1.051116e-07,-0.00228225
1.051616e-07,-0.00219986
1.052116e-07,0.00106816
1.052616e-07,0.00364962
1.053116e-07,0.00905971
1.053616e-07,0.0119707
1.054116e-07,0.00161741
1.054616e-07,-0.009038
1.055116e-07,-0.0127729
1.055616e-07,-0.0154642
1.056116e-07,-0.0155466
1.056616e-07,-0.01486
1.057116e-07,-0.0110153
1.057616e-07,-0.00176047
1.058116e-07,0.00186457
1.058616e-07,0.00202934
1.059116e-07,0.00466573
1.059616e-07,-5.77984e-05
1.060116e-07,-0.00857114
1.060616e-07,-0.00912039
1.061116e-07,-0.00887322
1.061616e-07,-0.0099168
1.062116e-07,-0.00585236
1.062616e-07,-0.00222733
1.063116e-07,0.00353977
1.063616e-07,0.0140304
1.064116e-07,0.016914
1.064616e-07,0.0114215
1.065116e-07,0.00620363
1.065616e-07,0.00540722
1.066116e-07,0.00584661
1.066616e-07,0.00230397
1.067116e-07,-0.00110137
1.067616e-07,-0.00697832
1.068116e-07,-0.017469
1.068616e-07,-0.0228241
1.069116e-07,-0.0164254
1.069616e-07,0.000299213
1.070116e-07,0.00908718
1.070616e-07,0.0042538
1.071116e-07,0.00400663
1.071616e-07,0.0101857
1.072116e-07,0.0126847
1.072616e-07,0.00894986
1.073116e-07,0.00485797
1.073616e-07,0.00678034
1.074116e-07,0.00947165
1.074616e-07,0.0091421
1.075116e-07,0.0108997
1.075616e-07,0.0128495
1.076116e-07,0.0148817
1.076616e-07,0.016859
1.077116e-07,0.012877
1.077616e-07,0.00776898
1.078116e-07,0.00244128
1.078616e-07,-0.000497197
1.079116e-07,0.00823584
1.079616e-07,0.0158429
1.080116e-07,0.0129319
1.080616e-07,0.0126298
1.081116e-07,0.0187814
1.081616e-07,0.0261688
1.082116e-07,0.0281186
1.082616e-07,0.0175731
1.083116e-07,0.00441857
1.083616e-07,0.000244288
1.084116e-07,0.00106816
1.084616e-07,0.00277083
1.085116e-07,0.00397917
1.085616e-07,0.00392425
1.086116e-07,-0.000744358
1.086616e-07,-0.00810428
1.087116e-07,-0.0113448
1.087616e-07,-0.0162057
1.088116e-07,-0.0207095
1.088616e-07,-0.0106034
1.089116e-07,0.00529737
1.089616e-07,0.0120257
1.090116e-07,0.0143874
1.090616e-07,0.0132889
1.091116e-07,0.00960896
1.091616e-07,0.00875763
1.092116e-07,0.00878509
1.092616e-07,0.008483
1.093116e-07,0.0031553
1.093616e-07,-0.00497357
1.094116e-07,-0.00755503
1.094616e-07,-0.00664877
1.095116e-07,-0.00236464
1.095616e-07,-0.00170554
1.096116e-07,-0.00870845
1.096616e-07,-0.0124159
1.097116e-07,-0.0128278
1.097616e-07,-0.0120863
1.098116e-07,-0.00777473
1.098616e-07,-0.00475387
1.099116e-07,-0.00640161
1.099616e-07,-0.0110702
1.100116e-07,-0.0213961
1.100616e-07,-0.0330401
1.101116e-07,-0.0281793
1.101616e-07,-0.0107407
1.102116e-07,-0.00123868
1.102616e-07,0.00216665
1.103116e-07,0.00823584
1.103616e-07,0.0100484
1.104116e-07,0.00809853
1.104616e-07,0.0142776
1.105116e-07,0.0217748
1.105616e-07,0.022324
1.106116e-07,0.0185617
1.106616e-07,0.00749436
1.107116e-07,-0.00206255
1.107616e-07,-0.000936595
1.108116e-07,0.0003816
1.108616e-07,0.000299213
1.109116e-07,0.00532483
1.109616e-07,0.0108997
1.110116e-07,0.0118609
1.110616e-07,0.00436365
1.111116e-07,-0.00549535
1.111616e-07,-0.00453417
1.112116e-07,-0.00288642
1.112616e-07,-0.00936755
1.113116e-07,-0.0133221
1.113616e-07,-0.0134594
1.114116e-07,-0.0111801
1.114616e-07,-0.00598967
1.115116e-07,0.00134278
1.115616e-07,0.0132889
1.116116e-07,0.0203468
1.116616e-07,0.0154585
1.117116e-07,0.0082633
1.117616e-07,0.00389679
1.118116e-07,0.00573677
1.118616e-07,0.00818092
1.119116e-07,-0.00263926
1.119616e-07,-0.0108505
1.120116e-07,-0.00277657
1.120616e-07,-0.00203509
1.121116e-07,-0.0106583
1.121616e-07,-0.00434193
1.122116e-07,0.00639586
1.122616e-07,0.00353977
1.123116e-07,0.000875923
1.123616e-07,0.000985772
1.124116e-07,-0.00747264
1.124616e-07,-0.0111801
1.125116e-07,-0.00480879
1.125616e-07,-0.00244703
1.126116e-07,-0.00019511
1.126616e-07,-0.00123868
1.127116e-07,-0.0117019
1.127616e-07,-0.00684101
1.128116e-07,0.011806
1.128616e-07,0.011394
1.129116e-07,-0.00211748
1.129616e-07,-0.00923024
1.130116e-07,-0.0176612
1.130616e-07,-0.0292229
1.131116e-07,-0.0312276
1.131616e-07,-0.0234283
1.132116e-07,-0.0188695
1.132616e-07,-0.0223023
1.133116e-07,-0.0242796
1.133616e-07,-0.0176063
1.134116e-07,-0.00868099
1.134616e-07,-0.00546789
1.135116e-07,-0.00807682
1.135616e-07,-0.0118392
1.136116e-07,-0.00865353
1.136616e-07,-0.00126614
1.137116e-07,0.00156248
1.137616e-07,-0.000661971
1.138116e-07,-0.00612699
1.138616e-07,-0.00360045
1.139116e-07,0.00829077
1.139616e-07,0.0110095
1.140116e-07,0.0112842
1.140616e-07,0.0189736
1.141116e-07,0.0155134
1.141616e-07,0.00743943
1.142116e-07,0.00705496
1.142616e-07,0.0014801
1.143116e-07,-0.000579584
1.143616e-07,0.00697257
1.144116e-07,0.00664302
1.144616e-07,0.000573836
1.145116e-07,0.005929
1.145616e-07,0.0158704
1.146116e-07,0.0125749
1.146616e-07,0.00444603
1.147116e-07,0.00246874
1.147616e-07,0.00117801
1.148116e-07,-0.00134853
1.148616e-07,-0.00475387
1.149116e-07,-0.009038
1.149616e-07,-0.0131848
1.150116e-07,-0.012306
1.150616e-07,-0.00313359
1.151116e-07,0.0022765
1.151616e-07,0.0031553
1.152116e-07,0.0123277
1.152616e-07,0.0228733
1.153116e-07,0.0204566
1.153616e-07,0.0127946
1.154116e-07,0.013948
1.154616e-07,0.0164746
1.155116e-07,0.0113116
1.155616e-07,0.00392425
1.156116e-07,-0.00167808
1.156616e-07,-0.00475387
1.157116e-07,-0.00291389
1.157616e-07,-0.00324344
1.158116e-07,-0.00876338
1.158616e-07,-0.00788458
1.159116e-07,-0.00299627
1.159616e-07,-0.000744358
1.160116e-07,0.000546374
1.160616e-07,-0.000222573
1.161116e-07,0.0003816
1.161616e-07,0.00263352
1.162116e-07,0.00408902
1.162616e-07,0.00485797
1.163116e-07,0.00246874
1.163616e-07,0.00384186
1.164116e-07,0.0101033
1.164616e-07,0.00738451
1.165116e-07,-0.00228225
1.165616e-07,-0.00807682
1.166116e-07,-0.0106308
1.166616e-07,-0.0115645
1.167116e-07,-0.0113448
1.167616e-07,-0.0108231
1.168116e-07,-0.0103013
1.168616e-07,-0.0114547
1.169116e-07,-0.0124159
1.169616e-07,-0.00914785
1.170116e-07,-0.00324344
1.170616e-07,-0.00189778
1.171116e-07,-0.00623684
1.171616e-07,-0.00870845
1.172116e-07,-0.0049461
1.172616e-07,0.00496782
1.173116e-07,0.0140853
1.173616e-07,0.0105701
1.174116e-07,-0.00340821
1.174616e-07,-0.00966963
1.175116e-07,-0.0062643
1.175616e-07,-0.00393
1.176116e-07,0.000299213
1.176616e-07,0.0024962
1.177116e-07,5.20511e-05
1.177616e-07,0.00631348
1.178116e-07,0.0128221
1.178616e-07,0.011751
1.179116e-07,0.0129044
1.179616e-07,0.00851047
1.180116e-07,0.00161741
1.180616e-07,0.00213919
1.181116e-07,0.00452842
1.181616e-07,0.00963642
1.182116e-07,0.0108448
1.182616e-07,0.00285321
1.183116e-07,-0.00645653
1.183616e-07,-0.0143382
1.184116e-07,-0.0156015
1.184616e-07,-0.0106857
1.185116e-07,-0.0117019
1.185616e-07,-0.0148326
1.186116e-07,-0.0114822
1.186616e-07,-0.00917531
1.187116e-07,-0.0101914
1.187616e-07,-0.00598967
1.188116e-07,0.00172726
1.188616e-07,0.00559945
1.189116e-07,0.00653317
1.189616e-07,0.00875763
1.190116e-07,0.0144973
1.190616e-07,0.0182871
1.191116e-07,0.0178751
1.191616e-07,0.0153761
1.192116e-07,0.00809853
1.192616e-07,0.00463827
1.193116e-07,0.00697257
1.193616e-07,0.005929
1.194116e-07,0.00700004
1.194616e-07,0.00612124
1.195116e-07,-0.00200763
1.195616e-07,-0.00598967
1.196116e-07,-0.00631922
1.196616e-07,-0.00464402
1.197116e-07,-0.00099152
1.197616e-07,-0.000964057
1.198116e-07,-0.000716896
1.198616e-07,0.00310038
1.199116e-07,0.00645079
1.199616e-07,0.00395171
1.200116e-07,-0.00335328
1.200616e-07,-0.00777473
1.201116e-07,-0.00840636
1.201616e-07,-0.0120039
1.202116e-07,-0.0194462
1.202616e-07,-0.01854
1.203116e-07,-0.0113448
1.203616e-07,-0.0129377
1.204116e-07,-0.0158487
1.204616e-07,-0.0110153
1.205116e-07,-0.00365537
1.205616e-07,0.00362216
1.206116e-07,0.00546214
1.206616e-07,0.00142517
1.207116e-07,0.00131532
1.207616e-07,0.00356724
1.208116e-07,0.00263352
1.208616e-07,0.00326515
1.209116e-07,0.0070275
1.209616e-07,0.0100484
1.210116e-07,0.00694511
1.210616e-07,-8.52608e-05
1.211116e-07,-0.00409477
1.211616e-07,-0.00653892
1.212116e-07,-0.00862606
1.212616e-07,-0.0128553
1.213116e-07,-0.0146129
1.213616e-07,-0.0060446
1.214116e-07,0.000656224
1.214616e-07,0.0010407
1.215116e-07,0.00167233
1.215616e-07,0.000463987
1.216116e-07,-0.000799283
1.216616e-07,0.00120547
1.217116e-07,0.00579169
1.217616e-07,0.0104603
1.218116e-07,0.0111743
1.218616e-07,0.00886748
1.219116e-07,0.0111743
1.219616e-07,0.0192757
1.220116e-07,0.0245485
1.220616e-07,0.02529
1.221116e-07,0.0213354
1.221616e-07,0.0138931
1.222116e-07,0.0153761
1.222616e-07,0.0209235
1.223116e-07,0.0141677
1.223616e-07,0.0040341
1.224116e-07,-0.00088167
1.224616e-07,-0.00156823
1.225116e-07,0.00669795
1.225616e-07,0.0101033
1.226116e-07,0.0038144
1.226616e-07,0.00436365
1.227116e-07,0.00667049
1.227616e-07,0.0091421
1.228116e-07,0.0151289
1.228616e-07,0.013234
1.229116e-07,0.0129044
1.229616e-07,0.017985
1.230116e-07,0.0108448
1.230616e-07,0.0031553
1.231116e-07,0.0089224
1.231616e-07,0.0132065
1.232116e-07,0.017271
1.232616e-07,0.0249879
1.233116e-07,0.0174357
1.233616e-07,2.45887e-05
1.234116e-07,-0.0104111
1.234616e-07,-0.0102463
1.235116e-07,-0.00236464
1.235616e-07,-0.00436939
1.236116e-07,-0.0118941
1.236616e-07,-0.0115096
1.237116e-07,-0.0104111
1.237616e-07,-0.00755503
1.238116e-07,-0.00530311
1.238616e-07,-0.00708817
1.239116e-07,-0.00170554
1.239616e-07,0.0116686
1.240116e-07,0.0198799
1.240616e-07,0.0175456
1.241116e-07,0.0110645
1.241616e-07,0.00156248
1.242116e-07,-0.0160134
1.242616e-07,-0.0337267
1.243116e-07,-0.0431188
1.243616e-07,-0.0454531
1.244116e-07,-0.0415535
1.244616e-07,-0.0320789
1.245116e-07,-0.0124433
1.245616e-07,0.00960896
1.246116e-07,0.0131516
1.246616e-07,0.00158994
1.247116e-07,-0.00766488
1.247616e-07,-0.0118392
1.248116e-07,-0.0136242
1.248616e-07,-0.0153543
1.249116e-07,-0.0158761
1.249616e-07,-0.00700578
1.250116e-07,0.00299053
1.250616e-07,0.00499528
1.251116e-07,0.0082633
1.251616e-07,0.0104054
1.252116e-07,0.00856539
1.252616e-07,0.0126847
1.253116e-07,0.0198799
1.253616e-07,0.0237796
1.254116e-07,0.0234775
1.254616e-07,0.0158704
1.255116e-07,0.00609378
1.255616e-07,0.00202934
1.256116e-07,0.00430872
1.256616e-07,0.00955404
1.257116e-07,0.0116686
1.257616e-07,0.00952657
1.258116e-07,0.00771406
1.258616e-07,0.00356724
1.259116e-07,-0.00288642
1.259616e-07,-0.00664877
1.260116e-07,-0.0161782
1.260616e-07,-0.0311452
1.261116e-07,-0.0358413
1.261616e-07,-0.0285638
1.262116e-07,-0.0173316
1.262616e-07,-0.0140636
1.263116e-07,-0.0170845
1.263616e-07,-0.00728041
1.264116e-07,0.0127122
1.264616e-07,0.02345
1.265116e-07,0.0196053
1.265616e-07,0.0126847
1.266116e-07,0.0119158
1.266616e-07,0.00941673
1.267116e-07,0.00340246
1.267616e-07,-0.00118376
1.268116e-07,-0.00533058
1.268616e-07,-0.00285896
1.269116e-07,-0.00129361
1.269616e-07,-0.00714309
1.270116e-07,-0.00198017
1.270616e-07,0.00469319
1.271116e-07,-0.00398492
1.271616e-07,-0.00906546
1.272116e-07,-0.000909132
1.272616e-07,0.00908718
1.273116e-07,0.0126573
1.273616e-07,0.00903225
1.274116e-07,0.00117801
1.274616e-07,-0.000442272
1.275116e-07,0.00763167
1.275616e-07,0.00694511
1.276116e-07,-0.00846129
1.276616e-07,-0.0241972
1.277116e-07,-0.0316395
1.277616e-07,-0.0279047
1.278116e-07,-0.0166451
1.278616e-07,-0.0121687
1.279116e-07,-0.0194188
1.279616e-07,-0.0251584
1.280116e-07,-0.0227967
1.280616e-07,-0.0146129
1.281116e-07,-0.00469894
1.281616e-07,-0.00436939
1.282116e-07,-0.0157388
1.282616e-07,-0.0263393
1.283116e-07,-0.025076
1.283616e-07,-0.0116195
1.284116e-07,0.00202934
1.284616e-07,0.00944419
1.285116e-07,0.0146346
1.285616e-07,0.013234
1.286116e-07,0.00886748
1.286616e-07,0.00543468
1.287116e-07,-0.00376522
1.287616e-07,-0.0056052
1.288116e-07,0.00128786
1.288616e-07,-0.00332582
1.289116e-07,-0.0113998
1.289616e-07,-0.00843383
1.290116e-07,-0.00338075
1.290616e-07,-3.03361e-05
1.291116e-07,0.000299213
1.291616e-07,-0.00382015
1.292116e-07,0.00169979
1.292616e-07,0.0119982
1.293116e-07,0.0114489
1.293616e-07,0.0131791
1.294116e-07,0.0240542
1.294616e-07,0.024933
1.295116e-07,0.0133713
1.295616e-07,0.00774152
1.296116e-07,0.0122728
1.296616e-07,0.0182871
1.297116e-07,0.0177928
1.297616e-07,0.00938926
1.298116e-07,0.00411648
1.298616e-07,0.00691765
1.299116e-07,0.00884002
1.299616e-07,0.00466573
1.300116e-07,-0.00406731
1.300616e-07,-0.0111526
1.301116e-07,-0.00977948
1.301616e-07,-0.00241956
1.302116e-07,-0.00219986
1.302616e-07,-0.0138165
1.303116e-07,-0.0220277
1.303616e-07,-0.0208743
1.304116e-07,-0.0222474
1.304616e-07,-0.0254605
1.305116e-07,-0.022934
1.305616e-07,-0.0243071
1.306116e-07,-0.0258175
1.306616e-07,-0.0147502
1.307116e-07,-0.00835144
1.307616e-07,-0.0129926
1.308116e-07,-0.0124433
1.308616e-07,-0.0094774
1.309116e-07,-0.012663
1.309616e-07,-0.0128553
1.310116e-07,-0.00541296
1.310616e-07,-0.001733
1.311116e-07,0.00120547
1.311616e-07,0.013234
1.312116e-07,0.0251801
1.312616e-07,0.0313042
1.313116e-07,0.0311395
1.313616e-07,0.0228458
1.314116e-07,0.0181772
1.314616e-07,0.0148268
1.315116e-07,-0.000277498
1.315616e-07,-0.0103287
1.316116e-07,-0.0103562
1.316616e-07,-0.0162057
1.317116e-07,-0.0162606
1.317616e-07,-0.0026118
1.318116e-07,0.00417141
1.318616e-07,-0.00338075
1.319116e-07,-0.00659385
1.319616e-07,0.000161901
1.320116e-07,0.00123293
1.320616e-07,-0.000332422
1.321116e-07,0.00472066
1.321616e-07,0.00732958
1.322116e-07,0.00494036
1.322616e-07,0.00334754
1.323116e-07,0.005929
1.323616e-07,0.00768659
1.324116e-07,7.95135e-05
1.324616e-07,-0.0102463
1.325116e-07,-0.0100541
1.325616e-07,-0.00263926
1.326116e-07,-0.000112723
1.326616e-07,0.00351231
1.327116e-07,0.00516006
1.327616e-07,-0.0067037
1.328116e-07,-0.0118392
1.328616e-07,-0.00533058
1.329116e-07,-0.00917531
1.329616e-07,-0.0186224
1.330116e-07,-0.0175239
1.330616e-07,-0.00714309
1.331116e-07,0.000106976
1.331616e-07,-0.00417716
1.332116e-07,-0.00645653
1.332616e-07,0.000134438
1.333116e-07,0.00112308
1.333616e-07,0.000463987
1.334116e-07,0.00507767
1.334616e-07,0.00529737
1.335116e-07,0.00106816
1.335616e-07,-0.000799283
1.336116e-07,0.00139771
1.336616e-07,0.00686272
1.337116e-07,0.00897733
1.337616e-07,0.00260605
1.338116e-07,0.00120547
1.338616e-07,0.0133164
1.339116e-07,0.0167217
1.339616e-07,0.00194696
1.340116e-07,-0.0119215
1.340616e-07,-0.0218904
1.341116e-07,-0.0304861
1.341616e-07,-0.0288933
1.342116e-07,-0.0257901
1.342616e-07,-0.0296623
1.343116e-07,-0.0306784
1.343616e-07,-0.0269709
1.344116e-07,-0.0200779
1.344616e-07,-0.00906546
1.345116e-07,-0.00296881
1.345616e-07,-0.00272165
1.346116e-07,-0.00450671
1.346616e-07,-0.0129651
1.347116e-07,-0.0182654
1.347616e-07,-0.0111801
1.348116e-07,-0.00609952
1.348616e-07,-0.0128553
1.349116e-07,-0.0142833
1.349616e-07,-0.00143092
1.350116e-07,0.0044735
1.350616e-07,0.000875923
1.351116e-07,0.00463827
1.351616e-07,0.00705496
1.352116e-07,-0.00557774
1.352616e-07,-0.0202152
1.353116e-07,-0.0206546
1.353616e-07,-0.0121412
1.354116e-07,-0.00587982
1.354616e-07,-0.00442432
1.355116e-07,-0.00384761
1.355616e-07,-0.00203509
1.356116e-07,0.000711148
1.356616e-07,0.00576423
1.357116e-07,0.0112292
1.357616e-07,0.0112292
1.358116e-07,0.0089224
1.358616e-07,0.0129044
1.359116e-07,0.0191659
1.359616e-07,0.0216375
1.360116e-07,0.0215826
1.360616e-07,0.0231205
1.361116e-07,0.0244112
1.361616e-07,0.0195778
1.362116e-07,0.0148543
1.362616e-07,0.011751
1.363116e-07,0.0093618
1.363616e-07,0.0101857
1.364116e-07,0.00115055
1.364616e-07,-0.0136517
1.365116e-07,-0.0173316
1.365616e-07,-0.020737
1.366116e-07,-0.029113
1.366616e-07,-0.0312551
1.367116e-07,-0.0274653
1.367616e-07,-0.0198033
1.368116e-07,-0.0107407
1.368616e-07,-0.00708817
1.369116e-07,-0.00313359
1.369616e-07,0.00749436
1.370116e-07,0.0132065
1.370616e-07,0.0089224
1.371116e-07,0.00392425
1.371616e-07,-0.00324344
1.372116e-07,-0.0127454
1.372616e-07,-0.0109604
1.373116e-07,-0.000771821
1.373616e-07,0.00535229
1.374116e-07,0.00785137
1.374616e-07,0.0031553
1.375116e-07,-0.00489118
1.375616e-07,-0.0067037
1.376116e-07,-0.00659385
1.376616e-07,-0.00340821
1.377116e-07,0.000463987
1.377616e-07,-0.00126614
1.378116e-07,-0.00513834
1.378616e-07,-0.00846129
1.379116e-07,-0.00557774
1.379616e-07,-0.00346313
1.380116e-07,-0.00890069
1.380616e-07,-0.00593475
1.381116e-07,-2.87366e-06
1.381616e-07,-0.00414969
1.382116e-07,-0.00428701
1.382616e-07,-0.0021724
1.383116e-07,-0.0058249
1.383616e-07,-0.00730787
1.384116e-07,-0.0107407
1.384616e-07,-0.014503
1.385116e-07,-0.0117019
1.385616e-07,-0.00958725
1.386116e-07,-0.00766488
1.386616e-07,-0.00450671
1.387116e-07,-0.00307866
1.387616e-07,-0.00285896
1.388116e-07,-0.00403984
1.388616e-07,-0.0032709
1.389116e-07,-0.000552121
1.389616e-07,0.000491449
1.390116e-07,0.000491449
1.390616e-07,0.000683686
1.391116e-07,0.0012604
1.391616e-07,-0.000661971
1.392116e-07,-0.0019527
1.392616e-07,0.00397917
1.393116e-07,0.00645079
1.393616e-07,0.00263352
1.394116e-07,0.00617616
1.394616e-07,0.00933434
1.395116e-07,0.00175472
1.395616e-07,-0.0034906
1.396116e-07,0.000354137
1.396616e-07,0.00230397
1.397116e-07,0.000326675
1.397616e-07,-0.000442272
1.398116e-07,-0.000222573
1.398616e-07,0.00667049
1.399116e-07,0.0138107
1.399616e-07,0.00807107
1.400116e-07,-0.00222733
1.400616e-07,-0.00695086
1.401116e-07,-0.00458909
1.401616e-07,-0.00563266
1.402116e-07,-0.0151346
1.402616e-07,-0.0175513
1.403116e-07,-0.0106583
1.403616e-07,0.00307291
1.404116e-07,0.019413
1.404616e-07,0.0228458
1.405116e-07,0.0184519
1.405616e-07,0.0175181
1.406116e-07,0.0159802
1.406616e-07,0.0142226
1.407116e-07,0.0126573
1.407616e-07,0.00546214
1.408116e-07,-0.00453417
1.408616e-07,-0.00835144
1.409116e-07,-0.00980695
1.409616e-07,-0.0165627
1.410116e-07,-0.0199955
1.410616e-07,-0.0101914
1.411116e-07,0.00496782
1.411616e-07,0.00749436
1.412116e-07,0.000875923
1.412616e-07,0.00282575
1.413116e-07,0.00565438
1.413616e-07,0.00463827
1.414116e-07,0.00576423
1.414616e-07,0.00417141
1.415116e-07,0.00386932
1.415616e-07,0.003375
1.416116e-07,-0.00491864
1.416616e-07,-0.0108231
1.417116e-07,-0.00769234
1.417616e-07,-0.00609952
1.418116e-07,-0.00826905
1.418616e-07,-0.00123868
1.419116e-07,0.00801614
1.419616e-07,0.00414395
1.420116e-07,-0.000634509
1.420616e-07,0.000985772
1.421116e-07,0.00117801
1.421616e-07,-5.77984e-05
1.422116e-07,-0.00478133
1.422616e-07,-0.0114547
1.423116e-07,-0.00986187
1.423616e-07,-0.00324344
1.424116e-07,0.000354137
1.424616e-07,0.00433618
1.425116e-07,0.00488543
1.425616e-07,0.00568184
1.426116e-07,0.0147719
1.426616e-07,0.0124376
1.427116e-07,-8.52608e-05
1.427616e-07,0.00329261
1.428116e-07,0.0133438
1.428616e-07,0.0122454
1.429116e-07,0.0068078
1.429616e-07,0.00590154
1.430116e-07,0.00318276
1.430616e-07,-0.00983441
1.431116e-07,-0.0214785
1.431616e-07,-0.022165
1.432116e-07,-0.0260921
1.432616e-07,-0.0344132
1.433116e-07,-0.0290855
1.433616e-07,-0.0137341
1.434116e-07,-0.00134853
1.434616e-07,0.0102406
1.435116e-07,0.0198524
1.435616e-07,0.0244661
1.436116e-07,0.0312493
1.436616e-07,0.0315514
1.437116e-07,0.0155958
1.437616e-07,0.00222158
1.438116e-07,-0.00522073
1.438616e-07,-0.0122511
1.439116e-07,-0.0107681
1.439616e-07,-0.0101365
1.440116e-07,-0.0123884
1.440616e-07,-0.00887322
1.441116e-07,-0.00703324
1.441616e-07,-0.00505595
1.442116e-07,0.000161901
1.442616e-07,0.00142517
1.443116e-07,-0.00104644
1.443616e-07,-0.00436939
1.444116e-07,-0.0021724
1.444616e-07,0.00194696
1.445116e-07,-0.00379268
1.445616e-07,-0.00730787
1.446116e-07,-0.000524659
1.446616e-07,0.00197442
1.447116e-07,0.000793536
1.447616e-07,0.00219412
1.448116e-07,0.00101323
1.448616e-07,-0.00110137
1.449116e-07,-0.00445178
1.449616e-07,-0.00760996
1.450116e-07,-0.00167808
1.450616e-07,0.0093618
1.451116e-07,0.0165569
1.451616e-07,0.0199074
1.452116e-07,0.0195229
1.452616e-07,0.0119433
1.453116e-07,0.00754928
1.453616e-07,0.0136734
1.454116e-07,0.0134537
1.454616e-07,0.00194696
1.455116e-07,-0.0051658
1.455616e-07,0.00384186
1.456116e-07,0.0187539
1.456616e-07,0.0243563
1.457116e-07,0.0300135
1.457616e-07,0.033666
1.458116e-07,0.0211981
1.458616e-07,0.00205681
1.459116e-07,-0.0116195
1.459616e-07,-0.0171394
1.460116e-07,-0.0142009
1.460616e-07,-0.00598967
1.461116e-07,0.00189203
1.461616e-07,0.00691765
1.462116e-07,0.0120806
1.462616e-07,0.017985
1.463116e-07,0.0205115
1.463616e-07,0.017216
1.464116e-07,0.0133164
1.464616e-07,0.0129044
1.465116e-07,0.0115313
1.465616e-07,0.0102955
1.466116e-07,0.00969135
1.466616e-07,0.000930848
1.467116e-07,-0.00980695
1.467616e-07,-0.0135418
1.468116e-07,-0.0197758
1.468616e-07,-0.0283166
1.469116e-07,-0.0291954
1.469616e-07,-0.0257901
1.470116e-07,-0.0268886
1.470616e-07,-0.0301291
1.471116e-07,-0.0250486
1.471616e-07,-0.00977948
1.472116e-07,0.00472066
1.472616e-07,0.00513259
1.473116e-07,-0.0037103
1.473616e-07,-0.0109604
1.474116e-07,-0.0144756
1.474616e-07,-0.00766488
1.475116e-07,0.000875923
1.475616e-07,-0.00203509
1.476116e-07,-0.0121962
1.476616e-07,-0.0179358
1.477116e-07,-0.0104111
1.477616e-07,-0.00255688
1.478116e-07,-0.000854208
1.478616e-07,0.00708242
1.479116e-07,0.0171886
1.479616e-07,0.0239443
1.480116e-07,0.0285305
1.480616e-07,0.0257019
1.481116e-07,0.0203742
1.481616e-07,0.0177104
1.482116e-07,0.00974627
1.482616e-07,-0.00351806
1.483116e-07,-0.0113174
1.483616e-07,-0.0101365
1.484116e-07,-0.00689593
1.484616e-07,-0.000771821
1.485116e-07,0.00631348
1.485616e-07,0.0115863
1.486116e-07,0.0183969
1.486616e-07,0.0155408
1.487116e-07,0.00925195
1.487616e-07,0.00925195
1.488116e-07,0.00131532
1.488616e-07,-0.00741772
1.489116e-07,-0.00458909
1.489616e-07,0.00362216
1.490116e-07,0.0107349
1.490616e-07,0.0107349
1.491116e-07,0.00408902
1.491616e-07,-0.00225479
1.492116e-07,-0.00247449
1.492616e-07,-0.000909132
1.493116e-07,-0.00653892
1.493616e-07,-0.00898307
1.494116e-07,-0.00958725
1.494616e-07,-0.0216982
1.495116e-07,-0.0265041
1.495616e-07,-0.0224396
1.496116e-07,-0.0263393
1.496616e-07,-0.023291
1.497116e-07,-0.0131299
1.497616e-07,-0.00980695
1.498116e-07,-0.0117842
1.498616e-07,-0.0176063
1.499116e-07,-0.0140087
1.499616e-07,-0.000387347
1.500116e-07,0.00568184
1.500616e-07,0.0065881
1.501116e-07,0.00705496
1.501616e-07,0.00452842
1.502116e-07,-0.000634509
1.502616e-07,-0.00612699
1.503116e-07,-0.00703324
1.503616e-07,-0.00480879
1.504116e-07,-0.00409477
1.504616e-07,-0.00423208
1.505116e-07,-0.00296881
1.505616e-07,-0.00143092
1.506116e-07,-0.00318851
1.506616e-07,-0.00769234
1.507116e-07,-0.0172767
1.507616e-07,-0.0305136
1.508116e-07,-0.0270533
1.508616e-07,-0.0056052
1.509116e-07,0.0102131
1.509616e-07,0.0140579
1.510116e-07,0.0111469
1.510616e-07,0.00710988
1.511116e-07,0.00645079
1.511616e-07,0.00559945
1.512116e-07,-0.00167808
1.512616e-07,-0.0125257
1.513116e-07,-0.0156564
1.513616e-07,-0.0110428
1.514116e-07,-0.00717056
1.514616e-07,-0.00354552
1.515116e-07,-0.000359885
1.515616e-07,-0.00544043
1.516116e-07,-0.0132123
1.516616e-07,-0.00755503
1.517116e-07,0.00244128
1.517616e-07,-0.00310612
1.518116e-07,-0.0140362
1.518616e-07,-0.0148326
1.519116e-07,-0.0157114
1.519616e-07,-0.0188421
1.520116e-07,-0.0164803
1.520616e-07,-0.0173866
1.521116e-07,-0.0183477
1.521616e-07,-0.0101914
1.522116e-07,0.000326675
1.522616e-07,0.0110645
1.523116e-07,0.0209784
1.523616e-07,0.0211157
1.524116e-07,0.0110095
1.524616e-07,-0.000607046
1.525116e-07,-0.00544043
1.525616e-07,-0.00167808
1.526116e-07,0.00741197
1.526616e-07,0.0134812
1.527116e-07,0.0117236
1.527616e-07,0.013234
1.528116e-07,0.0207038
1.528616e-07,0.0212256
1.529116e-07,0.0181223
1.529616e-07,0.0225163
1.530116e-07,0.0225437
1.530616e-07,0.01068
1.531116e-07,0.00230397
1.531616e-07,0.00340246
1.532116e-07,0.00529737
1.532616e-07,0.000985772
1.533116e-07,-0.00428701
1.533616e-07,-0.00733533
1.534116e-07,-0.00879084
1.534616e-07,-0.00656638
1.535116e-07,-0.00857114
1.535616e-07,-0.00667623
1.536116e-07,0.0052699
1.536616e-07,0.0101857
1.537116e-07,0.00664302
1.537616e-07,0.00266098
1.538116e-07,0.00639586
1.538616e-07,0.0108722
1.539116e-07,0.000491449
1.539616e-07,-0.0067037
1.540116e-07,-0.000332422
1.540616e-07,0.0044735
1.541116e-07,0.0089224
1.541616e-07,0.019825
1.542116e-07,0.0269927
1.542616e-07,0.0222966
1.543116e-07,0.0201271
1.543616e-07,0.0203742
1.544116e-07,0.00768659
1.544616e-07,-0.000442272
1.545116e-07,0.00678034
1.545616e-07,0.0126573
1.546116e-07,0.017628
1.546616e-07,0.0207862
1.547116e-07,0.0137558
1.547616e-07,0.0111194
1.548116e-07,0.017271
1.548616e-07,0.0172984
1.549116e-07,0.0151014
1.549616e-07,0.0176005
1.550116e-07,0.0141952
1.550616e-07,0.00823584
1.551116e-07,0.0136734
1.551616e-07,0.0196053
1.552116e-07,0.0166943
1.552616e-07,0.0171886
1.553116e-07,0.0233402
1.553616e-07,0.0221318
1.554116e-07,0.0159253
1.554616e-07,0.0149367
1.555116e-07,0.0163922
1.555616e-07,0.0174907
1.556116e-07,0.0190286
1.556616e-07,0.0177378
1.557116e-07,0.0110919
1.557616e-07,0.00823584
1.558116e-07,0.0101857
1.558616e-07,0.0100484
1.559116e-07,0.0105152
1.559616e-07,0.00620363
1.560116e-07,0.000903385
1.560616e-07,0.00779644
1.561116e-07,0.0164196
1.561616e-07,0.0174907
1.562116e-07,0.0143874
1.562616e-07,0.00483051
1.563116e-07,-0.00502849
1.563616e-07,-0.00571505
1.564116e-07,-0.00409477
1.564616e-07,-0.00994426
1.565116e-07,-0.0215059
1.565616e-07,-0.0248289
1.566116e-07,-0.0163979
1.566616e-07,-0.00868099
1.567116e-07,-0.00269419
1.567616e-07,-8.52608e-05
1.568116e-07,-0.00623684
1.568616e-07,-0.0077198
1.569116e-07,-0.00502849
1.569616e-07,-0.0105484
1.570116e-07,-0.0138714
1.570616e-07,-0.0102463
1.571116e-07,-0.00313359
1.571616e-07,0.000326675
1.572116e-07,-0.00912039
1.572616e-07,-0.0154917
1.573116e-07,-0.0107407
1.573616e-07,-0.0083789
1.574116e-07,-0.0125806
1.574616e-07,-0.0218355
1.575116e-07,-0.0296623
1.575616e-07,-0.0281793
1.576116e-07,-0.0188421
1.576616e-07,-0.00662131
1.577116e-07,0.00392425
1.577616e-07,0.0108173
1.578116e-07,0.0147719
1.578616e-07,0.0129044
1.579116e-07,0.00428126
1.579616e-07,-0.00247449
1.580116e-07,-0.000359885
1.580616e-07,0.00543468
1.581116e-07,0.0027159
1.581616e-07,-0.00747264
1.582116e-07,-0.00741772
1.582616e-07,0.00164487
1.583116e-07,-0.00143092
1.583616e-07,-0.01302
1.584116e-07,-0.0133496
1.584616e-07,-0.00876338
1.585116e-07,-0.0113723
1.585616e-07,-0.00873591
1.586116e-07,0.00175472
1.586616e-07,0.000628761
1.587116e-07,-0.00763742
1.587616e-07,-0.00546789
1.588116e-07,0.00180964
1.588616e-07,0.00889494
1.589116e-07,0.0140029
1.589616e-07,0.0143325
1.590116e-07,0.0174083
1.590616e-07,0.0200721
1.591116e-07,0.0121904
1.591616e-07,-0.000799283
1.592116e-07,-0.013789
1.592616e-07,-0.0266139
1.593116e-07,-0.0327655
1.593616e-07,-0.0327106
1.594116e-07,-0.0318318
1.594616e-07,-0.0254605
1.595116e-07,-0.0120863
1.595616e-07,-0.00340821
1.596116e-07,-0.00099152
