LECROYWR640Zi,59892,Waveform
Segments,1,SegmentSize,4002
Segment,TrigTime,TimeSinceSegment1
#1,01-Nov-2023 13:36:59,0                 
Time,Ampl
-4.042614e-08,-0.00442432
-4.037614e-08,-0.00299627
-4.032614e-08,0.00304545
-4.027614e-08,-0.0028315
-4.022614e-08,-0.00934009
-4.017614e-08,-0.00225479
-4.012614e-08,-0.0056052
-4.007614e-08,-0.0206821
-4.002614e-08,-0.0175239
-3.997614e-08,-0.00338075
-3.992614e-08,0.00411648
-3.987614e-08,0.00716481
-3.982614e-08,0.0082633
-3.977614e-08,0.00966389
-3.972614e-08,0.00974627
-3.967614e-08,0.00785137
-3.962614e-08,0.000134438
-3.957614e-08,-0.0144481
-3.952614e-08,-0.0220277
-3.947614e-08,-0.0180182
-3.942614e-08,-0.0117568
-3.937614e-08,-0.0135968
-3.932614e-08,-0.0173316
-3.927614e-08,-0.00467148
-3.922614e-08,0.0119158
-3.917614e-08,0.0112842
-3.912614e-08,0.00595646
-3.907614e-08,0.00916956
-3.902614e-08,0.0126024
-3.897614e-08,0.00823584
-3.892614e-08,0.00342992
-3.887614e-08,0.00631348
-3.882614e-08,0.0103779
-3.877614e-08,0.0152388
-3.872614e-08,0.0184519
-3.867614e-08,0.0118609
-3.862614e-08,0.00386932
-3.857614e-08,-0.0030512
-3.852614e-08,-0.013075
-3.847614e-08,-0.0194462
-3.842614e-08,-0.0129377
-3.837614e-08,-0.000222573
-3.832614e-08,0.00257859
-3.827614e-08,0.00524244
-3.822614e-08,0.0116961
-3.817614e-08,0.00367709
-3.812614e-08,-0.00508342
-3.807614e-08,0.0031553
-3.802614e-08,0.0148543
-3.797614e-08,0.0187539
-3.792614e-08,0.0167766
-3.787614e-08,0.0152388
-3.782614e-08,0.0118883
-3.777614e-08,0.00672541
-3.772614e-08,0.00834569
-3.767614e-08,0.00969135
-3.762614e-08,0.0074669
-3.757614e-08,0.00886748
-3.752614e-08,0.00743943
-3.747614e-08,0.00329261
-3.742614e-08,0.00606631
-3.737614e-08,0.00628601
-3.732614e-08,-0.00236464
-3.727614e-08,-0.00807682
-3.722614e-08,-0.0058249
-3.717614e-08,0.00329261
-3.712614e-08,0.0108173
-3.707614e-08,0.0134262
-3.702614e-08,0.0189462
-3.697614e-08,0.0174907
-3.692614e-08,0.00801614
-3.687614e-08,0.00340246
-3.682614e-08,0.00180964
-3.677614e-08,-0.00178793
-3.672614e-08,-0.00697832
-3.667614e-08,-0.00302374
-3.662614e-08,0.00252367
-3.657614e-08,-0.0023921
-3.652614e-08,-0.00143092
-3.647614e-08,0.00370455
-3.642614e-08,0.00279829
-3.637614e-08,-0.00579744
-3.632614e-08,-0.0206271
-3.627614e-08,-0.0185674
-3.622614e-08,-0.00181539
-3.617614e-08,0.0029356
-3.612614e-08,0.00400663
-3.607614e-08,0.0105701
-3.602614e-08,0.00812599
-3.597614e-08,0.00252367
-3.592614e-08,0.00342992
-3.587614e-08,0.000518912
-3.582614e-08,-0.00387507
-3.577614e-08,-0.000744358
-3.572614e-08,0.0024962
-3.567614e-08,0.000875923
-3.562614e-08,0.00364962
-3.557614e-08,0.00993851
-3.552614e-08,0.00590154
-3.547614e-08,-0.00480879
-3.542614e-08,-0.00296881
-3.537614e-08,0.00905971
-3.532614e-08,0.00963642
-3.527614e-08,0.00919703
-3.522614e-08,0.0210059
-3.517614e-08,0.0209235
-3.512614e-08,0.0109546
-3.507614e-08,0.013948
-3.502614e-08,0.0221593
-3.497614e-08,0.0213903
-3.492614e-08,0.0126298
-3.487614e-08,0.00771406
-3.482614e-08,0.0108173
-3.477614e-08,0.0156781
-3.472614e-08,0.0188363
-3.467614e-08,0.0189187
-3.462614e-08,0.0133988
-3.457614e-08,0.00169979
-3.452614e-08,-0.00585236
-3.447614e-08,-5.77984e-05
-3.442614e-08,0.00823584
-3.437614e-08,0.00768659
-3.432614e-08,0.00837315
-3.427614e-08,0.0166943
-3.422614e-08,0.021967
-3.417614e-08,0.0203468
-3.412614e-08,0.0129594
-3.407614e-08,0.00274337
-3.402614e-08,-0.000716896
-3.397614e-08,0.00370455
-3.392614e-08,0.00348485
-3.387614e-08,-0.0034906
-3.382614e-08,-0.00181539
-3.377614e-08,0.0116412
-3.372614e-08,0.0217473
-3.367614e-08,0.0218846
-3.362614e-08,0.024878
-3.357614e-08,0.0335287
-3.352614e-08,0.0342153
-3.347614e-08,0.0269652
-3.342614e-08,0.0243837
-3.337614e-08,0.0313592
-3.332614e-08,0.0335562
-3.327614e-08,0.0222691
-3.322614e-08,0.00999344
-3.317614e-08,-0.00244703
-3.312614e-08,-0.0154093
-3.307614e-08,-0.0163705
-3.302614e-08,-0.0113998
-3.297614e-08,-0.0094774
-3.292614e-08,-0.00703324
-3.287614e-08,-0.00596221
-3.282614e-08,-0.00944993
-3.277614e-08,-0.01486
-3.272614e-08,-0.00986187
-3.267614e-08,0.00340246
-3.262614e-08,0.00373201
-3.257614e-08,-0.00269419
-3.252614e-08,0.000738611
-3.247614e-08,0.00433618
-3.242614e-08,0.00488543
-3.237614e-08,0.00993851
-3.232614e-08,0.0162549
-3.227614e-08,0.0161175
-3.222614e-08,0.00625855
-3.217614e-08,-0.000689433
-3.212614e-08,0.00137025
-3.207614e-08,-0.00118376
-3.202614e-08,-0.00524819
-3.197614e-08,0.000216825
-3.192614e-08,0.0029356
-3.187614e-08,-0.0028315
-3.182614e-08,2.45887e-05
-3.177614e-08,0.00900479
-3.172614e-08,0.0052699
-3.167614e-08,-0.00393
-3.162614e-08,-0.00159569
-3.157614e-08,0.0054896
-3.152614e-08,0.0101033
-3.147614e-08,0.0166943
-3.142614e-08,0.0237521
-3.137614e-08,0.0235324
-3.132614e-08,0.0135635
-3.127614e-08,0.00721973
-3.122614e-08,0.00738451
-3.117614e-08,0.00436365
-3.112614e-08,0.0052699
-3.107614e-08,0.0108997
-3.102614e-08,0.013234
-3.097614e-08,0.0173808
-3.092614e-08,0.02529
-3.087614e-08,0.031881
-3.082614e-08,0.0335836
-3.077614e-08,0.0322654
-3.072614e-08,0.0297938
-3.067614e-08,0.0238894
-3.062614e-08,0.0209784
-3.057614e-08,0.0163647
-3.052614e-08,0.00323769
-3.047614e-08,-0.00461655
-3.042614e-08,-0.00667623
-3.037614e-08,-0.00719802
-3.032614e-08,-0.0026118
-3.027614e-08,0.000463987
-3.022614e-08,0.00213919
-3.017614e-08,0.00683526
-3.012614e-08,0.00930688
-3.007614e-08,0.00535229
-3.002614e-08,0.00131532
-2.997614e-08,0.00408902
-2.992614e-08,0.00191949
-2.987614e-08,-0.0077198
-2.982614e-08,-0.00609952
-2.977614e-08,0.000106976
-2.972614e-08,-0.00428701
-2.967614e-08,-0.00857114
-2.962614e-08,-0.00420462
-2.957614e-08,0.00441857
-2.952614e-08,0.00949911
-2.947614e-08,0.0107349
-2.942614e-08,0.00889494
-2.937614e-08,2.45887e-05
-2.932614e-08,-0.00263926
-2.927614e-08,0.00296306
-2.922614e-08,0.00213919
-2.917614e-08,0.00120547
-2.912614e-08,0.00310038
-2.907614e-08,0.00304545
-2.902614e-08,0.00485797
-2.897614e-08,0.00428126
-2.892614e-08,0.00142517
-2.887614e-08,0.00183711
-2.882614e-08,0.00112308
-2.877614e-08,-0.00263926
-2.872614e-08,-0.00439686
-2.867614e-08,-0.00019511
-2.862614e-08,-0.00170554
-2.857614e-08,-0.0118392
-2.852614e-08,-0.0109054
-2.847614e-08,-0.00387507
-2.842614e-08,-0.00250195
-2.837614e-08,0.00257859
-2.832614e-08,0.00507767
-2.827614e-08,-0.00634669
-2.822614e-08,-0.0134594
-2.817614e-08,-0.00357298
-2.812614e-08,0.00488543
-2.807614e-08,0.00754928
-2.802614e-08,0.0157331
-2.797614e-08,0.0207862
-2.792614e-08,0.0151014
-2.787614e-08,0.00829077
-2.782614e-08,0.00546214
-2.777614e-08,0.000216825
-2.772614e-08,-0.00835144
-2.767614e-08,-0.0121412
-2.762614e-08,-0.0123609
-2.757614e-08,-0.0176337
-2.752614e-08,-0.0237304
-2.747614e-08,-0.0199131
-2.742614e-08,-0.0131299
-2.737614e-08,-0.0132123
-2.732614e-08,-0.0131848
-2.727614e-08,-0.00714309
-2.722614e-08,0.00106816
-2.717614e-08,0.00650571
-2.712614e-08,0.00823584
-2.707614e-08,0.00897733
-2.702614e-08,0.0107898
-2.697614e-08,0.00930688
-2.692614e-08,-5.77984e-05
-2.687614e-08,-0.00634669
-2.682614e-08,-0.006484
-2.677614e-08,-0.0138165
-2.672614e-08,-0.0209567
-2.667614e-08,-0.0188695
-2.662614e-08,-0.0182379
-2.657614e-08,-0.0165078
-2.652614e-08,-0.00931262
-2.647614e-08,-0.0110977
-2.642614e-08,-0.0182379
-2.637614e-08,-0.0107132
-2.632614e-08,0.00153502
-2.627614e-08,0.00689019
-2.622614e-08,0.0168041
-2.617614e-08,0.0182322
-2.612614e-08,0.000985772
-2.607614e-08,-0.00799443
-2.602614e-08,-0.00203509
-2.597614e-08,-0.00313359
-2.592614e-08,-0.0110153
-2.587614e-08,-0.0104386
-2.582614e-08,-0.00585236
-2.577614e-08,-0.00612699
-2.572614e-08,-0.00568759
-2.567614e-08,-0.000222573
-2.562614e-08,0.00202934
-2.557614e-08,0.000134438
-2.552614e-08,0.00647825
-2.547614e-08,0.0145522
-2.542614e-08,0.0133713
-2.537614e-08,0.0109546
-2.532614e-08,0.00502274
-2.527614e-08,-0.00684101
-2.522614e-08,-0.0085986
-2.517614e-08,-0.00099152
-2.512614e-08,0.000875923
-2.507614e-08,-0.0030512
-2.502614e-08,-0.00942247
-2.497614e-08,-0.0148326
-2.492614e-08,-0.00994426
-2.487614e-08,0.00299053
-2.482614e-08,0.0107349
-2.477614e-08,0.00897733
-2.472614e-08,0.00689019
-2.467614e-08,0.00790629
-2.462614e-08,0.00304545
-2.457614e-08,-0.00598967
-2.452614e-08,-0.00557774
-2.447614e-08,-0.00099152
-2.442614e-08,-0.00788458
-2.437614e-08,-0.0129102
-2.432614e-08,-0.00752757
-2.427614e-08,-0.0124708
-2.422614e-08,-0.0196934
-2.417614e-08,-0.0110702
-2.412614e-08,-0.0062643
-2.407614e-08,-0.0111526
-2.402614e-08,-0.00557774
-2.397614e-08,0.0061487
-2.392614e-08,0.00738451
-2.387614e-08,0.00222158
-2.382614e-08,0.00480304
-2.377614e-08,0.0148268
-2.372614e-08,0.0216375
-2.367614e-08,0.0208136
-2.362614e-08,0.0161725
-2.357614e-08,0.0151289
-2.352614e-08,0.0167492
-2.347614e-08,0.0181498
-2.342614e-08,0.0215002
-2.337614e-08,0.0144698
-2.332614e-08,-0.0047264
-2.327614e-08,-0.0113174
-2.322614e-08,-0.00453417
-2.317614e-08,-0.00187032
-2.312614e-08,0.00178218
-2.307614e-08,0.00897733
-2.302614e-08,0.00609378
-2.297614e-08,0.000189363
-2.292614e-08,0.00738451
-2.287614e-08,0.0183145
-2.282614e-08,0.0227085
-2.277614e-08,0.0224614
-2.272614e-08,0.0169689
-2.267614e-08,0.0132615
-2.262614e-08,0.0141403
-2.257614e-08,0.00905971
-2.252614e-08,0.00263352
-2.247614e-08,0.00117801
-2.242614e-08,-0.000250035
-2.237614e-08,-0.00184285
-2.232614e-08,-0.00747264
-2.227614e-08,-0.00766488
-2.222614e-08,0.00441857
-2.217614e-08,0.00903225
-2.212614e-08,0.00903225
-2.207614e-08,0.0166668
-2.202614e-08,0.0221867
-2.197614e-08,0.0227909
-2.192614e-08,0.0200447
-2.187614e-08,0.00801614
-2.182614e-08,-0.00662131
-2.177614e-08,-0.0100541
-2.172614e-08,-0.0120863
-2.167614e-08,-0.0227967
-2.162614e-08,-0.0248289
-2.157614e-08,-0.0188695
-2.152614e-08,-0.021451
-2.147614e-08,-0.0224396
-2.142614e-08,-0.017469
-2.137614e-08,-0.0142833
-2.132614e-08,-0.00796697
-2.127614e-08,-0.00310612
-2.122614e-08,-0.00717056
-2.117614e-08,-0.00434193
-2.112614e-08,0.00867524
-2.107614e-08,0.0172984
-2.102614e-08,0.0284207
-2.097614e-08,0.03806
-2.092614e-08,0.0317711
-2.087614e-08,0.0303156
-2.082614e-08,0.0399824
-2.077614e-08,0.0360827
-2.072614e-08,0.0238345
-2.067614e-08,0.0176829
-2.062614e-08,0.0144973
-2.057614e-08,0.0139755
-2.052614e-08,0.00721973
-2.047614e-08,-0.00129361
-2.042614e-08,0.00321023
-2.037614e-08,0.005929
-2.032614e-08,0.00340246
-2.027614e-08,0.00785137
-2.022614e-08,0.0181772
-2.017614e-08,0.0338033
-2.012614e-08,0.0378678
-2.007614e-08,0.0221318
-2.002614e-08,0.0152388
-1.997614e-08,0.0199897
-1.992614e-08,0.0165569
-1.987614e-08,0.00963642
-1.982614e-08,0.00200188
-1.977614e-08,-0.00436939
-1.972614e-08,-0.00230971
-1.967614e-08,-0.000442272
-1.962614e-08,0.0003816
-1.957614e-08,0.00647825
-1.952614e-08,0.00969135
-1.947614e-08,0.00873017
-1.942614e-08,0.00683526
-1.937614e-08,0.0057093
-1.932614e-08,0.0105701
-1.927614e-08,0.0146071
-1.922614e-08,0.0126024
-1.917614e-08,0.0123277
-1.912614e-08,0.00829077
-1.907614e-08,-0.0030512
-1.902614e-08,-0.0051658
-1.897614e-08,-0.00332582
-1.892614e-08,-0.00450671
-1.887614e-08,0.00318276
-1.882614e-08,0.00732958
-1.877614e-08,0.00535229
-1.872614e-08,0.012163
-1.867614e-08,0.0147994
-1.862614e-08,0.0107349
-1.857614e-08,0.00999344
-1.852614e-08,0.00180964
-1.847614e-08,-0.0060446
-1.842614e-08,-0.00302374
-1.837614e-08,-0.0034906
-1.832614e-08,-0.00214494
-1.827614e-08,0.00158994
-1.822614e-08,-0.00483625
-1.817614e-08,-0.00620937
-1.812614e-08,-0.00170554
-1.807614e-08,-0.00252941
-1.802614e-08,0.00139771
-1.797614e-08,0.00620363
-1.792614e-08,0.00205681
-1.787614e-08,-0.00741772
-1.782614e-08,-0.0145579
-1.777614e-08,-0.0128827
-1.772614e-08,-0.00722548
-1.767614e-08,-0.0026118
-1.762614e-08,-0.00258434
-1.757614e-08,-0.00598967
-1.752614e-08,-0.00637415
-1.747614e-08,-0.00673116
-1.742614e-08,-0.00288642
-1.737614e-08,0.00279829
-1.732614e-08,-0.00469894
-1.727614e-08,-0.00958725
-1.722614e-08,0.00197442
-1.717614e-08,0.0087027
-1.712614e-08,0.00757675
-1.707614e-08,0.005929
-1.702614e-08,-0.00252941
-1.697614e-08,-0.00774727
-1.692614e-08,-0.00335328
-1.687614e-08,0.00200188
-1.682614e-08,0.00568184
-1.677614e-08,0.00521498
-1.672614e-08,-0.00332582
-1.667614e-08,-0.0135968
-1.662614e-08,-0.00986187
-1.657614e-08,0.00123293
-1.652614e-08,0.00137025
-1.647614e-08,-0.00030496
-1.642614e-08,0.00392425
-1.637614e-08,0.00749436
-1.632614e-08,0.0152662
-1.627614e-08,0.0276792
-1.622614e-08,0.0354236
-1.617614e-08,0.0414104
-1.612614e-08,0.0504181
-1.607614e-08,0.0514891
-1.602614e-08,0.0375107
-1.597614e-08,0.0224888
-1.592614e-08,0.0154859
-1.587614e-08,0.0093618
-1.582614e-08,0.0031553
-1.577614e-08,-0.00167808
-1.572614e-08,-0.0126081
-1.567614e-08,-0.0230438
-1.562614e-08,-0.0213137
-1.557614e-08,-0.0152994
-1.552614e-08,-0.0120314
-1.547614e-08,-0.0111801
-1.542614e-08,-0.0118941
-1.537614e-08,-0.0105484
-1.532614e-08,-0.00530311
-1.527614e-08,0.0044735
-1.522614e-08,0.0107898
-1.517614e-08,0.0126847
-1.512614e-08,0.0237246
-1.507614e-08,0.0342702
-1.502614e-08,0.0340779
-1.497614e-08,0.0333639
-1.492614e-08,0.0306177
-1.487614e-08,0.0264159
-1.482614e-08,0.0280088
-1.477614e-08,0.0269103
-1.472614e-08,0.0164746
-1.467614e-08,0.00532483
-1.462614e-08,-0.00310612
-1.457614e-08,-0.00802189
-1.452614e-08,-0.00379268
-1.447614e-08,0.00219412
-1.442614e-08,0.0065881
-1.437614e-08,0.0107075
-1.432614e-08,0.00524244
-1.427614e-08,-0.00222733
-1.422614e-08,0.000134438
-1.417614e-08,0.00205681
-1.412614e-08,0.0003816
-1.407614e-08,0.00551707
-1.402614e-08,0.013234
-1.397614e-08,0.0149367
-1.392614e-08,0.0127671
-1.387614e-08,0.0101582
-1.382614e-08,0.014305
-1.377614e-08,0.0161725
-1.372614e-08,0.00304545
-1.367614e-08,-0.00469894
-1.362614e-08,-0.00593475
-1.357614e-08,-0.0133771
-1.352614e-08,-0.0103837
-1.347614e-08,-0.00840636
-1.342614e-08,-0.0217805
-1.337614e-08,-0.0250211
-1.332614e-08,-0.01854
-1.327614e-08,-0.0187597
-1.322614e-08,-0.0122511
-1.317614e-08,0.00908718
-1.312614e-08,0.0204566
-1.307614e-08,0.0101582
-1.302614e-08,0.00167233
-1.297614e-08,0.00732958
-1.292614e-08,0.0177928
-1.287614e-08,0.0194405
-1.282614e-08,0.0126298
-1.277614e-08,0.0112018
-1.272614e-08,0.0151289
-1.267614e-08,0.0196053
-1.262614e-08,0.0204841
-1.257614e-08,0.0105427
-1.252614e-08,-0.00338075
-1.247614e-08,-0.0109878
-1.242614e-08,-0.00752757
-1.237614e-08,0.0042538
-1.232614e-08,0.0134812
-1.227614e-08,0.0193581
-1.222614e-08,0.0224888
-1.217614e-08,0.0175456
-1.212614e-08,0.00669795
-1.207614e-08,-0.00321597
-1.202614e-08,-0.0069234
-1.197614e-08,-0.00988933
-1.192614e-08,-0.0155191
-1.187614e-08,-0.0142009
-1.182614e-08,-0.0103837
-1.177614e-08,-0.0144206
-1.172614e-08,-0.018183
-1.167614e-08,-0.015272
-1.162614e-08,-0.0125257
-1.157614e-08,-0.011592
-1.152614e-08,-0.00848875
-1.147614e-08,-0.00854368
-1.142614e-08,-0.0132947
-1.137614e-08,-0.0157937
-1.132614e-08,-0.0133496
-1.127614e-08,-0.0023921
-1.122614e-08,0.00650571
-1.117614e-08,0.00373201
-1.112614e-08,0.00419887
-1.107614e-08,0.00732958
-1.102614e-08,0.00137025
-1.097614e-08,-0.00887322
-1.092614e-08,-0.013432
-1.087614e-08,-0.00642907
-1.082614e-08,0.0022765
-1.077614e-08,7.95135e-05
-1.072614e-08,-0.00414969
-1.067614e-08,0.00123293
-1.062614e-08,0.00562692
-1.057614e-08,-0.000552121
-1.052614e-08,-0.00695086
-1.047614e-08,-0.00796697
-1.042614e-08,-0.0124983
-1.037614e-08,-0.0154917
-1.032614e-08,-0.00651146
-1.027614e-08,0.00131532
-1.022614e-08,0.00551707
-1.017614e-08,0.0131241
-1.012614e-08,0.0122728
-1.007614e-08,0.00675287
-1.002614e-08,0.00656064
-9.976142e-09,0.00411648
-9.926142e-09,0.00263352
-9.876142e-09,0.0024962
-9.826142e-09,-0.00310612
-9.776142e-09,-0.00571505
-9.726142e-09,-0.00566013
-9.676142e-09,-0.00664877
-9.626142e-09,-0.00107391
-9.576142e-09,0.00441857
-9.526142e-09,0.00084846
-9.476142e-09,-0.0030512
-9.426142e-09,-0.0015133
-9.376142e-09,0.00299053
-9.326142e-09,0.00639586
-9.276142e-09,0.00106816
-9.226142e-09,-0.00566013
-9.176142e-09,-3.03361e-05
-9.126142e-09,0.00840062
-9.076142e-09,0.0129868
-9.026142e-09,0.0227909
-8.976142e-09,0.0283658
-8.926142e-09,0.0191109
-8.876142e-09,0.0130143
-8.826142e-09,0.0224064
-8.776142e-09,0.0278714
-8.726142e-09,0.0169963
-8.676142e-09,0.00796122
-8.626142e-09,0.0116137
-8.576142e-09,0.0166943
-8.526142e-09,0.0199897
-8.476142e-09,0.0229557
-8.426142e-09,0.0197975
-8.376142e-09,0.0184519
-8.326142e-09,0.0269927
-8.276142e-09,0.0330618
-8.226142e-09,0.030041
-8.176142e-09,0.0222966
-8.126142e-09,0.0156781
-8.076142e-09,0.0161175
-8.026142e-09,0.0157331
-7.976142e-09,0.00859285
-7.926142e-09,0.00439111
-7.876142e-09,0.00378694
-7.826142e-09,0.00601139
-7.776142e-09,0.0156232
-7.726142e-09,0.0170787
-7.676142e-09,0.00565438
-7.626142e-09,0.00183711
-7.576142e-09,0.00469319
-7.526142e-09,0.00590154
-7.476142e-09,0.00757675
-7.426142e-09,0.00631348
-7.376142e-09,0.00669795
-7.326142e-09,0.0113666
-7.276142e-09,0.00988359
-7.226142e-09,0.00675287
-7.176142e-09,0.0106525
-7.126142e-09,0.0127946
-7.076142e-09,0.0107075
-7.026142e-09,0.0158978
-6.976142e-09,0.0246034
-6.926142e-09,0.0239993
-6.876142e-09,0.0215276
-6.826142e-09,0.0268828
-6.776142e-09,0.0302881
-6.726142e-09,0.0224339
-6.676142e-09,0.00765913
-6.626142e-09,-0.00497357
-6.576142e-09,-0.00777473
-6.526142e-09,-0.00568759
-6.476142e-09,-0.00706071
-6.426142e-09,-0.00623684
-6.376142e-09,-0.000799283
-6.326142e-09,0.0063684
-6.276142e-09,0.0104603
-6.226142e-09,0.00653317
-6.176142e-09,-0.00335328
-6.126142e-09,-0.0154642
-6.076142e-09,-0.0157937
-6.026142e-09,-0.00574251
-5.976142e-09,-0.00343567
-5.926142e-09,-0.00695086
-5.876142e-09,-0.011235
-5.826142e-09,-0.0124433
-5.776142e-09,-0.00782965
-5.726142e-09,-0.00118376
-5.676142e-09,0.00417141
-5.626142e-09,-0.000689433
-5.576142e-09,-0.00986187
-5.526142e-09,-0.00785712
-5.476142e-09,-0.00321597
-5.426142e-09,-0.00132107
-5.376142e-09,0.00362216
-5.326142e-09,0.00150756
-5.276142e-09,-0.00486372
-5.226142e-09,-0.00395746
-5.176142e-09,-0.00700578
-5.126142e-09,-0.014503
-5.076142e-09,-0.00958725
-5.026142e-09,0.00513259
-4.976142e-09,0.0137283
-4.926142e-09,0.0148543
-4.876142e-09,0.0203742
-4.826142e-09,0.0291347
-4.776142e-09,0.0310571
-4.726142e-09,0.0270476
-4.676142e-09,0.0207038
-4.626142e-09,0.0177653
-4.576142e-09,0.0167492
-4.526142e-09,0.00952657
-4.476142e-09,0.00815346
-4.426142e-09,0.0158429
-4.376142e-09,0.0082633
-4.326142e-09,-0.0115096
-4.276142e-09,-0.0117568
-4.226142e-09,-0.000442272
-4.176142e-09,-0.000442272
-4.126142e-09,-0.00101898
-4.076142e-09,0.00510513
-4.026142e-09,0.0106251
-3.976142e-09,0.0106251
-3.926142e-09,0.00859285
-3.876142e-09,0.0105427
-3.826142e-09,0.0101307
-3.776142e-09,0.00408902
-3.726142e-09,-0.00258434
-3.676142e-09,-0.00478133
-3.626142e-09,-0.00101898
-3.576142e-09,-8.52608e-05
-3.526142e-09,-0.000359885
-3.476142e-09,0.00760421
-3.426142e-09,0.0150465
-3.376142e-09,0.0163647
-3.326142e-09,0.0188089
-3.276142e-09,0.0198799
-3.226142e-09,0.0232028
-3.176142e-09,0.0281186
-3.126142e-09,0.0183969
-3.076142e-09,0.00672541
-3.026142e-09,0.00428126
-2.976142e-09,-0.00302374
-2.926142e-09,-0.00832398
-2.876142e-09,-0.00785712
-2.826142e-09,-0.015574
-2.776142e-09,-0.0204898
-2.726142e-09,-0.0137066
-2.676142e-09,-0.00950486
-2.626142e-09,-0.00587982
-2.576142e-09,0.000354137
-2.526142e-09,0.00510513
-2.476142e-09,0.00985612
-2.426142e-09,0.0124925
-2.376142e-09,0.0160626
-2.326142e-09,0.0194405
-2.276142e-09,0.0174357
-2.226142e-09,0.0148543
-2.176142e-09,0.0131516
-2.126142e-09,0.00491289
-2.076142e-09,-0.00760996
-2.026142e-09,-0.00958725
-1.976142e-09,-0.00181539
-1.926142e-09,0.00458335
-1.876142e-09,0.00598393
-1.826142e-09,0.00458335
-1.776142e-09,0.0087027
-1.726142e-09,0.0160352
-1.676142e-09,0.018342
-1.626142e-09,0.0190011
-1.576142e-09,0.0169963
-1.526142e-09,0.00642333
-1.476142e-09,-0.00313359
-1.426142e-09,0.00351231
-1.376142e-09,0.0154035
-1.326142e-09,0.0145522
-1.276142e-09,0.0141952
-1.226142e-09,0.0222142
-1.176142e-09,0.0244387
-1.126142e-09,0.0191109
-1.076142e-09,0.00881255
-1.026142e-09,-0.00596221
-9.761425e-10,-0.0153818
-9.261425e-10,-0.0125532
-8.761425e-10,-0.00752757
-8.261425e-10,-0.011949
-7.761425e-10,-0.0162331
-7.261425e-10,-0.0102463
-6.761425e-10,-0.00307866
-6.261425e-10,-0.00154077
-5.761425e-10,-0.000854208
-5.261425e-10,0.00348485
-4.761425e-10,0.00763167
-4.261425e-10,0.00537975
-3.761425e-10,0.00540722
-3.261425e-10,0.01252
-2.761425e-10,0.0126298
-2.261425e-10,0.0146895
-1.761425e-10,0.0337209
-1.261425e-10,0.0591236
-7.614248e-11,0.0917215
-2.614248e-11,0.135551
2.385752e-11,0.187648
7.385752e-11,0.254876
1.238575e-10,0.340915
1.738575e-10,0.441537
2.238575e-10,0.551112
2.738575e-10,0.658655
3.238575e-10,0.753785
3.738575e-10,0.8284
4.238575e-10,0.873438
4.738575e-10,0.899088
5.238575e-10,0.918834
5.738575e-10,0.92158
6.238575e-10,0.905157
6.738575e-10,0.898704
7.238575e-10,0.916417
7.738575e-10,0.932482
8.238575e-10,0.933471
8.738575e-10,0.938936
9.238575e-10,0.954397
9.738575e-10,0.957006
1.023858e-09,0.942836
1.073858e-09,0.935394
1.123858e-09,0.939348
1.173858e-09,0.942836
1.223858e-09,0.93814
1.273858e-09,0.926825
1.323858e-09,0.921745
1.373858e-09,0.918532
1.423858e-09,0.9048
1.473858e-09,0.892278
1.523858e-09,0.879892
1.573858e-09,0.852732
1.623858e-09,0.829224
1.673858e-09,0.820711
1.723858e-09,0.812719
1.773858e-09,0.807584
1.823858e-09,0.806485
1.873858e-09,0.804947
1.923858e-09,0.805524
1.973858e-09,0.799235
2.023858e-09,0.786547
2.073858e-09,0.783636
2.123858e-09,0.786575
2.173858e-09,0.783719
2.223858e-09,0.775755
2.273858e-09,0.766143
2.323858e-09,0.750434
2.373858e-09,0.730469
2.423858e-09,0.719292
2.473858e-09,0.707703
2.523858e-09,0.685486
2.573858e-09,0.667168
2.623858e-09,0.654234
2.673858e-09,0.643606
2.723858e-09,0.644512
2.773858e-09,0.643358
2.823858e-09,0.627156
2.873858e-09,0.617599
2.923858e-09,0.617489
2.973858e-09,0.612408
3.023858e-09,0.615155
3.073858e-09,0.62754
3.123858e-09,0.632401
3.173858e-09,0.626277
3.223858e-09,0.618807
3.273858e-09,0.615951
3.323858e-09,0.616116
3.373858e-09,0.622762
3.423858e-09,0.623531
3.473858e-09,0.61109
3.523858e-09,0.607355
3.573858e-09,0.607273
3.623858e-09,0.60038
3.673858e-09,0.593734
3.723858e-09,0.581348
3.773858e-09,0.567343
3.823858e-09,0.554435
3.873858e-09,0.53458
3.923858e-09,0.517031
3.973858e-09,0.514175
4.023858e-09,0.519613
4.073858e-09,0.524831
4.123858e-09,0.524529
4.173858e-09,0.510441
4.223858e-09,0.498659
4.273858e-09,0.502861
4.323858e-09,0.502888
4.373858e-09,0.49421
4.423858e-09,0.484873
4.473858e-09,0.471389
4.523858e-09,0.45774
4.573858e-09,0.451287
4.623858e-09,0.450627
4.673858e-09,0.445684
4.723858e-09,0.436539
4.773858e-09,0.429893
4.823858e-09,0.426763
4.873858e-09,0.431047
4.923858e-09,0.433134
4.973858e-09,0.423495
5.023858e-09,0.412784
5.073858e-09,0.411439
5.123858e-09,0.418716
5.173858e-09,0.423714
5.223858e-09,0.431431
5.273858e-09,0.442993
5.323858e-09,0.429399
5.373858e-09,0.398998
5.423858e-09,0.381999
5.473858e-09,0.368515
5.523858e-09,0.352724
5.573858e-09,0.342069
5.623858e-09,0.333857
5.673858e-09,0.337894
5.723858e-09,0.356514
5.773858e-09,0.364148
5.823858e-09,0.361265
5.873858e-09,0.373568
5.923858e-09,0.386228
5.973858e-09,0.379006
6.023858e-09,0.374364
6.073858e-09,0.373238
6.123858e-09,0.366455
6.173858e-09,0.370767
6.223858e-09,0.367801
6.273858e-09,0.349621
6.323858e-09,0.344266
6.373858e-09,0.339652
6.423858e-09,0.331715
6.473858e-09,0.338087
6.523858e-09,0.343277
6.573858e-09,0.335642
6.623858e-09,0.325536
6.673858e-09,0.322406
6.723858e-09,0.322927
6.773858e-09,0.321719
6.823858e-09,0.320401
6.873858e-09,0.31727
6.923858e-09,0.312409
6.973858e-09,0.305901
7.023858e-09,0.295355
7.073858e-09,0.28632
7.123858e-09,0.278438
7.173858e-09,0.259627
7.223858e-09,0.238288
7.273858e-09,0.236256
7.323858e-09,0.247955
7.373858e-09,0.258061
7.423858e-09,0.264487
7.473858e-09,0.264927
7.523858e-09,0.262867
7.573858e-09,0.263609
7.623858e-09,0.261659
7.673858e-09,0.255699
7.723858e-09,0.250866
7.773858e-09,0.243122
7.823858e-09,0.23145
7.873858e-09,0.22247
7.923858e-09,0.212281
7.973858e-09,0.19833
8.023858e-09,0.190394
8.073858e-09,0.199182
8.123858e-09,0.211595
8.173858e-09,0.210853
8.223858e-09,0.207064
8.273858e-09,0.207091
8.323858e-09,0.209892
8.373858e-09,0.21132
8.423858e-09,0.203027
8.473858e-09,0.195117
8.523858e-09,0.203576
8.573858e-09,0.213545
8.623858e-09,0.20624
8.673858e-09,0.198358
8.723858e-09,0.199264
8.773858e-09,0.196463
8.823858e-09,0.193689
8.873858e-09,0.197424
8.923858e-09,0.196436
8.973858e-09,0.183226
9.023858e-09,0.17106
9.073858e-09,0.174164
9.123858e-09,0.187043
9.173858e-09,0.194074
9.223858e-09,0.186384
9.273858e-09,0.171802
9.323858e-09,0.167957
9.373858e-09,0.175949
9.423858e-09,0.176498
9.473858e-09,0.168699
9.523858e-09,0.171472
9.573858e-09,0.175482
9.623858e-09,0.168699
9.673858e-09,0.170236
9.723858e-09,0.182732
9.773858e-09,0.187675
9.823858e-09,0.180123
9.873858e-09,0.166721
9.923858e-09,0.159389
9.973858e-09,0.161641
1.002386e-08,0.16436
1.007386e-08,0.159416
1.012386e-08,0.149804
1.017386e-08,0.145932
1.022386e-08,0.145932
1.027386e-08,0.146811
1.032386e-08,0.144916
1.037386e-08,0.136705
1.042386e-08,0.132338
1.047386e-08,0.127972
1.052386e-08,0.117728
1.057386e-08,0.114845
1.062386e-08,0.127917
1.067386e-08,0.149475
1.072386e-08,0.159169
1.077386e-08,0.143461
1.082386e-08,0.123056
1.087386e-08,0.127725
1.092386e-08,0.130471
1.097386e-08,0.105727
1.102386e-08,0.09098
1.107386e-08,0.0965549
1.112386e-08,0.0999602
1.117386e-08,0.105974
1.122386e-08,0.119541
1.127386e-08,0.126791
1.132386e-08,0.115147
1.137386e-08,0.10029
1.142386e-08,0.0985322
1.147386e-08,0.0949071
1.152386e-08,0.0929848
1.157386e-08,0.102734
1.162386e-08,0.104849
1.167386e-08,0.099768
1.172386e-08,0.101443
1.177386e-08,0.0991363
1.182386e-08,0.0937537
1.187386e-08,0.101251
1.192386e-08,0.102569
1.197386e-08,0.084032
1.202386e-08,0.072031
1.207386e-08,0.0670054
1.212386e-08,0.0549768
1.217386e-08,0.0506378
1.222386e-08,0.056652
1.227386e-08,0.0594807
1.232386e-08,0.0601398
1.237386e-08,0.0654949
1.242386e-08,0.0714268
1.247386e-08,0.0701635
1.252386e-08,0.0690376
1.257386e-08,0.0714268
1.262386e-08,0.0710698
1.267386e-08,0.0722781
1.272386e-08,0.0702734
1.277386e-08,0.0576681
1.282386e-08,0.0472324
1.287386e-08,0.0480288
1.292386e-08,0.0511046
1.297386e-08,0.0491548
1.302386e-08,0.0507751
1.307386e-08,0.0581625
1.312386e-08,0.0602221
1.317386e-08,0.0598651
1.322386e-08,0.0678018
1.327386e-08,0.0776608
1.332386e-08,0.0795831
1.337386e-08,0.0776333
1.342386e-08,0.0714268
1.347386e-08,0.0647534
1.352386e-08,0.0622269
1.357386e-08,0.0532192
1.362386e-08,0.0452826
1.367386e-08,0.0500611
1.372386e-08,0.0567619
1.377386e-08,0.05451
1.382386e-08,0.0466832
1.387386e-08,0.043882
1.392386e-08,0.0501434
1.397386e-08,0.0554986
1.402386e-08,0.0523404
1.407386e-08,0.0556908
1.412386e-08,0.0661266
1.417386e-08,0.0682686
1.422386e-08,0.0660716
1.427386e-08,0.0609911
1.432386e-08,0.0537959
1.437386e-08,0.0520384
1.442386e-08,0.0473423
1.447386e-08,0.0303156
1.452386e-08,0.0148543
1.457386e-08,0.0130967
1.462386e-08,0.0181223
1.467386e-08,0.0267455
1.472386e-08,0.0388839
1.477386e-08,0.0481387
1.482386e-08,0.0536861
1.487386e-08,0.0635726
1.492386e-08,0.0750793
1.497386e-08,0.0805718
1.502386e-08,0.0856798
1.507386e-08,0.0876571
1.512386e-08,0.0784572
1.517386e-08,0.0714268
1.522386e-08,0.071619
1.527386e-08,0.0666209
1.532386e-08,0.0582998
1.537386e-08,0.0502808
1.542386e-08,0.0443214
1.547386e-08,0.0453375
1.552386e-08,0.0502258
1.557386e-08,0.0540706
1.562386e-08,0.0527798
1.567386e-08,0.0452277
1.572386e-08,0.0393233
1.577386e-08,0.0409435
1.582386e-08,0.0403119
1.587386e-08,0.0341329
1.592386e-08,0.0317986
1.597386e-08,0.0291622
1.602386e-08,0.0233127
1.607386e-08,0.024878
1.612386e-08,0.0272124
1.617386e-08,0.0223515
1.622386e-08,0.0277067
1.627386e-08,0.0417674
1.632386e-08,0.0451728
1.637386e-08,0.0464909
1.642386e-08,0.0579428
1.647386e-08,0.0646985
1.652386e-08,0.0577505
1.657386e-08,0.0455023
1.662386e-08,0.0325126
1.667386e-08,0.0264159
1.672386e-08,0.0204017
1.677386e-08,0.0100209
1.682386e-08,0.0185892
1.687386e-08,0.0372361
1.692386e-08,0.0395704
1.697386e-08,0.0394331
1.702386e-08,0.0423716
1.707386e-08,0.0324302
1.712386e-08,0.0209509
1.717386e-08,0.0219945
1.722386e-08,0.0195229
1.727386e-08,0.0091421
1.732386e-08,0.00875763
1.737386e-08,0.0159253
1.742386e-08,0.0218023
1.747386e-08,0.0274046
1.752386e-08,0.0268279
1.757386e-08,0.0183969
1.762386e-08,0.00584661
1.767386e-08,-0.000222573
1.772386e-08,0.00678034
1.777386e-08,0.00436365
1.782386e-08,-0.00944993
1.787386e-08,-0.00590729
1.792386e-08,0.00625855
1.797386e-08,0.00765913
1.802386e-08,0.0087027
1.807386e-08,0.0109272
1.812386e-08,0.0112842
1.817386e-08,0.0141677
1.822386e-08,0.0137283
1.827386e-08,0.00290814
1.832386e-08,-0.0106583
1.837386e-08,-0.00898307
1.842386e-08,-0.00203509
1.847386e-08,-0.0117293
1.852386e-08,-0.019968
1.857386e-08,-0.00909292
1.862386e-08,0.000766073
1.867386e-08,-0.0060446
1.872386e-08,-0.0158761
1.877386e-08,-0.0128553
1.882386e-08,0.00494036
1.887386e-08,0.022324
1.892386e-08,0.0268279
1.897386e-08,0.0325675
1.902386e-08,0.0458593
1.907386e-08,0.0574484
1.912386e-08,0.0628311
1.917386e-08,0.0513793
1.922386e-08,0.0336386
1.927386e-08,0.0313317
1.932386e-08,0.0307275
1.937386e-08,0.029629
1.942386e-08,0.0369066
1.947386e-08,0.0370439
1.952386e-08,0.0301234
1.957386e-08,0.0217748
1.962386e-08,0.0156232
1.967386e-08,0.0214178
1.972386e-08,0.0246858
1.977386e-08,0.0170787
1.982386e-08,0.0164196
1.987386e-08,0.024878
1.992386e-08,0.0258942
1.997386e-08,0.0191109
2.002386e-08,0.0178202
2.007386e-08,0.0177104
2.012386e-08,0.0144149
2.017386e-08,0.0125474
2.022386e-08,0.0140029
2.027386e-08,0.0221867
2.032386e-08,0.0250428
2.037386e-08,0.0178202
2.042386e-08,0.0171337
2.047386e-08,0.0228184
2.052386e-08,0.026004
2.057386e-08,0.0252625
2.062386e-08,0.0204841
2.067386e-08,0.0129868
2.072386e-08,0.00540722
2.077386e-08,-0.00390253
2.082386e-08,-0.0132947
2.087386e-08,-0.0106308
2.092386e-08,-0.00566013
2.097386e-08,-0.0105759
2.102386e-08,-0.0099168
2.107386e-08,-0.000799283
2.112386e-08,0.00625855
2.117386e-08,0.00862032
2.122386e-08,0.00554453
2.127386e-08,0.00282575
2.132386e-08,0.00732958
2.137386e-08,0.0111194
2.142386e-08,0.00897733
2.147386e-08,0.00749436
2.152386e-08,0.00502274
2.157386e-08,0.00153502
2.162386e-08,-3.03361e-05
2.167386e-08,-0.00110137
2.172386e-08,0.00145263
2.177386e-08,0.00367709
2.182386e-08,-0.0034906
2.187386e-08,-0.0125806
2.192386e-08,-0.0135144
2.197386e-08,-0.0131574
2.202386e-08,-0.0137341
2.207386e-08,-0.00934009
2.212386e-08,-0.00497357
2.217386e-08,0.000244288
2.222386e-08,0.008483
2.227386e-08,0.0126573
2.232386e-08,0.0164746
2.237386e-08,0.0211981
2.242386e-08,0.0133713
2.247386e-08,-0.00219986
2.252386e-08,-0.00209002
2.257386e-08,0.00669795
2.262386e-08,0.000299213
2.267386e-08,-0.0138165
2.272386e-08,-0.0195836
2.277386e-08,-0.0163155
2.282386e-08,-0.0088183
2.287386e-08,-0.00252941
2.292386e-08,0.00131532
2.297386e-08,0.00255113
2.302386e-08,-0.000250035
2.307386e-08,-0.00453417
2.312386e-08,-0.00571505
2.317386e-08,-0.00914785
2.322386e-08,-0.019254
2.327386e-08,-0.0252408
2.332386e-08,-0.0235381
2.337386e-08,-0.0171394
2.342386e-08,-0.00607206
2.347386e-08,0.000409062
2.352386e-08,-0.00241956
2.357386e-08,-0.00598967
2.362386e-08,-0.00192524
2.367386e-08,0.00996597
2.372386e-08,0.0187814
2.377386e-08,0.021967
2.382386e-08,0.0258392
2.387386e-08,0.0235599
2.392386e-08,0.0185342
2.397386e-08,0.0188089
2.402386e-08,0.0101033
2.407386e-08,-0.00631922
2.412386e-08,-0.0121412
2.417386e-08,-0.0129377
2.422386e-08,-0.0165078
2.427386e-08,-0.0124983
2.432386e-08,-0.00247449
2.437386e-08,0.00452842
2.442386e-08,0.0135086
2.447386e-08,0.0193581
2.452386e-08,0.0152113
2.457386e-08,0.0146071
2.462386e-08,0.0163098
2.467386e-08,0.0125474
2.472386e-08,0.0109272
2.477386e-08,0.00834569
2.482386e-08,0.00216665
2.487386e-08,0.0022765
2.492386e-08,0.0123827
2.497386e-08,0.0202644
2.502386e-08,0.0124376
2.507386e-08,0.00208427
2.512386e-08,0.00996597
2.517386e-08,0.0213079
2.522386e-08,0.0132889
2.527386e-08,-0.00219986
2.532386e-08,-0.0110977
2.537386e-08,-0.015272
2.542386e-08,-0.0151896
2.547386e-08,-0.015574
2.552386e-08,-0.018897
2.557386e-08,-0.0152994
2.562386e-08,-0.000112723
2.567386e-08,0.014305
2.572386e-08,0.0176005
2.577386e-08,0.0185068
2.582386e-08,0.0202369
2.587386e-08,0.0124651
2.592386e-08,0.0074669
2.597386e-08,0.0121355
2.602386e-08,0.00241382
2.607386e-08,-0.0168373
2.612386e-08,-0.0242247
2.617386e-08,-0.0212862
2.622386e-08,-0.0079395
2.627386e-08,0.00623109
2.632386e-08,0.00842808
2.637386e-08,0.00960896
2.642386e-08,0.0161725
2.647386e-08,0.0210608
2.652386e-08,0.0213079
2.657386e-08,0.0212805
2.662386e-08,0.0257568
2.667386e-08,0.029327
2.672386e-08,0.0269927
2.677386e-08,0.024933
2.682386e-08,0.0243013
2.687386e-08,0.0180948
2.692386e-08,0.0061487
2.697386e-08,-0.00994426
2.702386e-08,-0.0221925
2.707386e-08,-0.0215334
2.712386e-08,-0.0160958
2.717386e-08,-0.0112075
2.722386e-08,-0.0099168
2.727386e-08,-0.014915
2.732386e-08,-0.0161508
2.737386e-08,-0.0107956
2.742386e-08,-0.00343567
2.747386e-08,7.95135e-05
2.752386e-08,-0.00807682
2.757386e-08,-0.0118666
2.762386e-08,0.003375
2.767386e-08,0.0158978
2.772386e-08,0.0152662
2.777386e-08,0.0109272
2.782386e-08,0.00255113
2.787386e-08,-0.00291389
2.792386e-08,-0.000716896
2.797386e-08,0.000985772
2.802386e-08,-0.000497197
2.807386e-08,-0.00486372
2.812386e-08,-0.00936755
2.817386e-08,-0.0112899
2.822386e-08,-0.0120039
2.827386e-08,-0.0102189
2.832386e-08,-0.00774727
2.837386e-08,-0.0126356
2.842386e-08,-0.0197483
2.847386e-08,-0.01486
2.852386e-08,-0.00717056
2.857386e-08,-0.0109054
2.862386e-08,-0.0145579
2.867386e-08,-0.00988933
2.872386e-08,-0.00431447
2.877386e-08,0.000683686
2.882386e-08,0.00628601
2.887386e-08,0.00903225
2.892386e-08,0.010323
2.897386e-08,0.0182047
2.902386e-08,0.0292446
2.907386e-08,0.0286679
2.912386e-08,0.0255646
2.917386e-08,0.0282559
2.922386e-08,0.0196053
2.927386e-08,0.00881255
2.932386e-08,0.0116686
2.937386e-08,0.0119433
2.942386e-08,0.00834569
2.947386e-08,0.0116412
2.952386e-08,0.0154859
2.957386e-08,0.0222142
2.962386e-08,0.0330618
2.967386e-08,0.0306452
2.972386e-08,0.0121904
2.977386e-08,-0.00228225
2.982386e-08,-0.0037103
2.987386e-08,-0.00747264
2.992386e-08,-0.0152994
2.997386e-08,-0.0140087
3.002386e-08,-0.0122236
3.007386e-08,-0.0120589
3.012386e-08,-0.00425954
3.017386e-08,0.00290814
3.022386e-08,0.00532483
3.027386e-08,0.0132065
3.032386e-08,0.024933
3.037386e-08,0.0302607
3.042386e-08,0.035149
3.047386e-08,0.046848
3.052386e-08,0.0569816
3.057386e-08,0.0576681
3.062386e-08,0.0562401
3.067386e-08,0.0585195
3.072386e-08,0.0547571
3.077386e-08,0.044294
3.082386e-08,0.0376206
3.087386e-08,0.0319633
3.092386e-08,0.0222966
3.097386e-08,0.0146895
3.102386e-08,0.0167492
3.107386e-08,0.0234225
3.112386e-08,0.0268828
3.117386e-08,0.032595
3.122386e-08,0.0352314
3.127386e-08,0.0310296
3.132386e-08,0.0339956
3.137386e-08,0.0382248
3.142386e-08,0.0324302
3.147386e-08,0.0246858
3.152386e-08,0.0196053
3.157386e-08,0.0206488
3.162386e-08,0.0286129
3.167386e-08,0.0339406
3.172386e-08,0.0359454
3.177386e-08,0.032952
3.182386e-08,0.0225163
3.187386e-08,0.0191933
3.192386e-08,0.0224614
3.197386e-08,0.019056
3.202386e-08,0.0135361
3.207386e-08,0.00949911
3.212386e-08,0.0091421
3.217386e-08,0.0128495
3.222386e-08,0.0134537
3.227386e-08,0.0133164
3.232386e-08,0.0119433
3.237386e-08,0.00785137
3.242386e-08,0.00617616
3.247386e-08,0.00700004
3.252386e-08,0.0114489
3.257386e-08,0.016914
3.262386e-08,0.0224064
3.267386e-08,0.0301783
3.272386e-08,0.0302607
3.277386e-08,0.0232852
3.282386e-08,0.022736
3.287386e-08,0.0247682
3.292386e-08,0.0231205
3.297386e-08,0.0243013
3.302386e-08,0.0297389
3.307386e-08,0.0322105
3.312386e-08,0.0213079
3.317386e-08,0.00414395
3.322386e-08,2.45887e-05
3.327386e-08,0.000326675
3.332386e-08,-0.00684101
3.337386e-08,-0.0118941
3.342386e-08,-0.0083789
3.347386e-08,-0.00486372
3.352386e-08,-0.00796697
3.357386e-08,-0.00568759
3.362386e-08,0.00323769
3.367386e-08,0.00875763
3.372386e-08,0.0127122
3.377386e-08,0.0128495
3.382386e-08,0.00930688
3.387386e-08,0.00952657
3.392386e-08,0.0098012
3.397386e-08,0.00557199
3.402386e-08,0.00134278
3.407386e-08,0.00235889
3.412386e-08,0.0044735
3.417386e-08,-0.00618191
3.422386e-08,-0.026202
3.427386e-08,-0.0369398
3.432386e-08,-0.0332324
3.437386e-08,-0.0252683
3.442386e-08,-0.0220552
3.447386e-08,-0.0231811
3.452386e-08,-0.025131
3.457386e-08,-0.0226868
3.462386e-08,-0.0206546
3.467386e-08,-0.0284539
3.472386e-08,-0.0366102
3.477386e-08,-0.0357864
3.482386e-08,-0.0321064
3.487386e-08,-0.033507
3.492386e-08,-0.0361983
3.497386e-08,-0.0277124
3.502386e-08,-0.0157388
3.507386e-08,-0.0163155
3.512386e-08,-0.0154642
3.517386e-08,-0.00777473
3.522386e-08,-0.0153269
3.527386e-08,-0.0285912
3.532386e-08,-0.0231262
3.537386e-08,-0.0105759
3.542386e-08,-0.0110428
3.547386e-08,-0.0205173
3.552386e-08,-0.0260647
3.557386e-08,-0.0253232
3.562386e-08,-0.0231811
3.567386e-08,-0.0248563
3.572386e-08,-0.0306234
3.577386e-08,-0.0382305
3.582386e-08,-0.0409218
3.587386e-08,-0.0338915
3.592386e-08,-0.0315846
3.597386e-08,-0.0441349
3.602386e-08,-0.0523187
3.607386e-08,-0.0423499
3.612386e-08,-0.032024
3.617386e-08,-0.0310354
3.622386e-08,-0.0306784
3.627386e-08,-0.0329028
3.632386e-08,-0.0367475
3.637386e-08,-0.037846
3.642386e-08,-0.0399057
3.647386e-08,-0.0386974
3.652386e-08,-0.0348801
3.657386e-08,-0.0369947
3.662386e-08,-0.0374616
3.667386e-08,-0.0318318
3.672386e-08,-0.026559
3.677386e-08,-0.0170021
3.682386e-08,-0.0102738
3.687386e-08,-0.0178534
3.692386e-08,-0.0247739
3.697386e-08,-0.0233734
3.702386e-08,-0.0233184
3.707386e-08,-0.0259274
3.712386e-08,-0.0283715
3.717386e-08,-0.0293876
3.722386e-08,-0.0356491
3.727386e-08,-0.0509456
3.732386e-08,-0.0580858
3.737386e-08,-0.057262
3.742386e-08,-0.0577013
3.747386e-08,-0.0485015
3.752386e-08,-0.0350174
3.757386e-08,-0.0265041
3.762386e-08,-0.0230164
3.767386e-08,-0.0224122
3.772386e-08,-0.0111801
3.777386e-08,0.00164487
3.782386e-08,-0.000277498
3.787386e-08,-0.00966963
3.792386e-08,-0.0196659
3.797386e-08,-0.0214785
3.802386e-08,-0.015629
3.807386e-08,-0.0153269
3.812386e-08,-0.0152994
3.817386e-08,-0.0141185
3.822386e-08,-0.0227143
3.827386e-08,-0.0267787
3.832386e-08,-0.0154642
3.837386e-08,-0.0128553
3.842386e-08,-0.0282891
3.847386e-08,-0.0370222
3.852386e-08,-0.0326557
3.857386e-08,-0.0316945
3.862386e-08,-0.0328479
3.867386e-08,-0.0294426
3.872386e-08,-0.0244169
3.877386e-08,-0.0227143
3.882386e-08,-0.0272456
3.887386e-08,-0.030541
3.892386e-08,-0.0276026
3.897386e-08,-0.025488
3.902386e-08,-0.0305685
3.907386e-08,-0.0365004
3.912386e-08,-0.0314748
3.917386e-08,-0.0245268
3.922386e-08,-0.034935
3.927386e-08,-0.0456179
3.932386e-08,-0.0338091
3.937386e-08,-0.0241972
3.942386e-08,-0.0253232
3.947386e-08,-0.0154367
3.952386e-08,-0.00917531
3.957386e-08,-0.0160684
3.962386e-08,-0.0169197
3.967386e-08,-0.0172767
3.972386e-08,-0.0206821
3.977386e-08,-0.0175513
3.982386e-08,-0.0196934
3.987386e-08,-0.0270259
3.992386e-08,-0.0250486
3.997386e-08,-0.0254605
4.002386e-08,-0.0358688
4.007386e-08,-0.0376813
4.012386e-08,-0.0332049
4.017386e-08,-0.0356216
4.022386e-08,-0.0336443
4.027386e-08,-0.025076
4.032386e-08,-0.0219453
4.037386e-08,-0.0255704
4.042386e-08,-0.0347703
4.047386e-08,-0.0447116
4.052386e-08,-0.0431737
4.057386e-08,-0.0282342
4.062386e-08,-0.0146129
4.067386e-08,-0.00909292
4.072386e-08,-0.0077198
4.077386e-08,-0.0137615
4.082386e-08,-0.0215608
4.087386e-08,-0.0222749
4.092386e-08,-0.0235931
4.097386e-08,-0.0273554
4.102386e-08,-0.0289482
4.107386e-08,-0.0291679
4.112386e-08,-0.0220277
4.117386e-08,-0.0145305
4.122386e-08,-0.0213961
4.127386e-08,-0.0296348
4.132386e-08,-0.0315572
4.137386e-08,-0.0379559
4.142386e-08,-0.0461671
4.147386e-08,-0.0438054
4.152386e-08,-0.0265041
4.157386e-08,-0.0109329
4.162386e-08,-0.0126356
4.167386e-08,-0.0227143
4.172386e-08,-0.0256802
4.177386e-08,-0.0259548
4.182386e-08,-0.0412788
4.187386e-08,-0.0587724
4.192386e-08,-0.0580309
4.197386e-08,-0.0483916
4.202386e-08,-0.0384228
4.207386e-08,-0.0301566
4.212386e-08,-0.0219453
4.217386e-08,-0.0140087
4.222386e-08,-0.0170845
4.227386e-08,-0.0247465
4.232386e-08,-0.0293052
4.237386e-08,-0.037489
4.242386e-08,-0.0420203
4.247386e-08,-0.0416084
4.252386e-08,-0.0368574
4.257386e-08,-0.0201603
4.262386e-08,-0.00975202
4.267386e-08,-0.0157663
4.272386e-08,-0.0234832
4.277386e-08,-0.027273
4.282386e-08,-0.0258999
4.287386e-08,-0.0254056
4.292386e-08,-0.0325183
4.297386e-08,-0.0384777
4.302386e-08,-0.037132
4.307386e-08,-0.0336992
4.312386e-08,-0.0317494
4.317386e-08,-0.0302939
4.322386e-08,-0.0372419
4.327386e-08,-0.0469361
4.332386e-08,-0.0380657
4.337386e-08,-0.0244719
4.342386e-08,-0.0249662
4.347386e-08,-0.0262295
4.352386e-08,-0.0229614
4.357386e-08,-0.0230713
4.362386e-08,-0.0264217
4.367386e-08,-0.0289482
4.372386e-08,-0.0305685
4.377386e-08,-0.033507
4.382386e-08,-0.0331225
4.387386e-08,-0.024005
4.392386e-08,-0.0154367
4.397386e-08,-0.0145579
4.402386e-08,-0.0201053
4.407386e-08,-0.0233184
4.412386e-08,-0.0126081
4.417386e-08,-0.00884576
4.422386e-08,-0.0302115
4.427386e-08,-0.0500943
4.432386e-08,-0.0492704
4.437386e-08,-0.0404
4.442386e-08,-0.0359511
4.447386e-08,-0.0402078
4.452386e-08,-0.0413338
4.457386e-08,-0.0302115
4.462386e-08,-0.0285912
4.467386e-08,-0.0387248
4.472386e-08,-0.038972
4.477386e-08,-0.028756
4.482386e-08,-0.0155466
4.487386e-08,-0.00662131
4.492386e-08,-0.00340821
4.497386e-08,-3.03361e-05
4.502386e-08,0.00422633
4.507386e-08,0.00798868
4.512386e-08,0.00455588
4.517386e-08,-0.00596221
4.522386e-08,-0.00653892
4.527386e-08,-8.52608e-05
4.532386e-08,-0.00368283
4.537386e-08,-0.00346313
4.542386e-08,0.00428126
4.547386e-08,0.00211173
4.552386e-08,0.000903385
4.557386e-08,0.00296306
4.562386e-08,-0.00697832
4.567386e-08,-0.0200779
4.572386e-08,-0.0284264
4.577386e-08,-0.0404
4.582386e-08,-0.0523736
4.587386e-08,-0.0479522
4.592386e-08,-0.0291954
4.597386e-08,-0.0165627
4.602386e-08,-0.0175239
4.607386e-08,-0.0185674
4.612386e-08,-0.0154093
4.617386e-08,-0.0173042
4.622386e-08,-0.0206546
4.627386e-08,-0.0180731
4.632386e-08,-0.0131574
4.637386e-08,-0.0128553
4.642386e-08,-0.0177436
4.647386e-08,-0.0178809
4.652386e-08,-0.0111251
4.657386e-08,-0.0109329
4.662386e-08,-0.0239226
4.667386e-08,-0.0397409
4.672386e-08,-0.0453982
4.677386e-08,-0.041883
4.682386e-08,-0.0307882
4.687386e-08,-0.0127729
4.692386e-08,-0.00417716
4.697386e-08,-0.0114547
4.702386e-08,-0.0219453
4.707386e-08,-0.0233184
4.712386e-08,-0.0195561
4.717386e-08,-0.0252133
4.722386e-08,-0.0274103
4.727386e-08,-0.0125806
4.732386e-08,0.00329261
4.737386e-08,0.0162549
4.742386e-08,0.0293819
4.747386e-08,0.0332815
4.752386e-08,0.028201
4.757386e-08,0.022324
4.762386e-08,0.0140853
4.767386e-08,0.00233143
4.772386e-08,-0.00403984
4.777386e-08,-0.00244703
4.782386e-08,0.00386932
4.787386e-08,0.014717
4.792386e-08,0.0232852
4.797386e-08,0.0164746
4.802386e-08,-0.00118376
4.807386e-08,-0.0151346
4.812386e-08,-0.0235931
4.817386e-08,-0.0234832
4.822386e-08,-0.0181006
4.827386e-08,-0.0148051
4.832386e-08,-0.014146
4.837386e-08,-0.0166451
4.842386e-08,-0.0135418
4.847386e-08,-0.00703324
4.852386e-08,-0.0124433
4.857386e-08,-0.0246092
4.862386e-08,-0.029827
4.867386e-08,-0.0256527
4.872386e-08,-0.0167824
4.877386e-08,-0.0107956
4.882386e-08,-0.0140636
4.887386e-08,-0.0257626
4.892386e-08,-0.0364729
4.897386e-08,-0.0398508
4.902386e-08,-0.0394663
4.907386e-08,-0.0361159
4.912386e-08,-0.0294426
4.917386e-08,-0.0214785
4.922386e-08,-0.0132397
4.927386e-08,-0.0121412
4.932386e-08,-0.0167
4.937386e-08,-0.0183203
4.942386e-08,-0.0237304
4.947386e-08,-0.0345231
4.952386e-08,-0.0366926
4.957386e-08,-0.0300467
4.962386e-08,-0.0279596
4.967386e-08,-0.0290581
4.972386e-08,-0.0226319
4.977386e-08,-0.010878
4.982386e-08,-0.0026118
4.987386e-08,-0.00403984
4.992386e-08,-0.0113174
4.997386e-08,-0.00846129
5.002386e-08,0.00332008
5.007386e-08,0.00524244
5.012386e-08,-0.00203509
5.017386e-08,-0.00343567
5.022386e-08,0.00109562
5.027386e-08,0.0044735
5.032386e-08,0.00804361
5.037386e-08,0.0101033
5.042386e-08,0.00609378
5.047386e-08,0.00153502
5.052386e-08,0.00164487
5.057386e-08,0.00123293
5.062386e-08,-0.00403984
5.067386e-08,-0.00571505
5.072386e-08,0.0031553
5.077386e-08,0.00439111
5.082386e-08,-0.0106857
5.087386e-08,-0.0193089
5.092386e-08,-0.0159036
5.097386e-08,-0.0143932
5.102386e-08,-0.0133771
5.107386e-08,-0.00807682
5.112386e-08,-0.00384761
5.117386e-08,-0.00673116
5.122386e-08,-0.00717056
5.127386e-08,0.00889494
5.132386e-08,0.0228458
5.137386e-08,0.0161175
5.142386e-08,0.00584661
5.147386e-08,0.00375947
5.152386e-08,0.00109562
5.157386e-08,-0.00469894
5.162386e-08,-0.00568759
5.167386e-08,0.000244288
5.172386e-08,0.00812599
5.177386e-08,0.00851047
5.182386e-08,-0.00288642
5.187386e-08,-0.0124983
5.192386e-08,-0.0112899
5.197386e-08,-0.00736279
5.202386e-08,-0.00879084
5.207386e-08,-0.0153269
5.212386e-08,-0.0153543
5.217386e-08,-0.00706071
5.222386e-08,-0.00675862
5.227386e-08,-0.0124708
5.232386e-08,-0.0125257
5.237386e-08,-0.0122511
5.242386e-08,-0.0126356
5.247386e-08,-0.00892815
5.252386e-08,-0.0037103
5.257386e-08,-0.00088167
5.262386e-08,-0.00250195
5.267386e-08,-0.00931262
5.272386e-08,-0.018897
5.277386e-08,-0.0185125
5.282386e-08,-0.010521
5.287386e-08,-0.0140087
5.292386e-08,-0.0168648
5.297386e-08,-0.00574251
5.302386e-08,0.00112308
5.307386e-08,-0.000442272
5.312386e-08,0.00153502
5.317386e-08,0.00362216
5.322386e-08,0.00334754
5.327386e-08,0.00587408
5.332386e-08,0.00540722
5.337386e-08,0.0003816
5.342386e-08,0.000518912
5.347386e-08,0.0054896
5.352386e-08,0.00414395
5.357386e-08,-0.00686847
5.362386e-08,-0.0107132
5.367386e-08,-0.00228225
5.372386e-08,-0.00244703
5.377386e-08,-0.0121138
5.382386e-08,-0.0160958
5.387386e-08,-0.0113998
5.392386e-08,-0.00250195
5.397386e-08,0.00326515
5.402386e-08,-0.00178793
5.407386e-08,-0.0131024
5.412386e-08,-0.0141735
5.417386e-08,-0.00609952
5.422386e-08,-0.00612699
5.427386e-08,-0.0183752
5.432386e-08,-0.026202
5.437386e-08,-0.0180182
5.442386e-08,-0.0135144
5.447386e-08,-0.0187597
5.452386e-08,-0.0160958
5.457386e-08,-0.0133221
5.462386e-08,-0.0153818
5.467386e-08,-0.00868099
5.472386e-08,0.00395171
5.477386e-08,0.0116686
5.482386e-08,0.0123003
5.487386e-08,0.00779644
5.492386e-08,-0.00099152
5.497386e-08,-0.0102463
5.502386e-08,-0.015574
5.507386e-08,-0.0187048
5.512386e-08,-0.0193089
5.517386e-08,-0.0173866
5.522386e-08,-0.0146129
5.527386e-08,-0.00917531
5.532386e-08,-0.00357298
5.537386e-08,-0.000936595
5.542386e-08,-0.00678608
5.547386e-08,-0.0221925
5.552386e-08,-0.0279321
5.557386e-08,-0.0199131
5.562386e-08,-0.0215334
5.567386e-08,-0.0325733
5.572386e-08,-0.0274378
5.577386e-08,-0.00909292
5.582386e-08,-0.00214494
5.587386e-08,0.000106976
5.592386e-08,0.00881255
5.597386e-08,0.00760421
5.602386e-08,-0.00382015
5.607386e-08,-0.0088183
5.612386e-08,-0.00230971
5.617386e-08,0.00568184
5.622386e-08,0.003375
5.627386e-08,0.00386932
5.632386e-08,0.0175181
5.637386e-08,0.0232303
5.642386e-08,0.0142776
5.647386e-08,0.0103779
5.652386e-08,0.00900479
5.657386e-08,-0.00178793
5.662386e-08,-0.00942247
5.667386e-08,-0.00717056
5.672386e-08,-0.00445178
5.677386e-08,-0.0083789
5.682386e-08,-0.0205173
5.687386e-08,-0.0308981
5.692386e-08,-0.0328754
5.697386e-08,-0.028756
5.702386e-08,-0.017826
5.707386e-08,-0.0100541
5.712386e-08,-0.0100266
5.717386e-08,-0.00414969
5.722386e-08,0.00474812
5.727386e-08,0.00395171
5.732386e-08,-0.00288642
5.737386e-08,-0.00612699
5.742386e-08,-0.00711563
5.747386e-08,-0.0135418
5.752386e-08,-0.0188421
5.757386e-08,-0.0137341
5.762386e-08,-0.00964217
5.767386e-08,-0.0142009
5.772386e-08,-0.0206546
5.777386e-08,-0.0257077
5.782386e-08,-0.0302115
5.787386e-08,-0.0367475
5.792386e-08,-0.0353195
5.797386e-08,-0.0194188
5.802386e-08,-0.0094774
5.807386e-08,-0.00862606
5.812386e-08,0.00230397
5.817386e-08,0.0127397
5.822386e-08,0.0112842
5.827386e-08,0.0170787
5.832386e-08,0.0258942
5.837386e-08,0.0197426
5.842386e-08,0.00834569
5.847386e-08,0.0031553
5.852386e-08,0.0063684
5.857386e-08,0.0104328
5.862386e-08,0.00595646
5.867386e-08,0.00510513
5.872386e-08,0.00922449
5.877386e-08,0.00373201
5.882386e-08,-0.00241956
5.887386e-08,-0.00115629
5.892386e-08,-5.77984e-05
5.897386e-08,0.00189203
5.902386e-08,0.00985612
5.907386e-08,0.0186441
5.912386e-08,0.0221867
5.917386e-08,0.0259491
5.922386e-08,0.0307001
5.927386e-08,0.0302881
5.932386e-08,0.0233951
5.937386e-08,0.014717
5.942386e-08,0.0101582
5.947386e-08,0.00749436
5.952386e-08,0.00375947
5.957386e-08,0.00197442
5.962386e-08,0.00441857
5.967386e-08,0.00505021
5.972386e-08,0.000518912
5.977386e-08,-0.00640161
5.982386e-08,-0.0151346
5.987386e-08,-0.018183
5.992386e-08,-0.0122236
5.997386e-08,-0.00154077
6.002386e-08,0.0119982
6.007386e-08,0.0235049
6.012386e-08,0.0278989
6.017386e-08,0.0263336
6.022386e-08,0.0234225
6.027386e-08,0.01436
6.032386e-08,2.45887e-05
6.037386e-08,-0.00447924
6.042386e-08,-0.00296881
6.047386e-08,-0.00802189
6.052386e-08,-0.0121412
6.057386e-08,-0.0088183
6.062386e-08,-0.00576998
6.067386e-08,-0.00788458
6.072386e-08,-0.00612699
6.077386e-08,0.00612124
6.082386e-08,0.0166943
6.087386e-08,0.0219945
6.092386e-08,0.0265258
6.097386e-08,0.023807
6.102386e-08,0.0158978
6.107386e-08,0.00584661
6.112386e-08,-0.00574251
6.117386e-08,-0.00942247
6.122386e-08,-0.00401238
6.127386e-08,0.00222158
6.132386e-08,0.00312784
6.137386e-08,0.000985772
6.142386e-08,0.000985772
6.147386e-08,0.00115055
6.152386e-08,-0.00115629
6.157386e-08,-0.00447924
6.162386e-08,-0.00785712
6.167386e-08,-0.0138714
6.172386e-08,-0.0154642
6.177386e-08,-0.000689433
6.182386e-08,0.0184244
6.187386e-08,0.021253
6.192386e-08,0.0180948
6.197386e-08,0.0200996
6.202386e-08,0.0136734
6.207386e-08,0.00927941
6.212386e-08,0.0165569
6.217386e-08,0.0114489
6.222386e-08,-0.00401238
6.227386e-08,-0.00890069
6.232386e-08,-0.00354552
6.237386e-08,0.00257859
6.242386e-08,0.00197442
6.247386e-08,-0.00241956
6.252386e-08,-0.00645653
6.257386e-08,-0.0138165
6.262386e-08,-0.0178809
6.267386e-08,-0.0155466
6.272386e-08,-0.0153543
6.277386e-08,-0.0123884
6.282386e-08,-0.00148584
6.287386e-08,0.00884002
6.292386e-08,0.0118334
6.297386e-08,0.0111743
6.302386e-08,0.0107075
6.307386e-08,0.00321023
6.312386e-08,-0.0067037
6.317386e-08,-0.00524819
6.322386e-08,0.00145263
6.327386e-08,0.00348485
6.332386e-08,0.0035947
6.337386e-08,-0.000250035
6.342386e-08,-0.00876338
6.347386e-08,-0.00826905
6.352386e-08,0.000491449
6.357386e-08,0.00142517
6.362386e-08,-0.00840636
6.367386e-08,-0.0207919
6.372386e-08,-0.0230987
6.377386e-08,-0.0112075
6.382386e-08,-0.00310612
6.387386e-08,-0.00442432
6.392386e-08,-0.00030496
6.397386e-08,0.0027159
6.402386e-08,-0.00382015
6.407386e-08,-0.00755503
6.412386e-08,-0.0114822
6.417386e-08,-0.0239501
6.422386e-08,-0.0301291
6.427386e-08,-0.0263942
6.432386e-08,-0.0176063
6.437386e-08,7.95135e-05
6.442386e-08,0.0111194
6.447386e-08,0.00623109
6.452386e-08,0.00255113
6.457386e-08,0.00524244
6.462386e-08,0.00546214
6.467386e-08,0.0003816
6.472386e-08,-0.0023921
6.477386e-08,0.00562692
6.482386e-08,0.0129319
6.487386e-08,0.0105152
6.492386e-08,0.00963642
6.497386e-08,0.0095815
6.502386e-08,0.00867524
6.507386e-08,0.0134262
6.512386e-08,0.0173808
6.517386e-08,0.0180948
6.522386e-08,0.0153211
6.527386e-08,0.00840062
6.532386e-08,0.00277083
6.537386e-08,-0.00620937
6.542386e-08,-0.0129377
6.547386e-08,-0.0129102
6.552386e-08,-0.0136791
6.557386e-08,-0.00706071
6.562386e-08,0.00326515
6.567386e-08,0.00631348
6.572386e-08,0.00661556
6.577386e-08,0.00732958
6.582386e-08,0.0151014
6.587386e-08,0.0234225
6.592386e-08,0.0147994
6.597386e-08,-0.00230971
6.602386e-08,-0.00804935
6.607386e-08,-0.00137599
6.612386e-08,0.00230397
6.617386e-08,-0.000936595
6.622386e-08,-0.00467148
6.627386e-08,-0.00840636
6.632386e-08,-0.00810428
6.637386e-08,-0.0051658
6.642386e-08,-0.0062643
6.647386e-08,-0.00618191
6.652386e-08,0.00496782
6.657386e-08,0.0204291
6.662386e-08,0.0231754
6.667386e-08,0.0175181
6.672386e-08,0.0127397
6.677386e-08,0.00697257
6.682386e-08,0.000985772
6.687386e-08,-0.000854208
6.692386e-08,0.00353977
6.697386e-08,0.000161901
6.702386e-08,-0.00950486
6.707386e-08,-0.00442432
6.712386e-08,0.00290814
6.717386e-08,0.0024962
6.722386e-08,0.00408902
6.727386e-08,0.00463827
6.732386e-08,0.00834569
6.737386e-08,0.0133164
6.742386e-08,0.00809853
6.747386e-08,-0.000826745
6.752386e-08,-0.00340821
6.757386e-08,-0.00154077
6.762386e-08,-0.00203509
6.767386e-08,0.000875923
6.772386e-08,0.0146895
6.777386e-08,0.0256745
6.782386e-08,0.024219
6.787386e-08,0.0153211
6.792386e-08,0.00345739
6.797386e-08,-0.00214494
6.802386e-08,-0.000936595
6.807386e-08,-0.00230971
6.812386e-08,-0.001733
6.817386e-08,0.00417141
6.822386e-08,0.00540722
6.827386e-08,-0.000414809
6.832386e-08,-0.00826905
6.837386e-08,-0.00934009
6.842386e-08,0.00211173
6.847386e-08,0.01252
6.852386e-08,0.0154859
6.857386e-08,0.0208136
6.862386e-08,0.0286953
6.867386e-08,0.0274321
6.872386e-08,0.0152388
6.877386e-08,0.00760421
6.882386e-08,0.00719227
6.887386e-08,0.00488543
6.892386e-08,0.00494036
6.897386e-08,0.0112018
6.902386e-08,0.013948
6.907386e-08,0.00601139
6.912386e-08,-0.00137599
6.917386e-08,0.00115055
6.922386e-08,-0.00145838
6.927386e-08,-0.0157114
6.932386e-08,-0.0252683
6.937386e-08,-0.0327106
6.942386e-08,-0.0417457
6.947386e-08,-0.0317219
6.952386e-08,-0.00846129
6.957386e-08,0.00301799
6.962386e-08,0.00653317
6.967386e-08,0.00656064
6.972386e-08,0.000820998
6.977386e-08,0.00551707
6.982386e-08,0.0178202
6.987386e-08,0.0188912
6.992386e-08,0.0163372
6.997386e-08,0.0134537
7.002386e-08,0.00705496
7.007386e-08,0.00672541
7.012386e-08,0.0107624
7.017386e-08,0.0126298
7.022386e-08,0.00620363
7.027386e-08,-0.0088183
7.032386e-08,-0.0140636
7.037386e-08,-0.00865353
7.042386e-08,-0.00892815
7.047386e-08,-0.011592
7.052386e-08,-0.00865353
7.057386e-08,-0.00354552
7.062386e-08,-0.00420462
7.067386e-08,-0.00629176
7.072386e-08,-0.00222733
7.077386e-08,-0.00357298
7.082386e-08,-0.0123884
7.087386e-08,-0.0192265
7.092386e-08,-0.0233459
7.097386e-08,-0.0220002
7.102386e-08,-0.0141735
7.107386e-08,-0.00755503
7.112386e-08,-0.00708817
7.117386e-08,-0.00717056
7.122386e-08,-0.00873591
7.127386e-08,-0.0138439
7.132386e-08,-0.0152445
7.137386e-08,-0.0133771
7.142386e-08,-0.00544043
7.147386e-08,0.00774152
7.152386e-08,0.0129044
7.157386e-08,0.0134812
7.162386e-08,0.0153486
7.167386e-08,0.0111743
7.172386e-08,0.00474812
7.177386e-08,0.00095831
7.182386e-08,-0.00513834
7.187386e-08,-0.0117568
7.192386e-08,-0.011949
7.197386e-08,-0.00390253
7.202386e-08,0.00307291
7.207386e-08,0.00557199
7.212386e-08,0.0104878
7.217386e-08,0.00947165
7.222386e-08,0.00123293
7.227386e-08,-0.00030496
7.232386e-08,0.00345739
7.237386e-08,0.00886748
7.242386e-08,0.0138931
7.247386e-08,0.0126024
7.252386e-08,0.0143325
7.257386e-08,0.021665
7.262386e-08,0.016859
7.267386e-08,0.00664302
7.272386e-08,0.00642333
7.277386e-08,0.00513259
7.282386e-08,0.00246874
7.287386e-08,0.00540722
7.292386e-08,0.00650571
7.297386e-08,0.00919703
7.302386e-08,0.0200721
7.307386e-08,0.0263061
7.312386e-08,0.02161
7.317386e-08,0.0171611
7.322386e-08,0.0134262
7.327386e-08,0.00348485
7.332386e-08,-0.00480879
7.337386e-08,-0.00568759
7.342386e-08,-0.00722548
7.347386e-08,-0.0111801
7.352386e-08,-0.0128827
7.357386e-08,-0.0104386
7.362386e-08,-0.00343567
7.367386e-08,-0.001733
7.372386e-08,-0.00629176
7.377386e-08,-0.00873591
7.382386e-08,-0.0212862
7.387386e-08,-0.0340013
7.392386e-08,-0.0218355
7.397386e-08,-0.00192524
7.402386e-08,0.00266098
7.407386e-08,-0.001733
7.412386e-08,0.00268844
7.417386e-08,0.0135361
7.422386e-08,0.0147719
7.427386e-08,0.0116137
7.432386e-08,0.0101307
7.437386e-08,0.00650571
7.442386e-08,0.00708242
7.447386e-08,0.0107349
7.452386e-08,0.0116686
7.457386e-08,0.00815346
7.462386e-08,-0.00442432
7.467386e-08,-0.017826
7.472386e-08,-0.0233734
7.477386e-08,-0.0221925
7.482386e-08,-0.0154367
7.487386e-08,-0.0145305
7.492386e-08,-0.0172218
7.497386e-08,-0.00544043
7.502386e-08,0.00982866
7.507386e-08,0.0140579
7.512386e-08,0.0151289
7.517386e-08,0.0139755
7.522386e-08,0.0123003
7.527386e-08,0.0101033
7.532386e-08,-0.00099152
7.537386e-08,-0.00906546
7.542386e-08,-0.0083789
7.547386e-08,-0.00480879
7.552386e-08,0.00793376
7.557386e-08,0.0171337
7.562386e-08,0.0122454
7.567386e-08,0.00933434
7.572386e-08,0.0113116
7.577386e-08,0.00982866
7.582386e-08,0.00875763
7.587386e-08,0.0118334
7.592386e-08,0.0171337
7.597386e-08,0.0240542
7.602386e-08,0.0272124
7.607386e-08,0.0294368
7.612386e-08,0.0307001
7.617386e-08,0.0169963
7.622386e-08,-0.000661971
7.627386e-08,-0.00219986
7.632386e-08,0.00524244
7.637386e-08,0.00732958
7.642386e-08,0.00255113
7.647386e-08,-0.00233718
7.652386e-08,-0.00269419
7.657386e-08,-0.00324344
7.662386e-08,-0.00788458
7.667386e-08,-0.0101914
7.672386e-08,-0.00379268
7.677386e-08,0.00598393
7.682386e-08,0.00919703
7.687386e-08,0.00450096
7.692386e-08,-0.0026118
7.697386e-08,-0.00266673
7.702386e-08,0.00233143
7.707386e-08,-0.00230971
7.712386e-08,-0.010466
7.717386e-08,-0.00785712
7.722386e-08,-0.00321597
7.727386e-08,-0.00148584
7.732386e-08,0.00222158
7.737386e-08,0.000518912
7.742386e-08,-0.00414969
7.747386e-08,-0.0028315
7.752386e-08,0.00233143
7.757386e-08,0.0109272
7.762386e-08,0.0135361
7.767386e-08,0.00993851
7.772386e-08,0.0141128
7.777386e-08,0.0197426
7.782386e-08,0.0216924
7.787386e-08,0.0191109
7.792386e-08,0.00969135
7.797386e-08,0.00623109
7.802386e-08,0.00743943
7.807386e-08,0.00400663
7.812386e-08,0.00180964
7.817386e-08,0.00134278
7.822386e-08,-0.000442272
7.827386e-08,-0.00579744
7.832386e-08,-0.0138439
7.837386e-08,-0.0110153
7.842386e-08,0.0003816
7.847386e-08,0.00263352
7.852386e-08,0.00235889
7.857386e-08,0.0133988
7.862386e-08,0.0264983
7.867386e-08,0.030398
7.872386e-08,0.029327
7.877386e-08,0.0240542
7.882386e-08,0.0107624
7.887386e-08,-0.00112883
7.892386e-08,-0.00722548
7.897386e-08,-0.0137066
7.902386e-08,-0.0186498
7.907386e-08,-0.0213686
7.912386e-08,-0.0154093
7.917386e-08,0.00252367
7.922386e-08,0.00557199
7.927386e-08,-0.00431447
7.932386e-08,0.0022765
7.937386e-08,0.00952657
7.942386e-08,0.00557199
7.947386e-08,0.00452842
7.952386e-08,0.00263352
7.957386e-08,-0.00343567
7.962386e-08,-0.00645653
7.967386e-08,0.00348485
7.972386e-08,0.0176554
7.977386e-08,0.0158155
7.982386e-08,0.00916956
7.987386e-08,0.008483
7.992386e-08,0.0024962
7.997386e-08,-0.00566013
8.002386e-08,-0.00785712
8.007386e-08,-0.00637415
8.012386e-08,-0.00294135
8.017386e-08,-0.000414809
8.022386e-08,0.00205681
8.027386e-08,0.0106525
8.032386e-08,0.020539
8.037386e-08,0.0222966
8.042386e-08,0.0202094
8.047386e-08,0.0202094
8.052386e-08,0.0201271
8.057386e-08,0.0177104
8.062386e-08,0.0125474
8.067386e-08,0.00988359
8.072386e-08,0.00916956
8.077386e-08,0.00408902
8.082386e-08,-0.00140346
8.087386e-08,0.000711148
8.092386e-08,0.00867524
8.097386e-08,0.00623109
8.102386e-08,-0.00101898
8.107386e-08,0.00521498
8.112386e-08,0.00812599
8.117386e-08,0.00461081
8.122386e-08,0.00776898
8.127386e-08,0.00458335
8.132386e-08,-0.00274911
8.137386e-08,-0.00145838
8.142386e-08,0.00312784
8.147386e-08,0.00463827
8.152386e-08,0.00211173
8.157386e-08,-0.000936595
8.162386e-08,-0.00340821
8.167386e-08,-0.00653892
8.172386e-08,-0.00406731
8.177386e-08,0.00554453
8.182386e-08,0.00999344
8.187386e-08,0.00743943
8.192386e-08,0.00804361
8.197386e-08,0.0100484
8.202386e-08,0.0100758
8.207386e-08,0.0123552
8.212386e-08,0.0133164
8.217386e-08,0.00851047
8.222386e-08,0.0061487
8.227386e-08,0.00664302
8.232386e-08,0.000436525
8.237386e-08,-0.00664877
8.242386e-08,-0.00145838
8.247386e-08,0.0104328
8.252386e-08,0.0149916
8.257386e-08,0.0162274
8.262386e-08,0.0189187
8.267386e-08,0.0140853
8.272386e-08,0.00532483
8.277386e-08,0.00430872
8.282386e-08,0.00642333
8.287386e-08,0.00513259
8.292386e-08,0.00623109
8.297386e-08,0.0110919
8.302386e-08,0.0111469
8.307386e-08,0.00713735
8.312386e-08,0.00768659
8.317386e-08,0.00955404
8.322386e-08,0.0093618
8.327386e-08,0.012877
8.332386e-08,0.0140029
8.337386e-08,0.00743943
8.342386e-08,0.00246874
8.347386e-08,-0.0028315
8.352386e-08,-0.012663
8.357386e-08,-0.017414
8.362386e-08,-0.0171394
8.367386e-08,-0.0176337
8.372386e-08,-0.0104111
8.377386e-08,0.00537975
8.382386e-08,0.0108722
8.387386e-08,0.00455588
8.392386e-08,0.0040341
8.397386e-08,0.0103504
8.402386e-08,0.0144973
8.407386e-08,0.0110095
8.412386e-08,-0.000826745
8.417386e-08,-0.00988933
8.422386e-08,-0.0131024
8.427386e-08,-0.0180457
8.432386e-08,-0.0169472
8.437386e-08,-0.00782965
8.442386e-08,-0.00557774
8.447386e-08,-0.0120863
8.452386e-08,-0.0159036
8.457386e-08,-0.0132947
8.462386e-08,-0.0161782
8.467386e-08,-0.02947
8.472386e-08,-0.037846
8.477386e-08,-0.0315572
8.482386e-08,-0.0187597
8.487386e-08,-0.0120039
8.492386e-08,-0.0124433
8.497386e-08,-0.0135693
8.502386e-08,-0.0119765
8.507386e-08,-0.00870845
8.512386e-08,-0.00527565
8.517386e-08,0.000463987
8.522386e-08,7.95135e-05
8.527386e-08,-0.00975202
8.532386e-08,-0.013075
8.537386e-08,-0.0056052
8.542386e-08,0.00373201
8.547386e-08,0.00856539
8.552386e-08,0.0102406
8.557386e-08,0.0134812
8.562386e-08,0.0170513
8.567386e-08,0.019825
8.572386e-08,0.0224339
8.577386e-08,0.0168041
8.582386e-08,-0.00505595
8.587386e-08,-0.0262569
8.592386e-08,-0.0277124
8.597386e-08,-0.0225495
8.602386e-08,-0.0182654
8.607386e-08,-0.00832398
8.612386e-08,2.45887e-05
8.617386e-08,0.0082633
8.622386e-08,0.0159528
8.627386e-08,0.0173808
8.632386e-08,0.0207862
8.637386e-08,0.0227634
8.642386e-08,0.0196327
8.647386e-08,0.0200721
8.652386e-08,0.0203468
8.657386e-08,0.0156781
8.662386e-08,0.0132889
8.667386e-08,0.0126573
8.672386e-08,0.00804361
8.677386e-08,0.00356724
8.682386e-08,0.00400663
8.687386e-08,0.00513259
8.692386e-08,0.000793536
8.697386e-08,-0.00489118
8.702386e-08,-0.00316105
8.707386e-08,0.00279829
8.712386e-08,0.00842808
8.717386e-08,0.0126298
8.722386e-08,0.0101307
8.727386e-08,0.00977374
8.732386e-08,0.0129319
8.737386e-08,0.00925195
8.742386e-08,0.00494036
8.747386e-08,0.000628761
8.752386e-08,-0.00362791
8.757386e-08,-0.00211748
8.762386e-08,-0.00099152
8.767386e-08,0.00167233
8.772386e-08,0.0136734
8.777386e-08,0.0199348
8.782386e-08,0.0105976
8.787386e-08,0.00639586
8.792386e-08,0.0154859
8.797386e-08,0.0238619
8.802386e-08,0.020182
8.807386e-08,0.00705496
8.812386e-08,0.00175472
8.817386e-08,0.00472066
8.822386e-08,0.00667049
8.827386e-08,0.00735705
8.832386e-08,0.00233143
8.837386e-08,-0.00321597
8.842386e-08,-0.00566013
8.847386e-08,-0.0101914
8.852386e-08,-0.0120863
8.857386e-08,-0.0129926
8.862386e-08,-0.0173591
8.867386e-08,-0.0197483
8.872386e-08,-0.0167275
8.877386e-08,-0.0110153
8.882386e-08,-0.00983441
8.887386e-08,-0.0131574
8.892386e-08,-0.013432
8.897386e-08,-0.0115096
8.902386e-08,-0.0101365
8.907386e-08,-0.00983441
8.912386e-08,-0.0129926
8.917386e-08,-0.0104386
8.922386e-08,0.00263352
8.927386e-08,0.00419887
8.932386e-08,-0.0107956
8.937386e-08,-0.0180731
8.942386e-08,-0.0115096
8.947386e-08,-0.00263926
8.952386e-08,0.000409062
8.957386e-08,-0.00228225
8.962386e-08,-0.0030512
8.967386e-08,-0.00030496
8.972386e-08,0.00167233
8.977386e-08,-0.000414809
8.982386e-08,-0.00684101
8.987386e-08,-0.00821413
8.992386e-08,-0.00241956
8.997386e-08,0.00084846
9.002386e-08,0.00200188
9.007386e-08,0.00579169
9.012386e-08,0.0111469
9.017386e-08,0.0129868
9.022386e-08,0.00801614
9.027386e-08,0.00537975
9.032386e-08,0.00779644
9.037386e-08,0.00620363
9.042386e-08,0.00288068
9.047386e-08,0.00903225
9.052386e-08,0.0218846
9.057386e-08,0.0281735
9.062386e-08,0.0286404
9.067386e-08,0.0225163
9.072386e-08,0.00840062
9.077386e-08,-3.03361e-05
9.082386e-08,-0.00291389
9.087386e-08,-0.00236464
9.092386e-08,0.00400663
9.097386e-08,0.00375947
9.102386e-08,-0.00167808
9.107386e-08,-0.00269419
9.112386e-08,-0.00425954
9.117386e-08,-0.00645653
9.122386e-08,-0.00299627
9.127386e-08,0.00386932
9.132386e-08,0.0098012
9.137386e-08,0.0129868
9.142386e-08,0.012163
9.147386e-08,0.00716481
9.152386e-08,-0.00288642
9.157386e-08,-0.0105759
9.162386e-08,-0.013789
9.167386e-08,-0.0173866
9.172386e-08,-0.0136242
9.177386e-08,-0.00802189
9.182386e-08,-0.0156839
9.187386e-08,-0.025131
9.192386e-08,-0.0207095
9.197386e-08,-0.015217
9.202386e-08,-0.0242522
9.207386e-08,-0.0335344
9.212386e-08,-0.0282617
9.217386e-08,-0.0143108
9.222386e-08,-0.00181539
9.227386e-08,0.000930848
9.232386e-08,-0.00189778
9.237386e-08,-0.00170554
9.242386e-08,0.00183711
9.247386e-08,0.0106251
9.252386e-08,0.0210059
9.257386e-08,0.0238619
9.262386e-08,0.0201271
9.267386e-08,0.0169689
9.272386e-08,0.0202918
9.277386e-08,0.0268828
9.282386e-08,0.0237521
9.287386e-08,0.0152113
9.292386e-08,0.017271
9.297386e-08,0.0183969
9.302386e-08,0.00999344
9.307386e-08,0.0102955
9.312386e-08,0.0137283
9.317386e-08,0.00474812
9.322386e-08,-0.00225479
9.327386e-08,-0.00143092
9.332386e-08,-0.0019527
9.337386e-08,0.00137025
9.342386e-08,0.0120531
9.347386e-08,0.0238345
9.352386e-08,0.0305078
9.357386e-08,0.0250428
9.362386e-08,0.00603885
9.367386e-08,-0.00741772
9.372386e-08,-0.00104644
9.377386e-08,0.00754928
9.382386e-08,0.00312784
9.387386e-08,-0.0111801
9.392386e-08,-0.0215059
9.397386e-08,-0.0150523
9.402386e-08,-0.00121122
9.407386e-08,0.00864778
9.412386e-08,0.0132889
9.417386e-08,0.0108997
9.422386e-08,0.00494036
9.427386e-08,0.00310038
9.432386e-08,0.005929
9.437386e-08,0.00785137
9.442386e-08,0.0101582
9.447386e-08,0.0183145
9.452386e-08,0.0257843
9.457386e-08,0.0286679
9.462386e-08,0.0336111
9.467386e-08,0.0286129
9.472386e-08,0.00752182
9.477386e-08,-0.0081592
9.482386e-08,-0.0100816
9.487386e-08,-0.00203509
9.492386e-08,0.00689019
9.497386e-08,0.00749436
9.502386e-08,0.0102681
9.507386e-08,0.0157331
9.512386e-08,0.0158429
9.517386e-08,0.017985
9.522386e-08,0.0215551
9.527386e-08,0.021967
9.532386e-08,0.0231205
9.537386e-08,0.0232578
9.542386e-08,0.0209784
9.547386e-08,0.017271
9.552386e-08,0.0124376
9.557386e-08,0.0116137
9.562386e-08,0.00944419
9.567386e-08,-0.00420462
9.572386e-08,-0.0166176
9.577386e-08,-0.0113174
9.582386e-08,-0.000277498
9.587386e-08,0.000656224
9.592386e-08,0.000354137
9.597386e-08,0.00529737
9.602386e-08,0.0040341
9.607386e-08,-0.00296881
9.612386e-08,0.00115055
9.617386e-08,0.0139755
9.622386e-08,0.0176829
9.627386e-08,0.0105701
9.632386e-08,0.000601299
9.637386e-08,-0.00379268
9.642386e-08,-0.00497357
9.647386e-08,-0.0117293
9.652386e-08,-0.0146953
9.657386e-08,-0.0104111
9.662386e-08,-0.00799443
9.667386e-08,-0.00524819
9.672386e-08,0.0029356
9.677386e-08,0.0120806
9.682386e-08,0.0155134
9.687386e-08,0.0181223
9.692386e-08,0.0227909
9.697386e-08,0.0225712
9.702386e-08,0.020539
9.707386e-08,0.0198799
9.712386e-08,0.017216
9.717386e-08,0.0177378
9.722386e-08,0.0203742
9.727386e-08,0.01977
9.732386e-08,0.0207862
9.737386e-08,0.0236148
9.742386e-08,0.0253174
9.747386e-08,0.0257019
9.752386e-08,0.0265258
9.757386e-08,0.0252625
9.762386e-08,0.00922449
9.767386e-08,-0.0129377
9.772386e-08,-0.0176337
9.777386e-08,-0.0174415
9.782386e-08,-0.0274378
9.787386e-08,-0.0306509
9.792386e-08,-0.0244169
9.797386e-08,-0.0178534
9.802386e-08,-0.00944993
9.807386e-08,0.000189363
9.812386e-08,0.00908718
9.817386e-08,0.0107624
9.822386e-08,0.00450096
9.827386e-08,0.000518912
9.832386e-08,-0.000277498
9.837386e-08,-0.00382015
9.842386e-08,-0.0106857
9.847386e-08,-0.0128827
9.852386e-08,-0.00752757
9.857386e-08,-0.00313359
9.862386e-08,0.00268844
9.867386e-08,0.014717
9.872386e-08,0.01977
9.877386e-08,0.00982866
9.882386e-08,-0.001733
9.887386e-08,-0.00697832
9.892386e-08,-0.00802189
9.897386e-08,-0.000771821
9.902386e-08,0.00623109
9.907386e-08,-0.000469734
9.912386e-08,-0.0104386
9.917386e-08,-0.00873591
9.922386e-08,-0.00176047
9.927386e-08,-0.00112883
9.932386e-08,-0.00088167
9.937386e-08,0.00109562
9.942386e-08,-0.00500103
9.947386e-08,-0.0135418
9.952386e-08,-0.0145579
9.957386e-08,-0.00725294
9.962386e-08,-3.03361e-05
9.967386e-08,0.000820998
9.972386e-08,0.00911464
9.977386e-08,0.0215276
9.982386e-08,0.0204291
9.987386e-08,0.0119707
9.992386e-08,0.0116961
9.997386e-08,0.0232303
1.000239e-07,0.02529
1.000739e-07,0.0138656
1.001239e-07,0.0157056
1.001739e-07,0.0236422
1.002239e-07,0.0206763
1.002739e-07,0.0182047
1.003239e-07,0.0196602
1.003739e-07,0.0214453
1.004239e-07,0.0265533
1.004739e-07,0.0299037
1.005239e-07,0.0319908
1.005739e-07,0.037346
1.006239e-07,0.0324302
1.006739e-07,0.0186441
1.007239e-07,0.0186441
1.007739e-07,0.0249055
1.008239e-07,0.0206763
1.008739e-07,0.0188363
1.009239e-07,0.0189187
1.009739e-07,0.00801614
1.010239e-07,0.00150756
1.010739e-07,0.00419887
1.011239e-07,0.000491449
1.011739e-07,0.000216825
1.012239e-07,0.00667049
1.012739e-07,0.00172726
1.013239e-07,-0.00695086
1.013739e-07,-0.00917531
1.014239e-07,-0.0117568
1.014739e-07,-0.0124708
1.015239e-07,-0.00961471
1.015739e-07,-0.0067037
1.016239e-07,-0.00209002
1.016739e-07,0.00307291
1.017239e-07,0.00540722
1.017739e-07,0.00645079
1.018239e-07,0.000820998
1.018739e-07,-0.0136517
1.019239e-07,-0.0211489
1.019739e-07,-0.0221376
1.020239e-07,-0.0264492
1.020739e-07,-0.0243345
1.021239e-07,-0.012663
1.021739e-07,0.00112308
1.022239e-07,0.0118334
1.022739e-07,0.0151838
1.023239e-07,0.0137009
1.023739e-07,0.0160077
1.024239e-07,0.0244661
1.024739e-07,0.029272
1.025239e-07,0.0277067
1.025739e-07,0.0279813
1.026239e-07,0.0240816
1.026739e-07,0.0128495
1.027239e-07,0.00653317
1.027739e-07,-0.00387507
1.028239e-07,-0.0232361
1.028739e-07,-0.0306234
1.029239e-07,-0.0255978
1.029739e-07,-0.0190618
1.030239e-07,-0.00997172
1.030739e-07,-2.87366e-06
1.031239e-07,0.00727466
1.031739e-07,0.00881255
1.032239e-07,0.00537975
1.032739e-07,0.00436365
1.033239e-07,0.00705496
1.033739e-07,0.00776898
1.034239e-07,0.0108997
1.034739e-07,0.0211706
1.035239e-07,0.0259765
1.035739e-07,0.0226261
1.036239e-07,0.0195229
1.036739e-07,0.00952657
1.037239e-07,-0.00620937
1.037739e-07,-0.00868099
1.038239e-07,-0.000250035
1.038739e-07,-0.00162315
1.039239e-07,-0.0079395
1.039739e-07,-0.00508342
1.040239e-07,-0.000222573
1.040739e-07,0.00252367
1.041239e-07,0.0057093
1.041739e-07,0.00617616
1.042239e-07,-0.00112883
1.042739e-07,-0.013789
1.043239e-07,-0.0162057
1.043739e-07,-0.00730787
1.044239e-07,-0.000826745
1.044739e-07,-0.000826745
1.045239e-07,-0.00483625
1.045739e-07,-0.00736279
1.046239e-07,-0.00977948
1.046739e-07,-0.0140362
1.047239e-07,-0.0141185
1.047739e-07,-0.0115096
1.048239e-07,-0.010109
1.048739e-07,-0.0116744
1.049239e-07,-0.0131574
1.049739e-07,-0.0069234
1.050239e-07,-0.00104644
1.050739e-07,-0.00645653
1.051239e-07,-0.0152445
1.051739e-07,-0.0169746
1.052239e-07,-0.0143108
1.052739e-07,-0.0161508
1.053239e-07,-0.0179084
1.053739e-07,-0.0103562
1.054239e-07,-0.00280404
1.054739e-07,0.00194696
1.055239e-07,0.0119982
1.055739e-07,0.019468
1.056239e-07,0.021967
1.056739e-07,0.0277067
1.057239e-07,0.0244661
1.057739e-07,0.00886748
1.058239e-07,0.00458335
1.058739e-07,0.0114489
1.059239e-07,0.0144423
1.059739e-07,0.0122454
1.060239e-07,0.00768659
1.060739e-07,0.00686272
1.061239e-07,0.00930688
1.061739e-07,0.00730212
1.062239e-07,0.00664302
1.062739e-07,0.0196602
1.063239e-07,0.0340779
1.063739e-07,0.0387466
1.064239e-07,0.0423991
1.064739e-07,0.0385818
1.065239e-07,0.0246858
1.065739e-07,0.0205939
1.066239e-07,0.0238345
1.066739e-07,0.0173808
1.067239e-07,0.0117785
1.067739e-07,0.014662
1.068239e-07,0.0153761
1.068739e-07,0.0116961
1.069239e-07,0.00364962
1.069739e-07,-0.00491864
1.070239e-07,-0.0092577
1.070739e-07,-0.00876338
1.071239e-07,0.000299213
1.071739e-07,0.003375
1.072239e-07,-0.00445178
1.072739e-07,-0.00156823
1.073239e-07,0.00491289
1.073739e-07,-0.00118376
1.074239e-07,-0.00750011
1.074739e-07,-0.00741772
1.075239e-07,-0.0103562
1.075739e-07,-0.0140362
1.076239e-07,-0.0119765
1.076739e-07,-0.0120039
1.077239e-07,-0.0166451
1.077739e-07,-0.0214235
1.078239e-07,-0.0318592
1.078739e-07,-0.0440525
1.079239e-07,-0.0431463
1.079739e-07,-0.0343034
1.080239e-07,-0.0307607
1.080739e-07,-0.0209841
1.081239e-07,-0.00272165
1.081739e-07,0.00296306
1.082239e-07,0.00373201
1.082739e-07,0.0122454
1.083239e-07,0.0153211
1.083739e-07,0.0129319
1.084239e-07,0.0141677
1.084739e-07,0.0137832
1.085239e-07,0.00952657
1.085739e-07,0.00650571
1.086239e-07,0.00235889
1.086739e-07,0.00101323
1.087239e-07,0.00903225
1.087739e-07,0.0095815
1.088239e-07,-0.00198017
1.088739e-07,-0.00563266
1.089239e-07,-0.00252941
1.089739e-07,-0.000716896
1.090239e-07,-0.000222573
1.090739e-07,-0.00255688
1.091239e-07,-0.00099152
1.091739e-07,0.00834569
1.092239e-07,0.0185342
1.092739e-07,0.0234225
1.093239e-07,0.024933
1.093739e-07,0.0280088
1.094239e-07,0.0324577
1.094739e-07,0.0344899
1.095239e-07,0.0309472
1.095739e-07,0.0266082
1.096239e-07,0.02713
1.096739e-07,0.0267455
1.097239e-07,0.0229282
1.097739e-07,0.0153211
1.098239e-07,0.0054896
1.098739e-07,0.00109562
1.099239e-07,-0.00107391
1.099739e-07,-0.000112723
1.100239e-07,0.00664302
1.100739e-07,0.0119158
1.101239e-07,0.0146895
1.101739e-07,0.0155683
1.102239e-07,0.0146346
1.102739e-07,0.0123552
1.103239e-07,0.00529737
1.103739e-07,-0.00343567
1.104239e-07,-0.00774727
1.104739e-07,-0.0123884
1.105239e-07,-0.0156839
1.105739e-07,-0.00895561
1.106239e-07,0.00134278
1.106739e-07,0.00719227
1.107239e-07,0.011037
1.107739e-07,0.0175731
1.108239e-07,0.0232852
1.108739e-07,0.02161
1.109239e-07,0.0168041
1.109739e-07,0.0108997
1.110239e-07,0.00422633
1.110739e-07,0.00312784
1.111239e-07,0.00524244
1.111739e-07,0.00645079
1.112239e-07,0.00754928
1.112739e-07,0.00579169
1.113239e-07,0.00535229
1.113739e-07,0.0115039
1.114239e-07,0.0136734
1.114739e-07,0.00540722
1.115239e-07,-0.00134853
1.115739e-07,0.00389679
1.116239e-07,0.013234
1.116739e-07,0.0120257
1.117239e-07,0.00900479
1.117739e-07,0.017271
1.118239e-07,0.022736
1.118739e-07,0.0213079
1.119239e-07,0.0226811
1.119739e-07,0.0231479
1.120239e-07,0.0251527
1.120739e-07,0.0294368
1.121239e-07,0.0288601
1.121739e-07,0.0239993
1.122239e-07,0.0154859
1.122739e-07,0.005929
1.123239e-07,0.000656224
1.123739e-07,0.0024962
1.124239e-07,0.0101033
1.124739e-07,0.0158978
1.125239e-07,0.0163098
1.125739e-07,0.0175456
1.126239e-07,0.0206763
1.126739e-07,0.0228458
1.127239e-07,0.0243288
1.127739e-07,0.0171337
1.128239e-07,0.00332008
1.128739e-07,-0.000222573
1.129239e-07,-0.000689433
1.129739e-07,-0.00640161
1.130239e-07,-0.00379268
1.130739e-07,0.000244288
1.131239e-07,-0.00137599
1.131739e-07,0.00601139
1.132239e-07,0.0133438
1.132739e-07,0.0108448
1.133239e-07,0.0125749
1.133739e-07,0.0129044
1.134239e-07,0.0014801
1.134739e-07,-0.0101914
1.135239e-07,-0.0118392
1.135739e-07,-0.00425954
1.136239e-07,0.00664302
1.136739e-07,0.0160352
1.137239e-07,0.0231205
1.137739e-07,0.0313866
1.138239e-07,0.0432229
1.138739e-07,0.0493745
1.139239e-07,0.0406964
1.139739e-07,0.028201
1.140239e-07,0.0190286
1.140739e-07,0.00559945
1.141239e-07,-0.00332582
1.141739e-07,-0.00198017
1.142239e-07,-0.00137599
1.142739e-07,0.00180964
1.143239e-07,0.00716481
1.143739e-07,0.0054896
1.144239e-07,0.0014801
1.144739e-07,-0.0051658
1.145239e-07,-0.0117293
1.145739e-07,-0.00846129
1.146239e-07,-0.00414969
1.146739e-07,-0.00181539
1.147239e-07,0.00444603
1.147739e-07,0.00710988
1.148239e-07,0.00216665
1.148739e-07,-0.006484
1.149239e-07,-0.0145579
1.149739e-07,-0.0143382
1.150239e-07,-0.0056052
1.150739e-07,-0.000964057
1.151239e-07,-0.00346313
1.151739e-07,-0.00340821
1.152239e-07,2.45887e-05
1.152739e-07,0.000711148
1.153239e-07,-0.000771821
1.153739e-07,-0.00255688
1.154239e-07,-0.00788458
1.154739e-07,-0.015272
1.155239e-07,-0.0161508
1.155739e-07,-0.00725294
1.156239e-07,0.00617616
1.156739e-07,0.0154035
1.157239e-07,0.0142776
1.157739e-07,0.00933434
1.158239e-07,0.00494036
1.158739e-07,-0.0023921
1.159239e-07,-0.00546789
1.159739e-07,-0.00338075
1.160239e-07,-0.00546789
1.160739e-07,-0.00533058
1.161239e-07,0.00139771
1.161739e-07,0.000683686
1.162239e-07,-0.0062643
1.162739e-07,-0.00546789
1.163239e-07,-0.00269419
1.163739e-07,-0.00629176
1.164239e-07,-0.0088183
1.164739e-07,-0.00818667
1.165239e-07,-0.0125532
1.165739e-07,-0.0163979
1.166239e-07,-0.00714309
1.166739e-07,0.00716481
1.167239e-07,0.0152388
1.167739e-07,0.0235049
1.168239e-07,0.0322105
1.168739e-07,0.0350666
1.169239e-07,0.032238
1.169739e-07,0.0285855
1.170239e-07,0.0280911
1.170739e-07,0.0216924
1.171239e-07,0.0095815
1.171739e-07,0.00411648
1.172239e-07,0.00831823
1.172739e-07,0.0179575
1.173239e-07,0.0223515
1.173739e-07,0.0219121
1.174239e-07,0.0251252
1.174739e-07,0.0257843
1.175239e-07,0.0137283
1.175739e-07,-0.0079395
1.176239e-07,-0.0173866
1.176739e-07,-0.006484
1.177239e-07,0.00321023
1.177739e-07,0.00661556
1.178239e-07,0.0146895
1.178739e-07,0.0201271
1.179239e-07,0.0176829
1.179739e-07,0.00966389
1.180239e-07,-0.00601714
1.180739e-07,-0.0154367
1.181239e-07,-0.0125257
1.181739e-07,-0.0154093
1.182239e-07,-0.0213411
1.182739e-07,-0.0216432
1.183239e-07,-0.0184027
1.183739e-07,-0.00620937
1.184239e-07,0.00290814
1.184739e-07,-0.000634509
1.185239e-07,-0.00491864
1.185739e-07,-0.00579744
1.186239e-07,-0.000277498
1.186739e-07,0.0074669
1.187239e-07,0.00213919
1.187739e-07,-0.0113448
1.188239e-07,-0.0146953
1.188739e-07,-0.00983441
1.189239e-07,-0.00826905
1.189739e-07,-0.00552281
1.190239e-07,0.000875923
1.190739e-07,0.00700004
1.191239e-07,0.00974627
1.191739e-07,0.0044735
1.192239e-07,-0.000552121
1.192739e-07,0.00367709
1.193239e-07,0.0113391
1.193739e-07,0.0155683
1.194239e-07,0.0188912
1.194739e-07,0.0221043
1.195239e-07,0.0176554
1.195739e-07,0.00919703
1.196239e-07,0.00763167
1.196739e-07,0.00999344
1.197239e-07,0.00894986
1.197739e-07,0.00840062
1.198239e-07,0.0135086
1.198739e-07,0.0176554
1.199239e-07,0.0165844
1.199739e-07,0.0122179
1.200239e-07,0.00790629
1.200739e-07,0.0123827
1.201239e-07,0.020896
1.201739e-07,0.0209235
1.202239e-07,0.0145522
1.202739e-07,0.00949911
1.203239e-07,0.00790629
1.203739e-07,0.00807107
1.204239e-07,0.00598393
1.204739e-07,0.00112308
1.205239e-07,-0.000771821
1.205739e-07,-0.00115629
1.206239e-07,-0.00489118
1.206739e-07,-0.0165627
1.207239e-07,-0.0257901
1.207739e-07,-0.01486
1.208239e-07,-0.00568759
1.208739e-07,-0.0128827
1.209239e-07,-0.0169746
1.209739e-07,-0.0154367
1.210239e-07,-0.0105484
1.210739e-07,0.000930848
1.211239e-07,0.0142776
1.211739e-07,0.0192208
1.212239e-07,0.0108997
1.212739e-07,0.00433618
1.213239e-07,0.00452842
1.213739e-07,0.00296306
1.214239e-07,0.00458335
1.214739e-07,0.00172726
1.215239e-07,-0.00697832
1.215739e-07,-0.00467148
1.216239e-07,-0.00393
1.216739e-07,-0.0117293
1.217239e-07,-0.0103013
1.217739e-07,-0.00631922
1.218239e-07,-0.00719802
1.218739e-07,-0.00299627
1.219239e-07,0.00406156
1.219739e-07,0.00834569
1.220239e-07,0.0123277
1.220739e-07,0.0173808
1.221239e-07,0.0209784
1.221739e-07,0.0221867
1.222239e-07,0.0227085
1.222739e-07,0.0226811
1.223239e-07,0.0215826
1.223739e-07,0.0224339
1.224239e-07,0.0239718
1.224739e-07,0.0204566
1.225239e-07,0.0152937
1.225739e-07,0.00949911
1.226239e-07,0.00235889
1.226739e-07,0.00334754
1.227239e-07,0.00774152
1.227739e-07,0.00263352
1.228239e-07,-0.00236464
1.228739e-07,0.0038144
1.229239e-07,0.0120257
1.229739e-07,0.0135361
1.230239e-07,0.0137283
1.230739e-07,0.013234
1.231239e-07,0.0117785
1.231739e-07,0.00974627
1.232239e-07,-0.00252941
1.232739e-07,-0.0181555
1.233239e-07,-0.0293602
1.233739e-07,-0.0423224
1.234239e-07,-0.0494352
1.234739e-07,-0.0455904
1.235239e-07,-0.0390269
1.235739e-07,-0.0317494
1.236239e-07,-0.0240325
1.236739e-07,-0.0163979
1.237239e-07,-0.00219986
1.237739e-07,0.012877
1.238239e-07,0.0219121
1.238739e-07,0.0280088
1.239239e-07,0.0249604
1.239739e-07,0.0144423
1.240239e-07,0.00642333
1.240739e-07,0.00285321
1.241239e-07,0.00463827
1.241739e-07,0.00955404
1.242239e-07,0.0116686
1.242739e-07,0.00884002
1.243239e-07,0.00428126
1.243739e-07,0.00158994
1.244239e-07,0.00370455
1.244739e-07,0.0116412
1.245239e-07,0.013234
1.245739e-07,0.00285321
1.246239e-07,-0.000854208
1.246739e-07,0.0108448
1.247239e-07,0.0251801
1.247739e-07,0.0312219
1.248239e-07,0.0278989
1.248739e-07,0.0199623
1.249239e-07,0.0119433
1.249739e-07,0.00905971
1.250239e-07,0.0130692
1.250739e-07,0.0153486
1.251239e-07,0.015431
1.251739e-07,0.0204841
1.252239e-07,0.0241915
1.252739e-07,0.0226811
1.253239e-07,0.0219121
1.253739e-07,0.019468
1.254239e-07,0.0112567
1.254739e-07,0.00430872
1.255239e-07,-0.000442272
1.255739e-07,-0.00755503
1.256239e-07,-0.00939501
1.256739e-07,-0.00972456
1.257239e-07,-0.0116195
1.257739e-07,-0.00431447
1.258239e-07,-0.000250035
1.258739e-07,-0.00167808
1.259239e-07,0.00562692
1.259739e-07,0.00829077
1.260239e-07,0.00183711
1.260739e-07,-0.000112723
1.261239e-07,0.00441857
1.261739e-07,0.00790629
1.262239e-07,0.00137025
1.262739e-07,-0.0107132
1.263239e-07,-0.0148875
1.263739e-07,-0.00958725
1.264239e-07,-0.00997172
1.264739e-07,-0.0190068
1.265239e-07,-0.0187597
1.265739e-07,-0.0118941
1.266239e-07,-0.00914785
1.266739e-07,-0.00280404
1.267239e-07,0.00623109
1.267739e-07,0.0102406
1.268239e-07,0.00675287
1.268739e-07,-0.000826745
1.269239e-07,0.000820998
1.269739e-07,0.0112018
1.270239e-07,0.017271
1.270739e-07,0.0182596
1.271239e-07,0.0159253
1.271739e-07,0.010323
1.272239e-07,0.000985772
1.272739e-07,-0.00799443
1.273239e-07,-0.00972456
1.273739e-07,-0.0162606
1.274239e-07,-0.0246641
1.274739e-07,-0.0143932
1.275239e-07,0.0014801
1.275739e-07,0.00971881
1.276239e-07,0.0170513
1.276739e-07,0.021665
1.277239e-07,0.0232028
1.277739e-07,0.0241091
1.278239e-07,0.0225712
1.278739e-07,0.0174907
1.279239e-07,0.0128221
1.279739e-07,0.0126573
1.280239e-07,0.0112567
1.280739e-07,0.00598393
1.281239e-07,0.00631348
1.281739e-07,0.0106525
1.282239e-07,0.00856539
1.282739e-07,0.00754928
1.283239e-07,0.0113666
1.283739e-07,0.00853793
1.284239e-07,0.00436365
1.284739e-07,0.0145522
1.285239e-07,0.0313317
1.285739e-07,0.0386642
1.286239e-07,0.0387191
1.286739e-07,0.0326499
1.287239e-07,0.026718
1.287739e-07,0.0272947
1.288239e-07,0.0180674
1.288739e-07,-0.00464402
1.289239e-07,-0.0234832
1.289739e-07,-0.0283715
1.290239e-07,-0.0181555
1.290739e-07,-0.00640161
1.291239e-07,-0.00706071
1.291739e-07,-0.00994426
1.292239e-07,-0.0114822
1.292739e-07,-0.017826
1.293239e-07,-0.0197209
1.293739e-07,-0.0184027
1.294239e-07,-0.0198033
1.294739e-07,-0.0165352
1.295239e-07,-0.0104935
1.295739e-07,-0.00675862
1.296239e-07,-0.00143092
1.296739e-07,0.00455588
1.297239e-07,0.0057093
1.297739e-07,0.00373201
1.298239e-07,0.00145263
1.298739e-07,-0.00508342
1.299239e-07,-0.011235
1.299739e-07,-0.00906546
1.300239e-07,-0.00522073
1.300739e-07,-0.00154077
1.301239e-07,0.00656064
1.301739e-07,0.0132065
1.302239e-07,0.0194405
1.302739e-07,0.0269652
1.303239e-07,0.026718
1.303739e-07,0.024878
1.304239e-07,0.0228458
1.304739e-07,0.00900479
1.305239e-07,-0.00467148
1.305739e-07,-0.00623684
1.306239e-07,-0.00434193
1.306739e-07,0.00364962
1.307239e-07,0.0192483
1.307739e-07,0.0207312
1.308239e-07,0.0082633
1.308739e-07,0.00299053
1.309239e-07,0.00279829
1.309739e-07,0.00180964
1.310239e-07,0.00529737
1.310739e-07,0.00595646
1.311239e-07,-0.00225479
1.311739e-07,-0.00266673
1.312239e-07,0.00785137
1.312739e-07,0.0122179
1.313239e-07,0.0117236
1.313739e-07,0.0138382
1.314239e-07,0.0115313
1.314739e-07,0.00754928
1.315239e-07,0.00993851
1.315739e-07,0.00963642
1.316239e-07,0.00329261
1.316739e-07,-0.001733
1.317239e-07,-0.00445178
1.317739e-07,-0.00338075
1.318239e-07,-0.00198017
1.318739e-07,-0.00821413
1.319239e-07,-0.0128278
1.319739e-07,-0.000579584
1.320239e-07,0.0133164
1.320739e-07,0.00908718
1.321239e-07,0.00634094
1.321739e-07,0.0133438
1.322239e-07,0.0105976
1.322739e-07,0.00472066
1.323239e-07,0.00669795
1.323739e-07,0.00971881
1.324239e-07,0.0127122
1.324739e-07,0.012877
1.325239e-07,0.00142517
1.325739e-07,-0.00892815
1.326239e-07,0.00238635
1.326739e-07,0.0180399
1.327239e-07,0.0171062
1.327739e-07,0.0142776
1.328239e-07,0.0157056
1.328739e-07,0.0124925
1.329239e-07,0.01252
1.329739e-07,0.0202094
1.330239e-07,0.019825
1.330739e-07,0.0104603
1.331239e-07,0.011037
1.331739e-07,0.0184519
1.332239e-07,0.0157605
1.332739e-07,0.00790629
1.333239e-07,0.00927941
1.333739e-07,0.013234
1.334239e-07,0.00760421
1.334739e-07,-0.00274911
1.335239e-07,-0.00909292
1.335739e-07,-0.00955978
1.336239e-07,-0.0105759
1.336739e-07,-0.0154917
1.337239e-07,-0.0163155
1.337739e-07,-0.0128827
1.338239e-07,-0.00826905
1.338739e-07,0.00216665
1.339239e-07,0.0163647
1.339739e-07,0.0304529
1.340239e-07,0.0433328
1.340739e-07,0.0477817
1.341239e-07,0.0417125
1.341739e-07,0.0353687
1.342239e-07,0.0317162
1.342739e-07,0.0243563
1.343239e-07,0.0127397
1.343739e-07,0.00323769
1.344239e-07,-0.00200763
1.344739e-07,-0.00862606
1.345239e-07,-0.00780219
1.345739e-07,0.00419887
1.346239e-07,0.00312784
1.346739e-07,-0.00832398
1.347239e-07,-0.0047264
1.347739e-07,0.00400663
1.348239e-07,0.00375947
1.348739e-07,0.00645079
1.349239e-07,0.0130967
1.349739e-07,0.0155683
1.350239e-07,0.0203193
1.350739e-07,0.0228184
1.351239e-07,0.0138107
1.351739e-07,0.00730212
1.352239e-07,0.00754928
1.352739e-07,0.00505021
1.353239e-07,0.00499528
1.353739e-07,0.0108173
1.354239e-07,0.0136459
1.354739e-07,0.00771406
1.355239e-07,-0.00280404
1.355739e-07,-0.00596221
1.356239e-07,0.00164487
1.356739e-07,0.0052699
1.357239e-07,0.00285321
1.357739e-07,0.00678034
1.358239e-07,0.00606631
1.358739e-07,7.95135e-05
1.359239e-07,0.00881255
1.359739e-07,0.0162823
1.360239e-07,0.00738451
1.360739e-07,-0.000634509
1.361239e-07,-0.00167808
1.361739e-07,0.00137025
1.362239e-07,0.00499528
1.362739e-07,0.00645079
1.363239e-07,0.00999344
1.363739e-07,0.0093618
1.364239e-07,0.00230397
1.364739e-07,-8.52608e-05
1.365239e-07,-0.0021724
1.365739e-07,-0.00782965
1.366239e-07,-0.00640161
1.366739e-07,-0.00258434
1.367239e-07,-0.00686847
1.367739e-07,-0.0116195
1.368239e-07,-0.00769234
1.368739e-07,-0.00184285
1.369239e-07,-0.0056052
1.369739e-07,-0.0114547
1.370239e-07,-0.0107956
1.370739e-07,-0.0125532
1.371239e-07,-0.0190068
1.371739e-07,-0.0239226
1.372239e-07,-0.0212313
1.372739e-07,-0.0143932
1.373239e-07,-0.00700578
1.373739e-07,0.00507767
1.374239e-07,0.0133164
1.374739e-07,0.0124651
1.375239e-07,0.0132065
1.375739e-07,0.0145522
1.376239e-07,0.00700004
1.376739e-07,0.00683526
1.377239e-07,0.0218846
1.377739e-07,0.0298762
1.378239e-07,0.029684
1.378739e-07,0.0275694
1.379239e-07,0.0187539
1.379739e-07,0.0120531
1.380239e-07,0.00886748
1.380739e-07,-0.00099152
1.381239e-07,-0.0105484
1.381739e-07,-0.0113174
1.382239e-07,-0.00651146
1.382739e-07,0.000189363
1.383239e-07,0.00760421
1.383739e-07,0.0175731
1.384239e-07,0.0272947
1.384739e-07,0.0307275
1.385239e-07,0.0282559
1.385739e-07,0.026361
1.386239e-07,0.0258392
1.386739e-07,0.0157605
1.387239e-07,0.00186457
1.387739e-07,0.00244128
1.388239e-07,0.00463827
1.388739e-07,-0.00601714
1.389239e-07,-0.00955978
1.389739e-07,0.000875923
1.390239e-07,0.00647825
1.390739e-07,0.00362216
1.391239e-07,-0.00118376
1.391739e-07,-0.0107132
1.392239e-07,-0.0165627
1.392739e-07,-0.00656638
1.393239e-07,0.0070275
1.393739e-07,0.0143325
1.394239e-07,0.0204566
1.394739e-07,0.0259765
1.395239e-07,0.0276792
1.395739e-07,0.0259491
1.396239e-07,0.0231754
1.396739e-07,0.0131241
1.397239e-07,0.000820998
1.397739e-07,-0.00269419
1.398239e-07,-0.00854368
1.398739e-07,-0.0140087
1.399239e-07,-0.0129102
1.399739e-07,-0.0140087
1.400239e-07,-0.00785712
1.400739e-07,0.00389679
1.401239e-07,0.00653317
1.401739e-07,0.00634094
1.402239e-07,0.00754928
1.402739e-07,0.00373201
1.403239e-07,-0.00351806
1.403739e-07,-0.00464402
1.404239e-07,0.00139771
1.404739e-07,0.00488543
1.405239e-07,0.00612124
1.405739e-07,0.0129044
1.406239e-07,0.0115588
1.406739e-07,-0.00807682
1.407239e-07,-0.0194188
1.407739e-07,-0.0094774
1.408239e-07,0.00139771
1.408739e-07,0.00491289
1.409239e-07,0.00716481
1.409739e-07,0.00867524
1.410239e-07,0.0116961
1.410739e-07,0.0184793
1.411239e-07,0.0213079
1.411739e-07,0.0166943
1.412239e-07,0.0093618
1.412739e-07,0.000738611
1.413239e-07,-0.00362791
1.413739e-07,0.00274337
1.414239e-07,0.0125749
1.414739e-07,0.0141128
1.415239e-07,0.0105701
1.415739e-07,0.0138107
1.416239e-07,0.0164471
1.416739e-07,0.0044735
1.417239e-07,-0.0083789
1.417739e-07,-0.00708817
1.418239e-07,-0.00475387
1.418739e-07,-0.00447924
1.419239e-07,0.00384186
1.419739e-07,0.00886748
1.420239e-07,0.00178218
1.420739e-07,-0.00302374
1.421239e-07,0.000628761
1.421739e-07,0.00150756
1.422239e-07,0.00172726
1.422739e-07,0.00461081
1.423239e-07,-0.000854208
1.423739e-07,-0.0107407
1.424239e-07,-0.0104111
1.424739e-07,-0.00134853
1.425239e-07,0.000793536
1.425739e-07,-0.00181539
1.426239e-07,0.00581915
1.426739e-07,0.0112292
1.427239e-07,0.00128786
1.427739e-07,-0.0085986
1.428239e-07,-0.0120314
1.428739e-07,-0.0161782
1.429239e-07,-0.0162881
1.429739e-07,-0.0104386
1.430239e-07,-0.00975202
1.430739e-07,-0.0171943
1.431239e-07,-0.0171943
1.431739e-07,-0.00156823
1.432239e-07,0.0110919
1.432739e-07,0.011751
1.433239e-07,0.0123552
1.433739e-07,0.0120531
1.434239e-07,0.00573677
1.434739e-07,-0.00255688
1.435239e-07,-0.0113998
1.435739e-07,-0.0133496
1.436239e-07,-0.00162315
1.436739e-07,0.00859285
1.437239e-07,0.0103779
1.437739e-07,0.0164471
1.438239e-07,0.024219
1.438739e-07,0.0258667
1.439239e-07,0.0258667
1.439739e-07,0.0233127
1.440239e-07,0.016502
1.440739e-07,0.00881255
1.441239e-07,-0.000716896
1.441739e-07,-0.00527565
1.442239e-07,0.00353977
1.442739e-07,0.0161175
1.443239e-07,0.0210882
1.443739e-07,0.0237246
1.444239e-07,0.0303705
1.444739e-07,0.0320732
1.445239e-07,0.0247133
1.445739e-07,0.0215276
1.446239e-07,0.0210333
1.446739e-07,0.00568184
1.447239e-07,-0.0170296
1.447739e-07,-0.0247465
1.448239e-07,-0.02038
1.448739e-07,-0.0199406
1.449239e-07,-0.025076
1.449739e-07,-0.0235931
1.450239e-07,-0.0104935
1.450739e-07,-0.00324344
1.451239e-07,-0.00678608
1.451739e-07,-0.00088167
1.452239e-07,0.0107349
1.452739e-07,0.0112842
1.453239e-07,0.0087027
1.453739e-07,0.00669795
1.454239e-07,0.00238635
1.454739e-07,-0.00132107
1.455239e-07,-0.00129361
1.455739e-07,0.00617616
1.456239e-07,0.0144149
1.456739e-07,0.0211981
1.457239e-07,0.0294917
1.457739e-07,0.0349018
1.458239e-07,0.0368791
1.458739e-07,0.0369066
1.459239e-07,0.0395704
1.459739e-07,0.0375107
1.460239e-07,0.0157331
1.460739e-07,-0.00587982
1.461239e-07,-0.00824159
1.461739e-07,-0.00662131
1.462239e-07,-0.00393
1.462739e-07,0.00340246
1.463239e-07,0.00299053
1.463739e-07,-0.00241956
1.464239e-07,0.00131532
1.464739e-07,0.00952657
1.465239e-07,0.0107349
1.465739e-07,0.00947165
1.466239e-07,0.00993851
1.466739e-07,0.00774152
1.467239e-07,0.00576423
1.467739e-07,0.00540722
1.468239e-07,0.00375947
1.468739e-07,-0.00121122
1.469239e-07,-0.00728041
1.469739e-07,-0.00719802
1.470239e-07,-0.00384761
1.470739e-07,-0.00519326
1.471239e-07,-0.00901054
1.471739e-07,-0.0103013
1.472239e-07,-0.0155466
1.472739e-07,-0.0187597
1.473239e-07,-0.0132672
1.473739e-07,-0.0148051
1.474239e-07,-0.0160134
1.474739e-07,-0.00730787
1.475239e-07,-0.00233718
1.475739e-07,0.00433618
1.476239e-07,0.0153211
1.476739e-07,0.016145
1.477239e-07,0.0133164
1.477739e-07,0.0118609
1.478239e-07,-0.00118376
1.478739e-07,-0.0117568
1.479239e-07,-0.00373776
1.479739e-07,0.00169979
1.480239e-07,-0.00387507
1.480739e-07,-0.00590729
1.481239e-07,-0.000442272
1.481739e-07,0.00625855
1.482239e-07,0.0113666
1.482739e-07,0.0174357
1.483239e-07,0.0199348
1.483739e-07,0.0113391
1.484239e-07,-0.0047264
1.484739e-07,-0.00590729
1.485239e-07,0.00741197
1.485739e-07,0.0114215
1.486239e-07,0.00971881
1.486739e-07,0.00905971
1.487239e-07,0.0106525
1.487739e-07,0.0154859
1.488239e-07,0.0137832
1.488739e-07,0.0061487
1.489239e-07,0.00279829
1.489739e-07,0.00612124
1.490239e-07,0.00952657
1.490739e-07,0.00938926
1.491239e-07,0.00675287
1.491739e-07,0.00263352
1.492239e-07,0.000546374
1.492739e-07,-0.00346313
1.493239e-07,-0.0128553
1.493739e-07,-0.0171394
1.494239e-07,-0.0141735
1.494739e-07,-0.0142284
1.495239e-07,-0.018183
1.495739e-07,-0.01854
1.496239e-07,-0.0158487
1.496739e-07,-0.0156564
1.497239e-07,-0.0120039
1.497739e-07,-0.00104644
1.498239e-07,0.00977374
1.498739e-07,0.0126847
1.499239e-07,0.0102406
1.499739e-07,0.00933434
1.500239e-07,0.00494036
1.500739e-07,0.00095831
1.501239e-07,-0.00115629
1.501739e-07,-0.00684101
1.502239e-07,-0.00758249
1.502739e-07,-0.00966963
1.503239e-07,-0.014146
1.503739e-07,-0.00673116
1.504239e-07,0.00299053
1.504739e-07,0.0024962
1.505239e-07,-0.00250195
1.505739e-07,-0.00846129
1.506239e-07,-0.0128278
1.506739e-07,-0.00928516
1.507239e-07,-0.00406731
1.507739e-07,-0.00214494
1.508239e-07,0.00647825
1.508739e-07,0.0180948
1.509239e-07,0.0219396
1.509739e-07,0.0256745
1.510239e-07,0.0320732
1.510739e-07,0.0313866
1.511239e-07,0.0232578
1.511739e-07,0.011037
1.512239e-07,-0.00274911
1.512739e-07,-0.00637415
1.513239e-07,0.0010407
1.513739e-07,0.00332008
1.514239e-07,0.00235889
1.514739e-07,0.00535229
1.515239e-07,0.00779644
1.515739e-07,0.0124651
1.516239e-07,0.0138382
1.516739e-07,0.00617616
1.517239e-07,0.00213919
1.517739e-07,0.00364962
1.518239e-07,0.00205681
1.518739e-07,0.00106816
1.519239e-07,0.00710988
1.519739e-07,0.0113666
1.520239e-07,0.00752182
1.520739e-07,0.0052699
1.521239e-07,0.00573677
1.521739e-07,0.00757675
1.522239e-07,0.010323
1.522739e-07,0.00557199
1.523239e-07,-8.52608e-05
1.523739e-07,-0.000497197
1.524239e-07,-0.00483625
1.524739e-07,-0.0110977
1.525239e-07,-0.0136791
1.525739e-07,-0.0195286
1.526239e-07,-0.0281518
1.526739e-07,-0.0257901
1.527239e-07,-0.0142833
1.527739e-07,-0.00912039
1.528239e-07,-0.00912039
1.528739e-07,-0.00846129
1.529239e-07,-0.00898307
1.529739e-07,-0.00914785
1.530239e-07,-0.0143382
1.530739e-07,-0.0228241
1.531239e-07,-0.0228516
1.531739e-07,-0.0216432
1.532239e-07,-0.0252133
1.532739e-07,-0.0257351
1.533239e-07,-0.0234832
1.533739e-07,-0.0210391
1.534239e-07,-0.0161233
1.534739e-07,-0.010521
1.535239e-07,-0.010466
1.535739e-07,-0.013075
1.536239e-07,-0.00662131
1.536739e-07,0.000106976
1.537239e-07,-0.00277657
1.537739e-07,-0.00420462
1.538239e-07,-0.00244703
1.538739e-07,-0.00206255
1.539239e-07,-0.00840636
1.539739e-07,-0.016343
1.540239e-07,-0.0121962
1.540739e-07,-0.0132123
1.541239e-07,-0.030184
1.541739e-07,-0.0394389
1.542239e-07,-0.0308157
1.542739e-07,-0.0144206
1.543239e-07,-0.00442432
1.543739e-07,-0.00244703
1.544239e-07,0.00452842
1.544739e-07,0.0112567
1.545239e-07,0.0089224
1.545739e-07,0.00779644
1.546239e-07,0.00787883
1.546739e-07,0.00244128
1.547239e-07,-0.00299627
1.547739e-07,-0.00491864
1.548239e-07,0.0003816
1.548739e-07,0.0130143
1.549239e-07,0.0205939
1.549739e-07,0.0236972
1.550239e-07,0.0299586
1.550739e-07,0.0323753
1.551239e-07,0.0258118
1.551739e-07,0.0191384
1.552239e-07,0.0171062
1.552739e-07,0.00831823
1.553239e-07,-0.00134853
1.553739e-07,0.00299053
1.554239e-07,0.0065881
1.554739e-07,0.00466573
1.555239e-07,0.00801614
1.555739e-07,0.0121355
1.556239e-07,0.0206763
1.556739e-07,0.0282285
1.557239e-07,0.021253
1.557739e-07,0.0151289
1.558239e-07,0.0108173
1.558739e-07,0.00123293
1.559239e-07,-0.00123868
1.559739e-07,-0.00228225
1.560239e-07,-0.00425954
1.560739e-07,-0.000661971
1.561239e-07,0.000491449
1.561739e-07,-0.0030512
1.562239e-07,-0.00656638
1.562739e-07,-0.00266673
1.563239e-07,0.00672541
1.563739e-07,0.00735705
1.564239e-07,0.00386932
1.564739e-07,0.00153502
1.565239e-07,-0.00162315
1.565739e-07,0.00233143
1.566239e-07,0.00340246
1.566739e-07,-0.00167808
1.567239e-07,-0.00211748
1.567739e-07,-0.00406731
1.568239e-07,-0.00159569
1.568739e-07,0.00809853
1.569239e-07,0.0082633
1.569739e-07,-0.000964057
1.570239e-07,-0.00884576
1.570739e-07,-0.0147776
1.571239e-07,-0.0195836
1.571739e-07,-0.0240874
1.572239e-07,-0.0282067
1.572739e-07,-0.0250211
1.573239e-07,-0.0195561
1.573739e-07,-0.0104111
1.574239e-07,0.00862032
1.574739e-07,0.00738451
1.575239e-07,-0.0129102
1.575739e-07,-0.0112075
1.576239e-07,0.00290814
1.576739e-07,0.00562692
1.577239e-07,0.0057093
1.577739e-07,0.00782391
1.578239e-07,0.00428126
1.578739e-07,0.000573836
1.579239e-07,0.00296306
1.579739e-07,0.000820998
1.580239e-07,-0.00403984
1.580739e-07,-0.00579744
1.581239e-07,-0.00912039
1.581739e-07,-0.00777473
1.582239e-07,-0.0021724
1.582739e-07,-0.00461655
1.583239e-07,-0.0101914
1.583739e-07,-0.0126081
1.584239e-07,-0.0194737
1.584739e-07,-0.0261196
1.585239e-07,-0.0270259
1.585739e-07,-0.0296073
1.586239e-07,-0.0318043
1.586739e-07,-0.0280145
1.587239e-07,-0.0191991
1.587739e-07,-0.00461655
1.588239e-07,0.00576423
1.588739e-07,0.00535229
1.589239e-07,0.00993851
1.589739e-07,0.0155958
1.590239e-07,0.0115863
1.590739e-07,0.0113116
1.591239e-07,0.0115588
1.591739e-07,0.00768659
1.592239e-07,0.00993851
1.592739e-07,0.00905971
1.593239e-07,0.00186457
1.593739e-07,5.20511e-05
1.594239e-07,-0.00181539
1.594739e-07,-0.00730787
1.595239e-07,-0.0125257
1.595739e-07,-0.0165078
1.596239e-07,-0.0201603
