LECROYWR640Zi,59892,Waveform
Segments,1,SegmentSize,4002
Segment,TrigTime,TimeSinceSegment1
#1,01-Nov-2023 13:36:56,0                 
Time,Ampl
-4.042812e-08,-0.0155191
-4.037812e-08,-0.0171943
-4.032812e-08,-0.00758249
-4.027812e-08,0.00095831
-4.022812e-08,0.00474812
-4.017812e-08,0.0179301
-4.012812e-08,0.0260589
-4.007812e-08,0.0198524
-4.002812e-08,0.0177104
-3.997812e-08,0.0211157
-3.992812e-08,0.0183145
-3.987812e-08,0.00952657
-3.982812e-08,0.00463827
-3.977812e-08,0.005929
-3.972812e-08,0.00628601
-3.967812e-08,0.0101307
-3.962812e-08,0.0157331
-3.957812e-08,0.0102681
-3.952812e-08,0.00411648
-3.947812e-08,0.0124651
-3.942812e-08,0.0219396
-3.937812e-08,0.0197975
-3.932812e-08,0.00919703
-3.927812e-08,-0.00118376
-3.922812e-08,0.00106816
-3.917812e-08,0.00900479
-3.912812e-08,0.0125474
-3.907812e-08,0.0165844
-3.902812e-08,0.0152662
-3.897812e-08,0.0107624
-3.892812e-08,0.0148817
-3.887812e-08,0.0130967
-3.882812e-08,0.00285321
-3.877812e-08,0.00230397
-3.872812e-08,0.000766073
-3.867812e-08,-0.014146
-3.862812e-08,-0.0204898
-3.857812e-08,-0.00829651
-3.852812e-08,-0.00741772
-3.847812e-08,-0.020325
-3.842812e-08,-0.0211764
-3.837812e-08,-0.017057
-3.832812e-08,-0.0134045
-3.827812e-08,-0.00121122
-3.822812e-08,0.00730212
-3.817812e-08,0.00084846
-3.812812e-08,-0.00966963
-3.807812e-08,-0.0085986
-3.802812e-08,0.0012604
-3.797812e-08,-0.00101898
-3.792812e-08,-0.00851621
-3.787812e-08,-0.000661971
-3.782812e-08,0.00738451
-3.777812e-08,0.00587408
-3.772812e-08,0.00735705
-3.767812e-08,0.0115863
-3.762812e-08,0.0127671
-3.757812e-08,0.00960896
-3.752812e-08,0.00430872
-3.747812e-08,0.00362216
-3.742812e-08,0.0063684
-3.737812e-08,0.00678034
-3.732812e-08,0.00502274
-3.727812e-08,0.0065881
-3.722812e-08,0.0140304
-3.717812e-08,0.0213354
-3.712812e-08,0.0266906
-3.707812e-08,0.0271574
-3.702812e-08,0.0218023
-3.697812e-08,0.0225163
-3.692812e-08,0.0285305
-3.687812e-08,0.026004
-3.682812e-08,0.0111194
-3.677812e-08,-0.00450671
-3.672812e-08,-0.00590729
-3.667812e-08,-0.00247449
-3.662812e-08,-0.0104386
-3.657812e-08,-0.0193089
-3.652812e-08,-0.0161508
-3.647812e-08,-0.00703324
-3.642812e-08,0.000711148
-3.637812e-08,0.00867524
-3.632812e-08,0.0169963
-3.627812e-08,0.0188912
-3.622812e-08,0.00713735
-3.617812e-08,-0.0079395
-3.612812e-08,-0.00717056
-3.607812e-08,-0.00225479
-3.602812e-08,-0.014503
-3.597812e-08,-0.02947
-3.592812e-08,-0.0248563
-3.587812e-08,-0.0111251
-3.582812e-08,-0.0141735
-3.577812e-08,-0.0261471
-3.572812e-08,-0.0194462
-3.567812e-08,-0.0106308
-3.562812e-08,-0.0208468
-3.557812e-08,-0.023291
-3.552812e-08,-0.00917531
-3.547812e-08,-0.00376522
-3.542812e-08,-0.00423208
-3.537812e-08,0.00164487
-3.532812e-08,0.00419887
-3.527812e-08,0.00186457
-3.522812e-08,-0.000634509
-3.517812e-08,-0.000222573
-3.512812e-08,0.00867524
-3.507812e-08,0.0165295
-3.502812e-08,0.0163922
-3.497812e-08,0.0155134
-3.492812e-08,0.0125474
-3.487812e-08,0.00279829
-3.482812e-08,-0.00541296
-3.477812e-08,-0.00110137
-3.472812e-08,0.00581915
-3.467812e-08,0.00373201
-3.462812e-08,-8.52608e-05
-3.457812e-08,0.00158994
-3.452812e-08,0.00743943
-3.447812e-08,0.00922449
-3.442812e-08,0.00321023
-3.437812e-08,-0.00299627
-3.432812e-08,-0.00360045
-3.427812e-08,0.00200188
-3.422812e-08,0.0107898
-3.417812e-08,0.016502
-3.412812e-08,0.0189187
-3.407812e-08,0.0191109
-3.402812e-08,0.0166943
-3.397812e-08,0.0187814
-3.392812e-08,0.0206763
-3.387812e-08,0.0165569
-3.382812e-08,0.0239443
-3.377812e-08,0.0354236
-3.372812e-08,0.0311944
-3.367812e-08,0.0281186
-3.362812e-08,0.0334463
-3.357812e-08,0.0294643
-3.352812e-08,0.0124101
-3.347812e-08,0.00084846
-3.342812e-08,0.00211173
-3.337812e-08,-0.00519326
-3.332812e-08,-0.0203525
-3.327812e-08,-0.0220002
-3.322812e-08,-0.0170296
-3.317812e-08,-0.0186498
-3.312812e-08,-0.0184301
-3.307812e-08,-0.00988933
-3.302812e-08,-0.00318851
-3.297812e-08,-0.000222573
-3.292812e-08,0.00384186
-3.287812e-08,0.0010407
-3.282812e-08,-0.00535804
-3.277812e-08,-0.000909132
-3.272812e-08,0.0118609
-3.267812e-08,0.0178751
-3.262812e-08,0.012877
-3.257812e-08,0.0147994
-3.252812e-08,0.0255646
-3.247812e-08,0.0204841
-3.242812e-08,0.00732958
-3.237812e-08,0.00713735
-3.232812e-08,0.00776898
-3.227812e-08,0.00172726
-3.222812e-08,-0.00313359
-3.217812e-08,-0.00458909
-3.212812e-08,-0.00338075
-3.207812e-08,-0.000140186
-3.202812e-08,0.00477558
-3.197812e-08,0.00960896
-3.192812e-08,0.0116137
-3.187812e-08,0.0102131
-3.182812e-08,0.0112292
-3.177812e-08,0.0144423
-3.172812e-08,0.015074
-3.167812e-08,0.0163647
-3.162812e-08,0.0124376
-3.157812e-08,0.00222158
-3.152812e-08,-0.00464402
-3.147812e-08,-0.0118392
-3.142812e-08,-0.0196934
-3.137812e-08,-0.0226319
-3.132812e-08,-0.0207644
-3.127812e-08,-0.0209567
-3.122812e-08,-0.026916
-3.117812e-08,-0.0284539
-3.112812e-08,-0.020737
-3.107812e-08,-0.00912039
-3.102812e-08,-0.00425954
-3.097812e-08,-0.00598967
-3.092812e-08,-0.00346313
-3.087812e-08,-0.00409477
-3.082812e-08,-0.00681355
-3.077812e-08,-0.00307866
-3.072812e-08,7.95135e-05
-3.067812e-08,0.000161901
-3.062812e-08,-0.00450671
-3.057812e-08,-0.0067037
-3.052812e-08,-0.00299627
-3.047812e-08,0.000106976
-3.042812e-08,0.00774152
-3.037812e-08,0.00925195
-3.032812e-08,-0.00519326
-3.027812e-08,-0.0163155
-3.022812e-08,-0.0136242
-3.017812e-08,-0.0118666
-3.012812e-08,-0.0165902
-3.007812e-08,-0.0137066
-3.002812e-08,-0.00879084
-2.997812e-08,-0.0112625
-2.992812e-08,-0.00620937
-2.987812e-08,0.0003816
-2.982812e-08,-0.00480879
-2.977812e-08,-0.00596221
-2.972812e-08,0.00310038
-2.967812e-08,0.011806
-2.962812e-08,0.0171337
-2.957812e-08,0.0138931
-2.952812e-08,0.00620363
-2.947812e-08,0.00916956
-2.942812e-08,0.0165569
-2.937812e-08,0.0216924
-2.932812e-08,0.0242464
-2.927812e-08,0.0189187
-2.922812e-08,0.0161999
-2.917812e-08,0.019413
-2.912812e-08,0.0167217
-2.907812e-08,0.0100484
-2.902812e-08,0.00774152
-2.897812e-08,0.0054896
-2.892812e-08,-0.0058249
-2.887812e-08,-0.0159036
-2.882812e-08,-0.0128278
-2.877812e-08,-0.0019527
-2.872812e-08,0.005929
-2.867812e-08,0.00499528
-2.862812e-08,0.00738451
-2.857812e-08,0.0109821
-2.852812e-08,0.00180964
-2.847812e-08,-0.0058249
-2.842812e-08,-0.00176047
-2.837812e-08,0.00373201
-2.832812e-08,0.00238635
-2.827812e-08,-5.77984e-05
-2.822812e-08,0.00318276
-2.817812e-08,0.00664302
-2.812812e-08,0.00697257
-2.807812e-08,0.00362216
-2.802812e-08,-0.00211748
-2.797812e-08,-0.0079395
-2.792812e-08,-0.0136242
-2.787812e-08,-0.0164803
-2.782812e-08,-0.012718
-2.777812e-08,-0.00752757
-2.772812e-08,-0.00865353
-2.767812e-08,-0.00763742
-2.762812e-08,-0.00360045
-2.757812e-08,-0.011949
-2.752812e-08,-0.0294426
-2.747812e-08,-0.0418281
-2.742812e-08,-0.0533898
-2.737812e-08,-0.0622876
-2.732812e-08,-0.0525384
-2.727812e-08,-0.0345231
-2.722812e-08,-0.0205173
-2.717812e-08,-0.00546789
-2.712812e-08,0.00650571
-2.707812e-08,0.015074
-2.702812e-08,0.0210882
-2.697812e-08,0.019413
-2.692812e-08,0.01436
-2.687812e-08,0.0120806
-2.682812e-08,0.0123003
-2.677812e-08,0.0158704
-2.672812e-08,0.0211706
-2.667812e-08,0.0218297
-2.662812e-08,0.0207862
-2.657812e-08,0.0206763
-2.652812e-08,0.0115863
-2.647812e-08,-0.00140346
-2.642812e-08,-0.00491864
-2.637812e-08,-0.00184285
-2.632812e-08,0.0044735
-2.627812e-08,0.00985612
-2.622812e-08,0.00955404
-2.617812e-08,0.0065881
-2.612812e-08,0.00301799
-2.607812e-08,-0.000167648
-2.602812e-08,-0.00362791
-2.597812e-08,-0.0105484
-2.592812e-08,-0.0142284
-2.587812e-08,-0.006484
-2.582812e-08,0.00263352
-2.577812e-08,0.000518912
-2.572812e-08,-0.0049461
-2.567812e-08,-5.77984e-05
-2.562812e-08,0.00617616
-2.557812e-08,0.00411648
-2.552812e-08,0.00178218
-2.547812e-08,0.00101323
-2.542812e-08,0.00417141
-2.537812e-08,0.0115863
-2.532812e-08,0.0144149
-2.527812e-08,0.0180674
-2.522812e-08,0.0244936
-2.517812e-08,0.0205665
-2.512812e-08,0.0116137
-2.507812e-08,0.0151014
-2.502812e-08,0.0193581
-2.497812e-08,0.00285321
-2.492812e-08,-0.0154642
-2.487812e-08,-0.0164254
-2.482812e-08,-0.0210391
-2.477812e-08,-0.0334246
-2.472812e-08,-0.0347428
-2.467812e-08,-0.0290306
-2.462812e-08,-0.0212588
-2.457812e-08,-0.00953232
-2.452812e-08,-0.00401238
-2.447812e-08,-0.00450671
-2.442812e-08,-0.00480879
-2.437812e-08,-0.00598967
-2.432812e-08,-0.00703324
-2.427812e-08,-0.00678608
-2.422812e-08,-0.00088167
-2.417812e-08,0.00551707
-2.412812e-08,0.00587408
-2.407812e-08,0.00840062
-2.402812e-08,0.0116961
-2.397812e-08,0.00971881
-2.392812e-08,0.00678034
-2.387812e-08,0.00419887
-2.382812e-08,-0.00192524
-2.377812e-08,-0.0067037
-2.372812e-08,-0.00467148
-2.367812e-08,-0.00596221
-2.362812e-08,-0.0132123
-2.357812e-08,-0.017414
-2.352812e-08,-0.0139538
-2.347812e-08,-0.00442432
-2.342812e-08,0.00807107
-2.337812e-08,0.0213903
-2.332812e-08,0.0208411
-2.327812e-08,0.0101582
-2.322812e-08,0.0118609
-2.317812e-08,0.0146346
-2.312812e-08,0.00428126
-2.307812e-08,-0.00637415
-2.302812e-08,-0.00568759
-2.297812e-08,0.00244128
-2.292812e-08,0.00351231
-2.287812e-08,-0.00324344
-2.282812e-08,-0.00414969
-2.277812e-08,-0.000140186
-2.272812e-08,0.00266098
-2.267812e-08,0.0087027
-2.262812e-08,0.014717
-2.257812e-08,0.0141403
-2.252812e-08,0.0156507
-2.247812e-08,0.0145522
-2.242812e-08,0.00444603
-2.237812e-08,0.00172726
-2.232812e-08,0.00452842
-2.227812e-08,0.00441857
-2.222812e-08,0.00664302
-2.217812e-08,0.0115863
-2.212812e-08,0.0214727
-2.207812e-08,0.0318535
-2.202812e-08,0.0326224
-2.197812e-08,0.0252625
-2.192812e-08,0.0199074
-2.187812e-08,0.0211981
-2.182812e-08,0.0178202
-2.177812e-08,0.0123277
-2.172812e-08,0.0142776
-2.167812e-08,0.0108997
-2.162812e-08,0.00260605
-2.157812e-08,0.00312784
-2.152812e-08,0.0106525
-2.147812e-08,0.0176829
-2.142812e-08,0.0185342
-2.137812e-08,0.00963642
-2.132812e-08,0.00323769
-2.127812e-08,0.0091421
-2.122812e-08,0.0087027
-2.117812e-08,0.00252367
-2.112812e-08,0.00793376
-2.107812e-08,0.0113116
-2.102812e-08,0.00894986
-2.097812e-08,0.0126573
-2.092812e-08,0.019413
-2.087812e-08,0.0221043
-2.082812e-08,0.011394
-2.077812e-08,-0.00744518
-2.072812e-08,-0.0131024
-2.067812e-08,-0.00620937
-2.062812e-08,2.45887e-05
-2.057812e-08,0.00686272
-2.052812e-08,0.0141677
-2.047812e-08,0.0209235
-2.042812e-08,0.0266631
-2.037812e-08,0.0215826
-2.032812e-08,0.00831823
-2.027812e-08,-0.000552121
-2.022812e-08,-0.00747264
-2.017812e-08,-0.0162331
-2.012812e-08,-0.0171394
-2.007812e-08,-0.00997172
-2.002812e-08,-0.00733533
-1.997812e-08,-0.00777473
-1.992812e-08,-0.00269419
-1.987812e-08,0.008483
-1.982812e-08,0.0207587
-1.977812e-08,0.0244936
-1.972812e-08,0.0194954
-1.967812e-08,0.014717
-1.962812e-08,0.0116686
-1.957812e-08,0.0104328
-1.952812e-08,0.0137832
-1.947812e-08,0.0140579
-1.942812e-08,0.00169979
-1.937812e-08,-0.0112075
-1.932812e-08,-0.0118392
-1.927812e-08,-0.0112625
-1.922812e-08,-0.0186224
-1.917812e-08,-0.0314748
-1.912812e-08,-0.0434484
-1.907812e-08,-0.0398508
-1.902812e-08,-0.022522
-1.897812e-08,-0.0157114
-1.892812e-08,-0.0201328
-1.887812e-08,-0.0191442
-1.882812e-08,-0.0184301
-1.877812e-08,-0.0172767
-1.872812e-08,-0.00527565
-1.867812e-08,0.00573677
-1.862812e-08,0.0169414
-1.857812e-08,0.0324851
-1.852812e-08,0.0349018
-1.847812e-08,0.0338857
-1.842812e-08,0.0388564
-1.837812e-08,0.0291073
-1.832812e-08,0.00763167
-1.827812e-08,-0.00780219
-1.822812e-08,-0.017057
-1.817812e-08,-0.0228241
-1.812812e-08,-0.0226593
-1.807812e-08,-0.0129377
-1.802812e-08,0.00411648
-1.797812e-08,0.00947165
-1.792812e-08,0.00268844
-1.787812e-08,0.00700004
-1.782812e-08,0.0126847
-1.777812e-08,0.00499528
-1.772812e-08,0.000738611
-1.767812e-08,0.00631348
-1.762812e-08,0.0119707
-1.757812e-08,0.0101857
-1.752812e-08,0.00282575
-1.747812e-08,0.00106816
-1.742812e-08,-0.000112723
-1.737812e-08,-0.0107407
-1.732812e-08,-0.0158761
-1.727812e-08,-0.00785712
-1.722812e-08,-0.00423208
-1.717812e-08,-0.00835144
-1.712812e-08,-0.0114547
-1.707812e-08,-0.0155191
-1.702812e-08,-0.0158487
-1.697812e-08,-0.00955978
-1.692812e-08,-0.0109604
-1.687812e-08,-0.0176887
-1.682812e-08,-0.0114822
-1.677812e-08,0.00183711
-1.672812e-08,0.0103504
-1.667812e-08,0.0138656
-1.662812e-08,0.00721973
-1.657812e-08,-0.00489118
-1.652812e-08,-0.0107956
-1.647812e-08,-0.0147776
-1.642812e-08,-0.019611
-1.637812e-08,-0.0143108
-1.632812e-08,-0.000497197
-1.627812e-08,0.00963642
-1.622812e-08,0.0207862
-1.617812e-08,0.0298213
-1.612812e-08,0.0220769
-1.607812e-08,0.0131791
-1.602812e-08,0.0138931
-1.597812e-08,0.00612124
-1.592812e-08,-0.00417716
-1.587812e-08,-0.00362791
-1.582812e-08,-0.00557774
-1.577812e-08,-0.0149424
-1.572812e-08,-0.0183477
-1.567812e-08,-0.0105484
-1.562812e-08,-0.00247449
-1.557812e-08,-0.001733
-1.552812e-08,-0.00568759
-1.547812e-08,-0.00788458
-1.542812e-08,-0.00360045
-1.537812e-08,-3.03361e-05
-1.532812e-08,-0.00299627
-1.527812e-08,-0.00450671
-1.522812e-08,0.000573836
-1.517812e-08,0.00288068
-1.512812e-08,0.00027175
-1.507812e-08,0.000793536
-1.502812e-08,0.00277083
-1.497812e-08,0.00444603
-1.492812e-08,0.00529737
-1.487812e-08,0.00282575
-1.482812e-08,-0.00233718
-1.477812e-08,-0.00623684
-1.472812e-08,-0.00209002
-1.467812e-08,0.00458335
-1.462812e-08,0.00551707
-1.457812e-08,0.00661556
-1.452812e-08,0.0111469
-1.447812e-08,0.0131241
-1.442812e-08,0.00856539
-1.437812e-08,0.00362216
-1.432812e-08,0.00647825
-1.427812e-08,0.0124101
-1.422812e-08,0.00969135
-1.417812e-08,0.00112308
-1.412812e-08,-0.000552121
-1.407812e-08,0.0031553
-1.402812e-08,0.00675287
-1.397812e-08,0.0117236
-1.392812e-08,0.017271
-1.387812e-08,0.0207038
-1.382812e-08,0.0182871
-1.377812e-08,0.0108173
-1.372812e-08,0.00612124
-1.367812e-08,0.00430872
-1.362812e-08,0.00142517
-1.357812e-08,0.00364962
-1.352812e-08,0.0061487
-1.347812e-08,0.00123293
-1.342812e-08,0.00595646
-1.337812e-08,0.0211432
-1.332812e-08,0.0267455
-1.327812e-08,0.0239443
-1.322812e-08,0.0261688
-1.317812e-08,0.0355884
-1.312812e-08,0.0400373
-1.307812e-08,0.0351764
-1.302812e-08,0.0319908
-1.297812e-08,0.0323753
-1.292812e-08,0.0272947
-1.287812e-08,0.0198524
-1.282812e-08,0.0192483
-1.277812e-08,0.0174632
-1.272812e-08,0.00494036
-1.267812e-08,-0.0121687
-1.262812e-08,-0.0226593
-1.257812e-08,-0.0256527
-1.252812e-08,-0.0285912
-1.247812e-08,-0.0300467
-1.242812e-08,-0.0229889
-1.237812e-08,-0.011235
-1.232812e-08,-0.00988933
-1.227812e-08,-0.0167
-1.222812e-08,-0.0160134
-1.217812e-08,-0.012718
-1.212812e-08,-0.0121412
-1.207812e-08,-0.00843383
-1.202812e-08,-0.00241956
-1.197812e-08,-0.000854208
-1.192812e-08,-0.00593475
-1.187812e-08,-0.00785712
-1.182812e-08,-0.00744518
-1.177812e-08,-0.0109878
-1.172812e-08,-0.00788458
-1.167812e-08,0.00392425
-1.162812e-08,0.0113666
-1.157812e-08,0.00856539
-1.152812e-08,0.0035947
-1.147812e-08,0.00798868
-1.142812e-08,0.0140853
-1.137812e-08,0.00771406
-1.132812e-08,-0.00250195
-1.127812e-08,-0.0067037
-1.122812e-08,-0.00728041
-1.117812e-08,-0.00241956
-1.112812e-08,0.00455588
-1.107812e-08,0.0038144
-1.102812e-08,-0.00351806
-1.097812e-08,-0.0104386
-1.092812e-08,-0.0124708
-1.087812e-08,-0.00390253
-1.082812e-08,0.00798868
-1.077812e-08,0.00771406
-1.072812e-08,-0.000854208
-1.067812e-08,-0.00868099
-1.062812e-08,-0.0123335
-1.057812e-08,-0.00868099
-1.052812e-08,-0.00522073
-1.047812e-08,-0.00642907
-1.042812e-08,-0.00263926
-1.037812e-08,0.00691765
-1.032812e-08,0.0095815
-1.027812e-08,0.00222158
-1.022812e-08,-0.00140346
-1.017812e-08,0.00194696
-1.012812e-08,0.000930848
-1.007812e-08,-0.00456163
-1.002812e-08,-0.00964217
-9.978122e-09,-0.0081592
-9.928122e-09,0.00202934
-9.878122e-09,0.01068
-9.828122e-09,0.0145797
-9.778122e-09,0.0167217
-9.728122e-09,0.0169689
-9.678122e-09,0.0114215
-9.628122e-09,-0.00219986
-9.578122e-09,-0.0123335
-9.528122e-09,-0.0113998
-9.478122e-09,-0.00975202
-9.428122e-09,-0.0120039
-9.378122e-09,-0.00634669
-9.328122e-09,0.00386932
-9.278122e-09,0.00180964
-9.228122e-09,-0.000826745
-9.178122e-09,0.0040341
-9.128122e-09,0.000711148
-9.078122e-09,-0.00917531
-9.028122e-09,-0.0157663
-8.978122e-09,-0.0180182
-8.928122e-09,-0.0182104
-8.878122e-09,-0.0160684
-8.828122e-09,-0.00785712
-8.778122e-09,0.00213919
-8.728122e-09,0.00458335
-8.678122e-09,0.000903385
-8.628122e-09,0.00109562
-8.578122e-09,0.00458335
-8.528122e-09,0.00356724
-8.478122e-09,0.00345739
-8.428122e-09,0.00279829
-8.378122e-09,-0.00329836
-8.328122e-09,-0.00414969
-8.278122e-09,-0.00467148
-8.228122e-09,-0.00884576
-8.178122e-09,-0.00631922
-8.128122e-09,0.000875923
-8.078122e-09,0.00743943
-8.028122e-09,0.00375947
-7.978122e-09,-0.0083789
-7.928122e-09,-0.0102463
-7.878122e-09,-0.0051658
-7.828122e-09,-0.00574251
-7.778122e-09,-0.00708817
-7.728122e-09,-0.00187032
-7.678122e-09,0.00889494
-7.628122e-09,0.0193581
-7.578122e-09,0.0237521
-7.528122e-09,0.0209784
-7.478122e-09,0.0177928
-7.428122e-09,0.0155958
-7.378122e-09,0.01252
-7.328122e-09,0.0155958
-7.278122e-09,0.0180674
-7.228122e-09,0.0129868
-7.178122e-09,0.0131791
-7.128122e-09,0.019056
-7.078122e-09,0.0221593
-7.028122e-09,0.0221867
-6.978122e-09,0.0166119
-6.928122e-09,0.00573677
-6.878122e-09,0.00266098
-6.828122e-09,0.0054896
-6.778122e-09,-0.00409477
-6.728122e-09,-0.0159585
-6.678122e-09,-0.0198033
-6.628122e-09,-0.0251584
-6.578122e-09,-0.0244993
-6.528122e-09,-0.0176063
-6.478122e-09,-0.0167
-6.428122e-09,-0.0109054
-6.378122e-09,0.00131532
-6.328122e-09,0.00510513
-6.278122e-09,0.00765913
-6.228122e-09,0.00985612
-6.178122e-09,0.000244288
-6.128122e-09,-0.00807682
-6.078122e-09,-0.00697832
-6.028122e-09,-0.00736279
-5.978122e-09,-0.00398492
-5.928122e-09,0.00268844
-5.878122e-09,-0.00219986
-5.828122e-09,-0.0102738
-5.778122e-09,-0.00763742
-5.728122e-09,-0.00244703
-5.678122e-09,-0.00505595
-5.628122e-09,-0.0113998
-5.578122e-09,-0.0150248
-5.528122e-09,-0.0128278
-5.478122e-09,-0.00697832
-5.428122e-09,-0.0079395
-5.378122e-09,-0.0107407
-5.328122e-09,-0.00579744
-5.278122e-09,-0.0047264
-5.228122e-09,-0.00848875
-5.178122e-09,-0.00524819
-5.128122e-09,0.00101323
-5.078122e-09,0.00367709
-5.028122e-09,0.00919703
-4.978122e-09,0.0168316
-4.928122e-09,0.0141677
-4.878122e-09,0.0101307
-4.828122e-09,0.011806
-4.778122e-09,0.0112567
-4.728122e-09,0.0101033
-4.678122e-09,0.0065881
-4.628122e-09,0.00516006
-4.578122e-09,0.00639586
-4.528122e-09,0.00334754
-4.478122e-09,0.00774152
-4.428122e-09,0.0129319
-4.378122e-09,0.00842808
-4.328122e-09,0.0111469
-4.278122e-09,0.0178477
-4.228122e-09,0.0154585
-4.178122e-09,0.0120806
-4.128122e-09,0.0134262
-4.078122e-09,0.0121355
-4.028122e-09,0.005929
-3.978122e-09,0.00535229
-3.928122e-09,0.0119433
-3.878122e-09,0.0147444
-3.828122e-09,0.015788
-3.778122e-09,0.0210059
-3.728122e-09,0.0244387
-3.678122e-09,0.0257568
-3.628122e-09,0.0216375
-3.578122e-09,0.0131791
-3.528122e-09,0.0126298
-3.478122e-09,0.00963642
-3.428122e-09,-0.00123868
-3.378122e-09,-0.00409477
-3.328122e-09,-0.00302374
-3.278122e-09,-0.0128278
-3.228122e-09,-0.0230987
-3.178122e-09,-0.0184851
-3.128122e-09,-0.0109878
-3.078122e-09,-0.0148326
-3.028122e-09,-0.0238402
-2.978122e-09,-0.0255704
-2.928122e-09,-0.0206271
-2.878122e-09,-0.017414
-2.828122e-09,-0.0146403
-2.778122e-09,-0.0106583
-2.728122e-09,-0.00862606
-2.678122e-09,-0.0115096
-2.628122e-09,-0.0135418
-2.578122e-09,-0.0056052
-2.528122e-09,0.00406156
-2.478122e-09,0.00378694
-2.428122e-09,-0.00247449
-2.378122e-09,-0.00760996
-2.328122e-09,-0.0107956
-2.278122e-09,-0.0105759
-2.228122e-09,-0.0077198
-2.178122e-09,-0.0110977
-2.128122e-09,-0.0184027
-2.078122e-09,-0.0208743
-2.028122e-09,-0.0261745
-1.978122e-09,-0.0314198
-1.928122e-09,-0.0257901
-1.878122e-09,-0.0184301
-1.828122e-09,-0.0113448
-1.778122e-09,0.00364962
-1.728122e-09,0.015431
-1.678122e-09,0.0136459
-1.628122e-09,0.00993851
-1.578122e-09,0.00776898
-1.528122e-09,0.00257859
-1.478122e-09,-0.000524659
-1.428122e-09,-0.00376522
-1.378122e-09,-0.00810428
-1.328122e-09,-0.00203509
-1.278122e-09,0.0109546
-1.228122e-09,0.015074
-1.178122e-09,0.0142776
-1.128122e-09,0.0168316
-1.078122e-09,0.0209235
-1.028122e-09,0.024521
-9.781223e-10,0.0215276
-9.281223e-10,0.0132889
-8.781223e-10,0.0104054
-8.281223e-10,0.0143325
-7.781223e-10,0.0166119
-7.281223e-10,0.0114215
-6.781223e-10,0.00131532
-6.281223e-10,-0.00302374
-5.781223e-10,0.00362216
-5.281223e-10,0.00897733
-4.781223e-10,0.0115313
-4.281223e-10,0.018342
-3.781223e-10,0.0199897
-3.281223e-10,0.0177378
-2.781223e-10,0.017628
-2.281223e-10,0.0179575
-1.781223e-10,0.0278989
-1.281223e-10,0.0458868
-7.812232e-11,0.067637
-2.812232e-11,0.111137
2.187768e-11,0.183885
7.187768e-11,0.267316
1.218777e-10,0.360688
1.718777e-10,0.472845
2.218777e-10,0.582694
2.718777e-10,0.687353
3.218777e-10,0.796873
3.718777e-10,0.87926
4.218777e-10,0.916911
4.718777e-10,0.936574
5.218777e-10,0.954123
5.718777e-10,0.959396
6.218777e-10,0.954727
6.718777e-10,0.963048
7.218777e-10,0.98164
7.718777e-10,0.989906
8.218777e-10,0.991691
8.718777e-10,0.993119
9.218777e-10,0.984688
9.718777e-10,0.96508
1.021878e-09,0.949729
1.071878e-09,0.944731
1.121878e-09,0.931494
1.171878e-09,0.908316
1.221878e-09,0.902191
1.271878e-09,0.911391
1.321878e-09,0.913698
1.371878e-09,0.909579
1.421878e-09,0.9034
1.471878e-09,0.895628
1.521878e-09,0.883517
1.571878e-09,0.868166
1.621878e-09,0.85762
1.671878e-09,0.84658
1.721878e-09,0.839687
1.771878e-09,0.841774
1.821878e-09,0.839715
1.871878e-09,0.840868
1.921878e-09,0.847459
1.971878e-09,0.839687
2.021878e-09,0.824473
2.071878e-09,0.804727
2.121878e-09,0.769933
2.171878e-09,0.743102
2.221878e-09,0.731073
2.271878e-09,0.714404
2.321878e-09,0.702622
2.371878e-09,0.702403
2.421878e-09,0.706742
2.471878e-09,0.713525
2.521878e-09,0.709323
2.571878e-09,0.701194
2.621878e-09,0.705121
2.671878e-09,0.701689
2.721878e-09,0.685239
2.771878e-09,0.674913
2.821878e-09,0.667882
2.871878e-09,0.659314
2.921878e-09,0.655936
2.971878e-09,0.649538
3.021878e-09,0.634653
3.071878e-09,0.623009
3.121878e-09,0.616335
3.171878e-09,0.610623
3.221878e-09,0.611063
3.271878e-09,0.609717
3.321878e-09,0.597084
3.371878e-09,0.590686
3.421878e-09,0.589422
3.471878e-09,0.571819
3.521878e-09,0.554106
3.571878e-09,0.550838
3.621878e-09,0.549108
3.671878e-09,0.544274
3.721878e-09,0.537052
3.771878e-09,0.536722
3.821878e-09,0.5415
3.871878e-09,0.533481
3.921878e-09,0.523952
3.971878e-09,0.526808
4.021878e-09,0.522963
4.071878e-09,0.507008
4.121878e-09,0.499016
4.171878e-09,0.501927
4.221878e-09,0.50017
4.271878e-09,0.490228
4.321878e-09,0.482456
4.371878e-09,0.474794
4.421878e-09,0.463809
4.471878e-09,0.461255
4.521878e-09,0.469357
4.571878e-09,0.47397
4.621878e-09,0.472735
4.671878e-09,0.474327
4.721878e-09,0.471828
4.771878e-09,0.460734
4.821878e-09,0.447332
4.871878e-09,0.430333
4.921878e-09,0.41921
4.971878e-09,0.42105
5.021878e-09,0.422067
5.071878e-09,0.422945
5.121878e-09,0.427202
5.171878e-09,0.421572
5.221878e-09,0.409406
5.271878e-09,0.400866
5.321878e-09,0.387848
5.371878e-09,0.371563
5.421878e-09,0.362116
5.471878e-09,0.356074
5.521878e-09,0.354976
5.571878e-09,0.358958
5.621878e-09,0.364835
5.671878e-09,0.380077
5.721878e-09,0.390183
5.771878e-09,0.376369
5.821878e-09,0.361457
5.871878e-09,0.361018
5.921878e-09,0.361622
5.971878e-09,0.360276
6.021878e-09,0.358601
6.071878e-09,0.358546
6.121878e-09,0.362308
6.171878e-09,0.362775
6.221878e-09,0.359178
6.271878e-09,0.360771
6.321878e-09,0.365576
6.371878e-09,0.358189
6.421878e-09,0.341876
6.471878e-09,0.337345
6.521878e-09,0.338856
6.571878e-09,0.333445
6.621878e-09,0.332402
6.671878e-09,0.331496
6.721878e-09,0.320483
6.771878e-09,0.311833
6.821878e-09,0.310487
6.871878e-09,0.309636
6.921878e-09,0.310377
6.971878e-09,0.309416
7.021878e-09,0.294586
7.071878e-09,0.271545
7.121878e-09,0.262757
7.171878e-09,0.269046
7.221878e-09,0.269019
7.271878e-09,0.267508
7.321878e-09,0.2769
7.371878e-09,0.281487
7.421878e-09,0.280553
7.471878e-09,0.285221
7.521878e-09,0.287995
7.571878e-09,0.289533
7.621878e-09,0.29379
7.671878e-09,0.289972
7.721878e-09,0.280388
7.771878e-09,0.273111
7.821878e-09,0.2702
7.871878e-09,0.27561
7.921878e-09,0.27517
7.971878e-09,0.255617
8.021878e-09,0.239826
8.071878e-09,0.246143
8.121878e-09,0.246802
8.171878e-09,0.232027
8.221878e-09,0.229363
8.271878e-09,0.237245
8.321878e-09,0.241089
8.371878e-09,0.234251
8.421878e-09,0.216648
8.471878e-09,0.202642
8.521878e-09,0.196271
8.571878e-09,0.193085
8.621878e-09,0.197452
8.671878e-09,0.203823
8.721878e-09,0.202148
8.771878e-09,0.202807
8.821878e-09,0.205581
8.871878e-09,0.200418
8.921878e-09,0.198852
8.971878e-09,0.203521
9.021878e-09,0.200527
9.071878e-09,0.192673
9.121878e-09,0.190449
9.171878e-09,0.189295
9.221878e-09,0.184489
9.271878e-09,0.175317
9.321878e-09,0.165815
9.371878e-09,0.169852
9.421878e-09,0.178063
9.471878e-09,0.179684
9.521878e-09,0.186357
9.571878e-09,0.187675
9.621878e-09,0.180178
9.671878e-09,0.182677
9.721878e-09,0.184709
9.771878e-09,0.177926
9.821878e-09,0.176773
9.871878e-09,0.176965
9.921878e-09,0.168946
9.971878e-09,0.160487
1.002188e-08,0.157164
1.007188e-08,0.158428
1.012188e-08,0.164442
1.017188e-08,0.168781
1.022188e-08,0.163755
1.027188e-08,0.154858
1.032188e-08,0.147745
1.037188e-08,0.137748
1.042188e-08,0.126846
1.047188e-08,0.125692
1.052188e-08,0.132036
1.057188e-08,0.12929
1.062188e-08,0.118195
1.067188e-08,0.114927
1.072188e-08,0.116245
1.077188e-08,0.113444
1.082188e-08,0.110314
1.087188e-08,0.107567
1.092188e-08,0.107238
1.097188e-08,0.11685
1.102188e-08,0.126406
1.107188e-08,0.125775
1.112188e-08,0.123825
1.117188e-08,0.118799
1.122188e-08,0.108693
1.127188e-08,0.0998778
1.132188e-08,0.0901561
1.137188e-08,0.0890027
1.142188e-08,0.0992187
1.147188e-08,0.0991638
1.152188e-08,0.0892773
1.157188e-08,0.0880415
1.162188e-08,0.0947149
1.167188e-08,0.0913096
1.172188e-08,0.0786494
1.177188e-08,0.0785121
1.182188e-08,0.0803795
1.187188e-08,0.0744751
1.192188e-08,0.0753265
1.197188e-08,0.0736512
1.202188e-08,0.0644788
1.207188e-08,0.057009
1.212188e-08,0.0537685
1.217188e-08,0.0586293
1.222188e-08,0.064726
1.227188e-08,0.0618973
1.232188e-08,0.0512419
1.237188e-08,0.0466832
1.242188e-08,0.0520658
1.247188e-08,0.0466557
1.252188e-08,0.0389388
1.257188e-08,0.0486605
1.262188e-08,0.0589314
1.267188e-08,0.0634627
1.272188e-08,0.0749145
1.277188e-08,0.0917215
1.282188e-08,0.0982575
1.287188e-08,0.0907603
1.292188e-08,0.0872726
1.297188e-08,0.0940009
1.302188e-08,0.097928
1.307188e-08,0.0858171
1.312188e-08,0.0639845
1.317188e-08,0.0498688
1.322188e-08,0.0408612
1.327188e-08,0.0304529
1.332188e-08,0.0283108
1.337188e-08,0.0306726
1.342188e-08,0.0201545
1.347188e-08,0.0139206
1.352188e-08,0.0315239
1.357188e-08,0.0445411
1.362188e-08,0.0380051
1.367188e-08,0.0332266
1.372188e-08,0.0331992
1.377188e-08,0.0307001
1.382188e-08,0.0307001
1.387188e-08,0.0342427
1.392188e-08,0.0374284
1.397188e-08,0.039186
1.402188e-08,0.0447334
1.407188e-08,0.0521757
1.412188e-08,0.049759
1.417188e-08,0.0411632
1.422188e-08,0.0365496
1.427188e-08,0.0317711
1.432188e-08,0.0217473
1.437188e-08,0.0205115
1.442188e-08,0.031826
1.447188e-08,0.0370713
1.452188e-08,0.0396254
1.457188e-08,0.044651
1.462188e-08,0.0422892
1.467188e-08,0.0365496
1.472188e-08,0.0319084
1.477188e-08,0.0262237
1.482188e-08,0.023093
1.487188e-08,0.0246034
1.492188e-08,0.0287228
1.497188e-08,0.0375382
1.502188e-08,0.0484682
1.507188e-08,0.0526974
1.512188e-08,0.0475345
1.517188e-08,0.0364123
1.522188e-08,0.0376481
1.527188e-08,0.0553064
1.532188e-08,0.061815
1.537188e-08,0.0536861
1.542188e-08,0.0450629
1.547188e-08,0.0375382
1.552188e-08,0.0350391
1.557188e-08,0.0332266
1.562188e-08,0.0221318
1.567188e-08,0.00925195
1.572188e-08,0.00949911
1.577188e-08,0.0196327
1.582188e-08,0.0251801
1.587188e-08,0.0257568
1.592188e-08,0.0259765
1.597188e-08,0.0250977
1.602188e-08,0.0249879
1.607188e-08,0.0249055
1.612188e-08,0.0244936
1.617188e-08,0.0281461
1.622188e-08,0.0279813
1.627188e-08,0.0196877
1.632188e-08,0.0153211
1.637188e-08,0.0164746
1.642188e-08,0.0173259
1.647188e-08,0.0166119
1.652188e-08,0.015788
1.657188e-08,0.0200447
1.662188e-08,0.0239993
1.667188e-08,0.0216375
1.672188e-08,0.0249604
1.677188e-08,0.0324577
1.682188e-08,0.0320457
1.687188e-08,0.024878
1.692188e-08,0.0187265
1.697188e-08,0.0196877
1.702188e-08,0.0191659
1.707188e-08,0.0164471
1.712188e-08,0.0213079
1.717188e-08,0.0245485
1.722188e-08,0.0202369
1.727188e-08,0.0204841
1.732188e-08,0.026773
1.737188e-08,0.0251527
1.742188e-08,0.0199623
1.747188e-08,0.0209509
1.752188e-08,0.0191933
1.757188e-08,0.0146895
1.762188e-08,0.0104878
1.767188e-08,0.00222158
1.772188e-08,0.00095831
1.777188e-08,0.0106525
1.782188e-08,0.0127122
1.787188e-08,0.00483051
1.792188e-08,-0.000771821
1.797188e-08,-0.00620937
1.802188e-08,-0.015272
1.807188e-08,-0.0231811
1.812188e-08,-0.0234008
1.817188e-08,-0.0149699
1.822188e-08,-0.00354552
1.827188e-08,0.00516006
1.832188e-08,0.0116961
1.837188e-08,0.0241091
1.842188e-08,0.0338033
1.847188e-08,0.0280911
1.852188e-08,0.0274321
1.857188e-08,0.0377304
1.862188e-08,0.0319084
1.867188e-08,0.0179301
1.872188e-08,0.0184244
1.877188e-08,0.0177653
1.882188e-08,0.0108173
1.887188e-08,0.0115313
1.892188e-08,0.00749436
1.897188e-08,-0.00230971
1.902188e-08,5.20511e-05
1.907188e-08,0.00774152
1.912188e-08,0.0142226
1.917188e-08,0.0213903
1.922188e-08,0.022736
1.927188e-08,0.0201271
1.932188e-08,0.017985
1.937188e-08,0.0192208
1.942188e-08,0.0220769
1.947188e-08,0.0153211
1.952188e-08,0.00927941
1.957188e-08,0.0134262
1.962188e-08,0.0095815
1.967188e-08,0.00277083
1.972188e-08,0.00815346
1.977188e-08,0.0107898
1.982188e-08,0.00551707
1.987188e-08,0.00189203
1.992188e-08,-0.000140186
1.997188e-08,-0.00137599
2.002188e-08,-0.00118376
2.007188e-08,0.00546214
2.012188e-08,0.0121904
2.017188e-08,0.0111469
2.022188e-08,0.0154035
2.027188e-08,0.0205665
2.032188e-08,0.0199348
2.037188e-08,0.0210608
2.042188e-08,0.0145247
2.047188e-08,0.00414395
2.052188e-08,0.00153502
2.057188e-08,0.000409062
2.062188e-08,-0.00258434
2.067188e-08,-0.00653892
2.072188e-08,-0.00409477
2.077188e-08,0.0003816
2.082188e-08,-5.77984e-05
2.087188e-08,0.00628601
2.092188e-08,0.0105152
2.097188e-08,0.0012604
2.102188e-08,-0.00642907
2.107188e-08,-0.00909292
2.112188e-08,-0.012663
2.117188e-08,-0.0108505
2.122188e-08,-0.00796697
2.127188e-08,-0.00958725
2.132188e-08,-0.00497357
2.137188e-08,-0.00211748
2.142188e-08,-0.00914785
2.147188e-08,-0.0114272
2.152188e-08,-0.0115645
2.157188e-08,-0.0138439
2.162188e-08,-0.0085986
2.167188e-08,-0.00313359
2.172188e-08,-0.001733
2.177188e-08,0.00277083
2.182188e-08,0.00667049
2.187188e-08,0.00774152
2.192188e-08,0.00820838
2.197188e-08,0.0074669
2.202188e-08,0.00922449
2.207188e-08,0.00991105
2.212188e-08,0.00384186
2.217188e-08,0.00255113
2.222188e-08,0.00485797
2.227188e-08,-8.52608e-05
2.232188e-08,-0.00335328
2.237188e-08,-0.000112723
2.242188e-08,0.00189203
2.247188e-08,-0.00255688
2.252188e-08,-0.00835144
2.257188e-08,-0.00483625
2.262188e-08,0.00109562
2.267188e-08,0.000766073
2.272188e-08,0.00513259
2.277188e-08,0.00944419
2.282188e-08,0.00246874
2.287188e-08,0.00139771
2.292188e-08,0.0087027
2.297188e-08,0.00842808
2.302188e-08,-0.000387347
2.307188e-08,-0.0116195
2.312188e-08,-0.0149699
2.317188e-08,-0.0150797
2.322188e-08,-0.0205722
2.327188e-08,-0.0184851
2.332188e-08,-0.0121138
2.337188e-08,-0.0144756
2.342188e-08,-0.0123335
2.347188e-08,-0.00285896
2.352188e-08,-0.00230971
2.357188e-08,-0.00744518
2.362188e-08,-0.0103837
2.367188e-08,-0.0111801
2.372188e-08,-0.00598967
2.377188e-08,0.00400663
2.382188e-08,0.0160901
2.387188e-08,0.0238619
2.392188e-08,0.0185892
2.397188e-08,0.0139755
2.402188e-08,0.0219396
2.407188e-08,0.0263885
2.412188e-08,0.0194954
2.417188e-08,0.0159802
2.422188e-08,0.0196053
2.427188e-08,0.0182322
2.432188e-08,0.0132889
2.437188e-08,0.0119982
2.442188e-08,0.00689019
2.447188e-08,-0.0034906
2.452188e-08,-0.00733533
2.457188e-08,0.0014801
2.462188e-08,0.00933434
2.467188e-08,0.00183711
2.472188e-08,-0.00384761
2.477188e-08,-0.00379268
2.482188e-08,-0.017826
2.487188e-08,-0.0266963
2.492188e-08,-0.0189794
2.497188e-08,-0.0232635
2.502188e-08,-0.0317494
2.507188e-08,-0.0221376
2.512188e-08,-0.0150523
2.517188e-08,-0.0178534
2.522188e-08,-0.0110153
2.527188e-08,-0.0015133
2.532188e-08,-0.0047264
2.537188e-08,-0.0129102
2.542188e-08,-0.0147502
2.547188e-08,-0.0060446
2.552188e-08,0.00710988
2.557188e-08,0.013591
2.562188e-08,0.0140579
2.567188e-08,0.0121904
2.572188e-08,0.012877
2.577188e-08,0.0108997
2.582188e-08,-0.00491864
2.587188e-08,-0.0146403
2.592188e-08,-0.00609952
2.597188e-08,-0.000689433
2.602188e-08,-0.00269419
2.607188e-08,-0.000250035
2.612188e-08,0.00930688
2.617188e-08,0.0171062
2.622188e-08,0.0119158
2.627188e-08,0.000326675
2.632188e-08,-0.00252941
2.637188e-08,0.00142517
2.642188e-08,-0.00140346
2.647188e-08,-0.00642907
2.652188e-08,-0.000771821
2.657188e-08,0.0110645
2.662188e-08,0.017985
2.667188e-08,0.0115313
2.672188e-08,0.00112308
2.677188e-08,-0.00126614
2.682188e-08,-0.00406731
2.687188e-08,-0.00318851
2.692188e-08,0.00796122
2.697188e-08,0.0107898
2.702188e-08,-2.87366e-06
2.707188e-08,-0.0058249
2.712188e-08,-0.00571505
2.717188e-08,-0.0134045
2.722188e-08,-0.0262569
2.727188e-08,-0.0330401
2.732188e-08,-0.0273829
2.737188e-08,-0.00980695
2.742188e-08,0.00161741
2.747188e-08,-0.000771821
2.752188e-08,0.00279829
2.757188e-08,0.00507767
2.762188e-08,-0.00804935
2.767188e-08,-0.0156015
2.772188e-08,-0.0104111
2.777188e-08,-0.00607206
2.782188e-08,-0.0127454
2.787188e-08,-0.0270808
2.792188e-08,-0.0305685
2.797188e-08,-0.0222749
2.802188e-08,-0.0177436
2.807188e-08,-0.0176337
2.812188e-08,-0.0118666
2.817188e-08,-0.00384761
2.822188e-08,-0.00376522
2.827188e-08,-0.00464402
2.832188e-08,-0.000964057
2.837188e-08,-0.00640161
2.842188e-08,-0.0162881
2.847188e-08,-0.0198582
2.852188e-08,-0.0273554
2.857188e-08,-0.0310079
2.862188e-08,-0.0228241
2.867188e-08,-0.0157937
2.872188e-08,-0.00997172
2.877188e-08,-0.00211748
2.882188e-08,-0.00321597
2.887188e-08,-0.00651146
2.892188e-08,0.000161901
2.897188e-08,-0.00445178
2.902188e-08,-0.0175788
2.907188e-08,-0.0165627
2.912188e-08,-0.0183477
2.917188e-08,-0.0269709
2.922188e-08,-0.0225495
2.927188e-08,-0.0153269
2.932188e-08,-0.0189794
2.937188e-08,-0.0167275
2.942188e-08,-0.0049461
2.947188e-08,-0.00200763
2.952188e-08,-0.00373776
2.957188e-08,0.00164487
2.962188e-08,0.00483051
2.967188e-08,0.00169979
2.972188e-08,0.0003816
2.977188e-08,-0.00187032
2.982188e-08,-0.00609952
2.987188e-08,-0.00612699
2.992188e-08,-0.00436939
2.997188e-08,-0.00909292
3.002188e-08,-0.0173316
3.007188e-08,-0.0132947
3.012188e-08,-0.00219986
3.017188e-08,-0.00222733
3.022188e-08,-0.00530311
3.027188e-08,0.00095831
3.032188e-08,0.0103504
3.037188e-08,0.0107075
3.042188e-08,0.00562692
3.047188e-08,0.00996597
3.052188e-08,0.0180948
3.057188e-08,0.0211706
3.062188e-08,0.0218572
3.067188e-08,0.0223515
3.072188e-08,0.0237246
3.077188e-08,0.0214178
3.082188e-08,0.0174357
3.087188e-08,0.019413
3.092188e-08,0.0248506
3.097188e-08,0.0253174
3.102188e-08,0.0205939
3.107188e-08,0.021665
3.112188e-08,0.02713
3.117188e-08,0.0225712
3.122188e-08,0.0132615
3.127188e-08,0.0161175
3.132188e-08,0.0260864
3.137188e-08,0.0243288
3.142188e-08,0.0113666
3.147188e-08,0.00787883
3.152188e-08,0.0198799
3.157188e-08,0.0262512
3.162188e-08,0.0168316
3.167188e-08,0.00999344
3.172188e-08,0.0130967
3.177188e-08,0.0105701
3.182188e-08,0.00367709
3.187188e-08,0.00463827
3.192188e-08,0.00708242
3.197188e-08,0.00499528
3.202188e-08,0.00230397
3.207188e-08,-0.000442272
3.212188e-08,-0.0049461
3.217188e-08,-0.0107132
3.222188e-08,-0.0117293
3.227188e-08,-0.00840636
3.232188e-08,-0.010109
3.237188e-08,-0.0067037
3.242188e-08,0.00884002
3.247188e-08,0.0185892
3.252188e-08,0.0246584
3.257188e-08,0.0339132
3.262188e-08,0.0292171
3.267188e-08,0.0180948
3.272188e-08,0.0162549
3.277188e-08,0.0130967
3.282188e-08,0.0202369
3.287188e-08,0.0380875
3.292188e-08,0.0386092
3.297188e-08,0.0316338
3.302188e-08,0.0327323
3.307188e-08,0.0342702
3.312188e-08,0.0329245
3.317188e-08,0.0289699
3.322188e-08,0.0162274
3.327188e-08,-0.00571505
3.332188e-08,-0.0208194
3.337188e-08,-0.0292778
3.342188e-08,-0.0402353
3.347188e-08,-0.0450687
3.352188e-08,-0.0432836
3.357188e-08,-0.0377637
3.362188e-08,-0.0238677
3.367188e-08,-0.0102463
3.372188e-08,-0.010109
3.377188e-08,-0.0186773
3.382188e-08,-0.0202976
3.387188e-08,-0.0140087
3.392188e-08,-0.0110153
3.397188e-08,-0.015217
3.402188e-08,-0.0234283
3.407188e-08,-0.0292778
3.412188e-08,-0.0308157
3.417188e-08,-0.0346879
3.422188e-08,-0.035292
3.427188e-08,-0.0275751
3.432188e-08,-0.0228516
3.437188e-08,-0.017469
3.442188e-08,-0.0118666
3.447188e-08,-0.015986
3.452188e-08,-0.0179084
3.457188e-08,-0.0192265
3.462188e-08,-0.0296623
3.467188e-08,-0.039686
3.472188e-08,-0.0433934
3.477188e-08,-0.0428167
3.482188e-08,-0.0393565
3.487188e-08,-0.0300467
3.492188e-08,-0.0181555
3.497188e-08,-0.0121138
3.502188e-08,-0.00914785
3.507188e-08,-0.00596221
3.512188e-08,-0.00857114
3.517188e-08,-0.0173316
3.522188e-08,-0.0227692
3.527188e-08,-0.0227417
3.532188e-08,-0.0212038
3.537188e-08,-0.0160409
3.542188e-08,-0.010878
3.547188e-08,-0.0112075
3.552188e-08,-0.00755503
3.557188e-08,-0.00843383
3.562188e-08,-0.0286736
3.567188e-08,-0.040455
3.572188e-08,-0.0324634
3.577188e-08,-0.03131
3.582188e-08,-0.0339464
3.587188e-08,-0.0307607
3.592188e-08,-0.0348801
3.597188e-08,-0.0438328
3.602188e-08,-0.0494352
3.607188e-08,-0.0595413
3.612188e-08,-0.0718719
3.617188e-08,-0.0736845
3.622188e-08,-0.064512
3.627188e-08,-0.0477874
3.632188e-08,-0.032024
3.637188e-08,-0.0277124
3.642188e-08,-0.0236755
3.647188e-08,-0.0161233
3.652188e-08,-0.0163979
3.657188e-08,-0.0188146
3.662188e-08,-0.0180182
3.667188e-08,-0.0146129
3.672188e-08,-0.0088183
3.677188e-08,-0.0108231
3.682188e-08,-0.0151621
3.687188e-08,-0.00659385
3.692188e-08,-0.00241956
3.697188e-08,-0.0195286
3.702188e-08,-0.0371595
3.707188e-08,-0.0436681
3.712188e-08,-0.0523187
3.717188e-08,-0.0620404
3.722188e-08,-0.0633311
3.727188e-08,-0.0545157
3.732188e-08,-0.0391368
3.737188e-08,-0.0336443
3.742188e-08,-0.0385051
3.747188e-08,-0.0304587
3.752188e-08,-0.0190618
3.757188e-08,-0.0232361
3.762188e-08,-0.0308431
3.767188e-08,-0.0347977
3.772188e-08,-0.0430639
3.777188e-08,-0.056493
3.782188e-08,-0.0600631
3.787188e-08,-0.0536369
3.792188e-08,-0.0543509
3.797188e-08,-0.0570972
3.802188e-08,-0.0581407
3.807188e-08,-0.0626995
3.812188e-08,-0.0639628
3.817188e-08,-0.0670935
3.822188e-08,-0.072174
3.827188e-08,-0.0682744
3.832188e-08,-0.0637156
3.837188e-08,-0.0625347
3.842188e-08,-0.0604476
3.847188e-08,-0.0505611
3.852188e-08,-0.0290032
3.857188e-08,-0.0208743
3.862188e-08,-0.0287835
3.867188e-08,-0.0271083
3.872188e-08,-0.025076
3.877188e-08,-0.0273829
3.882188e-08,-0.0236205
3.887188e-08,-0.0268611
3.892188e-08,-0.0341661
3.897188e-08,-0.0325183
3.902188e-08,-0.0297446
3.907188e-08,-0.0315022
3.912188e-08,-0.0297172
3.917188e-08,-0.0182104
3.922188e-08,-0.0113998
3.927188e-08,-0.0146678
3.932188e-08,-0.0168648
3.937188e-08,-0.0193639
3.942188e-08,-0.0224122
3.947188e-08,-0.0227967
3.952188e-08,-0.0240874
3.957188e-08,-0.0307058
3.962188e-08,-0.0366652
3.967188e-08,-0.031667
3.972188e-08,-0.026202
3.977188e-08,-0.0331774
3.982188e-08,-0.0414162
3.987188e-08,-0.0394114
3.992188e-08,-0.0342485
3.997188e-08,-0.037489
4.002188e-08,-0.0439702
4.007188e-08,-0.0438878
4.012188e-08,-0.0451785
4.017188e-08,-0.047705
4.022188e-08,-0.0378186
4.027188e-08,-0.0249387
4.032188e-08,-0.0292503
4.037188e-08,-0.0435033
4.042188e-08,-0.0500943
4.047188e-08,-0.0501217
4.052188e-08,-0.0505886
4.057188e-08,-0.0523462
4.062188e-08,-0.0491331
4.067188e-08,-0.0398508
4.072188e-08,-0.037846
4.077188e-08,-0.0395487
4.082188e-08,-0.0332873
4.087188e-08,-0.0321339
4.092188e-08,-0.0369123
4.097188e-08,-0.0314198
4.102188e-08,-0.0245268
4.107188e-08,-0.0267238
4.112188e-08,-0.0292503
4.117188e-08,-0.02763
4.122188e-08,-0.0285912
4.127188e-08,-0.0376813
4.132188e-08,-0.0517145
4.137188e-08,-0.0661872
4.142188e-08,-0.0733824
4.147188e-08,-0.0638804
4.152188e-08,-0.0468262
4.157188e-08,-0.0441349
4.162188e-08,-0.0581682
4.167188e-08,-0.0695651
4.172188e-08,-0.0676153
4.177188e-08,-0.057976
4.182188e-08,-0.0534996
4.187188e-08,-0.0606673
4.192188e-08,-0.0673681
4.197188e-08,-0.0626171
4.202188e-08,-0.05501
4.207188e-08,-0.0547079
4.212188e-08,-0.0555318
4.217188e-08,-0.0469086
4.222188e-08,-0.0380932
4.227188e-08,-0.0407021
4.232188e-08,-0.0450687
4.237188e-08,-0.0497373
4.242188e-08,-0.0501767
4.247188e-08,-0.0287835
4.252188e-08,-0.00464402
4.257188e-08,-0.00502849
4.262188e-08,-0.0165352
4.267188e-08,-0.0224946
4.272188e-08,-0.0252408
4.277188e-08,-0.0299643
4.282188e-08,-0.0350449
4.287188e-08,-0.0344407
4.292188e-08,-0.0319691
4.297188e-08,-0.0333147
4.302188e-08,-0.0391093
4.307188e-08,-0.043723
4.312188e-08,-0.0352646
4.317188e-08,-0.0224122
4.322188e-08,-0.0222749
4.327188e-08,-0.029827
4.332188e-08,-0.0306509
4.337188e-08,-0.0241423
4.342188e-08,-0.0259823
4.347188e-08,-0.0394114
4.352188e-08,-0.0506984
4.357188e-08,-0.0540489
4.362188e-08,-0.0484465
4.367188e-08,-0.0371046
4.372188e-08,-0.0326557
4.377188e-08,-0.0394389
4.382188e-08,-0.045563
4.387188e-08,-0.0427069
4.392188e-08,-0.0388622
4.397188e-08,-0.0422675
4.402188e-08,-0.0480621
4.407188e-08,-0.0403726
4.412188e-08,-0.0187322
4.417188e-08,-0.00684101
4.422188e-08,-0.0111251
4.427188e-08,-0.0172218
4.432188e-08,-0.0223023
4.437188e-08,-0.030953
4.442188e-08,-0.0354294
4.447188e-08,-0.0322986
4.452188e-08,-0.0314473
4.457188e-08,-0.0308981
4.462188e-08,-0.0265315
4.467188e-08,-0.020325
4.472188e-08,-0.00914785
4.477188e-08,0.000491449
4.482188e-08,-0.00456163
4.487188e-08,-0.0158487
4.492188e-08,-0.01854
4.497188e-08,-0.0224671
4.502188e-08,-0.0323536
4.507188e-08,-0.0325733
4.512188e-08,-0.0255704
4.517188e-08,-0.0259548
4.522188e-08,-0.0304861
4.527188e-08,-0.0279047
4.532188e-08,-0.0175513
4.537188e-08,-0.012663
4.542188e-08,-0.0224122
4.547188e-08,-0.0336443
4.552188e-08,-0.0363356
4.557188e-08,-0.0388347
4.562188e-08,-0.0429815
4.567188e-08,-0.0428167
4.572188e-08,-0.0414711
4.577188e-08,-0.0416908
4.582188e-08,-0.0344956
4.587188e-08,-0.0197483
4.592188e-08,-0.0128003
4.597188e-08,-0.0167549
4.602188e-08,-0.0213137
4.607188e-08,-0.0220002
4.612188e-08,-0.0238402
4.617188e-08,-0.0255429
4.622188e-08,-0.025433
4.627188e-08,-0.0346329
4.632188e-08,-0.0432287
4.637188e-08,-0.0374616
4.642188e-08,-0.0340013
4.647188e-08,-0.03315
4.652188e-08,-0.0222749
4.657188e-08,-0.0153818
4.662188e-08,-0.0175513
4.667188e-08,-0.0165352
4.672188e-08,-0.0136791
4.677188e-08,-0.0133496
4.682188e-08,-0.0135968
4.687188e-08,-0.0120039
4.692188e-08,-0.0111801
4.697188e-08,-0.0165352
4.702188e-08,-0.0208743
4.707188e-08,-0.0182379
4.712188e-08,-0.0164803
4.717188e-08,-0.0159585
4.722188e-08,-0.012663
4.727188e-08,-0.00774727
4.732188e-08,-0.00357298
4.737188e-08,-0.00788458
4.742188e-08,-0.015629
4.747188e-08,-0.0133496
4.752188e-08,-0.0132672
4.757188e-08,-0.0257626
4.762188e-08,-0.032436
4.767188e-08,-0.0308981
4.772188e-08,-0.0347703
4.777188e-08,-0.0348526
4.782188e-08,-0.0290306
4.787188e-08,-0.0357864
4.792188e-08,-0.0460848
4.797188e-08,-0.0330401
4.802188e-08,-0.0138439
4.807188e-08,-0.0126905
4.812188e-08,-0.0169472
4.817188e-08,-0.0225495
4.822188e-08,-0.0270808
4.827188e-08,-0.0247465
4.832188e-08,-0.0238677
4.837188e-08,-0.025845
4.842188e-08,-0.0289757
4.847188e-08,-0.0290306
4.852188e-08,-0.0238952
4.857188e-08,-0.0262844
4.862188e-08,-0.0308981
4.867188e-08,-0.0232361
4.872188e-08,-0.0176337
4.877188e-08,-0.0151072
4.882188e-08,0.00139771
4.887188e-08,0.0149916
4.892188e-08,0.0108997
4.897188e-08,0.00581915
4.902188e-08,0.00529737
4.907188e-08,-0.000140186
4.912188e-08,-0.0069234
4.917188e-08,-0.010878
4.922188e-08,-0.0167275
4.927188e-08,-0.0166451
4.932188e-08,-0.00826905
4.937188e-08,-0.00615445
4.942188e-08,-0.011592
4.947188e-08,-0.0155191
4.952188e-08,-0.0170845
4.957188e-08,-0.0181555
4.962188e-08,-0.0199406
4.967188e-08,-0.0191167
4.972188e-08,-0.00901054
4.977188e-08,-0.000359885
4.982188e-08,-0.00354552
4.987188e-08,-0.00458909
4.992188e-08,2.45887e-05
4.997188e-08,-0.00382015
5.002188e-08,-0.0135144
5.007188e-08,-0.0140911
5.012188e-08,-0.00818667
5.017188e-08,-0.00703324
5.022188e-08,-0.0102738
5.027188e-08,-0.0113998
5.032188e-08,-0.00890069
5.037188e-08,-0.00549535
5.042188e-08,-0.00302374
5.047188e-08,-0.00236464
5.052188e-08,-0.00181539
5.057188e-08,-0.00618191
5.062188e-08,-0.0175788
5.067188e-08,-0.0207919
5.072188e-08,-0.0119765
5.077188e-08,-0.00390253
5.082188e-08,0.000628761
5.087188e-08,0.000189363
5.092188e-08,-0.00230971
5.097188e-08,0.00529737
5.102188e-08,0.0117236
5.107188e-08,0.00120547
5.112188e-08,-0.00848875
5.117188e-08,-0.00824159
5.122188e-08,-0.0157937
5.127188e-08,-0.0270808
5.132188e-08,-0.0277673
5.137188e-08,-0.025131
5.142188e-08,-0.0265315
5.147188e-08,-0.0332049
5.152188e-08,-0.0374616
5.157188e-08,-0.0286187
5.162188e-08,-0.0137066
5.167188e-08,-0.00313359
5.172188e-08,-0.00236464
5.177188e-08,-0.00596221
5.182188e-08,-0.00269419
5.187188e-08,0.00386932
5.192188e-08,0.00106816
5.197188e-08,-0.013789
5.202188e-08,-0.0223023
5.207188e-08,-0.017057
5.212188e-08,-0.0175788
5.217188e-08,-0.0268886
5.222188e-08,-0.0243071
5.227188e-08,-0.0153543
5.232188e-08,-0.0233184
5.237188e-08,-0.0336443
5.242188e-08,-0.0222199
5.247188e-08,-0.00203509
5.252188e-08,0.00664302
5.257188e-08,0.00634094
5.262188e-08,7.95135e-05
5.267188e-08,-0.0081592
5.272188e-08,-0.000250035
5.277188e-08,0.0151564
5.282188e-08,0.0160352
5.287188e-08,0.0147444
5.292188e-08,0.0212805
5.297188e-08,0.0246858
5.302188e-08,0.0236697
5.307188e-08,0.0217473
5.312188e-08,0.0178751
5.317188e-08,0.0133164
5.322188e-08,0.00991105
5.327188e-08,0.00510513
5.332188e-08,-0.000689433
5.337188e-08,-0.000661971
5.342188e-08,0.00288068
5.347188e-08,0.000793536
5.352188e-08,-0.000909132
5.357188e-08,0.00771406
5.362188e-08,0.0174357
5.367188e-08,0.0172435
5.372188e-08,0.012108
5.377188e-08,0.00837315
5.382188e-08,0.00483051
5.387188e-08,-0.000359885
5.392188e-08,-0.00961471
5.397188e-08,-0.0232635
5.402188e-08,-0.035347
5.407188e-08,-0.0388896
5.412188e-08,-0.028042
5.417188e-08,-0.02038
5.422188e-08,-0.0271083
5.427188e-08,-0.0202701
5.432188e-08,-0.00711563
5.437188e-08,-0.0131848
5.442188e-08,-0.0206821
5.447188e-08,-0.0158212
5.452188e-08,-0.00711563
5.457188e-08,-0.00458909
5.462188e-08,-0.0108505
5.467188e-08,-0.0157388
5.472188e-08,-0.0151896
5.477188e-08,-0.0145854
5.482188e-08,-0.0114272
5.487188e-08,-0.00203509
5.492188e-08,0.00562692
5.497188e-08,0.00244128
5.502188e-08,-0.0034906
5.507188e-08,-0.00456163
5.512188e-08,-0.00631922
5.517188e-08,-0.00873591
5.522188e-08,-0.011235
5.527188e-08,-0.0118117
5.532188e-08,-0.00857114
5.537188e-08,-0.00697832
5.542188e-08,-0.00272165
5.547188e-08,0.00145263
5.552188e-08,-0.00272165
5.557188e-08,-0.00467148
5.562188e-08,-0.00425954
5.567188e-08,-0.00656638
5.572188e-08,-0.00192524
5.577188e-08,0.00587408
5.582188e-08,0.00798868
5.587188e-08,0.00807107
5.592188e-08,0.00414395
5.597188e-08,-0.0026118
5.602188e-08,-0.00870845
5.607188e-08,-0.01486
5.612188e-08,-0.0104111
5.617188e-08,0.0010407
5.622188e-08,0.00244128
5.627188e-08,-0.00112883
5.632188e-08,0.00389679
5.637188e-08,0.00985612
5.642188e-08,0.00356724
5.647188e-08,-0.00230971
5.652188e-08,0.0022765
5.657188e-08,0.00801614
5.662188e-08,0.00738451
5.667188e-08,0.000436525
5.672188e-08,-0.00346313
5.677188e-08,-0.00763742
5.682188e-08,-0.022879
5.687188e-08,-0.0328204
5.692188e-08,-0.0274378
5.697188e-08,-0.0239226
5.702188e-08,-0.0220002
5.707188e-08,-0.0136517
5.712188e-08,-0.00857114
5.717188e-08,-0.00453417
5.722188e-08,0.00716481
5.727188e-08,0.0137832
5.732188e-08,0.00798868
5.737188e-08,0.00255113
5.742188e-08,-0.000497197
5.747188e-08,-0.00414969
5.752188e-08,-0.00684101
5.757188e-08,-0.0129102
5.762188e-08,-0.0184301
5.767188e-08,-0.0163155
5.772188e-08,-0.0127729
5.777188e-08,-0.0123609
5.782188e-08,-0.0115371
5.787188e-08,-0.00964217
5.792188e-08,-0.00544043
5.797188e-08,0.00027175
5.802188e-08,0.00084846
5.807188e-08,-0.00099152
5.812188e-08,-0.00159569
5.817188e-08,-0.00403984
5.822188e-08,-0.00387507
5.827188e-08,-3.03361e-05
5.832188e-08,0.00167233
5.837188e-08,0.000216825
5.842188e-08,-0.00524819
5.847188e-08,-0.009038
5.852188e-08,-0.00664877
5.857188e-08,-0.010521
5.862188e-08,-0.0212588
5.867188e-08,-0.027273
5.872188e-08,-0.0290581
5.877188e-08,-0.0255704
5.882188e-08,-0.0179084
5.887188e-08,-0.0146403
5.892188e-08,-0.0111801
5.897188e-08,7.95135e-05
5.902188e-08,0.00606631
5.907188e-08,-0.000359885
5.912188e-08,-0.00316105
5.917188e-08,-0.00541296
5.922188e-08,-0.0169746
5.927188e-08,-0.0214785
5.932188e-08,-0.0142559
5.937188e-08,-0.0119215
5.942188e-08,-0.0206821
5.947188e-08,-0.026559
5.952188e-08,-0.0196385
5.957188e-08,-0.0134045
5.962188e-08,-0.0149699
5.967188e-08,-0.0135968
5.972188e-08,-0.00944993
5.977188e-08,-0.0100266
5.982188e-08,-0.0122236
5.987188e-08,-0.0132947
5.992188e-08,-0.0131848
5.997188e-08,-0.0127454
6.002188e-08,-0.0160134
6.007188e-08,-0.0156564
6.012188e-08,-0.0092577
6.017188e-08,-0.00620937
6.022188e-08,-0.00324344
6.027188e-08,-0.000359885
6.032188e-08,-0.000359885
6.037188e-08,0.00299053
6.042188e-08,0.00260605
6.047188e-08,-0.00393
6.052188e-08,-0.0062643
6.057188e-08,-0.0101914
6.062188e-08,-0.0157663
6.067188e-08,-0.0131299
6.072188e-08,-0.00851621
6.077188e-08,-0.00486372
6.082188e-08,0.00260605
6.087188e-08,0.0111469
6.092188e-08,0.0179575
6.097188e-08,0.0199348
6.102188e-08,0.0178477
6.107188e-08,0.0165295
6.112188e-08,0.0114764
6.117188e-08,0.00156248
6.122188e-08,-0.00307866
6.127188e-08,0.00334754
6.132188e-08,0.0115039
6.137188e-08,0.0127946
6.142188e-08,0.0141403
6.147188e-08,0.0141677
6.152188e-08,0.00760421
6.157188e-08,0.00167233
6.162188e-08,-0.00456163
6.167188e-08,-0.0129926
6.172188e-08,-0.0125257
6.177188e-08,-0.00187032
6.182188e-08,0.00683526
6.187188e-08,0.00974627
6.192188e-08,0.012163
6.197188e-08,0.0141952
6.202188e-08,0.0110645
6.207188e-08,0.00436365
6.212188e-08,-0.00137599
6.217188e-08,-0.00486372
6.222188e-08,-0.00461655
6.227188e-08,0.00142517
6.232188e-08,0.0114215
6.237188e-08,0.0170238
6.242188e-08,0.0172984
6.247188e-08,0.0153211
6.252188e-08,0.008483
6.257188e-08,0.00441857
6.262188e-08,0.00730212
6.267188e-08,0.00960896
6.272188e-08,0.0087027
6.277188e-08,-0.00263926
6.282188e-08,-0.0212313
6.287188e-08,-0.028042
6.292188e-08,-0.0271632
6.297188e-08,-0.0250486
6.302188e-08,-0.0156564
6.307188e-08,-0.00719802
6.312188e-08,0.00084846
6.317188e-08,0.0103779
6.322188e-08,0.0115313
6.327188e-08,0.00941673
6.332188e-08,0.00925195
6.337188e-08,0.0112567
6.342188e-08,0.0195778
6.347188e-08,0.026773
6.352188e-08,0.0246584
6.357188e-08,0.0208685
6.362188e-08,0.0158978
6.367188e-08,0.00694511
6.372188e-08,0.00172726
6.377188e-08,-0.00294135
6.382188e-08,-0.0114547
6.387188e-08,-0.0232361
6.392188e-08,-0.0329577
6.397188e-08,-0.0283166
6.402188e-08,-0.0163979
6.407188e-08,-0.00854368
6.412188e-08,0.00378694
6.417188e-08,0.017216
6.422188e-08,0.0147994
6.427188e-08,0.00422633
6.432188e-08,0.00296306
6.437188e-08,0.00675287
6.442188e-08,0.003375
6.447188e-08,-0.00576998
6.452188e-08,-0.0088183
6.457188e-08,-0.0023921
6.462188e-08,0.00244128
6.467188e-08,0.000903385
6.472188e-08,-0.000854208
6.477188e-08,-0.00176047
6.482188e-08,-0.00362791
6.487188e-08,-0.00966963
6.492188e-08,-0.0154367
6.497188e-08,-0.0118666
6.502188e-08,-0.00728041
6.507188e-08,-0.0060446
6.512188e-08,-0.0015133
6.517188e-08,0.00351231
6.522188e-08,0.00386932
6.527188e-08,0.0014801
6.532188e-08,0.00532483
6.537188e-08,0.0154035
6.542188e-08,0.0155134
6.547188e-08,0.00834569
6.552188e-08,0.0106525
6.557188e-08,0.0124376
6.562188e-08,0.00455588
6.567188e-08,0.0010407
6.572188e-08,0.0042538
6.577188e-08,0.00353977
6.582188e-08,-0.000332422
6.587188e-08,-0.000387347
6.592188e-08,0.0024962
6.597188e-08,0.00483051
6.602188e-08,0.00521498
6.607188e-08,-0.00236464
6.612188e-08,-0.0142284
6.617188e-08,-0.0138439
6.622188e-08,-0.00730787
6.627188e-08,-0.0111801
6.632188e-08,-0.0168099
6.637188e-08,-0.0110977
6.642188e-08,-0.00123868
6.647188e-08,0.00436365
6.652188e-08,0.00719227
6.657188e-08,0.00793376
6.662188e-08,0.0126573
6.667188e-08,0.0214727
6.672188e-08,0.0218572
6.677188e-08,0.0174083
6.682188e-08,0.0204841
6.687188e-08,0.0269927
6.692188e-08,0.0299861
6.697188e-08,0.0273497
6.702188e-08,0.0219396
6.707188e-08,0.0224888
6.712188e-08,0.0241366
6.717188e-08,0.0231754
6.722188e-08,0.0221318
6.727188e-08,0.0155134
6.732188e-08,0.011037
6.737188e-08,0.0107075
6.742188e-08,0.0024962
6.747188e-08,-0.00791204
6.752188e-08,-0.00733533
6.757188e-08,0.00202934
6.762188e-08,0.00334754
6.767188e-08,-0.000332422
6.772188e-08,0.00820838
6.777188e-08,0.0196053
6.782188e-08,0.0215551
6.787188e-08,0.0168316
6.792188e-08,0.00867524
6.797188e-08,0.00219412
6.802188e-08,0.000573836
6.807188e-08,-0.000854208
6.812188e-08,-0.00143092
6.817188e-08,0.00345739
6.822188e-08,0.000244288
6.827188e-08,-0.00972456
6.832188e-08,-0.00500103
6.837188e-08,0.00439111
6.842188e-08,0.00480304
6.847188e-08,0.00197442
6.852188e-08,-0.00143092
6.857188e-08,0.000463987
6.862188e-08,0.00991105
6.867188e-08,0.0139755
6.872188e-08,0.00730212
6.877188e-08,0.00189203
6.882188e-08,-0.00118376
6.887188e-08,-0.00651146
6.892188e-08,-0.00769234
6.897188e-08,-0.00953232
6.902188e-08,-0.0166176
6.907188e-08,-0.015986
6.912188e-08,-0.0047264
6.917188e-08,0.00290814
6.922188e-08,0.00428126
6.927188e-08,0.00897733
6.932188e-08,0.0179575
6.937188e-08,0.0222142
6.942188e-08,0.0164196
6.947188e-08,0.00820838
6.952188e-08,5.20511e-05
6.957188e-08,-0.00873591
6.962188e-08,-0.0092577
6.967188e-08,0.000683686
6.972188e-08,0.0124651
6.977188e-08,0.015788
6.982188e-08,0.0111469
6.987188e-08,0.00590154
6.992188e-08,0.00348485
6.997188e-08,0.00551707
7.002188e-08,0.00417141
7.007188e-08,-0.00211748
7.012188e-08,0.000189363
7.017188e-08,0.00996597
7.022188e-08,0.0155408
7.027188e-08,0.0166668
7.032188e-08,0.0211706
7.037188e-08,0.0231479
7.042188e-08,0.0121904
7.047188e-08,0.00472066
7.052188e-08,0.00985612
7.057188e-08,0.0128221
7.062188e-08,0.0111743
7.067188e-08,0.0108173
7.072188e-08,0.0119158
7.077188e-08,0.0108997
7.082188e-08,0.00730212
7.087188e-08,0.0063684
7.092188e-08,0.008483
7.097188e-08,0.0108722
7.102188e-08,0.0158704
7.107188e-08,0.0209235
7.112188e-08,0.0217199
7.117188e-08,0.0233127
7.122188e-08,0.0206488
7.127188e-08,0.00785137
7.132188e-08,-0.00118376
7.137188e-08,-0.00247449
7.142188e-08,-0.000854208
7.147188e-08,0.00537975
7.152188e-08,0.00933434
7.157188e-08,0.0104328
7.162188e-08,0.00969135
7.167188e-08,-0.00209002
7.172188e-08,-0.0109054
7.177188e-08,-0.00368283
7.182188e-08,0.000656224
7.187188e-08,-0.006484
7.192188e-08,-0.00870845
7.197188e-08,-0.00566013
7.202188e-08,-0.00972456
7.207188e-08,-0.0115371
7.212188e-08,-0.00576998
7.217188e-08,-0.00192524
7.222188e-08,0.000601299
7.227188e-08,0.00263352
7.232188e-08,0.00027175
7.237188e-08,-0.00640161
7.242188e-08,-0.0101365
7.247188e-08,-0.0028315
7.252188e-08,0.00700004
7.257188e-08,0.00587408
7.262188e-08,-0.00129361
7.267188e-08,-0.00263926
7.272188e-08,-8.52608e-05
7.277188e-08,0.000189363
7.282188e-08,-0.00104644
7.287188e-08,-0.00447924
7.292188e-08,-0.00546789
7.297188e-08,-0.00187032
7.302188e-08,0.00395171
7.307188e-08,0.0151564
7.312188e-08,0.0244936
7.317188e-08,0.0247407
7.322188e-08,0.0214453
7.327188e-08,0.0191109
7.332188e-08,0.0158155
7.337188e-08,0.00864778
7.342188e-08,-3.03361e-05
7.347188e-08,-0.0034906
7.352188e-08,-0.00533058
7.357188e-08,-0.0172767
7.362188e-08,-0.029113
7.367188e-08,-0.0222749
7.372188e-08,-0.00486372
7.377188e-08,0.00205681
7.382188e-08,-0.00198017
7.387188e-08,-0.00417716
7.392188e-08,-0.000661971
7.397188e-08,0.00782391
7.402188e-08,0.0168041
7.407188e-08,0.0151289
7.412188e-08,0.00565438
7.417188e-08,0.00373201
7.422188e-08,0.00886748
7.427188e-08,0.012108
7.432188e-08,0.00969135
7.437188e-08,0.00255113
7.442188e-08,0.00167233
7.447188e-08,0.0135361
7.452188e-08,0.0224888
7.457188e-08,0.0212256
7.462188e-08,0.023807
7.467188e-08,0.024219
7.472188e-08,0.00969135
7.477188e-08,-0.000579584
7.482188e-08,0.00598393
7.487188e-08,0.0105976
7.492188e-08,0.0104878
7.497188e-08,0.0135635
7.502188e-08,0.0112567
7.507188e-08,0.00859285
7.512188e-08,0.00765913
7.517188e-08,-0.00593475
7.522188e-08,-0.0201603
7.527188e-08,-0.0184027
7.532188e-08,-0.0154093
7.537188e-08,-0.0175239
7.542188e-08,-0.0109329
7.547188e-08,0.00516006
7.552188e-08,0.0174632
7.557188e-08,0.0175456
7.562188e-08,0.0104603
7.567188e-08,0.00793376
7.572188e-08,0.0127946
7.577188e-08,0.0133713
7.582188e-08,0.00634094
7.587188e-08,0.00200188
7.592188e-08,0.00205681
7.597188e-08,0.00414395
7.602188e-08,0.0029356
7.607188e-08,-0.00019511
7.612188e-08,0.00378694
7.617188e-08,0.00351231
7.622188e-08,-0.00843383
7.627188e-08,-0.0155191
7.632188e-08,-0.0104386
7.637188e-08,-0.00310612
7.642188e-08,0.000326675
7.647188e-08,0.00084846
7.652188e-08,-0.00456163
7.657188e-08,-0.0125257
7.662188e-08,-0.0085986
7.667188e-08,0.00194696
7.672188e-08,-0.000716896
7.677188e-08,-0.0104935
7.682188e-08,-0.0127454
7.687188e-08,-0.0123884
7.692188e-08,-0.0121412
7.697188e-08,-0.00920277
7.702188e-08,-0.00936755
7.707188e-08,-0.0126356
7.712188e-08,-0.0153543
7.717188e-08,-0.0166451
7.722188e-08,-0.00848875
7.727188e-08,0.00603885
7.732188e-08,0.00916956
7.737188e-08,0.00318276
7.742188e-08,0.00277083
7.747188e-08,-0.00112883
7.752188e-08,-0.0110977
7.757188e-08,-0.00912039
7.762188e-08,-0.00390253
7.767188e-08,-0.00763742
7.772188e-08,-0.00689593
7.777188e-08,-0.00634669
7.782188e-08,-0.0183752
7.787188e-08,-0.0240325
7.792188e-08,-0.012663
7.797188e-08,-0.00700578
7.802188e-08,-0.0105759
7.807188e-08,-0.00508342
7.812188e-08,0.00491289
7.817188e-08,0.00884002
7.822188e-08,0.00664302
7.827188e-08,0.00244128
7.832188e-08,0.00106816
7.837188e-08,0.00109562
7.842188e-08,0.00392425
7.847188e-08,0.00727466
7.852188e-08,0.0074669
7.857188e-08,0.003375
7.862188e-08,-0.00483625
7.867188e-08,-0.00475387
7.872188e-08,0.00422633
7.877188e-08,0.00411648
7.882188e-08,-0.00607206
7.887188e-08,-0.0125806
7.892188e-08,-0.0161508
7.897188e-08,-0.0221925
7.902188e-08,-0.0253781
7.907188e-08,-0.0208194
7.912188e-08,-0.00917531
7.917188e-08,0.00175472
7.922188e-08,0.003375
7.927188e-08,0.00340246
7.932188e-08,0.00551707
7.937188e-08,-0.00118376
7.942188e-08,-0.00887322
7.947188e-08,-0.00667623
7.952188e-08,-0.00574251
7.957188e-08,-0.00684101
7.962188e-08,-0.00110137
7.967188e-08,0.00285321
7.972188e-08,0.00634094
7.977188e-08,0.0120806
7.982188e-08,0.00903225
7.987188e-08,0.00768659
7.992188e-08,0.0141403
7.997188e-08,0.0152388
8.002188e-08,0.0116137
8.007188e-08,0.0101857
8.012188e-08,0.0124925
8.017188e-08,0.0169963
8.022188e-08,0.0185342
8.027188e-08,0.0175456
8.032188e-08,0.0146346
8.037188e-08,0.00804361
8.042188e-08,0.00524244
8.047188e-08,0.00474812
8.052188e-08,0.00419887
8.057188e-08,0.0102681
8.062188e-08,0.0133988
8.067188e-08,0.00977374
8.072188e-08,0.0119707
8.077188e-08,0.0143325
8.082188e-08,0.0120806
8.087188e-08,0.0130143
8.092188e-08,0.00856539
8.097188e-08,-0.00346313
8.102188e-08,-0.00994426
8.107188e-08,-0.0106034
8.112188e-08,-0.00725294
8.117188e-08,0.000106976
8.122188e-08,-0.00019511
8.127188e-08,-0.00634669
8.132188e-08,-5.77984e-05
8.137188e-08,0.00916956
8.142188e-08,0.00342992
8.147188e-08,-0.00530311
8.152188e-08,-0.00832398
8.157188e-08,-0.0111251
8.162188e-08,-0.0134045
8.167188e-08,-0.0121138
8.172188e-08,-0.00360045
8.177188e-08,0.00612124
8.182188e-08,0.00609378
8.187188e-08,0.00488543
8.192188e-08,0.00862032
8.197188e-08,0.00812599
8.202188e-08,0.00477558
8.207188e-08,0.00595646
8.212188e-08,0.00625855
8.217188e-08,0.000326675
8.222188e-08,-0.00247449
8.227188e-08,-0.000414809
8.232188e-08,0.000216825
8.237188e-08,0.000875923
8.242188e-08,-0.00423208
8.247188e-08,-0.0134045
8.252188e-08,-0.0126905
8.257188e-08,-0.0109878
8.262188e-08,-0.0164254
8.267188e-08,-0.0144206
8.272188e-08,-0.00826905
8.277188e-08,-0.00983441
8.282188e-08,-0.00953232
8.287188e-08,-0.00140346
8.292188e-08,0.00518752
8.297188e-08,0.00340246
8.302188e-08,-0.00143092
8.307188e-08,-0.00574251
8.312188e-08,-0.0128553
8.317188e-08,-0.0173591
8.322188e-08,-0.0169472
8.327188e-08,-0.0138165
8.332188e-08,-0.00851621
8.337188e-08,-0.00703324
8.342188e-08,-0.00527565
8.347188e-08,0.000628761
8.352188e-08,0.00628601
8.357188e-08,0.0109821
8.362188e-08,0.00955404
8.367188e-08,0.00084846
8.372188e-08,-0.010164
8.377188e-08,-0.0184851
8.382188e-08,-0.0173316
8.387188e-08,-0.0111251
8.392188e-08,-0.00824159
8.397188e-08,-0.00417716
8.402188e-08,0.00524244
8.407188e-08,0.0117236
8.412188e-08,0.008483
8.417188e-08,0.00461081
8.422188e-08,0.00796122
8.427188e-08,0.0108448
8.432188e-08,0.0098012
8.437188e-08,0.0074669
8.442188e-08,0.00279829
8.447188e-08,-0.0019527
8.452188e-08,-0.00425954
8.457188e-08,-0.00307866
8.462188e-08,-0.00206255
8.467188e-08,-0.00623684
8.472188e-08,-0.010466
8.477188e-08,-0.0103013
8.482188e-08,-0.00511088
8.487188e-08,-0.000909132
8.492188e-08,-0.00442432
8.497188e-08,-0.00214494
8.502188e-08,0.0136734
8.507188e-08,0.0252351
8.512188e-08,0.024576
8.517188e-08,0.0169414
8.522188e-08,0.00307291
8.527188e-08,-0.00436939
8.532188e-08,0.00216665
8.537188e-08,0.0054896
8.542188e-08,-2.87366e-06
8.547188e-08,0.00326515
8.552188e-08,0.0162274
8.557188e-08,0.0188089
8.562188e-08,0.0158704
8.567188e-08,0.0209509
8.572188e-08,0.0196877
8.577188e-08,0.003375
8.582188e-08,-0.0161508
8.587188e-08,-0.0256802
8.592188e-08,-0.0235931
8.597188e-08,-0.0170021
8.602188e-08,-0.00986187
8.607188e-08,-0.00607206
8.612188e-08,-0.0047264
8.617188e-08,-0.00214494
8.622188e-08,0.00101323
8.627188e-08,0.00642333
8.632188e-08,0.0113116
8.637188e-08,0.0109272
8.642188e-08,0.0100484
8.647188e-08,0.0151564
8.652188e-08,0.0200721
8.657188e-08,0.0110645
8.662188e-08,-0.00192524
8.667188e-08,-0.00030496
8.672188e-08,0.00562692
8.677188e-08,0.00342992
8.682188e-08,-0.000936595
8.687188e-08,0.000216825
8.692188e-08,0.008483
8.697188e-08,0.0141128
8.702188e-08,0.00862032
8.707188e-08,0.00691765
8.712188e-08,0.0200996
8.717188e-08,0.0278714
8.722188e-08,0.0229282
8.727188e-08,0.0215551
8.732188e-08,0.0229282
8.737188e-08,0.0206214
8.742188e-08,0.0159802
8.747188e-08,0.0119982
8.752188e-08,0.0120257
8.757188e-08,0.0108997
8.762188e-08,0.00713735
8.767188e-08,0.00573677
8.772188e-08,0.00686272
8.777188e-08,0.0122728
8.782188e-08,0.0181772
8.787188e-08,0.0180948
8.792188e-08,0.0114764
8.797188e-08,0.00266098
8.802188e-08,0.00414395
8.807188e-08,0.00985612
8.812188e-08,0.00686272
8.817188e-08,0.00507767
8.822188e-08,0.00669795
8.827188e-08,0.00590154
8.832188e-08,0.00749436
8.837188e-08,0.0098012
8.842188e-08,0.00554453
8.847188e-08,-0.00184285
8.852188e-08,0.00137025
8.857188e-08,0.0111194
8.862188e-08,0.00837315
8.867188e-08,0.0044735
8.872188e-08,0.0102955
8.877188e-08,0.0124925
8.882188e-08,0.0127122
8.887188e-08,0.0127122
8.892188e-08,0.00798868
8.897188e-08,0.00634094
8.902188e-08,0.0108722
8.907188e-08,0.0138382
8.912188e-08,0.0102131
8.917188e-08,-0.000744358
8.922188e-08,-0.0130475
8.927188e-08,-0.0159036
8.932188e-08,-0.0120589
8.937188e-08,-0.0083789
8.942188e-08,-0.00143092
8.947188e-08,0.00444603
8.952188e-08,0.0035947
8.957188e-08,0.000546374
8.962188e-08,-0.00898307
8.967188e-08,-0.0230164
8.972188e-08,-0.021808
8.977188e-08,-0.00835144
8.982188e-08,-0.00167808
8.987188e-08,-0.00288642
8.992188e-08,-0.00414969
8.997188e-08,5.20511e-05
9.002188e-08,0.00455588
9.007188e-08,0.000930848
9.012188e-08,-0.00244703
9.017188e-08,0.000299213
9.022188e-08,0.000573836
9.027188e-08,0.0029356
9.032188e-08,0.0087027
9.037188e-08,0.00587408
9.042188e-08,0.00312784
9.047188e-08,0.00862032
9.052188e-08,0.01252
9.057188e-08,0.0135086
9.062188e-08,0.0166119
9.067188e-08,0.0168041
9.072188e-08,0.0123277
9.077188e-08,0.0105701
9.082188e-08,0.00944419
9.087188e-08,0.00617616
9.092188e-08,-0.000854208
9.097188e-08,-0.0120863
9.102188e-08,-0.0221376
9.107188e-08,-0.0295249
9.112188e-08,-0.0269709
9.117188e-08,-0.0143108
9.122188e-08,-0.00934009
9.127188e-08,-0.0126081
9.132188e-08,-0.00865353
9.137188e-08,-3.03361e-05
9.142188e-08,0.00164487
9.147188e-08,-0.00115629
9.152188e-08,-0.00615445
9.157188e-08,-0.012718
9.162188e-08,-0.014503
9.167188e-08,-0.0119765
9.172188e-08,-0.00972456
9.177188e-08,-0.0121687
9.182188e-08,-0.0143932
9.187188e-08,-0.00566013
9.192188e-08,0.0024962
9.197188e-08,-0.000414809
9.202188e-08,2.45887e-05
9.207188e-08,0.0024962
9.212188e-08,-0.00313359
9.217188e-08,-0.00546789
9.222188e-08,-0.00379268
9.227188e-08,-0.0047264
9.232188e-08,-0.00318851
9.237188e-08,-0.00236464
9.242188e-08,-0.000552121
9.247188e-08,0.00433618
9.252188e-08,0.00279829
9.257188e-08,0.00158994
9.262188e-08,0.00444603
9.267188e-08,0.00134278
9.272188e-08,0.00137025
9.277188e-08,0.00974627
9.282188e-08,0.0125474
9.287188e-08,0.0125749
9.292188e-08,0.0149641
9.297188e-08,0.0102406
9.302188e-08,0.00216665
9.307188e-08,-0.000332422
9.312188e-08,0.000299213
9.317188e-08,0.00436365
9.322188e-08,0.0103504
9.327188e-08,0.0109821
9.332188e-08,0.00889494
9.337188e-08,0.00768659
9.342188e-08,0.00667049
9.347188e-08,0.00897733
9.352188e-08,0.00845554
9.357188e-08,0.00235889
9.362188e-08,0.00532483
9.367188e-08,0.0122179
9.372188e-08,0.00505021
9.377188e-08,-0.0116744
9.382188e-08,-0.0243071
9.387188e-08,-0.0321613
9.392188e-08,-0.0452334
9.397188e-08,-0.0592942
9.402188e-08,-0.0547354
9.407188e-08,-0.0325183
9.412188e-08,-0.0147227
9.417188e-08,-0.00796697
9.422188e-08,-0.00362791
9.427188e-08,-0.00274911
9.432188e-08,-0.00788458
9.437188e-08,-0.0101914
9.442188e-08,-0.00906546
9.447188e-08,-0.0143932
9.452188e-08,-0.0215334
9.457188e-08,-0.0230438
9.462188e-08,-0.0260372
9.467188e-08,-0.0290032
9.472188e-08,-0.0223573
9.477188e-08,-0.0163979
9.482188e-08,-0.0176063
9.487188e-08,-0.0181555
9.492188e-08,-0.0167275
9.497188e-08,-0.0110153
9.502188e-08,-0.00593475
9.507188e-08,-0.00818667
9.512188e-08,-0.0124708
9.517188e-08,-0.0159585
9.522188e-08,-0.0106034
9.527188e-08,0.00617616
9.532188e-08,0.016502
9.537188e-08,0.0155683
9.542188e-08,0.0155134
9.547188e-08,0.0189462
9.552188e-08,0.0213903
9.557188e-08,0.0183145
9.562188e-08,0.00801614
9.567188e-08,-0.00423208
9.572188e-08,-0.0146129
9.577188e-08,-0.0182654
9.582188e-08,-0.0130475
9.587188e-08,-0.00555028
9.592188e-08,0.00112308
9.597188e-08,0.00521498
9.602188e-08,0.00771406
9.607188e-08,0.010323
9.612188e-08,0.00765913
9.617188e-08,0.00106816
9.622188e-08,-0.0023921
9.627188e-08,-0.00483625
9.632188e-08,-0.0137341
9.637188e-08,-0.0266689
9.642188e-08,-0.0282617
9.647188e-08,-0.0140911
9.652188e-08,-0.00198017
9.657188e-08,-0.000414809
9.662188e-08,0.00312784
9.667188e-08,0.0141952
9.672188e-08,0.024933
9.677188e-08,0.0288601
9.682188e-08,0.0215276
9.687188e-08,0.00661556
9.692188e-08,-0.0053855
9.697188e-08,-0.0146403
9.702188e-08,-0.0274103
9.707188e-08,-0.0403451
9.712188e-08,-0.0403451
9.717188e-08,-0.0344132
9.722188e-08,-0.0396586
9.727188e-08,-0.0373517
9.732188e-08,-0.0187871
9.737188e-08,-0.0142284
9.742188e-08,-0.0236205
9.747188e-08,-0.0219179
9.752188e-08,-0.0162881
9.757188e-08,-0.0201053
9.762188e-08,-0.0261471
9.767188e-08,-0.0248014
9.772188e-08,-0.0110428
9.777188e-08,0.00524244
9.782188e-08,0.0113116
9.787188e-08,0.0154585
9.792188e-08,0.022379
9.797188e-08,0.0207038
9.802188e-08,0.00930688
9.807188e-08,0.00115055
9.812188e-08,-0.00159569
9.817188e-08,-0.00659385
9.822188e-08,-0.00695086
9.827188e-08,0.00156248
9.832188e-08,0.00516006
9.837188e-08,0.00321023
9.842188e-08,0.00609378
9.847188e-08,0.00757675
9.852188e-08,-0.000250035
9.857188e-08,-0.00722548
9.862188e-08,-0.00810428
9.867188e-08,-0.0112899
9.872188e-08,-0.0129102
9.877188e-08,-0.0104935
9.882188e-08,-0.0163155
9.887188e-08,-0.0249662
9.892188e-08,-0.0236755
9.897188e-08,-0.0185949
9.902188e-08,-0.0146129
9.907188e-08,-0.00826905
9.912188e-08,-0.00338075
9.917188e-08,-0.00395746
9.922188e-08,-0.00423208
9.927188e-08,0.000930848
9.932188e-08,0.00576423
9.937188e-08,-0.0023921
9.942188e-08,-0.0145579
9.947188e-08,-0.0143382
9.952188e-08,-0.0144756
9.957188e-08,-0.0206546
9.962188e-08,-0.0237853
9.967188e-08,-0.022522
9.972188e-08,-0.0116195
9.977188e-08,0.00441857
9.982188e-08,0.0127122
9.987188e-08,0.0149641
9.992188e-08,0.0179301
9.997188e-08,0.0191384
1.000219e-07,0.0152388
1.000719e-07,0.00540722
1.001219e-07,-0.00752757
1.001719e-07,-0.0178534
1.002219e-07,-0.0239226
1.002719e-07,-0.0217805
1.003219e-07,-0.018897
1.003719e-07,-0.0236755
1.004219e-07,-0.0248563
1.004719e-07,-0.0182104
1.005219e-07,-0.00549535
1.005719e-07,0.00301799
1.006219e-07,-0.00519326
1.006719e-07,-0.0107132
1.007219e-07,-0.00555028
1.007719e-07,-0.00651146
1.008219e-07,-0.0100541
1.008719e-07,-0.0143657
1.009219e-07,-0.0172767
1.009719e-07,-0.00928516
1.010219e-07,-0.00285896
1.010719e-07,-0.00310612
1.011219e-07,-0.000936595
1.011719e-07,-0.00167808
1.012219e-07,-0.00634669
1.012719e-07,-0.00777473
1.013219e-07,-0.00640161
1.013719e-07,-0.00181539
1.014219e-07,0.0038144
1.014719e-07,0.00205681
1.015219e-07,0.000161901
1.015719e-07,0.00966389
1.016219e-07,0.0162823
1.016719e-07,0.0133988
1.017219e-07,0.0148817
1.017719e-07,0.0194954
1.018219e-07,0.0228733
1.018719e-07,0.0222417
1.019219e-07,0.0185342
1.019719e-07,0.0200996
1.020219e-07,0.0196053
1.020719e-07,0.0163372
1.021219e-07,0.0221318
1.021719e-07,0.0281186
1.022219e-07,0.0163647
1.022719e-07,-0.000552121
1.023219e-07,-0.00154077
1.023719e-07,5.20511e-05
1.024219e-07,-0.00467148
1.024719e-07,0.000518912
1.025219e-07,0.0135635
1.025719e-07,0.0112018
1.026219e-07,-0.00436939
1.026719e-07,-0.00807682
1.027219e-07,-0.00266673
1.027719e-07,-0.00615445
1.028219e-07,-0.0124433
1.028719e-07,-0.013075
1.029219e-07,-0.0138714
1.029719e-07,-0.0116195
1.030219e-07,-0.00766488
1.030719e-07,-0.00961471
1.031219e-07,-0.00728041
1.031719e-07,-0.0015133
1.032219e-07,-0.00165062
1.032719e-07,0.000354137
1.033219e-07,0.00411648
1.033719e-07,0.0029356
1.034219e-07,0.00362216
1.034719e-07,0.00719227
1.035219e-07,0.00837315
1.035719e-07,0.00793376
1.036219e-07,0.00167233
1.036719e-07,-0.00489118
1.037219e-07,0.0014801
1.037719e-07,0.00686272
1.038219e-07,-0.00428701
1.038719e-07,-0.015574
1.039219e-07,-0.0100266
1.039719e-07,2.45887e-05
1.040219e-07,-0.00099152
1.040719e-07,-0.000414809
1.041219e-07,0.0129868
1.041719e-07,0.0214178
1.042219e-07,0.0176005
1.042719e-07,0.0149641
1.043219e-07,0.0113116
1.043719e-07,-0.00123868
1.044219e-07,-0.0153543
1.044719e-07,-0.0167549
1.045219e-07,-0.00483625
1.045719e-07,0.00678034
1.046219e-07,0.0145522
1.046719e-07,0.022022
1.047219e-07,0.0256745
1.047719e-07,0.0217748
1.048219e-07,0.011806
1.048719e-07,0.00112308
1.049219e-07,-0.00804935
1.049719e-07,-0.0182379
1.050219e-07,-0.0279596
1.050719e-07,-0.0272181
1.051219e-07,-0.0166725
1.051719e-07,-0.00931262
1.052219e-07,-0.00436939
1.052719e-07,-0.000442272
1.053219e-07,-0.000277498
1.053719e-07,0.00268844
1.054219e-07,0.00494036
1.054719e-07,-0.00225479
1.055219e-07,-0.0104386
1.055719e-07,-0.0136517
1.056219e-07,-0.0160409
1.056719e-07,-0.0102463
1.057219e-07,0.00128786
1.057719e-07,0.000518912
1.058219e-07,-0.0116195
1.058719e-07,-0.0182928
1.059219e-07,-0.0106034
1.059719e-07,0.00362216
1.060219e-07,0.015074
1.060719e-07,0.0185342
1.061219e-07,0.00966389
1.061719e-07,-0.00508342
1.062219e-07,-0.0176887
1.062719e-07,-0.0248563
1.063219e-07,-0.0266963
1.063719e-07,-0.0220002
1.064219e-07,-0.00994426
1.064719e-07,-0.000387347
1.065219e-07,0.00645079
1.065719e-07,0.016859
1.066219e-07,0.0229557
1.066719e-07,0.0209509
1.067219e-07,0.0193856
1.067719e-07,0.0185068
1.068219e-07,0.00875763
1.068719e-07,-0.00346313
1.069219e-07,-0.00656638
1.069719e-07,-0.00549535
1.070219e-07,-0.0056052
1.070719e-07,-0.00461655
1.071219e-07,-0.00269419
1.071719e-07,-0.00585236
1.072219e-07,-0.00769234
1.072719e-07,0.00205681
1.073219e-07,0.0107898
1.073719e-07,0.00908718
1.074219e-07,0.000711148
1.074719e-07,-0.00785712
1.075219e-07,-0.00522073
1.075719e-07,0.00370455
1.076219e-07,0.00266098
1.076719e-07,-0.00568759
1.077219e-07,-0.00774727
1.077719e-07,-0.00280404
1.078219e-07,0.000573836
1.078719e-07,0.00296306
1.079219e-07,0.00884002
1.079719e-07,0.00601139
1.080219e-07,-0.010109
1.080719e-07,-0.0146129
1.081219e-07,-0.00420462
1.081719e-07,-0.00154077
1.082219e-07,-0.00983441
1.082719e-07,-0.0189794
1.083219e-07,-0.0173591
1.083719e-07,-0.00835144
1.084219e-07,-0.00637415
1.084719e-07,-0.00340821
1.085219e-07,0.0129044
1.085719e-07,0.0289699
1.086219e-07,0.0283383
1.086719e-07,0.0191933
1.087219e-07,0.015788
1.087719e-07,0.0192483
1.088219e-07,0.0211981
1.088719e-07,0.01436
1.089219e-07,0.00584661
1.089719e-07,0.00537975
1.090219e-07,0.00650571
1.090719e-07,-0.000799283
1.091219e-07,-0.0121962
1.091719e-07,-0.0121138
1.092219e-07,0.00106816
1.092719e-07,0.00689019
1.093219e-07,0.00164487
1.093719e-07,-0.00310612
1.094219e-07,-0.0128003
1.094719e-07,-0.0213411
1.095219e-07,-0.0141735
1.095719e-07,-0.00489118
1.096219e-07,-0.0028315
1.096719e-07,0.000903385
1.097219e-07,0.00683526
1.097719e-07,0.0122728
1.098219e-07,0.0205115
1.098719e-07,0.0309472
1.099219e-07,0.0367143
1.099719e-07,0.0367418
1.100219e-07,0.0320732
1.100719e-07,0.0255371
1.101219e-07,0.0277341
1.101719e-07,0.0318535
1.102219e-07,0.0187265
1.102719e-07,0.00414395
1.103219e-07,0.00491289
1.103719e-07,-0.00115629
1.104219e-07,-0.0128003
1.104719e-07,-0.0081592
1.105219e-07,0.000766073
1.105719e-07,-0.00285896
1.106219e-07,-0.015217
1.106719e-07,-0.022522
1.107219e-07,-0.0170845
1.107719e-07,-0.0110428
1.108219e-07,-0.0104386
1.108719e-07,-0.00524819
1.109219e-07,0.00342992
1.109719e-07,0.00485797
1.110219e-07,0.000326675
1.110719e-07,0.000161901
1.111219e-07,0.0044735
1.111719e-07,0.00831823
1.112219e-07,0.0116686
1.112719e-07,0.0158704
1.113219e-07,0.0214727
1.113719e-07,0.0264434
1.114219e-07,0.0211981
1.114719e-07,0.00721973
1.115219e-07,0.00386932
1.115719e-07,0.00257859
1.116219e-07,-0.0134594
1.116719e-07,-0.028399
1.117219e-07,-0.0282617
1.117719e-07,-0.0158487
1.118219e-07,-0.00703324
1.118719e-07,-0.0103837
1.119219e-07,-0.00590729
1.119719e-07,0.00502274
1.120219e-07,-0.00274911
1.120719e-07,-0.0184576
1.121219e-07,-0.0193089
1.121719e-07,-0.0100266
1.122219e-07,-0.00434193
1.122719e-07,-0.00576998
1.123219e-07,-0.00656638
1.123719e-07,-0.00829651
1.124219e-07,-0.0140087
1.124719e-07,-0.013075
1.125219e-07,-0.0136242
1.125719e-07,-0.0234283
1.126219e-07,-0.0328479
1.126719e-07,-0.0402078
1.127219e-07,-0.0322163
1.127719e-07,-0.0126081
1.128219e-07,-0.00758249
1.128719e-07,-0.00898307
1.129219e-07,-0.00211748
1.129719e-07,0.0102955
1.130219e-07,0.021967
1.130719e-07,0.024878
1.131219e-07,0.019056
1.131719e-07,0.00595646
1.132219e-07,-0.0099168
1.132719e-07,-0.0154367
1.133219e-07,-0.0132397
1.133719e-07,-0.0216432
1.134219e-07,-0.0368574
1.134719e-07,-0.0377087
1.135219e-07,-0.0252133
1.135719e-07,-0.0161782
1.136219e-07,-0.0135693
1.136719e-07,-0.00912039
1.137219e-07,-0.00115629
1.137719e-07,0.00450096
1.138219e-07,0.00397917
1.138719e-07,-0.00203509
1.139219e-07,-0.00450671
1.139719e-07,0.00340246
1.140219e-07,0.0100758
1.140719e-07,0.00301799
1.141219e-07,-0.006484
1.141719e-07,-0.00382015
1.142219e-07,0.00213919
1.142719e-07,0.0010407
1.143219e-07,-0.00296881
1.143719e-07,-0.00362791
1.144219e-07,-0.000854208
1.144719e-07,0.00134278
1.145219e-07,-0.00140346
1.145719e-07,-0.00675862
1.146219e-07,-0.00642907
1.146719e-07,-0.00244703
1.147219e-07,-0.00530311
1.147719e-07,-0.0136791
1.148219e-07,-0.0116195
1.148719e-07,0.00180964
1.149219e-07,0.00982866
1.149719e-07,0.0123277
1.150219e-07,0.018342
1.150719e-07,0.0230655
1.151219e-07,0.0221867
1.151719e-07,0.0179575
1.152219e-07,0.00916956
1.152719e-07,-0.00115629
1.153219e-07,-0.00527565
1.153719e-07,-0.00192524
1.154219e-07,0.000491449
1.154719e-07,-0.000222573
1.155219e-07,0.00444603
1.155719e-07,0.0124101
1.156219e-07,0.0147719
1.156719e-07,0.0130418
1.157219e-07,0.0127397
1.157719e-07,0.00834569
1.158219e-07,-0.00187032
1.158719e-07,-0.00491864
1.159219e-07,-0.0023921
1.159719e-07,-0.00675862
1.160219e-07,-0.0125806
1.160719e-07,-0.0092577
1.161219e-07,-0.00250195
1.161719e-07,-0.000167648
1.162219e-07,0.000216825
1.162719e-07,-0.00165062
1.163219e-07,-0.00879084
1.163719e-07,-0.0179084
1.164219e-07,-0.0230164
1.164719e-07,-0.0249662
1.165219e-07,-0.0262844
1.165719e-07,-0.0251859
1.166219e-07,-0.0261471
1.166719e-07,-0.0239226
1.167219e-07,-0.0120039
1.167719e-07,-0.00211748
1.168219e-07,0.00535229
1.168719e-07,0.00862032
1.169219e-07,0.00444603
1.169719e-07,0.00647825
1.170219e-07,0.0105427
1.170719e-07,0.00430872
1.171219e-07,-0.00247449
1.171719e-07,-0.00360045
1.172219e-07,-0.0135693
1.172719e-07,-0.025433
1.173219e-07,-0.017826
1.173719e-07,-0.00664877
1.174219e-07,-0.00489118
1.174719e-07,0.00161741
1.175219e-07,0.0105701
1.175719e-07,0.0108448
1.176219e-07,0.00903225
1.176719e-07,0.0111743
1.177219e-07,0.00801614
1.177719e-07,0.00268844
1.178219e-07,0.00653317
1.178719e-07,0.0106525
1.179219e-07,0.0122728
1.179719e-07,0.0171611
1.180219e-07,0.0193856
1.180719e-07,0.0206763
1.181219e-07,0.0243837
1.181719e-07,0.0266631
1.182219e-07,0.0273497
1.182719e-07,0.0206763
1.183219e-07,0.00878509
1.183719e-07,0.00386932
1.184219e-07,-0.00382015
1.184719e-07,-0.0180182
1.185219e-07,-0.0217531
1.185719e-07,-0.0143108
1.186219e-07,-0.00483625
1.186719e-07,0.0010407
1.187219e-07,0.00123293
1.187719e-07,0.00433618
1.188219e-07,0.0133988
1.188719e-07,0.0171062
1.189219e-07,0.0162549
1.189719e-07,0.0176005
1.190219e-07,0.0157605
1.190719e-07,0.0126573
1.191219e-07,0.0117785
1.191719e-07,0.00949911
1.192219e-07,0.010323
1.192719e-07,0.0131516
1.193219e-07,0.0123827
1.193719e-07,0.0135635
1.194219e-07,0.0164196
1.194719e-07,0.0177104
1.195219e-07,0.0185342
1.195719e-07,0.0165569
1.196219e-07,0.0174357
1.196719e-07,0.0218572
1.197219e-07,0.020182
1.197719e-07,0.0193032
1.198219e-07,0.0212805
1.198719e-07,0.0195503
1.199219e-07,0.02161
1.199719e-07,0.0261139
1.200219e-07,0.0227085
1.200719e-07,0.0179026
1.201219e-07,0.0215002
1.201719e-07,0.0215551
1.202219e-07,0.0105152
1.202719e-07,0.00224904
1.203219e-07,0.000601299
1.203719e-07,0.00296306
1.204219e-07,0.0104603
1.204719e-07,0.0122179
1.205219e-07,0.00609378
1.205719e-07,0.00370455
1.206219e-07,0.00106816
1.206719e-07,-0.00475387
1.207219e-07,-0.00263926
1.207719e-07,0.00112308
1.208219e-07,-0.00384761
1.208719e-07,-0.00555028
1.209219e-07,-0.00340821
1.209719e-07,-0.00678608
1.210219e-07,-0.00436939
1.210719e-07,0.00274337
1.211219e-07,0.00299053
1.211719e-07,0.00348485
1.212219e-07,0.00351231
1.212719e-07,-0.00137599
1.213219e-07,-0.00785712
1.213719e-07,-0.0165902
1.214219e-07,-0.0249113
1.214719e-07,-0.0329852
1.215219e-07,-0.0329028
1.215719e-07,-0.0188695
1.216219e-07,-0.00662131
1.216719e-07,0.00535229
1.217219e-07,0.016914
1.217719e-07,0.0124925
1.218219e-07,0.00713735
1.218719e-07,0.0125749
1.219219e-07,0.0108448
1.219719e-07,-0.00184285
1.220219e-07,-0.0151072
1.220719e-07,-0.0233734
1.221219e-07,-0.0250211
1.221719e-07,-0.025488
1.222219e-07,-0.028756
1.222719e-07,-0.0309804
1.223219e-07,-0.0281244
1.223719e-07,-0.0249387
1.224219e-07,-0.0190343
1.224719e-07,-0.00321597
1.225219e-07,0.00837315
1.225719e-07,0.00927941
1.226219e-07,0.00999344
1.226719e-07,0.0114215
1.227219e-07,0.00933434
1.227719e-07,0.00238635
1.228219e-07,-0.00733533
1.228719e-07,-0.0126356
1.229219e-07,-0.00689593
1.229719e-07,-0.00263926
1.230219e-07,-0.0114272
1.230719e-07,-0.0147776
1.231219e-07,-0.00530311
1.231719e-07,-0.00571505
1.232219e-07,-0.0179633
1.232719e-07,-0.0194462
1.233219e-07,-0.0085986
1.233719e-07,-0.00563266
1.234219e-07,-0.0102189
1.234719e-07,-0.00414969
1.235219e-07,0.00664302
1.235719e-07,0.00705496
1.236219e-07,5.20511e-05
1.236719e-07,-0.00524819
1.237219e-07,-0.00500103
1.237719e-07,-0.00030496
1.238219e-07,0.00183711
1.238719e-07,-0.00250195
1.239219e-07,-0.0053855
1.239719e-07,-0.00502849
1.240219e-07,-0.00406731
1.240719e-07,-0.00123868
1.241219e-07,-0.00274911
1.241719e-07,-0.0116744
1.242219e-07,-0.0173591
1.242719e-07,-0.0154367
1.243219e-07,-0.0135693
1.243719e-07,-0.0122236
1.244219e-07,-0.00936755
1.244719e-07,-0.00533058
1.245219e-07,-0.0021724
1.245719e-07,-0.000854208
1.246219e-07,0.00675287
1.246719e-07,0.0150191
1.247219e-07,0.0123827
1.247719e-07,0.00818092
1.248219e-07,0.0103779
1.248719e-07,0.0137832
1.249219e-07,0.0132889
1.249719e-07,0.0124376
1.250219e-07,0.0177104
1.250719e-07,0.0233402
1.251219e-07,0.0216375
1.251719e-07,0.00845554
1.252219e-07,-0.0047264
1.252719e-07,0.000354137
1.253219e-07,0.00598393
1.253719e-07,0.0038144
1.254219e-07,0.00590154
1.254719e-07,0.00524244
1.255219e-07,0.00158994
1.255719e-07,-0.00423208
1.256219e-07,-0.0129102
1.256719e-07,-0.0140087
1.257219e-07,-0.0111251
1.257719e-07,-0.0157388
1.258219e-07,-0.0151346
1.258719e-07,0.00139771
1.259219e-07,0.0136459
1.259719e-07,0.0195503
1.260219e-07,0.0299311
1.260719e-07,0.0276792
1.261219e-07,0.0177104
1.261719e-07,0.020182
1.262219e-07,0.018699
1.262719e-07,0.00496782
1.263219e-07,0.000711148
1.263719e-07,0.00650571
1.264219e-07,0.00664302
1.264719e-07,0.00263352
1.265219e-07,-0.000634509
1.265719e-07,-0.00417716
1.266219e-07,-0.00917531
1.266719e-07,-0.0141735
1.267219e-07,-0.0153269
1.267719e-07,-0.0136517
1.268219e-07,-0.0122511
1.268719e-07,-0.00744518
1.269219e-07,0.00477558
1.269719e-07,0.0169963
1.270219e-07,0.0219121
1.270719e-07,0.0257294
1.271219e-07,0.0360003
1.271719e-07,0.0441566
1.272219e-07,0.0371537
1.272719e-07,0.0261413
1.273219e-07,0.02529
1.273719e-07,0.026004
1.274219e-07,0.0169689
1.274719e-07,0.00115055
1.275219e-07,-0.00373776
1.275719e-07,0.00389679
1.276219e-07,0.00340246
1.276719e-07,-0.00909292
1.277219e-07,-0.0213686
1.277719e-07,-0.0232361
1.278219e-07,-0.0135693
1.278719e-07,-0.00406731
1.279219e-07,-0.00088167
1.279719e-07,0.000903385
1.280219e-07,0.00150756
1.280719e-07,0.00296306
1.281219e-07,0.0129044
1.281719e-07,0.0236422
1.282219e-07,0.0163098
1.282719e-07,0.00384186
1.283219e-07,0.00235889
1.283719e-07,-0.00876338
1.284219e-07,-0.0238128
1.284719e-07,-0.0217256
1.285219e-07,-0.0187597
1.285719e-07,-0.0219179
1.286219e-07,-0.0128553
1.286719e-07,0.00389679
1.287219e-07,0.00340246
1.287719e-07,-0.00530311
1.288219e-07,-0.00134853
1.288719e-07,0.00189203
1.289219e-07,2.45887e-05
1.289719e-07,0.00389679
1.290219e-07,0.00340246
1.290719e-07,-0.00382015
1.291219e-07,-0.00695086
1.291719e-07,-0.0102189
1.292219e-07,-0.0131299
1.292719e-07,-0.0132672
1.293219e-07,-0.0170296
1.293719e-07,-0.0157937
1.294219e-07,-0.00804935
1.294719e-07,-0.00752757
1.295219e-07,-0.0110702
1.295719e-07,-0.0101365
1.296219e-07,-0.00420462
1.296719e-07,0.0040341
1.297219e-07,0.00944419
1.297719e-07,0.0126024
1.298219e-07,0.0141128
1.298719e-07,0.0123003
1.299219e-07,0.00765913
1.299719e-07,-0.0030512
1.300219e-07,-0.0135693
1.300719e-07,-0.0134594
1.301219e-07,-0.00835144
1.301719e-07,-0.00461655
1.302219e-07,0.00112308
1.302719e-07,0.00743943
1.303219e-07,0.00785137
1.303719e-07,0.00444603
1.304219e-07,0.00584661
1.304719e-07,0.00730212
1.305219e-07,-0.000799283
1.305719e-07,-0.0047264
1.306219e-07,0.00224904
1.306719e-07,0.0109821
1.307219e-07,0.0181772
1.307719e-07,0.0141403
1.308219e-07,0.00428126
1.308719e-07,0.00288068
1.309219e-07,0.00194696
1.309719e-07,-0.00200763
1.310219e-07,-0.00777473
1.310719e-07,-0.0202976
1.311219e-07,-0.0263942
1.311719e-07,-0.019968
1.312219e-07,-0.0178809
1.312719e-07,-0.0188421
1.313219e-07,-0.0151346
1.313719e-07,-0.0124433
1.314219e-07,-0.00917531
1.314719e-07,-0.00848875
1.315219e-07,-0.0143932
1.315719e-07,-0.0138439
1.316219e-07,-0.00777473
1.316719e-07,-0.00695086
1.317219e-07,-0.00758249
1.317719e-07,-0.0113998
1.318219e-07,-0.0139538
1.318719e-07,-0.00478133
1.319219e-07,0.00139771
1.319719e-07,-0.00181539
1.320219e-07,2.45887e-05
1.320719e-07,0.00889494
1.321219e-07,0.0204291
1.321719e-07,0.0272673
1.322219e-07,0.0200447
1.322719e-07,0.00537975
1.323219e-07,-0.00508342
1.323719e-07,-0.0113174
1.324219e-07,-0.017414
1.324719e-07,-0.0202701
1.325219e-07,-0.0212313
1.325719e-07,-0.0243345
1.326219e-07,-0.0235381
1.326719e-07,-0.0199131
1.327219e-07,-0.015272
1.327719e-07,-0.00552281
1.328219e-07,0.00202934
1.328719e-07,-0.00132107
1.329219e-07,-0.00722548
1.329719e-07,-0.00365537
1.330219e-07,0.00353977
1.330719e-07,0.00513259
1.331219e-07,-0.00154077
1.331719e-07,-0.0122511
1.332219e-07,-0.015272
1.332719e-07,-0.0116195
1.333219e-07,-0.00741772
1.333719e-07,-0.00200763
1.334219e-07,0.00277083
1.334719e-07,0.00496782
1.335219e-07,0.00189203
1.335719e-07,0.00027175
1.336219e-07,0.00941673
1.336719e-07,0.0166393
1.337219e-07,0.0142776
1.337719e-07,0.0149092
1.338219e-07,0.0196602
1.338719e-07,0.0171886
1.339219e-07,0.0136734
1.339719e-07,0.0188912
1.340219e-07,0.0224888
1.340719e-07,0.0192208
1.341219e-07,0.0129594
1.341719e-07,0.00329261
1.342219e-07,-0.00453417
1.342719e-07,-0.00461655
1.343219e-07,0.00279829
1.343719e-07,0.0123277
1.344219e-07,0.0102131
1.344719e-07,-8.52608e-05
1.345219e-07,-0.00192524
1.345719e-07,-0.00321597
1.346219e-07,-0.0128278
1.346719e-07,-0.0227967
1.347219e-07,-0.0275751
1.347719e-07,-0.025488
1.348219e-07,-0.0164803
1.348719e-07,-0.00228225
1.349219e-07,0.00960896
1.349719e-07,0.0112567
1.350219e-07,0.011037
1.350719e-07,0.0116412
1.351219e-07,0.00579169
1.351719e-07,0.00257859
1.352219e-07,0.00027175
1.352719e-07,-0.00774727
1.353219e-07,-0.0138714
1.353719e-07,-0.0159036
1.354219e-07,-0.00955978
1.354719e-07,-0.00137599
1.355219e-07,-0.00340821
1.355719e-07,-0.00634669
1.356219e-07,-0.00299627
1.356719e-07,-0.000607046
1.357219e-07,-0.00695086
1.357719e-07,-0.0125806
1.358219e-07,-0.00384761
1.358719e-07,0.00370455
1.359219e-07,-0.00145838
1.359719e-07,-0.00436939
1.360219e-07,-0.00868099
1.360719e-07,-0.0177985
1.361219e-07,-0.0124433
1.361719e-07,-0.000854208
1.362219e-07,-0.00255688
1.362719e-07,-0.00717056
1.363219e-07,-0.00821413
1.363719e-07,-0.0122786
1.364219e-07,-0.0140636
1.364719e-07,-0.00782965
1.365219e-07,0.00142517
1.365719e-07,0.00466573
1.366219e-07,0.00565438
1.366719e-07,0.0120257
1.367219e-07,0.0152113
1.367719e-07,0.0132065
1.368219e-07,0.0061487
1.368719e-07,-0.00159569
1.369219e-07,0.00458335
1.369719e-07,0.00919703
1.370219e-07,0.00257859
1.370719e-07,0.0040341
1.371219e-07,0.0106251
1.371719e-07,0.0108173
1.372219e-07,0.00436365
1.372719e-07,-0.00557774
1.373219e-07,-0.00884576
1.373719e-07,-0.00332582
1.374219e-07,0.00178218
1.374719e-07,0.00257859
1.375219e-07,0.00255113
1.375719e-07,0.00568184
1.376219e-07,0.00991105
1.376719e-07,0.0120257
1.377219e-07,0.0118334
1.377719e-07,0.00551707
1.378219e-07,-0.000552121
1.378719e-07,0.00436365
1.379219e-07,0.00859285
1.379719e-07,0.00084846
1.380219e-07,-0.00387507
1.380719e-07,0.00433618
1.381219e-07,0.00312784
1.381719e-07,-0.0129651
1.382219e-07,-0.0175513
1.382719e-07,-0.00890069
1.383219e-07,-0.00502849
1.383719e-07,-0.0116195
1.384219e-07,-0.0195561
1.384719e-07,-0.0208468
1.385219e-07,-0.0154093
1.385719e-07,-0.00656638
1.386219e-07,-0.00431447
1.386719e-07,-0.00843383
1.387219e-07,-0.0185674
1.387719e-07,-0.0345506
1.388219e-07,-0.0349076
1.388719e-07,-0.0167824
1.389219e-07,-0.00629176
1.389719e-07,-0.00835144
1.390219e-07,-0.00615445
1.390719e-07,-0.000552121
1.391219e-07,0.000354137
1.391719e-07,-3.03361e-05
1.392219e-07,-0.00307866
1.392719e-07,-0.0056052
1.393219e-07,0.000161901
1.393719e-07,0.00812599
1.394219e-07,0.0126024
1.394719e-07,0.0123827
1.395219e-07,0.00634094
1.395719e-07,-0.00250195
1.396219e-07,-0.010878
1.396719e-07,-0.0116469
1.397219e-07,-0.00637415
1.397719e-07,-0.00955978
1.398219e-07,-0.0123884
1.398719e-07,-0.00351806
1.399219e-07,-0.000497197
1.399719e-07,-0.00659385
1.400219e-07,-0.00824159
1.400719e-07,-0.00434193
1.401219e-07,0.00246874
1.401719e-07,0.010323
1.402219e-07,0.0170513
1.402719e-07,0.0206488
1.403219e-07,0.0232852
1.403719e-07,0.0249604
1.404219e-07,0.0208136
1.404719e-07,0.016859
1.405219e-07,0.0125474
1.405719e-07,0.000683686
1.406219e-07,-0.00442432
1.406719e-07,0.00117801
1.407219e-07,0.0035947
1.407719e-07,0.0061487
1.408219e-07,0.00565438
1.408719e-07,-0.00162315
1.409219e-07,-0.00368283
1.409719e-07,-0.00480879
1.410219e-07,-0.0111801
1.410719e-07,-0.016343
1.411219e-07,-0.0188421
1.411719e-07,-0.019254
1.412219e-07,-0.0149973
1.412719e-07,-0.00395746
1.413219e-07,0.0106525
1.413719e-07,0.0193581
1.414219e-07,0.0164471
1.414719e-07,0.0122179
1.415219e-07,0.0153211
1.415719e-07,0.0177928
1.416219e-07,0.0177378
1.416719e-07,0.0170513
1.417219e-07,0.00971881
1.417719e-07,-0.00115629
1.418219e-07,-0.00829651
1.418719e-07,-0.0164803
1.419219e-07,-0.0300193
1.419719e-07,-0.0359786
1.420219e-07,-0.023291
1.420719e-07,-0.00535804
1.421219e-07,0.000738611
1.421719e-07,-0.00329836
1.422219e-07,-0.0067037
1.422719e-07,-0.0069234
1.423219e-07,-0.00997172
1.423719e-07,-0.017826
1.424219e-07,-0.0240599
1.424719e-07,-0.0241148
1.425219e-07,-0.0200779
1.425719e-07,-0.01302
1.426219e-07,-0.00288642
1.426719e-07,0.00518752
1.427219e-07,0.00491289
1.427719e-07,-0.00351806
1.428219e-07,-0.010109
1.428719e-07,-0.00708817
1.429219e-07,-0.00269419
1.429719e-07,-0.00555028
1.430219e-07,-0.0107407
1.430719e-07,-0.010466
1.431219e-07,-0.00497357
1.431719e-07,0.00145263
1.432219e-07,0.00991105
1.432719e-07,0.0162274
1.433219e-07,0.0134812
1.433719e-07,0.00735705
1.434219e-07,0.00763167
1.434719e-07,0.0162549
1.435219e-07,0.0238345
1.435719e-07,0.020896
1.436219e-07,0.0100209
1.436719e-07,0.00131532
1.437219e-07,-0.00296881
1.437719e-07,-0.0119765
1.438219e-07,-0.0171119
1.438719e-07,-0.0083789
1.439219e-07,-0.00475387
1.439719e-07,-0.00818667
1.440219e-07,-0.00110137
1.440719e-07,0.0106251
1.441219e-07,0.0152113
1.441719e-07,0.0174357
1.442219e-07,0.0216924
1.442719e-07,0.0241915
1.443219e-07,0.0258942
1.443719e-07,0.0290523
1.444219e-07,0.0261962
1.444719e-07,0.0169689
1.445219e-07,0.0123552
1.445719e-07,0.0119158
1.446219e-07,0.0132889
1.446719e-07,0.0163647
1.447219e-07,0.0135361
1.447719e-07,0.00507767
1.448219e-07,0.00101323
1.448719e-07,0.00639586
1.449219e-07,0.0108722
1.449719e-07,0.00771406
1.450219e-07,0.00175472
1.450719e-07,-0.00620937
1.451219e-07,-0.00766488
1.451719e-07,-0.00609952
1.452219e-07,-0.0181555
1.452719e-07,-0.0253781
1.453219e-07,-0.017057
1.453719e-07,-0.0140911
1.454219e-07,-0.0121412
1.454719e-07,-0.00132107
1.455219e-07,0.0106525
1.455719e-07,0.014305
1.456219e-07,0.00757675
1.456719e-07,0.00312784
1.457219e-07,0.00117801
1.457719e-07,-0.00870845
1.458219e-07,-0.0169472
1.458719e-07,-0.0110153
1.459219e-07,-0.00187032
1.459719e-07,0.000628761
1.460219e-07,0.00700004
1.460719e-07,0.017985
1.461219e-07,0.0236148
1.461719e-07,0.0255646
1.462219e-07,0.0272124
1.462719e-07,0.0278989
1.463219e-07,0.0257019
1.463719e-07,0.0191659
1.464219e-07,0.0160077
1.464719e-07,0.0169963
1.465219e-07,0.0160352
1.465719e-07,0.0165569
1.466219e-07,0.0196327
1.466719e-07,0.0223515
1.467219e-07,0.0210882
1.467719e-07,0.0190835
1.468219e-07,0.0218297
1.468719e-07,0.0192483
1.469219e-07,0.00765913
1.469719e-07,0.000793536
1.470219e-07,-0.00200763
1.470719e-07,-0.00728041
1.471219e-07,-0.00835144
1.471719e-07,-0.0100541
1.472219e-07,-0.0160958
1.472719e-07,-0.013075
1.473219e-07,-0.00862606
1.473719e-07,-0.0156839
1.474219e-07,-0.022577
1.474719e-07,-0.0238952
1.475219e-07,-0.0202152
1.475719e-07,-0.0120039
1.476219e-07,-0.0131299
1.476719e-07,-0.0247739
1.477219e-07,-0.0291954
1.477719e-07,-0.028042
1.478219e-07,-0.0323261
1.478719e-07,-0.0314473
1.479219e-07,-0.0227692
1.479719e-07,-0.015272
1.480219e-07,-0.00766488
1.480719e-07,-0.00478133
1.481219e-07,-0.00629176
1.481719e-07,-0.000442272
1.482219e-07,0.0116137
1.482719e-07,0.019413
1.483219e-07,0.0190835
1.483719e-07,0.013234
1.484219e-07,0.0065881
1.484719e-07,0.00590154
1.485219e-07,0.00233143
1.485719e-07,-0.0121962
1.486219e-07,-0.0189794
1.486719e-07,-0.0169472
1.487219e-07,-0.0173316
1.487719e-07,-0.0155466
1.488219e-07,-0.0129651
1.488719e-07,-0.010466
1.489219e-07,-0.00936755
1.489719e-07,-0.00868099
1.490219e-07,-0.00338075
1.490719e-07,-0.000414809
1.491219e-07,-0.000524659
1.491719e-07,-0.00019511
1.492219e-07,-0.0037103
1.492719e-07,-0.00961471
1.493219e-07,-0.0114822
1.493719e-07,-0.00862606
1.494219e-07,-0.00576998
1.494719e-07,-0.00280404
1.495219e-07,-0.00118376
1.495719e-07,-0.00505595
1.496219e-07,-0.0108231
1.496719e-07,-0.0122786
1.497219e-07,-0.0023921
1.497719e-07,0.00743943
1.498219e-07,0.00260605
1.498719e-07,0.00263352
1.499219e-07,0.0063684
1.499719e-07,-0.00717056
1.500219e-07,-0.0203525
1.500719e-07,-0.0164528
1.501219e-07,-0.00868099
1.501719e-07,-0.00972456
1.502219e-07,-0.0107681
1.502719e-07,-0.00412223
1.503219e-07,-0.00409477
1.503719e-07,-0.0142833
1.504219e-07,-0.020737
1.504719e-07,-0.0179907
1.505219e-07,-0.0157937
1.505719e-07,-0.0194462
1.506219e-07,-0.0147227
1.506719e-07,-0.00241956
1.507219e-07,0.00450096
1.507719e-07,0.0127397
1.508219e-07,0.0208685
1.508719e-07,0.0214178
1.509219e-07,0.0218572
1.509719e-07,0.0257019
1.510219e-07,0.0289425
1.510719e-07,0.0250154
1.511219e-07,0.0164746
1.511719e-07,0.0131516
1.512219e-07,0.0138656
1.512719e-07,0.0210333
1.513219e-07,0.0358081
1.513719e-07,0.0436623
1.514219e-07,0.040257
1.514719e-07,0.0359729
1.515219e-07,0.0303431
1.515719e-07,0.0159802
1.516219e-07,0.00230397
1.516719e-07,0.00296306
1.517219e-07,0.00384186
1.517719e-07,-0.00912039
1.518219e-07,-0.0178809
1.518719e-07,-0.0186498
1.519219e-07,-0.0220826
1.519719e-07,-0.020023
1.520219e-07,-0.0138714
1.520719e-07,-0.0106034
1.521219e-07,-0.00868099
1.521719e-07,-0.0108231
1.522219e-07,-0.0171669
1.522719e-07,-0.0180457
1.523219e-07,-0.0118666
1.523719e-07,-0.0131574
1.524219e-07,-0.0216707
1.524719e-07,-0.0219179
1.525219e-07,-0.0113998
1.525719e-07,-0.00222733
1.526219e-07,-0.00233718
1.526719e-07,-0.000826745
1.527219e-07,0.0089224
1.527719e-07,0.0114489
1.528219e-07,0.00115055
1.528719e-07,-0.00769234
1.529219e-07,-0.00788458
1.529719e-07,-0.00401238
1.530219e-07,-0.00335328
1.530719e-07,-0.00684101
1.531219e-07,-0.00760996
1.531719e-07,-0.00368283
1.532219e-07,-0.00209002
1.532719e-07,-0.00590729
1.533219e-07,-0.00906546
1.533719e-07,-0.010109
1.534219e-07,-0.00755503
1.534719e-07,0.0012604
1.535219e-07,0.00807107
1.535719e-07,0.00609378
1.536219e-07,0.00120547
1.536719e-07,0.0031553
1.537219e-07,0.0061487
1.537719e-07,-0.00318851
1.538219e-07,-0.0190618
1.538719e-07,-0.0272181
1.539219e-07,-0.026916
1.539719e-07,-0.0269984
1.540219e-07,-0.0258999
1.540719e-07,-0.0147227
1.541219e-07,0.00153502
1.541719e-07,0.0115588
1.542219e-07,0.0114215
1.542719e-07,0.00576423
1.543219e-07,0.00219412
1.543719e-07,-0.000826745
1.544219e-07,-0.00972456
1.544719e-07,-0.0194462
1.545219e-07,-0.020737
1.545719e-07,-0.0196385
1.546219e-07,-0.022879
1.546719e-07,-0.0192265
1.547219e-07,-0.00832398
1.547719e-07,-0.00162315
1.548219e-07,0.00540722
1.548719e-07,0.00798868
1.549219e-07,0.00169979
1.549719e-07,0.00537975
1.550219e-07,0.0174083
1.550719e-07,0.0190286
1.551219e-07,0.0155408
1.551719e-07,0.0133713
1.552219e-07,0.00601139
1.552719e-07,-0.000359885
1.553219e-07,-0.00159569
1.553719e-07,-0.00467148
1.554219e-07,-0.0112075
1.554719e-07,-0.0147776
1.555219e-07,-0.00994426
1.555719e-07,0.000656224
1.556219e-07,0.0115313
1.556719e-07,0.0117236
1.557219e-07,0.00620363
1.557719e-07,0.00886748
1.558219e-07,0.00661556
1.558719e-07,-0.00360045
1.559219e-07,-0.00571505
1.559719e-07,-0.00741772
1.560219e-07,-0.0146403
1.560719e-07,-0.0191442
1.561219e-07,-0.0268611
1.561719e-07,-0.0356765
1.562219e-07,-0.0365004
1.562719e-07,-0.0307882
1.563219e-07,-0.0230438
1.563719e-07,-0.0171119
1.564219e-07,-0.00728041
1.564719e-07,-0.00030496
1.565219e-07,-0.00206255
1.565719e-07,0.000134438
1.566219e-07,-0.00291389
1.566719e-07,-0.0147776
1.567219e-07,-0.0182928
1.567719e-07,-0.0140087
1.568219e-07,-0.00760996
1.568719e-07,-0.00401238
1.569219e-07,-0.00936755
1.569719e-07,-0.0183203
1.570219e-07,-0.0253507
1.570719e-07,-0.0237578
1.571219e-07,-0.00785712
1.571719e-07,0.00705496
1.572219e-07,0.0124376
1.572719e-07,0.0212805
1.573219e-07,0.0339956
1.573719e-07,0.0394331
1.574219e-07,0.0395704
1.574719e-07,0.0407513
1.575219e-07,0.0356158
1.575719e-07,0.0176005
1.576219e-07,0.00197442
1.576719e-07,0.00153502
1.577219e-07,0.00595646
1.577719e-07,0.00853793
1.578219e-07,0.0102681
1.578719e-07,0.008483
1.579219e-07,0.00903225
1.579719e-07,0.0137009
1.580219e-07,0.0143325
1.580719e-07,0.0133988
1.581219e-07,0.0116686
1.581719e-07,0.00743943
1.582219e-07,0.0117785
1.582719e-07,0.022736
1.583219e-07,0.0220494
1.583719e-07,0.0105152
1.584219e-07,0.00576423
1.584719e-07,0.00985612
1.585219e-07,0.00697257
1.585719e-07,-0.00524819
1.586219e-07,-0.0103287
1.586719e-07,-0.00662131
1.587219e-07,-0.00393
1.587719e-07,-0.00228225
1.588219e-07,-8.52608e-05
1.588719e-07,0.00452842
1.589219e-07,0.0100209
1.589719e-07,0.0152662
1.590219e-07,0.0231479
1.590719e-07,0.0252076
1.591219e-07,0.0175181
1.591719e-07,0.0120257
1.592219e-07,0.0148268
1.592719e-07,0.0188638
1.593219e-07,0.0115039
1.593719e-07,-0.0021724
1.594219e-07,-0.00266673
1.594719e-07,0.00205681
1.595219e-07,-0.00181539
1.595719e-07,-0.00263926
1.596219e-07,0.000326675
