LECROYWR640Zi,59892,Waveform
Segments,1,SegmentSize,4002
Segment,TrigTime,TimeSinceSegment1
#1,01-Nov-2023 13:34:16,0                 
Time,Ampl
-4.043219e-08,0.0314141
-4.038219e-08,0.0277341
-4.033219e-08,0.0222966
-4.028219e-08,0.0196327
-4.023219e-08,0.0258942
-4.018219e-08,0.0305902
-4.013219e-08,0.0183969
-4.008219e-08,0.00601139
-4.003219e-08,0.00408902
-3.998219e-08,-0.00343567
-3.993219e-08,-0.0122511
-3.988219e-08,-0.00936755
-3.983219e-08,-0.00456163
-3.978219e-08,-0.00445178
-3.973219e-08,0.00304545
-3.968219e-08,0.019825
-3.963219e-08,0.0310022
-3.958219e-08,0.0313042
-3.953219e-08,0.0281186
-3.948219e-08,0.0281461
-3.943219e-08,0.0278989
-3.938219e-08,0.0227085
-3.933219e-08,0.0193306
-3.928219e-08,0.0202918
-3.923219e-08,0.0232852
-3.918219e-08,0.0232578
-3.913219e-08,0.0142226
-3.908219e-08,0.00139771
-3.903219e-08,-0.0104386
-3.898219e-08,-0.0193364
-3.893219e-08,-0.0241423
-3.888219e-08,-0.0230164
-3.883219e-08,-0.0213686
-3.878219e-08,-0.0232635
-3.873219e-08,-0.0134045
-3.868219e-08,0.00342992
-3.863219e-08,0.0121355
-3.858219e-08,0.0170513
-3.853219e-08,0.0177653
-3.848219e-08,0.0141403
-3.843219e-08,0.0119158
-3.838219e-08,0.012877
-3.833219e-08,0.0134812
-3.828219e-08,0.00925195
-3.823219e-08,0.00299053
-3.818219e-08,0.00241382
-3.813219e-08,0.00991105
-3.808219e-08,0.0175456
-3.803219e-08,0.0211157
-3.798219e-08,0.0229831
-3.793219e-08,0.0207038
-3.788219e-08,0.0195503
-3.783219e-08,0.0269927
-3.778219e-08,0.0297938
-3.773219e-08,0.0177653
-3.768219e-08,0.00919703
-3.763219e-08,0.0144149
-3.758219e-08,0.0113116
-3.753219e-08,-3.03361e-05
-3.748219e-08,-0.000140186
-3.743219e-08,0.00414395
-3.738219e-08,0.0114215
-3.733219e-08,0.0146895
-3.728219e-08,0.0057093
-3.723219e-08,0.00634094
-3.718219e-08,0.0183145
-3.713219e-08,0.0189187
-3.708219e-08,0.0065881
-3.703219e-08,0.0012604
-3.698219e-08,0.00326515
-3.693219e-08,-0.00450671
-3.688219e-08,-0.0113998
-3.683219e-08,-0.00667623
-3.678219e-08,-0.00189778
-3.673219e-08,0.00142517
-3.668219e-08,0.00988359
-3.663219e-08,0.0190286
-3.658219e-08,0.0228184
-3.653219e-08,0.0255646
-3.648219e-08,0.0287777
-3.643219e-08,0.0312219
-3.638219e-08,0.0315789
-3.633219e-08,0.0233676
-3.628219e-08,0.0117785
-3.623219e-08,0.0052699
-3.618219e-08,0.005929
-3.613219e-08,0.0140853
-3.608219e-08,0.0207862
-3.603219e-08,0.0186441
-3.598219e-08,0.0158978
-3.593219e-08,0.0161999
-3.588219e-08,0.0130418
-3.583219e-08,0.0117236
-3.578219e-08,0.0134537
-3.573219e-08,0.0134812
-3.568219e-08,0.0157605
-3.563219e-08,0.0163647
-3.558219e-08,0.013591
-3.553219e-08,0.00623109
-3.548219e-08,-0.00895561
-3.543219e-08,-0.0112075
-3.538219e-08,0.00400663
-3.533219e-08,0.00988359
-3.528219e-08,0.00466573
-3.523219e-08,-0.00132107
-3.518219e-08,-0.00513834
-3.513219e-08,-0.000771821
-3.508219e-08,0.00233143
-3.503219e-08,-0.000359885
-3.498219e-08,0.00224904
-3.493219e-08,0.00323769
-3.488219e-08,-8.52608e-05
-3.483219e-08,0.00296306
-3.478219e-08,0.00321023
-3.473219e-08,-0.00527565
-3.468219e-08,-0.00879084
-3.463219e-08,-0.00774727
-3.458219e-08,-0.00901054
-3.453219e-08,-0.00813174
-3.448219e-08,-0.00475387
-3.443219e-08,7.95135e-05
-3.438219e-08,-0.000689433
-3.433219e-08,-0.0145854
-3.428219e-08,-0.0242247
-3.423219e-08,-0.0198033
-3.418219e-08,-0.0179084
-3.413219e-08,-0.0160409
-3.408219e-08,-5.77984e-05
-3.403219e-08,0.0191659
-3.398219e-08,0.0230381
-3.393219e-08,0.0158429
-3.388219e-08,0.0163098
-3.383219e-08,0.0233951
-3.378219e-08,0.0232028
-3.373219e-08,0.0138656
-3.368219e-08,0.00257859
-3.363219e-08,-0.00167808
-3.358219e-08,0.00263352
-3.353219e-08,0.00908718
-3.348219e-08,0.0107075
-3.343219e-08,0.00787883
-3.338219e-08,0.00606631
-3.333219e-08,0.00765913
-3.328219e-08,0.0120531
-3.323219e-08,0.0164196
-3.318219e-08,0.0194405
-3.313219e-08,0.0199623
-3.308219e-08,0.0175456
-3.303219e-08,0.0135086
-3.298219e-08,0.00969135
-3.293219e-08,0.00774152
-3.288219e-08,0.00364962
-3.283219e-08,-0.00401238
-3.278219e-08,-0.00944993
-3.273219e-08,-0.0128827
-3.268219e-08,-0.0143382
-3.263219e-08,-0.0051658
-3.258219e-08,0.00796122
-3.253219e-08,0.00985612
-3.248219e-08,0.00647825
-3.243219e-08,0.011037
-3.238219e-08,0.0178751
-3.233219e-08,0.0113391
-3.228219e-08,0.00334754
-3.223219e-08,0.0112292
-3.218219e-08,0.0175456
-3.213219e-08,0.0112842
-3.208219e-08,0.00809853
-3.203219e-08,0.0126024
-3.198219e-08,0.0124925
-3.193219e-08,0.00554453
-3.188219e-08,0.000683686
-3.183219e-08,0.000683686
-3.178219e-08,0.00480304
-3.173219e-08,0.00889494
-3.168219e-08,0.00949911
-3.163219e-08,0.0124101
-3.158219e-08,0.0153211
-3.153219e-08,0.00851047
-3.148219e-08,-0.00132107
-3.143219e-08,-0.00796697
-3.138219e-08,-0.0147502
-3.133219e-08,-0.0120863
-3.128219e-08,0.000354137
-3.123219e-08,0.00507767
-3.118219e-08,0.00205681
-3.113219e-08,0.00458335
-3.108219e-08,0.0132065
-3.103219e-08,0.0165295
-3.098219e-08,0.015431
-3.093219e-08,0.0183145
-3.088219e-08,0.0177378
-3.083219e-08,0.00952657
-3.078219e-08,0.00603885
-3.073219e-08,0.00798868
-3.068219e-08,0.000820998
-3.063219e-08,-0.0096971
-3.058219e-08,-0.00697832
-3.053219e-08,0.00675287
-3.048219e-08,0.0188089
-3.043219e-08,0.0207862
-3.038219e-08,0.0193856
-3.033219e-08,0.0227085
-3.028219e-08,0.0253724
-3.023219e-08,0.0208685
-3.018219e-08,0.0102681
-3.013219e-08,-0.000524659
-3.008219e-08,-0.00519326
-3.003219e-08,-0.00203509
-2.998219e-08,0.000409062
-2.993219e-08,-0.000414809
-2.988219e-08,0.00557199
-2.983219e-08,0.0115313
-2.978219e-08,0.0114489
-2.973219e-08,0.016502
-2.968219e-08,0.0195503
-2.963219e-08,0.0144973
-2.958219e-08,0.0100484
-2.953219e-08,0.00678034
-2.948219e-08,0.00700004
-2.943219e-08,0.00881255
-2.938219e-08,0.00829077
-2.933219e-08,0.0104878
-2.928219e-08,0.0170513
-2.923219e-08,0.0279813
-2.918219e-08,0.0297389
-2.913219e-08,0.0108722
-2.908219e-08,-0.000414809
-2.903219e-08,0.00551707
-2.898219e-08,0.00551707
-2.893219e-08,0.00713735
-2.888219e-08,0.0143874
-2.883219e-08,0.00785137
-2.878219e-08,-0.00206255
-2.873219e-08,0.00290814
-2.868219e-08,0.0143325
-2.863219e-08,0.0210333
-2.858219e-08,0.0175456
-2.853219e-08,0.00524244
-2.848219e-08,-0.00382015
-2.843219e-08,-0.000689433
-2.838219e-08,0.0040341
-2.833219e-08,-0.00148584
-2.828219e-08,-0.00343567
-2.823219e-08,0.0040341
-2.818219e-08,0.00422633
-2.813219e-08,-0.00373776
-2.808219e-08,-0.00442432
-2.803219e-08,0.00216665
-2.798219e-08,0.005929
-2.793219e-08,0.00540722
-2.788219e-08,0.00244128
-2.783219e-08,0.0029356
-2.778219e-08,0.00653317
-2.773219e-08,0.0114489
-2.768219e-08,0.0197151
-2.763219e-08,0.0214453
-2.758219e-08,0.0146895
-2.753219e-08,0.00587408
-2.748219e-08,-0.00277657
-2.743219e-08,-0.009038
-2.738219e-08,-0.0145579
-2.733219e-08,-0.0132947
-2.728219e-08,-0.00143092
-2.723219e-08,0.00771406
-2.718219e-08,0.0100484
-2.713219e-08,0.00727466
-2.708219e-08,0.000463987
-2.703219e-08,-0.000277498
-2.698219e-08,0.00463827
-2.693219e-08,0.00820838
-2.688219e-08,0.00804361
-2.683219e-08,0.00631348
-2.678219e-08,0.00411648
-2.673219e-08,0.00282575
-2.668219e-08,0.00450096
-2.663219e-08,0.00241382
-2.658219e-08,0.00422633
-2.653219e-08,0.0150191
-2.648219e-08,0.0203468
-2.643219e-08,0.0189462
-2.638219e-08,0.0190286
-2.633219e-08,0.0207038
-2.628219e-08,0.017271
-2.623219e-08,0.0137009
-2.618219e-08,0.0180125
-2.613219e-08,0.0203468
-2.608219e-08,0.0183145
-2.603219e-08,0.0192757
-2.598219e-08,0.0197426
-2.593219e-08,0.0163647
-2.588219e-08,0.0112018
-2.583219e-08,0.00862032
-2.578219e-08,0.0129044
-2.573219e-08,0.0178751
-2.568219e-08,0.0154859
-2.563219e-08,0.0113391
-2.558219e-08,0.0136734
-2.553219e-08,0.0133164
-2.548219e-08,0.00428126
-2.543219e-08,-2.87366e-06
-2.538219e-08,0.00307291
-2.533219e-08,0.00944419
-2.528219e-08,0.0151838
-2.523219e-08,0.00829077
-2.518219e-08,-0.00593475
-2.513219e-08,-0.00799443
-2.508219e-08,0.00304545
-2.503219e-08,0.0102681
-2.498219e-08,0.0114215
-2.493219e-08,0.0134812
-2.488219e-08,0.0124651
-2.483219e-08,0.00730212
-2.478219e-08,0.00779644
-2.473219e-08,0.0130143
-2.468219e-08,0.00516006
-2.463219e-08,-0.0077198
-2.458219e-08,-0.00346313
-2.453219e-08,0.00776898
-2.448219e-08,0.00845554
-2.443219e-08,0.00667049
-2.438219e-08,0.0122728
-2.433219e-08,0.0152113
-2.428219e-08,0.0116686
-2.423219e-08,0.0072472
-2.418219e-08,-0.00167808
-2.413219e-08,-0.0131299
-2.408219e-08,-0.0147227
-2.403219e-08,-0.00848875
-2.398219e-08,-0.0117842
-2.393219e-08,-0.0238128
-2.388219e-08,-0.0275751
-2.383219e-08,-0.0222474
-2.378219e-08,-0.0139538
-2.373219e-08,0.000573836
-2.368219e-08,0.0146346
-2.363219e-08,0.0199348
-2.358219e-08,0.0228733
-2.353219e-08,0.0272947
-2.348219e-08,0.0291622
-2.343219e-08,0.021665
-2.338219e-08,0.0106251
-2.333219e-08,-0.00184285
-2.328219e-08,-0.0169197
-2.323219e-08,-0.0118117
-2.318219e-08,0.00669795
-2.313219e-08,0.00851047
-2.308219e-08,0.000161901
-2.303219e-08,-0.00307866
-2.298219e-08,-0.00618191
-2.293219e-08,-0.0104111
-2.288219e-08,-0.010466
-2.283219e-08,-0.0136242
-2.278219e-08,-0.0201603
-2.273219e-08,-0.0190068
-2.268219e-08,-0.00695086
-2.263219e-08,0.0116412
-2.258219e-08,0.0244936
-2.253219e-08,0.0246034
-2.248219e-08,0.0215276
-2.243219e-08,0.0211981
-2.238219e-08,0.0184793
-2.233219e-08,0.0168865
-2.228219e-08,0.0182596
-2.223219e-08,0.0136459
-2.218219e-08,0.0070275
-2.213219e-08,0.00439111
-2.208219e-08,-0.00522073
-2.203219e-08,-0.0114547
-2.198219e-08,0.0010407
-2.193219e-08,0.00455588
-2.188219e-08,-0.0056052
-2.183219e-08,-0.000936595
-2.178219e-08,0.00966389
-2.173219e-08,0.0093618
-2.168219e-08,0.00397917
-2.163219e-08,-0.000250035
-2.158219e-08,-0.00225479
-2.153219e-08,-0.00464402
-2.148219e-08,-0.00576998
-2.143219e-08,-0.000222573
-2.138219e-08,0.00417141
-2.133219e-08,0.00117801
-2.128219e-08,-0.000716896
-2.123219e-08,-0.00178793
-2.118219e-08,-0.00533058
-2.113219e-08,-0.00832398
-2.108219e-08,-0.0124708
-2.103219e-08,-0.0118941
-2.098219e-08,-0.00741772
-2.093219e-08,-0.00502849
-2.088219e-08,0.00224904
-2.083219e-08,0.00944419
-2.078219e-08,0.0107624
-2.073219e-08,0.0093618
-2.068219e-08,0.00238635
-2.063219e-08,-0.0081592
-2.058219e-08,-0.0139812
-2.053219e-08,-0.00936755
-2.048219e-08,0.00296306
-2.043219e-08,0.0106251
-2.038219e-08,0.0082633
-2.033219e-08,0.00518752
-2.028219e-08,0.00488543
-2.023219e-08,0.00730212
-2.018219e-08,0.0163098
-2.013219e-08,0.0194954
-2.008219e-08,0.00774152
-2.003219e-08,-0.00110137
-1.998219e-08,0.00208427
-1.993219e-08,0.00145263
-1.988219e-08,-0.00887322
-1.983219e-08,-0.0102738
-1.978219e-08,0.00279829
-1.973219e-08,0.00708242
-1.968219e-08,-0.00148584
-1.963219e-08,-0.00403984
-1.958219e-08,-0.00121122
-1.953219e-08,-0.00384761
-1.948219e-08,-0.0116469
-1.943219e-08,-0.0176063
-1.938219e-08,-0.0177436
-1.933219e-08,-0.0138439
-1.928219e-08,-0.00500103
-1.923219e-08,0.00656064
-1.918219e-08,0.0105701
-1.913219e-08,0.00353977
-1.908219e-08,-0.00368283
-1.903219e-08,-0.000167648
-1.898219e-08,0.00389679
-1.893219e-08,0.00340246
-1.888219e-08,0.0111743
-1.883219e-08,0.0177104
-1.878219e-08,0.0116961
-1.873219e-08,0.0134812
-1.868219e-08,0.0258392
-1.863219e-08,0.0228184
-1.858219e-08,0.00862032
-1.853219e-08,-0.000112723
-1.848219e-08,-0.00747264
-1.843219e-08,-0.014503
-1.838219e-08,-0.0206821
-1.833219e-08,-0.0259548
-1.828219e-08,-0.0251584
-1.823219e-08,-0.0183752
-1.818219e-08,-0.0157663
-1.813219e-08,-0.0240325
-1.808219e-08,-0.0292229
-1.803219e-08,-0.022577
-1.798219e-08,-0.0188146
-1.793219e-08,-0.0181006
-1.788219e-08,-0.00906546
-1.783219e-08,0.00120547
-1.778219e-08,0.00120547
-1.773219e-08,-0.00788458
-1.768219e-08,-0.0130475
-1.763219e-08,-0.00936755
-1.758219e-08,-0.00398492
-1.753219e-08,-0.00406731
-1.748219e-08,-0.00821413
-1.743219e-08,-0.00233718
-1.738219e-08,0.0143874
-1.733219e-08,0.0220769
-1.728219e-08,0.0158429
-1.723219e-08,0.0141677
-1.718219e-08,0.0188089
-1.713219e-08,0.01252
-1.708219e-08,0.00408902
-1.703219e-08,0.00392425
-1.698219e-08,-0.00129361
-1.693219e-08,-0.00637415
-1.688219e-08,-0.000607046
-1.683219e-08,0.00716481
-1.678219e-08,0.01252
-1.673219e-08,0.011394
-1.668219e-08,0.00285321
-1.663219e-08,-0.00132107
-1.658219e-08,-0.00134853
-1.653219e-08,-0.00211748
-1.648219e-08,-0.00118376
-1.643219e-08,0.00595646
-1.638219e-08,0.0167766
-1.633219e-08,0.0195778
-1.628219e-08,0.0200447
-1.623219e-08,0.0183145
-1.618219e-08,0.00905971
-1.613219e-08,0.00669795
-1.608219e-08,0.00900479
-1.603219e-08,0.00461081
-1.598219e-08,-0.00302374
-1.593219e-08,-0.00912039
-1.588219e-08,-0.0160684
-1.583219e-08,-0.024719
-1.578219e-08,-0.0260647
-1.573219e-08,-0.0138988
-1.568219e-08,0.00370455
-1.563219e-08,0.0139206
-1.558219e-08,0.0171611
-1.553219e-08,0.0213903
-1.548219e-08,0.0265533
-1.543219e-08,0.0268279
-1.538219e-08,0.0235873
-1.533219e-08,0.0221593
-1.528219e-08,0.022324
-1.523219e-08,0.0259491
-1.518219e-08,0.035149
-1.513219e-08,0.0342427
-1.508219e-08,0.0169414
-1.503219e-08,0.0137558
-1.498219e-08,0.0265807
-1.493219e-08,0.0268004
-1.488219e-08,0.021665
-1.483219e-08,0.0206214
-1.478219e-08,0.0190835
-1.473219e-08,0.0145522
-1.468219e-08,-0.000497197
-1.463219e-08,-0.0109329
-1.458219e-08,-0.00865353
-1.453219e-08,-0.0153269
-1.448219e-08,-0.0212862
-1.443219e-08,-0.00719802
-1.438219e-08,0.00933434
-1.433219e-08,0.0132889
-1.428219e-08,0.0129594
-1.423219e-08,0.014662
-1.418219e-08,0.0121355
-1.413219e-08,0.00581915
-1.408219e-08,0.00661556
-1.403219e-08,0.0169689
-1.398219e-08,0.027075
-1.393219e-08,0.0284482
-1.388219e-08,0.0270201
-1.383219e-08,0.0293544
-1.378219e-08,0.026718
-1.373219e-08,0.0155683
-1.368219e-08,0.00645079
-1.363219e-08,0.00477558
-1.358219e-08,0.00397917
-1.353219e-08,7.95135e-05
-1.348219e-08,-0.00200763
-1.343219e-08,-0.00233718
-1.338219e-08,-0.00505595
-1.333219e-08,-0.0115096
-1.328219e-08,-0.0146678
-1.323219e-08,-0.00810428
-1.318219e-08,0.000354137
-1.313219e-08,0.00801614
-1.308219e-08,0.0142501
-1.303219e-08,0.0195503
-1.298219e-08,0.0281735
-1.293219e-08,0.028201
-1.288219e-08,0.0202369
-1.283219e-08,0.015074
-1.278219e-08,0.00873017
-1.273219e-08,0.00947165
-1.268219e-08,0.0168865
-1.263219e-08,0.0152388
-1.258219e-08,0.0150465
-1.253219e-08,0.0221867
-1.248219e-08,0.019468
-1.243219e-08,0.00244128
-1.238219e-08,-0.0158487
-1.233219e-08,-0.0230164
-1.228219e-08,-0.0239226
-1.223219e-08,-0.026559
-1.218219e-08,-0.0237578
-1.213219e-08,-0.01302
-1.208219e-08,-0.00211748
-1.203219e-08,0.00142517
-1.198219e-08,-0.00373776
-1.193219e-08,-0.00379268
-1.188219e-08,0.00612124
-1.183219e-08,0.00683526
-1.178219e-08,-0.00266673
-1.173219e-08,-0.00736279
-1.168219e-08,-0.0081592
-1.163219e-08,-0.00821413
-1.158219e-08,-0.00887322
-1.153219e-08,-0.00486372
-1.148219e-08,0.005929
-1.143219e-08,0.0141128
-1.138219e-08,0.0179575
-1.133219e-08,0.0195229
-1.128219e-08,0.0235873
-1.123219e-08,0.0279264
-1.118219e-08,0.0247682
-1.113219e-08,0.0166943
-1.108219e-08,0.00469319
-1.103219e-08,-0.00977948
-1.098219e-08,-0.0195286
-1.093219e-08,-0.0188146
-1.088219e-08,-0.010521
-1.083219e-08,-0.00788458
-1.078219e-08,-0.0088183
-1.073219e-08,7.95135e-05
-1.068219e-08,0.0100209
-1.063219e-08,0.0135361
-1.058219e-08,0.0171337
-1.053219e-08,0.0174907
-1.048219e-08,0.0123552
-1.043219e-08,0.0098012
-1.038219e-08,0.0140579
-1.033219e-08,0.0184244
-1.028219e-08,0.0166943
-1.023219e-08,0.0115588
-1.018219e-08,0.00985612
-1.013219e-08,0.0131791
-1.008219e-08,0.017628
-1.003219e-08,0.0144149
-9.98219e-09,-0.000250035
-9.93219e-09,-0.00955978
-9.88219e-09,-0.00637415
-9.83219e-09,-0.00398492
-9.78219e-09,-0.00365537
-9.73219e-09,0.0027159
-9.68219e-09,0.00952657
-9.63219e-09,0.00532483
-9.58219e-09,-0.00335328
-9.53219e-09,-0.00187032
-9.48219e-09,0.00749436
-9.43219e-09,0.0091421
-9.38219e-09,0.000216825
-9.33219e-09,-0.00252941
-9.28219e-09,0.00705496
-9.23219e-09,0.0136459
-9.18219e-09,0.0140579
-9.13219e-09,0.0213629
-9.08219e-09,0.0290523
-9.03219e-09,0.0276518
-8.98219e-09,0.0236697
-8.93219e-09,0.0182596
-8.88219e-09,0.0130418
-8.83219e-09,0.00694511
-8.78219e-09,-0.00104644
-8.73219e-09,-0.0051658
-8.68219e-09,-0.00848875
-8.63219e-09,-0.00917531
-8.58219e-09,-0.00868099
-8.53219e-09,-0.0176337
-8.48219e-09,-0.0201603
-8.43219e-09,-0.00541296
-8.38219e-09,0.00573677
-8.33219e-09,0.00897733
-8.28219e-09,0.00875763
-8.23219e-09,0.0057093
-8.18219e-09,0.0103504
-8.13219e-09,0.0168316
-8.08219e-09,0.0174357
-8.03219e-09,0.0156781
-7.98219e-09,0.00911464
-7.93219e-09,0.00428126
-7.88219e-09,0.00647825
-7.83219e-09,0.00845554
-7.78219e-09,0.00507767
-7.73219e-09,0.000216825
-7.68219e-09,0.000903385
-7.63219e-09,0.0003816
-7.58219e-09,-0.00266673
-7.53219e-09,0.0072472
-7.48219e-09,0.021253
-7.43219e-09,0.0205939
-7.38219e-09,0.0144973
-7.33219e-09,0.00735705
-7.28219e-09,-0.000250035
-7.23219e-09,0.00233143
-7.18219e-09,0.00348485
-7.13219e-09,-0.0021724
-7.08219e-09,-0.00387507
-7.03219e-09,-0.00203509
-6.98219e-09,0.00150756
-6.93219e-09,0.000326675
-6.88219e-09,-0.0037103
-6.83219e-09,-0.00549535
-6.78219e-09,-0.00944993
-6.73219e-09,-0.00887322
-6.68219e-09,-0.00230971
-6.63219e-09,0.00233143
-6.58219e-09,0.00150756
-6.53219e-09,-0.00766488
-6.48219e-09,-0.0167
-6.43219e-09,-0.0118117
-6.38219e-09,-0.000524659
-6.33219e-09,0.0029356
-6.28219e-09,0.00620363
-6.23219e-09,0.0132065
-6.18219e-09,0.0156232
-6.13219e-09,0.0173808
-6.08219e-09,0.0215826
-6.03219e-09,0.0246309
-5.98219e-09,0.0232852
-5.93219e-09,0.0152937
-5.88219e-09,0.0070275
-5.83219e-09,0.00296306
-5.78219e-09,0.00428126
-5.73219e-09,0.00537975
-5.68219e-09,-0.0015133
-5.63219e-09,-0.00362791
-5.58219e-09,0.00186457
-5.53219e-09,0.00233143
-5.48219e-09,0.00156248
-5.43219e-09,0.00290814
-5.38219e-09,0.000134438
-5.33219e-09,-0.00824159
-5.28219e-09,-0.0112625
-5.23219e-09,-0.00211748
-5.18219e-09,0.00774152
-5.13219e-09,0.0151014
-5.08219e-09,0.0235324
-5.03219e-09,0.0240816
-4.98219e-09,0.0185342
-4.93219e-09,0.0163098
-4.88219e-09,0.0115313
-4.83219e-09,0.00285321
-4.78219e-09,-0.00101898
-4.73219e-09,-0.00236464
-4.68219e-09,-0.0060446
-4.63219e-09,-0.0106857
-4.58219e-09,-0.0132397
-4.53219e-09,-0.0110977
-4.48219e-09,-0.00522073
-4.43219e-09,0.00244128
-4.38219e-09,0.00433618
-4.33219e-09,0.00392425
-4.28219e-09,0.0119433
-4.23219e-09,0.0184519
-4.18219e-09,0.0231754
-4.13219e-09,0.0361926
-4.08219e-09,0.047562
-4.03219e-09,0.0468205
-3.98219e-09,0.0401197
-3.93219e-09,0.0367967
-3.88219e-09,0.0334463
-3.83219e-09,0.028201
-3.78219e-09,0.0278165
-3.73219e-09,0.0302607
-3.68219e-09,0.0305353
-3.63219e-09,0.0308648
-3.58219e-09,0.0324027
-3.53219e-09,0.0320457
-3.48219e-09,0.0317986
-3.43219e-09,0.0296016
-3.38219e-09,0.0208136
-3.33219e-09,0.0138656
-3.28219e-09,0.0126024
-3.23219e-09,0.00930688
-3.18219e-09,0.00123293
-3.13219e-09,0.000601299
-3.08219e-09,0.0118609
-3.03219e-09,0.0131516
-2.98219e-09,0.00167233
-2.93219e-09,-0.00469894
-2.88219e-09,-0.00997172
-2.83219e-09,-0.0166451
-2.78219e-09,-0.0148051
-2.73219e-09,-0.00629176
-2.68219e-09,-0.00200763
-2.63219e-09,-0.00382015
-2.58219e-09,-5.77984e-05
-2.53219e-09,0.0113116
-2.48219e-09,0.0181498
-2.43219e-09,0.0169963
-2.38219e-09,0.0141952
-2.33219e-09,0.01252
-2.28219e-09,0.0105152
-2.23219e-09,0.0107624
-2.18219e-09,0.0144973
-2.13219e-09,0.0122179
-2.08219e-09,0.00175472
-2.03219e-09,-0.00730787
-1.98219e-09,-0.0137341
-1.93219e-09,-0.0146129
-1.88219e-09,-0.00346313
-1.83219e-09,0.0112842
-1.78219e-09,0.0168041
-1.73219e-09,0.0120257
-1.68219e-09,0.005929
-1.63219e-09,0.000903385
-1.58219e-09,-0.00642907
-1.53219e-09,-0.00843383
-1.48219e-09,-0.00807682
-1.43219e-09,-0.0111251
-1.38219e-09,-0.00719802
-1.33219e-09,0.00115055
-1.28219e-09,0.00845554
-1.23219e-09,0.014662
-1.18219e-09,0.0129594
-1.13219e-09,0.0122728
-1.08219e-09,0.0215276
-1.03219e-09,0.0259765
-9.8219e-10,0.0219121
-9.3219e-10,0.0174907
-8.8219e-10,0.0143325
-8.3219e-10,0.015788
-7.8219e-10,0.0166943
-7.3219e-10,0.00859285
-6.8219e-10,0.0027159
-6.3219e-10,0.00823584
-5.8219e-10,0.00969135
-5.3219e-10,0.00386932
-4.8219e-10,0.00202934
-4.3219e-10,0.00356724
-3.8219e-10,0.0124376
-3.3219e-10,0.0238345
-2.8219e-10,0.0244661
-2.3219e-10,0.0287777
-1.8219e-10,0.0476169
-1.3219e-10,0.064369
-8.219e-11,0.0815879
-3.219e-11,0.117426
1.781e-11,0.173807
6.781e-11,0.244989
1.1781e-10,0.318451
1.6781e-10,0.375023
2.1781e-10,0.408143
2.6781e-10,0.427202
3.1781e-10,0.420556
3.6781e-10,0.369229
4.1781e-10,0.289094
4.6781e-10,0.212721
5.1781e-10,0.16738
5.6781e-10,0.147607
6.1781e-10,0.128466
6.6781e-10,0.12053
7.1781e-10,0.135606
7.6781e-10,0.140302
8.1781e-10,0.117124
8.6781e-10,0.0946051
9.1781e-10,0.0790064
9.6781e-10,0.0601947
1.01781e-09,0.0478915
1.06781e-09,0.0430581
1.11781e-09,0.0431131
1.16781e-09,0.046436
1.21781e-09,0.0480563
1.26781e-09,0.0505279
1.31781e-09,0.0456671
1.36781e-09,0.0328421
1.41781e-09,0.0303705
1.46781e-09,0.0377579
1.51781e-09,0.0390761
1.56781e-09,0.0353687
1.61781e-09,0.0319908
1.66781e-09,0.0220769
1.71781e-09,0.011037
1.76781e-09,-0.000250035
1.81781e-09,-0.0126081
1.86781e-09,-0.011592
1.91781e-09,-0.00739026
1.96781e-09,-0.00412223
2.01781e-09,0.00595646
2.06781e-09,0.00960896
2.11781e-09,0.0105701
2.16781e-09,0.00974627
2.21781e-09,-0.00686847
2.26781e-09,-0.0242796
2.31781e-09,-0.022522
2.36781e-09,-0.0100266
2.41781e-09,-0.000469734
2.46781e-09,0.00521498
2.51781e-09,0.00617616
2.56781e-09,0.00373201
2.61781e-09,0.00084846
2.66781e-09,-0.0053855
2.71781e-09,-0.00906546
2.76781e-09,-0.00733533
2.81781e-09,-0.00780219
2.86781e-09,-0.00434193
2.91781e-09,0.00559945
2.96781e-09,0.0135361
3.01781e-09,0.0205665
3.06781e-09,0.0251527
3.11781e-09,0.0254273
3.16781e-09,0.0284756
3.21781e-09,0.0299586
3.26781e-09,0.0227909
3.31781e-09,0.016859
3.36781e-09,0.014305
3.41781e-09,0.0038144
3.46781e-09,-0.00802189
3.51781e-09,-0.0119765
3.56781e-09,-0.0111526
3.61781e-09,-0.00818667
3.66781e-09,-0.00511088
3.71781e-09,0.00653317
3.76781e-09,0.0228184
3.81781e-09,0.0202094
3.86781e-09,0.00851047
3.91781e-09,0.0126573
3.96781e-09,0.0216924
4.01781e-09,0.0179026
4.06781e-09,-0.000964057
4.11781e-09,-0.0224946
4.16781e-09,-0.0224122
4.21781e-09,-0.00288642
4.26781e-09,0.0118334
4.31781e-09,0.0101857
4.36781e-09,0.00568184
4.41781e-09,0.014662
4.46781e-09,0.0219945
4.51781e-09,0.0172435
4.56781e-09,0.0106525
4.61781e-09,-0.00156823
4.66781e-09,-0.0149699
4.71781e-09,-0.0131574
4.76781e-09,-0.00461655
4.81781e-09,-0.00524819
4.86781e-09,-0.0129926
4.91781e-09,-0.0164528
4.96781e-09,-0.0110977
5.01781e-09,-0.00450671
5.06781e-09,0.000793536
5.11781e-09,0.00353977
5.16781e-09,-0.00107391
5.21781e-09,-0.00615445
5.26781e-09,-0.00571505
5.31781e-09,-0.00187032
5.36781e-09,0.00101323
5.41781e-09,0.00150756
5.46781e-09,0.0103504
5.51781e-09,0.0246309
5.56781e-09,0.024576
5.61781e-09,0.019056
5.66781e-09,0.0246034
5.71781e-09,0.0258667
5.76781e-09,0.0196327
5.81781e-09,0.0196877
5.86781e-09,0.0150465
5.91781e-09,0.00776898
5.96781e-09,0.0119158
6.01781e-09,0.00787883
6.06781e-09,-0.00480879
6.11781e-09,-0.00296881
6.16781e-09,0.0072472
6.21781e-09,0.0108448
6.26781e-09,0.00710988
6.31781e-09,0.00650571
6.36781e-09,0.00867524
6.41781e-09,0.00612124
6.46781e-09,0.00194696
6.51781e-09,-0.00376522
6.56781e-09,-0.0100816
6.61781e-09,-0.0165078
6.66781e-09,-0.0175788
6.71781e-09,-0.00870845
6.76781e-09,-0.00384761
6.81781e-09,-0.00717056
6.86781e-09,-0.0103837
6.91781e-09,-0.0143382
6.96781e-09,-0.019611
7.01781e-09,-0.0228241
7.06781e-09,-0.0255978
7.11781e-09,-0.0259823
7.16781e-09,-0.0227417
7.21781e-09,-0.0227692
7.26781e-09,-0.0198307
7.31781e-09,-0.0067037
7.36781e-09,0.00268844
7.41781e-09,0.00279829
7.46781e-09,0.000573836
7.51781e-09,-0.00362791
7.56781e-09,-0.00258434
7.61781e-09,0.00288068
7.66781e-09,-0.00132107
7.71781e-09,-0.0092577
7.76781e-09,-0.0100541
7.81781e-09,-0.00552281
7.86781e-09,0.00131532
7.91781e-09,0.00790629
7.96781e-09,0.0161999
8.01781e-09,0.0267455
8.06781e-09,0.0364946
8.11781e-09,0.0434152
8.16781e-09,0.0446784
8.21781e-09,0.0444313
8.26781e-09,0.044294
8.31781e-09,0.0359179
8.36781e-09,0.0189462
8.41781e-09,-0.00030496
8.46781e-09,-0.0148051
8.51781e-09,-0.0182654
8.56781e-09,-0.0105759
8.61781e-09,0.003375
8.66781e-09,0.0128221
8.71781e-09,0.0170513
8.76781e-09,0.0210608
8.81781e-09,0.0166393
8.86781e-09,0.0134812
8.91781e-09,0.0231754
8.96781e-09,0.0252076
9.01781e-09,0.0167766
9.06781e-09,0.0190286
9.11781e-09,0.0291896
9.16781e-09,0.0332541
9.21781e-09,0.0356982
9.26781e-09,0.037346
9.31781e-09,0.0268828
9.36781e-09,0.0105427
9.41781e-09,-0.00365537
9.46781e-09,-0.0175239
9.51781e-09,-0.0211764
9.56781e-09,-0.0179633
9.61781e-09,-0.0241423
9.66781e-09,-0.0285088
9.71781e-09,-0.0204898
9.76781e-09,-0.0164803
9.81781e-09,-0.015217
9.86781e-09,-0.0037103
9.91781e-09,0.00274337
9.96781e-09,-0.000359885
1.001781e-08,0.00433618
1.006781e-08,0.00634094
1.011781e-08,-0.00176047
1.016781e-08,-0.0023921
1.021781e-08,-0.00316105
1.026781e-08,-0.0108231
1.031781e-08,-0.00629176
1.036781e-08,0.0052699
1.041781e-08,0.00557199
1.046781e-08,0.00353977
1.051781e-08,0.00735705
1.056781e-08,0.0098012
1.061781e-08,0.0113666
1.066781e-08,0.00774152
1.071781e-08,-0.00250195
1.076781e-08,-0.00571505
1.081781e-08,-5.77984e-05
1.086781e-08,0.00985612
1.091781e-08,0.0183145
1.096781e-08,0.0215826
1.101781e-08,0.0241366
1.106781e-08,0.0226811
1.111781e-08,0.0187265
1.116781e-08,0.0209235
1.121781e-08,0.0211706
1.126781e-08,0.0135635
1.131781e-08,0.00650571
1.136781e-08,0.00840062
1.141781e-08,0.0171062
1.146781e-08,0.01436
1.151781e-08,0.000161901
1.156781e-08,-0.00417716
1.161781e-08,-0.00241956
1.166781e-08,-0.00912039
1.171781e-08,-0.0130475
1.176781e-08,-0.00568759
1.181781e-08,-0.000607046
1.186781e-08,0.000354137
1.191781e-08,0.00683526
1.196781e-08,0.0123827
1.201781e-08,0.00831823
1.206781e-08,0.00400663
1.211781e-08,0.00837315
1.216781e-08,0.0109272
1.221781e-08,0.00625855
1.226781e-08,0.00612124
1.231781e-08,0.0119433
1.236781e-08,0.0152937
1.241781e-08,0.0179301
1.246781e-08,0.0210059
1.251781e-08,0.0181772
1.256781e-08,0.0105427
1.261781e-08,0.00559945
1.266781e-08,0.00439111
1.271781e-08,0.00211173
1.276781e-08,0.000875923
1.281781e-08,0.00631348
1.286781e-08,0.0101582
1.291781e-08,0.00771406
1.296781e-08,0.00779644
1.301781e-08,0.00414395
1.306781e-08,-0.00269419
1.311781e-08,0.00419887
1.316781e-08,0.0112567
1.321781e-08,0.00378694
1.326781e-08,-0.000140186
1.331781e-08,0.00623109
1.336781e-08,0.00938926
1.341781e-08,0.00900479
1.346781e-08,0.00897733
1.351781e-08,0.00312784
1.356781e-08,-0.00450671
1.361781e-08,-0.00689593
1.366781e-08,-0.00500103
1.371781e-08,-0.00566013
1.376781e-08,-0.0165352
1.381781e-08,-0.024005
1.386781e-08,-0.0206271
1.391781e-08,-0.0177985
1.396781e-08,-0.0157388
1.401781e-08,-0.0131574
1.406781e-08,-0.0106857
1.411781e-08,-0.00409477
1.416781e-08,0.00375947
1.421781e-08,0.0104878
1.426781e-08,0.0155958
1.431781e-08,0.0109821
1.436781e-08,0.00268844
1.441781e-08,0.00461081
1.446781e-08,0.0042538
1.451781e-08,-0.00681355
1.456781e-08,-0.0147502
1.461781e-08,-0.0179358
1.466781e-08,-0.0157663
1.471781e-08,-0.00684101
1.476781e-08,-0.00230971
1.481781e-08,-0.000387347
1.486781e-08,-0.0015133
1.491781e-08,-0.00782965
1.496781e-08,-0.00579744
1.501781e-08,-0.00362791
1.506781e-08,-0.00505595
1.511781e-08,0.00628601
1.516781e-08,0.0145797
1.521781e-08,0.0119158
1.526781e-08,0.0174357
1.531781e-08,0.0261962
1.536781e-08,0.0257294
1.541781e-08,0.0177378
1.546781e-08,0.0108173
1.551781e-08,0.0147994
1.556781e-08,0.0193856
1.561781e-08,0.0129044
1.566781e-08,0.0054896
1.571781e-08,0.00397917
1.576781e-08,0.0087027
1.581781e-08,0.0137558
1.586781e-08,0.0107898
1.591781e-08,0.00815346
1.596781e-08,0.0111743
1.601781e-08,0.0118334
1.606781e-08,0.00859285
1.611781e-08,0.00631348
1.616781e-08,0.00312784
1.621781e-08,0.00128786
1.626781e-08,0.00653317
1.631781e-08,0.0100484
1.636781e-08,0.00713735
1.641781e-08,0.00647825
1.646781e-08,0.0110919
1.651781e-08,0.0144973
1.656781e-08,0.00905971
1.661781e-08,-0.00184285
1.666781e-08,-0.0106308
1.671781e-08,-0.0126905
1.676781e-08,-0.00393
1.681781e-08,0.00568184
1.686781e-08,0.00480304
1.691781e-08,-0.000552121
1.696781e-08,0.000930848
1.701781e-08,0.00875763
1.706781e-08,0.0126298
1.711781e-08,0.0130967
1.716781e-08,0.0145247
1.721781e-08,0.0121904
1.726781e-08,0.00485797
1.731781e-08,-0.00255688
1.736781e-08,-0.00983441
1.741781e-08,-0.0136242
1.746781e-08,-0.00873591
1.751781e-08,-0.00642907
1.756781e-08,-0.00329836
1.761781e-08,0.00730212
1.766781e-08,0.00705496
1.771781e-08,0.00408902
1.776781e-08,0.0159528
1.781781e-08,0.0262512
1.786781e-08,0.0238619
1.791781e-08,0.0153211
1.796781e-08,0.0052699
1.801781e-08,-0.001733
1.806781e-08,-0.00368283
1.811781e-08,-0.00442432
1.816781e-08,-0.00464402
1.821781e-08,-0.00272165
1.826781e-08,-0.00332582
1.831781e-08,-0.00695086
1.836781e-08,-0.00843383
1.841781e-08,-0.00631922
1.846781e-08,-0.00123868
1.851781e-08,0.00134278
1.856781e-08,0.00224904
1.861781e-08,0.00694511
1.866781e-08,0.00922449
1.871781e-08,0.00900479
1.876781e-08,0.0144149
1.881781e-08,0.0197151
1.886781e-08,0.0158704
1.891781e-08,0.0101857
1.896781e-08,0.012877
1.901781e-08,0.0190011
1.906781e-08,0.0224064
1.911781e-08,0.0231479
1.916781e-08,0.0180125
1.921781e-08,0.00568184
1.926781e-08,-0.00576998
1.931781e-08,-0.0092577
1.936781e-08,-0.00791204
1.941781e-08,-0.000442272
1.946781e-08,0.0143874
1.951781e-08,0.0232578
1.956781e-08,0.0175181
1.961781e-08,0.0104603
1.966781e-08,0.0119707
1.971781e-08,0.00831823
1.976781e-08,-0.00145838
1.981781e-08,0.000985772
1.986781e-08,0.0109272
1.991781e-08,0.0127671
1.996781e-08,0.0154859
2.001781e-08,0.0241366
2.006781e-08,0.0271025
2.011781e-08,0.0270201
2.016781e-08,0.0277341
2.021781e-08,0.0244936
2.026781e-08,0.0185068
2.031781e-08,0.0164746
2.036781e-08,0.0214453
2.041781e-08,0.0214178
2.046781e-08,0.0162823
2.051781e-08,0.0281186
2.056781e-08,0.050473
2.061781e-08,0.0542353
2.066781e-08,0.0447334
2.071781e-08,0.0457769
2.076781e-08,0.0501434
2.081781e-08,0.0473697
2.086781e-08,0.0463536
2.091781e-08,0.0402021
2.096781e-08,0.0280911
2.101781e-08,0.0244112
2.106781e-08,0.0218297
2.111781e-08,0.0156781
2.116781e-08,0.0134262
2.121781e-08,0.0105976
2.126781e-08,0.00332008
2.131781e-08,-0.00434193
2.136781e-08,-0.0110977
2.141781e-08,-0.0135144
2.146781e-08,-0.00868099
2.151781e-08,-0.00620937
2.156781e-08,-0.00944993
2.161781e-08,-0.00302374
2.166781e-08,0.0134537
2.171781e-08,0.0214727
2.176781e-08,0.0247682
2.181781e-08,0.0272124
2.186781e-08,0.0196602
2.191781e-08,0.0155958
2.196781e-08,0.0153761
2.201781e-08,0.00894986
2.206781e-08,0.0104603
2.211781e-08,0.0173808
2.216781e-08,0.0165844
2.221781e-08,0.0127671
2.226781e-08,0.00496782
2.231781e-08,-0.00505595
2.236781e-08,-0.00684101
2.241781e-08,-0.00966963
2.246781e-08,-0.0180457
2.251781e-08,-0.0197209
2.256781e-08,-0.0150797
2.261781e-08,-0.00934009
2.266781e-08,-0.00640161
2.271781e-08,-0.00431447
2.276781e-08,0.00191949
2.281781e-08,0.00351231
2.286781e-08,-0.00409477
2.291781e-08,-0.00923024
2.296781e-08,-0.00700578
2.301781e-08,-0.00513834
2.306781e-08,-0.00579744
2.311781e-08,-0.00329836
2.316781e-08,0.0024962
2.321781e-08,0.00969135
2.326781e-08,0.0192757
2.331781e-08,0.0226536
2.336781e-08,0.0157605
2.341781e-08,0.00516006
2.346781e-08,-0.00747264
2.351781e-08,-0.0164528
2.356781e-08,-0.0143382
2.361781e-08,-0.00442432
2.366781e-08,0.00603885
2.371781e-08,0.0163098
2.376781e-08,0.0259216
2.381781e-08,0.0313042
2.386781e-08,0.0337209
2.391781e-08,0.0356433
2.396781e-08,0.0353412
2.401781e-08,0.0286679
2.406781e-08,0.0172435
2.411781e-08,0.008483
2.416781e-08,0.00238635
2.421781e-08,-0.00469894
2.426781e-08,-0.00843383
2.431781e-08,-0.00382015
2.436781e-08,0.00656064
2.441781e-08,0.0169963
2.446781e-08,0.0228458
2.451781e-08,0.0266082
2.456781e-08,0.0287228
2.461781e-08,0.0247957
2.466781e-08,0.0207038
2.471781e-08,0.0156507
2.476781e-08,0.00576423
2.481781e-08,0.00120547
2.486781e-08,0.0022765
2.491781e-08,0.00158994
2.496781e-08,0.0031553
2.501781e-08,0.00631348
2.506781e-08,0.00189203
2.511781e-08,-0.00535804
2.516781e-08,-0.00741772
2.521781e-08,-0.00760996
2.526781e-08,-0.00453417
2.531781e-08,0.00436365
2.536781e-08,0.0118334
2.541781e-08,0.0114489
2.546781e-08,0.00392425
2.551781e-08,-0.00338075
2.556781e-08,-0.00294135
2.561781e-08,0.00408902
2.566781e-08,0.00963642
2.571781e-08,0.00955404
2.576781e-08,0.0111743
2.581781e-08,0.0145247
2.586781e-08,0.0137009
2.591781e-08,0.014717
2.596781e-08,0.0134812
2.601781e-08,0.00667049
2.606781e-08,0.00299053
2.611781e-08,5.20511e-05
2.616781e-08,-0.00187032
2.621781e-08,-0.00192524
2.626781e-08,-0.00587982
2.631781e-08,-0.00887322
2.636781e-08,-0.0108231
2.641781e-08,-0.0152445
2.646781e-08,-0.0109878
2.651781e-08,-0.000140186
2.656781e-08,0.00400663
2.661781e-08,0.00757675
2.666781e-08,0.0119433
2.671781e-08,0.00930688
2.676781e-08,0.00889494
2.681781e-08,0.0171337
2.686781e-08,0.0221318
2.691781e-08,0.019468
2.696781e-08,0.017985
2.701781e-08,0.0168865
2.706781e-08,0.0116961
2.711781e-08,0.00930688
2.716781e-08,0.00960896
2.721781e-08,0.0042538
2.726781e-08,-0.00167808
2.731781e-08,0.000463987
2.736781e-08,0.00601139
2.741781e-08,0.010323
2.746781e-08,0.0159802
2.751781e-08,0.021253
2.756781e-08,0.0233676
2.761781e-08,0.0214727
2.766781e-08,0.016145
2.771781e-08,0.0143874
2.776781e-08,0.0151289
2.781781e-08,0.00776898
2.786781e-08,-0.00365537
2.791781e-08,-0.00354552
2.796781e-08,0.000299213
2.801781e-08,-0.00088167
2.806781e-08,0.0042538
2.811781e-08,0.00776898
2.816781e-08,0.00628601
2.821781e-08,0.00993851
2.826781e-08,0.012163
2.831781e-08,0.013591
2.836781e-08,0.0183969
2.841781e-08,0.0196602
2.846781e-08,0.0171886
2.851781e-08,0.0145797
2.856781e-08,0.00991105
2.861781e-08,0.00406156
2.866781e-08,0.00257859
2.871781e-08,0.00480304
2.876781e-08,0.00603885
2.881781e-08,0.0101307
2.886781e-08,0.0184793
2.891781e-08,0.0246309
2.896781e-08,0.0277341
2.901781e-08,0.0213903
2.906781e-08,0.00562692
2.911781e-08,0.00263352
2.916781e-08,0.00727466
2.921781e-08,0.0012604
2.926781e-08,-0.00181539
2.931781e-08,0.00397917
2.936781e-08,0.0144149
2.941781e-08,0.0246584
2.946781e-08,0.0196053
2.951781e-08,0.00743943
2.956781e-08,0.00260605
2.961781e-08,-0.00376522
2.966781e-08,-0.0143382
2.971781e-08,-0.0174415
2.976781e-08,-0.0104386
2.981781e-08,-0.00461655
2.986781e-08,-0.00277657
2.991781e-08,0.000106976
2.996781e-08,0.00458335
3.001781e-08,0.014717
3.006781e-08,0.0263885
3.011781e-08,0.0258392
3.016781e-08,0.0155683
3.021781e-08,0.0150465
3.026781e-08,0.0243013
3.031781e-08,0.0224339
3.036781e-08,0.00845554
3.041781e-08,-0.00104644
3.046781e-08,0.00164487
3.051781e-08,0.0107898
3.056781e-08,0.0211432
3.061781e-08,0.0261139
3.066781e-08,0.0135635
3.071781e-08,-0.00214494
3.076781e-08,-0.0030512
3.081781e-08,-0.00546789
3.086781e-08,-0.0152994
3.091781e-08,-0.0206271
3.096781e-08,-0.0209018
3.101781e-08,-0.0165627
3.106781e-08,-0.0137615
3.111781e-08,-0.0142284
3.116781e-08,-0.0069234
3.121781e-08,-0.000936595
3.126781e-08,-0.00390253
3.131781e-08,-0.00250195
3.136781e-08,0.00304545
3.141781e-08,0.000573836
3.146781e-08,-0.00744518
3.151781e-08,-0.0111526
3.156781e-08,-0.0134594
3.161781e-08,-0.0118666
3.166781e-08,-0.00659385
3.171781e-08,-0.0092577
3.176781e-08,-0.010164
3.181781e-08,-0.00445178
3.186781e-08,-0.00294135
3.191781e-08,-0.00409477
3.196781e-08,-0.00502849
3.201781e-08,-0.0106583
3.206781e-08,-0.0240325
3.211781e-08,-0.0312276
3.216781e-08,-0.0228516
3.221781e-08,-0.0150248
3.226781e-08,-0.009038
3.231781e-08,0.00452842
3.236781e-08,0.0104603
3.241781e-08,0.00222158
3.246781e-08,-0.0060446
3.251781e-08,-0.0101914
3.256781e-08,-0.0120314
3.261781e-08,-0.00631922
3.266781e-08,0.0061487
3.271781e-08,0.0145522
3.276781e-08,0.0179026
3.281781e-08,0.0222966
3.286781e-08,0.0210059
3.291781e-08,0.0105152
3.296781e-08,0.000436525
3.301781e-08,-0.0088183
3.306781e-08,-0.015272
3.311781e-08,-0.0141735
3.316781e-08,-0.0121138
3.321781e-08,-0.00535804
3.326781e-08,0.0119158
3.331781e-08,0.0247682
3.336781e-08,0.0221867
3.341781e-08,0.0206488
3.346781e-08,0.0220494
3.351781e-08,0.0101582
3.356781e-08,-0.000607046
3.361781e-08,-0.000744358
3.366781e-08,0.0040341
3.371781e-08,0.0145247
3.376781e-08,0.0179026
3.381781e-08,0.0210333
3.386781e-08,0.0354511
3.391781e-08,0.0400373
3.396781e-08,0.0335562
3.401781e-08,0.0305902
3.406781e-08,0.0270476
3.411781e-08,0.0187814
3.416781e-08,0.00947165
3.421781e-08,0.0057093
3.426781e-08,0.00472066
3.431781e-08,-0.00118376
3.436781e-08,-0.00403984
3.441781e-08,-0.000442272
3.446781e-08,-0.000744358
3.451781e-08,-0.00313359
3.456781e-08,-0.00228225
3.461781e-08,-0.00252941
3.466781e-08,-0.00406731
3.471781e-08,-0.00769234
3.476781e-08,-0.0148875
3.481781e-08,-0.0154367
3.486781e-08,-0.0099168
3.491781e-08,-0.00876338
3.496781e-08,-0.00480879
3.501781e-08,0.00634094
3.506781e-08,0.0155683
3.511781e-08,0.0205665
3.516781e-08,0.0199623
3.521781e-08,0.0129044
3.526781e-08,0.00650571
3.531781e-08,-0.00110137
3.536781e-08,-0.00975202
3.541781e-08,-0.00681355
3.546781e-08,0.0014801
3.551781e-08,0.00477558
3.556781e-08,0.0133988
3.561781e-08,0.0232578
3.566781e-08,0.0131791
3.571781e-08,-0.000854208
3.576781e-08,0.00790629
3.581781e-08,0.0177653
3.586781e-08,0.012163
3.591781e-08,0.00452842
3.596781e-08,-0.0051658
3.601781e-08,-0.0113723
3.606781e-08,-0.00662131
3.611781e-08,-0.00653892
3.616781e-08,-0.0137615
3.621781e-08,-0.0153269
3.626781e-08,-0.0132672
3.631781e-08,-0.00813174
3.636781e-08,0.00392425
3.641781e-08,0.0168316
3.646781e-08,0.0259491
3.651781e-08,0.0288601
3.656781e-08,0.0253998
3.661781e-08,0.0166668
3.666781e-08,0.00804361
3.671781e-08,0.00491289
3.676781e-08,-0.00198017
3.681781e-08,-0.00563266
3.686781e-08,0.00263352
3.691781e-08,0.00444603
3.696781e-08,0.00189203
3.701781e-08,0.00386932
3.706781e-08,-0.00140346
3.711781e-08,-0.00934009
3.716781e-08,-0.00785712
3.721781e-08,-0.00931262
3.726781e-08,-0.0195836
3.731781e-08,-0.0159585
3.736781e-08,0.00150756
3.741781e-08,0.00774152
3.746781e-08,0.00878509
3.751781e-08,0.0220494
3.756781e-08,0.0359729
3.761781e-08,0.036934
3.766781e-08,0.0301783
3.771781e-08,0.0218023
3.776781e-08,0.0149092
3.781781e-08,0.00494036
3.786781e-08,-0.0099168
3.791781e-08,-0.00876338
3.796781e-08,0.0031553
3.801781e-08,-0.00123868
3.806781e-08,-0.0104935
3.811781e-08,-0.00840636
3.816781e-08,0.00158994
3.821781e-08,0.00787883
3.826781e-08,0.00310038
3.831781e-08,-0.00118376
3.836781e-08,-0.00258434
3.841781e-08,-0.00939501
3.846781e-08,-0.0188695
3.851781e-08,-0.0222749
3.856781e-08,-0.0213137
3.861781e-08,-0.0277673
3.866781e-08,-0.0350998
3.871781e-08,-0.0346055
3.876781e-08,-0.0334795
3.881781e-08,-0.0252408
3.886781e-08,-0.00892815
3.891781e-08,-0.000222573
3.896781e-08,0.00370455
3.901781e-08,0.00905971
3.906781e-08,0.0100209
3.911781e-08,0.00782391
3.916781e-08,0.0052699
3.921781e-08,-0.000414809
3.926781e-08,-0.00513834
3.931781e-08,-0.006484
3.936781e-08,-0.00686847
3.941781e-08,-0.00576998
3.946781e-08,-0.0121687
3.951781e-08,-0.0248014
3.956781e-08,-0.0229614
3.961781e-08,-0.00469894
3.966781e-08,0.00886748
3.971781e-08,0.0119158
3.976781e-08,0.0185617
3.981781e-08,0.0220769
3.986781e-08,0.0114764
3.991781e-08,0.005929
3.996781e-08,0.0151289
4.001781e-08,0.024164
4.006781e-08,0.0253998
4.011781e-08,0.0203468
4.016781e-08,0.0116961
4.021781e-08,0.00422633
4.026781e-08,0.00197442
4.031781e-08,0.00378694
4.036781e-08,0.00686272
4.041781e-08,0.0114215
4.046781e-08,0.0164196
4.051781e-08,0.0196602
4.056781e-08,0.0188089
4.061781e-08,0.0128221
4.066781e-08,0.00458335
4.071781e-08,-0.00313359
4.076781e-08,-0.00513834
4.081781e-08,-0.00126614
4.086781e-08,-0.00263926
4.091781e-08,-0.00145838
4.096781e-08,0.0176829
4.101781e-08,0.032595
4.106781e-08,0.0269927
4.111781e-08,0.0198524
4.116781e-08,0.0104603
4.121781e-08,-0.00955978
4.126781e-08,-0.0222199
4.131781e-08,-0.0176612
4.136781e-08,-0.0106034
4.141781e-08,-0.0111801
4.146781e-08,-0.0116469
4.151781e-08,-0.00478133
4.156781e-08,0.00908718
4.161781e-08,0.020896
4.166781e-08,0.0219396
4.171781e-08,0.0174907
4.176781e-08,0.011751
4.181781e-08,0.00513259
4.186781e-08,0.00235889
4.191781e-08,0.00510513
4.196781e-08,0.0100484
4.201781e-08,0.0119158
4.206781e-08,0.00867524
4.211781e-08,0.00499528
4.216781e-08,0.00386932
4.221781e-08,0.00353977
4.226781e-08,0.003375
4.231781e-08,0.00422633
4.236781e-08,0.00367709
4.241781e-08,0.000134438
4.246781e-08,0.00156248
4.251781e-08,0.0128495
4.256781e-08,0.0252625
4.261781e-08,0.0276792
4.266781e-08,0.0166393
4.271781e-08,0.00422633
4.276781e-08,0.00730212
4.281781e-08,0.0134812
4.286781e-08,0.0082633
4.291781e-08,0.00933434
4.296781e-08,0.015074
4.301781e-08,0.0091421
4.306781e-08,0.00491289
4.311781e-08,0.0131241
4.316781e-08,0.0204841
4.321781e-08,0.017216
4.326781e-08,0.00768659
4.331781e-08,-0.00697832
4.336781e-08,-0.0208743
4.341781e-08,-0.0258999
4.346781e-08,-0.0301566
4.351781e-08,-0.0333422
4.356781e-08,-0.0307058
4.361781e-08,-0.0301566
4.366781e-08,-0.0284539
4.371781e-08,-0.0167275
4.376781e-08,-0.0034906
4.381781e-08,0.00167233
4.386781e-08,0.00485797
4.391781e-08,0.00851047
4.396781e-08,0.0098012
4.401781e-08,0.00960896
4.406781e-08,0.00164487
4.411781e-08,-0.00524819
4.416781e-08,0.00386932
4.421781e-08,0.0089224
4.426781e-08,0.00197442
4.431781e-08,0.00480304
4.436781e-08,0.0113666
4.441781e-08,0.0061487
4.446781e-08,0.00321023
4.451781e-08,0.0109821
4.456781e-08,0.00903225
4.461781e-08,-0.00269419
4.466781e-08,-0.00453417
4.471781e-08,0.00139771
4.476781e-08,0.00894986
4.481781e-08,0.0132065
4.486781e-08,0.0128495
4.491781e-08,0.0120531
4.496781e-08,0.012108
4.501781e-08,0.0128221
4.506781e-08,0.00645079
4.511781e-08,-0.00148584
4.516781e-08,-0.00615445
4.521781e-08,-0.0126081
4.526781e-08,-0.00730787
4.531781e-08,0.0065881
4.536781e-08,0.00612124
4.541781e-08,-0.00291389
4.546781e-08,-0.0056052
4.551781e-08,-0.0101914
4.556781e-08,-0.0178809
4.561781e-08,-0.0129926
4.566781e-08,-0.00414969
4.571781e-08,-0.00338075
4.576781e-08,0.00557199
4.581781e-08,0.0175456
4.586781e-08,0.0162274
4.591781e-08,0.0118883
4.596781e-08,0.0102131
4.601781e-08,0.00859285
4.606781e-08,0.0035947
4.611781e-08,-0.00634669
4.616781e-08,-0.00920277
4.621781e-08,-0.00181539
4.626781e-08,0.00106816
4.631781e-08,-0.00030496
4.636781e-08,0.00260605
4.641781e-08,0.00211173
4.646781e-08,-0.00357298
4.651781e-08,-0.00862606
4.656781e-08,-0.0131848
4.661781e-08,-0.010109
4.666781e-08,-0.000167648
4.671781e-08,0.000766073
4.676781e-08,-0.00502849
4.681781e-08,-0.00684101
4.686781e-08,-0.00456163
4.691781e-08,0.000106976
4.696781e-08,-0.00263926
4.701781e-08,-0.0131299
4.706781e-08,-0.0192265
4.711781e-08,-0.0215334
4.716781e-08,-0.0209567
4.721781e-08,-0.012306
4.726781e-08,0.00299053
4.731781e-08,0.013591
4.736781e-08,0.0122454
4.741781e-08,0.0101857
4.746781e-08,0.0136459
4.751781e-08,0.00763167
4.756781e-08,-0.00439686
4.761781e-08,-0.00596221
4.766781e-08,-0.00406731
4.771781e-08,-0.00187032
4.776781e-08,0.00219412
4.781781e-08,0.00299053
4.786781e-08,0.00296306
4.791781e-08,0.00362216
4.796781e-08,0.00735705
4.801781e-08,0.015074
4.806781e-08,0.0199074
4.811781e-08,0.0225712
4.816781e-08,0.0253449
4.821781e-08,0.0222142
4.826781e-08,0.013948
4.831781e-08,0.00944419
4.836781e-08,0.00974627
4.841781e-08,0.00749436
4.846781e-08,-0.0015133
4.851781e-08,-0.0107956
4.856781e-08,-0.00585236
4.861781e-08,0.00966389
4.866781e-08,0.0121355
4.871781e-08,0.00392425
4.876781e-08,-0.00123868
4.881781e-08,-0.0125806
4.886781e-08,-0.0274378
4.891781e-08,-0.0296073
4.896781e-08,-0.0248838
4.901781e-08,-0.0237029
4.906781e-08,-0.0179358
4.911781e-08,-0.00656638
4.916781e-08,-0.00598967
4.921781e-08,-0.0148875
4.926781e-08,-0.0151072
4.931781e-08,-0.00310612
4.936781e-08,0.0101857
4.941781e-08,0.015431
4.946781e-08,0.0185068
4.951781e-08,0.0249055
4.956781e-08,0.0233402
4.961781e-08,0.0167217
4.966781e-08,0.0158704
4.971781e-08,0.0149367
4.976781e-08,0.0176554
4.981781e-08,0.0232578
4.986781e-08,0.0189187
4.991781e-08,0.0141128
4.996781e-08,0.0157331
5.001781e-08,0.0114215
5.006781e-08,-0.00439686
5.011781e-08,-0.0194188
5.016781e-08,-0.0213137
5.021781e-08,-0.0202976
5.026781e-08,-0.0191716
5.031781e-08,-0.0112625
5.036781e-08,-0.00274911
5.041781e-08,0.0012604
5.046781e-08,-0.000744358
5.051781e-08,-0.000607046
5.056781e-08,0.00255113
5.061781e-08,-0.0015133
5.066781e-08,-0.00862606
5.071781e-08,-0.00681355
5.076781e-08,0.00916956
5.081781e-08,0.0191659
5.086781e-08,0.00927941
5.091781e-08,0.00326515
5.096781e-08,0.00785137
5.101781e-08,0.00606631
5.106781e-08,0.0012604
5.111781e-08,0.005929
5.116781e-08,0.0135361
5.121781e-08,0.0131516
5.126781e-08,0.0109821
5.131781e-08,0.0127122
5.136781e-08,0.0148268
5.141781e-08,0.0183695
5.146781e-08,0.0258667
5.151781e-08,0.029327
5.156781e-08,0.0216375
5.161781e-08,0.012163
5.166781e-08,0.0127946
5.171781e-08,0.0210333
5.176781e-08,0.0182047
5.181781e-08,0.00521498
5.186781e-08,0.000244288
5.191781e-08,-0.00750011
5.196781e-08,-0.018897
5.201781e-08,-0.0131299
5.206781e-08,0.00128786
5.211781e-08,0.00719227
5.216781e-08,0.00820838
5.221781e-08,0.0123003
5.226781e-08,0.0180399
5.231781e-08,0.0241915
5.236781e-08,0.0298762
5.241781e-08,0.0265807
5.246781e-08,0.0179026
5.251781e-08,0.00908718
5.256781e-08,0.00101323
5.261781e-08,0.00845554
5.266781e-08,0.02529
5.271781e-08,0.0277067
5.276781e-08,0.0228458
5.281781e-08,0.0256745
5.286781e-08,0.0232852
5.291781e-08,0.01252
5.296781e-08,0.0136185
5.301781e-08,0.0227909
5.306781e-08,0.024164
5.311781e-08,0.0215551
5.316781e-08,0.0227634
5.321781e-08,0.0245485
5.326781e-08,0.019056
5.331781e-08,0.0140579
5.336781e-08,0.0149641
5.341781e-08,0.00864778
5.346781e-08,-0.00184285
5.351781e-08,0.00153502
5.356781e-08,0.0123827
5.361781e-08,0.00831823
5.366781e-08,-0.00395746
5.371781e-08,-0.00192524
5.376781e-08,0.00785137
5.381781e-08,0.00905971
5.386781e-08,0.00669795
5.391781e-08,0.0093618
5.396781e-08,0.0140853
5.401781e-08,0.0202644
5.406781e-08,0.0272398
5.411781e-08,0.02161
5.416781e-08,0.00664302
5.421781e-08,2.45887e-05
5.426781e-08,-0.00656638
5.431781e-08,-0.0147776
5.436781e-08,-0.0109329
5.441781e-08,-0.0108231
5.446781e-08,-0.0247739
5.451781e-08,-0.0309255
5.456781e-08,-0.0231811
5.461781e-08,-0.0145854
5.466781e-08,-0.0113723
5.471781e-08,-0.0123609
5.476781e-08,-0.0103562
5.481781e-08,-0.00233718
5.486781e-08,0.0089224
5.491781e-08,0.0160901
5.496781e-08,0.0137283
5.501781e-08,0.0095815
5.506781e-08,0.00922449
5.511781e-08,0.0122454
5.516781e-08,0.0176829
5.521781e-08,0.0196877
5.526781e-08,0.017216
5.531781e-08,0.0149916
5.536781e-08,0.0110645
5.541781e-08,0.0029356
5.546781e-08,-0.00568759
5.551781e-08,-0.00557774
5.556781e-08,0.00551707
5.561781e-08,0.0158429
5.566781e-08,0.0163922
5.571781e-08,0.0103779
5.576781e-08,0.0109546
5.581781e-08,0.0170238
5.586781e-08,0.0174083
5.591781e-08,0.0156507
5.596781e-08,0.0145247
5.601781e-08,0.0190835
5.606781e-08,0.0283108
5.611781e-08,0.0279264
5.616781e-08,0.0264983
5.621781e-08,0.0271025
5.626781e-08,0.016145
5.631781e-08,0.00612124
5.636781e-08,0.0100758
5.641781e-08,0.019413
5.646781e-08,0.0231479
5.651781e-08,0.0179301
5.656781e-08,0.0126847
5.661781e-08,0.00881255
5.666781e-08,-0.00167808
5.671781e-08,-0.00997172
5.676781e-08,-0.0085986
5.681781e-08,-0.00579744
5.686781e-08,-0.0047264
5.691781e-08,-0.00354552
5.696781e-08,-0.00343567
5.701781e-08,-0.00376522
5.706781e-08,-0.00280404
5.711781e-08,-0.00126614
5.716781e-08,-0.00343567
5.721781e-08,-0.0121138
5.726781e-08,-0.0131574
5.731781e-08,-0.00338075
5.736781e-08,0.000518912
5.741781e-08,0.00650571
5.746781e-08,0.0166943
5.751781e-08,0.0137832
5.756781e-08,0.00672541
5.761781e-08,0.00334754
5.766781e-08,-0.006484
5.771781e-08,-0.0160958
5.776781e-08,-0.0166176
5.781781e-08,-0.0183477
5.786781e-08,-0.0187322
5.791781e-08,-0.0106308
5.796781e-08,-0.00442432
5.801781e-08,-0.000661971
5.806781e-08,0.00334754
5.811781e-08,0.00414395
5.816781e-08,0.00532483
5.821781e-08,0.00691765
5.826781e-08,0.00345739
5.831781e-08,-0.0030512
5.836781e-08,-0.0028315
5.841781e-08,0.00246874
5.846781e-08,-0.00156823
5.851781e-08,-0.0125532
5.856781e-08,-0.00977948
5.861781e-08,0.00321023
5.866781e-08,0.00332008
5.871781e-08,-0.00296881
5.876781e-08,-0.00434193
5.881781e-08,-0.00623684
5.886781e-08,-0.00832398
5.891781e-08,-0.0135418
5.896781e-08,-0.0144481
5.901781e-08,-0.00318851
5.906781e-08,0.0042538
5.911781e-08,0.00485797
5.916781e-08,0.00573677
5.921781e-08,0.00351231
5.926781e-08,0.00321023
5.931781e-08,0.00796122
5.936781e-08,0.00837315
5.941781e-08,0.00408902
5.946781e-08,0.00386932
5.951781e-08,0.00669795
5.956781e-08,0.00807107
5.961781e-08,0.00721973
5.966781e-08,0.0014801
5.971781e-08,-0.00354552
5.976781e-08,-0.00181539
5.981781e-08,0.00150756
5.986781e-08,0.00364962
5.991781e-08,0.00375947
5.996781e-08,0.00178218
6.001781e-08,0.00362216
6.006781e-08,0.0107075
6.011781e-08,0.0191933
6.016781e-08,0.0217473
6.021781e-08,0.0102406
6.026781e-08,-0.00500103
6.031781e-08,-0.00730787
6.036781e-08,0.000491449
6.041781e-08,0.00889494
6.046781e-08,0.0151838
6.051781e-08,0.0188638
6.056781e-08,0.0231205
6.061781e-08,0.0287228
6.066781e-08,0.0293544
6.071781e-08,0.0269103
6.076781e-08,0.0271849
6.081781e-08,0.0273771
6.086781e-08,0.0234225
6.091781e-08,0.0178751
6.096781e-08,0.0173534
6.101781e-08,0.0203468
6.106781e-08,0.0213354
6.111781e-08,0.0209784
6.116781e-08,0.0177928
6.121781e-08,0.0104878
6.126781e-08,0.00362216
6.131781e-08,0.00274337
6.136781e-08,0.00562692
6.141781e-08,0.0074669
6.146781e-08,0.00719227
6.151781e-08,0.000820998
6.156781e-08,-0.00664877
6.161781e-08,-0.00184285
6.166781e-08,0.0107898
6.171781e-08,0.0161999
6.176781e-08,0.0155408
6.181781e-08,0.0173534
6.186781e-08,0.0166393
6.191781e-08,0.0091421
6.196781e-08,0.00938926
6.201781e-08,0.0198524
6.206781e-08,0.0189187
6.211781e-08,0.00908718
6.216781e-08,0.00878509
6.221781e-08,0.0117785
6.226781e-08,0.00686272
6.231781e-08,0.00235889
6.236781e-08,0.00757675
6.241781e-08,0.0123827
6.246781e-08,0.00573677
6.251781e-08,-0.00145838
6.256781e-08,0.000738611
6.261781e-08,-0.00230971
6.266781e-08,-0.0136791
6.271781e-08,-0.0120314
6.276781e-08,0.00362216
6.281781e-08,0.0110919
6.286781e-08,0.00414395
6.291781e-08,0.00109562
6.296781e-08,0.00922449
6.301781e-08,0.0102406
6.306781e-08,0.000244288
6.311781e-08,-0.00393
6.316781e-08,-0.00678608
6.321781e-08,-0.0171943
6.326781e-08,-0.0223298
6.331781e-08,-0.019968
6.336781e-08,-0.0143382
6.341781e-08,-0.00132107
6.346781e-08,0.00513259
6.351781e-08,-0.00285896
6.356781e-08,-0.0047264
6.361781e-08,5.20511e-05
6.366781e-08,-0.00252941
6.371781e-08,-0.00176047
6.376781e-08,0.00721973
6.381781e-08,0.00991105
6.386781e-08,0.00601139
6.391781e-08,0.00749436
6.396781e-08,0.0174083
6.401781e-08,0.0231205
6.406781e-08,0.0178751
6.411781e-08,0.0127671
6.416781e-08,0.00864778
6.421781e-08,0.00367709
6.426781e-08,0.00480304
6.431781e-08,0.00559945
6.436781e-08,-0.00255688
6.441781e-08,-0.00401238
6.446781e-08,0.00738451
6.451781e-08,0.0126024
6.456781e-08,0.0146895
6.461781e-08,0.0198799
6.466781e-08,0.0178477
6.471781e-08,0.015788
6.476781e-08,0.0174357
6.481781e-08,0.0171611
6.486781e-08,0.01977
6.491781e-08,0.0215002
6.496781e-08,0.0155683
6.501781e-08,0.00686272
6.506781e-08,0.00167233
6.511781e-08,-0.000222573
6.516781e-08,-0.00143092
6.521781e-08,-0.00189778
6.526781e-08,-0.000442272
6.531781e-08,0.00543468
6.536781e-08,0.0112018
6.541781e-08,0.00862032
6.546781e-08,0.00266098
6.551781e-08,0.00537975
6.556781e-08,0.0137283
6.561781e-08,0.0157605
6.566781e-08,0.0116137
6.571781e-08,0.00719227
6.576781e-08,0.00483051
6.581781e-08,-0.00019511
6.586781e-08,-0.00909292
6.591781e-08,-0.0112625
6.596781e-08,-0.0100541
6.601781e-08,-0.0196659
6.606781e-08,-0.0311727
6.611781e-08,-0.0277948
6.616781e-08,-0.0149424
6.621781e-08,-0.00395746
6.626781e-08,0.00321023
6.631781e-08,0.00137025
6.636781e-08,-0.00711563
6.641781e-08,-0.00884576
6.646781e-08,-0.0107132
6.651781e-08,-0.0198582
6.656781e-08,-0.0217805
6.661781e-08,-0.0198856
6.666781e-08,-0.0255978
6.671781e-08,-0.0279596
6.676781e-08,-0.0246366
6.681781e-08,-0.026559
6.686781e-08,-0.0290306
6.691781e-08,-0.0223023
6.696781e-08,-0.0118666
6.701781e-08,-0.00401238
6.706781e-08,-0.00214494
6.711781e-08,-0.00593475
6.716781e-08,-0.00110137
6.721781e-08,0.00919703
6.726781e-08,0.0106525
6.731781e-08,0.00911464
6.736781e-08,0.00897733
6.741781e-08,0.0118883
6.746781e-08,0.0186715
6.751781e-08,0.0228733
6.756781e-08,0.0268279
6.761781e-08,0.0298487
6.766781e-08,0.0235599
6.771781e-08,0.0139206
6.776781e-08,0.00752182
6.781781e-08,-0.00382015
6.786781e-08,-0.0163155
6.791781e-08,-0.0143382
6.796781e-08,-0.00574251
6.801781e-08,-0.00357298
6.806781e-08,0.00150756
6.811781e-08,0.0153486
6.816781e-08,0.024933
6.821781e-08,0.018342
6.826781e-08,0.00897733
6.831781e-08,0.00894986
6.836781e-08,0.00417141
6.841781e-08,-0.00354552
6.846781e-08,-0.00167808
6.851781e-08,0.00156248
6.856781e-08,0.00719227
6.861781e-08,0.0178202
6.866781e-08,0.0149092
6.871781e-08,0.00150756
6.876781e-08,-0.00274911
6.881781e-08,-0.00288642
6.886781e-08,-0.0116744
6.891781e-08,-0.022577
6.896781e-08,-0.022879
6.901781e-08,-0.0148875
6.906781e-08,-0.000771821
6.911781e-08,0.0130418
6.916781e-08,0.018342
6.921781e-08,0.0250703
6.926781e-08,0.028201
6.931781e-08,0.0202369
6.936781e-08,0.017985
6.941781e-08,0.0206488
6.946781e-08,0.0151564
6.951781e-08,0.0098012
6.956781e-08,0.0138931
6.961781e-08,0.017628
6.966781e-08,0.0136185
6.971781e-08,0.0114489
6.976781e-08,0.0140029
6.981781e-08,0.0148543
6.986781e-08,0.0132615
6.991781e-08,0.00927941
6.996781e-08,0.00505021
7.001781e-08,0.00392425
7.006781e-08,0.00299053
7.011781e-08,0.00211173
7.016781e-08,0.00568184
7.021781e-08,0.00603885
7.026781e-08,-0.00099152
7.031781e-08,-0.00637415
7.036781e-08,-0.00664877
7.041781e-08,-0.00129361
7.046781e-08,0.00356724
7.051781e-08,0.00109562
7.056781e-08,-0.000579584
7.061781e-08,-0.000689433
7.066781e-08,-0.00662131
7.071781e-08,-0.010164
7.076781e-08,-0.00807682
7.081781e-08,-0.00829651
7.086781e-08,-0.00524819
7.091781e-08,0.00502274
7.096781e-08,0.0162823
7.101781e-08,0.0222966
7.106781e-08,0.0172984
7.111781e-08,0.00667049
7.116781e-08,-0.00104644
7.121781e-08,-0.00533058
7.126781e-08,-0.00480879
7.131781e-08,0.00235889
7.136781e-08,0.0108722
7.141781e-08,0.0151838
7.146781e-08,0.0192757
7.151781e-08,0.0219945
7.156781e-08,0.0174083
7.161781e-08,0.00771406
7.166781e-08,-0.00382015
7.171781e-08,-0.0102738
7.176781e-08,-0.00923024
7.181781e-08,-0.00876338
7.186781e-08,-0.00684101
7.191781e-08,0.00348485
7.196781e-08,0.0171611
7.201781e-08,0.0247682
7.206781e-08,0.0244387
7.211781e-08,0.0211432
7.216781e-08,0.0178202
7.221781e-08,0.0167766
7.226781e-08,0.0255921
7.231781e-08,0.0374833
7.236781e-08,0.0346547
7.241781e-08,0.0251252
7.246781e-08,0.0241366
7.251781e-08,0.0241091
7.256781e-08,0.0188912
7.261781e-08,0.0126024
7.266781e-08,-0.00280404
7.271781e-08,-0.0162881
7.276781e-08,-0.00134853
7.281781e-08,0.0207312
7.286781e-08,0.0246034
7.291781e-08,0.023807
7.296781e-08,0.0218846
7.301781e-08,0.0105976
7.306781e-08,-0.000222573
7.311781e-08,0.00191949
7.316781e-08,0.0102681
7.321781e-08,0.00993851
7.326781e-08,0.00505021
7.331781e-08,0.00996597
7.336781e-08,0.0158978
7.341781e-08,0.0151564
7.346781e-08,0.0140579
7.351781e-08,0.0110919
7.356781e-08,0.0110095
7.361781e-08,0.0100209
7.366781e-08,0.000409062
7.371781e-08,-0.00280404
7.376781e-08,0.00194696
7.381781e-08,0.00205681
7.386781e-08,-0.000387347
7.391781e-08,0.00408902
7.396781e-08,0.0142776
7.401781e-08,0.0162549
7.406781e-08,0.00774152
7.411781e-08,0.00675287
7.416781e-08,0.0164196
7.421781e-08,0.015431
7.426781e-08,0.0052699
7.431781e-08,0.00408902
7.436781e-08,0.00840062
7.441781e-08,0.0107898
7.446781e-08,0.00842808
7.451781e-08,0.00757675
7.456781e-08,0.0180125
7.461781e-08,0.0247407
7.466781e-08,0.0139206
7.471781e-08,0.00285321
7.476781e-08,0.00815346
7.481781e-08,0.0175456
7.486781e-08,0.0179575
7.491781e-08,0.0192483
7.496781e-08,0.0279538
7.501781e-08,0.0335287
7.506781e-08,0.0320183
7.511781e-08,0.0237246
7.516781e-08,0.00812599
7.521781e-08,-0.000414809
7.526781e-08,-0.00104644
7.531781e-08,-0.00436939
7.536781e-08,-0.00162315
7.541781e-08,0.00439111
7.546781e-08,0.00436365
7.551781e-08,0.00859285
7.556781e-08,0.0141403
7.561781e-08,0.00348485
7.566781e-08,-0.0149424
7.571781e-08,-0.0184851
7.576781e-08,-0.0113174
7.581781e-08,-0.00832398
7.586781e-08,-0.00434193
7.591781e-08,0.0014801
7.596781e-08,-0.00107391
7.601781e-08,-0.00266673
7.606781e-08,0.00142517
7.611781e-08,-0.000634509
7.616781e-08,-0.00228225
7.621781e-08,0.00137025
7.626781e-08,0.000134438
7.631781e-08,-0.00134853
7.636781e-08,-0.00209002
7.641781e-08,-0.00873591
7.646781e-08,-0.00511088
7.651781e-08,0.0112567
7.656781e-08,0.0168865
7.661781e-08,0.0127671
7.666781e-08,0.0120257
7.671781e-08,0.0145247
7.676781e-08,0.0171611
7.681781e-08,0.0140853
7.686781e-08,0.00595646
7.691781e-08,0.00235889
7.696781e-08,0.00763167
7.701781e-08,0.0119982
7.706781e-08,0.0035947
7.711781e-08,-0.0115096
7.716781e-08,-0.021094
7.721781e-08,-0.0223573
7.726781e-08,-0.018183
7.731781e-08,-0.010109
7.736781e-08,0.00153502
7.741781e-08,0.00782391
7.746781e-08,0.00494036
7.751781e-08,0.00414395
7.756781e-08,0.00535229
7.761781e-08,-0.00189778
7.766781e-08,-0.0147227
7.771781e-08,-0.0170845
7.776781e-08,-0.00159569
7.781781e-08,0.0104603
7.786781e-08,0.00779644
7.791781e-08,0.0102131
7.796781e-08,0.0203193
7.801781e-08,0.0243288
7.806781e-08,0.0189462
7.811781e-08,0.00971881
7.816781e-08,0.00700004
7.821781e-08,0.0102131
7.826781e-08,0.0145522
7.831781e-08,0.019056
7.836781e-08,0.0206488
7.841781e-08,0.0256745
7.846781e-08,0.0352863
7.851781e-08,0.036934
7.856781e-08,0.0331717
7.861781e-08,0.0304529
7.866781e-08,0.0228184
7.871781e-08,0.0169689
7.876781e-08,0.0209509
7.881781e-08,0.0229282
7.886781e-08,0.021253
7.891781e-08,0.0227909
7.896781e-08,0.0214453
7.901781e-08,0.0180948
7.906781e-08,0.0186166
7.911781e-08,0.0191384
7.916781e-08,0.0169689
7.921781e-08,0.0125749
7.926781e-08,0.00853793
7.931781e-08,0.00645079
7.936781e-08,0.00661556
7.941781e-08,0.00782391
7.946781e-08,0.00485797
7.951781e-08,0.00367709
7.956781e-08,0.0131516
7.961781e-08,0.0199348
7.966781e-08,0.0128221
7.971781e-08,0.0061487
7.976781e-08,0.00873017
7.981781e-08,0.00988359
7.986781e-08,0.00301799
7.991781e-08,-0.00425954
7.996781e-08,-0.00741772
8.001781e-08,-0.00862606
8.006781e-08,-0.00318851
8.011781e-08,0.00483051
8.016781e-08,0.00568184
8.021781e-08,0.00469319
8.026781e-08,0.00774152
8.031781e-08,0.0175456
8.036781e-08,0.0333639
8.041781e-08,0.0416026
8.046781e-08,0.0359729
8.051781e-08,0.0294917
8.056781e-08,0.0335562
8.061781e-08,0.0372361
8.066781e-08,0.0329245
8.071781e-08,0.0290523
8.076781e-08,0.016502
8.081781e-08,-0.00132107
8.086781e-08,-0.00505595
8.091781e-08,-0.0019527
8.096781e-08,0.00252367
8.101781e-08,0.0072472
8.106781e-08,-0.000607046
8.111781e-08,-0.0140636
8.116781e-08,-0.0119765
8.121781e-08,0.00510513
8.126781e-08,0.0212805
8.131781e-08,0.0263885
8.136781e-08,0.0238345
8.141781e-08,0.0232578
8.146781e-08,0.0237796
8.151781e-08,0.02529
8.156781e-08,0.0299586
8.161781e-08,0.0268553
8.166781e-08,0.0148268
8.171781e-08,0.00700004
8.176781e-08,0.00768659
8.181781e-08,0.0129594
8.186781e-08,0.01436
8.191781e-08,0.00991105
8.196781e-08,0.0107349
8.201781e-08,0.0152937
8.206781e-08,0.0118334
8.211781e-08,0.00609378
8.216781e-08,0.00581915
8.221781e-08,0.00535229
8.226781e-08,0.00158994
8.231781e-08,-0.0023921
8.236781e-08,-0.00574251
8.241781e-08,-0.00431447
8.246781e-08,0.00321023
8.251781e-08,0.0101582
8.256781e-08,0.0171337
8.261781e-08,0.0171611
8.266781e-08,0.00763167
8.271781e-08,0.00590154
8.276781e-08,0.0130692
8.281781e-08,0.0211432
8.286781e-08,0.0249055
8.291781e-08,0.018699
8.296781e-08,0.0107349
8.301781e-08,0.00796122
8.306781e-08,0.00634094
8.311781e-08,0.00562692
8.316781e-08,0.0109546
8.321781e-08,0.0111469
8.326781e-08,-0.00813174
8.331781e-08,-0.0179633
8.336781e-08,-0.00126614
8.341781e-08,0.00966389
8.346781e-08,0.00661556
8.351781e-08,0.00864778
8.356781e-08,0.0145797
8.361781e-08,0.0108173
8.366781e-08,-0.000112723
8.371781e-08,-0.00365537
8.376781e-08,-0.00340821
8.381781e-08,-0.0083789
8.386781e-08,-0.00725294
8.391781e-08,0.00664302
8.396781e-08,0.0215276
8.401781e-08,0.0282559
8.406781e-08,0.0239718
8.411781e-08,0.0146346
8.416781e-08,0.0123277
8.421781e-08,0.00947165
8.426781e-08,-0.000332422
8.431781e-08,-0.00338075
8.436781e-08,0.00573677
8.441781e-08,0.0141128
8.446781e-08,0.0129594
8.451781e-08,0.0191384
8.456781e-08,0.0367418
8.461781e-08,0.0481662
8.466781e-08,0.0503906
8.471781e-08,0.0473697
8.476781e-08,0.0458044
8.481781e-08,0.0402021
8.486781e-08,0.0182871
8.491781e-08,-0.000250035
8.496781e-08,0.000601299
8.501781e-08,0.0010407
8.506781e-08,-0.00406731
8.511781e-08,-0.00403984
8.516781e-08,-0.00854368
8.521781e-08,-0.0156839
8.526781e-08,-0.00835144
8.531781e-08,0.00452842
8.536781e-08,0.00562692
8.541781e-08,0.00348485
8.546781e-08,0.00905971
8.551781e-08,0.0123827
8.556781e-08,0.00862032
8.561781e-08,0.00452842
8.566781e-08,-0.00384761
8.571781e-08,-0.0187871
8.576781e-08,-0.0210391
8.581781e-08,-0.00854368
8.586781e-08,-0.00750011
8.591781e-08,-0.0125257
8.596781e-08,-0.00464402
8.601781e-08,0.00263352
8.606781e-08,-0.000250035
8.611781e-08,-0.0019527
8.616781e-08,-0.000964057
8.621781e-08,0.000299213
8.626781e-08,0.0074669
8.631781e-08,0.0114489
8.636781e-08,0.00579169
8.641781e-08,0.00771406
8.646781e-08,0.0162274
8.651781e-08,0.0142501
8.656781e-08,0.00562692
8.661781e-08,-0.00176047
8.666781e-08,-0.00467148
8.671781e-08,-0.000607046
8.676781e-08,0.00296306
8.681781e-08,-0.00263926
8.686781e-08,-0.0142009
8.691781e-08,-0.0154093
8.696781e-08,-0.00686847
8.701781e-08,-0.0096971
8.706781e-08,-0.014503
8.711781e-08,-0.00785712
8.716781e-08,-0.00513834
8.721781e-08,-0.0026118
8.726781e-08,0.00656064
8.731781e-08,0.00760421
8.736781e-08,0.00840062
8.741781e-08,0.0200996
8.746781e-08,0.0206214
8.751781e-08,0.0127671
8.756781e-08,0.0213903
8.761781e-08,0.0270476
8.766781e-08,0.0151289
8.771781e-08,0.0093618
8.776781e-08,0.017216
8.781781e-08,0.0255371
8.786781e-08,0.0272398
8.791781e-08,0.0276792
8.796781e-08,0.0283383
8.801781e-08,0.0235873
8.806781e-08,0.0196327
8.811781e-08,0.0155134
8.816781e-08,0.0040341
8.821781e-08,-0.000661971
8.826781e-08,0.00458335
8.831781e-08,0.00543468
8.836781e-08,0.00771406
8.841781e-08,0.0154035
8.846781e-08,0.0187814
8.851781e-08,0.0218846
8.856781e-08,0.0276243
8.861781e-08,0.0221867
8.866781e-08,0.00573677
8.871781e-08,-0.00338075
8.876781e-08,-0.00420462
8.881781e-08,-0.00631922
8.886781e-08,-0.00637415
8.891781e-08,-0.000854208
8.896781e-08,-0.000661971
8.901781e-08,-0.0053855
8.906781e-08,0.0104328
8.911781e-08,0.0405316
8.916781e-08,0.0518187
8.921781e-08,0.0450629
8.926781e-08,0.0350391
8.931781e-08,0.0293544
8.936781e-08,0.0272673
8.941781e-08,0.021253
8.946781e-08,0.0186715
8.951781e-08,0.0236697
8.956781e-08,0.022022
8.961781e-08,0.00963642
8.966781e-08,0.00131532
8.971781e-08,0.00137025
8.976781e-08,0.00340246
8.981781e-08,0.00785137
8.986781e-08,0.00905971
8.991781e-08,0.00274337
8.996781e-08,-0.00244703
9.001781e-08,-0.0015133
9.006781e-08,-0.0023921
9.011781e-08,-0.00865353
9.016781e-08,-0.0077198
9.021781e-08,-0.000799283
9.026781e-08,-0.000909132
9.031781e-08,-0.00357298
9.036781e-08,-0.00137599
9.041781e-08,0.00452842
9.046781e-08,0.00664302
9.051781e-08,0.000491449
9.056781e-08,-0.00684101
9.061781e-08,-0.0103562
9.066781e-08,-0.0113998
9.071781e-08,-0.0122236
9.076781e-08,-0.00656638
9.081781e-08,0.00441857
9.086781e-08,0.00238635
9.091781e-08,-0.00266673
9.096781e-08,0.00502274
9.101781e-08,0.00406156
9.106781e-08,-0.00953232
9.111781e-08,-0.0177161
9.116781e-08,-0.0160684
9.121781e-08,-0.00478133
9.126781e-08,0.00145263
9.131781e-08,-0.00546789
9.136781e-08,-0.0125806
9.141781e-08,-0.0182928
9.146781e-08,-0.0215059
9.151781e-08,-0.0157663
9.156781e-08,-0.00607206
9.161781e-08,-0.00140346
9.166781e-08,-0.00126614
9.171781e-08,0.000409062
9.176781e-08,0.0082633
9.181781e-08,0.0179026
9.186781e-08,0.0145522
9.191781e-08,0.00395171
9.196781e-08,0.00318276
9.201781e-08,0.00323769
9.206781e-08,-0.00140346
9.211781e-08,0.00117801
9.216781e-08,0.00466573
9.221781e-08,0.000244288
9.226781e-08,-0.00296881
9.231781e-08,-0.00368283
9.236781e-08,-0.00099152
9.241781e-08,0.00757675
9.246781e-08,0.0115863
9.251781e-08,0.0166393
9.256781e-08,0.0311669
9.261781e-08,0.038774
9.266781e-08,0.0330618
9.271781e-08,0.0227909
9.276781e-08,0.012108
9.281781e-08,0.00510513
9.286781e-08,0.0027159
9.291781e-08,0.00290814
9.296781e-08,0.003375
9.301781e-08,0.00106816
9.306781e-08,0.00238635
9.311781e-08,0.00829077
9.316781e-08,0.00754928
9.321781e-08,-0.000799283
9.326781e-08,-0.0104386
9.331781e-08,-0.0162606
9.336781e-08,-0.014915
9.341781e-08,-0.0172767
9.346781e-08,-0.0314473
9.351781e-08,-0.0342759
9.356781e-08,-0.0171943
9.361781e-08,-0.00574251
9.366781e-08,-0.00502849
9.371781e-08,-0.00241956
9.376781e-08,0.00579169
9.381781e-08,0.0127397
9.386781e-08,0.0132889
9.391781e-08,0.0159253
9.396781e-08,0.0216924
9.401781e-08,0.0177378
9.406781e-08,0.00815346
9.411781e-08,0.00757675
9.416781e-08,0.0108448
9.421781e-08,0.0139206
9.426781e-08,0.0173808
9.431781e-08,0.0123827
9.436781e-08,0.00686272
9.441781e-08,0.00667049
9.446781e-08,0.00142517
9.451781e-08,-0.00406731
9.456781e-08,-0.00739026
9.461781e-08,-0.0103287
9.466781e-08,-0.00576998
9.471781e-08,-0.00099152
9.476781e-08,0.00197442
9.481781e-08,0.00873017
9.486781e-08,0.00955404
9.491781e-08,0.0042538
9.496781e-08,0.00117801
9.501781e-08,-0.00431447
9.506781e-08,-0.0110428
9.511781e-08,-0.00898307
9.516781e-08,-0.00755503
9.521781e-08,-0.0125806
9.526781e-08,-0.0109054
9.531781e-08,-0.00706071
9.536781e-08,-0.00579744
9.541781e-08,-0.00165062
9.546781e-08,0.0022765
9.551781e-08,0.0061487
9.556781e-08,0.00485797
9.561781e-08,-0.00184285
9.566781e-08,0.00153502
9.571781e-08,0.0116137
9.576781e-08,0.0157605
9.581781e-08,0.0129044
9.586781e-08,0.00930688
9.591781e-08,0.00977374
9.596781e-08,0.00851047
9.601781e-08,0.0052699
9.606781e-08,-0.00121122
9.611781e-08,-0.00994426
9.616781e-08,-0.00615445
9.621781e-08,0.00241382
9.626781e-08,0.00400663
9.631781e-08,0.0082633
9.636781e-08,0.0116412
9.641781e-08,0.00768659
9.646781e-08,0.00540722
9.651781e-08,0.0108997
9.656781e-08,0.0152388
9.661781e-08,0.011394
9.666781e-08,0.00927941
9.671781e-08,0.0108448
9.676781e-08,0.00873017
9.681781e-08,0.00977374
9.686781e-08,0.0146071
9.691781e-08,0.0158155
9.696781e-08,0.015431
9.701781e-08,0.00672541
9.706781e-08,-0.00931262
9.711781e-08,-0.0172493
9.716781e-08,-0.0157663
9.721781e-08,-0.0126081
9.726781e-08,-0.0164254
9.731781e-08,-0.0253507
9.736781e-08,-0.0268336
9.741781e-08,-0.017826
9.746781e-08,-0.00755503
9.751781e-08,0.000656224
9.756781e-08,0.0130418
9.761781e-08,0.022736
9.766781e-08,0.0198799
9.771781e-08,0.015074
9.776781e-08,0.0199623
9.781781e-08,0.0243837
9.786781e-08,0.0203193
9.791781e-08,0.0127122
9.796781e-08,-8.52608e-05
9.801781e-08,-0.0106034
9.806781e-08,-0.00857114
9.811781e-08,-0.0051658
9.816781e-08,-0.00681355
9.821781e-08,-0.00686847
9.826781e-08,-0.0102463
9.831781e-08,-0.0206821
9.836781e-08,-0.0256253
9.841781e-08,-0.022879
9.846781e-08,-0.0170845
9.851781e-08,-0.00653892
9.856781e-08,-0.00019511
9.861781e-08,0.0029356
9.866781e-08,0.0101033
9.871781e-08,0.00999344
9.876781e-08,0.00299053
9.881781e-08,0.000875923
9.886781e-08,0.00378694
9.891781e-08,0.00620363
9.896781e-08,0.00189203
9.901781e-08,-0.00274911
9.906781e-08,-0.00637415
9.911781e-08,-0.0125806
9.916781e-08,-0.00799443
9.921781e-08,0.00299053
9.926781e-08,0.0107349
9.931781e-08,0.0189187
9.936781e-08,0.020896
9.941781e-08,0.016145
9.946781e-08,0.0106251
9.951781e-08,0.00537975
9.956781e-08,0.00428126
9.961781e-08,0.00628601
9.966781e-08,0.00351231
9.971781e-08,-0.00475387
9.976781e-08,-0.00887322
9.981781e-08,-0.00706071
9.986781e-08,-0.0128003
9.991781e-08,-0.0241698
9.996781e-08,-0.0201053
1.000178e-07,-0.00719802
1.000678e-07,-0.00955978
1.001178e-07,-0.0187322
1.001678e-07,-0.017469
1.002178e-07,-0.0186224
1.002678e-07,-0.0247465
1.003178e-07,-0.0198856
1.003678e-07,-0.0106583
1.004178e-07,-0.0060446
1.004678e-07,-0.00752757
1.005178e-07,-0.0106857
1.005678e-07,-0.00198017
1.006178e-07,0.00889494
1.006678e-07,0.00875763
1.007178e-07,0.00678034
1.007678e-07,0.00598393
1.008178e-07,0.00260605
1.008678e-07,0.00285321
1.009178e-07,0.00765913
1.009678e-07,0.00796122
1.010178e-07,0.00452842
1.010678e-07,0.00296306
1.011178e-07,0.00332008
1.011678e-07,0.00905971
1.012178e-07,0.0158704
1.012678e-07,0.0133988
1.013178e-07,0.0070275
1.013678e-07,0.00430872
1.014178e-07,0.0040341
1.014678e-07,0.00428126
1.015178e-07,0.0038144
1.015678e-07,-0.00143092
1.016178e-07,-0.00846129
1.016678e-07,-0.00876338
1.017178e-07,-0.000634509
1.017678e-07,0.0130418
1.018178e-07,0.0180399
1.018678e-07,0.0123003
1.019178e-07,0.0115039
1.019678e-07,0.0127671
1.020178e-07,0.017216
1.020678e-07,0.0286679
1.021178e-07,0.0294093
1.021678e-07,0.0272673
1.022178e-07,0.0371537
1.022678e-07,0.0401746
1.023178e-07,0.0326224
1.023678e-07,0.0290523
1.024178e-07,0.0290249
1.024678e-07,0.01977
1.025178e-07,0.00472066
1.025678e-07,-0.00145838
1.026178e-07,-0.00755503
1.026678e-07,-0.0162606
1.027178e-07,-0.0151621
1.027678e-07,-0.00782965
1.028178e-07,-0.0032709
1.028678e-07,-0.00123868
1.029178e-07,0.00219412
1.029678e-07,0.00255113
1.030178e-07,-0.00439686
1.030678e-07,-0.00464402
1.031178e-07,0.00603885
1.031678e-07,0.00562692
1.032178e-07,-0.00607206
1.032678e-07,-0.00549535
1.033178e-07,0.00139771
1.033678e-07,-0.00417716
1.034178e-07,-0.00914785
1.034678e-07,-0.0056052
1.035178e-07,-0.0092577
1.035678e-07,-0.00975202
1.036178e-07,0.00463827
1.036678e-07,0.016914
1.037178e-07,0.0212256
1.037678e-07,0.0232578
1.038178e-07,0.0228458
1.038678e-07,0.0224888
1.039178e-07,0.0226811
1.039678e-07,0.0210608
1.040178e-07,0.0218297
1.040678e-07,0.0242739
1.041178e-07,0.0242464
1.041678e-07,0.0248231
1.042178e-07,0.0277341
1.042678e-07,0.0259216
1.043178e-07,0.0149916
1.043678e-07,0.00952657
1.044178e-07,0.0166119
1.044678e-07,0.0204291
1.045178e-07,0.017216
1.045678e-07,0.0141128
1.046178e-07,0.0109821
1.046678e-07,0.00433618
1.047178e-07,-0.000524659
1.047678e-07,0.00351231
1.048178e-07,0.00230397
1.048678e-07,-0.0077198
1.049178e-07,-0.0122236
1.049678e-07,-0.0135968
1.050178e-07,-0.0120314
1.050678e-07,-0.00821413
1.051178e-07,-0.0092577
1.051678e-07,-0.00744518
1.052178e-07,-0.00508342
1.052678e-07,-0.00187032
1.053178e-07,0.0126024
1.053678e-07,0.0181772
1.054178e-07,0.00661556
1.054678e-07,-0.00255688
1.055178e-07,-0.00739026
1.055678e-07,-0.00332582
1.056178e-07,0.00911464
1.056678e-07,0.00645079
1.057178e-07,-0.00747264
1.057678e-07,-0.0053855
1.058178e-07,0.00834569
1.058678e-07,0.00617616
1.059178e-07,-0.00741772
1.059678e-07,-0.00684101
1.060178e-07,-0.00752757
1.060678e-07,-0.023648
1.061178e-07,-0.0257351
1.061678e-07,-0.0149424
1.062178e-07,-0.0124159
1.062678e-07,-0.00824159
1.063178e-07,-0.00126614
1.063678e-07,0.000354137
1.064178e-07,-8.52608e-05
1.064678e-07,0.00224904
1.065178e-07,0.00474812
1.065678e-07,-0.00132107
1.066178e-07,-0.00846129
1.066678e-07,-0.0079395
1.067178e-07,-0.00593475
1.067678e-07,-0.00250195
1.068178e-07,-0.00189778
1.068678e-07,-0.00791204
1.069178e-07,-0.00796697
1.069678e-07,-0.00165062
1.070178e-07,0.000793536
1.070678e-07,-0.000799283
1.071178e-07,-0.00294135
1.071678e-07,-0.00631922
1.072178e-07,-0.0134869
1.072678e-07,-0.0181555
1.073178e-07,-0.0135968
1.073678e-07,-0.0100266
1.074178e-07,-0.0193913
1.074678e-07,-0.0289482
1.075178e-07,-0.0255154
1.075678e-07,-0.0174415
1.076178e-07,-0.00884576
1.076678e-07,-0.00469894
1.077178e-07,-0.00568759
1.077678e-07,0.000546374
1.078178e-07,0.00590154
1.078678e-07,0.00422633
1.079178e-07,0.0054896
1.079678e-07,0.00628601
1.080178e-07,0.0068078
1.080678e-07,0.0105427
1.081178e-07,0.0119707
1.081678e-07,0.0112018
1.082178e-07,0.00639586
1.082678e-07,-0.0021724
1.083178e-07,-0.000661971
1.083678e-07,0.0108173
1.084178e-07,0.0156507
1.084678e-07,0.0149916
1.085178e-07,0.0171337
1.085678e-07,0.0173534
1.086178e-07,0.0129319
1.086678e-07,0.00485797
1.087178e-07,-0.00442432
1.087678e-07,-0.00939501
1.088178e-07,-0.00549535
1.088678e-07,0.000985772
1.089178e-07,-0.00233718
1.089678e-07,-0.0101914
1.090178e-07,-0.0105759
1.090678e-07,-0.00274911
1.091178e-07,0.00422633
1.091678e-07,-8.52608e-05
1.092178e-07,-0.00447924
1.092678e-07,0.0031553
1.093178e-07,0.00719227
1.093678e-07,0.00785137
1.094178e-07,0.0139206
1.094678e-07,0.00787883
1.095178e-07,-0.00395746
1.095678e-07,-0.00802189
1.096178e-07,-0.0175513
1.096678e-07,-0.0253507
1.097178e-07,-0.022934
1.097678e-07,-0.0175513
1.098178e-07,-0.00824159
1.098678e-07,-0.000359885
1.099178e-07,0.00395171
1.099678e-07,0.00996597
1.100178e-07,0.00617616
1.100678e-07,-0.0128003
1.101178e-07,-0.0247465
1.101678e-07,-0.0198033
1.102178e-07,-0.00988933
1.102678e-07,-0.00263926
1.103178e-07,-0.000964057
1.103678e-07,0.00356724
1.104178e-07,0.0152113
1.104678e-07,0.0210882
1.105178e-07,0.0186441
1.105678e-07,0.0188363
1.106178e-07,0.0241091
1.106678e-07,0.0238619
1.107178e-07,0.0167492
1.107678e-07,0.0144149
1.108178e-07,0.0146895
1.108678e-07,0.00873017
1.109178e-07,-0.000799283
1.109678e-07,-0.0116744
1.110178e-07,-0.0195012
1.110678e-07,-0.0182654
1.111178e-07,-0.0129102
1.111678e-07,-0.00659385
1.112178e-07,-0.000469734
1.112678e-07,-0.00088167
1.113178e-07,-0.00390253
1.113678e-07,0.00235889
1.114178e-07,0.0155408
1.114678e-07,0.0212256
1.115178e-07,0.0193856
1.115678e-07,0.0206214
1.116178e-07,0.0204841
1.116678e-07,0.0182047
1.117178e-07,0.0259216
1.117678e-07,0.033666
1.118178e-07,0.0244112
1.118678e-07,0.00985612
1.119178e-07,0.00277083
1.119678e-07,-5.77984e-05
1.120178e-07,-0.000634509
1.120678e-07,-0.00714309
1.121178e-07,-0.0156839
1.121678e-07,-0.00818667
1.122178e-07,0.00304545
1.122678e-07,0.00837315
1.123178e-07,0.0163098
1.123678e-07,0.014717
1.124178e-07,2.45887e-05
1.124678e-07,-0.010466
1.125178e-07,-0.0123609
1.125678e-07,-0.0133496
1.126178e-07,-0.0180731
1.126678e-07,-0.021451
1.127178e-07,-0.0164254
1.127678e-07,-0.00607206
1.128178e-07,0.00321023
1.128678e-07,0.0040341
1.129178e-07,0.00027175
1.129678e-07,0.00282575
1.130178e-07,0.00820838
1.130678e-07,0.0123003
1.131178e-07,0.0118334
1.131678e-07,0.0091421
1.132178e-07,0.0110095
1.132678e-07,0.0074669
1.133178e-07,0.00246874
1.133678e-07,0.003375
1.134178e-07,-0.00316105
1.134678e-07,-0.00505595
1.135178e-07,0.00417141
1.135678e-07,0.00754928
1.136178e-07,0.010323
1.136678e-07,0.0123003
1.137178e-07,0.00485797
1.137678e-07,-0.0079395
1.138178e-07,-0.0199406
1.138678e-07,-0.0229614
1.139178e-07,-0.0189519
1.139678e-07,-0.0148051
1.140178e-07,-0.00898307
1.140678e-07,-0.00475387
1.141178e-07,-0.00412223
1.141678e-07,-0.00148584
1.142178e-07,-0.00123868
1.142678e-07,-0.00711563
1.143178e-07,-0.00796697
1.143678e-07,-0.00176047
1.144178e-07,0.00183711
1.144678e-07,0.00200188
1.145178e-07,0.003375
1.145678e-07,0.0103504
1.146178e-07,0.021253
1.146678e-07,0.0232578
1.147178e-07,0.0174357
1.147678e-07,0.016914
1.148178e-07,0.0126573
1.148678e-07,0.00406156
1.149178e-07,0.00546214
1.149678e-07,0.00785137
1.150178e-07,0.00321023
1.150678e-07,-0.00456163
1.151178e-07,-0.00714309
1.151678e-07,0.00266098
1.152178e-07,0.0093618
1.152678e-07,0.000628761
1.153178e-07,-0.00942247
1.153678e-07,-0.00846129
1.154178e-07,-0.00296881
1.154678e-07,0.0003816
1.155178e-07,0.000491449
1.155678e-07,-0.00511088
1.156178e-07,-0.00994426
1.156678e-07,-0.00914785
1.157178e-07,-0.00733533
1.157678e-07,-0.00368283
1.158178e-07,0.00241382
1.158678e-07,0.00908718
1.159178e-07,0.0190286
1.159678e-07,0.0274321
1.160178e-07,0.0237796
1.160678e-07,0.0181223
1.161178e-07,0.0205939
1.161678e-07,0.0168865
1.162178e-07,0.00266098
1.162678e-07,-0.0101365
1.163178e-07,-0.0130475
1.163678e-07,-0.00409477
1.164178e-07,0.00691765
1.164678e-07,0.0138931
1.165178e-07,0.0199897
1.165678e-07,0.023807
1.166178e-07,0.026361
1.166678e-07,0.0277067
1.167178e-07,0.024576
1.167678e-07,0.0204841
1.168178e-07,0.0185342
1.168678e-07,0.0186441
1.169178e-07,0.0173534
1.169678e-07,0.0131791
1.170178e-07,0.0196602
1.170678e-07,0.0324302
1.171178e-07,0.0259491
1.171678e-07,0.0109821
1.172178e-07,0.00483051
1.172678e-07,-0.00198017
1.173178e-07,-0.00384761
1.173678e-07,0.00109562
1.174178e-07,-0.00192524
1.174678e-07,-0.00879084
1.175178e-07,-0.012718
1.175678e-07,-0.0124983
1.176178e-07,-0.00387507
1.176678e-07,0.00422633
1.177178e-07,0.00661556
1.177678e-07,0.0104878
1.178178e-07,0.010323
1.178678e-07,0.00386932
1.179178e-07,-0.00110137
1.179678e-07,-0.0028315
1.180178e-07,-0.00225479
1.180678e-07,-0.00351806
1.181178e-07,-0.00585236
1.181678e-07,-0.00651146
1.182178e-07,-0.00829651
1.182678e-07,-0.00846129
1.183178e-07,-0.00390253
1.183678e-07,-0.00118376
1.184178e-07,-0.006484
1.184678e-07,-0.0121138
1.185178e-07,-0.00939501
1.185678e-07,0.00109562
1.186178e-07,0.01436
1.186678e-07,0.0166119
1.187178e-07,0.00820838
1.187678e-07,0.0089224
1.188178e-07,0.0141952
1.188678e-07,0.0136459
1.189178e-07,0.0107349
1.189678e-07,-0.000634509
1.190178e-07,-0.0053855
1.190678e-07,0.00609378
1.191178e-07,0.00853793
1.191678e-07,0.00430872
1.192178e-07,0.00332008
1.192678e-07,-0.00170554
1.193178e-07,-0.00601714
1.193678e-07,-0.0060446
1.194178e-07,-0.00667623
1.194678e-07,-0.0118117
1.195178e-07,-0.0177985
1.195678e-07,-0.0217256
1.196178e-07,-0.0235381
1.196678e-07,-0.0225495
1.197178e-07,-0.0173591
1.197678e-07,-0.00511088
1.198178e-07,0.00200188
1.198678e-07,-0.00192524
1.199178e-07,0.000711148
1.199678e-07,0.0129319
1.200178e-07,0.0196877
1.200678e-07,0.0168041
1.201178e-07,0.00873017
1.201678e-07,0.00233143
1.202178e-07,0.00205681
1.202678e-07,-0.000332422
1.203178e-07,-0.00568759
1.203678e-07,-0.00233718
1.204178e-07,0.005929
1.204678e-07,0.00612124
1.205178e-07,0.00145263
1.205678e-07,0.00524244
1.206178e-07,0.0146071
1.206678e-07,0.0146346
1.207178e-07,0.0102955
1.207678e-07,0.0101033
1.208178e-07,0.00768659
1.208678e-07,0.00496782
1.209178e-07,0.00620363
1.209678e-07,0.00510513
1.210178e-07,-0.00340821
1.210678e-07,-0.0124159
1.211178e-07,-0.014503
1.211678e-07,-0.0136517
1.212178e-07,-0.0121138
1.212678e-07,-0.011235
1.213178e-07,-0.00785712
1.213678e-07,0.00235889
1.214178e-07,0.00831823
1.214678e-07,0.00323769
1.215178e-07,-0.001733
1.215678e-07,0.00145263
1.216178e-07,0.000161901
1.216678e-07,-0.0113723
1.217178e-07,-0.0183203
1.217678e-07,-0.0145854
1.218178e-07,-0.00791204
1.218678e-07,-0.00307866
1.219178e-07,0.00169979
1.219678e-07,0.00384186
1.220178e-07,-0.00140346
1.220678e-07,-0.0111801
1.221178e-07,-0.0167275
1.221678e-07,-0.0160134
1.222178e-07,-0.0142009
1.222678e-07,-0.0118392
1.223178e-07,-0.00511088
1.223678e-07,0.0054896
1.224178e-07,0.0102681
1.224678e-07,0.0082633
1.225178e-07,0.00864778
1.225678e-07,0.0102681
1.226178e-07,0.0116412
1.226678e-07,0.0135361
1.227178e-07,0.0117236
1.227678e-07,0.00656064
1.228178e-07,-0.00181539
1.228678e-07,-0.0120589
1.229178e-07,-0.015272
1.229678e-07,-0.0168922
1.230178e-07,-0.0246916
1.230678e-07,-0.0240599
1.231178e-07,-0.0148875
1.231678e-07,-0.0110702
1.232178e-07,-0.00758249
1.232678e-07,-0.00324344
1.233178e-07,-0.00357298
1.233678e-07,-0.00379268
1.234178e-07,-0.001733
1.234678e-07,0.00197442
1.235178e-07,0.00807107
1.235678e-07,0.0101033
1.236178e-07,0.00373201
1.236678e-07,-0.000524659
1.237178e-07,0.00807107
1.237678e-07,0.0234775
1.238178e-07,0.0280911
1.238678e-07,0.0200996
1.239178e-07,0.0122728
1.239678e-07,0.00859285
1.240178e-07,0.00774152
1.240678e-07,0.00186457
1.241178e-07,-0.00829651
1.241678e-07,-0.00741772
1.242178e-07,0.00224904
1.242678e-07,0.0068078
1.243178e-07,0.00793376
1.243678e-07,0.0128221
1.244178e-07,0.0174907
1.244678e-07,0.0224064
1.245178e-07,0.0306177
1.245678e-07,0.0309472
1.246178e-07,0.0236422
1.246678e-07,0.0222966
1.247178e-07,0.0271574
1.247678e-07,0.0274321
1.248178e-07,0.0155408
1.248678e-07,0.00353977
1.249178e-07,0.00378694
1.249678e-07,-0.000744358
1.250178e-07,-0.0118666
1.250678e-07,-0.00475387
1.251178e-07,0.00763167
1.251678e-07,0.000354137
1.252178e-07,-0.0079395
1.252678e-07,-0.00439686
1.253178e-07,-0.00530311
1.253678e-07,-0.0146403
1.254178e-07,-0.0184576
1.254678e-07,-0.00810428
1.255178e-07,0.00400663
1.255678e-07,0.00367709
1.256178e-07,0.00348485
1.256678e-07,0.0167217
1.257178e-07,0.0264159
1.257678e-07,0.0200447
1.258178e-07,0.0148817
1.258678e-07,0.0159802
1.259178e-07,0.0155408
1.259678e-07,0.016502
1.260178e-07,0.0052699
1.260678e-07,-0.0143657
1.261178e-07,-0.0133221
1.261678e-07,-0.00274911
1.262178e-07,-0.000854208
1.262678e-07,0.00274337
1.263178e-07,0.00807107
1.263678e-07,0.00757675
1.264178e-07,0.00565438
1.264678e-07,0.00378694
1.265178e-07,0.00257859
1.265678e-07,0.005929
1.266178e-07,0.0102955
1.266678e-07,0.0105427
1.267178e-07,0.00837315
1.267678e-07,0.0118609
1.268178e-07,0.0195778
1.268678e-07,0.021253
1.269178e-07,0.02345
1.269678e-07,0.0305078
1.270178e-07,0.0330618
1.270678e-07,0.035149
1.271178e-07,0.0398451
1.271678e-07,0.0401746
1.272178e-07,0.0397627
1.272678e-07,0.0375107
1.273178e-07,0.0271849
1.273678e-07,0.0216375
1.274178e-07,0.0230655
1.274678e-07,0.0128495
1.275178e-07,0.00120547
1.275678e-07,0.00507767
1.276178e-07,0.00175472
1.276678e-07,-0.0131574
1.277178e-07,-0.0159311
1.277678e-07,-0.014915
1.278178e-07,-0.0170021
1.278678e-07,-0.00917531
1.279178e-07,0.00288068
1.279678e-07,0.00881255
1.280178e-07,0.0118609
1.280678e-07,0.0130418
1.281178e-07,0.01068
1.281678e-07,0.0108448
1.282178e-07,0.0156232
1.282678e-07,0.0157056
1.283178e-07,0.0107075
1.283678e-07,0.0119158
1.284178e-07,0.0152388
1.284678e-07,0.0126024
1.285178e-07,0.00930688
1.285678e-07,0.00296306
1.286178e-07,-0.00544043
1.286678e-07,-0.00840636
1.287178e-07,-0.00799443
1.287678e-07,-0.00373776
1.288178e-07,0.00244128
1.288678e-07,0.00804361
1.289178e-07,0.0147719
1.289678e-07,0.017271
1.290178e-07,0.0138931
1.290678e-07,0.00631348
1.291178e-07,-0.00324344
1.291678e-07,-0.00728041
1.292178e-07,-0.0094774
1.292678e-07,-0.0151346
1.293178e-07,-0.0170021
1.293678e-07,-0.0129377
1.294178e-07,-0.00579744
1.294678e-07,0.00279829
1.295178e-07,0.0102955
1.295678e-07,0.0138656
1.296178e-07,0.0102955
1.296678e-07,0.0031553
1.297178e-07,0.00505021
1.297678e-07,0.0155683
1.298178e-07,0.0166393
1.298678e-07,0.00815346
1.299178e-07,0.00351231
1.299678e-07,0.00216665
1.300178e-07,-0.00181539
1.300678e-07,-0.00802189
1.301178e-07,-0.00879084
1.301678e-07,-0.00354552
1.302178e-07,0.0014801
1.302678e-07,0.00367709
1.303178e-07,0.00175472
1.303678e-07,0.00461081
1.304178e-07,0.0104878
1.304678e-07,0.00340246
1.305178e-07,-0.00236464
1.305678e-07,0.00375947
1.306178e-07,0.00469319
1.306678e-07,0.0038144
1.307178e-07,0.00779644
1.307678e-07,0.00859285
1.308178e-07,0.00645079
1.308678e-07,0.00296306
1.309178e-07,-0.00299627
1.309678e-07,-0.00524819
1.310178e-07,-0.000250035
1.310678e-07,0.000463987
1.311178e-07,-0.00214494
1.311678e-07,0.0087027
1.312178e-07,0.0197151
1.312678e-07,0.0158704
1.313178e-07,0.0184793
1.313678e-07,0.0255921
1.314178e-07,0.0141128
1.314678e-07,-0.00263926
1.315178e-07,-0.00862606
1.315678e-07,-0.0132672
1.316178e-07,-0.0251859
1.316678e-07,-0.0343034
1.317178e-07,-0.0267238
1.317678e-07,-0.0109878
1.318178e-07,0.0022765
1.318678e-07,0.0103504
1.319178e-07,0.0104328
1.319678e-07,0.0125474
1.320178e-07,0.0181772
1.320678e-07,0.0137832
1.321178e-07,0.0044735
1.321678e-07,0.00631348
1.322178e-07,0.0145797
1.322678e-07,0.0137283
1.323178e-07,0.00988359
1.323678e-07,0.0101033
1.324178e-07,0.00529737
1.324678e-07,0.00463827
1.325178e-07,0.00916956
1.325678e-07,0.00340246
1.326178e-07,-0.000277498
1.326678e-07,-0.000167648
1.327178e-07,-0.00662131
1.327678e-07,-0.000222573
1.328178e-07,0.0146071
1.328678e-07,0.0158155
1.329178e-07,0.0142776
1.329678e-07,0.016914
1.330178e-07,0.0240542
1.330678e-07,0.0374009
1.331178e-07,0.03806
1.331678e-07,0.0282285
1.332178e-07,0.0283658
1.332678e-07,0.0297664
1.333178e-07,0.0250703
1.333678e-07,0.0207587
1.334178e-07,0.012108
1.334678e-07,-3.03361e-05
1.335178e-07,-0.00332582
1.335678e-07,0.00318276
1.336178e-07,0.00749436
1.336678e-07,0.00587408
1.337178e-07,0.0104603
1.337678e-07,0.0216375
1.338178e-07,0.0268553
1.338678e-07,0.0272947
1.339178e-07,0.0261139
1.339678e-07,0.0244112
1.340178e-07,0.0278165
1.340678e-07,0.0313317
1.341178e-07,0.0302058
1.341678e-07,0.0335287
1.342178e-07,0.0364672
1.342678e-07,0.0316613
1.343178e-07,0.0324577
1.343678e-07,0.03438
1.344178e-07,0.0218023
1.344678e-07,0.0087027
1.345178e-07,0.00831823
1.345678e-07,0.011394
1.346178e-07,0.0164746
1.346678e-07,0.0260864
1.347178e-07,0.0258942
1.347678e-07,0.0177378
1.348178e-07,0.0204291
1.348678e-07,0.0256745
1.349178e-07,0.0166393
1.349678e-07,0.00153502
1.350178e-07,-0.000744358
1.350678e-07,0.00543468
1.351178e-07,0.00919703
1.351678e-07,0.0151014
1.352178e-07,0.0168865
1.352678e-07,0.0134262
1.353178e-07,0.0166943
1.353678e-07,0.0230655
1.354178e-07,0.0213079
1.354678e-07,0.0129594
1.355178e-07,0.0118883
1.355678e-07,0.0144149
1.356178e-07,0.000683686
1.356678e-07,-0.0162057
1.357178e-07,-0.0158487
1.357678e-07,-0.0118666
1.358178e-07,-0.00846129
1.358678e-07,0.0042538
1.359178e-07,0.0170238
1.359678e-07,0.0225163
1.360178e-07,0.0281461
1.360678e-07,0.0299861
1.361178e-07,0.0229282
1.361678e-07,0.015431
1.362178e-07,0.0108997
1.362678e-07,0.0104054
1.363178e-07,0.01252
1.363678e-07,0.0138107
1.364178e-07,0.01436
1.364678e-07,0.0151838
1.365178e-07,0.015431
1.365678e-07,0.00735705
1.366178e-07,0.00115055
1.366678e-07,0.00647825
1.367178e-07,0.00455588
1.367678e-07,-0.00436939
1.368178e-07,-0.00725294
1.368678e-07,-0.00728041
1.369178e-07,-0.00269419
1.369678e-07,0.00499528
1.370178e-07,0.00370455
1.370678e-07,-0.00651146
1.371178e-07,-0.00879084
1.371678e-07,0.00255113
1.372178e-07,0.00441857
1.372678e-07,-0.012306
1.373178e-07,-0.0198856
1.373678e-07,-0.00829651
1.374178e-07,-0.000167648
1.374678e-07,0.00139771
1.375178e-07,0.0110919
1.375678e-07,0.0240542
1.376178e-07,0.0278165
1.376678e-07,0.0234775
1.377178e-07,0.0171886
1.377678e-07,0.0104328
1.378178e-07,0.00543468
1.378678e-07,0.00345739
1.379178e-07,0.00304545
1.379678e-07,0.00364962
1.380178e-07,0.00208427
1.380678e-07,0.00139771
1.381178e-07,0.00576423
1.381678e-07,0.00963642
1.382178e-07,0.0115863
1.382678e-07,0.00730212
1.383178e-07,-0.00269419
1.383678e-07,-0.00373776
1.384178e-07,0.00189203
1.384678e-07,0.00186457
1.385178e-07,0.00101323
1.385678e-07,0.00809853
1.386178e-07,0.0126847
1.386678e-07,0.00617616
1.387178e-07,0.00115055
1.387678e-07,0.000134438
1.388178e-07,-0.00634669
1.388678e-07,-0.0118392
1.389178e-07,-0.00769234
1.389678e-07,-0.0034906
1.390178e-07,-0.00697832
1.390678e-07,-0.010109
1.391178e-07,-0.00876338
1.391678e-07,-0.00703324
1.392178e-07,-0.00302374
1.392678e-07,0.0052699
1.393178e-07,0.00667049
1.393678e-07,-0.00126614
1.394178e-07,-0.00382015
1.394678e-07,-0.00263926
1.395178e-07,-0.00527565
1.395678e-07,-0.00862606
1.396178e-07,-0.0134045
1.396678e-07,-0.0126356
1.397178e-07,-0.000909132
1.397678e-07,0.00908718
1.398178e-07,0.00960896
1.398678e-07,0.00653317
1.399178e-07,0.00705496
1.399678e-07,0.00180964
1.400178e-07,-0.0129102
1.400678e-07,-0.0174964
1.401178e-07,-0.0120314
1.401678e-07,-0.00750011
1.402178e-07,-0.00266673
1.402678e-07,0.000354137
1.403178e-07,0.00342992
1.403678e-07,0.0112567
1.404178e-07,0.0207312
1.404678e-07,0.0203468
1.405178e-07,0.00862032
1.405678e-07,0.00186457
1.406178e-07,-0.00134853
1.406678e-07,-0.00566013
1.407178e-07,0.000409062
1.407678e-07,0.0133988
1.408178e-07,0.0247133
1.408678e-07,0.0326774
1.409178e-07,0.0339132
1.409678e-07,0.0274321
1.410178e-07,0.0186715
1.410678e-07,0.0138107
1.411178e-07,0.0118609
1.411678e-07,0.0102131
1.412178e-07,0.00488543
1.412678e-07,-0.00255688
1.413178e-07,-0.00154077
1.413678e-07,0.00851047
1.414178e-07,0.0192208
1.414678e-07,0.0186715
1.415178e-07,0.00642333
1.415678e-07,0.00310038
1.416178e-07,0.00884002
1.416678e-07,0.000491449
1.417178e-07,-0.0146953
1.417678e-07,-0.0168099
1.418178e-07,-0.0142833
1.418678e-07,-0.0151896
1.419178e-07,-0.0123335
1.419678e-07,-0.00291389
1.420178e-07,0.00469319
1.420678e-07,0.00606631
1.421178e-07,0.00971881
1.421678e-07,0.0131241
1.422178e-07,0.00458335
1.422678e-07,-0.00563266
1.423178e-07,-0.00799443
1.423678e-07,-0.0106583
1.424178e-07,-0.0132123
1.424678e-07,-0.0145579
1.425178e-07,-0.017057
1.425678e-07,-0.0143657
1.426178e-07,-0.00728041
1.426678e-07,-0.0015133
1.427178e-07,0.0012604
1.427678e-07,-0.00099152
1.428178e-07,-0.000799283
1.428678e-07,0.00485797
1.429178e-07,0.00930688
1.429678e-07,0.0125749
1.430178e-07,0.0129594
1.430678e-07,0.00919703
1.431178e-07,0.00562692
1.431678e-07,0.00719227
1.432178e-07,0.0136734
1.432678e-07,0.0193856
1.433178e-07,0.0277891
1.433678e-07,0.0365221
1.434178e-07,0.0314965
1.434678e-07,0.0185892
1.435178e-07,0.0101307
1.435678e-07,0.00117801
1.436178e-07,-0.00549535
1.436678e-07,-0.00335328
1.437178e-07,0.000683686
1.437678e-07,0.00667049
1.438178e-07,0.0133713
1.438678e-07,0.0172984
1.439178e-07,0.0253174
1.439678e-07,0.0308099
1.440178e-07,0.0265533
1.440678e-07,0.0200721
1.441178e-07,0.0139755
1.441678e-07,0.00944419
1.442178e-07,0.0061487
1.442678e-07,0.00461081
1.443178e-07,0.00884002
1.443678e-07,0.0138931
1.444178e-07,0.0123277
1.444678e-07,0.00667049
1.445178e-07,0.00516006
1.445678e-07,0.0108173
1.446178e-07,0.0178751
1.446678e-07,0.0171062
1.447178e-07,0.0142776
1.447678e-07,0.0181772
1.448178e-07,0.0204017
1.448678e-07,0.0188912
1.449178e-07,0.0185617
1.449678e-07,0.0186166
1.450178e-07,0.0185068
1.450678e-07,0.0165569
1.451178e-07,0.0165295
1.451678e-07,0.0216924
1.452178e-07,0.0243013
1.452678e-07,0.018699
1.453178e-07,0.0100758
1.453678e-07,0.00653317
1.454178e-07,0.00422633
1.454678e-07,-0.00112883
1.455178e-07,-0.00236464
1.455678e-07,0.00112308
1.456178e-07,0.00807107
1.456678e-07,0.0191933
1.457178e-07,0.0238619
1.457678e-07,0.0224614
1.458178e-07,0.0253174
1.458678e-07,0.0244936
1.459178e-07,0.0169414
1.459678e-07,0.0144423
1.460178e-07,0.0133988
1.460678e-07,0.00540722
1.461178e-07,0.00189203
1.461678e-07,0.011806
1.462178e-07,0.0235599
1.462678e-07,0.0294368
1.463178e-07,0.0283108
1.463678e-07,0.0214727
1.464178e-07,0.0208685
1.464678e-07,0.0269377
1.465178e-07,0.0293819
1.465678e-07,0.0279264
1.466178e-07,0.0246858
1.466678e-07,0.0211157
1.467178e-07,0.016914
1.467678e-07,0.00903225
1.468178e-07,0.00793376
1.468678e-07,0.0169414
1.469178e-07,0.0191384
1.469678e-07,0.0174357
1.470178e-07,0.0168041
1.470678e-07,0.0110919
1.471178e-07,0.0102681
1.471678e-07,0.0130143
1.472178e-07,0.00400663
1.472678e-07,-0.0112625
1.473178e-07,-0.0212862
1.473678e-07,-0.0264766
1.474178e-07,-0.0270533
1.474678e-07,-0.0259823
1.475178e-07,-0.0230164
1.475678e-07,-0.0142009
1.476178e-07,-0.00752757
1.476678e-07,-0.00439686
1.477178e-07,-0.00110137
1.477678e-07,0.00158994
1.478178e-07,0.00768659
1.478678e-07,0.0139755
1.479178e-07,0.0126847
1.479678e-07,0.000106976
1.480178e-07,-0.0135968
1.480678e-07,-0.0179907
1.481178e-07,-0.0185674
1.481678e-07,-0.0109604
1.482178e-07,-0.000112723
1.482678e-07,0.00112308
1.483178e-07,0.00222158
1.483678e-07,0.00741197
1.484178e-07,0.0129594
1.484678e-07,0.0169963
1.485178e-07,0.0184244
1.485678e-07,0.0214453
1.486178e-07,0.0195229
1.486678e-07,0.0112018
1.487178e-07,0.0164471
1.487678e-07,0.0292995
1.488178e-07,0.0267455
1.488678e-07,0.0184793
1.489178e-07,0.0164471
1.489678e-07,0.0153211
1.490178e-07,0.0127122
1.490678e-07,0.00807107
1.491178e-07,0.00656064
1.491678e-07,0.00559945
1.492178e-07,-0.00343567
1.492678e-07,-0.00598967
1.493178e-07,0.00675287
1.493678e-07,0.0207312
1.494178e-07,0.0270201
1.494678e-07,0.0229557
1.495178e-07,0.0190286
1.495678e-07,0.0248506
1.496178e-07,0.0237246
1.496678e-07,0.0144149
1.497178e-07,0.012877
1.497678e-07,0.00911464
1.498178e-07,-0.00107391
1.498678e-07,-0.00159569
1.499178e-07,0.00290814
1.499678e-07,0.00463827
1.500178e-07,0.0127397
1.500678e-07,0.0195229
1.501178e-07,0.0198799
1.501678e-07,0.0195503
1.502178e-07,0.0129868
1.502678e-07,0.00661556
1.503178e-07,0.00598393
1.503678e-07,0.00719227
1.504178e-07,0.00960896
1.504678e-07,0.0061487
1.505178e-07,-0.00170554
1.505678e-07,-0.00412223
1.506178e-07,-0.00302374
1.506678e-07,-0.000799283
1.507178e-07,0.00584661
1.507678e-07,0.0112018
1.508178e-07,0.00960896
1.508678e-07,0.00477558
1.509178e-07,0.0027159
1.509678e-07,0.00628601
1.510178e-07,0.00881255
1.510678e-07,0.00834569
1.511178e-07,0.0118609
1.511678e-07,0.0179026
1.512178e-07,0.0225437
1.512678e-07,0.0258667
1.513178e-07,0.0304804
1.513678e-07,0.037291
1.514178e-07,0.0380875
1.514678e-07,0.0319908
1.515178e-07,0.0289974
1.515678e-07,0.030041
1.516178e-07,0.0206214
1.516678e-07,-0.00132107
1.517178e-07,-0.0128553
1.517678e-07,-0.0142833
1.518178e-07,-0.0208194
1.518678e-07,-0.0237853
1.519178e-07,-0.0204898
1.519678e-07,-0.0159585
1.520178e-07,-0.00423208
1.520678e-07,0.0105976
1.521178e-07,0.017628
1.521678e-07,0.0195778
1.522178e-07,0.0178751
1.522678e-07,0.00969135
1.523178e-07,0.000463987
1.523678e-07,-0.00563266
1.524178e-07,-0.00263926
1.524678e-07,0.00669795
1.525178e-07,0.00678034
1.525678e-07,0.0022765
1.526178e-07,0.00356724
1.526678e-07,0.00252367
1.527178e-07,-0.00848875
1.527678e-07,-0.0207644
1.528178e-07,-0.0241148
1.528678e-07,-0.0273829
1.529178e-07,-0.0358138
1.529678e-07,-0.0394938
1.530178e-07,-0.0325458
1.530678e-07,-0.0227692
1.531178e-07,-0.0226044
1.531678e-07,-0.0262569
1.532178e-07,-0.0219453
1.532678e-07,-0.0123884
1.533178e-07,-0.00266673
1.533678e-07,0.00433618
1.534178e-07,0.00576423
1.534678e-07,0.00285321
1.535178e-07,0.00414395
1.535678e-07,0.0142776
1.536178e-07,0.019468
1.536678e-07,0.0136185
1.537178e-07,0.00927941
1.537678e-07,0.01068
1.538178e-07,0.0127397
1.538678e-07,0.0101033
1.539178e-07,0.00180964
1.539678e-07,-0.00357298
1.540178e-07,0.00178218
1.540678e-07,0.011037
1.541178e-07,0.0195229
1.541678e-07,0.0262237
1.542178e-07,0.019825
1.542678e-07,0.00982866
1.543178e-07,0.0165844
1.543678e-07,0.0274046
1.544178e-07,0.0210608
1.544678e-07,0.00829077
1.545178e-07,0.0093618
1.545678e-07,0.0177653
1.546178e-07,0.0205939
1.546678e-07,0.0180674
1.547178e-07,0.0170238
1.547678e-07,0.0213629
1.548178e-07,0.0225437
1.548678e-07,0.0222142
1.549178e-07,0.0257019
1.549678e-07,0.0222417
1.550178e-07,0.0120531
1.550678e-07,0.00455588
1.551178e-07,0.00208427
1.551678e-07,0.00334754
1.552178e-07,0.00650571
1.552678e-07,0.0119982
1.553178e-07,0.018699
1.553678e-07,0.0193032
1.554178e-07,0.00952657
1.554678e-07,0.00290814
1.555178e-07,0.00450096
1.555678e-07,0.00282575
1.556178e-07,-0.000442272
1.556678e-07,0.000436525
1.557178e-07,0.00612124
1.557678e-07,0.0103504
1.558178e-07,0.00812599
1.558678e-07,0.00708242
1.559178e-07,0.00595646
1.559678e-07,-0.00121122
1.560178e-07,-0.00228225
1.560678e-07,0.0063684
1.561178e-07,0.00809853
1.561678e-07,0.00631348
1.562178e-07,0.011806
1.562678e-07,0.0132615
1.563178e-07,0.00916956
1.563678e-07,0.0108722
1.564178e-07,0.0200721
1.564678e-07,0.0264159
1.565178e-07,0.0205665
1.565678e-07,0.0183145
1.566178e-07,0.0273771
1.566678e-07,0.0258942
1.567178e-07,0.0164746
1.567678e-07,0.0160077
1.568178e-07,0.0177104
1.568678e-07,0.0163922
1.569178e-07,0.0119158
1.569678e-07,0.00782391
1.570178e-07,0.0102406
1.570678e-07,0.00719227
1.571178e-07,-0.00123868
1.571678e-07,2.45887e-05
1.572178e-07,0.00576423
1.572678e-07,0.0155958
1.573178e-07,0.0315789
1.573678e-07,0.032595
1.574178e-07,0.0164471
1.574678e-07,0.00345739
1.575178e-07,-0.00412223
1.575678e-07,-0.00568759
1.576178e-07,-0.00019511
1.576678e-07,-0.00030496
1.577178e-07,-0.00576998
1.577678e-07,-0.00307866
1.578178e-07,0.0061487
1.578678e-07,0.00820838
1.579178e-07,0.00307291
1.579678e-07,0.000656224
1.580178e-07,-0.00123868
1.580678e-07,-0.00777473
1.581178e-07,-0.0108505
1.581678e-07,-0.00250195
1.582178e-07,0.00708242
1.582678e-07,0.00623109
1.583178e-07,-0.00101898
1.583678e-07,-0.00505595
1.584178e-07,0.000134438
1.584678e-07,0.00524244
1.585178e-07,0.00095831
1.585678e-07,-0.00697832
1.586178e-07,-0.012718
1.586678e-07,-0.0102189
1.587178e-07,-0.00214494
1.587678e-07,-0.000140186
1.588178e-07,-0.00178793
1.588678e-07,-0.00143092
1.589178e-07,-0.00269419
1.589678e-07,-0.00343567
1.590178e-07,-0.00566013
1.590678e-07,-0.0133496
1.591178e-07,-0.0198033
1.591678e-07,-0.0273005
1.592178e-07,-0.0310903
1.592678e-07,-0.0193913
1.593178e-07,-0.00796697
1.593678e-07,-0.00804935
1.594178e-07,-0.00266673
1.594678e-07,0.00969135
1.595178e-07,0.0126024
1.595678e-07,0.0110645
1.596178e-07,0.0159253
