LECROYWR640Zi,59892,Waveform
Segments,1,SegmentSize,4002
Segment,TrigTime,TimeSinceSegment1
#1,01-Nov-2023 13:34:15,0                 
Time,Ampl
-4.043475e-08,0.00884002
-4.038475e-08,0.00900479
-4.033475e-08,0.0138931
-4.028475e-08,0.0163647
-4.023475e-08,0.0101857
-4.018475e-08,0.00710988
-4.013475e-08,0.00543468
-4.008475e-08,0.0010407
-4.003475e-08,-0.00255688
-3.998475e-08,-5.77984e-05
-3.993475e-08,0.00878509
-3.988475e-08,0.0119707
-3.983475e-08,0.0111469
-3.978475e-08,0.0164471
-3.973475e-08,0.014305
-3.968475e-08,-0.0023921
-3.963475e-08,-0.0137615
-3.958475e-08,-0.010164
-3.953475e-08,-0.00321597
-3.948475e-08,-0.00219986
-3.943475e-08,-0.00387507
-3.938475e-08,0.00169979
-3.933475e-08,0.014717
-3.928475e-08,0.0225712
-3.923475e-08,0.019825
-3.918475e-08,0.01252
-3.913475e-08,0.00672541
-3.908475e-08,0.0038144
-3.903475e-08,0.00323769
-3.898475e-08,0.00411648
-3.893475e-08,0.00285321
-3.888475e-08,0.00101323
-3.883475e-08,0.00584661
-3.878475e-08,0.0109272
-3.873475e-08,0.00903225
-3.868475e-08,0.0070275
-3.863475e-08,0.00128786
-3.858475e-08,-0.00722548
-3.853475e-08,-0.0142284
-3.848475e-08,-0.0277673
-3.843475e-08,-0.0348252
-3.838475e-08,-0.0308981
-3.833475e-08,-0.0336443
-3.828475e-08,-0.028042
-3.823475e-08,-0.00788458
-3.818475e-08,-0.00480879
-3.813475e-08,-0.0129377
-3.808475e-08,-0.00835144
-3.803475e-08,-0.00401238
-3.798475e-08,-0.00678608
-3.793475e-08,-0.006484
-3.788475e-08,-0.00456163
-3.783475e-08,-0.00255688
-3.778475e-08,0.00222158
-3.773475e-08,0.00634094
-3.768475e-08,0.00768659
-3.763475e-08,0.00785137
-3.758475e-08,0.00809853
-3.753475e-08,0.00809853
-3.748475e-08,0.00612124
-3.743475e-08,0.00667049
-3.738475e-08,0.0110095
-3.733475e-08,0.0116412
-3.728475e-08,0.00804361
-3.723475e-08,0.00524244
-3.718475e-08,0.00897733
-3.713475e-08,0.0171062
-3.708475e-08,0.0142501
-3.703475e-08,0.00211173
-3.698475e-08,-0.000442272
-3.693475e-08,0.00661556
-3.688475e-08,0.00831823
-3.683475e-08,0.00189203
-3.678475e-08,-0.00211748
-3.673475e-08,-0.00137599
-3.668475e-08,-0.00206255
-3.663475e-08,0.00318276
-3.658475e-08,0.0156781
-3.653475e-08,0.0160901
-3.648475e-08,0.00864778
-3.643475e-08,0.0074669
-3.638475e-08,-3.03361e-05
-3.633475e-08,-0.0126905
-3.628475e-08,-0.0133221
-3.623475e-08,-0.00923024
-3.618475e-08,-0.0138439
-3.613475e-08,-0.0185949
-3.608475e-08,-0.0202976
-3.603475e-08,-0.0244169
-3.598475e-08,-0.0226044
-3.593475e-08,-0.017057
-3.588475e-08,-0.0141185
-3.583475e-08,-0.0130475
-3.578475e-08,-0.0158212
-3.573475e-08,-0.0140362
-3.568475e-08,-0.00895561
-3.563475e-08,-0.00708817
-3.558475e-08,-0.00568759
-3.553475e-08,-0.00906546
-3.548475e-08,-0.00480879
-3.543475e-08,0.0124651
-3.538475e-08,0.0186441
-3.533475e-08,0.0132889
-3.528475e-08,0.00875763
-3.523475e-08,0.00430872
-3.518475e-08,-0.00126614
-3.513475e-08,-0.00741772
-3.508475e-08,-0.00955978
-3.503475e-08,-0.00508342
-3.498475e-08,0.00117801
-3.493475e-08,0.00713735
-3.488475e-08,0.0175181
-3.483475e-08,0.0281735
-3.478475e-08,0.0287502
-3.473475e-08,0.0263061
-3.468475e-08,0.0286679
-3.463475e-08,0.0308374
-3.458475e-08,0.0336111
-3.453475e-08,0.0346272
-3.448475e-08,0.0299861
-3.443475e-08,0.0284756
-3.438475e-08,0.0275694
-3.433475e-08,0.0213629
-3.428475e-08,0.0152388
-3.423475e-08,0.00785137
-3.418475e-08,0.00257859
-3.413475e-08,0.00400663
-3.408475e-08,0.00757675
-3.403475e-08,0.0116412
-3.398475e-08,0.00960896
-3.393475e-08,0.00601139
-3.388475e-08,0.0115588
-3.383475e-08,0.0140304
-3.378475e-08,0.00955404
-3.373475e-08,0.0057093
-3.368475e-08,0.00697257
-3.363475e-08,0.0171611
-3.358475e-08,0.0219396
-3.353475e-08,0.0140029
-3.348475e-08,0.0119158
-3.343475e-08,0.0206488
-3.338475e-08,0.0283932
-3.333475e-08,0.032183
-3.328475e-08,0.0317436
-3.323475e-08,0.0336935
-3.318475e-08,0.0392958
-3.313475e-08,0.0303431
-3.308475e-08,0.0149641
-3.303475e-08,0.0072472
-3.298475e-08,-0.000634509
-3.293475e-08,-8.52608e-05
-3.288475e-08,0.00763167
-3.283475e-08,0.0122454
-3.278475e-08,0.0215826
-3.273475e-08,0.0259765
-3.268475e-08,0.0192757
-3.263475e-08,0.0192483
-3.258475e-08,0.0204017
-3.253475e-08,0.0091421
-3.248475e-08,-0.00313359
-3.243475e-08,-0.00722548
-3.238475e-08,-0.00722548
-3.233475e-08,-0.00439686
-3.228475e-08,0.0012604
-3.223475e-08,0.00480304
-3.218475e-08,0.00721973
-3.213475e-08,0.0103779
-3.208475e-08,0.00719227
-3.203475e-08,-0.00159569
-3.198475e-08,-0.00555028
-3.193475e-08,-0.000607046
-3.188475e-08,0.00922449
-3.183475e-08,0.0138656
-3.178475e-08,0.00716481
-3.173475e-08,-5.77984e-05
-3.168475e-08,0.00115055
-3.163475e-08,-0.0023921
-3.158475e-08,-0.0147227
-3.153475e-08,-0.0197758
-3.148475e-08,-0.0240325
-3.143475e-08,-0.0305685
-3.138475e-08,-0.0182928
-3.133475e-08,0.00211173
-3.128475e-08,0.00721973
-3.123475e-08,0.0054896
-3.118475e-08,0.00288068
-3.113475e-08,-0.00571505
-3.108475e-08,-0.0107956
-3.103475e-08,-0.0079395
-3.098475e-08,-0.00104644
-3.093475e-08,0.00840062
-3.088475e-08,0.0137832
-3.083475e-08,0.0151564
-3.078475e-08,0.0120806
-3.073475e-08,0.00252367
-3.068475e-08,-0.00134853
-3.063475e-08,0.00027175
-3.058475e-08,-0.00329836
-3.053475e-08,-0.00178793
-3.048475e-08,0.00694511
-3.043475e-08,0.00807107
-3.038475e-08,0.00395171
-3.033475e-08,0.000546374
-3.028475e-08,-0.00497357
-3.023475e-08,-0.00966963
-3.018475e-08,-0.0102189
-3.013475e-08,-0.010164
-3.008475e-08,-0.0120314
-3.003475e-08,-0.0108505
-2.998475e-08,-0.00769234
-2.993475e-08,-0.00821413
-2.988475e-08,-0.0103837
-2.983475e-08,-0.00758249
-2.978475e-08,0.00642333
-2.973475e-08,0.0198799
-2.968475e-08,0.0210882
-2.963475e-08,0.0183145
-2.958475e-08,0.0123003
-2.953475e-08,0.00395171
-2.948475e-08,0.00117801
-2.943475e-08,-0.00343567
-2.938475e-08,-0.0144756
-2.933475e-08,-0.0188421
-2.928475e-08,-0.0109329
-2.923475e-08,0.00115055
-2.918475e-08,0.00908718
-2.913475e-08,0.00952657
-2.908475e-08,0.0110919
-2.903475e-08,0.0177104
-2.898475e-08,0.0174357
-2.893475e-08,0.00642333
-2.888475e-08,-0.00958725
-2.883475e-08,-0.0183203
-2.878475e-08,-0.0142559
-2.873475e-08,-0.00964217
-2.868475e-08,-0.00480879
-2.863475e-08,0.000106976
-2.858475e-08,-0.0034906
-2.853475e-08,-0.000250035
-2.848475e-08,0.0095815
-2.843475e-08,0.00480304
-2.838475e-08,-0.00184285
-2.833475e-08,-0.00316105
-2.828475e-08,-0.00475387
-2.823475e-08,-0.000442272
-2.818475e-08,-0.00134853
-2.813475e-08,-0.0107681
-2.808475e-08,-0.0159585
-2.803475e-08,-0.0116744
-2.798475e-08,-0.00546789
-2.793475e-08,-0.0113998
-2.788475e-08,-0.0163979
-2.783475e-08,-0.0110702
-2.778475e-08,-0.00972456
-2.773475e-08,-0.00958725
-2.768475e-08,-0.00928516
-2.763475e-08,-0.00755503
-2.758475e-08,-0.00088167
-2.753475e-08,-0.00417716
-2.748475e-08,-0.0100541
-2.743475e-08,-0.00579744
-2.738475e-08,-0.00184285
-2.733475e-08,0.00397917
-2.728475e-08,0.0136185
-2.723475e-08,0.0167766
-2.718475e-08,0.0107349
-2.713475e-08,0.00793376
-2.708475e-08,0.0179026
-2.703475e-08,0.0235049
-2.698475e-08,0.0186166
-2.693475e-08,0.0195778
-2.688475e-08,0.0233951
-2.683475e-08,0.0199897
-2.678475e-08,0.0147719
-2.673475e-08,0.0107075
-2.668475e-08,0.00584661
-2.663475e-08,0.000903385
-2.658475e-08,-0.00379268
-2.653475e-08,-0.00241956
-2.648475e-08,0.00815346
-2.643475e-08,0.0193581
-2.638475e-08,0.0221593
-2.633475e-08,0.0184519
-2.628475e-08,0.0184519
-2.623475e-08,0.0235873
-2.618475e-08,0.0239993
-2.613475e-08,0.0140304
-2.608475e-08,0.00290814
-2.603475e-08,-0.00442432
-2.598475e-08,-0.0114822
-2.593475e-08,-0.00848875
-2.588475e-08,-0.00112883
-2.583475e-08,-0.00453417
-2.578475e-08,-0.00854368
-2.573475e-08,-0.00519326
-2.568475e-08,0.00208427
-2.563475e-08,0.00985612
-2.558475e-08,0.0156507
-2.553475e-08,0.0210608
-2.548475e-08,0.0246309
-2.543475e-08,0.0258942
-2.538475e-08,0.0264709
-2.533475e-08,0.0248231
-2.528475e-08,0.0250703
-2.523475e-08,0.0288326
-2.518475e-08,0.0293544
-2.513475e-08,0.027487
-2.508475e-08,0.025647
-2.503475e-08,0.0181223
-2.498475e-08,0.0129044
-2.493475e-08,0.0197975
-2.488475e-08,0.0223515
-2.483475e-08,0.00963642
-2.478475e-08,-0.00431447
-2.473475e-08,-0.00681355
-2.468475e-08,-0.00324344
-2.463475e-08,-0.00618191
-2.458475e-08,-0.0132397
-2.453475e-08,-0.0137615
-2.448475e-08,-0.0121138
-2.443475e-08,-0.0137066
-2.438475e-08,-0.00983441
-2.433475e-08,-0.00563266
-2.428475e-08,-0.0101914
-2.423475e-08,-0.0115096
-2.418475e-08,-0.0111526
-2.413475e-08,-0.0152445
-2.408475e-08,-0.00901054
-2.403475e-08,0.00131532
-2.398475e-08,0.00120547
-2.393475e-08,0.00246874
-2.388475e-08,0.0091421
-2.383475e-08,0.0127122
-2.378475e-08,0.0151838
-2.373475e-08,0.0177928
-2.368475e-08,0.0162274
-2.363475e-08,0.00864778
-2.358475e-08,0.000793536
-2.353475e-08,-0.00464402
-2.348475e-08,-0.0106034
-2.343475e-08,-0.00821413
-2.338475e-08,-0.00019511
-2.333475e-08,-0.00189778
-2.328475e-08,-0.00898307
-2.323475e-08,-0.0113448
-2.318475e-08,-0.00895561
-2.313475e-08,-0.00533058
-2.308475e-08,-0.00294135
-2.303475e-08,-0.00288642
-2.298475e-08,-0.0047264
-2.293475e-08,-0.00447924
-2.288475e-08,0.00395171
-2.283475e-08,0.0134812
-2.278475e-08,0.0136734
-2.273475e-08,0.013948
-2.268475e-08,0.0141952
-2.263475e-08,0.0105152
-2.258475e-08,0.0156232
-2.253475e-08,0.0246309
-2.248475e-08,0.0294917
-2.243475e-08,0.0307275
-2.238475e-08,0.0268279
-2.233475e-08,0.0244661
-2.228475e-08,0.024164
-2.223475e-08,0.0203468
-2.218475e-08,0.011037
-2.213475e-08,0.00189203
-2.208475e-08,-0.000689433
-2.203475e-08,-0.000579584
-2.198475e-08,0.00235889
-2.193475e-08,0.00496782
-2.188475e-08,0.00345739
-2.183475e-08,0.00875763
-2.178475e-08,0.016502
-2.173475e-08,0.014717
-2.168475e-08,0.0152662
-2.163475e-08,0.0242739
-2.158475e-08,0.0341878
-2.153475e-08,0.0401746
-2.148475e-08,0.0366594
-2.143475e-08,0.0256195
-2.138475e-08,0.0111743
-2.133475e-08,-0.00211748
-2.128475e-08,-0.0100816
-2.123475e-08,-0.01486
-2.118475e-08,-0.0142559
-2.113475e-08,-0.0062643
-2.108475e-08,0.00760421
-2.103475e-08,0.0193306
-2.098475e-08,0.0200447
-2.093475e-08,0.0205939
-2.088475e-08,0.024576
-2.083475e-08,0.0216924
-2.078475e-08,0.0138931
-2.073475e-08,0.00905971
-2.068475e-08,0.0137009
-2.063475e-08,0.0199074
-2.058475e-08,0.0185068
-2.053475e-08,0.0164196
-2.048475e-08,0.0160901
-2.043475e-08,0.0137283
-2.038475e-08,0.00774152
-2.033475e-08,0.00345739
-2.028475e-08,0.0052699
-2.023475e-08,0.00886748
-2.018475e-08,0.0104878
-2.013475e-08,0.0091421
-2.008475e-08,0.0100484
-2.003475e-08,0.0148268
-1.998475e-08,0.0136734
-1.993475e-08,0.0118609
-1.988475e-08,0.0172984
-1.983475e-08,0.0118883
-1.978475e-08,-0.00272165
-1.973475e-08,-0.0067037
-1.968475e-08,-0.00914785
-1.963475e-08,-0.0124433
-1.958475e-08,-0.00928516
-1.953475e-08,-0.006484
-1.948475e-08,-0.00230971
-1.943475e-08,-8.52608e-05
-1.938475e-08,-0.00736279
-1.933475e-08,-0.0129377
-1.928475e-08,-0.0151896
-1.923475e-08,-0.0220002
-1.918475e-08,-0.0249113
-1.913475e-08,-0.0171394
-1.908475e-08,-0.0102738
-1.903475e-08,-0.00826905
-1.898475e-08,-0.00533058
-1.893475e-08,-0.00623684
-1.888475e-08,-0.00500103
-1.883475e-08,0.00408902
-1.878475e-08,0.00864778
-1.873475e-08,0.0022765
-1.868475e-08,-0.0125532
-1.863475e-08,-0.0219728
-1.858475e-08,-0.02038
-1.853475e-08,-0.0216707
-1.848475e-08,-0.0260372
-1.843475e-08,-0.0290032
-1.838475e-08,-0.0297721
-1.833475e-08,-0.0273829
-1.828475e-08,-0.0260921
-1.823475e-08,-0.0224671
-1.818475e-08,-0.0121687
-1.813475e-08,-0.00126614
-1.808475e-08,0.0012604
-1.803475e-08,0.00139771
-1.798475e-08,0.0103504
-1.793475e-08,0.0182871
-1.788475e-08,0.0169414
-1.783475e-08,0.0144973
-1.778475e-08,0.0124101
-1.773475e-08,0.00982866
-1.768475e-08,0.0131791
-1.763475e-08,0.0141952
-1.758475e-08,0.00373201
-1.753475e-08,-0.000524659
-1.748475e-08,0.00807107
-1.743475e-08,0.00823584
-1.738475e-08,-0.00126614
-1.733475e-08,-0.00439686
-1.728475e-08,-0.00497357
-1.723475e-08,-0.00700578
-1.718475e-08,-0.00425954
-1.713475e-08,0.00386932
-1.708475e-08,0.0115863
-1.703475e-08,0.0098012
-1.698475e-08,0.00634094
-1.693475e-08,0.0119982
-1.688475e-08,0.0186715
-1.683475e-08,0.0218572
-1.678475e-08,0.0244387
-1.673475e-08,0.0221318
-1.668475e-08,0.0147719
-1.663475e-08,0.0137832
-1.658475e-08,0.0133438
-1.653475e-08,0.00925195
-1.648475e-08,0.0129594
-1.643475e-08,0.0136185
-1.638475e-08,0.00768659
-1.633475e-08,0.00862032
-1.628475e-08,0.0109272
-1.623475e-08,0.0038144
-1.618475e-08,-0.00763742
-1.613475e-08,-0.00689593
-1.608475e-08,0.000518912
-1.603475e-08,-0.0047264
-1.598475e-08,-0.0105759
-1.593475e-08,-0.00615445
-1.588475e-08,-0.00203509
-1.583475e-08,0.0029356
-1.578475e-08,0.011037
-1.573475e-08,0.0182871
-1.568475e-08,0.0209509
-1.563475e-08,0.0156232
-1.558475e-08,0.0125749
-1.553475e-08,0.0175181
-1.548475e-08,0.0161725
-1.543475e-08,0.0038144
-1.538475e-08,-0.00398492
-1.533475e-08,-0.00607206
-1.528475e-08,-0.00711563
-1.523475e-08,0.00318276
-1.518475e-08,0.00974627
-1.513475e-08,0.00197442
-1.508475e-08,0.00268844
-1.503475e-08,0.0118883
-1.498475e-08,0.0148817
-1.493475e-08,0.0130692
-1.488475e-08,0.0104328
-1.483475e-08,0.00807107
-1.478475e-08,0.0072472
-1.473475e-08,0.00760421
-1.468475e-08,0.00645079
-1.463475e-08,0.00606631
-1.458475e-08,0.00875763
-1.453475e-08,0.0125749
-1.448475e-08,0.0170238
-1.443475e-08,0.0162274
-1.438475e-08,0.00787883
-1.433475e-08,-0.00277657
-1.428475e-08,-0.0134594
-1.423475e-08,-0.0219179
-1.418475e-08,-0.0287011
-1.413475e-08,-0.0270533
-1.408475e-08,-0.0192265
-1.403475e-08,-0.0206546
-1.398475e-08,-0.0226044
-1.393475e-08,-0.0158487
-1.388475e-08,-0.0116744
-1.383475e-08,-0.0139812
-1.378475e-08,-0.0110428
-1.373475e-08,0.00150756
-1.368475e-08,0.00949911
-1.363475e-08,0.00829077
-1.358475e-08,0.00774152
-1.353475e-08,0.01252
-1.348475e-08,0.0158704
-1.343475e-08,0.00820838
-1.338475e-08,-0.00272165
-1.333475e-08,-0.00508342
-1.328475e-08,-0.00467148
-1.323475e-08,-0.0116469
-1.318475e-08,-0.0176612
-1.313475e-08,-0.00944993
-1.308475e-08,0.00106816
-1.303475e-08,-0.00382015
-1.298475e-08,-0.0149699
-1.293475e-08,-0.0173316
-1.288475e-08,-0.0150523
-1.283475e-08,-0.0121138
-1.278475e-08,-0.00505595
-1.273475e-08,0.00606631
-1.268475e-08,0.012163
-1.263475e-08,0.00785137
-1.258475e-08,0.00667049
-1.253475e-08,0.0102406
-1.248475e-08,0.00620363
-1.243475e-08,-0.00019511
-1.238475e-08,-0.00252941
-1.233475e-08,-0.00277657
-1.228475e-08,-0.0047264
-1.223475e-08,-0.00750011
-1.218475e-08,-0.00107391
-1.213475e-08,0.00623109
-1.208475e-08,0.0027159
-1.203475e-08,0.00208427
-1.198475e-08,0.0057093
-1.193475e-08,0.00288068
-1.188475e-08,-0.00170554
-1.183475e-08,-0.00760996
-1.178475e-08,-0.0153543
-1.173475e-08,-0.0165078
-1.168475e-08,-0.00826905
-1.163475e-08,0.00483051
-1.158475e-08,0.0150465
-1.153475e-08,0.0188089
-1.148475e-08,0.0189736
-1.143475e-08,0.0192757
-1.138475e-08,0.0213354
-1.133475e-08,0.0198524
-1.128475e-08,0.00922449
-1.123475e-08,0.00211173
-1.118475e-08,0.00886748
-1.113475e-08,0.0139755
-1.108475e-08,0.0135086
-1.103475e-08,0.0169414
-1.098475e-08,0.0168316
-1.093475e-08,0.010323
-1.088475e-08,0.0042538
-1.083475e-08,0.00233143
-1.078475e-08,0.00496782
-1.073475e-08,0.00820838
-1.068475e-08,0.0121355
-1.063475e-08,0.0123277
-1.058475e-08,0.00516006
-1.053475e-08,0.00689019
-1.048475e-08,0.0162274
-1.043475e-08,0.0127122
-1.038475e-08,0.00422633
-1.033475e-08,0.00238635
-1.028475e-08,0.00112308
-1.023475e-08,-0.00148584
-1.018475e-08,-0.00522073
-1.013475e-08,-0.00942247
-1.008475e-08,-0.0107956
-1.003475e-08,-0.0106308
-9.984746e-09,-0.0129377
-9.934746e-09,-0.0120039
-9.884746e-09,-0.00552281
-9.834746e-09,-0.00587982
-9.784746e-09,-0.0117842
-9.734746e-09,-0.0144756
-9.684746e-09,-0.0139538
-9.634746e-09,-0.00777473
-9.584746e-09,-0.00285896
-9.534746e-09,-0.00752757
-9.484746e-09,-0.00912039
-9.434746e-09,0.000903385
-9.384746e-09,0.0035947
-9.334746e-09,-0.00285896
-9.284746e-09,0.00202934
-9.234746e-09,-8.52608e-05
-9.184746e-09,-0.021451
-9.134746e-09,-0.0306784
-9.084746e-09,-0.0246641
-9.034746e-09,-0.0224671
-8.984746e-09,-0.0198307
-8.934746e-09,-0.0147776
-8.884746e-09,-0.015629
-8.834746e-09,-0.0128827
-8.784746e-09,0.00158994
-8.734746e-09,0.00941673
-8.684746e-09,0.00472066
-8.634746e-09,0.00999344
-8.584746e-09,0.0231754
-8.534746e-09,0.0210333
-8.484746e-09,0.0174083
-8.434746e-09,0.0191659
-8.384746e-09,0.0072472
-8.334746e-09,-0.00294135
-8.284746e-09,-0.00706071
-8.234746e-09,-0.0188421
-8.184746e-09,-0.021451
-8.134746e-09,-0.0166725
-8.084746e-09,-0.0186773
-8.034746e-09,-0.0153818
-7.984746e-09,-0.0103287
-7.934746e-09,-0.00983441
-7.884746e-09,-0.0058249
-7.834746e-09,-0.000716896
-7.784746e-09,0.00584661
-7.734746e-09,0.0120531
-7.684746e-09,0.016145
-7.634746e-09,0.0191109
-7.584746e-09,0.013591
-7.534746e-09,0.00628601
-7.484746e-09,0.00532483
-7.434746e-09,0.0082633
-7.384746e-09,0.0123827
-7.334746e-09,0.0116412
-7.284746e-09,0.0171337
-7.234746e-09,0.0331717
-7.184746e-09,0.0340779
-7.134746e-09,0.0228733
-7.084746e-09,0.0202918
-7.034746e-09,0.0165844
-6.984746e-09,0.00713735
-6.934746e-09,0.00400663
-6.884746e-09,0.00955404
-6.834746e-09,0.0189462
-6.784746e-09,0.0247957
-6.734746e-09,0.0177104
-6.684746e-09,0.00620363
-6.634746e-09,0.00908718
-6.584746e-09,0.0173808
-6.534746e-09,0.0182047
-6.484746e-09,0.022022
-6.434746e-09,0.0281186
-6.384746e-09,0.0233402
-6.334746e-09,0.0156781
-6.284746e-09,0.0176829
-6.234746e-09,0.0185617
-6.184746e-09,0.00938926
-6.134746e-09,-0.00167808
-6.084746e-09,-0.010164
-6.034746e-09,-0.0133221
-5.984746e-09,-0.00999918
-5.934746e-09,-0.00673116
-5.884746e-09,-0.0047264
-5.834746e-09,-0.00412223
-5.784746e-09,-0.00110137
-5.734746e-09,0.00969135
-5.684746e-09,0.016145
-5.634746e-09,0.0105152
-5.584746e-09,0.00455588
-5.534746e-09,0.00837315
-5.484746e-09,0.0115588
-5.434746e-09,0.00529737
-5.384746e-09,0.00603885
-5.334746e-09,0.0115039
-5.284746e-09,0.00639586
-5.234746e-09,0.00252367
-5.184746e-09,0.00617616
-5.134746e-09,0.0111469
-5.084746e-09,0.0220769
-5.034746e-09,0.0338308
-4.984746e-09,0.0275968
-4.934746e-09,0.00974627
-4.884746e-09,0.00796122
-4.834746e-09,0.0193032
-4.784746e-09,0.0134262
-4.734746e-09,-0.00618191
-4.684746e-09,-0.0163705
-4.634746e-09,-0.0212588
-4.584746e-09,-0.0219453
-4.534746e-09,-0.0143932
-4.484746e-09,-0.0128278
-4.434746e-09,-0.0201603
-4.384746e-09,-0.0247739
-4.334746e-09,-0.0183477
-4.284746e-09,-0.00678608
-4.234746e-09,-0.00826905
-4.184746e-09,-0.0128003
-4.134746e-09,-0.00568759
-4.084746e-09,-0.00252941
-4.034746e-09,-0.0081592
-3.984746e-09,-0.0109604
-3.934746e-09,-0.0118666
-3.884746e-09,-0.015629
-3.834746e-09,-0.0163155
-3.784746e-09,-0.012663
-3.734746e-09,-0.00598967
-3.684746e-09,0.00573677
-3.634746e-09,0.0128221
-3.584746e-09,0.00916956
-3.534746e-09,0.00186457
-3.484746e-09,-0.00530311
-3.434746e-09,-0.00854368
-3.384746e-09,-0.00447924
-3.334746e-09,-0.00165062
-3.284746e-09,-0.00310612
-3.234746e-09,0.00164487
-3.184746e-09,0.0095815
-3.134746e-09,0.00991105
-3.084746e-09,0.00999344
-3.034746e-09,0.0115863
-2.984746e-09,0.00557199
-2.934746e-09,0.00117801
-2.884746e-09,-0.00088167
-2.834746e-09,-0.00923024
-2.784746e-09,-0.0102463
-2.734746e-09,-0.000332422
-2.684746e-09,0.00727466
-2.634746e-09,0.00474812
-2.584746e-09,-0.00294135
-2.534746e-09,0.00353977
-2.484746e-09,0.0134262
-2.434746e-09,0.0074669
-2.384746e-09,0.00853793
-2.334746e-09,0.019413
-2.284746e-09,0.0177104
-2.234746e-09,0.00787883
-2.184746e-09,0.00233143
-2.134746e-09,0.00235889
-2.084746e-09,0.00106816
-2.034746e-09,-0.00360045
-1.984746e-09,-0.00912039
-1.934746e-09,-0.0163705
-1.884746e-09,-0.0138439
-1.834746e-09,0.00458335
-1.784746e-09,0.0222691
-1.734746e-09,0.0308648
-1.684746e-09,0.0304255
-1.634746e-09,0.0240816
-1.584746e-09,0.0207038
-1.534746e-09,0.0110095
-1.484746e-09,-0.00656638
-1.434746e-09,-0.0126905
-1.384746e-09,-0.0121412
-1.334746e-09,-0.0123609
-1.284746e-09,-0.00123868
-1.234746e-09,0.0098012
-1.184746e-09,0.0106251
-1.134746e-09,0.0178751
-1.084746e-09,0.0218572
-1.034746e-09,0.0109546
-9.847458e-10,0.00389679
-9.347458e-10,0.00417141
-8.847458e-10,0.00310038
-8.347458e-10,0.00296306
-7.847458e-10,0.00455588
-7.347458e-10,0.00419887
-6.847458e-10,0.00310038
-6.347458e-10,-0.000579584
-5.847458e-10,-0.009038
-5.347458e-10,-0.0079395
-4.847458e-10,0.00202934
-4.347458e-10,-0.00156823
-3.847458e-10,-0.0142284
-3.347458e-10,-0.0154642
-2.847458e-10,-0.00695086
-2.347458e-10,0.0027159
-1.847458e-10,0.0174632
-1.347458e-10,0.0394606
-8.474579e-11,0.0687904
-3.474579e-11,0.112758
1.525421e-11,0.171088
6.525421e-11,0.241144
1.152542e-10,0.31219
1.652542e-10,0.36684
2.152542e-10,0.408555
2.652542e-10,0.431294
3.152542e-10,0.421655
3.652542e-10,0.389084
4.152542e-10,0.334544
4.652542e-10,0.257732
5.152542e-10,0.184435
5.652542e-10,0.134123
6.152542e-10,0.105178
6.652542e-10,0.0952916
7.152542e-10,0.0946874
7.652542e-10,0.0900463
8.152542e-10,0.0790339
8.652542e-10,0.0610186
9.152542e-10,0.0433053
9.652542e-10,0.0331168
1.015254e-09,0.0266631
1.065254e-09,0.0233402
1.115254e-09,0.0270476
1.165254e-09,0.0390761
1.215254e-09,0.0528897
1.265254e-09,0.0607439
1.315254e-09,0.0598651
1.365254e-09,0.0475345
1.415254e-09,0.0268279
1.465254e-09,0.0161175
1.515254e-09,0.0181223
1.565254e-09,0.0147994
1.615254e-09,0.00982866
1.665254e-09,0.0118609
1.715254e-09,0.0137832
1.765254e-09,0.0113391
1.815254e-09,0.00664302
1.865254e-09,0.000683686
1.915254e-09,-0.00192524
1.965254e-09,0.00340246
2.015254e-09,0.00840062
2.065254e-09,0.00623109
2.115254e-09,-0.00192524
2.165254e-09,-0.00988933
2.215254e-09,-0.0154367
2.265254e-09,-0.0171669
2.315254e-09,-0.00631922
2.365254e-09,0.00516006
2.415254e-09,0.00543468
2.465254e-09,0.00455588
2.515254e-09,0.00277083
2.565254e-09,-0.00228225
2.615254e-09,-0.00296881
2.665254e-09,0.00115055
2.715254e-09,-0.0019527
2.765254e-09,-0.0139812
2.815254e-09,-0.0219179
2.865254e-09,-0.0188421
2.915254e-09,-0.00931262
2.965254e-09,-0.00500103
3.015254e-09,-0.00728041
3.065254e-09,-0.00634669
3.115254e-09,0.0003816
3.165254e-09,0.00642333
3.215254e-09,0.0123827
3.265254e-09,0.0218023
3.315254e-09,0.0231754
3.365254e-09,0.013591
3.415254e-09,0.00667049
3.465254e-09,0.00230397
3.515254e-09,-0.00664877
3.565254e-09,-0.0155466
3.615254e-09,-0.0193913
3.665254e-09,-0.0174964
3.715254e-09,-0.0118117
3.765254e-09,-0.0108505
3.815254e-09,-0.0140362
3.865254e-09,-0.0126081
3.915254e-09,-0.0129651
3.965254e-09,-0.0148051
4.015254e-09,-0.00739026
4.065254e-09,0.00230397
4.115254e-09,0.00919703
4.165254e-09,0.0151289
4.215254e-09,0.0171886
4.265254e-09,0.0161175
4.315254e-09,0.00927941
4.365254e-09,0.0029356
4.415254e-09,0.00944419
4.465254e-09,0.0127671
4.515254e-09,0.00414395
4.565254e-09,-0.0023921
4.615254e-09,-0.00675862
4.665254e-09,-0.00944993
4.715254e-09,-0.0101365
4.765254e-09,-0.0142833
4.815254e-09,-0.0183752
4.865254e-09,-0.0140636
4.915254e-09,-0.000826745
4.965254e-09,0.0087027
5.015254e-09,0.00988359
5.065254e-09,0.00971881
5.115254e-09,0.00529737
5.165254e-09,-0.00420462
5.215254e-09,-0.00755503
5.265254e-09,-0.00686847
5.315254e-09,-0.0146129
5.365254e-09,-0.0215883
5.415254e-09,-0.0151346
5.465254e-09,-0.00126614
5.515254e-09,0.0117236
5.565254e-09,0.0177104
5.615254e-09,0.0136185
5.665254e-09,0.00463827
5.715254e-09,-0.000964057
5.765254e-09,-0.00181539
5.815254e-09,-0.00527565
5.865254e-09,-0.00703324
5.915254e-09,0.00139771
5.965254e-09,0.00842808
6.015254e-09,0.00834569
6.065254e-09,0.00829077
6.115254e-09,0.00455588
6.165254e-09,-0.00332582
6.215254e-09,-0.00884576
6.265254e-09,-0.0107956
6.315254e-09,-0.0102189
6.365254e-09,-0.00997172
6.415254e-09,-0.0124159
6.465254e-09,-0.0183203
6.515254e-09,-0.0165627
6.565254e-09,-0.000469734
6.615254e-09,0.0063684
6.665254e-09,-0.00469894
6.715254e-09,-0.0143657
6.765254e-09,-0.0143108
6.815254e-09,-0.0115371
6.865254e-09,-0.0121962
6.915254e-09,-0.00950486
6.965254e-09,-0.0101914
7.015254e-09,-0.0222749
7.065254e-09,-0.0241148
7.115254e-09,-0.017771
7.165254e-09,-0.0168099
7.215254e-09,-0.0121412
7.265254e-09,-0.0116195
7.315254e-09,-0.0148875
7.365254e-09,-0.00961471
7.415254e-09,-0.00857114
7.465254e-09,-0.0126081
7.515254e-09,-0.00890069
7.565254e-09,0.00296306
7.615254e-09,0.0137832
7.665254e-09,0.0123552
7.715254e-09,0.0120257
7.765254e-09,0.0208136
7.815254e-09,0.019413
7.865254e-09,0.0133438
7.915254e-09,0.011394
7.965254e-09,0.000326675
8.015254e-09,-0.0103562
8.065254e-09,-0.0126081
8.115254e-09,-0.0181555
8.165254e-09,-0.0194737
8.215254e-09,-0.00961471
8.265254e-09,0.00117801
8.315254e-09,0.00406156
8.365254e-09,-0.000250035
8.415254e-09,7.95135e-05
8.465254e-09,0.00691765
8.515254e-09,0.00897733
8.565254e-09,0.003375
8.615254e-09,0.00255113
8.665254e-09,0.0106525
8.715254e-09,0.0134537
8.765254e-09,0.0117236
8.815254e-09,0.0105152
8.865254e-09,0.000161901
8.915254e-09,-0.0116469
8.965254e-09,-0.00832398
9.015254e-09,-0.00126614
9.065254e-09,-0.00368283
9.115254e-09,-0.00936755
9.165254e-09,-0.00747264
9.215254e-09,0.00801614
9.265254e-09,0.0202369
9.315254e-09,0.0148543
9.365254e-09,0.000601299
9.415254e-09,-0.0183477
9.465254e-09,-0.037132
9.515254e-09,-0.0424872
9.565254e-09,-0.0352646
9.615254e-09,-0.0299643
9.665254e-09,-0.0328479
9.715254e-09,-0.0361159
9.765254e-09,-0.030239
9.815254e-09,-0.0191716
9.865254e-09,-0.0118666
9.915254e-09,-0.00898307
9.965254e-09,-0.00785712
1.001525e-08,-0.0092577
1.006525e-08,-0.0107132
1.011525e-08,-0.00667623
1.016525e-08,-0.00744518
1.021525e-08,-0.0171669
1.026525e-08,-0.0194737
1.031525e-08,-0.0134594
1.036525e-08,-0.0067037
1.041525e-08,0.00260605
1.046525e-08,0.0113116
1.051525e-08,0.0178202
1.056525e-08,0.0242464
1.061525e-08,0.0194405
1.066525e-08,0.00145263
1.071525e-08,-0.00750011
1.076525e-08,-0.00571505
1.081525e-08,-0.00656638
1.086525e-08,-0.00140346
1.091525e-08,0.0105152
1.096525e-08,0.0170787
1.101525e-08,0.0180399
1.106525e-08,0.0124925
1.111525e-08,0.00752182
1.116525e-08,0.011394
1.121525e-08,0.0126573
1.126525e-08,0.0102406
1.131525e-08,0.0129044
1.136525e-08,0.0178751
1.141525e-08,0.0188363
1.146525e-08,0.0156781
1.151525e-08,0.0141128
1.156525e-08,0.0113391
1.161525e-08,0.00678034
1.166525e-08,0.00944419
1.171525e-08,0.0109546
1.176525e-08,-0.000552121
1.181525e-08,-0.006484
1.186525e-08,0.00458335
1.191525e-08,0.0116412
1.196525e-08,0.0093618
1.201525e-08,0.0065881
1.206525e-08,0.00282575
1.211525e-08,0.00411648
1.216525e-08,0.00730212
1.221525e-08,0.00521498
1.226525e-08,0.00307291
1.231525e-08,0.000628761
1.236525e-08,-0.00112883
1.241525e-08,-0.00321597
1.246525e-08,-0.00703324
1.251525e-08,-0.00681355
1.256525e-08,-0.00607206
1.261525e-08,-0.00505595
1.266525e-08,-0.000112723
1.271525e-08,0.00189203
1.276525e-08,-0.00373776
1.281525e-08,-0.00700578
1.286525e-08,0.00246874
1.291525e-08,0.011037
1.296525e-08,0.00683526
1.301525e-08,0.00095831
1.306525e-08,-0.00203509
1.311525e-08,-0.00412223
1.316525e-08,-0.0023921
1.321525e-08,-0.0026118
1.326525e-08,-0.00689593
1.331525e-08,-0.00717056
1.336525e-08,-0.00502849
1.341525e-08,-0.00379268
1.346525e-08,-0.00346313
1.351525e-08,-0.00395746
1.356525e-08,-0.000607046
1.361525e-08,-0.000607046
1.366525e-08,-0.00944993
1.371525e-08,-0.0118117
1.376525e-08,-0.00824159
1.381525e-08,-0.0131299
1.386525e-08,-0.0177436
1.391525e-08,-0.0194188
1.396525e-08,-0.0270259
1.401525e-08,-0.0255978
1.406525e-08,-0.00802189
1.411525e-08,0.00705496
1.416525e-08,0.0112018
1.421525e-08,0.0113116
1.426525e-08,0.0091421
1.431525e-08,0.0054896
1.436525e-08,0.00774152
1.441525e-08,0.0183145
1.446525e-08,0.0247407
1.451525e-08,0.0137283
1.456525e-08,-0.00156823
1.461525e-08,-0.00623684
1.466525e-08,-0.00675862
1.471525e-08,-0.00568759
1.476525e-08,-0.00362791
1.481525e-08,-0.00145838
1.486525e-08,0.00617616
1.491525e-08,0.0157056
1.496525e-08,0.0191659
1.501525e-08,0.0175731
1.506525e-08,0.0158978
1.511525e-08,0.0130143
1.516525e-08,0.0042538
1.521525e-08,-0.00549535
1.526525e-08,-0.00681355
1.531525e-08,-0.00450671
1.536525e-08,-0.0060446
1.541525e-08,-0.00620937
1.546525e-08,-0.00332582
1.551525e-08,0.00573677
1.556525e-08,0.0183145
1.561525e-08,0.0174632
1.566525e-08,0.011394
1.571525e-08,0.0156507
1.576525e-08,0.0237246
1.581525e-08,0.0266631
1.586525e-08,0.0224614
1.591525e-08,0.0205665
1.596525e-08,0.0232303
1.601525e-08,0.0209784
1.606525e-08,0.0134262
1.611525e-08,0.00796122
1.616525e-08,0.00955404
1.621525e-08,0.00884002
1.626525e-08,0.000161901
1.631525e-08,-0.00241956
1.636525e-08,0.00172726
1.641525e-08,-0.00233718
1.646525e-08,-0.0102738
1.651525e-08,-0.00950486
1.656525e-08,-0.00681355
1.661525e-08,-0.0105759
1.666525e-08,-0.0122786
1.671525e-08,-0.00966963
1.676525e-08,-0.0159585
1.681525e-08,-0.0256802
1.686525e-08,-0.0237029
1.691525e-08,-0.0171119
1.696525e-08,-0.0109329
1.701525e-08,-0.00557774
1.706525e-08,-0.000250035
1.711525e-08,0.0147444
1.716525e-08,0.0268279
1.721525e-08,0.0260315
1.726525e-08,0.0282834
1.731525e-08,0.0280911
1.736525e-08,0.0153761
1.741525e-08,0.00584661
1.746525e-08,0.00576423
1.751525e-08,0.00851047
1.756525e-08,0.0122728
1.761525e-08,0.0107075
1.766525e-08,0.00145263
1.771525e-08,-0.00318851
1.776525e-08,-0.000497197
1.781525e-08,0.000189363
1.786525e-08,-0.00360045
1.791525e-08,-0.00527565
1.796525e-08,0.000738611
1.801525e-08,0.00219412
1.806525e-08,-0.00368283
1.811525e-08,0.00263352
1.816525e-08,0.0141677
1.821525e-08,0.012163
1.826525e-08,0.00683526
1.831525e-08,0.00716481
1.836525e-08,0.0040341
1.841525e-08,0.000409062
1.846525e-08,0.00329261
1.851525e-08,0.00134278
1.856525e-08,-0.00645653
1.861525e-08,-0.00750011
1.866525e-08,-0.00382015
1.871525e-08,-0.0058249
1.876525e-08,-0.00865353
1.881525e-08,0.000875923
1.886525e-08,0.0123277
1.891525e-08,0.013234
1.896525e-08,0.00963642
1.901525e-08,0.00310038
1.906525e-08,-0.00291389
1.911525e-08,-0.0026118
1.916525e-08,0.00334754
1.921525e-08,0.00815346
1.926525e-08,0.0010407
1.931525e-08,-0.0109054
1.936525e-08,-0.0135418
1.941525e-08,-0.0122236
1.946525e-08,-0.0151346
1.951525e-08,-0.013432
1.956525e-08,-0.000771821
1.961525e-08,0.00873017
1.966525e-08,0.0120531
1.971525e-08,0.0182322
1.976525e-08,0.0232852
1.981525e-08,0.0221318
1.986525e-08,0.0162823
1.991525e-08,0.0131241
1.996525e-08,0.0134537
2.001525e-08,0.0137009
2.006525e-08,0.0158704
2.011525e-08,0.014717
2.016525e-08,0.0112567
2.021525e-08,0.0120531
2.026525e-08,0.0119433
2.031525e-08,0.0102406
2.036525e-08,0.00277083
2.041525e-08,-0.012306
2.046525e-08,-0.0171394
2.051525e-08,-0.0127729
2.056525e-08,-0.0147502
2.061525e-08,-0.0146678
2.066525e-08,-0.00395746
2.071525e-08,0.00194696
2.076525e-08,-0.00689593
2.081525e-08,-0.0128003
2.086525e-08,-0.00343567
2.091525e-08,0.00661556
2.096525e-08,0.00944419
2.101525e-08,0.0137009
2.106525e-08,0.0163098
2.111525e-08,0.00941673
2.116525e-08,-0.00107391
2.121525e-08,-0.00980695
2.126525e-08,-0.0117842
2.131525e-08,-0.00675862
2.136525e-08,-0.00697832
2.141525e-08,-0.0121687
2.146525e-08,-0.0146403
2.151525e-08,-0.0127454
2.156525e-08,-0.0132672
2.161525e-08,-0.0200779
2.166525e-08,-0.0189519
2.171525e-08,-0.0116469
2.176525e-08,-0.00829651
2.181525e-08,-0.00118376
2.186525e-08,0.00507767
2.191525e-08,0.00809853
2.196525e-08,0.0132889
2.201525e-08,0.0068078
2.206525e-08,-0.00338075
2.211525e-08,-0.000716896
2.216525e-08,-0.00642907
2.221525e-08,-0.0177436
2.226525e-08,-0.0133771
2.231525e-08,-0.0110153
2.236525e-08,-0.0136791
2.241525e-08,-0.00653892
2.246525e-08,-0.0028315
2.251525e-08,-0.00755503
2.256525e-08,-0.0116195
2.261525e-08,-0.015629
2.266525e-08,-0.0165902
2.271525e-08,-0.0077198
2.276525e-08,0.00911464
2.281525e-08,0.0173259
2.286525e-08,0.01068
2.291525e-08,0.00219412
2.296525e-08,-0.00870845
2.301525e-08,-0.0176337
2.306525e-08,-0.0103013
2.311525e-08,-0.000716896
2.316525e-08,-0.000442272
2.321525e-08,0.0027159
2.326525e-08,0.0118334
2.331525e-08,0.0240267
2.336525e-08,0.0312219
2.341525e-08,0.0219945
2.346525e-08,0.00881255
2.351525e-08,0.00213919
2.356525e-08,-0.00689593
2.361525e-08,-0.0135968
2.366525e-08,-0.00994426
2.371525e-08,-0.000250035
2.376525e-08,0.0123827
2.381525e-08,0.0188638
2.386525e-08,0.00952657
2.391525e-08,-0.00376522
2.396525e-08,-0.00417716
2.401525e-08,-0.00269419
2.406525e-08,-0.0107132
2.411525e-08,-0.0109054
2.416525e-08,0.00156248
2.421525e-08,0.0105427
2.426525e-08,0.012108
2.431525e-08,0.0165844
2.436525e-08,0.0221593
2.441525e-08,0.0114489
2.446525e-08,-0.00354552
2.451525e-08,-0.00354552
2.456525e-08,-0.000387347
2.461525e-08,0.00112308
2.466525e-08,0.00461081
2.471525e-08,0.0072472
2.476525e-08,0.012163
2.481525e-08,0.0181223
2.486525e-08,0.0196602
2.491525e-08,0.0126024
2.496525e-08,0.00115055
2.501525e-08,0.000683686
2.506525e-08,0.00645079
2.511525e-08,0.00529737
2.516525e-08,0.00137025
2.521525e-08,-0.00475387
2.526525e-08,-0.0122511
2.531525e-08,-0.0115645
2.536525e-08,-0.00332582
2.541525e-08,0.0038144
2.546525e-08,0.00310038
2.551525e-08,-0.00453417
2.556525e-08,-0.00269419
2.561525e-08,0.00455588
2.566525e-08,-0.00019511
2.571525e-08,-0.00519326
2.576525e-08,-0.00340821
2.581525e-08,0.0022765
2.586525e-08,0.00812599
2.591525e-08,0.00543468
2.596525e-08,0.00158994
2.601525e-08,0.000628761
2.606525e-08,-0.0047264
2.611525e-08,-0.0164803
2.616525e-08,-0.0241698
2.621525e-08,-0.0182104
2.626525e-08,-0.00906546
2.631525e-08,-0.00511088
2.636525e-08,-0.00447924
2.641525e-08,0.00194696
2.646525e-08,0.0135635
2.651525e-08,0.011751
2.656525e-08,7.95135e-05
2.661525e-08,-0.00667623
2.666525e-08,-0.00958725
2.671525e-08,-0.0115371
2.676525e-08,-0.0110153
2.681525e-08,-0.00939501
2.686525e-08,-0.0110428
2.691525e-08,-0.0117842
2.696525e-08,-0.0124159
2.701525e-08,-0.0187871
2.706525e-08,-0.0223573
2.711525e-08,-0.0137066
2.716525e-08,0.000930848
2.721525e-08,0.00705496
2.726525e-08,0.00543468
2.731525e-08,0.00158994
2.736525e-08,-0.00497357
2.741525e-08,-0.00700578
2.746525e-08,-0.00728041
2.751525e-08,-0.0129102
2.756525e-08,-0.0202976
2.761525e-08,-0.0267512
2.766525e-08,-0.0293052
2.771525e-08,-0.032793
2.776525e-08,-0.0377911
2.781525e-08,-0.0347703
2.786525e-08,-0.027273
2.791525e-08,-0.0248014
2.796525e-08,-0.0291954
2.801525e-08,-0.0261745
2.806525e-08,-0.0100266
2.811525e-08,-0.00030496
2.816525e-08,-0.00225479
2.821525e-08,-0.00755503
2.826525e-08,-0.0106308
2.831525e-08,-0.00664877
2.836525e-08,-0.00428701
2.841525e-08,-0.00555028
2.846525e-08,-0.0037103
2.851525e-08,-0.00675862
2.856525e-08,-0.0124708
2.861525e-08,-0.00747264
2.866525e-08,-5.77984e-05
2.871525e-08,-0.00656638
2.876525e-08,-0.0181006
2.881525e-08,-0.021451
2.886525e-08,-0.0205722
2.891525e-08,-0.0136242
2.896525e-08,-0.00546789
2.901525e-08,-0.0053855
2.906525e-08,-0.00209002
2.911525e-08,0.00469319
2.916525e-08,-0.00162315
2.921525e-08,-0.0162881
2.926525e-08,-0.0183752
2.931525e-08,-0.00917531
2.936525e-08,-0.00813174
2.941525e-08,-0.0109054
2.946525e-08,0.00274337
2.951525e-08,0.0204017
2.956525e-08,0.0195503
2.961525e-08,0.0125474
2.966525e-08,0.0109546
2.971525e-08,0.00820838
2.976525e-08,0.00546214
2.981525e-08,0.00255113
2.986525e-08,0.00257859
2.991525e-08,0.00853793
2.996525e-08,0.00760421
3.001525e-08,-0.000414809
3.006525e-08,-0.00274911
3.011525e-08,0.00754928
3.016525e-08,0.024164
3.021525e-08,0.0264709
3.026525e-08,0.0171337
3.031525e-08,0.0174907
3.036525e-08,0.0214453
3.041525e-08,0.014305
3.046525e-08,0.00540722
3.051525e-08,0.00219412
3.056525e-08,-0.00555028
3.061525e-08,-0.0136242
3.066525e-08,-0.0144481
3.071525e-08,-0.0154642
3.076525e-08,-0.0120589
3.081525e-08,-0.00700578
3.086525e-08,-0.00557774
3.091525e-08,0.000601299
3.096525e-08,-0.00126614
3.101525e-08,-0.0120039
3.106525e-08,-0.0111526
3.111525e-08,-0.00807682
3.116525e-08,-0.0146129
3.121525e-08,-0.0213137
3.126525e-08,-0.0262844
3.131525e-08,-0.0286736
3.136525e-08,-0.0195286
3.141525e-08,-0.00296881
3.146525e-08,0.00760421
3.151525e-08,0.0113666
3.156525e-08,0.0135635
3.161525e-08,0.0132615
3.166525e-08,0.011806
3.171525e-08,0.00735705
3.176525e-08,0.000134438
3.181525e-08,0.000299213
3.186525e-08,0.00364962
3.191525e-08,0.00436365
3.196525e-08,0.00842808
3.201525e-08,0.0145797
3.206525e-08,0.0149367
3.211525e-08,0.0129868
3.216525e-08,0.0134537
3.221525e-08,0.0065881
3.226525e-08,-0.00316105
3.231525e-08,-0.00576998
3.236525e-08,-0.00623684
3.241525e-08,-0.00752757
3.246525e-08,-0.0141185
3.251525e-08,-0.0208743
3.256525e-08,-0.0154093
3.261525e-08,-0.00579744
3.266525e-08,-0.000826745
3.271525e-08,0.00598393
3.276525e-08,0.0144149
3.281525e-08,0.012877
3.286525e-08,0.00208427
3.291525e-08,-0.00486372
3.296525e-08,-0.00873591
3.301525e-08,-0.0140636
3.306525e-08,-0.0160134
3.311525e-08,-0.0133771
3.316525e-08,-0.00813174
3.321525e-08,-0.0053855
3.326525e-08,-0.0104111
3.331525e-08,-0.0127729
3.336525e-08,-0.00997172
3.341525e-08,-0.0117293
3.346525e-08,-0.0125806
3.351525e-08,-0.0118941
3.356525e-08,-0.0120039
3.361525e-08,-0.00785712
3.366525e-08,-0.0053855
3.371525e-08,-0.00500103
3.376525e-08,-0.000469734
3.381525e-08,0.00274337
3.386525e-08,0.00211173
3.391525e-08,0.003375
3.396525e-08,0.0113391
3.401525e-08,0.0204841
3.406525e-08,0.0232852
3.411525e-08,0.0234775
3.416525e-08,0.0153211
3.421525e-08,-0.00129361
3.426525e-08,-0.00909292
3.431525e-08,-0.0114822
3.436525e-08,-0.0199406
3.441525e-08,-0.0291679
3.446525e-08,-0.0284539
3.451525e-08,-0.0131299
3.456525e-08,0.00859285
3.461525e-08,0.022379
3.466525e-08,0.0243837
3.471525e-08,0.0273497
3.476525e-08,0.034023
3.481525e-08,0.0285031
3.486525e-08,0.0187539
3.491525e-08,0.0199897
3.496525e-08,0.0177653
3.501525e-08,0.00809853
3.506525e-08,0.00224904
3.511525e-08,-0.00730787
3.516525e-08,-0.0159311
3.521525e-08,-0.00755503
3.526525e-08,0.0029356
3.531525e-08,0.00400663
3.536525e-08,0.00213919
3.541525e-08,-0.00137599
3.546525e-08,0.00180964
3.551525e-08,0.00546214
3.556525e-08,-0.000909132
3.561525e-08,-0.00401238
3.566525e-08,-0.00802189
3.571525e-08,-0.0176887
3.576525e-08,-0.0182379
3.581525e-08,-0.0154917
3.586525e-08,-0.0146678
3.591525e-08,-0.00461655
3.596525e-08,0.0114764
3.601525e-08,0.0221593
3.606525e-08,0.0266082
3.611525e-08,0.0299861
3.616525e-08,0.0249055
3.621525e-08,0.0065881
3.626525e-08,-0.0053855
3.631525e-08,-0.00697832
3.636525e-08,-0.0109054
3.641525e-08,-0.0104111
3.646525e-08,-0.00332582
3.651525e-08,0.000518912
3.656525e-08,0.00290814
3.661525e-08,0.00675287
3.666525e-08,0.00419887
3.671525e-08,-0.00475387
3.676525e-08,-0.00758249
3.681525e-08,-0.00796697
3.686525e-08,-0.0119215
3.691525e-08,-0.00483625
3.696525e-08,0.00787883
3.701525e-08,2.45887e-05
3.706525e-08,-0.0142009
3.711525e-08,-0.011592
3.716525e-08,-0.014915
3.721525e-08,-0.0258999
3.726525e-08,-0.022879
3.731525e-08,-0.0157388
3.736525e-08,-0.00934009
3.741525e-08,-0.0077198
3.746525e-08,-0.0186773
3.751525e-08,-0.0213961
3.756525e-08,-0.00818667
3.761525e-08,0.00194696
3.766525e-08,0.0024962
3.771525e-08,-0.00112883
3.776525e-08,-0.00230971
3.781525e-08,-0.000222573
3.786525e-08,0.00167233
3.791525e-08,0.000738611
3.796525e-08,-0.00645653
3.801525e-08,-0.00912039
3.806525e-08,-0.00409477
3.811525e-08,-0.00804935
3.816525e-08,-0.0186773
3.821525e-08,-0.0215334
3.826525e-08,-0.0168099
3.831525e-08,-0.0166176
3.836525e-08,-0.0241972
3.841525e-08,-0.0263118
3.846525e-08,-0.0226868
3.851525e-08,-0.0273279
3.856525e-08,-0.0368849
3.861525e-08,-0.0313649
3.866525e-08,-0.0132947
3.871525e-08,-0.00321597
3.876525e-08,-0.00104644
3.881525e-08,-0.00126614
3.886525e-08,-0.00198017
3.891525e-08,-0.00019511
3.896525e-08,-0.00373776
3.901525e-08,-0.00821413
3.906525e-08,-0.00211748
3.911525e-08,0.00540722
3.916525e-08,0.00516006
3.921525e-08,0.00595646
3.926525e-08,0.0128221
3.931525e-08,0.016145
3.936525e-08,0.0108997
3.941525e-08,-0.00898307
3.946525e-08,-0.0370771
3.951525e-08,-0.0435582
3.956525e-08,-0.0295799
3.961525e-08,-0.0211764
3.966525e-08,-0.0193364
3.971525e-08,-0.0124708
3.976525e-08,-0.000222573
3.981525e-08,0.00650571
3.986525e-08,0.0093618
3.991525e-08,0.0176829
3.996525e-08,0.0201271
4.001525e-08,0.0155134
4.006525e-08,0.0140579
4.011525e-08,0.00625855
4.016525e-08,-0.0037103
4.021525e-08,-0.00099152
4.026525e-08,0.00323769
4.031525e-08,0.00279829
4.036525e-08,0.00763167
4.041525e-08,0.0140579
4.046525e-08,0.017216
4.051525e-08,0.0241366
4.056525e-08,0.031112
4.061525e-08,0.0274321
4.066525e-08,0.0208685
4.071525e-08,0.0203742
4.076525e-08,0.0190011
4.081525e-08,0.013948
4.086525e-08,0.0131791
4.091525e-08,0.0190011
4.096525e-08,0.0193856
4.101525e-08,0.0113116
4.106525e-08,0.00919703
4.111525e-08,0.0115863
4.116525e-08,0.00765913
4.121525e-08,0.00175472
4.126525e-08,0.00386932
4.131525e-08,0.012163
4.136525e-08,0.0144973
4.141525e-08,0.0165295
4.146525e-08,0.0212805
4.151525e-08,0.0120257
4.156525e-08,-0.00225479
4.161525e-08,-0.00623684
4.166525e-08,-0.00791204
4.171525e-08,-0.00766488
4.176525e-08,0.00312784
4.181525e-08,0.0192483
4.186525e-08,0.0238894
4.191525e-08,0.0197426
4.196525e-08,0.0212256
4.201525e-08,0.0244112
4.206525e-08,0.0168041
4.211525e-08,-0.0019527
4.216525e-08,-0.0147502
4.221525e-08,-0.0113998
4.226525e-08,0.00183711
4.231525e-08,0.0114764
4.236525e-08,0.0082633
4.241525e-08,-0.00019511
4.246525e-08,-0.00818667
4.251525e-08,-0.0139263
4.256525e-08,-0.01302
4.261525e-08,-0.01302
4.266525e-08,-0.0182654
4.271525e-08,-0.017414
4.276525e-08,-0.0122236
4.281525e-08,-0.0167824
4.286525e-08,-0.0248563
4.291525e-08,-0.0230987
4.296525e-08,-0.0152445
4.301525e-08,-0.0113174
4.306525e-08,-0.0163979
4.311525e-08,-0.0257077
4.316525e-08,-0.0294151
4.321525e-08,-0.0267787
4.326525e-08,-0.0201328
4.331525e-08,-0.00988933
4.336525e-08,-0.00189778
4.341525e-08,-0.00382015
4.346525e-08,-0.0125257
4.351525e-08,-0.0107681
4.356525e-08,0.00252367
4.361525e-08,0.0102681
4.366525e-08,0.0133988
4.371525e-08,0.0201545
4.376525e-08,0.0230106
4.381525e-08,0.0136185
4.386525e-08,0.00537975
4.391525e-08,0.00908718
4.396525e-08,0.010323
4.401525e-08,0.00691765
4.406525e-08,0.0044735
4.411525e-08,-0.00357298
4.416525e-08,-0.0092577
4.421525e-08,-0.00288642
4.426525e-08,0.00507767
4.431525e-08,0.000601299
4.436525e-08,-0.00684101
4.441525e-08,-0.0034906
4.446525e-08,0.000299213
4.451525e-08,0.00216665
4.456525e-08,0.00312784
4.461525e-08,-0.00384761
4.466525e-08,-0.00766488
4.471525e-08,0.00219412
4.476525e-08,0.0154035
4.481525e-08,0.0145797
4.486525e-08,0.00194696
4.491525e-08,-0.000112723
4.496525e-08,0.00735705
4.501525e-08,0.00867524
4.506525e-08,0.0124925
4.511525e-08,0.0222691
4.516525e-08,0.0236422
4.521525e-08,0.0174083
4.526525e-08,0.0132065
4.531525e-08,0.0112292
4.536525e-08,0.0102955
4.541525e-08,0.0109272
4.546525e-08,0.0124651
4.551525e-08,0.0118883
4.556525e-08,0.00507767
4.561525e-08,-0.00346313
4.566525e-08,-0.0119765
4.571525e-08,-0.0238952
4.576525e-08,-0.0305685
4.581525e-08,-0.0270259
4.586525e-08,-0.0207919
4.591525e-08,-0.0149973
4.596525e-08,-0.00335328
4.601525e-08,0.00916956
4.606525e-08,0.00785137
4.611525e-08,-0.00266673
4.616525e-08,-0.00818667
4.621525e-08,-0.00475387
4.626525e-08,0.00395171
4.631525e-08,0.0148817
4.636525e-08,0.0243288
4.641525e-08,0.0236422
4.646525e-08,0.0136459
4.651525e-08,0.00510513
4.656525e-08,0.000546374
4.661525e-08,-0.00645653
4.666525e-08,-0.0120314
4.671525e-08,-0.00988933
4.676525e-08,-0.0062643
4.681525e-08,-0.00107391
4.686525e-08,0.00708242
4.691525e-08,0.0133164
4.696525e-08,0.0154035
4.701525e-08,0.0133713
4.706525e-08,0.0138656
4.711525e-08,0.0183145
4.716525e-08,0.0229282
4.721525e-08,0.0293819
4.726525e-08,0.0333639
4.731525e-08,0.0279813
4.736525e-08,0.017271
4.741525e-08,0.00752182
4.746525e-08,0.00246874
4.751525e-08,0.000106976
4.756525e-08,-0.0085986
4.761525e-08,-0.0150248
4.766525e-08,-0.00695086
4.771525e-08,0.00612124
4.776525e-08,0.0129594
4.781525e-08,0.00949911
4.786525e-08,0.000656224
4.791525e-08,-0.00642907
4.796525e-08,-0.0168922
4.801525e-08,-0.030184
4.806525e-08,-0.0306784
4.811525e-08,-0.0180731
4.816525e-08,-0.00752757
4.821525e-08,-0.00118376
4.826525e-08,0.00598393
4.831525e-08,0.0148543
4.836525e-08,0.0212256
4.841525e-08,0.0269103
4.846525e-08,0.0361102
4.851525e-08,0.036989
4.856525e-08,0.0266631
4.861525e-08,0.0186441
4.866525e-08,0.0201545
4.871525e-08,0.0269652
4.876525e-08,0.023807
4.881525e-08,0.0137832
4.886525e-08,0.0123277
4.891525e-08,0.00881255
4.896525e-08,-0.000579584
4.901525e-08,-0.00555028
4.906525e-08,-0.00780219
4.911525e-08,-0.00928516
4.916525e-08,-0.00887322
4.921525e-08,-0.00335328
4.926525e-08,0.00485797
4.931525e-08,0.0087027
4.936525e-08,0.00735705
4.941525e-08,0.003375
4.946525e-08,-0.000140186
4.951525e-08,-0.00439686
4.956525e-08,-0.00653892
4.961525e-08,-0.000387347
4.966525e-08,0.00900479
4.971525e-08,0.0136459
4.976525e-08,0.0109821
4.981525e-08,0.00084846
4.986525e-08,-0.0103837
4.991525e-08,-0.0202701
4.996525e-08,-0.0307607
5.001525e-08,-0.0320789
5.006525e-08,-0.0230164
5.011525e-08,-0.0160684
5.016525e-08,-0.0168373
5.021525e-08,-0.0166176
5.026525e-08,-0.00942247
5.031525e-08,-0.00354552
5.036525e-08,5.20511e-05
5.041525e-08,0.00422633
5.046525e-08,0.00584661
5.051525e-08,0.00417141
5.056525e-08,0.00312784
5.061525e-08,0.00647825
5.066525e-08,0.0102131
5.071525e-08,0.00999344
5.076525e-08,0.0102406
5.081525e-08,0.0122728
5.086525e-08,0.01436
5.091525e-08,0.0201545
5.096525e-08,0.0268004
5.101525e-08,0.0253724
5.106525e-08,0.0172435
5.111525e-08,0.0134262
5.116525e-08,0.0140579
5.121525e-08,0.00785137
5.126525e-08,0.00235889
5.131525e-08,0.00480304
5.136525e-08,0.00120547
5.141525e-08,-0.0110702
5.146525e-08,-0.0228516
5.151525e-08,-0.0273279
5.156525e-08,-0.0274927
5.161525e-08,-0.0290581
5.166525e-08,-0.0271632
5.171525e-08,-0.0187871
5.176525e-08,-0.00700578
5.181525e-08,0.00348485
5.186525e-08,0.0137283
5.191525e-08,0.0273771
5.196525e-08,0.0317711
5.201525e-08,0.0190011
5.206525e-08,0.0093618
5.211525e-08,0.015074
5.216525e-08,0.0192757
5.221525e-08,0.0133713
5.226525e-08,0.00790629
5.231525e-08,0.00505021
5.236525e-08,0.00183711
5.241525e-08,-0.00274911
5.246525e-08,-0.00739026
5.251525e-08,-0.00752757
5.256525e-08,-0.00590729
5.261525e-08,-0.00601714
5.266525e-08,-0.00351806
5.271525e-08,0.00332008
5.276525e-08,0.00620363
5.281525e-08,0.0057093
5.286525e-08,0.00579169
5.291525e-08,0.00222158
5.296525e-08,0.00230397
5.301525e-08,0.00853793
5.306525e-08,0.0119158
5.311525e-08,0.0165844
5.316525e-08,0.0192208
5.321525e-08,0.0095815
5.326525e-08,0.00167233
5.331525e-08,0.00521498
5.336525e-08,0.00529737
5.341525e-08,-0.00255688
5.346525e-08,-0.00571505
5.351525e-08,-0.0037103
5.356525e-08,-0.00579744
5.361525e-08,-0.00890069
5.366525e-08,-0.00143092
5.371525e-08,0.0129319
5.376525e-08,0.0176554
5.381525e-08,0.00988359
5.386525e-08,-0.000250035
5.391525e-08,-0.00291389
5.396525e-08,0.000463987
5.401525e-08,-0.000799283
5.406525e-08,-0.00365537
5.411525e-08,-0.00107391
5.416525e-08,0.00183711
5.421525e-08,0.00279829
5.426525e-08,0.00411648
5.431525e-08,0.00419887
5.436525e-08,0.00351231
5.441525e-08,0.00513259
5.446525e-08,0.00543468
5.451525e-08,-0.00030496
5.456525e-08,-0.00316105
5.461525e-08,0.00507767
5.466525e-08,0.0126024
5.471525e-08,0.0121355
5.476525e-08,0.0100484
5.481525e-08,0.00691765
5.486525e-08,0.00639586
5.491525e-08,0.0110645
5.496525e-08,0.0115863
5.501525e-08,0.00743943
5.506525e-08,0.00771406
5.511525e-08,0.00944419
5.516525e-08,0.00889494
5.521525e-08,0.0124651
5.526525e-08,0.0152662
5.531525e-08,0.0068078
5.536525e-08,-0.00324344
5.541525e-08,-0.00209002
5.546525e-08,0.00439111
5.551525e-08,0.00796122
5.556525e-08,0.00606631
5.561525e-08,0.00084846
5.566525e-08,-0.000277498
5.571525e-08,0.00257859
5.576525e-08,0.00266098
5.581525e-08,0.00137025
5.586525e-08,0.00535229
5.591525e-08,0.0105427
5.596525e-08,0.0136459
5.601525e-08,0.0209235
5.606525e-08,0.0282834
5.611525e-08,0.0257568
5.616525e-08,0.0123003
5.621525e-08,0.00117801
5.626525e-08,0.0042538
5.631525e-08,0.00768659
5.636525e-08,0.000299213
5.641525e-08,-0.00458909
5.646525e-08,-0.000607046
5.651525e-08,0.0052699
5.656525e-08,0.0104328
5.661525e-08,0.0153761
5.666525e-08,0.019825
5.671525e-08,0.0246584
5.676525e-08,0.0292171
5.681525e-08,0.0247957
5.686525e-08,0.0152113
5.691525e-08,0.0180948
5.696525e-08,0.0214727
5.701525e-08,0.0108997
5.706525e-08,0.00208427
5.711525e-08,-0.00200763
5.716525e-08,-0.00777473
5.721525e-08,-0.010466
5.726525e-08,-0.00598967
5.731525e-08,-0.000167648
5.736525e-08,-0.0023921
5.741525e-08,-0.00417716
5.746525e-08,0.000793536
5.751525e-08,0.00595646
5.756525e-08,0.00840062
5.761525e-08,0.00573677
5.766525e-08,0.00669795
5.771525e-08,0.0145522
5.776525e-08,0.0159528
5.781525e-08,0.0113666
5.786525e-08,0.00842808
5.791525e-08,0.00334754
5.796525e-08,-0.0047264
5.801525e-08,-0.00593475
5.806525e-08,0.000518912
5.811525e-08,0.00452842
5.816525e-08,0.00477558
5.821525e-08,0.00705496
5.826525e-08,0.0131791
5.831525e-08,0.0212256
5.836525e-08,0.028558
5.841525e-08,0.0308374
5.846525e-08,0.0284207
5.851525e-08,0.0266356
5.856525e-08,0.0227909
5.861525e-08,0.013234
5.866525e-08,0.00653317
5.871525e-08,0.0100484
5.876525e-08,0.0137283
5.881525e-08,0.00993851
5.886525e-08,0.00787883
5.891525e-08,0.00963642
5.896525e-08,0.0100484
5.901525e-08,0.00985612
5.906525e-08,0.0112842
5.911525e-08,0.0135086
5.916525e-08,0.0108997
5.921525e-08,0.00260605
5.926525e-08,-0.00123868
5.931525e-08,0.000491449
5.936525e-08,-0.00618191
5.941525e-08,-0.0152994
5.946525e-08,-0.0105484
5.951525e-08,-0.00659385
5.956525e-08,-0.00901054
5.961525e-08,-0.00417716
5.966525e-08,-0.00365537
5.971525e-08,-0.0083789
5.976525e-08,-0.00824159
5.981525e-08,-0.0110977
5.986525e-08,-0.0126905
5.991525e-08,-0.0116195
5.996525e-08,-0.0132947
6.001525e-08,-0.00994426
6.006525e-08,-0.00126614
6.011525e-08,0.00252367
6.016525e-08,-0.00280404
6.021525e-08,-0.00708817
6.026525e-08,-0.00343567
6.031525e-08,0.00318276
6.036525e-08,0.00859285
6.041525e-08,0.0126573
6.046525e-08,0.018342
6.051525e-08,0.0184244
6.056525e-08,0.00991105
6.061525e-08,0.00200188
6.066525e-08,-0.00431447
6.071525e-08,-0.00983441
6.076525e-08,-0.0113998
6.081525e-08,-0.0100541
6.086525e-08,-0.0109054
6.091525e-08,-0.0132947
6.096525e-08,-0.0143657
6.101525e-08,-0.0140911
6.106525e-08,-0.0142833
6.111525e-08,-0.015272
6.116525e-08,-0.0131848
6.121525e-08,-0.0126905
6.126525e-08,-0.0135144
6.131525e-08,-0.00906546
6.136525e-08,0.000738611
6.141525e-08,0.0142226
6.146525e-08,0.0182871
6.151525e-08,0.0132615
6.156525e-08,0.0139755
6.161525e-08,0.0138656
6.166525e-08,0.0123277
6.171525e-08,0.015431
6.176525e-08,0.00996597
6.181525e-08,-0.00145838
6.186525e-08,-2.87366e-06
6.191525e-08,0.0110919
6.196525e-08,0.0166943
6.201525e-08,0.0098012
6.206525e-08,0.00115055
6.211525e-08,0.00436365
6.216525e-08,0.00881255
6.221525e-08,0.000793536
6.226525e-08,-0.00846129
6.231525e-08,-3.03361e-05
6.236525e-08,0.0191384
6.241525e-08,0.0275968
6.246525e-08,0.0249879
6.251525e-08,0.021967
6.256525e-08,0.0209784
6.261525e-08,0.0197975
6.266525e-08,0.0130692
6.271525e-08,0.0014801
6.276525e-08,-0.00802189
6.281525e-08,-0.00846129
6.286525e-08,0.000683686
6.291525e-08,0.00623109
6.296525e-08,0.00299053
6.301525e-08,-0.00233718
6.306525e-08,-0.00464402
6.311525e-08,-0.00244703
6.316525e-08,0.00164487
6.321525e-08,0.00499528
6.326525e-08,0.00505021
6.331525e-08,0.00257859
6.336525e-08,-0.000716896
6.341525e-08,-0.000634509
6.346525e-08,0.00205681
6.351525e-08,0.00183711
6.356525e-08,0.00760421
6.361525e-08,0.0192483
6.366525e-08,0.0243837
6.371525e-08,0.0202644
6.376525e-08,0.0100209
6.381525e-08,0.00590154
6.386525e-08,0.00930688
6.391525e-08,0.00485797
6.396525e-08,-0.00423208
6.401525e-08,-0.00478133
6.406525e-08,0.0044735
6.411525e-08,0.0162823
6.416525e-08,0.0184793
6.421525e-08,0.0137009
6.426525e-08,0.0115863
6.431525e-08,0.0102681
6.436525e-08,0.0142501
6.441525e-08,0.024933
6.446525e-08,0.0280088
6.451525e-08,0.0208411
6.456525e-08,0.0152937
6.461525e-08,0.0174083
6.466525e-08,0.0225987
6.471525e-08,0.0169963
6.476525e-08,0.0003816
6.481525e-08,-0.00684101
6.486525e-08,-0.00255688
6.491525e-08,-0.00258434
6.496525e-08,-0.000497197
6.501525e-08,0.0109821
6.506525e-08,0.0137009
6.511525e-08,0.00776898
6.516525e-08,0.00900479
6.521525e-08,0.0103779
6.526525e-08,0.0101582
6.531525e-08,0.0115039
6.536525e-08,0.000793536
6.541525e-08,-0.0133221
6.546525e-08,-0.011592
6.551525e-08,-0.00557774
6.556525e-08,-0.00656638
6.561525e-08,-0.00964217
6.566525e-08,-0.0114547
6.571525e-08,-0.010466
6.576525e-08,-0.00409477
6.581525e-08,0.00101323
6.586525e-08,-0.00527565
6.591525e-08,-0.0165902
6.596525e-08,-0.0226044
6.601525e-08,-0.0195012
6.606525e-08,-0.0131299
6.611525e-08,-0.0159585
6.616525e-08,-0.023291
6.621525e-08,-0.0241698
6.626525e-08,-0.0193913
6.631525e-08,-0.011592
6.636525e-08,-0.00288642
6.641525e-08,-0.00126614
6.646525e-08,-0.00686847
6.651525e-08,-0.00478133
6.656525e-08,0.00109562
6.661525e-08,-0.00681355
6.666525e-08,-0.0190618
6.671525e-08,-0.0191991
6.676525e-08,-0.0112075
6.681525e-08,-0.00977948
6.686525e-08,-0.0163979
6.691525e-08,-0.0180182
6.696525e-08,-0.0168922
6.701525e-08,-0.0218629
6.706525e-08,-0.025488
6.711525e-08,-0.0187322
6.716525e-08,-0.00744518
6.721525e-08,-0.00228225
6.726525e-08,-0.000799283
6.731525e-08,0.00397917
6.736525e-08,0.00735705
6.741525e-08,0.00603885
6.746525e-08,0.00911464
6.751525e-08,0.0130967
6.756525e-08,0.00807107
6.761525e-08,0.0042538
6.766525e-08,0.00908718
6.771525e-08,0.00960896
6.776525e-08,0.00120547
6.781525e-08,-0.00346313
6.786525e-08,-0.00272165
6.791525e-08,0.00430872
6.796525e-08,0.018699
6.801525e-08,0.0212805
6.806525e-08,0.0118609
6.811525e-08,0.00304545
6.816525e-08,-0.00659385
6.821525e-08,-0.00887322
6.826525e-08,-0.00780219
6.831525e-08,-0.011949
6.836525e-08,-0.0111251
6.841525e-08,-0.00942247
6.846525e-08,-0.00763742
6.851525e-08,0.00738451
6.856525e-08,0.0204291
6.861525e-08,0.0138107
6.866525e-08,0.00516006
6.871525e-08,0.00488543
6.876525e-08,0.00562692
6.881525e-08,0.00194696
6.886525e-08,-0.00406731
6.891525e-08,-0.0021724
6.896525e-08,0.000601299
6.901525e-08,-0.00165062
6.906525e-08,-0.00154077
6.911525e-08,0.00562692
6.916525e-08,0.0197426
6.921525e-08,0.02161
6.926525e-08,0.0095815
6.931525e-08,0.00477558
6.936525e-08,-0.00263926
6.941525e-08,-0.0128553
6.946525e-08,-0.0062643
6.951525e-08,-0.00121122
6.956525e-08,-0.00868099
6.961525e-08,-0.00785712
6.966525e-08,-0.000771821
6.971525e-08,-0.000634509
6.976525e-08,-0.00384761
6.981525e-08,-0.00406731
6.986525e-08,0.00458335
6.991525e-08,0.0146895
6.996525e-08,0.0119158
7.001525e-08,0.0065881
7.006525e-08,0.00708242
7.011525e-08,0.00678034
7.016525e-08,0.0107075
7.021525e-08,0.0190011
7.026525e-08,0.0224339
7.031525e-08,0.0251527
7.036525e-08,0.0284482
7.041525e-08,0.027844
7.046525e-08,0.0293819
7.051525e-08,0.0342976
7.056525e-08,0.0294093
7.061525e-08,0.012108
7.066525e-08,-0.000112723
7.071525e-08,0.00279829
7.076525e-08,0.0112567
7.081525e-08,0.0132065
7.086525e-08,0.00851047
7.091525e-08,0.0106251
7.096525e-08,0.02345
7.101525e-08,0.02345
7.106525e-08,0.01068
7.111525e-08,0.00955404
7.116525e-08,0.01068
7.121525e-08,0.000546374
7.126525e-08,-0.00972456
7.131525e-08,-0.0117842
7.136525e-08,-0.00901054
7.141525e-08,-0.00310612
7.146525e-08,0.00241382
7.151525e-08,0.00222158
7.156525e-08,0.000820998
7.161525e-08,0.00587408
7.166525e-08,0.0169689
7.171525e-08,0.0227085
7.176525e-08,0.0186166
7.181525e-08,0.0124925
7.186525e-08,0.013234
7.191525e-08,0.0157056
7.196525e-08,0.00634094
7.201525e-08,-0.00423208
7.206525e-08,-0.00382015
7.211525e-08,-0.00280404
7.216525e-08,-0.00431447
7.221525e-08,-2.87366e-06
7.226525e-08,0.00796122
7.231525e-08,0.0123277
7.236525e-08,0.0123552
7.241525e-08,0.0152662
7.246525e-08,0.0250703
7.251525e-08,0.0259491
7.256525e-08,0.014717
7.261525e-08,0.00491289
7.266525e-08,-0.000607046
7.271525e-08,0.000244288
7.276525e-08,0.00095831
7.281525e-08,0.000656224
7.286525e-08,0.00466573
7.291525e-08,-0.00115629
7.296525e-08,-0.0124433
7.301525e-08,-0.0121962
7.306525e-08,-0.0125257
7.311525e-08,-0.0162057
7.316525e-08,-0.0127454
7.321525e-08,-0.00879084
7.326525e-08,-0.00360045
7.331525e-08,0.00450096
7.336525e-08,0.00853793
7.341525e-08,0.0142776
7.346525e-08,0.0175456
7.351525e-08,0.00678034
7.356525e-08,-0.006484
7.361525e-08,-0.00953232
7.366525e-08,-0.00835144
7.371525e-08,-0.00901054
7.376525e-08,-0.00854368
7.381525e-08,-0.00593475
7.386525e-08,-0.00390253
7.391525e-08,0.000628761
7.396525e-08,0.00845554
7.401525e-08,0.00889494
7.406525e-08,0.00491289
7.411525e-08,0.00285321
7.416525e-08,-0.00601714
7.421525e-08,-0.0117019
7.426525e-08,-0.00923024
7.431525e-08,-0.0148875
7.436525e-08,-0.017057
7.441525e-08,-0.00230971
7.446525e-08,0.0117236
7.451525e-08,0.0138931
7.456525e-08,0.00842808
7.461525e-08,0.00282575
7.466525e-08,0.00296306
7.471525e-08,0.00205681
7.476525e-08,-0.00340821
7.481525e-08,-0.00890069
7.486525e-08,-0.0125257
7.491525e-08,-0.0112075
7.496525e-08,-0.00478133
7.501525e-08,0.00342992
7.506525e-08,0.00656064
7.511525e-08,0.00167233
7.516525e-08,-0.00513834
7.521525e-08,-0.0116744
7.526525e-08,-0.0164803
7.531525e-08,-0.0173866
7.536525e-08,-0.017469
7.541525e-08,-0.0202427
7.546525e-08,-0.021808
7.551525e-08,-0.0116195
7.556525e-08,0.00678034
7.561525e-08,0.0149916
7.566525e-08,0.0112292
7.571525e-08,0.00845554
7.576525e-08,0.00710988
7.581525e-08,0.00318276
7.586525e-08,0.00137025
7.591525e-08,-0.00700578
7.596525e-08,-0.0257626
7.601525e-08,-0.030239
7.606525e-08,-0.0169746
7.611525e-08,-0.00511088
7.616525e-08,0.00477558
7.621525e-08,0.0114215
7.626525e-08,0.0098012
7.631525e-08,0.0116412
7.636525e-08,0.0176829
7.641525e-08,0.0134812
7.646525e-08,0.00472066
7.651525e-08,0.005929
7.656525e-08,0.0135635
7.661525e-08,0.015788
7.666525e-08,0.0101857
7.671525e-08,0.00334754
7.676525e-08,0.00428126
7.681525e-08,0.011037
7.686525e-08,0.0151564
7.691525e-08,0.0199074
7.696525e-08,0.0182596
7.701525e-08,0.00384186
7.706525e-08,-0.00928516
7.711525e-08,-0.0151072
7.716525e-08,-0.0155466
7.721525e-08,-0.0142833
7.726525e-08,-0.0121962
7.731525e-08,-0.00944993
7.736525e-08,-0.0088183
7.741525e-08,-0.00192524
7.746525e-08,0.00851047
7.751525e-08,0.00628601
7.756525e-08,-0.00258434
7.761525e-08,-0.00340821
7.766525e-08,0.00543468
7.771525e-08,0.0166943
7.776525e-08,0.0199074
7.781525e-08,0.0162549
7.786525e-08,0.0116961
7.791525e-08,0.00603885
7.796525e-08,0.000766073
7.801525e-08,-0.000771821
7.806525e-08,0.00180964
7.811525e-08,0.00213919
7.816525e-08,-0.00393
7.821525e-08,-0.0113723
7.826525e-08,-0.0109604
7.831525e-08,-0.00579744
7.836525e-08,-0.00862606
7.841525e-08,-0.018183
7.846525e-08,-0.0197483
7.851525e-08,-0.00777473
7.856525e-08,0.00095831
7.861525e-08,0.00255113
7.866525e-08,0.012163
7.871525e-08,0.0230655
7.876525e-08,0.0258118
7.881525e-08,0.0268828
7.886525e-08,0.0231754
7.891525e-08,0.0148817
7.896525e-08,0.0109546
7.901525e-08,0.00765913
7.906525e-08,0.00417141
7.911525e-08,0.0038144
7.916525e-08,0.00131532
7.921525e-08,0.00137025
7.926525e-08,0.00779644
7.931525e-08,0.00790629
7.936525e-08,0.00123293
7.941525e-08,-0.000634509
7.946525e-08,0.0042538
7.951525e-08,0.00730212
7.956525e-08,-0.00088167
7.961525e-08,-0.00977948
7.966525e-08,-0.00574251
7.971525e-08,-0.00277657
7.976525e-08,-0.0100816
7.981525e-08,-0.0142833
7.986525e-08,-0.0121687
7.991525e-08,-0.00544043
7.996525e-08,0.00480304
8.001525e-08,0.00743943
8.006525e-08,0.00807107
8.011525e-08,0.0187265
8.016525e-08,0.0251252
8.021525e-08,0.0173808
8.026525e-08,0.00700004
8.031525e-08,-0.000469734
8.036525e-08,-0.00662131
8.041525e-08,-0.00456163
8.046525e-08,0.00559945
8.051525e-08,0.00716481
8.056525e-08,0.00606631
8.061525e-08,0.0144149
8.066525e-08,0.0146895
8.071525e-08,0.00161741
8.076525e-08,-0.00980695
8.081525e-08,-0.00590729
8.086525e-08,0.0107624
8.091525e-08,0.0179575
8.096525e-08,0.0119707
8.101525e-08,0.00620363
8.106525e-08,0.0054896
8.111525e-08,0.00691765
8.116525e-08,0.0027159
8.121525e-08,-0.00901054
8.126525e-08,-0.0173042
8.131525e-08,-0.0206546
8.136525e-08,-0.025488
8.141525e-08,-0.0232635
8.146525e-08,-0.0160684
8.151525e-08,-0.0166176
8.156525e-08,-0.017826
8.161525e-08,-0.010164
8.166525e-08,-0.00167808
8.171525e-08,0.00112308
8.176525e-08,0.000985772
8.181525e-08,-0.00417716
8.186525e-08,-0.00486372
8.191525e-08,0.00428126
8.196525e-08,0.00282575
8.201525e-08,5.20511e-05
8.206525e-08,0.0148817
8.211525e-08,0.0221043
8.216525e-08,0.0120806
8.221525e-08,0.010323
8.226525e-08,0.0172984
8.231525e-08,0.0101307
8.236525e-08,-0.00719802
8.241525e-08,-0.0176063
8.246525e-08,-0.0230713
8.251525e-08,-0.0210665
8.256525e-08,-0.0100816
8.261525e-08,-0.0019527
8.266525e-08,0.0029356
8.271525e-08,0.00985612
8.276525e-08,0.0188363
8.281525e-08,0.0276792
8.286525e-08,0.0282559
8.291525e-08,0.0180399
8.296525e-08,0.00779644
8.301525e-08,0.00417141
8.306525e-08,0.00246874
8.311525e-08,0.00543468
8.316525e-08,0.0168316
8.321525e-08,0.0216375
8.326525e-08,0.0157331
8.331525e-08,0.0141677
8.336525e-08,0.0152388
8.341525e-08,0.00694511
8.346525e-08,-0.00502849
8.351525e-08,-0.00285896
8.356525e-08,0.00897733
8.361525e-08,0.0112018
8.366525e-08,0.00565438
8.371525e-08,-0.000936595
8.376525e-08,-0.00450671
8.381525e-08,-0.00522073
8.386525e-08,-0.00936755
8.391525e-08,-0.0108505
8.396525e-08,-0.0158212
8.401525e-08,-0.0308706
8.406525e-08,-0.0365278
8.411525e-08,-0.0320789
8.416525e-08,-0.0276026
8.421525e-08,-0.0158487
8.426525e-08,0.000463987
8.431525e-08,0.0125474
8.436525e-08,0.0202918
8.441525e-08,0.0161999
8.446525e-08,-2.87366e-06
8.451525e-08,-0.00587982
8.456525e-08,0.0014801
8.461525e-08,0.00326515
8.466525e-08,0.00238635
8.471525e-08,0.0124376
8.476525e-08,0.023807
8.481525e-08,0.0215551
8.486525e-08,0.0105976
8.491525e-08,-0.00686847
8.496525e-08,-0.0272181
8.501525e-08,-0.0372419
8.506525e-08,-0.0363356
8.511525e-08,-0.0269709
8.516525e-08,-0.0163979
8.521525e-08,-0.0181006
8.526525e-08,-0.0187871
8.531525e-08,-0.00453417
8.536525e-08,0.00274337
8.541525e-08,-0.00340821
8.546525e-08,-0.000744358
8.551525e-08,0.00683526
8.556525e-08,0.00208427
8.561525e-08,-0.00612699
8.566525e-08,-0.00513834
8.571525e-08,0.00257859
8.576525e-08,0.00741197
8.581525e-08,-0.00118376
8.586525e-08,-0.0126081
8.591525e-08,-0.00593475
8.596525e-08,0.00581915
8.601525e-08,0.00318276
8.606525e-08,-0.000661971
8.611525e-08,0.00123293
8.616525e-08,0.000711148
8.621525e-08,-0.00294135
8.626525e-08,-0.00686847
8.631525e-08,-0.00219986
8.636525e-08,0.00601139
8.641525e-08,0.00919703
8.646525e-08,0.0174083
8.651525e-08,0.0243288
8.656525e-08,0.0231479
8.661525e-08,0.0251252
8.666525e-08,0.0200447
8.671525e-08,0.00356724
8.676525e-08,0.000491449
8.681525e-08,0.0112567
8.686525e-08,0.0199623
8.691525e-08,0.0260864
8.696525e-08,0.0256745
8.701525e-08,0.0208136
8.706525e-08,0.0232578
8.711525e-08,0.0304255
8.716525e-08,0.0296565
8.721525e-08,0.0203468
8.726525e-08,0.011037
8.731525e-08,0.00620363
8.736525e-08,0.00815346
8.741525e-08,0.00862032
8.746525e-08,0.00120547
8.751525e-08,-0.00294135
8.756525e-08,-0.000909132
8.761525e-08,2.45887e-05
8.766525e-08,-0.00189778
8.771525e-08,-0.00450671
8.776525e-08,-0.00566013
8.781525e-08,-0.0110428
8.786525e-08,-0.0211214
8.791525e-08,-0.0237578
8.796525e-08,-0.0167824
8.801525e-08,-0.0124708
8.806525e-08,-0.015574
8.811525e-08,-0.00994426
8.816525e-08,0.00477558
8.821525e-08,0.00386932
8.826525e-08,-0.00486372
8.831525e-08,-0.00233718
8.836525e-08,0.00027175
8.841525e-08,0.00202934
8.846525e-08,0.00809853
8.851525e-08,0.00985612
8.856525e-08,0.00768659
8.861525e-08,-0.000469734
8.866525e-08,-0.0142559
8.871525e-08,-0.0198033
8.876525e-08,-0.0190618
8.881525e-08,-0.0222749
8.886525e-08,-0.0209292
8.891525e-08,-0.00879084
8.896525e-08,0.00200188
8.901525e-08,0.00741197
8.906525e-08,0.0105976
8.911525e-08,0.00927941
8.916525e-08,0.00386932
8.921525e-08,-0.00541296
8.926525e-08,-0.0140911
8.931525e-08,-0.0189794
8.936525e-08,-0.0197758
8.941525e-08,-0.0125532
8.946525e-08,-0.00280404
8.951525e-08,0.00450096
8.956525e-08,0.0100209
8.961525e-08,0.0129319
8.966525e-08,0.0137832
8.971525e-08,0.0091421
8.976525e-08,-0.00343567
8.981525e-08,-0.0213411
8.986525e-08,-0.0321064
8.991525e-08,-0.0256802
8.996525e-08,-0.0138439
9.001525e-08,-0.00382015
9.006525e-08,0.00886748
9.011525e-08,0.017628
9.016525e-08,0.0144149
9.021525e-08,0.00321023
9.026525e-08,-0.00593475
9.031525e-08,-0.00892815
9.036525e-08,-0.0106034
9.041525e-08,-0.0139812
9.046525e-08,-0.0129102
9.051525e-08,-0.00365537
9.056525e-08,0.00716481
9.061525e-08,0.0150465
9.066525e-08,0.024219
9.071525e-08,0.0370988
9.076525e-08,0.0419871
9.081525e-08,0.031112
9.086525e-08,0.0213354
9.091525e-08,0.0189462
9.096525e-08,0.0124925
9.101525e-08,0.00551707
9.106525e-08,0.00296306
9.111525e-08,0.00246874
9.116525e-08,0.00477558
9.121525e-08,0.00342992
9.126525e-08,-0.00601714
9.131525e-08,-0.0120039
9.136525e-08,-0.00840636
9.141525e-08,-0.00137599
9.146525e-08,0.00595646
9.151525e-08,0.00941673
9.156525e-08,0.00581915
9.161525e-08,0.00288068
9.166525e-08,0.00326515
9.171525e-08,0.000409062
9.176525e-08,-0.00684101
9.181525e-08,-0.0131574
9.186525e-08,-0.0139538
9.191525e-08,-0.0135418
9.196525e-08,-0.013432
9.201525e-08,-0.00873591
9.206525e-08,-0.00456163
9.211525e-08,-0.00500103
9.216525e-08,-0.00329836
9.221525e-08,-0.00088167
9.226525e-08,-2.87366e-06
9.231525e-08,0.00266098
9.236525e-08,0.00101323
9.241525e-08,-0.00354552
9.246525e-08,-0.00255688
9.251525e-08,0.000793536
9.256525e-08,0.0091421
9.261525e-08,0.0229008
9.266525e-08,0.0244112
9.271525e-08,0.0137832
9.276525e-08,0.00933434
9.281525e-08,0.016914
9.286525e-08,0.0235049
9.291525e-08,0.0181498
9.296525e-08,0.0101033
9.301525e-08,0.0024962
9.306525e-08,-0.000661971
9.311525e-08,0.00710988
9.316525e-08,0.0138656
9.321525e-08,0.0176829
9.326525e-08,0.016859
9.331525e-08,0.00993851
9.336525e-08,0.00757675
9.341525e-08,0.00461081
9.346525e-08,-0.000469734
9.351525e-08,-0.00291389
9.356525e-08,-0.00689593
9.361525e-08,-0.00447924
9.366525e-08,0.00771406
9.371525e-08,0.0093618
9.376525e-08,-0.000964057
9.381525e-08,-0.0028315
9.386525e-08,-0.00112883
9.391525e-08,-0.00722548
9.396525e-08,-0.0160409
9.401525e-08,-0.0212038
9.406525e-08,-0.0158487
9.411525e-08,-0.00489118
9.416525e-08,-3.03361e-05
9.421525e-08,0.003375
9.426525e-08,0.00763167
9.431525e-08,0.00894986
9.436525e-08,0.00862032
9.441525e-08,0.00318276
9.446525e-08,-0.00228225
9.451525e-08,-0.00596221
9.456525e-08,-0.0124708
9.461525e-08,-0.00601714
9.466525e-08,0.00735705
9.471525e-08,0.00205681
9.476525e-08,-0.00527565
9.481525e-08,0.00342992
9.486525e-08,0.013234
9.491525e-08,0.0175181
9.496525e-08,0.0187265
9.501525e-08,0.0179575
9.506525e-08,0.0200172
9.511525e-08,0.0246309
9.516525e-08,0.0272124
9.521525e-08,0.0238619
9.526525e-08,0.0185617
9.531525e-08,0.0211432
9.536525e-08,0.0228458
9.541525e-08,0.0108448
9.546525e-08,0.00101323
9.551525e-08,0.00139771
9.556525e-08,-0.0058249
9.561525e-08,-0.0164803
9.566525e-08,-0.0179633
9.571525e-08,-0.0175788
9.576525e-08,-0.0163705
9.581525e-08,-0.0138988
9.586525e-08,-0.0128553
9.591525e-08,-0.00480879
9.596525e-08,0.00716481
9.601525e-08,0.0121904
9.606525e-08,0.014717
9.611525e-08,0.0189736
9.616525e-08,0.0219945
9.621525e-08,0.0188089
9.626525e-08,0.0104603
9.631525e-08,0.00771406
9.636525e-08,0.00768659
9.641525e-08,-0.000799283
9.646525e-08,-0.0110977
9.651525e-08,-0.0124433
9.656525e-08,-0.0058249
9.661525e-08,0.0070275
9.666525e-08,0.0200172
9.671525e-08,0.0229557
9.676525e-08,0.0202369
9.681525e-08,0.0166119
9.686525e-08,0.00952657
9.691525e-08,0.000601299
9.696525e-08,-0.00642907
9.701525e-08,-0.00681355
9.706525e-08,-0.00544043
9.711525e-08,-0.00824159
9.716525e-08,-0.00467148
9.721525e-08,0.00521498
9.726525e-08,0.0115588
9.731525e-08,0.0194954
9.736525e-08,0.0268553
9.741525e-08,0.0289974
9.746525e-08,0.0310571
9.751525e-08,0.0307275
9.756525e-08,0.027075
9.761525e-08,0.0252625
9.766525e-08,0.0271025
9.771525e-08,0.0249604
9.776525e-08,0.0203742
9.781525e-08,0.0239443
9.786525e-08,0.0235049
9.791525e-08,0.0191384
9.796525e-08,0.0210608
9.801525e-08,0.0163647
9.806525e-08,0.0127671
9.811525e-08,0.0157331
9.816525e-08,0.0116412
9.821525e-08,0.00763167
9.826525e-08,0.00419887
9.831525e-08,-0.00222733
9.836525e-08,0.000491449
9.841525e-08,0.00897733
9.846525e-08,0.0107075
9.851525e-08,0.00801614
9.856525e-08,0.00678034
9.861525e-08,0.00853793
9.866525e-08,0.0119433
9.871525e-08,0.0143874
9.876525e-08,0.0184244
9.881525e-08,0.0252351
9.886525e-08,0.0336111
9.891525e-08,0.0386092
9.896525e-08,0.0268279
9.901525e-08,0.00150756
9.906525e-08,-0.0142833
9.911525e-08,-0.010466
9.916525e-08,-0.00288642
9.921525e-08,-0.0056052
9.926525e-08,-0.00868099
9.931525e-08,-0.00401238
9.936525e-08,0.00205681
9.941525e-08,0.00705496
9.946525e-08,0.0119707
9.951525e-08,0.0186441
9.956525e-08,0.024576
9.961525e-08,0.0175731
9.966525e-08,0.00323769
9.971525e-08,-0.00486372
9.976525e-08,-0.00777473
9.981525e-08,-0.00247449
9.986525e-08,0.0038144
9.991525e-08,0.00222158
9.996525e-08,0.00672541
1.000153e-07,0.0195778
1.000653e-07,0.0266631
1.001153e-07,0.0197151
1.001653e-07,0.00417141
1.002153e-07,-0.00675862
1.002653e-07,-0.0119765
1.003153e-07,-0.0099168
1.003653e-07,0.000793536
1.004153e-07,0.0115863
1.004653e-07,0.0173808
1.005153e-07,0.0133164
1.005653e-07,0.00601139
1.006153e-07,0.00721973
1.006653e-07,0.00628601
1.007153e-07,-0.00280404
1.007653e-07,-0.00752757
1.008153e-07,0.000436525
1.008653e-07,0.0141403
1.009153e-07,0.0195778
1.009653e-07,0.0209784
1.010153e-07,0.0187539
1.010653e-07,0.00551707
1.011153e-07,-0.00480879
1.011653e-07,-0.00898307
1.012153e-07,-0.0150797
1.012653e-07,-0.0154642
1.013153e-07,-0.0106034
1.013653e-07,-0.0118117
1.014153e-07,-0.0156564
1.014653e-07,-0.0146953
1.015153e-07,-0.00870845
1.015653e-07,0.0003816
1.016153e-07,0.00867524
1.016653e-07,0.0102131
1.017153e-07,0.000766073
1.017653e-07,-0.00813174
1.018153e-07,-0.00706071
1.018653e-07,-0.00414969
1.019153e-07,-0.00393
1.019653e-07,-0.00689593
1.020153e-07,-0.0131574
1.020653e-07,-0.019611
1.021153e-07,-0.0228516
1.021653e-07,-0.0258175
1.022153e-07,-0.0281244
1.022653e-07,-0.0227143
1.023153e-07,-0.0181555
1.023653e-07,-0.0193913
1.024153e-07,-0.0124983
1.024653e-07,0.00304545
1.025153e-07,0.00804361
1.025653e-07,0.00178218
1.026153e-07,0.00117801
1.026653e-07,0.00708242
1.027153e-07,0.00941673
1.027653e-07,0.00469319
1.028153e-07,0.0022765
1.028653e-07,0.00488543
1.029153e-07,0.00255113
1.029653e-07,-0.000414809
1.030153e-07,0.00211173
1.030653e-07,0.00378694
1.031153e-07,0.0052699
1.031653e-07,0.0140853
1.032153e-07,0.0249604
1.032653e-07,0.0233951
1.033153e-07,0.0195503
1.033653e-07,0.0292446
1.034153e-07,0.0349293
1.034653e-07,0.0304804
1.035153e-07,0.0305628
1.035653e-07,0.0275968
1.036153e-07,0.0186441
1.036653e-07,0.0170787
1.037153e-07,0.021665
1.037653e-07,0.0203742
1.038153e-07,0.0165569
1.038653e-07,0.0219121
1.039153e-07,0.0226811
1.039653e-07,0.00840062
1.040153e-07,-0.00145838
1.040653e-07,-0.00387507
1.041153e-07,-0.0121687
1.041653e-07,-0.017414
1.042153e-07,-0.0111251
1.042653e-07,-0.0037103
1.043153e-07,0.000546374
1.043653e-07,0.00235889
1.044153e-07,-0.00393
1.044653e-07,-0.0165352
1.045153e-07,-0.0252408
1.045653e-07,-0.0239775
1.046153e-07,-0.01854
1.046653e-07,-0.0148326
1.047153e-07,-0.0100541
1.047653e-07,-0.00382015
1.048153e-07,0.00257859
1.048653e-07,0.0054896
1.049153e-07,0.00625855
1.049653e-07,0.0112842
1.050153e-07,0.0156232
1.050653e-07,0.0137832
1.051153e-07,0.0104054
1.051653e-07,0.00930688
1.052153e-07,0.00367709
1.052653e-07,-0.00736279
1.053153e-07,-0.00879084
1.053653e-07,-0.000277498
1.054153e-07,-0.000634509
1.054653e-07,-0.00615445
1.055153e-07,-0.00456163
1.055653e-07,-0.00557774
1.056153e-07,-0.00747264
1.056653e-07,-0.0034906
1.057153e-07,-0.000716896
1.057653e-07,-0.00134853
1.058153e-07,-0.012718
1.058653e-07,-0.0333971
1.059153e-07,-0.0393565
1.059653e-07,-0.0290581
1.060153e-07,-0.0193913
1.060653e-07,-0.0099168
1.061153e-07,-0.00236464
1.061653e-07,0.00180964
1.062153e-07,0.00362216
1.062653e-07,-0.00247449
1.063153e-07,-0.00593475
1.063653e-07,-0.00154077
1.064153e-07,0.00219412
1.064653e-07,0.00524244
1.065153e-07,0.00406156
1.065653e-07,0.00178218
1.066153e-07,0.00491289
1.066653e-07,0.000820998
1.067153e-07,-0.0133496
1.067653e-07,-0.0176063
1.068153e-07,-0.00890069
1.068653e-07,-0.00236464
1.069153e-07,0.00647825
1.069653e-07,0.0187539
1.070153e-07,0.022379
1.070653e-07,0.0248506
1.071153e-07,0.0324302
1.071653e-07,0.031469
1.072153e-07,0.0188363
1.072653e-07,0.0119158
1.073153e-07,0.0111743
1.073653e-07,0.00650571
1.074153e-07,0.00952657
1.074653e-07,0.0161725
1.075153e-07,0.0129868
1.075653e-07,0.0151014
1.076153e-07,0.0258667
1.076653e-07,0.0312493
1.077153e-07,0.0283383
1.077653e-07,0.0176005
1.078153e-07,0.005929
1.078653e-07,0.00392425
1.079153e-07,0.00491289
1.079653e-07,0.00197442
1.080153e-07,0.00620363
1.080653e-07,0.0174632
1.081153e-07,0.0237521
1.081653e-07,0.0246858
1.082153e-07,0.0205115
1.082653e-07,0.0160352
1.083153e-07,0.0175731
1.083653e-07,0.0149092
1.084153e-07,0.00905971
1.084653e-07,0.00894986
1.085153e-07,0.0074669
1.085653e-07,0.00329261
1.086153e-07,0.00375947
1.086653e-07,0.00639586
1.087153e-07,0.00186457
1.087653e-07,-0.00576998
1.088153e-07,-0.0067037
1.088653e-07,-0.00546789
1.089153e-07,-0.00631922
1.089653e-07,-0.00445178
1.090153e-07,0.00290814
1.090653e-07,0.0126024
1.091153e-07,0.0182596
1.091653e-07,0.0139206
1.092153e-07,0.00408902
1.092653e-07,-0.00450671
1.093153e-07,-0.0128003
1.093653e-07,-0.017469
1.094153e-07,-0.0184027
1.094653e-07,-0.0155466
1.095153e-07,-0.00750011
1.095653e-07,-0.00343567
1.096153e-07,0.00158994
1.096653e-07,0.0162549
1.097153e-07,0.026004
1.097653e-07,0.0202644
1.098153e-07,0.00529737
1.098653e-07,-0.00678608
1.099153e-07,-0.00920277
1.099653e-07,-0.0115645
1.100153e-07,-0.0117568
1.100653e-07,0.000354137
1.101153e-07,0.00590154
1.101653e-07,-0.0069234
1.102153e-07,-0.0126356
1.102653e-07,-0.00140346
1.103153e-07,0.00472066
1.103653e-07,0.00244128
1.104153e-07,-0.00030496
1.104653e-07,-0.00030496
1.105153e-07,0.00785137
1.105653e-07,0.0158155
1.106153e-07,0.0179301
1.106653e-07,0.0171062
1.107153e-07,0.00941673
1.107653e-07,-0.00211748
1.108153e-07,-0.00585236
1.108653e-07,-0.00118376
1.109153e-07,0.00568184
1.109653e-07,0.0129044
1.110153e-07,0.0151014
1.110653e-07,0.0159802
1.111153e-07,0.0233127
1.111653e-07,0.0255646
1.112153e-07,0.0169414
1.112653e-07,0.00686272
1.113153e-07,0.00304545
1.113653e-07,0.00584661
1.114153e-07,0.00601139
1.114653e-07,0.00727466
1.115153e-07,0.0168316
1.115653e-07,0.0225437
1.116153e-07,0.0171337
1.116653e-07,0.008483
1.117153e-07,0.0113116
1.117653e-07,0.024521
1.118153e-07,0.0269103
1.118653e-07,0.018342
1.119153e-07,0.0147719
1.119653e-07,0.0145797
1.120153e-07,0.00922449
1.120653e-07,-0.00222733
1.121153e-07,-0.0138714
1.121653e-07,-0.017057
1.122153e-07,-0.00791204
1.122653e-07,0.00496782
1.123153e-07,0.0108173
1.123653e-07,0.0137832
1.124153e-07,0.0192208
1.124653e-07,0.0211432
1.125153e-07,0.018342
1.125653e-07,0.0104328
1.126153e-07,-0.00640161
1.126653e-07,-0.0173866
1.127153e-07,-0.0122786
1.127653e-07,-0.00697832
1.128153e-07,-0.0114272
1.128653e-07,-0.0195012
1.129153e-07,-0.0245268
1.129653e-07,-0.0216432
1.130153e-07,-0.0121687
1.130653e-07,-0.00019511
1.131153e-07,0.013591
1.131653e-07,0.0211157
1.132153e-07,0.0165569
1.132653e-07,0.00875763
1.133153e-07,0.00609378
1.133653e-07,0.00194696
1.134153e-07,-0.010466
1.134653e-07,-0.0139812
1.135153e-07,-0.00511088
1.135653e-07,-0.0105759
1.136153e-07,-0.0193639
1.136653e-07,-0.00447924
1.137153e-07,0.00919703
1.137653e-07,-0.000689433
1.138153e-07,-0.0167275
1.138653e-07,-0.0208194
1.139153e-07,-0.0168648
1.139653e-07,-0.0157388
1.140153e-07,-0.0115371
1.140653e-07,-0.00368283
1.141153e-07,-0.0030512
1.141653e-07,-0.00585236
1.142153e-07,-0.00522073
1.142653e-07,-0.00618191
1.143153e-07,-0.0103837
1.143653e-07,-0.00631922
1.144153e-07,0.00428126
1.144653e-07,0.00738451
1.145153e-07,0.00765913
1.145653e-07,0.0155683
1.146153e-07,0.0243837
1.146653e-07,0.0248506
1.147153e-07,0.0239718
1.147653e-07,0.026361
1.148153e-07,0.0226536
1.148653e-07,0.0137832
1.149153e-07,0.00719227
1.149653e-07,-0.00181539
1.150153e-07,-0.0156015
1.150653e-07,-0.0198307
1.151153e-07,-0.00810428
1.151653e-07,0.00139771
1.152153e-07,0.000326675
1.152653e-07,-0.00549535
1.153153e-07,-0.0138439
1.153653e-07,-0.0161233
1.154153e-07,-0.0105759
1.154653e-07,-0.00500103
1.155153e-07,-0.00203509
1.155653e-07,-0.00439686
1.156153e-07,-0.00609952
1.156653e-07,0.00224904
1.157153e-07,0.0105152
1.157653e-07,0.00551707
1.158153e-07,-0.006484
1.158653e-07,-0.012718
1.159153e-07,-0.00769234
1.159653e-07,0.00123293
1.160153e-07,0.00290814
1.160653e-07,0.00084846
1.161153e-07,0.00183711
1.161653e-07,0.00521498
1.162153e-07,0.00851047
1.162653e-07,0.0113116
1.163153e-07,0.0142776
1.163653e-07,0.0124376
1.164153e-07,0.00436365
1.164653e-07,-0.00115629
1.165153e-07,-0.00620937
1.165653e-07,-0.0165352
1.166153e-07,-0.022934
1.166653e-07,-0.0198582
1.167153e-07,-0.012306
1.167653e-07,-0.00678608
1.168153e-07,7.95135e-05
1.168653e-07,0.0110645
1.169153e-07,0.0163372
1.169653e-07,0.00889494
1.170153e-07,-0.00706071
1.170653e-07,-0.0136517
1.171153e-07,-0.00524819
1.171653e-07,-0.00552281
1.172153e-07,-0.017826
1.172653e-07,-0.0187871
1.173153e-07,-0.00923024
1.173653e-07,-0.00576998
1.174153e-07,-0.0128003
1.174653e-07,-0.0197483
1.175153e-07,-0.0136517
1.175653e-07,-0.00346313
1.176153e-07,-0.00230971
1.176653e-07,-0.00225479
1.177153e-07,0.00496782
1.177653e-07,0.0136185
1.178153e-07,0.0152388
1.178653e-07,0.0119433
1.179153e-07,0.0123827
1.179653e-07,0.0137283
1.180153e-07,0.013591
1.180653e-07,0.016914
1.181153e-07,0.0169963
1.181653e-07,0.0102681
1.182153e-07,0.00507767
1.182653e-07,0.00408902
1.183153e-07,0.00282575
1.183653e-07,-0.000277498
1.184153e-07,0.00175472
1.184653e-07,0.0124376
1.185153e-07,0.022736
1.185653e-07,0.0254548
1.186153e-07,0.0239169
1.186653e-07,0.022324
1.187153e-07,0.023093
1.187653e-07,0.0232303
1.188153e-07,0.019825
1.188653e-07,0.0167766
1.189153e-07,0.0154585
1.189653e-07,0.0148268
1.190153e-07,0.00919703
1.190653e-07,0.000491449
1.191153e-07,0.000354137
1.191653e-07,0.00296306
1.192153e-07,0.000106976
1.192653e-07,-0.00162315
1.193153e-07,-0.00362791
1.193653e-07,-0.00744518
1.194153e-07,-0.00211748
1.194653e-07,0.00735705
1.195153e-07,0.00623109
1.195653e-07,-0.00162315
1.196153e-07,-0.00508342
1.196653e-07,-0.000661971
1.197153e-07,0.00705496
1.197653e-07,0.012108
1.198153e-07,0.0169689
1.198653e-07,0.0171611
1.199153e-07,0.00867524
1.199653e-07,0.0091421
1.200153e-07,0.0199897
1.200653e-07,0.023093
1.201153e-07,0.0177653
1.201653e-07,0.0128221
1.202153e-07,0.0118609
1.202653e-07,0.0133438
1.203153e-07,0.011037
1.203653e-07,-0.00123868
1.204153e-07,-0.014503
1.204653e-07,-0.0179633
1.205153e-07,-0.0177436
1.205653e-07,-0.0178534
1.206153e-07,-0.0135144
1.206653e-07,-0.00607206
1.207153e-07,-0.00546789
1.207653e-07,-0.0109054
1.208153e-07,-0.0142559
1.208653e-07,-0.0185674
1.209153e-07,-0.0209292
1.209653e-07,-0.0135968
1.210153e-07,-0.00508342
1.210653e-07,-0.00434193
1.211153e-07,-0.00695086
1.211653e-07,-0.00165062
1.212153e-07,0.0130967
1.212653e-07,0.0204841
1.213153e-07,0.0137832
1.213653e-07,0.00345739
1.214153e-07,0.000793536
1.214653e-07,0.00408902
1.215153e-07,0.00326515
1.215653e-07,0.00167233
1.216153e-07,-0.00307866
1.216653e-07,-0.011235
1.217153e-07,-0.00728041
1.217653e-07,0.00730212
1.218153e-07,0.0162274
1.218653e-07,0.0205939
1.219153e-07,0.032952
1.219653e-07,0.0370439
1.220153e-07,0.0234225
1.220653e-07,0.0162823
1.221153e-07,0.0131241
1.221653e-07,0.000793536
1.222153e-07,-0.0103837
1.222653e-07,-0.0140911
1.223153e-07,-0.00700578
1.223653e-07,0.0107349
1.224153e-07,0.0231479
1.224653e-07,0.02161
1.225153e-07,0.0215551
1.225653e-07,0.0260589
1.226153e-07,0.01436
1.226653e-07,-0.00118376
1.227153e-07,0.00238635
1.227653e-07,0.00601139
1.228153e-07,-0.000799283
1.228653e-07,-0.00313359
1.229153e-07,0.00299053
1.229653e-07,0.0117236
1.230153e-07,0.0150191
1.230653e-07,0.0105701
1.231153e-07,0.0093618
1.231653e-07,0.0160626
1.232153e-07,0.0217748
1.232653e-07,0.0200996
1.233153e-07,0.0151014
1.233653e-07,0.0157605
1.234153e-07,0.0182596
1.234653e-07,0.0147444
1.235153e-07,0.0121904
1.235653e-07,0.0144698
1.236153e-07,0.0119433
1.236653e-07,0.00378694
1.237153e-07,-0.00612699
1.237653e-07,-0.0217256
1.238153e-07,-0.0285912
1.238653e-07,-0.018183
1.239153e-07,-0.0123609
1.239653e-07,-0.0126356
1.240153e-07,-0.00700578
1.240653e-07,-0.00329836
1.241153e-07,-0.00403984
1.241653e-07,-0.00662131
1.242153e-07,-0.013075
1.242653e-07,-0.0162057
1.243153e-07,-0.0107132
1.243653e-07,-0.00395746
1.244153e-07,-2.87366e-06
1.244653e-07,0.00620363
1.245153e-07,0.013948
1.245653e-07,0.0125749
1.246153e-07,0.00260605
1.246653e-07,-0.00631922
1.247153e-07,-0.011235
1.247653e-07,-0.0102738
1.248153e-07,-0.0102189
1.248653e-07,-0.0119765
1.249153e-07,-0.00456163
1.249653e-07,0.00686272
1.250153e-07,0.0124925
1.250653e-07,0.0109546
1.251153e-07,0.00581915
1.251653e-07,0.00112308
1.252153e-07,-0.00489118
1.252653e-07,-0.00901054
1.253153e-07,-0.00895561
1.253653e-07,-0.0126905
1.254153e-07,-0.0149424
1.254653e-07,-0.0056052
1.255153e-07,0.000738611
1.255653e-07,-0.000799283
1.256153e-07,0.00238635
1.256653e-07,0.0038144
1.257153e-07,0.00101323
1.257653e-07,0.0024962
1.258153e-07,0.00172726
1.258653e-07,-0.00338075
1.259153e-07,-0.00316105
1.259653e-07,-0.000607046
1.260153e-07,-0.00176047
1.260653e-07,-0.000607046
1.261153e-07,0.00364962
1.261653e-07,0.00507767
1.262153e-07,0.00304545
1.262653e-07,-0.00101898
1.263153e-07,-0.00280404
1.263653e-07,-0.00541296
1.264153e-07,-0.0159311
1.264653e-07,-0.0220002
1.265153e-07,-0.0220277
1.265653e-07,-0.0245542
1.266153e-07,-0.0222749
1.266653e-07,-0.0188695
1.267153e-07,-0.0140087
1.267653e-07,-0.00862606
1.268153e-07,-0.0131848
1.268653e-07,-0.0160409
1.269153e-07,-0.0178809
1.269653e-07,-0.0226319
1.270153e-07,-0.0182928
1.270653e-07,-0.0142833
1.271153e-07,-0.0143657
1.271653e-07,-0.00653892
1.272153e-07,0.00299053
1.272653e-07,0.00400663
1.273153e-07,0.00213919
1.273653e-07,0.00318276
1.274153e-07,0.00200188
1.274653e-07,-0.00316105
1.275153e-07,-0.00409477
1.275653e-07,0.00139771
1.276153e-07,0.00219412
1.276653e-07,-0.00486372
1.277153e-07,-0.00950486
1.277653e-07,-0.0101365
1.278153e-07,-0.00708817
1.278653e-07,0.00117801
1.279153e-07,0.00208427
1.279653e-07,-0.00662131
1.280153e-07,-0.00719802
1.280653e-07,-0.000250035
1.281153e-07,-0.000799283
1.281653e-07,-0.00483625
1.282153e-07,-0.000579584
1.282653e-07,0.00535229
1.283153e-07,0.00554453
1.283653e-07,0.00631348
1.284153e-07,0.0117785
1.284653e-07,0.0157056
1.285153e-07,0.00873017
1.285653e-07,-0.00222733
1.286153e-07,-0.0060446
1.286653e-07,-0.011949
1.287153e-07,-0.018128
1.287653e-07,-0.0118392
1.288153e-07,-0.00203509
1.288653e-07,0.00224904
1.289153e-07,0.00862032
1.289653e-07,0.0179301
1.290153e-07,0.0177653
1.290653e-07,0.00546214
1.291153e-07,-0.0077198
1.291653e-07,-0.0149973
1.292153e-07,-0.0184027
1.292653e-07,-0.0209841
1.293153e-07,-0.0198033
1.293653e-07,-0.0102189
1.294153e-07,-0.00365537
1.294653e-07,-0.00486372
1.295153e-07,0.00194696
1.295653e-07,0.0118609
1.296153e-07,0.0132889
1.296653e-07,0.0147719
1.297153e-07,0.0196327
1.297653e-07,0.020539
1.298153e-07,0.0158155
1.298653e-07,0.0137558
1.299153e-07,0.0161999
1.299653e-07,0.0108173
1.300153e-07,-0.00354552
1.300653e-07,-0.0143382
1.301153e-07,-0.0232361
1.301653e-07,-0.0329577
1.302153e-07,-0.0306234
1.302653e-07,-0.0164803
1.303153e-07,-0.0108505
1.303653e-07,-0.0223573
1.304153e-07,-0.0334246
1.304653e-07,-0.0285363
1.305153e-07,-0.0138988
1.305653e-07,-0.00274911
1.306153e-07,0.00109562
1.306653e-07,0.0010407
1.307153e-07,0.00186457
1.307653e-07,0.00765913
1.308153e-07,0.011037
1.308653e-07,0.00851047
1.309153e-07,0.0082633
1.309653e-07,0.0104878
1.310153e-07,0.0107349
1.310653e-07,0.00925195
1.311153e-07,0.0113391
1.311653e-07,0.0135361
1.312153e-07,0.0119982
1.312653e-07,0.0153211
1.313153e-07,0.0186166
1.313653e-07,0.0161725
1.314153e-07,0.0101307
1.314653e-07,-0.00137599
1.315153e-07,-0.0083789
1.315653e-07,-0.00294135
1.316153e-07,0.0035947
1.316653e-07,0.00180964
1.317153e-07,-0.00403984
1.317653e-07,-0.00901054
1.318153e-07,-0.00747264
1.318653e-07,0.00095831
1.319153e-07,0.00617616
1.319653e-07,0.00598393
1.320153e-07,0.00348485
1.320653e-07,0.00370455
1.321153e-07,0.00700004
1.321653e-07,0.00735705
1.322153e-07,0.00675287
1.322653e-07,0.00505021
1.323153e-07,0.00153502
1.323653e-07,-8.52608e-05
1.324153e-07,0.00027175
1.324653e-07,-0.000250035
1.325153e-07,-0.000936595
1.325653e-07,0.00244128
1.326153e-07,0.00235889
1.326653e-07,-0.00566013
1.327153e-07,-0.00920277
1.327653e-07,-0.00728041
1.328153e-07,-0.00840636
1.328653e-07,-0.0092577
1.329153e-07,-0.00469894
1.329653e-07,0.00112308
1.330153e-07,0.00084846
1.330653e-07,-0.0079395
1.331153e-07,-0.0155191
1.331653e-07,-0.0122786
1.332153e-07,-0.00159569
1.332653e-07,0.00884002
1.333153e-07,0.00916956
1.333653e-07,-0.0023921
1.334153e-07,-0.011592
1.334653e-07,-0.00898307
1.335153e-07,0.00167233
1.335653e-07,0.0127122
1.336153e-07,0.0121355
1.336653e-07,0.000875923
1.337153e-07,-0.00505595
1.337653e-07,-0.00387507
1.338153e-07,-0.00505595
1.338653e-07,-0.0062643
1.339153e-07,-0.000936595
1.339653e-07,0.00321023
1.340153e-07,0.00488543
1.340653e-07,0.00988359
1.341153e-07,0.0127671
1.341653e-07,0.0139755
1.342153e-07,0.0181223
1.342653e-07,0.0209784
1.343153e-07,0.017216
1.343653e-07,0.0120531
1.344153e-07,0.00873017
1.344653e-07,0.0003816
1.345153e-07,-0.00596221
1.345653e-07,-0.000359885
1.346153e-07,0.00721973
1.346653e-07,0.0102955
1.347153e-07,0.012163
1.347653e-07,0.00647825
1.348153e-07,-0.0019527
1.348653e-07,-0.00030496
1.349153e-07,0.000793536
1.349653e-07,-0.00977948
1.350153e-07,-0.0220826
1.350653e-07,-0.0211764
1.351153e-07,-0.0108231
1.351653e-07,-0.00906546
1.352153e-07,-0.00958725
1.352653e-07,0.00452842
1.353153e-07,0.0185068
1.353653e-07,0.0151564
1.354153e-07,0.00606631
1.354653e-07,0.0042538
1.355153e-07,-0.00030496
1.355653e-07,-0.0154093
1.356153e-07,-0.0235656
1.356653e-07,-0.0204349
1.357153e-07,-0.0185949
1.357653e-07,-0.0159036
1.358153e-07,-0.0120314
1.358653e-07,-0.0106308
1.359153e-07,-0.00983441
1.359653e-07,-0.0112075
1.360153e-07,-0.0111801
1.360653e-07,-0.00637415
1.361153e-07,-0.00332582
1.361653e-07,-0.00620937
1.362153e-07,-0.0161508
1.362653e-07,-0.0311178
1.363153e-07,-0.0410866
1.363653e-07,-0.0387798
1.364153e-07,-0.0280694
1.364653e-07,-0.0170296
1.365153e-07,-0.0119765
1.365653e-07,-0.0151621
1.366153e-07,-0.0207644
1.366653e-07,-0.0210391
1.367153e-07,-0.0142559
1.367653e-07,-0.00662131
1.368153e-07,-0.00269419
1.368653e-07,0.00150756
1.369153e-07,0.00779644
1.369653e-07,0.0156232
1.370153e-07,0.0190286
1.370653e-07,0.0115039
1.371153e-07,0.00452842
1.371653e-07,0.00496782
1.372153e-07,-0.00165062
1.372653e-07,-0.0136517
1.373153e-07,-0.0085986
1.373653e-07,0.00367709
1.374153e-07,-0.000854208
1.374653e-07,-0.00678608
1.375153e-07,-0.00642907
1.375653e-07,-0.0102463
1.376153e-07,-0.00821413
1.376653e-07,-0.00198017
1.377153e-07,-0.000387347
1.377653e-07,0.00197442
1.378153e-07,0.00183711
1.378653e-07,-0.00277657
1.379153e-07,-0.00376522
1.379653e-07,-0.00187032
1.380153e-07,-0.000250035
1.380653e-07,0.00656064
1.381153e-07,0.0125749
1.381653e-07,0.0070275
1.382153e-07,0.00268844
1.382653e-07,0.0102955
1.383153e-07,0.0163372
1.383653e-07,0.0103779
1.384153e-07,0.00084846
1.384653e-07,-0.00143092
1.385153e-07,0.00818092
1.385653e-07,0.0231754
1.386153e-07,0.0221318
1.386653e-07,0.00818092
1.387153e-07,0.00540722
1.387653e-07,0.00433618
1.388153e-07,-0.00406731
1.388653e-07,-0.00376522
1.389153e-07,-0.00373776
1.389653e-07,-0.0110977
1.390153e-07,-0.00664877
1.390653e-07,0.00406156
1.391153e-07,0.0054896
1.391653e-07,0.00705496
1.392153e-07,0.00700004
1.392653e-07,-0.000277498
1.393153e-07,0.000601299
1.393653e-07,0.00197442
1.394153e-07,-0.00857114
1.394653e-07,-0.00997172
1.395153e-07,0.00488543
1.395653e-07,0.00815346
1.396153e-07,-0.00955978
1.396653e-07,-0.0173316
1.397153e-07,-0.00752757
1.397653e-07,-0.00338075
1.398153e-07,-0.000222573
1.398653e-07,0.0115039
1.399153e-07,0.0154859
1.399653e-07,0.0098012
1.400153e-07,0.00812599
1.400653e-07,0.00537975
1.401153e-07,-0.000469734
1.401653e-07,0.00189203
1.402153e-07,0.00367709
1.402653e-07,-0.00198017
1.403153e-07,-0.000167648
1.403653e-07,0.00518752
1.404153e-07,0.00455588
1.404653e-07,0.00790629
1.405153e-07,0.0117236
1.405653e-07,0.00834569
1.406153e-07,0.00598393
1.406653e-07,0.00664302
1.407153e-07,0.00290814
1.407653e-07,-0.00483625
1.408153e-07,-0.0037103
1.408653e-07,0.00202934
1.409153e-07,0.000628761
1.409653e-07,0.00348485
1.410153e-07,0.00518752
1.410653e-07,-0.0021724
1.411153e-07,-0.00236464
1.411653e-07,-0.00145838
1.412153e-07,-0.0142284
1.412653e-07,-0.0269984
1.413153e-07,-0.023291
1.413653e-07,-0.0113448
1.414153e-07,-0.00403984
1.414653e-07,0.00485797
1.415153e-07,0.0147994
1.415653e-07,0.0148817
1.416153e-07,0.0114489
1.416653e-07,0.0134262
1.417153e-07,0.0209509
1.417653e-07,0.0246584
1.418153e-07,0.00856539
1.418653e-07,-0.0119215
1.419153e-07,-0.0146678
1.419653e-07,-0.0153543
1.420153e-07,-0.022879
1.420653e-07,-0.0243895
1.421153e-07,-0.0186773
1.421653e-07,-0.0130475
1.422153e-07,-0.00747264
1.422653e-07,0.000903385
1.423153e-07,0.00496782
1.423653e-07,-0.0028315
1.424153e-07,-0.0117019
1.424653e-07,-0.012718
1.425153e-07,-0.00977948
1.425653e-07,-0.00250195
1.426153e-07,0.00831823
1.426653e-07,0.019468
1.427153e-07,0.0266082
1.427653e-07,0.0255371
1.428153e-07,0.0203193
1.428653e-07,0.0135086
1.429153e-07,0.00916956
1.429653e-07,0.0105427
1.430153e-07,0.00842808
1.430653e-07,-0.00209002
1.431153e-07,-0.0128278
1.431653e-07,-0.0172218
1.432153e-07,-0.0149424
1.432653e-07,-0.00486372
1.433153e-07,0.00469319
1.433653e-07,0.0044735
1.434153e-07,0.00623109
1.434653e-07,0.0152662
1.435153e-07,0.017271
1.435653e-07,0.00996597
1.436153e-07,0.00634094
1.436653e-07,0.00771406
1.437153e-07,0.00754928
1.437653e-07,0.00625855
1.438153e-07,0.00510513
1.438653e-07,-0.000140186
1.439153e-07,-0.0146678
1.439653e-07,-0.0209292
1.440153e-07,-0.0100816
1.440653e-07,-0.00458909
1.441153e-07,-0.0053855
1.441653e-07,-0.00675862
1.442153e-07,-0.00615445
1.442653e-07,0.00639586
1.443153e-07,0.0179026
1.443653e-07,0.0199348
1.444153e-07,0.019413
1.444653e-07,0.0197426
1.445153e-07,0.022736
1.445653e-07,0.0182596
1.446153e-07,0.00820838
1.446653e-07,0.00516006
1.447153e-07,0.000711148
1.447653e-07,-0.00530311
1.448153e-07,-0.00813174
1.448653e-07,-0.00939501
1.449153e-07,-0.00417716
1.449653e-07,-0.00478133
1.450153e-07,-0.0175788
1.450653e-07,-0.0210116
1.451153e-07,-0.0108231
1.451653e-07,-0.00511088
1.452153e-07,-0.00406731
1.452653e-07,0.00274337
1.453153e-07,0.0151014
1.453653e-07,0.0238619
1.454153e-07,0.0195778
1.454653e-07,0.0145522
1.455153e-07,0.0174357
1.455653e-07,0.0157056
1.456153e-07,0.0100758
1.456653e-07,0.00672541
1.457153e-07,0.0070275
1.457653e-07,0.00889494
1.458153e-07,0.00845554
1.458653e-07,0.0116961
1.459153e-07,0.0171062
1.459653e-07,0.00944419
1.460153e-07,-0.00942247
1.460653e-07,-0.0230164
1.461153e-07,-0.0290306
1.461653e-07,-0.0318592
1.462153e-07,-0.0306784
1.462653e-07,-0.0253507
1.463153e-07,-0.0155466
1.463653e-07,-0.00244703
1.464153e-07,0.00919703
1.464653e-07,0.0144698
1.465153e-07,0.0102681
1.465653e-07,0.00532483
1.466153e-07,0.00862032
1.466653e-07,0.0107349
1.467153e-07,0.00845554
1.467653e-07,0.00691765
1.468153e-07,0.00752182
1.468653e-07,0.0137558
1.469153e-07,0.0181772
1.469653e-07,0.0159253
1.470153e-07,0.0103779
1.470653e-07,0.000518912
1.471153e-07,-0.00741772
1.471653e-07,-0.00983441
1.472153e-07,-0.0117842
1.472653e-07,-0.0164528
1.473153e-07,-0.0233734
1.473653e-07,-0.0241972
1.474153e-07,-0.0138714
1.474653e-07,-0.00233718
1.475153e-07,0.00351231
1.475653e-07,0.010323
1.476153e-07,0.018699
1.476653e-07,0.0164471
1.477153e-07,0.00452842
1.477653e-07,-0.00233718
1.478153e-07,-0.00134853
1.478653e-07,0.00529737
1.479153e-07,0.0166393
1.479653e-07,0.0211432
1.480153e-07,0.0137832
1.480653e-07,0.00864778
1.481153e-07,0.00774152
1.481653e-07,0.00205681
1.482153e-07,-0.00777473
1.482653e-07,-0.0191167
1.483153e-07,-0.0246092
1.483653e-07,-0.0231811
1.484153e-07,-0.0223298
1.484653e-07,-0.0213137
1.485153e-07,-0.0244719
1.485653e-07,-0.0355667
1.486153e-07,-0.0399606
1.486653e-07,-0.0305136
1.487153e-07,-0.0205722
1.487653e-07,-0.0145305
1.488153e-07,-0.0088183
1.488653e-07,5.20511e-05
1.489153e-07,0.0160077
1.489653e-07,0.0257019
1.490153e-07,0.0221043
1.490653e-07,0.0191659
1.491153e-07,0.0194954
1.491653e-07,0.0144698
1.492153e-07,0.0052699
1.492653e-07,-2.87366e-06
1.493153e-07,0.00716481
1.493653e-07,0.0185892
1.494153e-07,0.0145797
1.494653e-07,0.00524244
1.495153e-07,0.00782391
1.495653e-07,0.0100209
1.496153e-07,0.00716481
1.496653e-07,0.00862032
1.497153e-07,0.00466573
1.497653e-07,-0.00181539
1.498153e-07,-3.03361e-05
1.498653e-07,-0.00393
1.499153e-07,-0.0119765
1.499653e-07,-0.0100266
1.500153e-07,0.000793536
1.500653e-07,0.0114489
1.501153e-07,0.0197975
1.501653e-07,0.0273497
1.502153e-07,0.0237796
1.502653e-07,0.0130692
1.503153e-07,0.00378694
1.503653e-07,-0.00728041
1.504153e-07,-0.0136517
1.504653e-07,-0.0183203
1.505153e-07,-0.0239226
1.505653e-07,-0.0211214
1.506153e-07,-0.0148875
1.506653e-07,-0.0109054
1.507153e-07,-0.0096971
1.507653e-07,-0.0131574
1.508153e-07,-0.0156839
1.508653e-07,-0.0109329
1.509153e-07,-0.00725294
1.509653e-07,-0.0113998
1.510153e-07,-0.00890069
1.510653e-07,0.00348485
1.511153e-07,0.0189736
1.511653e-07,0.0376755
1.512153e-07,0.0465459
1.512653e-07,0.0419047
1.513153e-07,0.0334738
1.513653e-07,0.0188089
1.514153e-07,0.00277083
1.514653e-07,-0.00206255
1.515153e-07,0.000628761
1.515653e-07,0.00617616
1.516153e-07,0.0161175
1.516653e-07,0.0242464
1.517153e-07,0.0287228
1.517653e-07,0.0307275
1.518153e-07,0.0278989
1.518653e-07,0.0236148
1.519153e-07,0.0219396
1.519653e-07,0.0229831
1.520153e-07,0.0224614
1.520653e-07,0.018342
1.521153e-07,0.0161999
1.521653e-07,0.0198799
1.522153e-07,0.0223515
1.522653e-07,0.0229008
1.523153e-07,0.0286404
1.523653e-07,0.0283932
1.524153e-07,0.0175181
1.524653e-07,0.0112842
1.525153e-07,0.0144698
1.525653e-07,0.0169414
1.526153e-07,0.0109546
1.526653e-07,0.0022765
1.527153e-07,-0.00453417
1.527653e-07,-0.0110977
1.528153e-07,-0.0133771
1.528653e-07,-0.00909292
1.529153e-07,-0.00579744
1.529653e-07,-0.00467148
1.530153e-07,-0.00143092
1.530653e-07,-0.00176047
1.531153e-07,-0.00587982
1.531653e-07,-0.0111801
1.532153e-07,-0.0165627
1.532653e-07,-0.0176337
1.533153e-07,-0.0170021
1.533653e-07,-0.014146
1.534153e-07,-0.0121687
1.534653e-07,-0.0138714
1.535153e-07,-0.00832398
1.535653e-07,-5.77984e-05
1.536153e-07,0.000216825
1.536653e-07,-0.00568759
1.537153e-07,-0.0136791
1.537653e-07,-0.0140087
1.538153e-07,-0.00917531
1.538653e-07,-0.00890069
1.539153e-07,-0.00714309
1.539653e-07,-0.00324344
1.540153e-07,-0.00453417
1.540653e-07,-0.00552281
1.541153e-07,0.000903385
1.541653e-07,0.0035947
1.542153e-07,-0.000469734
1.542653e-07,0.00288068
1.543153e-07,0.00656064
1.543653e-07,-0.000799283
1.544153e-07,-0.00667623
1.544653e-07,-0.00695086
1.545153e-07,-0.0114547
1.545653e-07,-0.0179907
1.546153e-07,-0.0231537
1.546653e-07,-0.0285088
1.547153e-07,-0.0264217
1.547653e-07,-0.0168099
1.548153e-07,-0.00857114
1.548653e-07,-0.00137599
1.549153e-07,0.00329261
1.549653e-07,0.00428126
1.550153e-07,0.00631348
1.550653e-07,0.00603885
1.551153e-07,0.00186457
1.551653e-07,-5.77984e-05
1.552153e-07,0.00252367
1.552653e-07,0.00439111
1.553153e-07,0.0052699
1.553653e-07,0.0165844
1.554153e-07,0.0238345
1.554653e-07,0.00919703
1.555153e-07,-0.00431447
1.555653e-07,-0.00642907
1.556153e-07,-0.00912039
1.556653e-07,-0.0104111
1.557153e-07,-0.00513834
1.557653e-07,-0.000222573
1.558153e-07,-0.00222733
1.558653e-07,-0.00101898
1.559153e-07,0.00084846
1.559653e-07,-0.00475387
1.560153e-07,-0.00557774
1.560653e-07,0.000903385
1.561153e-07,0.00969135
1.561653e-07,0.0200721
1.562153e-07,0.0240267
1.562653e-07,0.0194405
1.563153e-07,0.0192483
1.563653e-07,0.0192483
1.564153e-07,0.00793376
1.564653e-07,0.00224904
1.565153e-07,0.00568184
1.565653e-07,0.0065881
1.566153e-07,0.00796122
1.566653e-07,0.00180964
1.567153e-07,-0.00895561
1.567653e-07,-0.00384761
1.568153e-07,0.00362216
1.568653e-07,-0.00247449
1.569153e-07,-0.00766488
1.569653e-07,-0.00758249
1.570153e-07,-0.00640161
1.570653e-07,-0.00596221
1.571153e-07,-0.0105484
1.571653e-07,-0.0135693
1.572153e-07,-0.00686847
1.572653e-07,0.00153502
1.573153e-07,0.00356724
1.573653e-07,0.00301799
1.574153e-07,0.00252367
1.574653e-07,0.00169979
1.575153e-07,-0.00423208
1.575653e-07,-0.0124708
1.576153e-07,-0.0133221
1.576653e-07,-0.0132947
1.577153e-07,-0.0139812
1.577653e-07,-0.00695086
1.578153e-07,-0.00373776
1.578653e-07,-0.0106857
1.579153e-07,-0.00846129
1.579653e-07,0.00617616
1.580153e-07,0.015431
1.580653e-07,0.0178202
1.581153e-07,0.0164471
1.581653e-07,0.0091421
1.582153e-07,0.00573677
1.582653e-07,0.00818092
1.583153e-07,0.00787883
1.583653e-07,0.00364962
1.584153e-07,-0.00563266
1.584653e-07,-0.0203525
1.585153e-07,-0.030239
1.585653e-07,-0.0314198
1.586153e-07,-0.0333422
1.586653e-07,-0.0368299
1.587153e-07,-0.037489
1.587653e-07,-0.0319691
1.588153e-07,-0.0194737
1.588653e-07,-0.010466
1.589153e-07,-0.00596221
1.589653e-07,-0.000826745
1.590153e-07,-0.00486372
1.590653e-07,-0.0154367
1.591153e-07,-0.0222474
1.591653e-07,-0.0276026
1.592153e-07,-0.0218629
1.592653e-07,-0.00546789
1.593153e-07,0.00672541
1.593653e-07,0.0184793
1.594153e-07,0.0241915
1.594653e-07,0.017216
1.595153e-07,0.0138382
1.595653e-07,0.015431
1.596153e-07,0.0123827
