LECROYWR640Zi,59892,Waveform
Segments,1,SegmentSize,4002
Segment,TrigTime,TimeSinceSegment1
#1,01-Nov-2023 13:34:13,0                 
Time,Ampl
-4.041614e-08,-0.0118392
-4.036614e-08,-0.0146403
-4.031614e-08,-0.0153818
-4.026614e-08,-0.0127454
-4.021614e-08,-0.0015133
-4.016614e-08,0.00397917
-4.011614e-08,-0.00211748
-4.006614e-08,-0.00571505
-4.001614e-08,-0.00285896
-3.996614e-08,-0.00140346
-3.991614e-08,-0.0058249
-3.986614e-08,-0.00961471
-3.981614e-08,-0.00782965
-3.976614e-08,-0.00571505
-3.971614e-08,-0.00291389
-3.966614e-08,-0.000716896
-3.961614e-08,-0.0060446
-3.956614e-08,-0.00997172
-3.951614e-08,-0.00708817
-3.946614e-08,-0.00782965
-3.941614e-08,-0.00478133
-3.936614e-08,0.00378694
-3.931614e-08,0.00433618
-3.926614e-08,0.00288068
-3.921614e-08,-0.00107391
-3.916614e-08,-0.0126081
-3.911614e-08,-0.0209292
-3.906614e-08,-0.0252957
-3.901614e-08,-0.0291405
-3.896614e-08,-0.025845
-3.891614e-08,-0.0127729
-3.886614e-08,-0.00294135
-3.881614e-08,0.00084846
-3.876614e-08,0.0117785
-3.871614e-08,0.0248231
-3.866614e-08,0.026718
-3.861614e-08,0.0193306
-3.856614e-08,0.0144423
-3.851614e-08,0.0098012
-3.846614e-08,0.00230397
-3.841614e-08,0.00373201
-3.836614e-08,0.00831823
-3.831614e-08,0.0093618
-3.826614e-08,0.00837315
-3.821614e-08,-0.000579584
-3.816614e-08,-0.0103013
-3.811614e-08,-0.00906546
-3.806614e-08,-0.00310612
-3.801614e-08,-0.00620937
-3.796614e-08,-0.00909292
-3.791614e-08,-0.00123868
-3.786614e-08,0.00310038
-3.781614e-08,0.00411648
-3.776614e-08,0.00710988
-3.771614e-08,0.00785137
-3.766614e-08,0.00925195
-3.761614e-08,0.00842808
-3.756614e-08,0.00507767
-3.751614e-08,0.00554453
-3.746614e-08,0.00502274
-3.741614e-08,0.00200188
-3.736614e-08,0.00095831
-3.731614e-08,-0.00467148
-3.726614e-08,-0.0132397
-3.721614e-08,-0.014503
-3.716614e-08,-0.0126356
-3.711614e-08,-0.0113998
-3.706614e-08,-0.0103287
-3.701614e-08,-0.0120314
-3.696614e-08,-0.0107407
-3.691614e-08,-0.00747264
-3.686614e-08,-0.00884576
-3.681614e-08,-0.00818667
-3.676614e-08,-0.00310612
-3.671614e-08,0.0024962
-3.666614e-08,0.0054896
-3.661614e-08,0.00823584
-3.656614e-08,0.0127122
-3.651614e-08,0.00743943
-3.646614e-08,-0.00346313
-3.641614e-08,-0.00631922
-3.636614e-08,-0.00546789
-3.631614e-08,-0.00384761
-3.626614e-08,-0.00165062
-3.621614e-08,-0.00491864
-3.616614e-08,-0.0107407
-3.611614e-08,-0.00994426
-3.606614e-08,-0.00928516
-3.601614e-08,-0.0117293
-3.596614e-08,-0.00351806
-3.591614e-08,0.00557199
-3.586614e-08,-0.00143092
-3.581614e-08,-0.00887322
-3.576614e-08,-0.00500103
-3.571614e-08,-0.00541296
-3.566614e-08,-0.00898307
-3.561614e-08,-0.00351806
-3.556614e-08,-0.000579584
-3.551614e-08,-0.00030496
-3.546614e-08,0.00829077
-3.541614e-08,0.0157605
-3.536614e-08,0.0158429
-3.531614e-08,0.017628
-3.526614e-08,0.0269103
-3.521614e-08,0.0349842
-3.516614e-08,0.0345173
-3.511614e-08,0.0303431
-3.506614e-08,0.0305353
-3.501614e-08,0.0339681
-3.496614e-08,0.0293544
-3.491614e-08,0.0157605
-3.486614e-08,-0.001733
-3.481614e-08,-0.0201328
-3.476614e-08,-0.0283715
-3.471614e-08,-0.0187597
-3.466614e-08,-0.00423208
-3.461614e-08,-0.00263926
-3.456614e-08,-0.00667623
-3.451614e-08,2.45887e-05
-3.446614e-08,0.011394
-3.441614e-08,0.0155408
-3.436614e-08,0.0121355
-3.431614e-08,0.00996597
-3.426614e-08,0.0157056
-3.421614e-08,0.0227634
-3.416614e-08,0.0243837
-3.411614e-08,0.0257568
-3.406614e-08,0.0303156
-3.401614e-08,0.0278165
-3.396614e-08,0.0153486
-3.391614e-08,0.00164487
-3.386614e-08,-0.00840636
-3.381614e-08,-0.0107407
-3.376614e-08,-0.000250035
-3.371614e-08,0.0159528
-3.366614e-08,0.0149916
-3.361614e-08,0.000216825
-3.356614e-08,-0.00763742
-3.351614e-08,-0.0149424
-3.346614e-08,-0.0211489
-3.341614e-08,-0.0160958
-3.336614e-08,-0.00700578
-3.331614e-08,0.00216665
-3.326614e-08,0.01068
-3.321614e-08,0.0155683
-3.316614e-08,0.0201545
-3.311614e-08,0.0262786
-3.306614e-08,0.0279813
-3.301614e-08,0.0233127
-3.296614e-08,0.0219945
-3.291614e-08,0.0231754
-3.286614e-08,0.0156781
-3.281614e-08,0.00483051
-3.276614e-08,-3.03361e-05
-3.271614e-08,-0.00277657
-3.266614e-08,-0.0125257
-3.261614e-08,-0.0241423
-3.256614e-08,-0.0211489
-3.251614e-08,-0.010466
-3.246614e-08,-0.00914785
-3.241614e-08,-0.0110153
-3.236614e-08,-0.00739026
-3.231614e-08,-0.00409477
-3.226614e-08,-0.00511088
-3.221614e-08,-0.00299627
-3.216614e-08,0.00189203
-3.211614e-08,0.000106976
-3.206614e-08,-0.00211748
-3.201614e-08,0.000711148
-3.196614e-08,0.00235889
-3.191614e-08,-0.00123868
-3.186614e-08,-0.00659385
-3.181614e-08,-0.0067037
-3.176614e-08,-0.0032709
-3.171614e-08,-0.00453417
-3.166614e-08,-0.0122511
-3.161614e-08,-0.0134594
-3.156614e-08,-0.00436939
-3.151614e-08,0.00235889
-3.146614e-08,0.00672541
-3.141614e-08,0.0100209
-3.136614e-08,0.0118883
-3.131614e-08,0.0148543
-3.126614e-08,0.0123277
-3.121614e-08,0.00474812
-3.116614e-08,-0.0047264
-3.111614e-08,-0.0146129
-3.106614e-08,-0.0184576
-3.101614e-08,-0.0223023
-3.096614e-08,-0.0274378
-3.091614e-08,-0.0240874
-3.086614e-08,-0.0193364
-3.081614e-08,-0.0175239
-3.076614e-08,-0.00777473
-3.071614e-08,0.00318276
-3.066614e-08,0.0061487
-3.061614e-08,0.0138107
-3.056614e-08,0.0248506
-3.051614e-08,0.0224339
-3.046614e-08,0.0130967
-3.041614e-08,0.0102406
-3.036614e-08,0.00732958
-3.031614e-08,-0.00486372
-3.026614e-08,-0.0190892
-3.021614e-08,-0.023648
-3.016614e-08,-0.0188146
-3.011614e-08,-0.0130475
-3.006614e-08,-0.0138988
-3.001614e-08,-0.0138988
-2.996614e-08,-0.00557774
-2.991614e-08,-0.00134853
-2.986614e-08,0.000409062
-2.981614e-08,0.0095815
-2.976614e-08,0.0149367
-2.971614e-08,0.0179026
-2.966614e-08,0.0238619
-2.961614e-08,0.023093
-2.956614e-08,0.0219396
-2.951614e-08,0.0175731
-2.946614e-08,0.00310038
-2.941614e-08,-0.00222733
-2.936614e-08,-0.00244703
-2.931614e-08,-0.0107407
-2.926614e-08,-0.014146
-2.921614e-08,-0.0118666
-2.916614e-08,-0.0125532
-2.911614e-08,-0.0138988
-2.906614e-08,-0.0112899
-2.901614e-08,-0.00458909
-2.896614e-08,0.00285321
-2.891614e-08,0.00974627
-2.886614e-08,0.0138931
-2.881614e-08,0.0153761
-2.876614e-08,0.018699
-2.871614e-08,0.0186715
-2.866614e-08,0.0065881
-2.861614e-08,-0.00684101
-2.856614e-08,-0.00980695
-2.851614e-08,-0.00824159
-2.846614e-08,-0.00796697
-2.841614e-08,-0.0143382
-2.836614e-08,-0.0209841
-2.831614e-08,-0.0149424
-2.826614e-08,-0.00596221
-2.821614e-08,-0.000250035
-2.816614e-08,0.00326515
-2.811614e-08,-0.00178793
-2.806614e-08,-0.00587982
-2.801614e-08,-0.00167808
-2.796614e-08,-0.00162315
-2.791614e-08,-0.00612699
-2.786614e-08,-0.0115096
-2.781614e-08,-0.018128
-2.776614e-08,-0.0132397
-2.771614e-08,-0.00395746
-2.766614e-08,-0.00296881
-2.761614e-08,0.000546374
-2.756614e-08,0.00436365
-2.751614e-08,0.00669795
-2.746614e-08,0.0107075
-2.741614e-08,0.0113391
-2.736614e-08,0.0119707
-2.731614e-08,0.00900479
-2.726614e-08,0.003375
-2.721614e-08,0.00134278
-2.716614e-08,-0.00184285
-2.711614e-08,-0.00247449
-2.706614e-08,0.00321023
-2.701614e-08,0.0103779
-2.696614e-08,0.0137283
-2.691614e-08,0.00908718
-2.686614e-08,-0.00236464
-2.681614e-08,-0.00695086
-2.676614e-08,0.00507767
-2.671614e-08,0.0100484
-2.666614e-08,-0.00406731
-2.661614e-08,-0.0110977
-2.656614e-08,-0.00714309
-2.651614e-08,-0.00917531
-2.646614e-08,-0.0117293
-2.641614e-08,-0.00923024
-2.636614e-08,-0.00739026
-2.631614e-08,0.00145263
-2.626614e-08,0.0168041
-2.621614e-08,0.021253
-2.616614e-08,0.0147719
-2.611614e-08,0.00634094
-2.606614e-08,-0.00192524
-2.601614e-08,-0.00552281
-2.596614e-08,-0.00030496
-2.591614e-08,0.00472066
-2.586614e-08,-0.0037103
-2.581614e-08,-0.0154367
-2.576614e-08,-0.0176612
-2.571614e-08,-0.012306
-2.566614e-08,-0.00357298
-2.561614e-08,-0.0026118
-2.556614e-08,-0.00942247
-2.551614e-08,-0.0122511
-2.546614e-08,-0.00579744
-2.541614e-08,0.0104603
-2.536614e-08,0.0254822
-2.531614e-08,0.0303705
-2.526614e-08,0.0312493
-2.521614e-08,0.0273497
-2.516614e-08,0.0167217
-2.511614e-08,0.0123552
-2.506614e-08,0.015788
-2.501614e-08,0.0133438
-2.496614e-08,0.00947165
-2.491614e-08,0.0131241
-2.486614e-08,0.0164471
-2.481614e-08,0.0158978
-2.476614e-08,0.0140304
-2.471614e-08,0.00765913
-2.466614e-08,0.00219412
-2.461614e-08,0.00999344
-2.456614e-08,0.0213079
-2.451614e-08,0.0236422
-2.446614e-08,0.0261413
-2.441614e-08,0.0258392
-2.436614e-08,0.0155683
-2.431614e-08,0.0112018
-2.426614e-08,0.0180948
-2.421614e-08,0.0163922
-2.416614e-08,0.00145263
-2.411614e-08,-0.00977948
-2.406614e-08,-0.0114822
-2.401614e-08,-0.0023921
-2.396614e-08,0.014305
-2.391614e-08,0.020182
-2.386614e-08,0.0166943
-2.381614e-08,0.0175456
-2.376614e-08,0.0171337
-2.371614e-08,0.0127946
-2.366614e-08,0.00667049
-2.361614e-08,-0.00373776
-2.356614e-08,-0.0109329
-2.351614e-08,-0.00909292
-2.346614e-08,-0.00667623
-2.341614e-08,-0.00711563
-2.336614e-08,-0.00406731
-2.331614e-08,0.00524244
-2.326614e-08,0.0118609
-2.321614e-08,0.00669795
-2.316614e-08,0.00332008
-2.311614e-08,0.0112567
-2.306614e-08,0.0152937
-2.301614e-08,0.0103779
-2.296614e-08,0.00565438
-2.291614e-08,0.0057093
-2.286614e-08,0.00518752
-2.281614e-08,-0.00030496
-2.276614e-08,-0.00132107
-2.271614e-08,0.000601299
-2.266614e-08,-0.00222733
-2.261614e-08,-0.00557774
-2.256614e-08,-0.00818667
-2.251614e-08,-0.00802189
-2.246614e-08,-0.00425954
-2.241614e-08,-0.00420462
-2.236614e-08,-0.00634669
-2.231614e-08,-0.00154077
-2.226614e-08,0.00518752
-2.221614e-08,0.0068078
-2.216614e-08,0.00623109
-2.211614e-08,0.0089224
-2.206614e-08,0.0171886
-2.201614e-08,0.0176829
-2.196614e-08,0.00661556
-2.191614e-08,0.00288068
-2.186614e-08,0.00656064
-2.181614e-08,0.00101323
-2.176614e-08,-0.00774727
-2.171614e-08,-0.00697832
-2.166614e-08,-0.00129361
-2.161614e-08,0.00922449
-2.156614e-08,0.0201545
-2.151614e-08,0.0204566
-2.146614e-08,0.0205115
-2.141614e-08,0.0238619
-2.136614e-08,0.0215276
-2.131614e-08,0.0160626
-2.126614e-08,0.00900479
-2.121614e-08,0.00532483
-2.116614e-08,0.0052699
-2.111614e-08,0.00529737
-2.106614e-08,0.00933434
-2.101614e-08,0.00804361
-2.096614e-08,0.00095831
-2.091614e-08,0.000573836
-2.086614e-08,0.00252367
-2.081614e-08,0.0038144
-2.076614e-08,0.000189363
-2.071614e-08,-0.0107956
-2.066614e-08,-0.012718
-2.061614e-08,-0.00475387
-2.056614e-08,0.000930848
-2.051614e-08,0.00384186
-2.046614e-08,0.00414395
-2.041614e-08,0.00304545
-2.036614e-08,0.00472066
-2.031614e-08,0.00971881
-2.026614e-08,0.0123827
-2.021614e-08,0.0152662
-2.016614e-08,0.0197975
-2.011614e-08,0.0133713
-2.006614e-08,0.00274337
-2.001614e-08,-0.000222573
-1.996614e-08,0.00491289
-1.991614e-08,0.0168316
-1.986614e-08,0.0196327
-1.981614e-08,0.0151014
-1.976614e-08,0.0179575
-1.971614e-08,0.02161
-1.966614e-08,0.0205115
-1.961614e-08,0.0162549
-1.956614e-08,0.013234
-1.951614e-08,0.0141403
-1.946614e-08,0.00941673
-1.941614e-08,0.000326675
-1.936614e-08,-0.000744358
-1.931614e-08,0.00219412
-1.926614e-08,0.00524244
-1.921614e-08,0.0124101
-1.916614e-08,0.021665
-1.911614e-08,0.027844
-1.906614e-08,0.0295741
-1.901614e-08,0.0310845
-1.896614e-08,0.0278989
-1.891614e-08,0.0160352
-1.886614e-08,0.00721973
-1.881614e-08,0.00458335
-1.876614e-08,0.00112308
-1.871614e-08,-0.000222573
-1.866614e-08,0.00384186
-1.861614e-08,0.0155958
-1.856614e-08,0.024164
-1.851614e-08,0.0156232
-1.846614e-08,0.00960896
-1.841614e-08,0.0120257
-1.836614e-08,0.00384186
-1.831614e-08,-0.00782965
-1.826614e-08,-0.0103837
-1.821614e-08,-0.00980695
-1.816614e-08,-0.0094774
-1.811614e-08,-0.00291389
-1.806614e-08,0.00647825
-1.801614e-08,0.0102131
-1.796614e-08,0.00301799
-1.791614e-08,-0.0154093
-1.786614e-08,-0.028399
-1.781614e-08,-0.0237578
-1.776614e-08,-0.0175788
-1.771614e-08,-0.0206271
-1.766614e-08,-0.0149973
-1.761614e-08,7.95135e-05
-1.756614e-08,0.0065881
-1.751614e-08,0.00537975
-1.746614e-08,-0.000140186
-1.741614e-08,-0.00519326
-1.736614e-08,-0.00450671
-1.731614e-08,-0.0019527
-1.726614e-08,0.00238635
-1.721614e-08,0.00244128
-1.716614e-08,-0.00335328
-1.711614e-08,-0.00711563
-1.706614e-08,-0.013432
-1.701614e-08,-0.015629
-1.696614e-08,-0.00527565
-1.691614e-08,0.00326515
-1.686614e-08,0.0104054
-1.681614e-08,0.0230655
-1.676614e-08,0.0264159
-1.671614e-08,0.0157331
-1.666614e-08,0.00845554
-1.661614e-08,0.00886748
-1.656614e-08,0.003375
-1.651614e-08,-0.00620937
-1.646614e-08,-0.011592
-1.641614e-08,-0.0157114
-1.636614e-08,-0.0166176
-1.631614e-08,-0.0117842
-1.626614e-08,-0.00977948
-1.621614e-08,-0.0137341
-1.616614e-08,-0.0161508
-1.611614e-08,-0.0182379
-1.606614e-08,-0.0171119
-1.601614e-08,-0.00478133
-1.596614e-08,0.0072472
-1.591614e-08,0.0111194
-1.586614e-08,0.0125749
-1.581614e-08,0.0123277
-1.576614e-08,0.0112292
-1.571614e-08,0.0123552
-1.566614e-08,0.0135086
-1.561614e-08,0.0107075
-1.556614e-08,0.00386932
-1.551614e-08,0.000518912
-1.546614e-08,0.00656064
-1.541614e-08,0.0144423
-1.536614e-08,0.0184519
-1.531614e-08,0.0205939
-1.526614e-08,0.0140029
-1.521614e-08,-0.00145838
-1.516614e-08,-0.00678608
-1.511614e-08,-0.000359885
-1.506614e-08,0.000683686
-1.501614e-08,-0.00445178
-1.496614e-08,-0.00659385
-1.491614e-08,-0.00840636
-1.486614e-08,-0.0201328
-1.481614e-08,-0.0307607
-1.476614e-08,-0.0239501
-1.471614e-08,-0.0140911
-1.466614e-08,-0.0124708
-1.461614e-08,-0.0164528
-1.456614e-08,-0.0221376
-1.451614e-08,-0.0155191
-1.446614e-08,-0.00145838
-1.441614e-08,0.00373201
-1.436614e-08,0.00804361
-1.431614e-08,0.0148817
-1.426614e-08,0.0126847
-1.421614e-08,0.00395171
-1.416614e-08,-0.00535804
-1.411614e-08,-0.0131024
-1.406614e-08,-0.0141185
-1.401614e-08,-0.0140087
-1.396614e-08,-0.0137615
-1.391614e-08,-0.00807682
-1.386614e-08,-0.00513834
-1.381614e-08,-0.00505595
-1.376614e-08,-0.00458909
-1.371614e-08,-0.00826905
-1.366614e-08,-0.0126081
-1.361614e-08,-0.0131848
-1.356614e-08,-0.0136242
-1.351614e-08,-0.0152994
-1.346614e-08,-0.0135968
-1.341614e-08,-0.0119215
-1.336614e-08,-0.0131848
-1.331614e-08,-0.0102738
-1.326614e-08,-0.00236464
-1.321614e-08,0.00307291
-1.316614e-08,0.00282575
-1.311614e-08,0.00428126
-1.306614e-08,0.00873017
-1.301614e-08,0.00719227
-1.296614e-08,0.00395171
-1.291614e-08,0.00628601
-1.286614e-08,0.00960896
-1.281614e-08,0.0126573
-1.276614e-08,0.0129868
-1.271614e-08,0.00342992
-1.266614e-08,-0.00656638
-1.261614e-08,-0.00360045
-1.256614e-08,0.00211173
-1.251614e-08,-0.00332582
-1.246614e-08,-0.0128278
-1.241614e-08,-0.0182104
-1.236614e-08,-0.0236755
-1.231614e-08,-0.025488
-1.226614e-08,-0.0183752
-1.221614e-08,-0.011949
-1.216614e-08,-0.00684101
-1.211614e-08,0.00128786
-1.206614e-08,0.00115055
-1.201614e-08,-8.52608e-05
-1.196614e-08,0.00727466
-1.191614e-08,0.0102406
-1.186614e-08,0.00982866
-1.181614e-08,0.0107349
-1.176614e-08,0.00598393
-1.171614e-08,0.000738611
-1.166614e-08,0.0027159
-1.161614e-08,0.00260605
-1.156614e-08,-0.00568759
-1.151614e-08,-0.010878
-1.146614e-08,-0.00780219
-1.141614e-08,-0.00752757
-1.136614e-08,-0.00829651
-1.131614e-08,-0.000277498
-1.126614e-08,0.00807107
-1.121614e-08,0.0148817
-1.116614e-08,0.0257294
-1.111614e-08,0.0254273
-1.106614e-08,0.00977374
-1.101614e-08,-0.00156823
-1.096614e-08,-0.000442272
-1.091614e-08,0.00735705
-1.086614e-08,0.0129594
-1.081614e-08,0.0134537
-1.076614e-08,0.011394
-1.071614e-08,0.00494036
-1.066614e-08,-0.00118376
-1.061614e-08,0.00156248
-1.056614e-08,0.00886748
-1.051614e-08,0.0082633
-1.046614e-08,-0.00192524
-1.041614e-08,-0.0109604
-1.036614e-08,-0.0136242
-1.031614e-08,-0.0147776
-1.026614e-08,-0.0185674
-1.021614e-08,-0.0158761
-1.016614e-08,-0.00398492
-1.011614e-08,0.00362216
-1.006614e-08,0.00669795
-1.001614e-08,0.00551707
-9.966135e-09,0.00169979
-9.916135e-09,0.00485797
-9.866135e-09,0.00266098
-9.816135e-09,-0.00653892
-9.766135e-09,-0.00953232
-9.716135e-09,-0.0149699
-9.666135e-09,-0.0206271
-9.616135e-09,-0.0150523
-9.566135e-09,-0.00549535
-9.516135e-09,-0.00244703
-9.466135e-09,-0.00846129
-9.416135e-09,-0.0104935
-9.366135e-09,0.0010407
-9.316135e-09,0.00889494
-9.266135e-09,0.0061487
-9.216135e-09,0.00862032
-9.166135e-09,0.013591
-9.116135e-09,0.0127122
-9.066135e-09,0.0145797
-9.016135e-09,0.0185342
-8.966135e-09,0.0168041
-8.916135e-09,0.0168041
-8.866135e-09,0.0237521
-8.816135e-09,0.0229557
-8.766135e-09,0.0130692
-8.716135e-09,0.0158704
-8.666135e-09,0.0243013
-8.616135e-09,0.0156781
-8.566135e-09,0.00524244
-8.516135e-09,0.00842808
-8.466135e-09,0.0106251
-8.416135e-09,0.00565438
-8.366135e-09,0.000354137
-8.316135e-09,0.00027175
-8.266135e-09,0.00233143
-8.216135e-09,0.000656224
-8.166135e-09,0.00222158
-8.116135e-09,0.00669795
-8.066135e-09,0.0107349
-8.016135e-09,0.0199074
-7.966135e-09,0.0228733
-7.916135e-09,0.0109546
-7.866135e-09,0.00340246
-7.816135e-09,0.00612124
-7.766135e-09,0.00109562
-7.716135e-09,-0.00409477
-7.666135e-09,0.00708242
-7.616135e-09,0.0152113
-7.566135e-09,0.00686272
-7.516135e-09,-0.00252941
-7.466135e-09,-0.00203509
-7.416135e-09,0.00351231
-7.366135e-09,0.00705496
-7.316135e-09,0.0111469
-7.266135e-09,0.0136185
-7.216135e-09,0.0115588
-7.166135e-09,0.0151289
-7.116135e-09,0.0250154
-7.066135e-09,0.027487
-7.016135e-09,0.0210333
-6.966135e-09,0.0159528
-6.916135e-09,0.0155134
-6.866135e-09,0.0185892
-6.816135e-09,0.0236148
-6.766135e-09,0.0272398
-6.716135e-09,0.0261688
-6.666135e-09,0.0186441
-6.616135e-09,0.0106525
-6.566135e-09,0.00721973
-6.516135e-09,0.00277083
-6.466135e-09,-0.00393
-6.416135e-09,-0.0099168
-6.366135e-09,-0.0139812
-6.316135e-09,-0.0113448
-6.266135e-09,-0.00447924
-6.216135e-09,-0.000579584
-6.166135e-09,0.00353977
-6.116135e-09,0.00988359
-6.066135e-09,0.0180125
-6.016135e-09,0.0274046
-5.966135e-09,0.0263885
-5.916135e-09,0.0211432
-5.866135e-09,0.026004
-5.816135e-09,0.02161
-5.766135e-09,0.00189203
-5.716135e-09,-0.009038
-5.666135e-09,-0.00879084
-5.616135e-09,-0.00505595
-5.566135e-09,0.00573677
-5.516135e-09,0.015074
-5.466135e-09,0.0156781
-5.416135e-09,0.0182596
-5.366135e-09,0.0235599
-5.316135e-09,0.0217199
-5.266135e-09,0.0139755
-5.216135e-09,0.0107898
-5.166135e-09,0.0109821
-5.116135e-09,0.00455588
-5.066135e-09,-0.00203509
-5.016135e-09,-0.00285896
-4.966135e-09,0.000354137
-4.916135e-09,0.0074669
-4.866135e-09,0.00628601
-4.816135e-09,-0.00140346
-4.766135e-09,0.00719227
-4.716135e-09,0.0217748
-4.666135e-09,0.0219121
-4.616135e-09,0.0225712
-4.566135e-09,0.0294917
-4.516135e-09,0.0294917
-4.466135e-09,0.0251252
-4.416135e-09,0.0255646
-4.366135e-09,0.0287502
-4.316135e-09,0.0288876
-4.266135e-09,0.028915
-4.216135e-09,0.026361
-4.166135e-09,0.0163922
-4.116135e-09,0.0115313
-4.066135e-09,0.0106251
-4.016135e-09,0.00153502
-3.966135e-09,-0.00659385
-3.916135e-09,-0.00659385
-3.866135e-09,-0.00324344
-3.816135e-09,0.000409062
-3.766135e-09,0.0042538
-3.716135e-09,0.00546214
-3.666135e-09,0.00230397
-3.616135e-09,-0.00134853
-3.566135e-09,-0.0037103
-3.516135e-09,-0.00401238
-3.466135e-09,-0.00294135
-3.416135e-09,-0.000277498
-3.366135e-09,0.0061487
-3.316135e-09,0.0144149
-3.266135e-09,0.0210882
-3.216135e-09,0.0233127
-3.166135e-09,0.0217748
-3.116135e-09,0.0183145
-3.066135e-09,0.0133988
-3.016135e-09,0.00960896
-2.966135e-09,0.00565438
-2.916135e-09,0.005929
-2.866135e-09,0.0113666
-2.816135e-09,0.0104328
-2.766135e-09,0.00661556
-2.716135e-09,0.0052699
-2.666135e-09,0.00238635
-2.616135e-09,-0.00088167
-2.566135e-09,-0.00456163
-2.516135e-09,-0.00934009
-2.466135e-09,-0.0132672
-2.416135e-09,-0.0115645
-2.366135e-09,-0.00189778
-2.316135e-09,0.00329261
-2.266135e-09,-0.00189778
-2.216135e-09,0.000436525
-2.166135e-09,0.0102955
-2.116135e-09,0.00590154
-2.066135e-09,-0.00557774
-2.016135e-09,-0.00535804
-1.966135e-09,0.000930848
-1.916135e-09,0.00708242
-1.866135e-09,0.0169689
-1.816135e-09,0.027487
-1.766135e-09,0.0328971
-1.716135e-09,0.0293544
-1.666135e-09,0.0168041
-1.616135e-09,0.00562692
-1.566135e-09,0.003375
-1.516135e-09,0.00867524
-1.466135e-09,0.0176554
-1.416135e-09,0.0223515
-1.366135e-09,0.0239169
-1.316135e-09,0.0305628
-1.266135e-09,0.0278714
-1.216135e-09,0.0102681
-1.166135e-09,0.00450096
-1.116135e-09,0.00738451
-1.066135e-09,0.00197442
-1.016135e-09,-0.00107391
-9.661353e-10,0.00238635
-9.161353e-10,0.00993851
-8.661353e-10,0.0141952
-8.161353e-10,0.0111743
-7.661353e-10,0.00897733
-7.161353e-10,0.000244288
-6.661353e-10,-0.0167
-6.161353e-10,-0.0257626
-5.661353e-10,-0.0252408
-5.161353e-10,-0.0170845
-4.661353e-10,-0.000964057
-4.161353e-10,0.00754928
-3.661353e-10,0.00579169
-3.161353e-10,0.00743943
-2.661353e-10,0.0119433
-2.161353e-10,0.0203742
-1.661353e-10,0.0388564
-1.161353e-10,0.0663188
-6.613528e-11,0.107183
-1.613528e-11,0.156478
3.386472e-11,0.200418
8.386472e-11,0.249163
1.338647e-10,0.309581
1.838647e-10,0.365137
2.338647e-10,0.399547
2.838647e-10,0.39249
3.338647e-10,0.346298
3.838647e-10,0.290824
4.338647e-10,0.23535
4.838647e-10,0.182265
5.338647e-10,0.141154
5.838647e-10,0.1149
6.338647e-10,0.100592
6.838647e-10,0.0949071
7.338647e-10,0.0983949
7.838647e-10,0.0996032
8.338647e-10,0.0840595
8.838647e-10,0.0595905
9.338647e-10,0.0390212
9.838647e-10,0.0278165
1.033865e-09,0.0303156
1.083865e-09,0.0385269
1.133865e-09,0.0426737
1.183865e-09,0.0433328
1.233865e-09,0.040614
1.283865e-09,0.0303431
1.333865e-09,0.00900479
1.383865e-09,-0.0128278
1.433865e-09,-0.0177436
1.483865e-09,-0.00640161
1.533865e-09,0.00557199
1.583865e-09,0.0110919
1.633865e-09,0.0174907
1.683865e-09,0.0269927
1.733865e-09,0.032183
1.783865e-09,0.0259491
1.833865e-09,0.0138107
1.883865e-09,0.0165295
1.933865e-09,0.0315514
1.983865e-09,0.0296016
2.033865e-09,0.0156781
2.083865e-09,0.00922449
2.133865e-09,0.000326675
2.183865e-09,-0.0131574
2.233865e-09,-0.0187871
2.283865e-09,-0.0120314
2.333865e-09,-0.00225479
2.383865e-09,0.00400663
2.433865e-09,0.0112292
2.483865e-09,0.0105701
2.533865e-09,0.00202934
2.583865e-09,-0.00316105
2.633865e-09,-0.00796697
2.683865e-09,-0.00879084
2.733865e-09,-0.00280404
2.783865e-09,0.00310038
2.833865e-09,0.00689019
2.883865e-09,0.00463827
2.933865e-09,-0.00307866
2.983865e-09,-0.0077198
3.033865e-09,-0.0104386
3.083865e-09,-0.0140636
3.133865e-09,-0.00980695
3.183865e-09,0.00027175
3.233865e-09,0.00156248
3.283865e-09,-0.00480879
3.333865e-09,-0.00719802
3.383865e-09,-0.00351806
3.433865e-09,-0.00291389
3.483865e-09,-0.00379268
3.533865e-09,0.0040341
3.583865e-09,0.0129319
3.633865e-09,0.0184519
3.683865e-09,0.0276792
3.733865e-09,0.0312219
3.783865e-09,0.0214727
3.833865e-09,0.0105152
3.883865e-09,0.00433618
3.933865e-09,-0.00176047
3.983865e-09,-0.00717056
4.033865e-09,-0.00846129
4.083865e-09,-0.00653892
4.133865e-09,-0.00398492
4.183865e-09,2.45887e-05
4.233865e-09,0.00669795
4.283865e-09,0.0111469
4.333865e-09,0.0065881
4.383865e-09,-0.00338075
4.433865e-09,-0.0122786
4.483865e-09,-0.0189519
4.533865e-09,-0.0227692
4.583865e-09,-0.0269984
4.633865e-09,-0.0281793
4.683865e-09,-0.0220277
4.733865e-09,-0.0165352
4.783865e-09,-0.0117842
4.833865e-09,-0.00162315
4.883865e-09,0.0063684
4.933865e-09,0.00282575
4.983865e-09,-0.00206255
5.033865e-09,-0.00379268
5.083865e-09,-0.0103287
5.133865e-09,-0.00892815
5.183865e-09,0.000820998
5.233865e-09,0.00208427
5.283865e-09,0.00631348
5.333865e-09,0.0167217
5.383865e-09,0.0146346
5.433865e-09,0.00472066
5.483865e-09,0.000463987
5.533865e-09,-0.00115629
5.583865e-09,-0.00563266
5.633865e-09,-0.0107956
5.683865e-09,-0.0109604
5.733865e-09,-0.00840636
5.783865e-09,-0.00846129
5.833865e-09,-0.00890069
5.883865e-09,-0.00609952
5.933865e-09,0.000793536
5.983865e-09,0.00345739
6.033865e-09,-0.00340821
6.083865e-09,-0.00876338
6.133865e-09,-0.0116195
6.183865e-09,-0.0182928
6.233865e-09,-0.0210116
6.283865e-09,-0.0143932
6.333865e-09,-0.00763742
6.383865e-09,-0.00535804
6.433865e-09,0.0024962
6.483865e-09,0.012163
6.533865e-09,0.00969135
6.583865e-09,0.00332008
6.633865e-09,0.00345739
6.683865e-09,0.00351231
6.733865e-09,-0.00178793
6.783865e-09,-0.0118666
6.833865e-09,-0.0171669
6.883865e-09,-0.0148326
6.933865e-09,-0.0169472
6.983865e-09,-0.0141185
7.033865e-09,-0.00266673
7.083865e-09,0.00095831
7.133865e-09,0.00164487
7.183865e-09,0.00326515
7.233865e-09,0.00194696
7.283865e-09,0.00650571
7.333865e-09,0.0138656
7.383865e-09,0.00982866
7.433865e-09,0.000656224
7.483865e-09,0.000134438
7.533865e-09,0.00793376
7.583865e-09,0.0179026
7.633865e-09,0.0242739
7.683865e-09,0.0269927
7.733865e-09,0.0220769
7.783865e-09,0.0107075
7.833865e-09,0.0105427
7.883865e-09,0.0191109
7.933865e-09,0.0151564
7.983865e-09,0.00579169
8.033865e-09,0.00974627
8.083865e-09,0.0156232
8.133865e-09,0.0171337
8.183865e-09,0.024933
8.233865e-09,0.0311944
8.283865e-09,0.0280637
8.333865e-09,0.0201545
8.383865e-09,0.005929
8.433865e-09,-0.00835144
8.483865e-09,-0.00766488
8.533865e-09,0.0042538
8.583865e-09,0.00894986
8.633865e-09,-0.000634509
8.683865e-09,-0.00615445
8.733865e-09,0.00436365
8.783865e-09,0.0125749
8.833865e-09,0.0112842
8.883865e-09,0.00889494
8.933865e-09,0.000106976
8.983865e-09,-0.0144481
9.033865e-09,-0.0211489
9.083865e-09,-0.0194737
9.133865e-09,-0.0195561
9.183865e-09,-0.0176063
9.233865e-09,-0.00598967
9.283865e-09,0.00672541
9.333865e-09,0.0123552
9.383865e-09,0.0104328
9.433865e-09,0.00617616
9.483865e-09,0.00763167
9.533865e-09,0.00689019
9.583865e-09,-0.00252941
9.633865e-09,-0.00478133
9.683865e-09,-0.00019511
9.733865e-09,-0.00706071
9.783865e-09,-0.0156839
9.833865e-09,-0.0118941
9.883865e-09,-0.00255688
9.933865e-09,0.00678034
9.983865e-09,0.00905971
1.003386e-08,0.00469319
1.008386e-08,0.00208427
1.013386e-08,-0.00302374
1.018386e-08,-0.0125806
1.023386e-08,-0.0180457
1.028386e-08,-0.0120589
1.033386e-08,-0.000607046
1.038386e-08,0.00351231
1.043386e-08,0.00417141
1.048386e-08,0.0114764
1.053386e-08,0.0207587
1.058386e-08,0.0242739
1.063386e-08,0.0216924
1.068386e-08,0.0129319
1.073386e-08,0.00321023
1.078386e-08,-0.000936595
1.083386e-08,-5.77984e-05
1.088386e-08,0.00510513
1.093386e-08,0.00889494
1.098386e-08,0.0070275
1.103386e-08,0.01068
1.108386e-08,0.0224888
1.113386e-08,0.0234775
1.118386e-08,0.014662
1.123386e-08,0.0130143
1.128386e-08,0.0117785
1.133386e-08,0.0038144
1.138386e-08,-0.00851621
1.143386e-08,-0.0206821
1.148386e-08,-0.0226044
1.153386e-08,-0.0183752
1.158386e-08,-0.017469
1.163386e-08,-0.0176063
1.168386e-08,-0.0085986
1.173386e-08,0.00686272
1.178386e-08,0.00925195
1.183386e-08,-5.77984e-05
1.188386e-08,-0.00351806
1.193386e-08,0.000189363
1.198386e-08,0.00601139
1.203386e-08,0.0134262
1.208386e-08,0.0168041
1.213386e-08,0.0166119
1.218386e-08,0.0210882
1.223386e-08,0.0264983
1.228386e-08,0.0233127
1.233386e-08,0.0158155
1.238386e-08,0.0189736
1.243386e-08,0.0299586
1.248386e-08,0.0331442
1.253386e-08,0.0280362
1.258386e-08,0.0235599
1.263386e-08,0.0231754
1.268386e-08,0.0214178
1.273386e-08,0.0172984
1.278386e-08,0.0174357
1.283386e-08,0.0199623
1.288386e-08,0.0212256
1.293386e-08,0.0201545
1.298386e-08,0.0211981
1.303386e-08,0.0264159
1.308386e-08,0.0215826
1.313386e-08,0.00996597
1.318386e-08,0.00277083
1.323386e-08,-0.00423208
1.328386e-08,-0.00417716
1.333386e-08,0.00873017
1.338386e-08,0.0243288
1.343386e-08,0.0314141
1.348386e-08,0.0285305
1.353386e-08,0.0287777
1.358386e-08,0.0372087
1.363386e-08,0.0336111
1.368386e-08,0.0180399
1.373386e-08,0.0140029
1.378386e-08,0.0165844
1.383386e-08,0.0146895
1.388386e-08,0.0126024
1.393386e-08,0.00988359
1.398386e-08,0.00537975
1.403386e-08,0.00205681
1.408386e-08,-0.00143092
1.413386e-08,-0.00662131
1.418386e-08,-0.00804935
1.423386e-08,-0.00928516
1.428386e-08,-0.015629
1.433386e-08,-0.0164528
1.438386e-08,-0.0099168
1.443386e-08,-0.0060446
1.448386e-08,-0.00535804
1.453386e-08,-0.00209002
1.458386e-08,0.00623109
1.463386e-08,0.00831823
1.468386e-08,-0.00178793
1.473386e-08,-0.0111526
1.478386e-08,-0.0125806
1.483386e-08,-0.00810428
1.488386e-08,-0.00684101
1.493386e-08,-0.00892815
1.498386e-08,0.00084846
1.503386e-08,0.0135086
1.508386e-08,0.011751
1.513386e-08,0.00765913
1.518386e-08,0.00900479
1.523386e-08,0.00499528
1.528386e-08,-0.00382015
1.533386e-08,-0.0136791
1.538386e-08,-0.0228516
1.543386e-08,-0.023291
1.548386e-08,-0.0138165
1.553386e-08,-0.00376522
1.558386e-08,-0.000469734
1.563386e-08,0.00491289
1.568386e-08,0.0108722
1.573386e-08,0.00367709
1.578386e-08,-0.000661971
1.583386e-08,0.00450096
1.588386e-08,0.00375947
1.593386e-08,0.000161901
1.598386e-08,0.000628761
1.603386e-08,0.00730212
1.608386e-08,0.0124651
1.613386e-08,0.00686272
1.618386e-08,0.000161901
1.623386e-08,-0.000140186
1.628386e-08,-0.0026118
1.633386e-08,-0.0120314
1.638386e-08,-0.0185949
1.643386e-08,-0.0213961
1.648386e-08,-0.0202701
1.653386e-08,-0.00988933
1.658386e-08,-0.00351806
1.663386e-08,-0.00387507
1.668386e-08,-0.000799283
1.673386e-08,0.00375947
1.678386e-08,0.00656064
1.683386e-08,0.00466573
1.688386e-08,-0.00211748
1.693386e-08,-0.00846129
1.698386e-08,-0.0116744
1.703386e-08,-0.0121412
1.708386e-08,-0.00788458
1.713386e-08,0.00419887
1.718386e-08,0.0167217
1.723386e-08,0.0225437
1.728386e-08,0.0280637
1.733386e-08,0.0297938
1.738386e-08,0.0218572
1.743386e-08,0.0164471
1.748386e-08,0.0128221
1.753386e-08,0.00650571
1.758386e-08,0.00584661
1.763386e-08,0.00730212
1.768386e-08,0.014717
1.773386e-08,0.0264159
1.778386e-08,0.0229557
1.783386e-08,0.0132889
1.788386e-08,0.0134537
1.793386e-08,0.0179026
1.798386e-08,0.0173259
1.803386e-08,0.0147444
1.808386e-08,0.0166668
1.813386e-08,0.014662
1.818386e-08,0.0148268
1.823386e-08,0.0206214
1.828386e-08,0.0160352
1.833386e-08,0.00952657
1.838386e-08,0.00507767
1.843386e-08,-0.00140346
1.848386e-08,0.00205681
1.853386e-08,0.00252367
1.858386e-08,-0.00382015
1.863386e-08,0.000216825
1.868386e-08,-0.0019527
1.873386e-08,-0.0106857
1.878386e-08,-0.0030512
1.883386e-08,0.00903225
1.888386e-08,0.0102681
1.893386e-08,0.00568184
1.898386e-08,-0.000744358
1.903386e-08,-0.00862606
1.908386e-08,-0.0144206
1.913386e-08,-0.0160134
1.918386e-08,-0.0102463
1.923386e-08,0.00208427
1.928386e-08,0.0104603
1.933386e-08,0.0134262
1.938386e-08,0.0155958
1.943386e-08,0.020539
1.948386e-08,0.0284482
1.953386e-08,0.0273497
1.958386e-08,0.0140853
1.963386e-08,0.0070275
1.968386e-08,0.0138107
1.973386e-08,0.0178477
1.978386e-08,0.0123003
1.983386e-08,0.00785137
1.988386e-08,0.00873017
1.993386e-08,0.0120257
1.998386e-08,0.0156781
2.003386e-08,0.01436
2.008386e-08,0.00894986
2.013386e-08,0.00485797
2.018386e-08,-0.00587982
2.023386e-08,-0.0206821
2.028386e-08,-0.0218904
2.033386e-08,-0.017057
2.038386e-08,-0.0179633
2.043386e-08,-0.015629
2.048386e-08,-0.0117568
2.053386e-08,-0.00791204
2.058386e-08,7.95135e-05
2.063386e-08,0.00595646
2.068386e-08,0.0123552
2.073386e-08,0.0222142
2.078386e-08,0.0233676
2.083386e-08,0.0172984
2.088386e-08,0.0221867
2.093386e-08,0.0272398
2.098386e-08,0.0135086
2.103386e-08,0.00268844
2.108386e-08,0.00675287
2.113386e-08,0.00705496
2.118386e-08,0.00689019
2.123386e-08,0.012108
2.128386e-08,0.00595646
2.133386e-08,-0.00530311
2.138386e-08,-0.00351806
2.143386e-08,-0.00307866
2.148386e-08,-0.0157663
2.153386e-08,-0.0241972
2.158386e-08,-0.0215059
2.163386e-08,-0.0165352
2.168386e-08,-0.00964217
2.173386e-08,-0.00456163
2.178386e-08,-0.0037103
2.183386e-08,-0.000250035
2.188386e-08,-0.000140186
2.193386e-08,-0.00725294
2.198386e-08,-0.0132672
2.203386e-08,-0.0127729
2.208386e-08,-0.006484
2.213386e-08,-0.00659385
2.218386e-08,-0.0092577
2.223386e-08,-0.0019527
2.228386e-08,0.00524244
2.233386e-08,0.00705496
2.238386e-08,0.00463827
2.243386e-08,-0.00255688
2.248386e-08,-0.00804935
2.253386e-08,-0.0113448
2.258386e-08,-0.0106583
2.263386e-08,-0.00598967
2.268386e-08,-0.0139812
2.273386e-08,-0.0257351
2.278386e-08,-0.0168099
2.283386e-08,-0.00145838
2.288386e-08,0.00554453
2.293386e-08,0.0141403
2.298386e-08,0.0221318
2.303386e-08,0.0191933
2.308386e-08,0.0121904
2.313386e-08,0.00433618
2.318386e-08,-0.00923024
2.323386e-08,-0.0149973
2.328386e-08,-0.00684101
2.333386e-08,-0.00461655
2.338386e-08,-0.0148875
2.343386e-08,-0.0226044
2.348386e-08,-0.0236755
2.353386e-08,-0.0222749
2.358386e-08,-0.0168922
2.363386e-08,-0.0114822
2.368386e-08,-0.0108505
2.373386e-08,-0.0115096
2.378386e-08,-0.00917531
2.383386e-08,-0.00176047
2.388386e-08,0.000573836
2.393386e-08,-0.00920277
2.398386e-08,-0.0145854
2.403386e-08,-0.00879084
2.408386e-08,-0.000167648
2.413386e-08,0.00623109
2.418386e-08,0.00700004
2.423386e-08,0.00743943
2.428386e-08,0.0116961
2.433386e-08,0.0114215
2.438386e-08,0.00700004
2.443386e-08,0.00881255
2.448386e-08,0.011751
2.453386e-08,0.00856539
2.458386e-08,0.00537975
2.463386e-08,0.0040341
2.468386e-08,0.00279829
2.473386e-08,0.00428126
2.478386e-08,0.00507767
2.483386e-08,0.00167233
2.488386e-08,-0.00145838
2.493386e-08,-0.00414969
2.498386e-08,-0.0053855
2.503386e-08,-0.001733
2.508386e-08,0.00222158
2.513386e-08,0.00342992
2.518386e-08,0.00422633
2.523386e-08,0.00397917
2.528386e-08,0.00304545
2.533386e-08,0.00620363
2.538386e-08,0.00529737
2.543386e-08,-0.00255688
2.548386e-08,0.0027159
2.553386e-08,0.0100209
2.558386e-08,-0.000524659
2.563386e-08,-0.00972456
2.568386e-08,-0.010466
2.573386e-08,-0.0122786
2.578386e-08,-0.0115645
2.583386e-08,-0.00821413
2.588386e-08,-0.00955978
2.593386e-08,-0.0193089
2.598386e-08,-0.0278223
2.603386e-08,-0.0216707
2.608386e-08,-0.0109604
2.613386e-08,-0.00785712
2.618386e-08,-0.00640161
2.623386e-08,-0.00901054
2.628386e-08,-0.0149424
2.633386e-08,-0.0123884
2.638386e-08,-0.00703324
2.643386e-08,-0.00401238
2.648386e-08,0.00518752
2.653386e-08,0.00922449
2.658386e-08,0.00186457
2.663386e-08,-0.00211748
2.668386e-08,-0.00148584
2.673386e-08,0.00576423
2.678386e-08,0.0143325
2.683386e-08,0.0107075
2.688386e-08,0.00672541
2.693386e-08,0.0123277
2.698386e-08,0.0188912
2.703386e-08,0.0196327
2.708386e-08,0.0125474
2.713386e-08,-0.000552121
2.718386e-08,-0.0121138
2.723386e-08,-0.015986
2.728386e-08,-0.0141735
2.733386e-08,-0.0115645
2.738386e-08,-0.00607206
2.743386e-08,0.00095831
2.748386e-08,-0.00176047
2.753386e-08,-0.00623684
2.758386e-08,0.00304545
2.763386e-08,0.0105152
2.768386e-08,0.00450096
2.773386e-08,0.00656064
2.778386e-08,0.0186166
2.783386e-08,0.0191933
2.788386e-08,0.0130967
2.793386e-08,0.00881255
2.798386e-08,0.00172726
2.803386e-08,-0.00176047
2.808386e-08,-0.00181539
2.813386e-08,-0.00689593
2.818386e-08,-0.010878
2.823386e-08,-0.00972456
2.828386e-08,-0.00662131
2.833386e-08,-0.00395746
2.838386e-08,0.00027175
2.843386e-08,0.00741197
2.848386e-08,0.00884002
2.853386e-08,0.0087027
2.858386e-08,0.0118334
2.863386e-08,0.0115863
2.868386e-08,0.0112018
2.873386e-08,0.00782391
2.878386e-08,0.00252367
2.883386e-08,0.00752182
2.888386e-08,0.0122728
2.893386e-08,0.00653317
2.898386e-08,0.000299213
2.903386e-08,-0.00387507
2.908386e-08,-0.00511088
2.913386e-08,-0.00269419
2.918386e-08,-0.00192524
2.923386e-08,0.00496782
2.928386e-08,0.015431
2.933386e-08,0.013948
2.938386e-08,0.00642333
2.943386e-08,0.000354137
2.948386e-08,-0.00552281
2.953386e-08,-0.00865353
2.958386e-08,-0.00870845
2.963386e-08,-0.0030512
2.968386e-08,0.008483
2.973386e-08,0.0185892
2.978386e-08,0.0244112
2.983386e-08,0.0227634
2.988386e-08,0.0138382
2.993386e-08,0.0111194
2.998386e-08,0.0129319
3.003386e-08,0.00310038
3.008386e-08,-0.00857114
3.013386e-08,-0.00942247
3.018386e-08,-0.0060446
3.023386e-08,0.000601299
3.028386e-08,0.00689019
3.033386e-08,0.00590154
3.038386e-08,0.00145263
3.043386e-08,-0.0015133
3.048386e-08,0.00183711
3.053386e-08,0.0101307
3.058386e-08,0.00823584
3.063386e-08,-0.00409477
3.068386e-08,-0.00673116
3.073386e-08,-0.00579744
3.078386e-08,-0.0156839
3.083386e-08,-0.0163979
3.088386e-08,-0.000661971
3.093386e-08,0.0137558
3.098386e-08,0.0188638
3.103386e-08,0.0166943
3.108386e-08,0.0158704
3.113386e-08,0.0146071
3.118386e-08,0.00774152
3.123386e-08,0.00301799
3.128386e-08,-0.00318851
3.133386e-08,-0.0143382
3.138386e-08,-0.0165078
3.143386e-08,-0.00988933
3.148386e-08,-0.00824159
3.153386e-08,-0.00667623
3.158386e-08,-0.000222573
3.163386e-08,0.00518752
3.168386e-08,0.0132065
3.173386e-08,0.022324
3.178386e-08,0.0183695
3.183386e-08,0.00290814
3.188386e-08,-0.00101898
3.193386e-08,0.0061487
3.198386e-08,0.000766073
3.203386e-08,-0.00980695
3.208386e-08,-0.00780219
3.213386e-08,-0.00272165
3.218386e-08,-0.00299627
3.223386e-08,-0.00145838
3.228386e-08,0.00463827
3.233386e-08,0.00700004
3.238386e-08,0.000711148
3.243386e-08,-0.00760996
3.248386e-08,-0.0119765
3.253386e-08,-0.00931262
3.258386e-08,-0.00274911
3.263386e-08,-0.00522073
3.268386e-08,-0.00884576
3.273386e-08,-0.00137599
3.278386e-08,0.00419887
3.283386e-08,0.00529737
3.288386e-08,0.00656064
3.293386e-08,0.00417141
3.298386e-08,-0.00252941
3.303386e-08,-0.00673116
3.308386e-08,0.00183711
3.313386e-08,0.0087027
3.318386e-08,-0.00329836
3.323386e-08,-0.0191991
3.328386e-08,-0.0252408
3.333386e-08,-0.0245817
3.338386e-08,-0.0213686
3.343386e-08,-0.0168099
3.348386e-08,-0.015986
3.353386e-08,-0.0212588
3.358386e-08,-0.0241148
3.363386e-08,-0.0185674
3.368386e-08,-0.0100266
3.373386e-08,-0.00497357
3.378386e-08,-0.00285896
3.383386e-08,-0.0023921
3.388386e-08,0.000985772
3.393386e-08,0.00927941
3.398386e-08,0.0130967
3.403386e-08,0.0127671
3.408386e-08,0.0191933
3.413386e-08,0.0246034
3.418386e-08,0.0190286
3.423386e-08,0.011037
3.428386e-08,0.00244128
3.433386e-08,-0.00456163
3.438386e-08,-0.00167808
3.443386e-08,0.00342992
3.448386e-08,0.000161901
3.453386e-08,-0.00524819
3.458386e-08,-0.00233718
3.463386e-08,0.00532483
3.468386e-08,0.00743943
3.473386e-08,0.0040341
3.478386e-08,0.00392425
3.483386e-08,0.0087027
3.488386e-08,0.00710988
3.493386e-08,0.00112308
3.498386e-08,0.00785137
3.503386e-08,0.0162549
3.508386e-08,0.00996597
3.513386e-08,0.00282575
3.518386e-08,-0.00222733
3.523386e-08,-0.00689593
3.528386e-08,-0.00475387
3.533386e-08,-0.00826905
3.538386e-08,-0.0170021
3.543386e-08,-0.00895561
3.548386e-08,0.0118334
3.553386e-08,0.0200447
3.558386e-08,0.0198799
3.563386e-08,0.0294093
3.568386e-08,0.0340505
3.573386e-08,0.0238345
3.578386e-08,0.0104054
3.583386e-08,-0.00390253
3.588386e-08,-0.0118941
3.593386e-08,-0.00906546
3.598386e-08,-0.0049461
3.603386e-08,0.00285321
3.608386e-08,0.0162823
3.613386e-08,0.0241366
3.618386e-08,0.0292446
3.623386e-08,0.0355335
3.628386e-08,0.0292995
3.633386e-08,0.0127122
3.638386e-08,0.00411648
3.643386e-08,0.00581915
3.648386e-08,0.0127946
3.653386e-08,0.0209784
3.658386e-08,0.0206763
3.663386e-08,0.0170513
3.668386e-08,0.0215276
3.673386e-08,0.0241091
3.678386e-08,0.020539
3.683386e-08,0.0224339
3.688386e-08,0.0268279
3.693386e-08,0.0242739
3.698386e-08,0.0180948
3.703386e-08,0.0115588
3.708386e-08,0.00812599
3.713386e-08,0.0134812
3.718386e-08,0.0167492
3.723386e-08,0.0124376
3.728386e-08,0.0138382
3.733386e-08,0.0189736
3.738386e-08,0.0209784
3.743386e-08,0.0215002
3.748386e-08,0.021253
3.753386e-08,0.0235324
3.758386e-08,0.023807
3.763386e-08,0.0184793
3.768386e-08,0.0149092
3.773386e-08,0.00727466
3.778386e-08,-0.00972456
3.783386e-08,-0.0165078
3.788386e-08,-0.00892815
3.793386e-08,-0.00332582
3.798386e-08,0.00282575
3.803386e-08,0.00790629
3.808386e-08,0.00507767
3.813386e-08,0.00310038
3.818386e-08,0.00219412
3.823386e-08,-0.00291389
3.828386e-08,-0.00478133
3.833386e-08,0.0003816
3.838386e-08,0.00224904
3.843386e-08,0.00101323
3.848386e-08,0.00194696
3.853386e-08,0.00027175
3.858386e-08,-0.000634509
3.863386e-08,-0.00189778
3.868386e-08,-0.00755503
3.873386e-08,-0.00846129
3.878386e-08,-0.00439686
3.883386e-08,0.00172726
3.888386e-08,0.00653317
3.893386e-08,0.00521498
3.898386e-08,0.00710988
3.903386e-08,0.0120806
3.908386e-08,0.0145247
3.913386e-08,0.0160077
3.918386e-08,0.0135361
3.923386e-08,0.0130967
3.928386e-08,0.0189187
3.933386e-08,0.0233951
3.938386e-08,0.0254548
3.943386e-08,0.0251801
3.948386e-08,0.0244936
3.953386e-08,0.0302332
3.958386e-08,0.0284482
3.963386e-08,0.00971881
3.968386e-08,0.00106816
3.973386e-08,0.008483
3.978386e-08,0.00949911
3.983386e-08,0.00919703
3.988386e-08,0.0158704
3.993386e-08,0.0159253
3.998386e-08,0.0091421
4.003386e-08,0.00675287
4.008386e-08,0.0054896
4.013386e-08,7.95135e-05
4.018386e-08,-0.00425954
4.023386e-08,0.00178218
4.028386e-08,0.0144698
4.033386e-08,0.0187265
4.038386e-08,0.0181223
4.043386e-08,0.0213079
4.048386e-08,0.0234775
4.053386e-08,0.0260315
4.058386e-08,0.0280362
4.063386e-08,0.0228458
4.068386e-08,0.0185617
4.073386e-08,0.0219121
4.078386e-08,0.0241915
4.083386e-08,0.0196602
4.088386e-08,0.0105152
4.093386e-08,-0.00115629
4.098386e-08,-0.00774727
4.103386e-08,-0.00664877
4.108386e-08,-0.00354552
4.113386e-08,0.0010407
4.118386e-08,0.00238635
4.123386e-08,-0.00387507
4.128386e-08,-0.0103837
4.133386e-08,-0.0100816
4.138386e-08,-0.009038
4.143386e-08,-0.0102189
4.148386e-08,-0.00508342
4.153386e-08,0.00219412
4.158386e-08,0.00241382
4.163386e-08,0.0022765
4.168386e-08,0.00798868
4.173386e-08,0.0107349
4.178386e-08,0.00812599
4.183386e-08,0.00697257
4.188386e-08,0.00845554
4.193386e-08,0.0127122
4.198386e-08,0.0167217
4.203386e-08,0.0178751
4.208386e-08,0.0193581
4.213386e-08,0.019413
4.218386e-08,0.0167217
4.223386e-08,0.014305
4.228386e-08,0.00947165
4.233386e-08,0.00397917
4.238386e-08,0.0040341
4.243386e-08,0.00356724
4.248386e-08,0.00529737
4.253386e-08,0.0123827
4.258386e-08,0.00985612
4.263386e-08,0.00518752
4.268386e-08,0.0087027
4.273386e-08,0.00862032
4.278386e-08,0.00491289
4.283386e-08,-0.00140346
4.288386e-08,-0.00813174
4.293386e-08,-0.0051658
4.298386e-08,-0.000909132
4.303386e-08,0.00115055
4.308386e-08,0.00678034
4.313386e-08,0.00765913
4.318386e-08,0.00831823
4.323386e-08,0.016502
4.328386e-08,0.0215551
4.333386e-08,0.0210882
4.338386e-08,0.019056
4.343386e-08,0.0130692
4.348386e-08,0.00878509
4.353386e-08,0.00977374
4.358386e-08,0.00903225
4.363386e-08,0.000903385
4.368386e-08,-0.0139263
4.373386e-08,-0.0233734
4.378386e-08,-0.0224671
4.383386e-08,-0.0217805
4.388386e-08,-0.025845
4.393386e-08,-0.0288658
4.398386e-08,-0.0233184
4.403386e-08,-0.0129651
4.408386e-08,-0.00851621
4.413386e-08,0.000134438
4.418386e-08,0.0200172
4.423386e-08,0.0304804
4.428386e-08,0.0253998
4.433386e-08,0.0171611
4.438386e-08,0.0113116
4.443386e-08,0.00776898
4.448386e-08,0.00650571
4.453386e-08,0.00873017
4.458386e-08,0.00916956
4.463386e-08,0.00505021
4.468386e-08,-0.00222733
4.473386e-08,-0.0121412
4.478386e-08,-0.0184301
4.483386e-08,-0.0175513
4.488386e-08,-0.013432
4.493386e-08,-0.0115645
4.498386e-08,-0.0103837
4.503386e-08,-0.00123868
4.508386e-08,0.0161725
4.513386e-08,0.0286679
4.518386e-08,0.0289425
4.523386e-08,0.0255371
4.528386e-08,0.0207312
4.533386e-08,0.0126024
4.538386e-08,0.00595646
4.543386e-08,-0.00209002
4.548386e-08,-0.00826905
4.553386e-08,-0.00469894
4.558386e-08,-0.00214494
4.563386e-08,-0.0056052
4.568386e-08,-0.0037103
4.573386e-08,-0.000497197
4.578386e-08,-0.00346313
4.583386e-08,5.20511e-05
4.588386e-08,0.00562692
4.593386e-08,0.00411648
4.598386e-08,0.00919703
4.603386e-08,0.0127671
4.608386e-08,0.00919703
4.613386e-08,0.0131516
4.618386e-08,0.0208411
4.623386e-08,0.0246034
4.628386e-08,0.0179301
4.633386e-08,0.00202934
4.638386e-08,-0.00557774
4.643386e-08,-0.0034906
4.648386e-08,-0.00541296
4.653386e-08,-0.00923024
4.658386e-08,-0.00664877
4.663386e-08,-0.000771821
4.668386e-08,0.0035947
4.673386e-08,0.00650571
4.678386e-08,0.0139206
4.683386e-08,0.0232303
4.688386e-08,0.0177653
4.693386e-08,0.00164487
4.698386e-08,-0.00535804
4.703386e-08,-0.00409477
4.708386e-08,-5.77984e-05
4.713386e-08,0.00694511
4.718386e-08,0.00823584
4.723386e-08,0.00304545
4.728386e-08,0.00395171
4.733386e-08,0.00884002
4.738386e-08,0.0057093
4.743386e-08,-0.000716896
4.748386e-08,-0.00362791
4.753386e-08,-0.00390253
4.758386e-08,0.00211173
4.763386e-08,0.00743943
4.768386e-08,0.00428126
4.773386e-08,0.00252367
4.778386e-08,0.00230397
4.783386e-08,0.00106816
4.788386e-08,0.00573677
4.793386e-08,0.0121904
4.798386e-08,0.0115039
4.803386e-08,0.00535229
4.808386e-08,-0.00107391
4.813386e-08,-0.00972456
4.818386e-08,-0.0156564
4.823386e-08,-0.0111801
4.828386e-08,-0.00780219
4.833386e-08,-0.0121962
4.838386e-08,-0.0118117
4.843386e-08,-0.00730787
4.848386e-08,-0.00225479
4.853386e-08,0.00554453
4.858386e-08,0.00158994
4.863386e-08,-0.0114547
4.868386e-08,-0.0164803
4.873386e-08,-0.0211214
4.878386e-08,-0.0268886
4.883386e-08,-0.0238677
4.888386e-08,-0.0181006
4.893386e-08,-0.0145854
4.898386e-08,-0.00895561
4.903386e-08,-0.00360045
4.908386e-08,-0.00417716
4.913386e-08,-0.00414969
4.918386e-08,0.00158994
4.923386e-08,0.0024962
4.928386e-08,0.000601299
4.933386e-08,0.00310038
4.938386e-08,0.0054896
4.943386e-08,0.00949911
4.948386e-08,0.0104328
4.953386e-08,0.00260605
4.958386e-08,-0.00250195
4.963386e-08,-0.00154077
4.968386e-08,-0.00110137
4.973386e-08,0.0035947
4.978386e-08,0.0118609
4.983386e-08,0.0152113
4.988386e-08,0.0174632
4.993386e-08,0.0211981
4.998386e-08,0.0218846
5.003386e-08,0.0208685
5.008386e-08,0.0244387
5.013386e-08,0.0259216
5.018386e-08,0.0166943
5.023386e-08,0.0098012
5.028386e-08,0.0108173
5.033386e-08,0.0102131
5.038386e-08,0.00966389
5.043386e-08,0.008483
5.048386e-08,-0.000387347
5.053386e-08,-0.00936755
5.058386e-08,-0.00923024
5.063386e-08,-0.00799443
5.068386e-08,-0.014915
5.073386e-08,-0.0233184
5.078386e-08,-0.0247739
5.083386e-08,-0.0237853
5.088386e-08,-0.0245268
5.093386e-08,-0.022165
5.098386e-08,-0.0142559
5.103386e-08,-0.00519326
5.108386e-08,-0.000387347
5.113386e-08,-0.00527565
5.118386e-08,-0.010521
5.123386e-08,-0.00384761
5.128386e-08,-0.00154077
5.133386e-08,-0.010466
5.138386e-08,-0.0160958
5.143386e-08,-0.0165078
5.148386e-08,-0.0132672
5.153386e-08,-0.0083789
5.158386e-08,-0.00777473
5.163386e-08,-0.00835144
5.168386e-08,-0.00461655
5.173386e-08,-0.000414809
5.178386e-08,-0.00118376
5.183386e-08,-0.00110137
5.188386e-08,0.00689019
5.193386e-08,0.00875763
5.198386e-08,-0.00434193
5.203386e-08,-0.0113174
5.208386e-08,-0.00890069
5.213386e-08,-0.0105759
5.218386e-08,-0.00376522
5.223386e-08,0.0104878
5.228386e-08,0.0101857
5.233386e-08,0.00502274
5.238386e-08,0.00760421
5.243386e-08,0.01068
5.248386e-08,0.0118609
5.253386e-08,0.0061487
5.258386e-08,-0.00203509
5.263386e-08,-0.00129361
5.268386e-08,0.00444603
5.273386e-08,0.00392425
5.278386e-08,-0.00634669
5.283386e-08,-0.0124983
5.288386e-08,-0.0053855
5.293386e-08,0.00502274
5.298386e-08,0.00623109
5.303386e-08,0.00238635
5.308386e-08,0.00760421
5.313386e-08,0.01436
5.318386e-08,0.0104328
5.323386e-08,0.00798868
5.328386e-08,0.0137283
5.333386e-08,0.0124651
5.338386e-08,0.00364962
5.343386e-08,0.00332008
5.348386e-08,0.00916956
5.353386e-08,0.0105976
5.358386e-08,0.00999344
5.363386e-08,0.00771406
5.368386e-08,0.00027175
5.373386e-08,-0.00241956
5.378386e-08,-0.000634509
5.383386e-08,-0.00321597
5.388386e-08,-0.000936595
5.393386e-08,0.00535229
5.398386e-08,0.00603885
5.403386e-08,0.00537975
5.408386e-08,0.00889494
5.413386e-08,0.0155134
5.418386e-08,0.0168041
5.423386e-08,0.0105976
5.428386e-08,0.00612124
5.433386e-08,0.00694511
5.438386e-08,0.00439111
5.443386e-08,-0.00667623
5.448386e-08,-0.0127454
5.453386e-08,-0.00744518
5.458386e-08,0.00175472
5.463386e-08,0.0149641
5.468386e-08,0.0246858
5.473386e-08,0.0183695
5.478386e-08,0.00741197
5.483386e-08,0.0111743
5.488386e-08,0.0203193
5.493386e-08,0.0141952
5.498386e-08,0.0022765
5.503386e-08,0.00455588
5.508386e-08,0.00601139
5.513386e-08,-0.00587982
5.518386e-08,-0.0129377
5.523386e-08,-0.0110428
5.528386e-08,-0.00609952
5.533386e-08,-0.00233718
5.538386e-08,-0.00390253
5.543386e-08,-0.000359885
5.548386e-08,0.0114764
5.553386e-08,0.018342
5.558386e-08,0.0158978
5.563386e-08,0.0143325
5.568386e-08,0.0157056
5.573386e-08,0.00944419
5.578386e-08,0.000161901
5.583386e-08,0.00131532
5.588386e-08,0.0100209
5.593386e-08,0.0126298
5.598386e-08,0.00496782
5.603386e-08,-0.00123868
5.608386e-08,0.00266098
5.613386e-08,0.0125749
5.618386e-08,0.0168316
5.623386e-08,0.0105427
5.628386e-08,0.00554453
5.633386e-08,0.0027159
5.638386e-08,-0.00598967
5.643386e-08,-0.00741772
5.648386e-08,0.00323769
5.653386e-08,0.00969135
5.658386e-08,0.0122728
5.663386e-08,0.0174907
5.668386e-08,0.019468
5.673386e-08,0.0208411
5.678386e-08,0.0259491
5.683386e-08,0.0274046
5.688386e-08,0.0231754
5.693386e-08,0.020896
5.698386e-08,0.0198799
5.703386e-08,0.015788
5.708386e-08,0.0121904
5.713386e-08,0.0101857
5.718386e-08,0.00999344
5.723386e-08,0.0133164
5.728386e-08,0.00988359
5.733386e-08,-0.00145838
5.738386e-08,-0.000964057
5.743386e-08,0.00763167
5.748386e-08,0.00930688
5.753386e-08,0.00941673
5.758386e-08,0.00856539
5.763386e-08,0.00741197
5.768386e-08,0.00609378
5.773386e-08,-0.00519326
5.778386e-08,-0.0141185
5.783386e-08,-0.00934009
5.788386e-08,-0.00576998
5.793386e-08,-0.0015133
5.798386e-08,0.0065881
5.803386e-08,0.00342992
5.808386e-08,-0.00458909
5.813386e-08,-0.0096971
5.818386e-08,-0.0174415
5.823386e-08,-0.0198033
5.828386e-08,-0.0187871
5.833386e-08,-0.024005
5.838386e-08,-0.0204074
5.843386e-08,-0.00101898
5.848386e-08,0.01436
5.853386e-08,0.0222142
5.858386e-08,0.026773
5.863386e-08,0.0220494
5.868386e-08,0.015788
5.873386e-08,0.0137558
5.878386e-08,0.0109272
5.883386e-08,0.00645079
5.888386e-08,0.000711148
5.893386e-08,-0.00203509
5.898386e-08,0.00150756
5.903386e-08,0.00348485
5.908386e-08,0.00444603
5.913386e-08,0.0105701
5.918386e-08,0.0132615
5.923386e-08,0.0123003
5.928386e-08,0.0120806
5.933386e-08,0.0093618
5.938386e-08,0.0118883
5.943386e-08,0.0159253
5.948386e-08,0.0100484
5.953386e-08,0.00774152
5.958386e-08,0.0113666
5.963386e-08,0.0126024
5.968386e-08,0.0200447
5.973386e-08,0.0277067
5.978386e-08,0.0274046
5.983386e-08,0.0253449
5.988386e-08,0.021967
5.993386e-08,0.0176554
5.998386e-08,0.00960896
6.003386e-08,-0.00362791
6.008386e-08,-0.0110977
6.013386e-08,-0.00917531
6.018386e-08,-0.00747264
6.023386e-08,-0.00717056
6.028386e-08,-0.00184285
6.033386e-08,0.00540722
6.038386e-08,0.00307291
6.043386e-08,-0.00722548
6.048386e-08,-0.00796697
6.053386e-08,-0.000661971
6.058386e-08,0.00477558
6.063386e-08,0.00996597
6.068386e-08,0.00768659
6.073386e-08,0.00134278
6.078386e-08,0.0065881
6.083386e-08,0.0171062
6.088386e-08,0.0217199
6.093386e-08,0.0277067
6.098386e-08,0.0311395
6.103386e-08,0.020896
6.108386e-08,0.0140579
6.113386e-08,0.0124651
6.118386e-08,2.45887e-05
6.123386e-08,-0.00585236
6.128386e-08,-0.00110137
6.133386e-08,-0.00280404
6.138386e-08,-0.00343567
6.143386e-08,-0.00176047
6.148386e-08,-0.00101898
6.153386e-08,0.00543468
6.158386e-08,0.00167233
6.163386e-08,-0.0143932
6.168386e-08,-0.0187048
6.173386e-08,-0.0170021
6.178386e-08,-0.0184576
6.183386e-08,-0.0128278
6.188386e-08,-0.00546789
6.193386e-08,-0.00379268
6.198386e-08,-0.00368283
6.203386e-08,-0.00167808
6.208386e-08,-0.000332422
6.213386e-08,-0.00557774
6.218386e-08,-0.0101914
6.223386e-08,-0.0067037
6.228386e-08,-0.00467148
6.233386e-08,-0.00590729
6.238386e-08,-0.006484
6.243386e-08,-0.00695086
6.248386e-08,-0.00566013
6.253386e-08,-0.00667623
6.258386e-08,-0.00964217
6.263386e-08,-0.00851621
6.268386e-08,-0.00923024
6.273386e-08,-0.0140362
6.278386e-08,-0.0144206
6.283386e-08,-0.0107681
6.288386e-08,-0.00988933
6.293386e-08,-0.0111801
6.298386e-08,-0.0139263
6.303386e-08,-0.0194188
6.308386e-08,-0.0223298
6.313386e-08,-0.0227692
6.318386e-08,-0.0266139
6.323386e-08,-0.0305685
6.328386e-08,-0.0325733
6.333386e-08,-0.0350449
6.338386e-08,-0.0289482
6.343386e-08,-0.0125257
6.348386e-08,-0.000689433
6.353386e-08,-0.000359885
6.358386e-08,-0.00469894
6.363386e-08,-0.00546789
6.368386e-08,-0.00165062
6.373386e-08,-0.000689433
6.378386e-08,-0.010878
6.383386e-08,-0.0212313
6.388386e-08,-0.0183477
6.393386e-08,-0.0101914
6.398386e-08,-0.00302374
6.403386e-08,0.0022765
6.408386e-08,0.00537975
6.413386e-08,0.00603885
6.418386e-08,0.00408902
6.423386e-08,0.00128786
6.428386e-08,-0.00928516
6.433386e-08,-0.0208743
6.438386e-08,-0.0233184
6.443386e-08,-0.0267787
6.448386e-08,-0.0260098
6.453386e-08,-0.014503
6.458386e-08,-0.00675862
6.463386e-08,-0.0094774
6.468386e-08,-0.0138714
6.473386e-08,-0.0123609
6.478386e-08,-0.00733533
6.483386e-08,-0.00222733
6.488386e-08,0.00384186
6.493386e-08,0.00801614
6.498386e-08,0.00334754
6.503386e-08,-0.00491864
6.508386e-08,-0.00409477
6.513386e-08,-0.00244703
6.518386e-08,-0.0135418
6.523386e-08,-0.0206271
6.528386e-08,-0.0144481
6.533386e-08,-0.0140636
6.538386e-08,-0.0184301
6.543386e-08,-0.0117293
6.548386e-08,0.000463987
6.553386e-08,0.00557199
6.558386e-08,0.00540722
6.563386e-08,0.00551707
6.568386e-08,0.00529737
6.573386e-08,0.00367709
6.578386e-08,0.00340246
6.583386e-08,0.00540722
6.588386e-08,0.00801614
6.593386e-08,0.0120806
6.598386e-08,0.0172435
6.603386e-08,0.0198799
6.608386e-08,0.0186715
6.613386e-08,0.0145522
6.618386e-08,0.00370455
6.623386e-08,-0.00566013
6.628386e-08,-0.0030512
6.633386e-08,-0.00620937
6.638386e-08,-0.0175239
6.643386e-08,-0.0179907
6.648386e-08,-0.0141735
6.653386e-08,-0.0144756
6.658386e-08,-0.0121412
6.663386e-08,-0.00346313
6.668386e-08,0.00603885
6.673386e-08,0.00971881
6.678386e-08,0.0082633
6.683386e-08,0.000134438
6.688386e-08,-0.0124433
6.693386e-08,-0.0187322
6.698386e-08,-0.0202152
6.703386e-08,-0.025433
6.708386e-08,-0.0232086
6.713386e-08,-0.0135968
6.718386e-08,-0.0167824
6.723386e-08,-0.0207644
6.728386e-08,-0.0149699
6.733386e-08,-0.014146
6.738386e-08,-0.0133496
6.743386e-08,-0.00533058
6.748386e-08,0.00233143
6.753386e-08,0.00123293
6.758386e-08,-0.00848875
6.763386e-08,-0.0118392
6.768386e-08,-0.00895561
6.773386e-08,-0.00813174
6.778386e-08,-0.00697832
6.783386e-08,-0.00876338
6.788386e-08,-0.00343567
6.793386e-08,0.0107898
6.798386e-08,0.0116961
6.803386e-08,0.00455588
6.808386e-08,0.00282575
6.813386e-08,0.00169979
6.818386e-08,0.00027175
6.823386e-08,-0.00631922
6.828386e-08,-0.0136242
6.833386e-08,-0.00659385
6.838386e-08,0.00277083
6.843386e-08,0.00362216
6.848386e-08,0.00897733
6.853386e-08,0.0140029
6.858386e-08,0.00765913
6.863386e-08,-0.000634509
6.868386e-08,-0.0034906
6.873386e-08,-0.00241956
6.878386e-08,0.000793536
6.883386e-08,0.00370455
6.888386e-08,0.00878509
6.893386e-08,0.0150191
6.898386e-08,0.013234
6.903386e-08,0.0111469
6.908386e-08,0.0170513
6.913386e-08,0.0158155
6.918386e-08,0.0072472
6.923386e-08,0.0100758
6.928386e-08,0.0138382
6.933386e-08,0.00323769
6.938386e-08,-0.00154077
6.943386e-08,0.00321023
6.948386e-08,0.00112308
6.953386e-08,0.000134438
6.958386e-08,0.00332008
6.963386e-08,0.00252367
6.968386e-08,0.00222158
6.973386e-08,0.00513259
6.978386e-08,0.00851047
6.983386e-08,0.0108173
6.988386e-08,0.0159802
6.993386e-08,0.0236697
6.998386e-08,0.0210059
7.003386e-08,0.0180948
7.008386e-08,0.0240267
7.013386e-08,0.0116686
7.018386e-08,-0.00868099
7.023386e-08,-0.00634669
7.028386e-08,-0.00189778
7.033386e-08,-0.00434193
7.038386e-08,0.00175472
7.043386e-08,0.0074669
7.048386e-08,0.008483
7.053386e-08,0.0117236
7.058386e-08,0.0163098
7.063386e-08,0.0208411
7.068386e-08,0.0245485
7.073386e-08,0.0230381
7.078386e-08,0.015788
7.083386e-08,0.00974627
7.088386e-08,0.00244128
7.093386e-08,-0.00722548
7.098386e-08,-0.00338075
7.103386e-08,0.00829077
7.108386e-08,0.00875763
7.113386e-08,0.00801614
7.118386e-08,0.00812599
7.123386e-08,-0.000689433
7.128386e-08,-0.00675862
7.133386e-08,-0.00851621
7.138386e-08,-0.0135144
7.143386e-08,-0.0152994
7.148386e-08,-0.0170021
7.153386e-08,-0.0217805
7.158386e-08,-0.0215608
7.163386e-08,-0.019254
7.168386e-08,-0.0199131
7.173386e-08,-0.0190618
7.178386e-08,-0.0120589
7.183386e-08,-0.00233718
7.188386e-08,0.00507767
7.193386e-08,0.0141952
7.198386e-08,0.0266631
7.203386e-08,0.0309198
7.208386e-08,0.0219945
7.213386e-08,0.0112842
7.218386e-08,0.0040341
7.223386e-08,-0.00101898
7.228386e-08,-0.00406731
7.233386e-08,-0.0100541
7.238386e-08,-0.0153269
7.243386e-08,-0.0148326
7.248386e-08,-0.0123335
7.253386e-08,-0.00263926
7.258386e-08,0.0120806
7.263386e-08,0.0170787
7.268386e-08,0.0109821
7.273386e-08,0.00461081
7.278386e-08,0.00579169
7.283386e-08,0.0104603
7.288386e-08,0.0152113
7.293386e-08,0.0210882
7.298386e-08,0.0232303
7.303386e-08,0.0239993
7.308386e-08,0.0288326
7.313386e-08,0.0326499
7.318386e-08,0.0283658
7.323386e-08,0.0182047
7.328386e-08,0.00949911
7.333386e-08,-0.00280404
7.338386e-08,-0.0171119
7.343386e-08,-0.0205173
7.348386e-08,-0.0158212
7.353386e-08,-0.0116195
7.358386e-08,-0.00868099
7.363386e-08,-0.00307866
7.368386e-08,0.00332008
7.373386e-08,0.00763167
7.378386e-08,0.0140579
7.383386e-08,0.0202094
7.388386e-08,0.0197426
7.393386e-08,0.0135361
7.398386e-08,0.00502274
7.403386e-08,-0.00214494
7.408386e-08,-0.00439686
7.413386e-08,-0.00384761
7.418386e-08,0.000244288
7.423386e-08,0.00793376
7.428386e-08,0.00716481
7.433386e-08,0.00216665
7.438386e-08,0.00257859
7.443386e-08,0.0012604
7.448386e-08,-0.00110137
7.453386e-08,-0.00807682
7.458386e-08,-0.0184301
7.463386e-08,-0.0176887
7.468386e-08,-0.00975202
7.473386e-08,-0.00214494
7.478386e-08,0.00183711
7.483386e-08,0.00169979
7.488386e-08,0.00743943
7.493386e-08,0.0148268
7.498386e-08,0.00881255
7.503386e-08,-0.00357298
7.508386e-08,-0.00675862
7.513386e-08,-0.00316105
7.518386e-08,-0.000799283
7.523386e-08,0.00145263
7.528386e-08,0.0103504
7.533386e-08,0.0239993
7.538386e-08,0.0236148
7.543386e-08,0.00831823
7.548386e-08,0.00255113
7.553386e-08,0.00326515
7.558386e-08,-0.00489118
7.563386e-08,-0.0136791
7.568386e-08,-0.0150248
7.573386e-08,-0.00796697
7.578386e-08,0.000436525
7.583386e-08,0.000628761
7.588386e-08,0.00189203
7.593386e-08,0.0098012
7.598386e-08,0.0133988
7.603386e-08,0.0148543
7.608386e-08,0.0147719
7.613386e-08,0.0024962
7.618386e-08,-0.00651146
7.623386e-08,7.95135e-05
7.628386e-08,0.00310038
7.633386e-08,-0.00357298
7.638386e-08,-0.00659385
7.643386e-08,0.000628761
7.648386e-08,0.0102131
7.653386e-08,0.00916956
7.658386e-08,0.00167233
7.663386e-08,0.0022765
7.668386e-08,0.00518752
7.673386e-08,-0.00118376
7.678386e-08,-0.00464402
7.683386e-08,0.00310038
7.688386e-08,0.00667049
7.693386e-08,0.00175472
7.698386e-08,0.00378694
7.703386e-08,0.0095815
7.708386e-08,0.0098012
7.713386e-08,0.0116686
7.718386e-08,0.00941673
7.723386e-08,0.00180964
7.728386e-08,0.000546374
7.733386e-08,0.00158994
7.738386e-08,0.00172726
7.743386e-08,0.00406156
7.748386e-08,0.0087027
7.753386e-08,0.0141128
7.758386e-08,0.0149092
7.763386e-08,0.0120257
7.768386e-08,0.012108
7.773386e-08,0.0137832
7.778386e-08,0.0108448
7.783386e-08,0.00342992
7.788386e-08,-0.00203509
7.793386e-08,-0.00258434
7.798386e-08,-0.00324344
7.803386e-08,-0.00535804
7.808386e-08,-0.00697832
7.813386e-08,-0.011592
7.818386e-08,-0.0167
7.823386e-08,-0.0226319
7.828386e-08,-0.0314473
7.833386e-08,-0.0310628
7.838386e-08,-0.0196659
7.843386e-08,-0.00546789
7.848386e-08,0.00647825
7.853386e-08,0.00477558
7.858386e-08,-0.00664877
7.863386e-08,-0.00920277
7.868386e-08,-0.00288642
7.873386e-08,-0.006484
7.878386e-08,-0.0208743
7.883386e-08,-0.0232635
7.888386e-08,-0.0137615
7.893386e-08,-0.00730787
7.898386e-08,2.45887e-05
7.903386e-08,0.0087027
7.908386e-08,0.0115313
7.913386e-08,0.0139206
7.918386e-08,0.0226536
7.923386e-08,0.0301508
7.928386e-08,0.0345723
7.933386e-08,0.0380875
7.938386e-08,0.0273222
7.943386e-08,0.0117236
7.948386e-08,0.0095815
7.953386e-08,0.00741197
7.958386e-08,0.00551707
7.963386e-08,0.0118883
7.968386e-08,0.0114215
7.973386e-08,0.00364962
7.978386e-08,0.0031553
7.983386e-08,0.0068078
7.988386e-08,0.00587408
7.993386e-08,0.0063684
7.998386e-08,0.0063684
8.003386e-08,-0.000689433
8.008386e-08,-0.000936595
8.013386e-08,0.0031553
8.018386e-08,-0.00302374
8.023386e-08,-0.0103287
8.028386e-08,-0.0190068
8.033386e-08,-0.0305136
8.038386e-08,-0.0260372
8.043386e-08,-0.00826905
8.048386e-08,0.00392425
8.053386e-08,0.00650571
8.058386e-08,0.00634094
8.063386e-08,0.0134812
8.068386e-08,0.0197151
8.073386e-08,0.00529737
8.078386e-08,-0.0153269
8.083386e-08,-0.0186224
8.088386e-08,-0.0169472
8.093386e-08,-0.0196934
8.098386e-08,-0.0194462
8.103386e-08,-0.0164803
8.108386e-08,-0.0135693
8.113386e-08,-0.0110702
8.118386e-08,-0.00697832
8.123386e-08,-0.00159569
8.128386e-08,0.00562692
8.133386e-08,0.0183695
8.138386e-08,0.024219
8.143386e-08,0.016502
8.148386e-08,0.0130692
8.153386e-08,0.0152937
8.158386e-08,0.0169963
8.163386e-08,0.0257294
8.168386e-08,0.0305628
8.173386e-08,0.0229831
8.178386e-08,0.0196877
8.183386e-08,0.0233127
8.188386e-08,0.0224339
8.193386e-08,0.0147719
8.198386e-08,0.00178218
8.203386e-08,-0.00851621
8.208386e-08,-0.0107407
8.213386e-08,-0.011592
8.218386e-08,-0.0137341
8.223386e-08,-0.017414
8.228386e-08,-0.017469
8.233386e-08,-0.00576998
8.238386e-08,0.00617616
8.243386e-08,0.00930688
8.248386e-08,0.0123552
8.253386e-08,0.0151014
8.258386e-08,0.0148817
8.263386e-08,0.0161175
8.268386e-08,0.016914
8.273386e-08,0.0140579
8.278386e-08,0.0102681
8.283386e-08,0.00719227
8.288386e-08,0.00329261
8.293386e-08,-0.00132107
8.298386e-08,-0.00999918
8.303386e-08,-0.0220002
8.308386e-08,-0.0232361
8.313386e-08,-0.0156839
8.318386e-08,-0.0169746
8.323386e-08,-0.0210116
8.328386e-08,-0.0145579
8.333386e-08,-0.00522073
8.338386e-08,0.000436525
8.343386e-08,0.00535229
8.348386e-08,0.0109546
8.353386e-08,0.0144973
8.358386e-08,0.0151564
8.363386e-08,0.0164471
8.368386e-08,0.0177104
8.373386e-08,0.0135635
8.378386e-08,0.00730212
8.383386e-08,0.00881255
8.388386e-08,0.0101307
8.393386e-08,0.00507767
8.398386e-08,0.00656064
8.403386e-08,0.0114215
8.408386e-08,0.0131241
8.413386e-08,0.0151014
8.418386e-08,0.0144973
8.423386e-08,0.0143325
8.428386e-08,0.011394
8.433386e-08,0.00488543
8.438386e-08,0.00837315
8.443386e-08,0.0154859
8.448386e-08,0.0191933
8.453386e-08,0.0285305
8.458386e-08,0.0404492
8.463386e-08,0.0425089
8.468386e-08,0.0305902
8.473386e-08,0.020182
8.478386e-08,0.0191109
8.483386e-08,0.0129594
8.488386e-08,0.00411648
8.493386e-08,0.000628761
8.498386e-08,-0.00689593
8.503386e-08,-0.0161233
8.508386e-08,-0.0122511
8.513386e-08,0.0042538
8.518386e-08,0.0155958
8.523386e-08,0.0141677
8.528386e-08,0.0140029
8.533386e-08,0.0166668
8.538386e-08,0.0142501
8.543386e-08,0.00944419
8.548386e-08,0.00175472
8.553386e-08,-0.0021724
8.558386e-08,-2.87366e-06
8.563386e-08,-0.0019527
8.568386e-08,-0.00255688
8.573386e-08,-0.00126614
8.578386e-08,-0.00318851
8.583386e-08,0.000656224
8.588386e-08,0.00862032
8.593386e-08,0.012163
8.598386e-08,0.0102681
8.603386e-08,0.00419887
8.608386e-08,0.00378694
8.613386e-08,0.0110095
8.618386e-08,0.00628601
8.623386e-08,-0.0062643
8.628386e-08,-0.00346313
8.633386e-08,-0.00145838
8.638386e-08,-0.00876338
8.643386e-08,-0.00629176
8.648386e-08,-0.00162315
8.653386e-08,-0.00233718
8.658386e-08,-0.00450671
8.663386e-08,-0.0051658
8.668386e-08,0.0010407
8.673386e-08,0.00169979
8.678386e-08,-0.00393
8.683386e-08,0.00491289
8.688386e-08,0.018342
8.693386e-08,0.0144149
8.698386e-08,0.00719227
8.703386e-08,0.012163
8.708386e-08,0.0184519
8.713386e-08,0.026004
8.718386e-08,0.035863
8.723386e-08,0.0338033
8.728386e-08,0.0260864
8.733386e-08,0.0168041
8.738386e-08,-0.00346313
8.743386e-08,-0.0250211
8.748386e-08,-0.0378186
8.753386e-08,-0.0396036
8.758386e-08,-0.0288933
8.763386e-08,-0.0184851
8.768386e-08,-0.0176063
8.773386e-08,-0.0158487
8.778386e-08,-0.009038
8.783386e-08,-0.00500103
8.788386e-08,-0.0026118
8.793386e-08,0.00027175
8.798386e-08,-0.00382015
8.803386e-08,-0.00777473
8.808386e-08,0.00180964
8.813386e-08,0.0147994
8.818386e-08,0.0240816
8.823386e-08,0.0315514
8.828386e-08,0.0263061
8.833386e-08,0.0102955
8.838386e-08,0.00128786
8.843386e-08,-0.000771821
8.848386e-08,-0.00700578
8.853386e-08,-0.0126905
8.858386e-08,-0.00972456
8.863386e-08,-0.0049461
8.868386e-08,-0.000607046
8.873386e-08,0.00178218
8.878386e-08,-0.00244703
8.883386e-08,-0.00445178
8.888386e-08,-0.00469894
8.893386e-08,-0.00653892
8.898386e-08,0.000628761
8.903386e-08,0.00752182
8.908386e-08,-0.00167808
8.913386e-08,-0.0099168
8.918386e-08,-0.00549535
8.923386e-08,-0.00148584
8.928386e-08,0.0027159
8.933386e-08,0.00730212
8.938386e-08,0.00601139
8.943386e-08,0.00842808
8.948386e-08,0.0118883
8.953386e-08,0.0074669
8.958386e-08,0.0057093
8.963386e-08,0.00639586
8.968386e-08,0.00430872
8.973386e-08,0.00730212
8.978386e-08,0.0144698
8.983386e-08,0.0199623
8.988386e-08,0.0248506
8.993386e-08,0.0227634
8.998386e-08,0.0119707
9.003386e-08,0.0098012
9.008386e-08,0.0152662
9.013386e-08,0.00639586
9.018386e-08,-0.00763742
9.023386e-08,-0.00398492
9.028386e-08,0.00323769
9.033386e-08,0.00310038
9.038386e-08,0.00307291
9.043386e-08,-0.00088167
9.048386e-08,-0.00110137
9.053386e-08,0.000875923
9.058386e-08,-0.00681355
9.063386e-08,-0.00667623
9.068386e-08,0.00494036
9.073386e-08,0.0118609
9.078386e-08,0.0197151
9.083386e-08,0.0288326
9.088386e-08,0.0251527
9.093386e-08,0.0178202
9.098386e-08,0.0125474
9.103386e-08,0.00257859
9.108386e-08,0.00186457
9.113386e-08,0.00587408
9.118386e-08,0.000875923
9.123386e-08,0.00208427
9.128386e-08,0.00925195
9.133386e-08,0.0093618
9.138386e-08,0.0091421
9.143386e-08,0.00971881
9.148386e-08,0.0057093
9.153386e-08,0.00180964
9.158386e-08,0.000326675
9.163386e-08,0.00027175
9.168386e-08,0.00202934
9.173386e-08,0.00134278
9.178386e-08,-0.00653892
9.183386e-08,-0.0165627
9.188386e-08,-0.0178534
9.193386e-08,-0.0144756
9.198386e-08,-0.0181006
9.203386e-08,-0.01854
9.208386e-08,-0.00620937
9.213386e-08,0.00175472
9.218386e-08,-0.00170554
9.223386e-08,0.000216825
9.228386e-08,0.00798868
9.233386e-08,0.00894986
9.238386e-08,0.00562692
9.243386e-08,-8.52608e-05
9.248386e-08,-0.00601714
9.253386e-08,-0.00384761
9.258386e-08,-0.00475387
9.263386e-08,-0.0162881
9.268386e-08,-0.0164528
9.273386e-08,-0.00321597
9.278386e-08,-0.00376522
9.283386e-08,-0.0131848
9.288386e-08,-0.00953232
9.293386e-08,-0.00733533
9.298386e-08,-0.018183
9.303386e-08,-0.0259548
9.308386e-08,-0.0266414
9.313386e-08,-0.0243071
9.318386e-08,-0.0205997
9.323386e-08,-0.0183203
9.328386e-08,-0.0122511
9.333386e-08,-0.00511088
9.338386e-08,-0.00354552
9.343386e-08,-0.00357298
9.348386e-08,-0.00184285
9.353386e-08,0.00362216
9.358386e-08,0.0087027
9.363386e-08,0.0057093
9.368386e-08,0.00205681
9.373386e-08,0.0035947
9.378386e-08,0.000656224
9.383386e-08,-0.00357298
9.388386e-08,-0.00686847
9.393386e-08,-0.0110153
9.398386e-08,-0.00590729
9.403386e-08,0.000601299
9.408386e-08,0.00625855
9.413386e-08,0.0142501
9.418386e-08,0.00988359
9.423386e-08,0.00186457
9.428386e-08,0.000738611
9.433386e-08,-0.00566013
9.438386e-08,-0.0144756
9.443386e-08,-0.0106308
9.448386e-08,0.00543468
9.453386e-08,0.0173534
9.458386e-08,0.0169689
9.463386e-08,0.00829077
9.468386e-08,-0.0037103
9.473386e-08,-0.00917531
9.478386e-08,-0.0081592
9.483386e-08,-0.00901054
9.488386e-08,-0.0081592
9.493386e-08,-0.00379268
9.498386e-08,-0.00219986
9.503386e-08,-0.0058249
9.508386e-08,-0.00944993
9.513386e-08,-0.0083789
9.518386e-08,-0.0101365
9.523386e-08,-0.0145854
9.528386e-08,-0.0122511
9.533386e-08,-0.0114822
9.538386e-08,-0.0156015
9.543386e-08,-0.013432
9.548386e-08,-0.0060446
9.553386e-08,-0.00184285
9.558386e-08,-0.000661971
9.563386e-08,0.00266098
9.568386e-08,0.00469319
9.573386e-08,-0.00187032
9.578386e-08,-0.0124433
9.583386e-08,-0.0149424
9.588386e-08,-0.0107132
9.593386e-08,-0.00640161
9.598386e-08,-0.00176047
9.603386e-08,-0.00368283
9.608386e-08,-0.0079395
9.613386e-08,-0.00225479
9.618386e-08,0.000820998
9.623386e-08,-0.00461655
9.628386e-08,-0.00678608
9.633386e-08,-0.00810428
9.638386e-08,-0.0144481
9.643386e-08,-0.0184301
9.648386e-08,-0.0121962
9.653386e-08,-0.000552121
9.658386e-08,0.00516006
9.663386e-08,0.00474812
9.668386e-08,0.00903225
9.673386e-08,0.0183969
9.678386e-08,0.0203193
9.683386e-08,0.0144423
9.688386e-08,0.0115313
9.693386e-08,0.00974627
9.698386e-08,0.00430872
9.703386e-08,0.00197442
9.708386e-08,0.00255113
9.713386e-08,-0.00258434
9.718386e-08,-0.00936755
9.723386e-08,-0.00615445
9.728386e-08,0.00153502
9.733386e-08,0.00238635
9.738386e-08,0.000573836
9.743386e-08,0.00084846
9.748386e-08,0.00664302
9.753386e-08,0.0118883
9.758386e-08,0.00815346
9.763386e-08,0.00743943
9.768386e-08,0.00494036
9.773386e-08,-0.00846129
9.778386e-08,-0.0148051
9.783386e-08,-0.00939501
9.788386e-08,-0.00587982
9.793386e-08,-0.00785712
9.798386e-08,-0.00483625
9.803386e-08,0.00678034
9.808386e-08,0.0152113
9.813386e-08,0.0182047
9.818386e-08,0.0164746
9.823386e-08,0.00919703
9.828386e-08,0.00351231
9.833386e-08,-0.0047264
9.838386e-08,-0.012718
9.843386e-08,-0.010878
9.848386e-08,-0.0140087
9.853386e-08,-0.0234832
9.858386e-08,-0.0216707
9.863386e-08,-0.012718
9.868386e-08,-0.00557774
9.873386e-08,-0.00129361
9.878386e-08,-0.00398492
9.883386e-08,-0.00961471
9.888386e-08,-0.00703324
9.893386e-08,-0.00634669
9.898386e-08,-0.0186224
9.903386e-08,-0.0229889
9.908386e-08,-0.0122786
9.913386e-08,-0.00368283
9.918386e-08,-0.00137599
9.923386e-08,0.00120547
9.928386e-08,0.00584661
9.933386e-08,0.00139771
9.938386e-08,-0.0131848
9.943386e-08,-0.0164254
9.948386e-08,-0.0047264
9.953386e-08,-0.000936595
9.958386e-08,-0.00736279
9.963386e-08,-0.0060446
9.968386e-08,-0.00178793
9.973386e-08,-0.00263926
9.978386e-08,0.000903385
9.983386e-08,0.00505021
9.988386e-08,0.0022765
9.993386e-08,-0.00126614
9.998386e-08,-0.0028315
1.000339e-07,-0.0034906
1.000839e-07,-0.00134853
1.001339e-07,-0.000854208
1.001839e-07,-0.0118392
1.002339e-07,-0.0229614
1.002839e-07,-0.0180731
1.003339e-07,-0.00785712
1.003839e-07,-0.00505595
1.004339e-07,-0.00579744
1.004839e-07,-0.000909132
1.005339e-07,0.00603885
1.005839e-07,0.00609378
1.006339e-07,0.00757675
1.006839e-07,0.00988359
1.007339e-07,0.000134438
1.007839e-07,-0.0123335
1.008339e-07,-0.00785712
1.008839e-07,0.00645079
1.009339e-07,0.00829077
1.009839e-07,0.00299053
1.010339e-07,-0.0053855
1.010839e-07,-0.0220826
1.011339e-07,-0.0307058
1.011839e-07,-0.0301291
1.012339e-07,-0.0290855
1.012839e-07,-0.0202701
1.013339e-07,-0.00425954
1.013839e-07,0.00881255
1.014339e-07,0.0166119
1.014839e-07,0.022736
1.015339e-07,0.0228733
1.015839e-07,0.012108
1.016339e-07,-0.00230971
1.016839e-07,-0.00961471
1.017339e-07,-0.00541296
1.017839e-07,0.00450096
1.018339e-07,0.0137558
1.018839e-07,0.0154035
1.019339e-07,0.0093618
1.019839e-07,0.0105701
1.020339e-07,0.0175456
1.020839e-07,0.017216
1.021339e-07,0.0135086
1.021839e-07,0.00853793
1.022339e-07,-0.00491864
1.022839e-07,-0.0139263
1.023339e-07,-0.00829651
1.023839e-07,-0.00958725
1.024339e-07,-0.0215334
1.024839e-07,-0.0230164
1.025339e-07,-0.0177161
1.025839e-07,-0.0123335
1.026339e-07,0.00200188
1.026839e-07,0.0119982
1.027339e-07,0.00768659
1.027839e-07,0.00450096
1.028339e-07,-0.000140186
1.028839e-07,-0.0131574
1.029339e-07,-0.0225495
1.029839e-07,-0.0260372
1.030339e-07,-0.0216432
1.030839e-07,-0.00758249
1.031339e-07,-0.00121122
1.031839e-07,5.20511e-05
1.032339e-07,0.00628601
1.032839e-07,0.00513259
1.033339e-07,-0.000332422
1.033839e-07,-0.00145838
1.034339e-07,-0.00368283
1.034839e-07,-0.00406731
1.035339e-07,-0.0021724
1.035839e-07,-0.000524659
1.036339e-07,0.00776898
1.036839e-07,0.0123277
1.037339e-07,0.00477558
1.037839e-07,0.000793536
1.038339e-07,0.00378694
1.038839e-07,0.00842808
1.039339e-07,0.0137832
1.039839e-07,0.013948
1.040339e-07,0.0127671
1.040839e-07,0.0181223
1.041339e-07,0.0204291
1.041839e-07,0.0177104
1.042339e-07,0.0196602
1.042839e-07,0.0190286
1.043339e-07,0.0172435
1.043839e-07,0.0265807
1.044339e-07,0.03438
1.044839e-07,0.0326774
1.045339e-07,0.0327872
1.045839e-07,0.0315789
1.046339e-07,0.0247133
1.046839e-07,0.0176829
1.047339e-07,0.0166668
1.047839e-07,0.0221318
1.048339e-07,0.0218846
1.048839e-07,0.0149641
1.049339e-07,0.0136459
1.049839e-07,0.0170787
1.050339e-07,0.0175181
1.050839e-07,0.0149916
1.051339e-07,0.0123003
1.051839e-07,0.0140579
1.052339e-07,0.0217473
1.052839e-07,0.0288601
1.053339e-07,0.0295467
1.053839e-07,0.0228733
1.054339e-07,0.0154859
1.054839e-07,0.0116412
1.055339e-07,0.00318276
1.055839e-07,-0.00351806
1.056339e-07,0.00312784
1.056839e-07,0.0120257
1.057339e-07,0.017271
1.057839e-07,0.0214453
1.058339e-07,0.0183145
1.058839e-07,0.00694511
1.059339e-07,-0.00406731
1.059839e-07,-0.0139263
1.060339e-07,-0.0194737
1.060839e-07,-0.0115645
1.061339e-07,-0.00143092
1.061839e-07,0.0014801
1.062339e-07,0.00559945
1.062839e-07,0.00765913
1.063339e-07,0.0014801
1.063839e-07,-0.00854368
1.064339e-07,-0.0134594
1.064839e-07,-0.00728041
1.065339e-07,0.000244288
1.065839e-07,0.00623109
1.066339e-07,0.0163647
1.066839e-07,0.0242464
1.067339e-07,0.0225712
1.067839e-07,0.00993851
1.068339e-07,-0.00170554
1.068839e-07,-0.00464402
1.069339e-07,-0.00807682
1.069839e-07,-0.0103562
1.070339e-07,-0.0109054
1.070839e-07,-0.00934009
1.071339e-07,0.00139771
1.071839e-07,0.0065881
1.072339e-07,0.0052699
1.072839e-07,0.0133164
1.073339e-07,0.0174083
1.073839e-07,0.0102681
1.074339e-07,0.00167233
1.074839e-07,-0.00483625
1.075339e-07,-0.00708817
1.075839e-07,-0.00906546
1.076339e-07,-0.00609952
1.076839e-07,0.0065881
1.077339e-07,0.0148268
1.077839e-07,0.0162274
1.078339e-07,0.015431
1.078839e-07,0.0127946
1.079339e-07,0.0159802
1.079839e-07,0.0229557
1.080339e-07,0.0272947
1.080839e-07,0.0265807
1.081339e-07,0.0186441
1.081839e-07,0.0115313
1.082339e-07,0.00625855
1.082839e-07,0.00310038
1.083339e-07,0.0120257
1.083839e-07,0.016502
1.084339e-07,0.00353977
1.084839e-07,-0.00162315
1.085339e-07,0.00927941
1.085839e-07,0.0136459
1.086339e-07,0.00623109
1.086839e-07,0.00417141
1.087339e-07,0.0151289
1.087839e-07,0.0229831
1.088339e-07,0.0206214
1.088839e-07,0.0229282
1.089339e-07,0.0236422
1.089839e-07,0.0164471
1.090339e-07,0.0143874
1.090839e-07,0.0133713
1.091339e-07,0.00647825
1.091839e-07,-8.52608e-05
1.092339e-07,-8.52608e-05
1.092839e-07,0.00230397
1.093339e-07,-0.000442272
1.093839e-07,0.00169979
1.094339e-07,0.0103504
1.094839e-07,0.0109821
1.095339e-07,0.00842808
1.095839e-07,0.00719227
1.096339e-07,-0.00442432
1.096839e-07,-0.0142284
1.097339e-07,-0.00785712
1.097839e-07,-0.00714309
1.098339e-07,-0.0168648
1.098839e-07,-0.0187597
1.099339e-07,-0.0140362
1.099839e-07,-0.0104935
1.100339e-07,-0.00901054
1.100839e-07,-0.000607046
1.101339e-07,0.00930688
1.101839e-07,0.00386932
1.102339e-07,-0.00209002
1.102839e-07,0.00351231
1.103339e-07,0.00727466
1.103839e-07,0.00433618
1.104339e-07,0.00156248
1.104839e-07,0.0065881
1.105339e-07,0.0131241
1.105839e-07,0.0124101
1.106339e-07,0.0087027
1.106839e-07,0.00820838
1.107339e-07,0.0112567
1.107839e-07,0.00774152
1.108339e-07,-0.00409477
1.108839e-07,-0.00953232
1.109339e-07,-0.00659385
1.109839e-07,-0.0077198
1.110339e-07,-0.0133771
1.110839e-07,-0.0118941
1.111339e-07,-0.00134853
1.111839e-07,0.0074669
1.112339e-07,0.0102955
1.112839e-07,0.0108722
1.113339e-07,0.0124376
1.113839e-07,0.0180399
1.114339e-07,0.0214453
1.114839e-07,0.0210882
1.115339e-07,0.0204566
1.115839e-07,0.0124376
1.116339e-07,0.0054896
1.116839e-07,0.00790629
1.117339e-07,0.0065881
1.117839e-07,0.00112308
1.118339e-07,0.00375947
1.118839e-07,0.0136185
1.119339e-07,0.0175456
1.119839e-07,0.0101857
1.120339e-07,-0.00112883
1.120839e-07,-0.00909292
1.121339e-07,-0.0117293
1.121839e-07,-0.0121138
1.122339e-07,-0.00785712
1.122839e-07,0.0014801
1.123339e-07,0.00609378
1.123839e-07,0.00554453
1.124339e-07,0.00408902
1.124839e-07,0.00235889
1.125339e-07,0.00576423
1.125839e-07,0.0117785
1.126339e-07,0.0100758
1.126839e-07,0.00796122
1.127339e-07,0.0123827
1.127839e-07,0.0130143
1.128339e-07,0.00675287
1.128839e-07,0.00084846
1.129339e-07,0.000436525
1.129839e-07,0.0012604
1.130339e-07,0.000244288
1.130839e-07,0.00378694
1.131339e-07,0.0113391
1.131839e-07,0.0163647
1.132339e-07,0.0181772
1.132839e-07,0.0180948
1.133339e-07,0.0189187
1.133839e-07,0.0210333
1.134339e-07,0.0182322
1.134839e-07,0.0110919
1.135339e-07,0.00595646
1.135839e-07,0.00307291
1.136339e-07,0.00326515
1.136839e-07,0.00554453
1.137339e-07,0.00257859
1.137839e-07,-0.00393
1.138339e-07,-0.00747264
1.138839e-07,-0.00961471
1.139339e-07,-0.0172767
1.139839e-07,-0.028756
1.140339e-07,-0.0310079
1.140839e-07,-0.0246092
1.141339e-07,-0.0185674
1.141839e-07,-0.00832398
1.142339e-07,0.00436365
1.142839e-07,0.00565438
1.143339e-07,-0.000552121
1.143839e-07,-0.00156823
1.144339e-07,7.95135e-05
1.144839e-07,0.00027175
1.145339e-07,0.00117801
1.145839e-07,0.00137025
1.146339e-07,-0.000716896
1.146839e-07,-0.00099152
1.147339e-07,0.00257859
1.147839e-07,0.00642333
1.148339e-07,0.0035947
1.148839e-07,-0.0060446
1.149339e-07,-0.00923024
1.149839e-07,-0.00167808
1.150339e-07,0.00392425
1.150839e-07,0.00235889
1.151339e-07,-0.00642907
1.151839e-07,-0.0185125
1.152339e-07,-0.014915
1.152839e-07,0.00364962
1.153339e-07,0.0150465
1.153839e-07,0.0157331
1.154339e-07,0.0149092
1.154839e-07,0.0170238
1.155339e-07,0.0230106
1.155839e-07,0.0253449
1.156339e-07,0.0136459
1.156839e-07,-0.00126614
1.157339e-07,-0.00332582
1.157839e-07,0.00433618
1.158339e-07,0.0127397
1.158839e-07,0.0151014
1.159339e-07,0.0135635
1.159839e-07,0.00760421
1.160339e-07,-0.0023921
1.160839e-07,-0.00329836
1.161339e-07,-0.00178793
1.161839e-07,-0.0147776
1.162339e-07,-0.0274103
1.162839e-07,-0.019611
1.163339e-07,-0.00890069
1.163839e-07,-0.0132947
1.164339e-07,-0.0203525
1.164839e-07,-0.0169197
1.165339e-07,-0.0122511
1.165839e-07,-0.0182379
1.166339e-07,-0.0229889
1.166839e-07,-0.0199955
1.167339e-07,-0.0165352
1.167839e-07,-0.0136791
1.168339e-07,-0.00950486
1.168839e-07,-0.00357298
1.169339e-07,-0.00209002
1.169839e-07,-0.00332582
1.170339e-07,0.00532483
1.170839e-07,0.0160352
1.171339e-07,0.0143874
1.171839e-07,0.00787883
1.172339e-07,0.00139771
1.172839e-07,-0.00412223
1.173339e-07,-0.00983441
1.173839e-07,-0.0244993
1.174339e-07,-0.0363631
1.174839e-07,-0.037489
1.175339e-07,-0.0388072
1.175839e-07,-0.0346604
1.176339e-07,-0.0234008
1.176839e-07,-0.0161508
1.177339e-07,-0.00977948
1.177839e-07,-0.00255688
1.178339e-07,0.00230397
1.178839e-07,0.00675287
1.179339e-07,0.00963642
1.179839e-07,0.0122728
1.180339e-07,0.0176554
1.180839e-07,0.0263061
1.181339e-07,0.0356708
1.181839e-07,0.033666
1.182339e-07,0.0217748
1.182839e-07,0.0175181
1.183339e-07,0.0182871
1.183839e-07,0.0145522
1.184339e-07,0.0115039
1.184839e-07,0.0112567
1.185339e-07,0.00952657
1.185839e-07,0.00710988
1.186339e-07,0.00977374
1.186839e-07,0.0181498
1.187339e-07,0.0250154
1.187839e-07,0.0259491
1.188339e-07,0.0206488
1.188839e-07,0.0105976
1.189339e-07,0.0038144
1.189839e-07,0.00543468
1.190339e-07,0.00952657
1.190839e-07,0.00905971
1.191339e-07,0.00807107
1.191839e-07,0.0140304
1.192339e-07,0.0189736
1.192839e-07,0.0151838
1.193339e-07,0.00735705
1.193839e-07,0.00252367
1.194339e-07,0.000820998
1.194839e-07,-0.00294135
1.195339e-07,-0.00351806
1.195839e-07,0.00540722
1.196339e-07,0.0108722
1.196839e-07,0.00573677
1.197339e-07,0.00757675
1.197839e-07,0.0106251
1.198339e-07,2.45887e-05
1.198839e-07,-0.00354552
1.199339e-07,0.000656224
1.199839e-07,-0.00332582
1.200339e-07,-0.00719802
1.200839e-07,-0.00640161
1.201339e-07,-0.00211748
1.201839e-07,0.00441857
1.202339e-07,0.00384186
1.202839e-07,-0.00439686
1.203339e-07,-0.00846129
1.203839e-07,-0.00966963
1.204339e-07,-0.0106857
1.204839e-07,0.000299213
1.205339e-07,0.0132065
1.205839e-07,0.0124651
1.206339e-07,0.00881255
1.206839e-07,0.0035947
1.207339e-07,-0.000716896
1.207839e-07,0.008483
1.208339e-07,0.0158155
1.208839e-07,0.0169689
1.209339e-07,0.027844
1.209839e-07,0.0364946
1.210339e-07,0.0328421
1.210839e-07,0.0270476
1.211339e-07,0.0198799
1.211839e-07,0.0143325
1.212339e-07,0.0226811
1.212839e-07,0.0282285
1.213339e-07,0.01436
1.213839e-07,0.00779644
1.214339e-07,0.0182047
1.214839e-07,0.0191109
1.215339e-07,0.00713735
1.215839e-07,0.00524244
1.216339e-07,0.0108448
1.216839e-07,0.00645079
1.217339e-07,0.0052699
1.217839e-07,0.0129594
1.218339e-07,0.0192483
1.218839e-07,0.0285855
1.219339e-07,0.0336386
1.219839e-07,0.0281735
1.220339e-07,0.0242464
1.220839e-07,0.024933
1.221339e-07,0.0221593
1.221839e-07,0.0143874
1.222339e-07,0.00782391
1.222839e-07,0.00139771
1.223339e-07,-0.000964057
1.223839e-07,0.00639586
1.224339e-07,0.0126847
1.224839e-07,0.0158978
1.225339e-07,0.0214178
1.225839e-07,0.0238894
1.226339e-07,0.0190835
1.226839e-07,0.0158978
1.227339e-07,0.0204566
1.227839e-07,0.0166119
1.228339e-07,-0.000414809
1.228839e-07,-0.00920277
1.229339e-07,-0.00316105
1.229839e-07,0.00653317
1.230339e-07,0.0168041
1.230839e-07,0.0224339
1.231339e-07,0.0145247
1.231839e-07,0.00439111
1.232339e-07,0.00565438
1.232839e-07,0.0107349
1.233339e-07,0.0160352
1.233839e-07,0.0193032
1.234339e-07,0.0089224
1.234839e-07,-0.00788458
1.235339e-07,-0.0216432
1.235839e-07,-0.030953
1.236339e-07,-0.028042
1.236839e-07,-0.0209841
1.237339e-07,-0.0209841
1.237839e-07,-0.0187322
1.238339e-07,-0.0117019
1.238839e-07,-0.0128278
1.239339e-07,-0.0226319
1.239839e-07,-0.0307882
1.240339e-07,-0.0349076
1.240839e-07,-0.0366377
1.241339e-07,-0.0385875
1.241839e-07,-0.0331774
1.242339e-07,-0.0146953
1.242839e-07,-0.00409477
1.243339e-07,-0.00480879
1.243839e-07,0.00106816
1.244339e-07,0.00565438
1.244839e-07,0.00502274
1.245339e-07,0.0111194
1.245839e-07,0.0167217
1.246339e-07,0.0164471
1.246839e-07,0.0199623
1.247339e-07,0.0289699
1.247839e-07,0.0288876
1.248339e-07,0.0127397
1.248839e-07,0.00109562
1.249339e-07,0.00224904
1.249839e-07,-0.00332582
1.250339e-07,-0.00879084
1.250839e-07,0.00436365
1.251339e-07,0.0122728
1.251839e-07,0.00183711
1.252339e-07,-0.00826905
1.252839e-07,-0.0152445
1.253339e-07,-0.0170845
1.253839e-07,-0.0106308
1.254339e-07,-0.00637415
1.254839e-07,-0.00637415
1.255339e-07,0.00356724
1.255839e-07,0.0180399
1.256339e-07,0.0156781
1.256839e-07,0.0121355
1.257339e-07,0.0219945
1.257839e-07,0.022379
1.258339e-07,0.00974627
1.258839e-07,0.00095831
1.259339e-07,-0.00230971
1.259839e-07,-0.00412223
1.260339e-07,-0.00747264
1.260839e-07,-0.00788458
1.261339e-07,0.00491289
1.261839e-07,0.01977
1.262339e-07,0.0189187
1.262839e-07,0.0114764
1.263339e-07,0.0142501
1.263839e-07,0.0207862
1.264339e-07,0.0202369
1.264839e-07,0.0195778
1.265339e-07,0.0213903
1.265839e-07,0.0218023
1.266339e-07,0.0210059
1.266839e-07,0.0209784
1.267339e-07,0.0235599
1.267839e-07,0.0229831
1.268339e-07,0.0189462
1.268839e-07,0.0131791
1.269339e-07,0.00603885
1.269839e-07,0.00757675
1.270339e-07,0.0122454
1.270839e-07,0.00796122
1.271339e-07,0.000189363
1.271839e-07,-0.00955978
1.272339e-07,-0.0204074
1.272839e-07,-0.0249113
1.273339e-07,-0.0223847
1.273839e-07,-0.0136517
1.274339e-07,0.00139771
1.274839e-07,0.0178751
1.275339e-07,0.0275419
1.275839e-07,0.0261413
1.276339e-07,0.0171886
1.276839e-07,0.00562692
1.277339e-07,-0.00703324
1.277839e-07,-0.0148875
1.278339e-07,-0.0121962
1.278839e-07,-0.00686847
1.279339e-07,-0.0107132
1.279839e-07,-0.0172493
1.280339e-07,-0.0111526
1.280839e-07,-0.00362791
1.281339e-07,-0.00818667
1.281839e-07,-0.0157114
1.282339e-07,-0.0184576
1.282839e-07,-0.0111801
1.283339e-07,-0.000140186
1.283839e-07,0.00477558
1.284339e-07,0.00513259
1.284839e-07,0.000683686
1.285339e-07,-0.00447924
1.285839e-07,-0.0096971
1.286339e-07,-0.0185674
1.286839e-07,-0.0239226
1.287339e-07,-0.0238952
1.287839e-07,-0.0213411
1.288339e-07,-0.01486
1.288839e-07,-0.0110977
1.289339e-07,-0.0172493
1.289839e-07,-0.0263118
1.290339e-07,-0.0282891
1.290839e-07,-0.0247465
1.291339e-07,-0.0256527
1.291839e-07,-0.0321064
1.292339e-07,-0.0251035
1.292839e-07,0.00222158
1.293339e-07,0.0167217
1.293839e-07,0.00787883
1.294339e-07,0.00809853
1.294839e-07,0.0157605
1.295339e-07,0.0128221
1.295839e-07,0.00790629
1.296339e-07,0.00466573
1.296839e-07,0.00386932
1.297339e-07,0.00628601
1.297839e-07,0.00477558
1.298339e-07,0.00502274
1.298839e-07,0.012877
1.299339e-07,0.0116137
1.299839e-07,0.000875923
1.300339e-07,0.00419887
1.300839e-07,0.0160352
1.301339e-07,0.0211157
1.301839e-07,0.0259765
1.302339e-07,0.0276792
1.302839e-07,0.026361
1.303339e-07,0.0331168
1.303839e-07,0.0367693
1.304339e-07,0.0311395
1.304839e-07,0.0293544
1.305339e-07,0.0272124
1.305839e-07,0.0196327
1.306339e-07,0.0191384
1.306839e-07,0.0266906
1.307339e-07,0.0308648
1.307839e-07,0.0265533
1.308339e-07,0.0174632
1.308839e-07,0.00697257
1.309339e-07,-0.00101898
1.309839e-07,0.000161901
1.310339e-07,0.00194696
1.310839e-07,-0.000964057
1.311339e-07,-0.000112723
1.311839e-07,0.000985772
1.312339e-07,0.000903385
1.312839e-07,0.00565438
1.313339e-07,0.00971881
1.313839e-07,0.010323
1.314339e-07,0.0132615
1.314839e-07,0.0125474
1.315339e-07,0.00603885
1.315839e-07,0.00793376
1.316339e-07,0.0124925
1.316839e-07,0.00900479
1.317339e-07,0.0141128
1.317839e-07,0.0287228
1.318339e-07,0.0295192
1.318839e-07,0.0221318
1.319339e-07,0.0226536
1.319839e-07,0.0163922
1.320339e-07,0.00175472
1.320839e-07,-0.00596221
1.321339e-07,-0.011592
1.321839e-07,-0.0149973
1.322339e-07,-0.0148875
1.322839e-07,-0.0139263
1.323339e-07,-0.00467148
1.323839e-07,0.00565438
1.324339e-07,0.0108722
1.324839e-07,0.0146346
1.325339e-07,0.011751
1.325839e-07,0.00362216
1.326339e-07,-0.00129361
1.326839e-07,0.00161741
1.327339e-07,0.00859285
1.327839e-07,0.0123003
1.328339e-07,0.0101033
1.328839e-07,0.00417141
1.329339e-07,0.00128786
1.329839e-07,0.00505021
1.330339e-07,0.0132065
1.330839e-07,0.0204566
1.331339e-07,0.0262786
1.331839e-07,0.0334738
1.332339e-07,0.0352039
1.332839e-07,0.0299586
1.333339e-07,0.0257568
1.333839e-07,0.0204291
1.334339e-07,0.00653317
1.334839e-07,-0.0129102
1.335339e-07,-0.0233459
1.335839e-07,-0.0238677
1.336339e-07,-0.0263942
1.336839e-07,-0.0215334
1.337339e-07,-0.00598967
1.337839e-07,0.00180964
1.338339e-07,0.00422633
1.338839e-07,0.0147719
1.339339e-07,0.0191109
1.339839e-07,0.00458335
1.340339e-07,-0.00953232
1.340839e-07,-0.0145305
1.341339e-07,-0.0207644
1.341839e-07,-0.0212313
1.342339e-07,-0.012663
1.342839e-07,-0.0088183
1.343339e-07,-0.00994426
1.343839e-07,-0.0100541
1.344339e-07,-0.0103013
1.344839e-07,-0.0106034
1.345339e-07,-0.00983441
1.345839e-07,-0.00966963
1.346339e-07,-0.0108505
1.346839e-07,-0.0109604
1.347339e-07,-0.0105484
1.347839e-07,-0.00656638
1.348339e-07,-0.000469734
1.348839e-07,0.00304545
1.349339e-07,0.0137558
1.349839e-07,0.0264434
1.350339e-07,0.0324851
1.350839e-07,0.0406689
1.351339e-07,0.0462163
1.351839e-07,0.0427835
1.352339e-07,0.0335562
1.352839e-07,0.0264983
1.353339e-07,0.0251527
1.353839e-07,0.0152937
1.354339e-07,0.000683686
1.354839e-07,-0.00335328
1.355339e-07,-0.00739026
1.355839e-07,-0.0151072
1.356339e-07,-0.0163155
1.356839e-07,-0.0142009
1.357339e-07,-0.0121138
1.357839e-07,-0.00535804
1.358339e-07,0.00134278
1.358839e-07,-3.03361e-05
1.359339e-07,-0.00541296
1.359839e-07,-0.010164
1.360339e-07,-0.0138165
1.360839e-07,-0.0181006
1.361339e-07,-0.0257077
1.361839e-07,-0.0269709
1.362339e-07,-0.0193089
1.362839e-07,-0.0168648
1.363339e-07,-0.0179084
1.363839e-07,-0.0157114
1.364339e-07,-0.0134869
1.364839e-07,-0.00892815
1.365339e-07,-0.00318851
1.365839e-07,-0.00382015
1.366339e-07,-0.00642907
1.366839e-07,-0.00115629
1.367339e-07,0.0115588
1.367839e-07,0.0192483
1.368339e-07,0.0143874
1.368839e-07,0.0126298
1.369339e-07,0.0187539
1.369839e-07,0.0187814
1.370339e-07,0.0156781
1.370839e-07,0.0129319
1.371339e-07,0.00518752
1.371839e-07,-0.00384761
1.372339e-07,-0.00966963
1.372839e-07,-0.0140087
1.373339e-07,-0.0129926
1.373839e-07,-0.00291389
1.374339e-07,0.00216665
1.374839e-07,0.00208427
1.375339e-07,0.0114215
1.375839e-07,0.0228184
1.376339e-07,0.0280637
1.376839e-07,0.0232578
1.377339e-07,0.00774152
1.377839e-07,-0.00294135
1.378339e-07,-0.00272165
1.378839e-07,-0.00892815
1.379339e-07,-0.0218355
1.379839e-07,-0.0190068
1.380339e-07,-0.0051658
1.380839e-07,0.00639586
1.381339e-07,0.0101033
1.381839e-07,-0.00236464
1.382339e-07,-0.0128278
1.382839e-07,-0.0099168
1.383339e-07,-0.0147776
1.383839e-07,-0.0276575
1.384339e-07,-0.0304312
1.384839e-07,-0.0240325
1.385339e-07,-0.0151346
1.385839e-07,-0.00901054
1.386339e-07,-0.00766488
1.386839e-07,-0.00483625
1.387339e-07,-0.00533058
1.387839e-07,-0.00760996
1.388339e-07,0.0031553
1.388839e-07,0.0133164
1.389339e-07,0.00559945
1.389839e-07,-0.00170554
1.390339e-07,0.00150756
1.390839e-07,0.00433618
1.391339e-07,0.0104328
1.391839e-07,0.0211432
1.392339e-07,0.0254822
1.392839e-07,0.0187539
1.393339e-07,0.0113116
1.393839e-07,0.0107075
1.394339e-07,0.00386932
1.394839e-07,-0.00804935
1.395339e-07,-0.0160409
1.395839e-07,-0.0222199
1.396339e-07,-0.0196659
1.396839e-07,-0.00980695
1.397339e-07,-0.00307866
1.397839e-07,-0.00019511
1.398339e-07,0.00472066
1.398839e-07,0.0123277
1.399339e-07,0.0163098
1.399839e-07,0.0175181
1.400339e-07,0.0204566
1.400839e-07,0.0266631
1.401339e-07,0.0297664
1.401839e-07,0.022736
1.402339e-07,0.0148268
1.402839e-07,0.00834569
1.403339e-07,-0.00181539
1.403839e-07,-0.00788458
1.404339e-07,-0.00673116
1.404839e-07,-0.00395746
1.405339e-07,-0.00132107
1.405839e-07,0.00461081
1.406339e-07,0.0125749
1.406839e-07,0.0122179
1.407339e-07,0.00194696
1.407839e-07,-0.00656638
1.408339e-07,-0.00931262
1.408839e-07,-0.0118392
1.409339e-07,-0.0123335
1.409839e-07,-0.0103837
1.410339e-07,-0.00813174
1.410839e-07,0.00384186
1.411339e-07,0.0163098
1.411839e-07,0.0143325
1.412339e-07,0.0108997
1.412839e-07,0.0161999
1.413339e-07,0.0251801
1.413839e-07,0.0239718
1.414339e-07,0.00993851
1.414839e-07,5.20511e-05
1.415339e-07,-0.000799283
1.415839e-07,0.0010407
1.416339e-07,-0.00112883
1.416839e-07,-0.00879084
1.417339e-07,-0.0129377
1.417839e-07,-0.0135144
1.418339e-07,-0.0109604
1.418839e-07,-0.00733533
1.419339e-07,-0.015629
1.419839e-07,-0.0224122
1.420339e-07,-0.0107132
1.420839e-07,0.0054896
1.421339e-07,0.0125474
1.421839e-07,0.0089224
1.422339e-07,0.00513259
1.422839e-07,0.00930688
1.423339e-07,0.0154035
1.423839e-07,0.0153761
1.424339e-07,0.00829077
1.424839e-07,0.00175472
1.425339e-07,-0.00299627
1.425839e-07,-0.00615445
1.426339e-07,-0.00780219
1.426839e-07,-0.0107407
1.427339e-07,-0.00862606
1.427839e-07,0.000628761
1.428339e-07,0.0100758
1.428839e-07,0.0166393
1.429339e-07,0.0191384
1.429839e-07,0.0182322
1.430339e-07,0.0206488
1.430839e-07,0.0231205
1.431339e-07,0.0155134
1.431839e-07,0.00647825
1.432339e-07,0.00334754
1.432839e-07,-0.00502849
1.433339e-07,-0.0196659
1.433839e-07,-0.0260098
1.434339e-07,-0.0235931
1.434839e-07,-0.0196934
1.435339e-07,-0.00983441
1.435839e-07,0.00197442
1.436339e-07,0.00908718
1.436839e-07,0.0153211
1.437339e-07,0.0140853
1.437839e-07,0.00213919
1.438339e-07,-0.00500103
1.438839e-07,-0.00686847
1.439339e-07,-0.0141185
1.439839e-07,-0.019611
1.440339e-07,-0.0159585
1.440839e-07,-0.00574251
1.441339e-07,-0.00110137
1.441839e-07,-0.00596221
1.442339e-07,-0.00187032
1.442839e-07,0.00631348
1.443339e-07,-0.00019511
1.443839e-07,-0.00873591
1.444339e-07,-0.0121687
1.444839e-07,-0.0156839
1.445339e-07,-0.0135418
1.445839e-07,-0.0135693
1.446339e-07,-0.0177161
1.446839e-07,-0.00832398
1.447339e-07,0.0106525
1.447839e-07,0.0213629
1.448339e-07,0.0252076
1.448839e-07,0.0302332
1.449339e-07,0.0286679
1.449839e-07,0.0211706
1.450339e-07,0.0197426
1.450839e-07,0.0164471
1.451339e-07,0.00840062
1.451839e-07,0.0063684
1.452339e-07,0.00925195
1.452839e-07,0.0117236
1.453339e-07,0.00982866
1.453839e-07,0.00351231
1.454339e-07,-0.00225479
1.454839e-07,-0.00598967
1.455339e-07,-0.00544043
1.455839e-07,0.00246874
1.456339e-07,0.0121355
1.456839e-07,0.0161999
1.457339e-07,0.0129868
1.457839e-07,0.00941673
1.458339e-07,0.00969135
1.458839e-07,0.00675287
1.459339e-07,0.00441857
1.459839e-07,0.00576423
1.460339e-07,0.00573677
1.460839e-07,0.0124925
1.461339e-07,0.0206214
1.461839e-07,0.0200996
1.462339e-07,0.0182596
1.462839e-07,0.00905971
1.463339e-07,-0.00200763
1.463839e-07,0.00356724
1.464339e-07,0.013234
1.464839e-07,0.0155134
1.465339e-07,0.0197426
1.465839e-07,0.0229282
1.466339e-07,0.0157605
1.466839e-07,0.00466573
1.467339e-07,-0.00118376
1.467839e-07,-0.00324344
1.468339e-07,-0.00497357
1.468839e-07,-0.00519326
1.469339e-07,-0.00329836
1.469839e-07,0.000793536
1.470339e-07,0.00623109
1.470839e-07,0.00878509
1.471339e-07,0.00645079
1.471839e-07,0.00153502
1.472339e-07,-0.00154077
1.472839e-07,0.00255113
1.473339e-07,0.0089224
1.473839e-07,0.00667049
1.474339e-07,-0.00134853
1.474839e-07,-0.00417716
1.475339e-07,0.000354137
1.475839e-07,0.0024962
1.476339e-07,-0.00590729
1.476839e-07,-0.0125257
1.477339e-07,-0.00480879
1.477839e-07,0.00304545
1.478339e-07,0.000683686
1.478839e-07,-0.00832398
1.479339e-07,-0.0149973
1.479839e-07,-0.00527565
1.480339e-07,0.00540722
1.480839e-07,0.000189363
1.481339e-07,-0.00285896
1.481839e-07,0.00318276
1.482339e-07,0.0065881
1.482839e-07,0.00667049
1.483339e-07,0.00329261
1.483839e-07,-0.00228225
1.484339e-07,-0.00307866
1.484839e-07,-0.00230971
1.485339e-07,-0.00162315
1.485839e-07,0.00120547
1.486339e-07,0.00441857
1.486839e-07,0.00944419
1.487339e-07,0.0130143
1.487839e-07,0.0134537
1.488339e-07,0.0175731
1.488839e-07,0.017628
1.489339e-07,0.00900479
1.489839e-07,0.00645079
1.490339e-07,0.00809853
1.490839e-07,0.00461081
1.491339e-07,0.00120547
1.491839e-07,0.000326675
1.492339e-07,-3.03361e-05
1.492839e-07,-0.000909132
1.493339e-07,-0.00222733
1.493839e-07,-0.000689433
1.494339e-07,0.00573677
1.494839e-07,0.0148268
1.495339e-07,0.020539
1.495839e-07,0.0211706
1.496339e-07,0.0221318
1.496839e-07,0.0244112
1.497339e-07,0.026361
1.497839e-07,0.0264159
1.498339e-07,0.0250154
1.498839e-07,0.02345
1.499339e-07,0.0176005
1.499839e-07,0.00532483
1.500339e-07,-0.00651146
1.500839e-07,-0.00744518
1.501339e-07,-0.0034906
1.501839e-07,-0.00758249
1.502339e-07,-0.0111526
1.502839e-07,-0.0116195
1.503339e-07,-0.0184301
1.503839e-07,-0.0227143
1.504339e-07,-0.0195561
1.504839e-07,-0.013075
1.505339e-07,-0.00148584
1.505839e-07,0.00392425
1.506339e-07,-0.000689433
1.506839e-07,0.00202934
1.507339e-07,0.00787883
1.507839e-07,0.00491289
1.508339e-07,0.00285321
1.508839e-07,0.00463827
1.509339e-07,-0.000222573
1.509839e-07,-0.00983441
1.510339e-07,-0.0130475
1.510839e-07,-0.00634669
1.511339e-07,0.00123293
1.511839e-07,-0.00316105
1.512339e-07,-0.00958725
1.512839e-07,-0.00571505
1.513339e-07,-0.00615445
1.513839e-07,-0.00884576
1.514339e-07,-0.000744358
1.514839e-07,-0.00019511
1.515339e-07,-0.00813174
1.515839e-07,-0.00533058
1.516339e-07,0.00101323
1.516839e-07,0.00730212
1.517339e-07,0.0149916
1.517839e-07,0.0193032
1.518339e-07,0.022736
1.518839e-07,0.0271025
1.519339e-07,0.0375657
1.519839e-07,0.0436349
1.520339e-07,0.0339132
1.520839e-07,0.0257294
1.521339e-07,0.0210333
1.521839e-07,0.0124925
1.522339e-07,0.00809853
1.522839e-07,0.00694511
1.523339e-07,0.00329261
1.523839e-07,0.00430872
1.524339e-07,0.0170513
1.524839e-07,0.0234225
1.525339e-07,0.0124376
1.525839e-07,0.00686272
1.526339e-07,0.0102131
1.526839e-07,0.0100484
1.527339e-07,0.00922449
1.527839e-07,0.0074669
1.528339e-07,0.00790629
1.528839e-07,0.00584661
1.529339e-07,-0.00269419
1.529839e-07,-0.00412223
1.530339e-07,-0.00316105
1.530839e-07,-0.00697832
1.531339e-07,-0.0123884
1.531839e-07,-0.0173591
1.532339e-07,-0.0174964
1.532839e-07,-0.0185674
1.533339e-07,-0.0172493
1.533839e-07,-0.00813174
1.534339e-07,-0.0058249
1.534839e-07,-0.00703324
1.535339e-07,-0.00277657
1.535839e-07,-0.00321597
1.536339e-07,-0.00132107
1.536839e-07,0.0087027
1.537339e-07,0.00938926
1.537839e-07,0.00115055
1.538339e-07,0.000463987
1.538839e-07,0.00378694
1.539339e-07,0.00584661
1.539839e-07,0.0146071
1.540339e-07,0.0210608
1.540839e-07,0.0136459
1.541339e-07,0.00584661
1.541839e-07,0.00551707
1.542339e-07,0.00933434
1.542839e-07,0.013948
1.543339e-07,0.00837315
1.543839e-07,0.000930848
1.544339e-07,0.00505021
1.544839e-07,0.00386932
1.545339e-07,-0.00099152
1.545839e-07,0.00916956
1.546339e-07,0.0183145
1.546839e-07,0.017271
1.547339e-07,0.0181223
1.547839e-07,0.0209235
1.548339e-07,0.0233951
1.548839e-07,0.0219945
1.549339e-07,0.0175731
1.549839e-07,0.0202094
1.550339e-07,0.0272947
1.550839e-07,0.0249879
1.551339e-07,0.0147719
1.551839e-07,0.00815346
1.552339e-07,0.00779644
1.552839e-07,0.0112292
1.553339e-07,0.0141403
1.553839e-07,0.0189187
1.554339e-07,0.0225712
1.554839e-07,0.014662
1.555339e-07,0.00466573
1.555839e-07,0.000409062
1.556339e-07,-0.000661971
1.556839e-07,0.000820998
1.557339e-07,-0.00115629
1.557839e-07,-0.00280404
1.558339e-07,-0.000826745
1.558839e-07,-0.00123868
1.559339e-07,-0.00121122
1.559839e-07,0.00112308
1.560339e-07,0.00430872
1.560839e-07,0.0113116
1.561339e-07,0.0149641
1.561839e-07,0.00700004
1.562339e-07,-0.00145838
1.562839e-07,-0.000497197
1.563339e-07,0.00279829
1.563839e-07,0.00115055
1.564339e-07,0.000656224
1.564839e-07,0.00691765
1.565339e-07,0.0156781
1.565839e-07,0.0199897
1.566339e-07,0.0168041
1.566839e-07,0.0149641
1.567339e-07,0.0105976
1.567839e-07,-0.00480879
1.568339e-07,-0.0124983
1.568839e-07,-0.00851621
1.569339e-07,-0.00728041
1.569839e-07,-0.010521
1.570339e-07,-0.0142833
1.570839e-07,-0.00898307
1.571339e-07,0.00194696
1.571839e-07,-0.000167648
1.572339e-07,-0.0155191
1.572839e-07,-0.0245542
1.573339e-07,-0.0248289
1.573839e-07,-0.0294426
1.574339e-07,-0.0260647
1.574839e-07,-0.00631922
1.575339e-07,0.00771406
1.575839e-07,0.00889494
1.576339e-07,0.00768659
1.576839e-07,0.00485797
1.577339e-07,0.00310038
1.577839e-07,0.00634094
1.578339e-07,0.0106251
1.578839e-07,0.0117236
1.579339e-07,0.00949911
1.579839e-07,0.0113666
1.580339e-07,0.015431
1.580839e-07,0.0128495
1.581339e-07,0.0093618
1.581839e-07,0.00463827
1.582339e-07,-0.0051658
1.582839e-07,-0.010109
1.583339e-07,-0.0100816
1.583839e-07,-0.00999918
1.584339e-07,-0.0026118
1.584839e-07,0.0104878
1.585339e-07,0.0171062
1.585839e-07,0.0168865
1.586339e-07,0.0157331
1.586839e-07,0.0131241
1.587339e-07,0.00645079
1.587839e-07,-0.00406731
1.588339e-07,-0.0102463
1.588839e-07,-0.0085986
1.589339e-07,-0.00736279
1.589839e-07,-0.00598967
1.590339e-07,0.000354137
1.590839e-07,0.00167233
1.591339e-07,-0.00656638
1.591839e-07,-0.00464402
1.592339e-07,0.00686272
1.592839e-07,0.00623109
1.593339e-07,0.00167233
1.593839e-07,0.00609378
1.594339e-07,0.00763167
1.594839e-07,-0.0015133
1.595339e-07,-0.00846129
1.595839e-07,-0.00752757
1.596339e-07,-0.00719802
