LECROYWR640Zi,59892,Waveform
Segments,1,SegmentSize,4002
Segment,TrigTime,TimeSinceSegment1
#1,01-Nov-2023 13:34:15,0                 
Time,Ampl
-4.042582e-08,0.0213079
-4.037582e-08,0.015074
-4.032582e-08,0.00820838
-4.027582e-08,0.00197442
-4.022582e-08,0.00601139
-4.017582e-08,0.0215002
-4.012582e-08,0.0339956
-4.007582e-08,0.0355335
-4.002582e-08,0.0299861
-3.997582e-08,0.0234225
-3.992582e-08,0.020539
-3.987582e-08,0.0215551
-3.982582e-08,0.0259765
-3.977582e-08,0.0325126
-3.972582e-08,0.0330344
-3.967582e-08,0.028201
-3.962582e-08,0.0294368
-3.957582e-08,0.0325126
-3.952582e-08,0.0289699
-3.947582e-08,0.0266631
-3.942582e-08,0.0286953
-3.937582e-08,0.0233951
-3.932582e-08,0.0141403
-3.927582e-08,0.0142776
-3.922582e-08,0.0166668
-3.917582e-08,0.0190835
-3.912582e-08,0.0249604
-3.907582e-08,0.0246309
-3.902582e-08,0.0200996
-3.897582e-08,0.0232303
-3.892582e-08,0.0321007
-3.887582e-08,0.0305902
-3.882582e-08,0.0169414
-3.877582e-08,0.00647825
-3.872582e-08,0.00356724
-3.867582e-08,0.00763167
-3.862582e-08,0.0144149
-3.857582e-08,0.0131791
-3.852582e-08,0.00732958
-3.847582e-08,0.00433618
-3.842582e-08,-0.00101898
-3.837582e-08,-0.00758249
-3.832582e-08,-0.0120314
-3.827582e-08,-0.0184576
-3.822582e-08,-0.0177161
-3.817582e-08,-0.00439686
-3.812582e-08,0.00774152
-3.807582e-08,0.0145797
-3.802582e-08,0.0217199
-3.797582e-08,0.0251801
-3.792582e-08,0.0252625
-3.787582e-08,0.0285031
-3.782582e-08,0.0285855
-3.777582e-08,0.0222691
-3.772582e-08,0.0158429
-3.767582e-08,0.0155683
-3.762582e-08,0.0173808
-3.757582e-08,0.00944419
-3.752582e-08,0.00419887
-3.747582e-08,0.00842808
-3.742582e-08,0.00908718
-3.737582e-08,0.0123827
-3.732582e-08,0.0189187
-3.727582e-08,0.0213903
-3.722582e-08,0.0227909
-3.717582e-08,0.0201545
-3.712582e-08,0.020182
-3.707582e-08,0.0305078
-3.702582e-08,0.0283108
-3.697582e-08,0.00878509
-3.692582e-08,0.000161901
-3.687582e-08,0.00238635
-3.682582e-08,-0.000634509
-3.677582e-08,-0.000716896
-3.672582e-08,0.00793376
-3.667582e-08,0.0133713
-3.662582e-08,0.015431
-3.657582e-08,0.0199897
-3.652582e-08,0.0237246
-3.647582e-08,0.0269377
-3.642582e-08,0.0269652
-3.637582e-08,0.0224888
-3.632582e-08,0.0215276
-3.627582e-08,0.0238619
-3.622582e-08,0.0268279
-3.617582e-08,0.0274321
-3.612582e-08,0.016502
-3.607582e-08,0.0057093
-3.602582e-08,0.0116961
-3.597582e-08,0.0215276
-3.592582e-08,0.0188638
-3.587582e-08,0.00694511
-3.582582e-08,-0.00030496
-3.577582e-08,0.00241382
-3.572582e-08,0.0074669
-3.567582e-08,0.0154035
-3.562582e-08,0.0228458
-3.557582e-08,0.0175181
-3.552582e-08,0.0166119
-3.547582e-08,0.0333639
-3.542582e-08,0.042811
-3.537582e-08,0.0382248
-3.532582e-08,0.0322929
-3.527582e-08,0.0240267
-3.522582e-08,0.0189736
-3.517582e-08,0.0204841
-3.512582e-08,0.0158429
-3.507582e-08,0.00829077
-3.502582e-08,0.00815346
-3.497582e-08,0.00554453
-3.492582e-08,0.00551707
-3.487582e-08,0.0175731
-3.482582e-08,0.0217748
-3.477582e-08,0.0153761
-3.472582e-08,0.0105701
-3.467582e-08,0.00422633
-3.462582e-08,0.00266098
-3.457582e-08,0.0154585
-3.452582e-08,0.033666
-3.447582e-08,0.0418773
-3.442582e-08,0.0455572
-3.437582e-08,0.0538783
-3.432582e-08,0.054867
-3.427582e-08,0.0464086
-3.422582e-08,0.0339681
-3.417582e-08,0.0191933
-3.412582e-08,0.0098012
-3.407582e-08,0.0100484
-3.402582e-08,0.0145522
-3.397582e-08,0.0155683
-3.392582e-08,0.0191933
-3.387582e-08,0.026361
-3.382582e-08,0.0278714
-3.377582e-08,0.0269377
-3.372582e-08,0.0243837
-3.367582e-08,0.0239993
-3.362582e-08,0.0314141
-3.357582e-08,0.0311395
-3.352582e-08,0.0213629
-3.347582e-08,0.0183969
-3.342582e-08,0.0175456
-3.337582e-08,0.0100484
-3.332582e-08,0.0031553
-3.327582e-08,0.00084846
-3.322582e-08,-0.00480879
-3.317582e-08,-0.0143932
-3.312582e-08,-0.0174964
-3.307582e-08,-0.0121962
-3.302582e-08,-0.00593475
-3.297582e-08,0.000546374
-3.292582e-08,0.00752182
-3.287582e-08,0.00837315
-3.282582e-08,0.00535229
-3.277582e-08,0.00463827
-3.272582e-08,0.00378694
-3.267582e-08,0.00823584
-3.262582e-08,0.0187539
-3.257582e-08,0.0191659
-3.252582e-08,0.0120531
-3.247582e-08,0.0131241
-3.242582e-08,0.0147994
-3.237582e-08,0.00922449
-3.232582e-08,0.0082633
-3.227582e-08,0.0171062
-3.222582e-08,0.0204841
-3.217582e-08,0.0154859
-3.212582e-08,0.0180125
-3.207582e-08,0.0217199
-3.202582e-08,0.0246858
-3.197582e-08,0.0404492
-3.192582e-08,0.0529171
-3.187582e-08,0.04715
-3.182582e-08,0.0353138
-3.177582e-08,0.0224339
-3.172582e-08,0.0130418
-3.167582e-08,0.0145247
-3.162582e-08,0.0203468
-3.157582e-08,0.0257019
-3.152582e-08,0.0254548
-3.147582e-08,0.0216375
-3.142582e-08,0.0186715
-3.137582e-08,0.00930688
-3.132582e-08,0.0044735
-3.127582e-08,0.0130692
-3.122582e-08,0.0212256
-3.117582e-08,0.0239169
-3.112582e-08,0.0253449
-3.107582e-08,0.0264983
-3.102582e-08,0.0266356
-3.097582e-08,0.0249055
-3.092582e-08,0.0199897
-3.087582e-08,0.0153486
-3.082582e-08,0.0157056
-3.077582e-08,0.0151564
-3.072582e-08,0.0100209
-3.067582e-08,0.00796122
-3.062582e-08,0.0119433
-3.057582e-08,0.0209509
-3.052582e-08,0.030041
-3.047582e-08,0.0266356
-3.042582e-08,0.0181498
-3.037582e-08,0.0213903
-3.032582e-08,0.027487
-3.027582e-08,0.0266631
-3.022582e-08,0.0224614
-3.017582e-08,0.0201545
-3.012582e-08,0.0243288
-3.007582e-08,0.0272947
-3.002582e-08,0.024521
-2.997582e-08,0.0246858
-2.992582e-08,0.0284756
-2.987582e-08,0.0295192
-2.982582e-08,0.0270476
-2.977582e-08,0.0227634
-2.972582e-08,0.0190286
-2.967582e-08,0.0214727
-2.962582e-08,0.0280911
-2.957582e-08,0.0333365
-2.952582e-08,0.0367967
-2.947582e-08,0.0360827
-2.942582e-08,0.0349293
-2.937582e-08,0.0341054
-2.932582e-08,0.0298213
-2.927582e-08,0.027844
-2.922582e-08,0.0258667
-2.917582e-08,0.0207862
-2.912582e-08,0.0206488
-2.907582e-08,0.0231205
-2.902582e-08,0.0233951
-2.897582e-08,0.0255921
-2.892582e-08,0.0266082
-2.887582e-08,0.0226261
-2.882582e-08,0.019468
-2.877582e-08,0.0193856
-2.872582e-08,0.01977
-2.867582e-08,0.0129319
-2.862582e-08,-0.00101898
-2.857582e-08,-0.00728041
-2.852582e-08,-0.00469894
-2.847582e-08,-0.00088167
-2.842582e-08,0.0040341
-2.837582e-08,0.00757675
-2.832582e-08,0.0116137
-2.827582e-08,0.0195778
-2.822582e-08,0.0199074
-2.817582e-08,0.011751
-2.812582e-08,0.0112292
-2.807582e-08,0.0166119
-2.802582e-08,0.0190011
-2.797582e-08,0.0173534
-2.792582e-08,0.0109272
-2.787582e-08,0.00820838
-2.782582e-08,0.015788
-2.777582e-08,0.0228458
-2.772582e-08,0.0202094
-2.767582e-08,0.0103504
-2.762582e-08,-0.00099152
-2.757582e-08,-0.00728041
-2.752582e-08,-0.00382015
-2.747582e-08,0.00732958
-2.742582e-08,0.0195229
-2.737582e-08,0.024933
-2.732582e-08,0.0193032
-2.727582e-08,0.00963642
-2.722582e-08,0.00579169
-2.717582e-08,0.00842808
-2.712582e-08,0.0173259
-2.707582e-08,0.0272124
-2.702582e-08,0.0292171
-2.697582e-08,0.0267455
-2.692582e-08,0.0261139
-2.687582e-08,0.0257568
-2.682582e-08,0.0241091
-2.677582e-08,0.0241091
-2.672582e-08,0.0277341
-2.667582e-08,0.031469
-2.662582e-08,0.0265533
-2.657582e-08,0.0196327
-2.652582e-08,0.0215551
-2.647582e-08,0.0204017
-2.642582e-08,0.0105976
-2.637582e-08,0.0014801
-2.632582e-08,0.00202934
-2.627582e-08,0.0119433
-2.622582e-08,0.019825
-2.617582e-08,0.0260315
-2.612582e-08,0.0308099
-2.607582e-08,0.0224888
-2.602582e-08,0.0104328
-2.597582e-08,0.00875763
-2.592582e-08,0.00787883
-2.587582e-08,0.0065881
-2.582582e-08,0.0119158
-2.577582e-08,0.0211157
-2.572582e-08,0.0335562
-2.567582e-08,0.0406415
-2.562582e-08,0.0366869
-2.557582e-08,0.0317986
-2.552582e-08,0.0260589
-2.547582e-08,0.0174632
-2.542582e-08,0.0120531
-2.537582e-08,0.0101033
-2.532582e-08,0.0108997
-2.527582e-08,0.0111743
-2.522582e-08,0.00840062
-2.517582e-08,0.00474812
-2.512582e-08,0.000793536
-2.507582e-08,0.00353977
-2.502582e-08,0.0104328
-2.497582e-08,0.00510513
-2.492582e-08,-0.0092577
-2.487582e-08,-0.0125257
-2.482582e-08,-0.00513834
-2.477582e-08,-0.000442272
-2.472582e-08,0.0057093
-2.467582e-08,0.0165295
-2.462582e-08,0.0251252
-2.457582e-08,0.0319633
-2.452582e-08,0.0361102
-2.447582e-08,0.0326774
-2.442582e-08,0.0281186
-2.437582e-08,0.0237521
-2.432582e-08,0.0145522
-2.427582e-08,0.00625855
-2.422582e-08,0.00211173
-2.417582e-08,0.00200188
-2.412582e-08,0.00455588
-2.407582e-08,0.00612124
-2.402582e-08,0.0065881
-2.397582e-08,0.00656064
-2.392582e-08,0.00721973
-2.387582e-08,0.00952657
-2.382582e-08,0.00864778
-2.377582e-08,0.000491449
-2.372582e-08,-0.00706071
-2.367582e-08,-0.00977948
-2.362582e-08,-0.0118666
-2.357582e-08,-0.0123609
-2.352582e-08,-0.0103287
-2.347582e-08,-0.00522073
-2.342582e-08,-0.000524659
-2.337582e-08,-0.00214494
-2.332582e-08,-0.00129361
-2.327582e-08,0.00557199
-2.322582e-08,0.00856539
-2.317582e-08,0.0102955
-2.312582e-08,0.0134812
-2.307582e-08,0.0140853
-2.302582e-08,0.0194405
-2.297582e-08,0.0280637
-2.292582e-08,0.0286129
-2.287582e-08,0.0275694
-2.282582e-08,0.0294643
-2.277582e-08,0.0239718
-2.272582e-08,0.0159802
-2.267582e-08,0.0148817
-2.262582e-08,0.0146895
-2.257582e-08,0.0166668
-2.252582e-08,0.0199897
-2.247582e-08,0.0191659
-2.242582e-08,0.0214178
-2.237582e-08,0.0255371
-2.232582e-08,0.0237246
-2.227582e-08,0.0181498
-2.222582e-08,0.0168041
-2.217582e-08,0.0230381
-2.212582e-08,0.0244936
-2.207582e-08,0.0159253
-2.202582e-08,0.00716481
-2.197582e-08,0.0010407
-2.192582e-08,0.0022765
-2.187582e-08,0.0118883
-2.182582e-08,0.0152113
-2.177582e-08,0.0135361
-2.172582e-08,0.0173534
-2.167582e-08,0.021665
-2.162582e-08,0.0224888
-2.157582e-08,0.0179026
-2.152582e-08,0.0065881
-2.147582e-08,-0.0047264
-2.142582e-08,-0.00906546
-2.137582e-08,-0.00585236
-2.132582e-08,-0.00307866
-2.127582e-08,-0.00294135
-2.122582e-08,0.000820998
-2.117582e-08,0.00606631
-2.112582e-08,0.0114489
-2.107582e-08,0.0181223
-2.102582e-08,0.0198524
-2.097582e-08,0.0159802
-2.092582e-08,0.0141677
-2.087582e-08,0.0166943
-2.082582e-08,0.0199623
-2.077582e-08,0.0224339
-2.072582e-08,0.0209235
-2.067582e-08,0.0193032
-2.062582e-08,0.0254822
-2.057582e-08,0.0288326
-2.052582e-08,0.0241915
-2.047582e-08,0.0207038
-2.042582e-08,0.0177378
-2.037582e-08,0.0155134
-2.032582e-08,0.0187265
-2.027582e-08,0.0236422
-2.022582e-08,0.0262786
-2.017582e-08,0.0241091
-2.012582e-08,0.0188363
-2.007582e-08,0.0193856
-2.002582e-08,0.0149916
-1.997582e-08,0.00458335
-1.992582e-08,0.00851047
-1.987582e-08,0.0156781
-1.982582e-08,0.0211981
-1.977582e-08,0.035863
-1.972582e-08,0.0441841
-1.967582e-08,0.0439095
-1.962582e-08,0.0462163
-1.957582e-08,0.0439095
-1.952582e-08,0.0389937
-1.947582e-08,0.0399824
-1.942582e-08,0.0437996
-1.937582e-08,0.0523679
-1.932582e-08,0.0626114
-1.927582e-08,0.065083
-1.922582e-08,0.0648084
-1.917582e-08,0.0584371
-1.912582e-08,0.0421244
-1.907582e-08,0.030041
-1.902582e-08,0.0244387
-1.897582e-08,0.0221043
-1.892582e-08,0.020182
-1.887582e-08,0.016502
-1.882582e-08,0.0164196
-1.877582e-08,0.0176005
-1.872582e-08,0.0189462
-1.867582e-08,0.0232578
-1.862582e-08,0.0279264
-1.857582e-08,0.0250154
-1.852582e-08,0.0167217
-1.847582e-08,0.0143325
-1.842582e-08,0.0119707
-1.837582e-08,0.0107349
-1.832582e-08,0.014305
-1.827582e-08,0.0132065
-1.822582e-08,0.0115588
-1.817582e-08,0.0117785
-1.812582e-08,0.0131241
-1.807582e-08,0.0177928
-1.802582e-08,0.0186166
-1.797582e-08,0.0151564
-1.792582e-08,0.0149641
-1.787582e-08,0.0174357
-1.782582e-08,0.0136185
-1.777582e-08,0.00386932
-1.772582e-08,0.00211173
-1.767582e-08,0.0109821
-1.762582e-08,0.0120257
-1.757582e-08,0.00145263
-1.752582e-08,0.00117801
-1.747582e-08,0.0131516
-1.742582e-08,0.0210882
-1.737582e-08,0.0191933
-1.732582e-08,0.0137558
-1.727582e-08,0.0170787
-1.722582e-08,0.0255921
-1.717582e-08,0.0241915
-1.712582e-08,0.0147994
-1.707582e-08,0.0147719
-1.702582e-08,0.0216924
-1.697582e-08,0.0181223
-1.692582e-08,0.0137009
-1.687582e-08,0.0237246
-1.682582e-08,0.0368242
-1.677582e-08,0.0382797
-1.672582e-08,0.0345997
-1.667582e-08,0.0388564
-1.662582e-08,0.0461614
-1.657582e-08,0.0466283
-1.652582e-08,0.0407788
-1.647582e-08,0.0338033
-1.642582e-08,0.0279264
-1.637582e-08,0.0225163
-1.632582e-08,0.0200447
-1.627582e-08,0.019056
-1.622582e-08,0.00991105
-1.617582e-08,-0.00272165
-1.612582e-08,0.000189363
-1.607582e-08,0.0107075
-1.602582e-08,0.0106251
-1.597582e-08,0.0102681
-1.592582e-08,0.015074
-1.587582e-08,0.0204566
-1.582582e-08,0.0246034
-1.577582e-08,0.0195778
-1.572582e-08,0.0137832
-1.567582e-08,0.0155683
-1.562582e-08,0.0147994
-1.557582e-08,0.0111743
-1.552582e-08,0.00977374
-1.547582e-08,0.00919703
-1.542582e-08,0.0140579
-1.537582e-08,0.0268279
-1.532582e-08,0.0382248
-1.527582e-08,0.0403943
-1.522582e-08,0.0333639
-1.517582e-08,0.026004
-1.512582e-08,0.0216375
-1.507582e-08,0.0202094
-1.502582e-08,0.0243013
-1.497582e-08,0.0217473
-1.492582e-08,0.0131516
-1.487582e-08,0.0155958
-1.482582e-08,0.0241915
-1.477582e-08,0.0260864
-1.472582e-08,0.0181772
-1.467582e-08,0.00400663
-1.462582e-08,-0.00258434
-1.457582e-08,0.000189363
-1.452582e-08,-0.00255688
-1.447582e-08,-0.00673116
-1.442582e-08,0.000354137
-1.437582e-08,0.0113391
-1.432582e-08,0.0109272
-1.427582e-08,-0.000936595
-1.422582e-08,-0.00629176
-1.417582e-08,-0.000744358
-1.412582e-08,0.00117801
-1.407582e-08,0.00139771
-1.402582e-08,0.00480304
-1.397582e-08,-0.00088167
-1.392582e-08,-0.0118392
-1.387582e-08,-0.0103013
-1.382582e-08,-0.000909132
-1.377582e-08,0.00469319
-1.372582e-08,0.00568184
-1.367582e-08,0.00650571
-1.362582e-08,0.013948
-1.357582e-08,0.0234225
-1.352582e-08,0.0290798
-1.347582e-08,0.0372361
-1.342582e-08,0.0441566
-1.337582e-08,0.0344624
-1.332582e-08,0.0155134
-1.327582e-08,0.00400663
-1.322582e-08,-0.00178793
-1.317582e-08,0.00178218
-1.312582e-08,0.0124101
-1.307582e-08,0.0174083
-1.302582e-08,0.0203468
-1.297582e-08,0.0232578
-1.292582e-08,0.0251252
-1.287582e-08,0.0286679
-1.282582e-08,0.0255921
-1.277582e-08,0.0149916
-1.272582e-08,0.0136459
-1.267582e-08,0.0212805
-1.262582e-08,0.0211981
-1.257582e-08,0.0168041
-1.252582e-08,0.0144973
-1.247582e-08,0.0105701
-1.242582e-08,0.0168041
-1.237582e-08,0.0358081
-1.232582e-08,0.0447608
-1.227582e-08,0.0375107
-1.222582e-08,0.0295192
-1.217582e-08,0.027487
-1.212582e-08,0.0249055
-1.207582e-08,0.0206763
-1.202582e-08,0.0209509
-1.197582e-08,0.024219
-1.192582e-08,0.023807
-1.187582e-08,0.0206763
-1.182582e-08,0.0259216
-1.177582e-08,0.0371537
-1.172582e-08,0.0364397
-1.167582e-08,0.0277616
-1.162582e-08,0.017985
-1.157582e-08,0.000106976
-1.152582e-08,-0.0110702
-1.147582e-08,-0.0113998
-1.142582e-08,-0.0150797
-1.137582e-08,-0.015217
-1.132582e-08,-0.00826905
-1.127582e-08,0.00216665
-1.122582e-08,0.0118883
-1.117582e-08,0.0125474
-1.112582e-08,0.0132889
-1.107582e-08,0.02161
-1.102582e-08,0.0250154
-1.097582e-08,0.0224339
-1.092582e-08,0.0226261
-1.087582e-08,0.0246309
-1.082582e-08,0.0266082
-1.077582e-08,0.0249055
-1.072582e-08,0.0228184
-1.067582e-08,0.02529
-1.062582e-08,0.0219945
-1.057582e-08,0.0109272
-1.052582e-08,0.00263352
-1.047582e-08,0.00353977
-1.042582e-08,0.0101307
-1.037582e-08,0.0137832
-1.032582e-08,0.0166393
-1.027582e-08,0.021253
-1.022582e-08,0.022736
-1.017582e-08,0.0209784
-1.012582e-08,0.0177928
-1.007582e-08,0.0126573
-1.002582e-08,0.00818092
-9.975819e-09,0.0119158
-9.925819e-09,0.0197975
-9.875819e-09,0.0205939
-9.825819e-09,0.0198524
-9.775819e-09,0.0209509
-9.725819e-09,0.0192208
-9.675819e-09,0.0137832
-9.625819e-09,-0.00129361
-9.575819e-09,-0.0151896
-9.525819e-09,-0.0204074
-9.475819e-09,-0.0261745
-9.425819e-09,-0.0244993
-9.375819e-09,-0.0182379
-9.325819e-09,-0.0126905
-9.275819e-09,-0.00110137
-9.225819e-09,0.00417141
-9.175819e-09,0.000463987
-9.125819e-09,-0.000661971
-9.075819e-09,-0.00513834
-9.025819e-09,-0.0162331
-8.975819e-09,-0.0219728
-8.925819e-09,-0.0150797
-8.875819e-09,-0.000112723
-8.825819e-09,0.0120257
-8.775819e-09,0.0147444
-8.725819e-09,0.0146071
-8.675819e-09,0.0137558
-8.625819e-09,0.00999344
-8.575819e-09,0.00639586
-8.525819e-09,0.00263352
-8.475819e-09,0.00370455
-8.425819e-09,0.00947165
-8.375819e-09,0.00499528
-8.325819e-09,-0.00480879
-8.275819e-09,-0.00247449
-8.225819e-09,0.00529737
-8.175819e-09,0.00894986
-8.125819e-09,0.0170238
-8.075819e-09,0.0252625
-8.025819e-09,0.0185342
-7.975819e-09,0.0114489
-7.925819e-09,0.0167766
-7.875819e-09,0.0201545
-7.825819e-09,0.0220494
-7.775819e-09,0.0295741
-7.725819e-09,0.0363299
-7.675819e-09,0.0356433
-7.625819e-09,0.0330344
-7.575819e-09,0.0376206
-7.525819e-09,0.0379227
-7.475819e-09,0.021665
-7.425819e-09,-0.000661971
-7.375819e-09,-0.0133496
-7.325819e-09,-0.0103287
-7.275819e-09,-0.000414809
-7.225819e-09,0.0054896
-7.175819e-09,0.00884002
-7.125819e-09,0.0171337
-7.075819e-09,0.0281735
-7.025819e-09,0.029629
-6.975819e-09,0.0244936
-6.925819e-09,0.0233676
-6.875819e-09,0.0241091
-6.825819e-09,0.0269927
-6.775819e-09,0.0255097
-6.725819e-09,0.0200721
-6.675819e-09,0.0258942
-6.625819e-09,0.0275144
-6.575819e-09,0.0151838
-6.525819e-09,0.00776898
-6.475819e-09,0.00499528
-6.425819e-09,-0.00088167
-6.375819e-09,-0.00384761
-6.325819e-09,0.00139771
-6.275819e-09,0.00683526
-6.225819e-09,0.0070275
-6.175819e-09,0.0104054
-6.125819e-09,0.0195229
-6.075819e-09,0.0253998
-6.025819e-09,0.0243013
-5.975819e-09,0.0202918
-5.925819e-09,0.0190835
-5.875819e-09,0.0223515
-5.825819e-09,0.0187539
-5.775819e-09,0.00623109
-5.725819e-09,0.00197442
-5.675819e-09,0.00535229
-5.625819e-09,0.000491449
-5.575819e-09,-0.00846129
-5.525819e-09,-0.00851621
-5.475819e-09,0.00112308
-5.425819e-09,0.0119707
-5.375819e-09,0.0137558
-5.325819e-09,0.0106251
-5.275819e-09,0.0128495
-5.225819e-09,0.0172984
-5.175819e-09,0.0230106
-5.125819e-09,0.0293819
-5.075819e-09,0.029629
-5.025819e-09,0.0283658
-4.975819e-09,0.0281186
-4.925819e-09,0.0224614
-4.875819e-09,0.0192483
-4.825819e-09,0.0227909
-4.775819e-09,0.0166943
-4.725819e-09,0.00466573
-4.675819e-09,0.00496782
-4.625819e-09,0.00840062
-4.575819e-09,0.00211173
-4.525819e-09,-0.00563266
-4.475819e-09,-0.00728041
-4.425819e-09,-0.00574251
-4.375819e-09,-0.00439686
-4.325819e-09,-0.00458909
-4.275819e-09,-0.00423208
-4.225819e-09,-0.00170554
-4.175819e-09,0.000436525
-4.125819e-09,0.00510513
-4.075819e-09,0.0126573
-4.025819e-09,0.0106525
-3.975819e-09,0.00428126
-3.925819e-09,0.0121904
-3.875819e-09,0.0243013
-3.825819e-09,0.0232303
-3.775819e-09,0.0172984
-3.725819e-09,0.0156232
-3.675819e-09,0.0156781
-3.625819e-09,0.0187539
-3.575819e-09,0.0204291
-3.525819e-09,0.0159253
-3.475819e-09,0.00823584
-3.425819e-09,-0.00121122
-3.375819e-09,-0.00258434
-3.325819e-09,0.00647825
-3.275819e-09,0.00785137
-3.225819e-09,-0.00030496
-3.175819e-09,-0.000140186
-3.125819e-09,0.00631348
-3.075819e-09,0.00529737
-3.025819e-09,0.00392425
-2.975819e-09,0.00732958
-2.925819e-09,0.00763167
-2.875819e-09,0.0114215
-2.825819e-09,0.0158429
-2.775819e-09,0.0104054
-2.725819e-09,0.00864778
-2.675819e-09,0.011037
-2.625819e-09,0.0107349
-2.575819e-09,0.0211157
-2.525819e-09,0.0349293
-2.475819e-09,0.034737
-2.425819e-09,0.0272398
-2.375819e-09,0.0255646
-2.325819e-09,0.0297664
-2.275819e-09,0.0293544
-2.225819e-09,0.0233676
-2.175819e-09,0.0198524
-2.125819e-09,0.0236422
-2.075819e-09,0.0288876
-2.025819e-09,0.0264709
-1.975819e-09,0.0211432
-1.925819e-09,0.0171337
-1.875819e-09,0.0179026
-1.825819e-09,0.0236697
-1.775819e-09,0.0150465
-1.725819e-09,-0.00214494
-1.675819e-09,0.000134438
-1.625819e-09,0.00389679
-1.575819e-09,-0.00659385
-1.525819e-09,-0.0096971
-1.475819e-09,-0.0109604
-1.425819e-09,-0.0182654
-1.375819e-09,-0.0145579
-1.325819e-09,-0.00450671
-1.275819e-09,-0.00115629
-1.225819e-09,0.003375
-1.175819e-09,0.0139206
-1.125819e-09,0.0207038
-1.075819e-09,0.0158978
-1.025819e-09,0.00546214
-9.758185e-10,0.00452842
-9.258185e-10,0.0098012
-8.758185e-10,0.00938926
-8.258185e-10,0.00851047
-7.758185e-10,0.00903225
-7.258185e-10,0.0100484
-6.758185e-10,0.0124651
-6.258185e-10,0.013948
-5.758185e-10,0.015074
-5.258185e-10,0.0144973
-4.758185e-10,0.0102131
-4.258185e-10,0.0113666
-3.758185e-10,0.029272
-3.258185e-10,0.0470677
-2.758185e-10,0.0461065
-2.258185e-10,0.0394606
-1.758185e-10,0.0410259
-1.258185e-10,0.0575034
-7.581851e-11,0.0944952
-2.581851e-11,0.141401
2.418149e-11,0.189048
7.418149e-11,0.247131
1.241815e-10,0.31208
1.741815e-10,0.35948
2.241815e-10,0.381203
2.741815e-10,0.385542
3.241815e-10,0.364203
3.741815e-10,0.311146
4.241815e-10,0.248422
4.741815e-10,0.194486
5.241815e-10,0.154336
5.741815e-10,0.126352
6.241815e-10,0.106826
6.741815e-10,0.102377
7.241815e-10,0.110368
7.741815e-10,0.112373
8.241815e-10,0.0940833
8.741815e-10,0.0647809
9.241815e-10,0.0396528
9.741815e-10,0.0174083
1.024181e-09,0.00768659
1.074181e-09,0.0129319
1.124181e-09,0.0149367
1.174181e-09,0.0163922
1.224181e-09,0.0255097
1.274181e-09,0.0317436
1.324181e-09,0.0291347
1.374181e-09,0.024933
1.424181e-09,0.0277891
1.474181e-09,0.0353961
1.524181e-09,0.0311669
1.574181e-09,0.0181772
1.624181e-09,0.0184244
1.674181e-09,0.02529
1.724181e-09,0.02161
1.774181e-09,0.0098012
1.824181e-09,0.00142517
1.874181e-09,0.00510513
1.924181e-09,0.0156232
1.974181e-09,0.023093
2.024181e-09,0.0250428
2.074181e-09,0.0257294
2.124181e-09,0.0300135
2.174181e-09,0.0283383
2.224181e-09,0.0157331
2.274181e-09,0.00189203
2.324181e-09,-0.00697832
2.374181e-09,-0.00376522
2.424181e-09,0.0105152
2.474181e-09,0.0218023
2.524181e-09,0.0242739
2.574181e-09,0.0243837
2.624181e-09,0.0281461
2.674181e-09,0.0332541
2.724181e-09,0.0340779
2.774181e-09,0.0273222
2.824181e-09,0.0173259
2.874181e-09,0.0145797
2.924181e-09,0.0180674
2.974181e-09,0.0163647
3.024181e-09,0.0132615
3.074181e-09,0.0171611
3.124181e-09,0.0212805
3.174181e-09,0.0199897
3.224181e-09,0.014305
3.274181e-09,0.0120806
3.324181e-09,0.0189187
3.374181e-09,0.0246584
3.424181e-09,0.02713
3.474181e-09,0.0302058
3.524181e-09,0.0346547
3.574181e-09,0.0411907
3.624181e-09,0.0370439
3.674181e-09,0.0240816
3.724181e-09,0.018699
3.774181e-09,0.0154859
3.824181e-09,0.00897733
3.874181e-09,0.00941673
3.924181e-09,0.0147444
3.974181e-09,0.0116961
4.024181e-09,0.00798868
4.074181e-09,0.0146346
4.124181e-09,0.0217748
4.174181e-09,0.0239718
4.224181e-09,0.0266082
4.274181e-09,0.0283932
4.324181e-09,0.0253449
4.374181e-09,0.0203193
4.424181e-09,0.0154035
4.474181e-09,0.00628601
4.524181e-09,-0.00994426
4.574181e-09,-0.0268062
4.624181e-09,-0.0338365
4.674181e-09,-0.0273829
4.724181e-09,-0.0137066
4.774181e-09,-0.00546789
4.824181e-09,-0.00123868
4.874181e-09,0.00537975
4.924181e-09,0.00628601
4.974181e-09,0.00115055
5.024181e-09,-0.00412223
5.074181e-09,-0.00813174
5.124181e-09,-0.0051658
5.174181e-09,0.000106976
5.224181e-09,0.000711148
5.274181e-09,0.00727466
5.324181e-09,0.0236697
5.374181e-09,0.0352863
5.424181e-09,0.035149
5.474181e-09,0.0319359
5.524181e-09,0.0276518
5.574181e-09,0.0191933
5.624181e-09,0.0119158
5.674181e-09,0.0065881
5.724181e-09,-0.000277498
5.774181e-09,-0.00505595
5.824181e-09,-0.000497197
5.874181e-09,0.0118609
5.924181e-09,0.0203468
5.974181e-09,0.0233676
6.024181e-09,0.0276518
6.074181e-09,0.0328147
6.124181e-09,0.034023
6.174181e-09,0.031469
6.224181e-09,0.0291347
6.274181e-09,0.02345
6.324181e-09,0.0217473
6.374181e-09,0.0318535
6.424181e-09,0.0359179
6.474181e-09,0.0313866
6.524181e-09,0.0253724
6.574181e-09,0.0124925
6.624181e-09,0.00601139
6.674181e-09,0.00752182
6.724181e-09,0.00224904
6.774181e-09,-0.00200763
6.824181e-09,0.00117801
6.874181e-09,0.00829077
6.924181e-09,0.0185892
6.974181e-09,0.0258392
7.024181e-09,0.020539
7.074181e-09,0.0087027
7.124181e-09,0.00244128
7.174181e-09,0.00120547
7.224181e-09,0.00345739
7.274181e-09,0.00400663
7.324181e-09,0.0040341
7.374181e-09,0.0105427
7.424181e-09,0.0178477
7.474181e-09,0.0218297
7.524181e-09,0.0227085
7.574181e-09,0.0207312
7.624181e-09,0.017985
7.674181e-09,0.0170787
7.724181e-09,0.0188363
7.774181e-09,0.022379
7.824181e-09,0.0260315
7.874181e-09,0.0303431
7.924181e-09,0.0367418
7.974181e-09,0.0343251
8.024181e-09,0.0206214
8.074181e-09,0.0109272
8.124181e-09,0.00875763
8.174181e-09,0.00458335
8.224181e-09,0.00156248
8.274181e-09,0.00949911
8.324181e-09,0.0203193
8.374181e-09,0.0252625
8.424181e-09,0.0261962
8.474181e-09,0.0224339
8.524181e-09,0.0123827
8.574181e-09,-0.00167808
8.624181e-09,-0.010878
8.674181e-09,-0.0139538
8.724181e-09,-0.0168648
8.774181e-09,-0.0171394
8.824181e-09,-0.0148326
8.874181e-09,-0.00730787
8.924181e-09,0.00763167
8.974181e-09,0.0158704
9.024181e-09,0.0100758
9.074181e-09,0.00461081
9.124181e-09,0.00991105
9.174181e-09,0.0120257
9.224181e-09,0.00362216
9.274181e-09,0.000518912
9.324181e-09,0.0107075
9.374181e-09,0.021253
9.424181e-09,0.0184793
9.474181e-09,0.0119158
9.524181e-09,0.0153486
9.574181e-09,0.0203742
9.624181e-09,0.0158978
9.674181e-09,0.00631348
9.724181e-09,-0.00121122
9.774181e-09,-0.009038
9.824181e-09,-0.0168373
9.874181e-09,-0.0171669
9.924181e-09,-0.00804935
9.974181e-09,0.00414395
1.002418e-08,0.0124101
1.007418e-08,0.0200447
1.012418e-08,0.0288326
1.017418e-08,0.0276243
1.022418e-08,0.0153486
1.027418e-08,0.0070275
1.032418e-08,0.0114764
1.037418e-08,0.0200447
1.042418e-08,0.019468
1.047418e-08,0.017985
1.052418e-08,0.0244387
1.057418e-08,0.0235049
1.062418e-08,0.0137558
1.067418e-08,0.0100209
1.072418e-08,0.0101307
1.077418e-08,0.00353977
1.082418e-08,-0.00376522
1.087418e-08,-3.03361e-05
1.092418e-08,0.0133438
1.097418e-08,0.0272947
1.102418e-08,0.0295741
1.107418e-08,0.0236422
1.112418e-08,0.0239718
1.117418e-08,0.0252625
1.122418e-08,0.0219121
1.127418e-08,0.0207587
1.132418e-08,0.0236148
1.137418e-08,0.0280362
1.142418e-08,0.0291347
1.147418e-08,0.0262237
1.152418e-08,0.0261413
1.157418e-08,0.0237246
1.162418e-08,0.0126024
1.167418e-08,0.00310038
1.172418e-08,-0.00522073
1.177418e-08,-0.0154642
1.182418e-08,-0.0109054
1.187418e-08,0.00123293
1.192418e-08,-0.0015133
1.197418e-08,-0.00241956
1.202418e-08,0.0100484
1.207418e-08,0.0143325
1.212418e-08,0.00765913
1.217418e-08,0.0070275
1.222418e-08,0.0142226
1.227418e-08,0.0171337
1.232418e-08,0.0146071
1.237418e-08,0.0150191
1.242418e-08,0.0173808
1.247418e-08,0.0174632
1.252418e-08,0.0173808
1.257418e-08,0.01977
1.262418e-08,0.0186715
1.267418e-08,0.0140579
1.272418e-08,0.0148817
1.277418e-08,0.0177104
1.282418e-08,0.0167492
1.287418e-08,0.0123552
1.292418e-08,0.00834569
1.297418e-08,0.00842808
1.302418e-08,0.00697257
1.307418e-08,0.00419887
1.312418e-08,0.00494036
1.317418e-08,0.00480304
1.322418e-08,0.00109562
1.327418e-08,-0.00387507
1.332418e-08,0.000738611
1.337418e-08,0.01436
1.342418e-08,0.00982866
1.347418e-08,-0.00684101
1.352418e-08,-0.00357298
1.357418e-08,0.00524244
1.362418e-08,0.00450096
1.367418e-08,0.0118883
1.372418e-08,0.0236422
1.377418e-08,0.0261139
1.382418e-08,0.0219121
1.387418e-08,0.0200172
1.392418e-08,0.0291896
1.397418e-08,0.0313317
1.402418e-08,0.0125749
1.407418e-08,0.00326515
1.412418e-08,0.0149641
1.417418e-08,0.0228184
1.422418e-08,0.0155408
1.427418e-08,0.0027159
1.432418e-08,-0.000442272
1.437418e-08,0.00518752
1.442418e-08,0.00524244
1.447418e-08,0.00164487
1.452418e-08,0.00537975
1.457418e-08,0.0133164
1.462418e-08,0.015074
1.467418e-08,0.00969135
1.472418e-08,0.0093618
1.477418e-08,0.0189187
1.482418e-08,0.0225437
1.487418e-08,0.0107898
1.492418e-08,0.0003816
1.497418e-08,0.00326515
1.502418e-08,0.010323
1.507418e-08,0.0192757
1.512418e-08,0.0259216
1.517418e-08,0.0231754
1.522418e-08,0.0185342
1.527418e-08,0.0181772
1.532418e-08,0.0243013
1.537418e-08,0.0292995
1.542418e-08,0.0249879
1.547418e-08,0.0246309
1.552418e-08,0.0276518
1.557418e-08,0.0224339
1.562418e-08,0.0147444
1.567418e-08,0.00463827
1.572418e-08,-0.00590729
1.577418e-08,-0.00777473
1.582418e-08,-0.00736279
1.587418e-08,-0.00667623
1.592418e-08,-0.00167808
1.597418e-08,0.000875923
1.602418e-08,0.00216665
1.607418e-08,0.0070275
1.612418e-08,0.00955404
1.617418e-08,0.00540722
1.622418e-08,0.000985772
1.627418e-08,0.000656224
1.632418e-08,0.00499528
1.637418e-08,0.0150191
1.642418e-08,0.0209235
1.647418e-08,0.0234225
1.652418e-08,0.0321281
1.657418e-08,0.0322105
1.662418e-08,0.0201545
1.667418e-08,0.0180674
1.672418e-08,0.0220494
1.677418e-08,0.0140029
1.682418e-08,0.00257859
1.687418e-08,0.000134438
1.692418e-08,0.00172726
1.697418e-08,0.000875923
1.702418e-08,0.000463987
1.707418e-08,0.00661556
1.712418e-08,0.0111194
1.717418e-08,0.00664302
1.722418e-08,0.0065881
1.727418e-08,0.00900479
1.732418e-08,0.003375
1.737418e-08,0.00252367
1.742418e-08,0.00532483
1.747418e-08,-2.87366e-06
1.752418e-08,-0.00321597
1.757418e-08,0.000903385
1.762418e-08,0.000875923
1.767418e-08,-0.00489118
1.772418e-08,-0.00401238
1.777418e-08,0.000216825
1.782418e-08,0.00112308
1.787418e-08,0.00900479
1.792418e-08,0.0149367
1.797418e-08,0.016859
1.802418e-08,0.0348194
1.807418e-08,0.0481662
1.812418e-08,0.0374284
1.817418e-08,0.0327323
1.822418e-08,0.0403943
1.827418e-08,0.0354236
1.832418e-08,0.0250977
1.837418e-08,0.0202644
1.842418e-08,0.00653317
1.847418e-08,-0.00760996
1.852418e-08,-0.00576998
1.857418e-08,-0.00252941
1.862418e-08,-0.00099152
1.867418e-08,0.00749436
1.872418e-08,0.00801614
1.877418e-08,0.003375
1.882418e-08,0.0115863
1.887418e-08,0.0208136
1.892418e-08,0.0244661
1.897418e-08,0.0309198
1.902418e-08,0.0277067
1.907418e-08,0.0130692
1.912418e-08,0.00903225
1.917418e-08,0.0147444
1.922418e-08,0.0137558
1.927418e-08,0.00469319
1.932418e-08,-0.000854208
1.937418e-08,0.00194696
1.942418e-08,0.00837315
1.947418e-08,0.0152388
1.952418e-08,0.019056
1.957418e-08,0.0217199
1.962418e-08,0.0240267
1.967418e-08,0.0247682
1.972418e-08,0.0268279
1.977418e-08,0.0264709
1.982418e-08,0.0233951
1.987418e-08,0.0222966
1.992418e-08,0.0232578
1.997418e-08,0.0229831
2.002418e-08,0.0151014
2.007418e-08,0.00537975
2.012418e-08,0.000656224
2.017418e-08,-0.00695086
2.022418e-08,-0.0154917
2.027418e-08,-0.0118392
2.032418e-08,0.00219412
2.037418e-08,0.0138931
2.042418e-08,0.0228733
2.047418e-08,0.0296565
2.052418e-08,0.0297389
2.057418e-08,0.0285305
2.062418e-08,0.0290798
2.067418e-08,0.0285855
2.072418e-08,0.0157056
2.077418e-08,-0.00615445
2.082418e-08,-0.0102738
2.087418e-08,-0.000414809
2.092418e-08,0.00963642
2.097418e-08,0.0211981
2.102418e-08,0.0285305
2.107418e-08,0.0293544
2.112418e-08,0.0243013
2.117418e-08,0.018342
2.122418e-08,0.0147994
2.127418e-08,0.014305
2.132418e-08,0.017271
2.137418e-08,0.0135086
2.142418e-08,0.00864778
2.147418e-08,0.0106525
2.152418e-08,0.0108722
2.157418e-08,0.00845554
2.162418e-08,0.0057093
2.167418e-08,0.00689019
2.172418e-08,0.0121904
2.177418e-08,0.00993851
2.182418e-08,0.000518912
2.187418e-08,-0.000689433
2.192418e-08,0.00494036
2.197418e-08,0.00529737
2.202418e-08,0.00938926
2.207418e-08,0.0176005
2.212418e-08,0.0171886
2.217418e-08,0.0158704
2.222418e-08,0.0178202
2.227418e-08,0.0181223
2.232418e-08,0.0185617
2.237418e-08,0.017628
2.242418e-08,0.0164196
2.247418e-08,0.0190835
2.252418e-08,0.0244112
2.257418e-08,0.0269927
2.262418e-08,0.0226261
2.267418e-08,0.0181498
2.272418e-08,0.0199074
2.277418e-08,0.0233402
2.282418e-08,0.0242464
2.287418e-08,0.0244936
2.292418e-08,0.0269377
2.297418e-08,0.0272947
2.302418e-08,0.0232303
2.307418e-08,0.0161175
2.312418e-08,0.0068078
2.317418e-08,-0.000524659
2.322418e-08,-0.00228225
2.327418e-08,0.00417141
2.332418e-08,0.0139206
2.337418e-08,0.0210333
2.342418e-08,0.0322105
2.347418e-08,0.0448707
2.352418e-08,0.0435799
2.357418e-08,0.0334463
2.362418e-08,0.0302881
2.367418e-08,0.0291622
2.372418e-08,0.0211432
2.377418e-08,0.0129868
2.382418e-08,0.00952657
2.387418e-08,0.00925195
2.392418e-08,0.0154035
2.397418e-08,0.0209235
2.402418e-08,0.0174083
2.407418e-08,0.0155134
2.412418e-08,0.017628
2.417418e-08,0.0160626
2.422418e-08,0.0163372
2.427418e-08,0.0222691
2.432418e-08,0.0252625
2.437418e-08,0.0178477
2.442418e-08,0.00884002
2.447418e-08,0.00911464
2.452418e-08,0.00878509
2.457418e-08,0.00521498
2.462418e-08,0.00820838
2.467418e-08,0.0136734
2.472418e-08,0.0177104
2.477418e-08,0.0244936
2.482418e-08,0.029629
2.487418e-08,0.0257294
2.492418e-08,0.0140579
2.497418e-08,-0.00121122
2.502418e-08,-0.0134045
2.507418e-08,-0.0164528
2.512418e-08,-0.00843383
2.517418e-08,0.00115055
2.522418e-08,0.00106816
2.527418e-08,0.00205681
2.532418e-08,0.00529737
2.537418e-08,-2.87366e-06
2.542418e-08,-0.00406731
2.547418e-08,-0.000359885
2.552418e-08,0.00617616
2.557418e-08,0.0141403
2.562418e-08,0.0217473
2.567418e-08,0.023807
2.572418e-08,0.0202369
2.577418e-08,0.018342
2.582418e-08,0.0157331
2.587418e-08,0.0107075
2.592418e-08,0.0111743
2.597418e-08,0.0127122
2.602418e-08,0.0113391
2.607418e-08,0.0143325
2.612418e-08,0.0212805
2.617418e-08,0.0270201
2.622418e-08,0.0303705
2.627418e-08,0.0281461
2.632418e-08,0.0213354
2.637418e-08,0.0208136
2.642418e-08,0.0250977
2.647418e-08,0.0278714
2.652418e-08,0.0336111
2.657418e-08,0.0375657
2.662418e-08,0.0417674
2.667418e-08,0.0536037
2.672418e-08,0.0563774
2.677418e-08,0.0514067
2.682418e-08,0.0551416
2.687418e-08,0.0551416
2.692418e-08,0.0443489
2.697418e-08,0.0302058
2.702418e-08,0.0196877
2.707418e-08,0.0183145
2.712418e-08,0.0177653
2.717418e-08,0.0119433
2.722418e-08,0.00656064
2.727418e-08,0.00554453
2.732418e-08,0.00625855
2.737418e-08,0.00809853
2.742418e-08,0.0151838
2.747418e-08,0.0255646
2.752418e-08,0.0356433
2.757418e-08,0.0453101
2.762418e-08,0.0466557
2.767418e-08,0.034737
2.772418e-08,0.0265533
2.777418e-08,0.0237796
2.782418e-08,0.00768659
2.787418e-08,-0.00843383
2.792418e-08,-0.00733533
2.797418e-08,-0.00546789
2.802418e-08,-0.0118117
2.807418e-08,-0.0109878
2.812418e-08,-0.0021724
2.817418e-08,0.003375
2.822418e-08,0.011037
2.827418e-08,0.0212256
2.832418e-08,0.0232303
2.837418e-08,0.0195229
2.842418e-08,0.0194405
2.847418e-08,0.0211706
2.852418e-08,0.0232028
2.857418e-08,0.0255371
2.862418e-08,0.0153761
2.867418e-08,-0.000552121
2.872418e-08,0.00279829
2.877418e-08,0.0116412
2.882418e-08,0.00754928
2.887418e-08,0.00801614
2.892418e-08,0.0134537
2.897418e-08,0.011037
2.902418e-08,0.0112292
2.907418e-08,0.0195229
2.912418e-08,0.0257568
2.917418e-08,0.0255371
2.922418e-08,0.0210333
2.927418e-08,0.0138656
2.932418e-08,0.00321023
2.937418e-08,-0.00552281
2.942418e-08,-0.00206255
2.947418e-08,0.00667049
2.952418e-08,0.0054896
2.957418e-08,-0.00324344
2.962418e-08,-0.00530311
2.967418e-08,0.00120547
2.972418e-08,0.00595646
2.977418e-08,0.00499528
2.982418e-08,0.00142517
2.987418e-08,0.00332008
2.992418e-08,0.0119433
2.997418e-08,0.0205939
3.002418e-08,0.0274321
3.007418e-08,0.0310845
3.012418e-08,0.0352863
3.017418e-08,0.0367967
3.022418e-08,0.0277891
3.027418e-08,0.020896
3.032418e-08,0.0217748
3.037418e-08,0.0220494
3.042418e-08,0.0207038
3.047418e-08,0.0146895
3.052418e-08,0.0093618
3.057418e-08,0.0135361
3.062418e-08,0.0159528
3.067418e-08,0.0127946
3.072418e-08,0.0171611
3.077418e-08,0.0209509
3.082418e-08,0.00675287
3.087418e-08,-0.00750011
3.092418e-08,-0.00140346
3.097418e-08,0.00628601
3.102418e-08,0.00543468
3.107418e-08,0.00779644
3.112418e-08,0.00969135
3.117418e-08,0.00991105
3.122418e-08,0.013591
3.127418e-08,0.0101307
3.132418e-08,0.00452842
3.137418e-08,0.0133164
3.142418e-08,0.0225437
3.147418e-08,0.0161999
3.152418e-08,0.00812599
3.157418e-08,0.0105701
3.162418e-08,0.0136734
3.167418e-08,0.0153761
3.172418e-08,0.0199623
3.177418e-08,0.0229282
3.182418e-08,0.0268004
3.187418e-08,0.0288601
3.192418e-08,0.0215551
3.197418e-08,0.0143874
3.202418e-08,0.0119158
3.207418e-08,0.00851047
3.212418e-08,0.00974627
3.217418e-08,0.0137832
3.222418e-08,0.0111194
3.227418e-08,0.012108
3.232418e-08,0.0211432
3.237418e-08,0.0250977
3.242418e-08,0.019056
3.247418e-08,0.00535229
3.252418e-08,-0.00533058
3.257418e-08,-0.0047264
3.262418e-08,-0.00285896
3.267418e-08,-0.00428701
3.272418e-08,0.00134278
3.277418e-08,0.0095815
3.282418e-08,0.00927941
3.287418e-08,0.00765913
3.292418e-08,0.0107898
3.297418e-08,0.0147444
3.302418e-08,0.0102955
3.307418e-08,0.000326675
3.312418e-08,0.00238635
3.317418e-08,0.00521498
3.322418e-08,-0.00118376
3.327418e-08,0.00326515
3.332418e-08,0.016145
3.337418e-08,0.0225712
3.342418e-08,0.0248506
3.347418e-08,0.0263885
3.352418e-08,0.0285855
3.357418e-08,0.0286129
3.362418e-08,0.0197426
3.367418e-08,0.00620363
3.372418e-08,-0.00653892
3.377418e-08,-0.0207919
3.382418e-08,-0.0277399
3.387418e-08,-0.0231811
3.392418e-08,-0.0179633
3.397418e-08,-0.0116195
3.402418e-08,-0.00351806
3.407418e-08,0.000216825
3.412418e-08,0.00329261
3.417418e-08,0.0111743
3.422418e-08,0.0197975
3.427418e-08,0.0236148
3.432418e-08,0.028201
3.437418e-08,0.0317986
3.442418e-08,0.0224064
3.447418e-08,0.011806
3.452418e-08,0.0125749
3.457418e-08,0.00974627
3.462418e-08,-0.00412223
3.467418e-08,-0.0188421
3.472418e-08,-0.0255704
3.477418e-08,-0.0194737
3.482418e-08,-0.0108231
3.487418e-08,-0.0114822
3.492418e-08,-0.00950486
3.497418e-08,-0.00247449
3.502418e-08,0.00524244
3.507418e-08,0.0189462
3.512418e-08,0.0187539
3.517418e-08,0.00378694
3.522418e-08,0.00205681
3.527418e-08,0.00705496
3.532418e-08,0.00818092
3.537418e-08,0.0115039
3.542418e-08,0.0174083
3.547418e-08,0.0210333
3.552418e-08,0.0192208
3.557418e-08,0.0198799
3.562418e-08,0.0253724
3.567418e-08,0.0306452
3.572418e-08,0.035863
3.577418e-08,0.0339406
3.582418e-08,0.0233951
3.587418e-08,0.0159253
3.592418e-08,0.0120806
3.597418e-08,0.00364962
3.602418e-08,-0.00741772
3.607418e-08,-0.00958725
3.612418e-08,-0.00307866
3.617418e-08,-0.00167808
3.622418e-08,-0.00110137
3.627418e-08,0.00933434
3.632418e-08,0.0155958
3.637418e-08,0.0145522
3.642418e-08,0.0160626
3.647418e-08,0.0151838
3.652418e-08,0.0174083
3.657418e-08,0.0238894
3.662418e-08,0.0257568
3.667418e-08,0.0268553
3.672418e-08,0.0235049
3.677418e-08,0.0113391
3.682418e-08,0.00167233
3.687418e-08,0.00516006
3.692418e-08,0.0131791
3.697418e-08,0.012163
3.702418e-08,0.00537975
3.707418e-08,0.00208427
3.712418e-08,0.00529737
3.717418e-08,0.0104328
3.722418e-08,0.00944419
3.727418e-08,0.00290814
3.732418e-08,0.0035947
3.737418e-08,0.00905971
3.742418e-08,0.00933434
3.747418e-08,0.0115588
3.752418e-08,0.0107075
3.757418e-08,0.000546374
3.762418e-08,-0.0037103
3.767418e-08,0.00345739
3.772418e-08,0.0141128
3.777418e-08,0.0245485
3.782418e-08,0.0327872
3.787418e-08,0.0344899
3.792418e-08,0.0309198
3.797418e-08,0.0301783
3.802418e-08,0.0288876
3.807418e-08,0.0165844
3.812418e-08,0.00277083
3.817418e-08,0.00145263
3.822418e-08,0.00172726
3.827418e-08,-0.00285896
3.832418e-08,-0.00140346
3.837418e-08,0.00186457
3.842418e-08,0.00472066
3.847418e-08,0.0145797
3.852418e-08,0.0213903
3.857418e-08,0.0229282
3.862418e-08,0.0299861
3.867418e-08,0.0335836
3.872418e-08,0.0280362
3.877418e-08,0.0279538
3.882418e-08,0.0357257
3.887418e-08,0.0387466
3.892418e-08,0.0321007
3.897418e-08,0.0244112
3.902418e-08,0.0232028
3.907418e-08,0.0220494
3.912418e-08,0.0153761
3.917418e-08,0.0151014
3.922418e-08,0.0235873
3.927418e-08,0.0247133
3.932418e-08,0.0218023
3.937418e-08,0.028201
3.942418e-08,0.0388564
3.947418e-08,0.0406415
3.952418e-08,0.0350941
3.957418e-08,0.0336935
3.962418e-08,0.0311395
3.967418e-08,0.0236972
3.972418e-08,0.0200447
3.977418e-08,0.0192208
3.982418e-08,0.0166668
3.987418e-08,0.0107075
3.992418e-08,0.00807107
3.997418e-08,0.0105701
4.002418e-08,0.00502274
4.007418e-08,-0.00343567
4.012418e-08,-0.006484
4.017418e-08,-0.00909292
4.022418e-08,-0.00813174
4.027418e-08,-0.00612699
4.032418e-08,-0.00522073
4.037418e-08,-0.00178793
4.042418e-08,0.00208427
4.047418e-08,0.00565438
4.052418e-08,0.00428126
4.057418e-08,-0.000250035
4.062418e-08,0.00222158
4.067418e-08,0.00727466
4.072418e-08,0.00878509
4.077418e-08,0.0149916
4.082418e-08,0.0291622
4.087418e-08,0.0382522
4.092418e-08,0.0360003
4.097418e-08,0.0335836
4.102418e-08,0.0406964
4.107418e-08,0.0505554
4.112418e-08,0.0511321
4.117418e-08,0.0427561
4.122418e-08,0.0330893
4.127418e-08,0.0270476
4.132418e-08,0.0229008
4.137418e-08,0.0216375
4.142418e-08,0.0264983
4.147418e-08,0.0311395
4.152418e-08,0.0307825
4.157418e-08,0.0258118
4.162418e-08,0.0225987
4.167418e-08,0.0255921
4.172418e-08,0.0213903
4.177418e-08,0.00999344
4.182418e-08,0.00620363
4.187418e-08,0.00494036
4.192418e-08,0.00513259
4.197418e-08,0.00483051
4.202418e-08,-0.00244703
4.207418e-08,-0.00198017
4.212418e-08,0.00757675
4.217418e-08,0.0109272
4.222418e-08,0.00853793
4.227418e-08,0.00721973
4.232418e-08,0.00568184
4.237418e-08,0.00246874
4.242418e-08,-0.000634509
4.247418e-08,-0.00384761
4.252418e-08,-0.010109
4.257418e-08,-0.0157663
4.262418e-08,-0.0096971
4.267418e-08,0.00216665
4.272418e-08,0.0121904
4.277418e-08,0.024576
4.282418e-08,0.0266906
4.287418e-08,0.0175731
4.292418e-08,0.00697257
4.297418e-08,-0.0116744
4.302418e-08,-0.0167824
4.307418e-08,-0.000826745
4.312418e-08,-0.000332422
4.317418e-08,-0.00774727
4.322418e-08,-0.000799283
4.327418e-08,0.00450096
4.332418e-08,0.00397917
4.337418e-08,0.00392425
4.342418e-08,0.00364962
4.347418e-08,0.00551707
4.352418e-08,0.00765913
4.357418e-08,0.0120257
4.362418e-08,0.0204566
4.367418e-08,0.0185617
4.372418e-08,0.0127397
4.377418e-08,0.0177653
4.382418e-08,0.0102406
4.387418e-08,-0.0047264
4.392418e-08,0.00664302
4.397418e-08,0.0244936
4.402418e-08,0.024576
4.407418e-08,0.0219396
4.412418e-08,0.0218297
4.417418e-08,0.0175181
4.422418e-08,0.0123552
4.427418e-08,0.00672541
4.432418e-08,-0.00513834
4.437418e-08,-0.0140362
4.442418e-08,-0.00760996
4.447418e-08,0.00109562
4.452418e-08,0.00488543
4.457418e-08,0.0101857
4.462418e-08,0.00859285
4.467418e-08,0.0029356
4.472418e-08,0.0014801
4.477418e-08,-0.000552121
4.482418e-08,-0.00233718
4.487418e-08,0.000930848
4.492418e-08,0.0125749
4.497418e-08,0.0217473
4.502418e-08,0.0177378
4.507418e-08,0.0110095
4.512418e-08,0.00875763
4.517418e-08,0.00738451
4.522418e-08,0.00601139
4.527418e-08,0.00694511
4.532418e-08,0.0074669
4.537418e-08,0.00884002
4.542418e-08,0.018342
4.547418e-08,0.0273497
4.552418e-08,0.0280637
4.557418e-08,0.0262237
4.562418e-08,0.0169963
4.567418e-08,0.00395171
4.572418e-08,0.00109562
4.577418e-08,-0.00209002
4.582418e-08,-0.0112899
4.587418e-08,-0.0125532
4.592418e-08,-0.00769234
4.597418e-08,-0.00552281
4.602418e-08,-0.00121122
4.607418e-08,0.00683526
4.612418e-08,0.0131791
4.617418e-08,0.0211432
4.622418e-08,0.0272673
4.627418e-08,0.0246034
4.632418e-08,0.0221593
4.637418e-08,0.0171062
4.642418e-08,0.00521498
4.647418e-08,-0.0026118
4.652418e-08,-0.00906546
4.657418e-08,-0.0139263
4.662418e-08,-0.00579744
4.667418e-08,0.0105701
4.672418e-08,0.0214727
4.677418e-08,0.0236422
4.682418e-08,0.0256745
4.687418e-08,0.0299037
4.692418e-08,0.0289425
4.697418e-08,0.0271574
4.702418e-08,0.0299037
4.707418e-08,0.0273222
4.712418e-08,0.0160626
4.717418e-08,0.00623109
4.722418e-08,0.0022765
4.727418e-08,0.00208427
4.732418e-08,0.00798868
4.737418e-08,0.0147444
4.742418e-08,0.0127946
4.747418e-08,0.00634094
4.752418e-08,0.00101323
4.757418e-08,0.003375
4.762418e-08,0.0150191
4.767418e-08,0.0164471
4.772418e-08,0.00683526
4.777418e-08,0.00419887
4.782418e-08,0.00222158
4.787418e-08,-0.00112883
4.792418e-08,0.00180964
4.797418e-08,0.00667049
4.802418e-08,0.00765913
4.807418e-08,0.00408902
4.812418e-08,0.00689019
4.817418e-08,0.0147719
4.822418e-08,0.0133438
4.827418e-08,0.00590154
4.832418e-08,0.00312784
4.837418e-08,0.00661556
4.842418e-08,0.00713735
4.847418e-08,0.00595646
4.852418e-08,0.014717
4.857418e-08,0.0250428
4.862418e-08,0.0274595
4.867418e-08,0.0289425
4.872418e-08,0.0335012
4.877418e-08,0.0308648
4.882418e-08,0.0188363
4.887418e-08,0.0111194
4.892418e-08,0.00840062
4.897418e-08,0.00867524
4.902418e-08,0.0126298
4.907418e-08,0.0144149
4.912418e-08,0.0140304
4.917418e-08,0.0105152
4.922418e-08,0.00342992
4.927418e-08,-0.00258434
4.932418e-08,-0.00576998
4.937418e-08,-0.00409477
4.942418e-08,0.00191949
4.947418e-08,0.0074669
4.952418e-08,0.0164471
4.957418e-08,0.0296565
4.962418e-08,0.0320732
4.967418e-08,0.0229557
4.972418e-08,0.0159253
4.977418e-08,0.0165844
4.982418e-08,0.0219945
4.987418e-08,0.022022
4.992418e-08,0.0188363
4.997418e-08,0.0179026
5.002418e-08,0.00719227
5.007418e-08,-0.00623684
5.012418e-08,-0.00486372
5.017418e-08,-0.00420462
5.022418e-08,-0.0123335
5.027418e-08,-0.0117568
5.032418e-08,-0.00478133
5.037418e-08,-0.00480879
5.042418e-08,-0.00618191
5.047418e-08,-0.00395746
5.052418e-08,-0.00739026
5.057418e-08,-0.0111251
5.062418e-08,-0.00637415
5.067418e-08,-0.0049461
5.072418e-08,-0.00557774
5.077418e-08,-0.00140346
5.082418e-08,-0.00678608
5.087418e-08,-0.0185125
5.092418e-08,-0.0225495
5.097418e-08,-0.0216707
5.102418e-08,-0.0124159
5.107418e-08,-0.00110137
5.112418e-08,0.00145263
5.117418e-08,0.00949911
5.122418e-08,0.0194954
5.127418e-08,0.0192483
5.132418e-08,0.0222691
5.137418e-08,0.0277616
5.142418e-08,0.0291622
5.147418e-08,0.0307275
5.152418e-08,0.0291073
5.157418e-08,0.0285305
5.162418e-08,0.0293544
5.167418e-08,0.0210608
5.172418e-08,0.012163
5.177418e-08,0.0133988
5.182418e-08,0.0117236
5.187418e-08,0.00194696
5.192418e-08,-0.000250035
5.197418e-08,0.00903225
5.202418e-08,0.0172984
5.207418e-08,0.0218023
5.212418e-08,0.02345
5.217418e-08,0.0155134
5.222418e-08,0.0101582
5.227418e-08,0.0137283
5.232418e-08,0.0109546
5.237418e-08,0.00172726
5.242418e-08,-0.00662131
5.247418e-08,-0.00944993
5.252418e-08,-0.00489118
5.257418e-08,0.00186457
5.262418e-08,0.00436365
5.267418e-08,0.00224904
5.272418e-08,-0.000332422
5.277418e-08,-0.00568759
5.282418e-08,-0.00681355
5.287418e-08,0.00384186
5.292418e-08,0.00754928
5.297418e-08,-0.000497197
5.302418e-08,0.00131532
5.307418e-08,0.00779644
5.312418e-08,0.00414395
5.317418e-08,0.00153502
5.322418e-08,-0.00088167
5.327418e-08,-0.00813174
5.332418e-08,-0.00760996
5.337418e-08,-0.0032709
5.342418e-08,-0.00291389
5.347418e-08,0.00164487
5.352418e-08,0.00889494
5.357418e-08,0.00601139
5.362418e-08,0.000985772
5.367418e-08,0.00776898
5.372418e-08,0.0173534
5.377418e-08,0.0224888
5.382418e-08,0.0230381
5.387418e-08,0.0208136
5.392418e-08,0.0190286
5.397418e-08,0.0168041
5.402418e-08,0.0176829
5.407418e-08,0.0202094
5.412418e-08,0.0208685
5.417418e-08,0.0226536
5.422418e-08,0.0223515
5.427418e-08,0.018342
5.432418e-08,0.0160626
5.437418e-08,0.0193306
5.442418e-08,0.0250154
5.447418e-08,0.0240816
5.452418e-08,0.0204291
5.457418e-08,0.0248506
5.462418e-08,0.0294368
5.467418e-08,0.024933
5.472418e-08,0.022022
5.477418e-08,0.0266906
5.482418e-08,0.0266906
5.487418e-08,0.0191384
5.492418e-08,0.017216
5.497418e-08,0.0195229
5.502418e-08,0.0121904
5.507418e-08,0.000134438
5.512418e-08,-0.00785712
5.517418e-08,-0.0173866
5.522418e-08,-0.0293327
5.527418e-08,-0.0343034
5.532418e-08,-0.027685
5.537418e-08,-0.0139812
5.542418e-08,0.000491449
5.547418e-08,0.00996597
5.552418e-08,0.0166393
5.557418e-08,0.0240542
5.562418e-08,0.0253998
5.567418e-08,0.0198799
5.572418e-08,0.0139755
5.577418e-08,0.00999344
5.582418e-08,0.0125474
5.587418e-08,0.019825
5.592418e-08,0.0198524
5.597418e-08,0.0117236
5.602418e-08,-0.00401238
5.607418e-08,-0.0238128
5.612418e-08,-0.0329852
5.617418e-08,-0.0361159
5.622418e-08,-0.0402902
5.627418e-08,-0.0331774
5.632418e-08,-0.0134869
5.637418e-08,0.00274337
5.642418e-08,0.0108722
5.647418e-08,0.0185068
5.652418e-08,0.0255097
5.657418e-08,0.0246309
5.662418e-08,0.0142776
5.667418e-08,0.00807107
5.672418e-08,0.0143325
5.677418e-08,0.0202094
5.682418e-08,0.0139755
5.687418e-08,0.00461081
5.692418e-08,0.00581915
5.697418e-08,0.00686272
5.702418e-08,0.000299213
5.707418e-08,-0.0021724
5.712418e-08,-0.00143092
5.717418e-08,-0.0021724
5.722418e-08,-0.000661971
5.727418e-08,0.00634094
5.732418e-08,0.0111743
5.737418e-08,0.00779644
5.742418e-08,0.00620363
5.747418e-08,0.00642333
5.752418e-08,0.00480304
5.757418e-08,0.00856539
5.762418e-08,0.0142501
5.767418e-08,0.0186715
5.772418e-08,0.0263336
5.777418e-08,0.0283932
5.782418e-08,0.0196053
5.787418e-08,0.0139206
5.792418e-08,0.0169963
5.797418e-08,0.0242464
5.802418e-08,0.0322654
5.807418e-08,0.0316338
5.812418e-08,0.0279264
5.817418e-08,0.0331992
5.822418e-08,0.0354236
5.827418e-08,0.0314965
5.832418e-08,0.0295467
5.837418e-08,0.024878
5.842418e-08,0.0183969
5.847418e-08,0.0121355
5.852418e-08,0.00683526
5.857418e-08,0.008483
5.862418e-08,0.00927941
5.867418e-08,0.000820998
5.872418e-08,-0.00662131
5.877418e-08,-0.00247449
5.882418e-08,0.00812599
5.887418e-08,0.0145797
5.892418e-08,0.0221867
5.897418e-08,0.0334738
5.902418e-08,0.0357257
5.907418e-08,0.0291896
5.912418e-08,0.0204291
5.917418e-08,0.0125749
5.922418e-08,0.00656064
5.927418e-08,0.000766073
5.932418e-08,-0.00115629
5.937418e-08,-0.00395746
5.942418e-08,-0.0102189
5.947418e-08,-0.00901054
5.952418e-08,0.000106976
5.957418e-08,0.0100209
5.962418e-08,0.0162549
5.967418e-08,0.0179026
5.972418e-08,0.0202644
5.977418e-08,0.0225437
5.982418e-08,0.0188912
5.987418e-08,0.00669795
5.992418e-08,-0.00763742
5.997418e-08,-0.00884576
6.002418e-08,0.0029356
6.007418e-08,0.0142501
6.012418e-08,0.0185068
6.017418e-08,0.0176005
6.022418e-08,0.0153211
6.027418e-08,0.0109272
6.032418e-08,0.00422633
6.037418e-08,-0.00313359
6.042418e-08,-0.00697832
6.047418e-08,-0.000689433
6.052418e-08,0.00930688
6.057418e-08,0.00919703
6.062418e-08,0.00477558
6.067418e-08,0.00971881
6.072418e-08,0.0215551
6.077418e-08,0.0286129
6.082418e-08,0.0272398
6.087418e-08,0.0232852
6.092418e-08,0.0225987
6.097418e-08,0.028558
6.102418e-08,0.0334738
6.107418e-08,0.030041
6.112418e-08,0.0220494
6.117418e-08,0.0151014
6.122418e-08,0.0133988
6.127418e-08,0.0141677
6.132418e-08,0.0180948
6.137418e-08,0.0232028
6.142418e-08,0.0144423
6.147418e-08,-0.000469734
6.152418e-08,0.00109562
6.157418e-08,0.0104328
6.162418e-08,0.0123552
6.167418e-08,0.0135361
6.172418e-08,0.0135361
6.177418e-08,0.00823584
6.182418e-08,0.00653317
6.187418e-08,0.00510513
6.192418e-08,-0.000716896
6.197418e-08,-0.000469734
6.202418e-08,0.00233143
6.207418e-08,0.00472066
6.212418e-08,0.0143874
6.217418e-08,0.0241091
6.222418e-08,0.0268553
6.227418e-08,0.0223515
6.232418e-08,0.00952657
6.237418e-08,-0.000716896
6.242418e-08,-0.00118376
6.247418e-08,-0.00480879
6.252418e-08,-0.00977948
6.257418e-08,-0.00360045
6.262418e-08,-0.000414809
6.267418e-08,-0.00263926
6.272418e-08,0.00370455
6.277418e-08,0.00919703
6.282418e-08,0.00518752
6.287418e-08,-0.00296881
6.292418e-08,-0.0100541
6.297418e-08,-0.0109604
6.302418e-08,-0.00535804
6.307418e-08,0.00353977
6.312418e-08,0.0107898
6.317418e-08,0.0107624
6.322418e-08,0.0105152
6.327418e-08,0.0108173
6.332418e-08,0.00277083
6.337418e-08,0.0010407
6.342418e-08,0.008483
6.347418e-08,0.00430872
6.352418e-08,-0.000250035
6.357418e-08,0.0100484
6.362418e-08,0.0195778
6.367418e-08,0.0244387
6.372418e-08,0.0294368
6.377418e-08,0.0253724
6.382418e-08,0.0159528
6.387418e-08,0.0152937
6.392418e-08,0.0193032
6.397418e-08,0.0171611
6.402418e-08,0.0102681
6.407418e-08,0.00573677
6.412418e-08,0.00362216
6.417418e-08,-0.000661971
6.422418e-08,-0.00214494
6.427418e-08,0.0104054
6.432418e-08,0.0328147
6.437418e-08,0.0458319
6.442418e-08,0.0444862
6.447418e-08,0.0388839
6.452418e-08,0.0326774
6.457418e-08,0.0277341
6.462418e-08,0.0276792
6.467418e-08,0.0230655
6.472418e-08,0.00590154
6.477418e-08,-0.00914785
6.482418e-08,-0.0107407
6.487418e-08,-0.00717056
6.492418e-08,-0.00107391
6.497418e-08,0.00683526
6.502418e-08,0.00664302
6.507418e-08,0.00208427
6.512418e-08,0.00502274
6.517418e-08,0.0107075
6.522418e-08,0.0143874
6.527418e-08,0.0220494
6.532418e-08,0.0266631
6.537418e-08,0.022324
6.542418e-08,0.0205115
6.547418e-08,0.0199897
6.552418e-08,0.0194954
6.557418e-08,0.0255097
6.562418e-08,0.0268004
6.567418e-08,0.0236697
6.572418e-08,0.0280637
6.577418e-08,0.0319084
6.582418e-08,0.0297664
6.587418e-08,0.0287228
6.592418e-08,0.027075
6.597418e-08,0.0174357
6.602418e-08,0.00609378
6.607418e-08,0.00623109
6.612418e-08,0.0149367
6.617418e-08,0.0222417
6.622418e-08,0.0298762
6.627418e-08,0.0374284
6.632418e-08,0.0379501
6.637418e-08,0.0297938
6.642418e-08,0.0171611
6.647418e-08,0.0072472
6.652418e-08,0.00304545
6.657418e-08,0.00342992
6.662418e-08,0.00384186
6.667418e-08,0.00117801
6.672418e-08,-0.00269419
6.677418e-08,-0.00511088
6.682418e-08,-0.00387507
6.687418e-08,-0.00354552
6.692418e-08,-0.00274911
6.697418e-08,0.00213919
6.702418e-08,0.0107075
6.707418e-08,0.0204841
6.712418e-08,0.0177104
6.717418e-08,0.0107075
6.722418e-08,0.0178477
6.727418e-08,0.023093
6.732418e-08,0.0199623
6.737418e-08,0.0243288
6.742418e-08,0.0277067
6.747418e-08,0.0213354
6.752418e-08,0.016502
6.757418e-08,0.0118334
6.762418e-08,0.00156248
6.767418e-08,-0.00500103
6.772418e-08,-0.001733
6.777418e-08,0.00353977
6.782418e-08,5.20511e-05
6.787418e-08,-0.00637415
6.792418e-08,0.000820998
6.797418e-08,0.00801614
6.802418e-08,-0.00154077
6.807418e-08,-0.00609952
6.812418e-08,0.00507767
6.817418e-08,0.0152662
6.822418e-08,0.0213354
6.827418e-08,0.028558
6.832418e-08,0.034435
6.837418e-08,0.0350117
6.842418e-08,0.0255646
6.847418e-08,0.0147994
6.852418e-08,0.0171062
6.857418e-08,0.0237796
6.862418e-08,0.0222417
6.867418e-08,0.0172984
6.872418e-08,0.0187814
6.877418e-08,0.0215551
6.882418e-08,0.0170513
6.887418e-08,0.0144698
6.892418e-08,0.0187539
6.897418e-08,0.0179575
6.902418e-08,0.0125749
6.907418e-08,0.016914
6.912418e-08,0.0201545
6.917418e-08,0.00971881
6.922418e-08,0.00656064
6.927418e-08,0.0147444
6.932418e-08,0.018699
6.937418e-08,0.0221318
6.942418e-08,0.0209784
6.947418e-08,0.00831823
6.952418e-08,-0.00156823
6.957418e-08,-0.00203509
6.962418e-08,-0.000442272
6.967418e-08,0.00246874
6.972418e-08,0.00985612
6.977418e-08,0.0142776
6.982418e-08,0.011751
6.987418e-08,0.0104328
6.992418e-08,0.00894986
6.997418e-08,0.00417141
7.002418e-08,0.00290814
7.007418e-08,0.00562692
7.012418e-08,0.00623109
7.017418e-08,0.0100209
7.022418e-08,0.0204566
7.027418e-08,0.0253724
7.032418e-08,0.0240542
7.037418e-08,0.0205115
7.042418e-08,0.00639586
7.047418e-08,-0.0100541
7.052418e-08,-0.0110702
7.057418e-08,-0.00099152
7.062418e-08,0.00562692
7.067418e-08,0.00463827
7.072418e-08,0.00216665
7.077418e-08,0.000656224
7.082418e-08,-0.00170554
7.087418e-08,-8.52608e-05
7.092418e-08,0.00323769
7.097418e-08,0.00290814
7.102418e-08,0.00373201
7.107418e-08,0.00584661
7.112418e-08,0.00785137
7.117418e-08,0.00988359
7.122418e-08,0.00625855
7.127418e-08,-0.00145838
7.132418e-08,-0.00099152
7.137418e-08,0.0091421
7.142418e-08,0.0181772
7.147418e-08,0.0216375
7.152418e-08,0.0224614
7.157418e-08,0.0232303
7.162418e-08,0.0229557
7.167418e-08,0.0204841
7.172418e-08,0.0172984
7.177418e-08,0.0143325
7.182418e-08,0.0100209
7.187418e-08,0.00370455
7.192418e-08,-0.00019511
7.197418e-08,0.00285321
7.202418e-08,0.0152113
7.207418e-08,0.0294093
7.212418e-08,0.0299586
7.217418e-08,0.0193306
7.222418e-08,0.00864778
7.227418e-08,0.00153502
7.232418e-08,0.0003816
7.237418e-08,0.00153502
7.242418e-08,-0.00176047
7.247418e-08,-0.00739026
7.252418e-08,-0.00796697
7.257418e-08,-0.00508342
7.262418e-08,-0.00557774
7.267418e-08,-0.00502849
7.272418e-08,0.000189363
7.277418e-08,0.000628761
7.282418e-08,-0.000689433
7.287418e-08,0.00941673
7.292418e-08,0.0182047
7.297418e-08,0.0133713
7.302418e-08,0.0131791
7.307418e-08,0.0175181
7.312418e-08,0.0148543
7.317418e-08,0.0158155
7.322418e-08,0.0210059
7.327418e-08,0.0307001
7.332418e-08,0.0446784
7.337418e-08,0.0499237
7.342418e-08,0.0457769
7.347418e-08,0.0342427
7.352418e-08,0.0191384
7.357418e-08,0.00785137
7.362418e-08,-0.00118376
7.367418e-08,-0.00423208
7.372418e-08,0.00117801
7.377418e-08,0.00818092
7.382418e-08,0.0145797
7.387418e-08,0.0192757
7.392418e-08,0.021967
7.397418e-08,0.0236972
7.402418e-08,0.0232303
7.407418e-08,0.0173534
7.412418e-08,0.00576423
7.417418e-08,0.000189363
7.422418e-08,0.00400663
7.427418e-08,0.00807107
7.432418e-08,0.0104878
7.437418e-08,0.00991105
7.442418e-08,0.0082633
7.447418e-08,0.0133438
7.452418e-08,0.0189187
7.457418e-08,0.0144698
7.462418e-08,0.011394
7.467418e-08,0.0173259
7.472418e-08,0.016502
7.477418e-08,0.00732958
7.482418e-08,0.000683686
7.487418e-08,-0.00167808
7.492418e-08,0.00455588
7.497418e-08,0.0161175
7.502418e-08,0.0232852
7.507418e-08,0.0254822
7.512418e-08,0.0256745
7.517418e-08,0.0272673
7.522418e-08,0.0262237
7.527418e-08,0.0225987
7.532418e-08,0.0260864
7.537418e-08,0.0199074
7.542418e-08,-0.00121122
7.547418e-08,-0.00291389
7.552418e-08,0.0121355
7.557418e-08,0.0158704
7.562418e-08,0.017628
7.567418e-08,0.0240542
7.572418e-08,0.019825
7.577418e-08,0.0143874
7.582418e-08,0.024521
7.587418e-08,0.0326224
7.592418e-08,0.0277616
7.597418e-08,0.0243013
7.602418e-08,0.0184793
7.607418e-08,0.0115863
7.612418e-08,0.0174083
7.617418e-08,0.0211706
7.622418e-08,0.0200447
7.627418e-08,0.0254273
7.632418e-08,0.0260589
7.637418e-08,0.0250977
7.642418e-08,0.0286404
7.647418e-08,0.0285031
7.652418e-08,0.0302332
7.657418e-08,0.0295192
7.662418e-08,0.0148543
7.667418e-08,-0.000140186
7.672418e-08,-0.00890069
7.677418e-08,-0.0164803
7.682418e-08,-0.0114547
7.687418e-08,-0.00019511
7.692418e-08,0.00101323
7.697418e-08,0.0012604
7.702418e-08,0.00246874
7.707418e-08,0.00150756
7.712418e-08,0.00606631
7.717418e-08,0.0131241
7.722418e-08,0.011806
7.727418e-08,0.00224904
7.732418e-08,-0.00115629
7.737418e-08,0.00274337
7.742418e-08,-0.000332422
7.747418e-08,-0.00876338
7.752418e-08,-0.0167824
7.757418e-08,-0.0215883
7.762418e-08,-0.0181006
7.767418e-08,-0.00739026
7.772418e-08,0.00472066
7.777418e-08,0.0104054
7.782418e-08,0.00949911
7.787418e-08,0.008483
7.792418e-08,0.00864778
7.797418e-08,0.00760421
7.802418e-08,0.00568184
7.807418e-08,0.00851047
7.812418e-08,0.0157331
7.817418e-08,0.0187265
7.822418e-08,0.0219121
7.827418e-08,0.0273771
7.832418e-08,0.0192483
7.837418e-08,0.0102131
7.842418e-08,0.0142501
7.847418e-08,0.0110645
7.852418e-08,0.00334754
7.857418e-08,0.00145263
7.862418e-08,-0.00200763
7.867418e-08,-0.00126614
7.872418e-08,0.00406156
7.877418e-08,0.00312784
7.882418e-08,-0.00376522
7.887418e-08,-0.0112899
7.892418e-08,-0.01302
7.897418e-08,-0.0030512
7.902418e-08,0.00993851
7.907418e-08,0.014662
7.912418e-08,0.0186166
7.917418e-08,0.0249055
7.922418e-08,0.0230655
7.927418e-08,0.0141403
7.932418e-08,0.00524244
7.937418e-08,-0.00154077
7.942418e-08,-0.0053855
7.947418e-08,-0.00620937
7.952418e-08,0.0003816
7.957418e-08,0.0117785
7.962418e-08,0.0185068
7.967418e-08,0.0254822
7.972418e-08,0.0353138
7.977418e-08,0.0392409
7.982418e-08,0.0350117
7.987418e-08,0.0257019
7.992418e-08,0.0191109
7.997418e-08,0.019825
8.002418e-08,0.0230106
8.007418e-08,0.0248506
8.012418e-08,0.0228733
8.017418e-08,0.0240542
8.022418e-08,0.029327
8.027418e-08,0.0268004
8.032418e-08,0.026718
8.037418e-08,0.0282834
8.042418e-08,0.0140304
8.047418e-08,0.00101323
8.052418e-08,0.00326515
8.057418e-08,0.00859285
8.062418e-08,0.0130143
8.067418e-08,0.0189462
8.072418e-08,0.0247682
8.077418e-08,0.0268279
8.082418e-08,0.0228184
8.087418e-08,0.0205665
8.092418e-08,0.0223515
8.097418e-08,0.0164196
8.102418e-08,0.00689019
8.107418e-08,0.00749436
8.112418e-08,0.0167766
8.117418e-08,0.0200996
8.122418e-08,0.00985612
8.127418e-08,0.00634094
8.132418e-08,0.0162549
8.137418e-08,0.0188912
8.142418e-08,0.0167766
8.147418e-08,0.0178751
8.152418e-08,0.0152388
8.157418e-08,0.00862032
8.162418e-08,0.00156248
8.167418e-08,-0.0060446
8.172418e-08,-0.0159311
8.177418e-08,-0.0193639
8.182418e-08,-0.00972456
8.187418e-08,-0.000524659
8.192418e-08,0.00510513
8.197418e-08,0.015431
8.202418e-08,0.0229282
8.207418e-08,0.0254822
8.212418e-08,0.0280637
8.217418e-08,0.0255646
8.222418e-08,0.0258667
8.227418e-08,0.0273771
8.232418e-08,0.0166393
8.237418e-08,0.0100758
8.242418e-08,0.00667049
8.247418e-08,-0.00159569
8.252418e-08,0.00524244
8.257418e-08,0.0160352
8.262418e-08,0.0130418
8.267418e-08,0.00862032
8.272418e-08,0.00370455
8.277418e-08,-0.00475387
8.282418e-08,-0.0051658
8.287418e-08,-0.000167648
8.292418e-08,0.00282575
8.297418e-08,0.00809853
8.302418e-08,0.0133164
8.307418e-08,0.0181223
8.312418e-08,0.025647
8.317418e-08,0.0329795
8.322418e-08,0.034737
8.327418e-08,0.0309472
8.332418e-08,0.0291622
8.337418e-08,0.0279538
8.342418e-08,0.0235324
8.347418e-08,0.0158429
8.352418e-08,0.00595646
8.357418e-08,0.0003816
8.362418e-08,-0.00184285
8.367418e-08,-0.000689433
8.372418e-08,0.00971881
8.377418e-08,0.0239718
8.382418e-08,0.0322105
8.387418e-08,0.0316063
8.392418e-08,0.0260589
8.397418e-08,0.0258942
8.402418e-08,0.0310571
8.407418e-08,0.0302332
8.412418e-08,0.0210882
8.417418e-08,0.0103779
8.422418e-08,0.00672541
8.427418e-08,0.00579169
8.432418e-08,-0.00145838
8.437418e-08,-0.00840636
8.442418e-08,-0.0110153
8.447418e-08,-0.0121412
8.452418e-08,-0.0114272
8.457418e-08,-0.0121687
8.462418e-08,-0.0129651
8.467418e-08,-0.00744518
8.472418e-08,-0.00324344
8.477418e-08,-0.00593475
8.482418e-08,-0.00717056
8.487418e-08,-0.00791204
8.492418e-08,-0.0132672
8.497418e-08,-0.0178809
8.502418e-08,-0.0123884
8.507418e-08,0.00112308
8.512418e-08,0.00732958
8.517418e-08,0.00419887
8.522418e-08,-8.52608e-05
8.527418e-08,-0.00524819
8.532418e-08,-0.00601714
8.537418e-08,0.00439111
8.542418e-08,0.0176829
8.547418e-08,0.0224064
8.552418e-08,0.0242464
8.557418e-08,0.0313592
8.562418e-08,0.0333365
8.567418e-08,0.0251527
8.572418e-08,0.0149916
8.577418e-08,0.00285321
8.582418e-08,-0.00123868
8.587418e-08,0.0105976
8.592418e-08,0.0169963
8.597418e-08,0.0148543
8.602418e-08,0.0215002
8.607418e-08,0.0266356
8.612418e-08,0.0255921
8.617418e-08,0.0283658
8.622418e-08,0.0217199
8.627418e-08,0.00809853
8.632418e-08,0.00793376
8.637418e-08,0.016145
8.642418e-08,0.0226536
8.647418e-08,0.026004
8.652418e-08,0.024576
8.657418e-08,0.0205939
8.662418e-08,0.0173534
8.667418e-08,0.0133713
8.672418e-08,0.00700004
8.677418e-08,0.00406156
8.682418e-08,0.0093618
8.687418e-08,0.0190835
8.692418e-08,0.0246858
8.697418e-08,0.0174083
8.702418e-08,0.0065881
8.707418e-08,0.0109272
8.712418e-08,0.0191384
8.717418e-08,0.0119982
8.722418e-08,0.00216665
8.727418e-08,0.00812599
8.732418e-08,0.0186441
8.737418e-08,0.0178202
8.742418e-08,0.0178477
8.747418e-08,0.0235873
8.752418e-08,0.0251252
8.757418e-08,0.0288052
8.762418e-08,0.0335562
8.767418e-08,0.0305078
8.772418e-08,0.0266906
8.777418e-08,0.028915
8.782418e-08,0.0281186
8.787418e-08,0.0141677
8.792418e-08,0.00235889
8.797418e-08,0.00351231
8.802418e-08,0.00373201
8.807418e-08,0.00202934
8.812418e-08,0.00378694
8.817418e-08,0.00831823
8.822418e-08,0.0137009
8.827418e-08,0.0141128
8.832418e-08,0.0111469
8.837418e-08,0.0110919
8.842418e-08,0.018342
8.847418e-08,0.0239169
8.852418e-08,0.017271
8.857418e-08,0.0100758
8.862418e-08,0.00927941
8.867418e-08,0.0107898
8.872418e-08,0.0153486
8.877418e-08,0.0196602
8.882418e-08,0.02161
8.887418e-08,0.0236148
8.892418e-08,0.0233402
8.897418e-08,0.0145247
8.902418e-08,0.00458335
8.907418e-08,0.00647825
8.912418e-08,0.00683526
8.917418e-08,-0.00121122
8.922418e-08,-0.00107391
8.927418e-08,0.00540722
8.932418e-08,0.00691765
8.937418e-08,0.00609378
8.942418e-08,0.00439111
8.947418e-08,-0.00184285
8.952418e-08,-0.00739026
8.957418e-08,-0.00728041
8.962418e-08,-0.00236464
8.967418e-08,0.00650571
8.972418e-08,0.015074
8.977418e-08,0.0199897
8.982418e-08,0.0183145
8.987418e-08,0.0151838
8.992418e-08,0.0171062
8.997418e-08,0.0201271
9.002418e-08,0.0228733
9.007418e-08,0.0232578
9.012418e-08,0.0186166
9.017418e-08,0.0164196
9.022418e-08,0.0199897
9.027418e-08,0.0237796
9.032418e-08,0.0263885
9.037418e-08,0.0194954
9.042418e-08,0.0100758
9.047418e-08,0.0149367
9.052418e-08,0.0184793
9.057418e-08,0.0163922
9.062418e-08,0.0157605
9.067418e-08,0.0114764
9.072418e-08,0.014305
9.077418e-08,0.0196602
9.082418e-08,0.0162823
9.087418e-08,0.0168865
9.092418e-08,0.0239443
9.097418e-08,0.0277891
9.102418e-08,0.0225712
9.107418e-08,0.0177378
9.112418e-08,0.0198524
9.117418e-08,0.0130418
9.122418e-08,0.000244288
9.127418e-08,-0.000909132
9.132418e-08,0.00785137
9.137418e-08,0.0167217
9.142418e-08,0.0194954
9.147418e-08,0.023807
9.152418e-08,0.0358355
9.157418e-08,0.044596
9.162418e-08,0.0462438
9.167418e-08,0.0448981
9.172418e-08,0.0400647
9.177418e-08,0.0294093
9.182418e-08,0.01977
9.187418e-08,0.0183145
9.192418e-08,0.0167217
9.197418e-08,0.0171062
9.202418e-08,0.0258392
9.207418e-08,0.0310845
9.212418e-08,0.0268553
9.217418e-08,0.0258118
9.222418e-08,0.0332266
9.227418e-08,0.0382248
9.232418e-08,0.0415477
9.237418e-08,0.0475894
9.242418e-08,0.0489076
9.247418e-08,0.0456671
9.252418e-08,0.0396528
9.257418e-08,0.0274046
9.262418e-08,0.0147994
9.267418e-08,0.0123552
9.272418e-08,0.0157331
9.277418e-08,0.0196327
9.282418e-08,0.0262786
9.287418e-08,0.0311395
9.292418e-08,0.0320183
9.297418e-08,0.0278714
9.302418e-08,0.021665
9.307418e-08,0.0189736
9.312418e-08,0.0134537
9.317418e-08,0.00505021
9.322418e-08,0.00244128
9.327418e-08,0.00455588
9.332418e-08,0.00612124
9.337418e-08,0.00884002
9.342418e-08,0.0170238
9.347418e-08,0.0264159
9.352418e-08,0.0317436
9.357418e-08,0.0308648
9.362418e-08,0.0173808
9.367418e-08,0.00208427
9.372418e-08,0.000601299
9.377418e-08,0.00694511
9.382418e-08,0.0161725
9.387418e-08,0.020182
9.392418e-08,0.0154035
9.397418e-08,0.0178202
9.402418e-08,0.0287228
9.407418e-08,0.0331168
9.412418e-08,0.0328971
9.417418e-08,0.0399
9.422418e-08,0.0459142
9.427418e-08,0.043882
9.432418e-08,0.0427835
9.437418e-08,0.0409161
9.442418e-08,0.036632
9.447418e-08,0.0359454
9.452418e-08,0.0374284
9.457418e-08,0.0353412
9.462418e-08,0.0289699
9.467418e-08,0.022379
9.472418e-08,0.015431
9.477418e-08,0.0105152
9.482418e-08,0.0108722
9.487418e-08,0.00999344
9.492418e-08,0.00664302
9.497418e-08,0.00757675
9.502418e-08,0.00996597
9.507418e-08,0.00332008
9.512418e-08,-0.00362791
9.517418e-08,0.00518752
9.522418e-08,0.0146895
9.527418e-08,0.0127397
9.532418e-08,0.0127397
9.537418e-08,0.0200447
9.542418e-08,0.0268279
9.547418e-08,0.0239718
9.552418e-08,0.0164746
9.557418e-08,0.0167492
9.562418e-08,0.0171886
9.567418e-08,0.0134812
9.572418e-08,0.0147719
9.577418e-08,0.0155408
9.582418e-08,0.0152388
9.587418e-08,0.0210059
9.592418e-08,0.0231754
9.597418e-08,0.0225987
9.602418e-08,0.0253449
9.607418e-08,0.0222691
9.612418e-08,0.0152388
9.617418e-08,0.00499528
9.622418e-08,-0.00766488
9.627418e-08,-0.00667623
9.632418e-08,-0.00211748
9.637418e-08,-0.00703324
9.642418e-08,-0.0058249
9.647418e-08,0.00169979
9.652418e-08,0.00831823
9.657418e-08,0.0127397
9.662418e-08,0.0140853
9.667418e-08,0.0184244
9.672418e-08,0.0188638
9.677418e-08,0.0103779
9.682418e-08,-0.000387347
9.687418e-08,-0.00818667
9.692418e-08,-0.00236464
9.697418e-08,0.0118334
9.702418e-08,0.017628
9.707418e-08,0.0197151
9.712418e-08,0.0270476
9.717418e-08,0.030755
9.722418e-08,0.0224339
9.727418e-08,0.00875763
9.732418e-08,-0.00184285
9.737418e-08,-0.00942247
9.742418e-08,-0.0151072
9.747418e-08,-0.0132397
9.752418e-08,-0.00335328
9.757418e-08,0.00768659
9.762418e-08,0.0150191
9.767418e-08,0.0101857
9.772418e-08,-0.00571505
9.777418e-08,-0.0109878
9.782418e-08,0.00115055
9.787418e-08,0.0130143
9.792418e-08,0.0171886
9.797418e-08,0.0199897
9.802418e-08,0.0215276
9.807418e-08,0.0178202
9.812418e-08,0.011751
9.817418e-08,0.00518752
9.822418e-08,0.000628761
9.827418e-08,0.00768659
9.832418e-08,0.0148268
9.837418e-08,0.00342992
9.842418e-08,-0.0111251
9.847418e-08,-0.00697832
9.852418e-08,0.00472066
9.857418e-08,0.00414395
9.862418e-08,0.00246874
9.867418e-08,0.00603885
9.872418e-08,0.00219412
9.877418e-08,-0.000634509
9.882418e-08,0.00458335
9.887418e-08,0.0104878
9.892418e-08,0.0127946
9.897418e-08,0.0087027
9.902418e-08,0.00450096
9.907418e-08,0.00505021
9.912418e-08,0.00782391
9.917418e-08,0.0127397
9.922418e-08,0.0163922
9.927418e-08,0.0186166
9.932418e-08,0.0201545
9.937418e-08,0.0182596
9.942418e-08,0.0123003
9.947418e-08,0.00183711
9.952418e-08,0.000436525
9.957418e-08,0.0127397
9.962418e-08,0.0152662
9.967418e-08,0.00996597
9.972418e-08,0.0142776
9.977418e-08,0.0179575
9.982418e-08,0.0185892
9.987418e-08,0.0246034
9.992418e-08,0.0286129
9.997418e-08,0.0287502
1.000242e-07,0.0265533
1.000742e-07,0.0193856
1.001242e-07,0.0122179
1.001742e-07,0.00543468
1.002242e-07,5.20511e-05
1.002742e-07,0.000683686
1.003242e-07,0.00115055
1.003742e-07,-0.00211748
1.004242e-07,-0.00953232
1.004742e-07,-0.0213411
1.005242e-07,-0.0256802
1.005742e-07,-0.0183752
1.006242e-07,-0.00843383
1.006742e-07,0.00255113
1.007242e-07,0.011037
1.007742e-07,0.0153211
1.008242e-07,0.0221318
1.008742e-07,0.0280637
1.009242e-07,0.0271849
1.009742e-07,0.0179575
1.010242e-07,0.00134278
1.010742e-07,-0.0143108
1.011242e-07,-0.0165352
1.011742e-07,-0.00519326
1.012242e-07,0.0029356
1.012742e-07,0.00367709
1.013242e-07,0.00422633
1.013742e-07,0.00524244
1.014242e-07,0.00502274
1.014742e-07,-0.000826745
1.015242e-07,-0.0121138
1.015742e-07,-0.0214785
1.016242e-07,-0.0233734
1.016742e-07,-0.0161782
1.017242e-07,-0.00206255
1.017742e-07,0.00823584
1.018242e-07,0.00969135
1.018742e-07,0.0126024
1.019242e-07,0.0166668
1.019742e-07,0.0129868
1.020242e-07,0.00669795
1.020742e-07,0.00955404
1.021242e-07,0.0185892
1.021742e-07,0.017985
1.022242e-07,0.0118609
1.022742e-07,0.0144973
1.023242e-07,0.0152662
1.023742e-07,0.00356724
1.024242e-07,-0.00832398
1.024742e-07,-0.00791204
1.025242e-07,0.00612124
1.025742e-07,0.0211432
1.026242e-07,0.0237796
1.026742e-07,0.0224614
1.027242e-07,0.0272947
1.027742e-07,0.0281735
1.028242e-07,0.0209784
1.028742e-07,0.0166119
1.029242e-07,0.0123277
1.029742e-07,0.00576423
1.030242e-07,0.00505021
1.030742e-07,0.0118609
1.031242e-07,0.0255921
1.031742e-07,0.0374558
1.032242e-07,0.0431955
1.032742e-07,0.0461614
1.033242e-07,0.0434975
1.033742e-07,0.0371537
1.034242e-07,0.0317986
1.034742e-07,0.027075
1.035242e-07,0.0233127
1.035742e-07,0.024521
1.036242e-07,0.0255921
1.036742e-07,0.0239718
1.037242e-07,0.029327
1.037742e-07,0.0384994
1.038242e-07,0.0400098
1.038742e-07,0.0310296
1.039242e-07,0.0253724
1.039742e-07,0.0285855
1.040242e-07,0.020182
1.040742e-07,0.0014801
1.041242e-07,-0.00766488
1.041742e-07,-0.006484
1.042242e-07,-0.000112723
1.042742e-07,0.00823584
1.043242e-07,0.0156232
1.043742e-07,0.0204291
1.044242e-07,0.0219945
1.044742e-07,0.021967
1.045242e-07,0.0222417
1.045742e-07,0.0227909
1.046242e-07,0.0212805
1.046742e-07,0.0203468
1.047242e-07,0.0234225
1.047742e-07,0.026773
1.048242e-07,0.0291622
1.048742e-07,0.0283932
1.049242e-07,0.0254822
1.049742e-07,0.0302332
1.050242e-07,0.0386642
1.050742e-07,0.0388839
1.051242e-07,0.0326499
1.051742e-07,0.0301783
1.052242e-07,0.0238894
1.052742e-07,0.00288068
1.053242e-07,-0.0105484
1.053742e-07,-0.00522073
1.054242e-07,0.00156248
1.054742e-07,0.00562692
1.055242e-07,0.00710988
1.055742e-07,0.00397917
1.056242e-07,0.00774152
1.056742e-07,0.0184244
1.057242e-07,0.0180399
1.057742e-07,0.011751
1.058242e-07,0.0143325
1.058742e-07,0.0169689
1.059242e-07,0.0184793
1.059742e-07,0.0312219
1.060242e-07,0.0409435
1.060742e-07,0.0344624
1.061242e-07,0.0286404
1.061742e-07,0.0284756
1.062242e-07,0.0274046
1.062742e-07,0.0282834
1.063242e-07,0.0313042
1.063742e-07,0.0294643
1.064242e-07,0.0204841
1.064742e-07,0.0140579
1.065242e-07,0.011751
1.065742e-07,0.00796122
1.066242e-07,0.00452842
1.066742e-07,0.00241382
1.067242e-07,0.00219412
1.067742e-07,0.00436365
1.068242e-07,0.0089224
1.068742e-07,0.00765913
1.069242e-07,0.000491449
1.069742e-07,0.00590154
1.070242e-07,0.0165844
1.070742e-07,0.0157056
1.071242e-07,0.0116137
1.071742e-07,0.00757675
1.072242e-07,0.00639586
1.072742e-07,0.011751
1.073242e-07,0.0114489
1.073742e-07,0.00565438
1.074242e-07,0.00483051
1.074742e-07,0.0061487
1.075242e-07,0.00263352
1.075742e-07,-0.00414969
1.076242e-07,-0.00810428
1.076742e-07,-0.0109054
1.077242e-07,-0.0146678
1.077742e-07,-0.010521
1.078242e-07,-0.000524659
1.078742e-07,0.000930848
1.079242e-07,-0.00425954
1.079742e-07,-0.00733533
1.080242e-07,-0.00717056
1.080742e-07,-0.0019527
1.081242e-07,0.00905971
1.081742e-07,0.0158704
1.082242e-07,0.0117785
1.082742e-07,0.00933434
1.083242e-07,0.0138382
1.083742e-07,0.0129594
1.084242e-07,0.00109562
1.084742e-07,-0.00961471
1.085242e-07,-0.00821413
1.085742e-07,-0.00450671
1.086242e-07,-0.00384761
1.086742e-07,0.000601299
1.087242e-07,0.00683526
1.087742e-07,0.0124925
1.088242e-07,0.0163098
1.088742e-07,0.0181223
1.089242e-07,0.022379
1.089742e-07,0.0218023
1.090242e-07,0.00815346
1.090742e-07,-0.0037103
1.091242e-07,-0.000442272
1.091742e-07,0.00774152
1.092242e-07,0.0133988
1.092742e-07,0.0191659
1.093242e-07,0.0249604
1.093742e-07,0.0268004
1.094242e-07,0.0251527
1.094742e-07,0.0216924
1.095242e-07,0.00925195
1.095742e-07,0.00375947
1.096242e-07,0.0155958
1.096742e-07,0.0252625
1.097242e-07,0.0332815
1.097742e-07,0.0316063
1.098242e-07,0.0178477
1.098742e-07,0.0218846
1.099242e-07,0.0285031
1.099742e-07,0.014305
1.100242e-07,0.00260605
1.100742e-07,0.0031553
1.101242e-07,0.00774152
1.101742e-07,0.015074
1.102242e-07,0.0243837
1.102742e-07,0.0299311
1.103242e-07,0.0224614
1.103742e-07,0.0107349
1.104242e-07,0.00809853
1.104742e-07,0.00867524
1.105242e-07,0.00804361
1.105742e-07,0.0118883
1.106242e-07,0.0193032
1.106742e-07,0.0181772
1.107242e-07,0.011394
1.107742e-07,0.0123003
1.108242e-07,0.0140579
1.108742e-07,0.01068
1.109242e-07,0.00974627
1.109742e-07,0.0123003
1.110242e-07,0.0160901
1.110742e-07,0.0209784
1.111242e-07,0.0178751
1.111742e-07,0.00691765
1.112242e-07,0.00587408
1.112742e-07,0.0123003
1.113242e-07,0.0167766
1.113742e-07,0.0233951
1.114242e-07,0.0299861
1.114742e-07,0.0308374
1.115242e-07,0.0236697
1.115742e-07,0.0131241
1.116242e-07,0.00422633
1.116742e-07,0.00123293
1.117242e-07,0.00645079
1.117742e-07,0.00798868
1.118242e-07,0.00557199
1.118742e-07,0.0101582
1.119242e-07,0.0142776
1.119742e-07,0.0120257
1.120242e-07,0.00908718
1.120742e-07,0.00697257
1.121242e-07,0.00881255
1.121742e-07,0.00955404
1.122242e-07,0.000601299
1.122742e-07,-0.00030496
1.123242e-07,0.0140029
1.123742e-07,0.0204841
1.124242e-07,0.0215826
1.124742e-07,0.0287777
1.125242e-07,0.0229282
1.125742e-07,0.00609378
1.126242e-07,0.00246874
1.126742e-07,0.00941673
1.127242e-07,0.0165569
1.127742e-07,0.0181498
1.128242e-07,0.0127671
1.128742e-07,0.0124101
1.129242e-07,0.0236422
1.129742e-07,0.0354785
1.130242e-07,0.0348469
1.130742e-07,0.0271025
1.131242e-07,0.0273222
1.131742e-07,0.0316887
1.132242e-07,0.0261139
1.132742e-07,0.014305
1.133242e-07,0.00930688
1.133742e-07,0.00897733
1.134242e-07,0.00818092
1.134742e-07,0.0087027
1.135242e-07,0.00963642
1.135742e-07,0.0148817
1.136242e-07,0.0234225
1.136742e-07,0.0255371
1.137242e-07,0.0223515
1.137742e-07,0.0208136
1.138242e-07,0.0234775
1.138742e-07,0.0277891
1.139242e-07,0.0302881
1.139742e-07,0.0286953
1.140242e-07,0.0227909
1.140742e-07,0.0207587
1.141242e-07,0.0217748
1.141742e-07,0.0152113
1.142242e-07,0.00491289
1.142742e-07,-0.00291389
1.143242e-07,-0.00642907
1.143742e-07,-0.00236464
1.144242e-07,0.000216825
1.144742e-07,-0.00030496
1.145242e-07,0.00639586
1.145742e-07,0.0120531
1.146242e-07,0.011751
1.146742e-07,0.0115588
1.147242e-07,0.0117785
1.147742e-07,0.0123827
1.148242e-07,0.0120531
1.148742e-07,0.00963642
1.149242e-07,0.00612124
1.149742e-07,0.00532483
1.150242e-07,0.00801614
1.150742e-07,0.0146895
1.151242e-07,0.0243288
1.151742e-07,0.0346547
1.152242e-07,0.05083
1.152742e-07,0.0593433
1.153242e-07,0.0477817
1.153742e-07,0.0346272
1.154242e-07,0.0275419
1.154742e-07,0.0189462
1.155242e-07,0.00873017
1.155742e-07,0.00186457
1.156242e-07,0.00340246
1.156742e-07,0.00752182
1.157242e-07,0.0127671
1.157742e-07,0.0229831
1.158242e-07,0.0234225
1.158742e-07,0.0145522
1.159242e-07,0.0122454
1.159742e-07,0.00911464
1.160242e-07,0.00158994
1.160742e-07,-0.00123868
1.161242e-07,0.000628761
1.161742e-07,0.00323769
1.162242e-07,0.011037
1.162742e-07,0.0235599
1.163242e-07,0.0311944
1.163742e-07,0.0388015
1.164242e-07,0.0432229
1.164742e-07,0.0321281
1.165242e-07,0.0196602
1.165742e-07,0.0132065
1.166242e-07,0.00353977
1.166742e-07,-0.0060446
1.167242e-07,-0.010164
1.167742e-07,-0.00804935
1.168242e-07,-0.00288642
1.168742e-07,0.00351231
1.169242e-07,0.0105701
1.169742e-07,0.0110095
1.170242e-07,0.00873017
1.170742e-07,0.0109546
1.171242e-07,0.00675287
1.171742e-07,0.000601299
1.172242e-07,0.00873017
1.172742e-07,0.0173259
1.173242e-07,0.0171611
1.173742e-07,0.0235324
1.174242e-07,0.0342427
1.174742e-07,0.0335562
1.175242e-07,0.0214727
1.175742e-07,0.0133988
1.176242e-07,0.0193856
1.176742e-07,0.0268553
1.177242e-07,0.0241366
1.177742e-07,0.0226261
1.178242e-07,0.0256195
1.178742e-07,0.0238894
1.179242e-07,0.0226536
1.179742e-07,0.024219
1.180242e-07,0.0207587
1.180742e-07,0.0153486
1.181242e-07,0.00947165
1.181742e-07,0.00332008
1.182242e-07,0.00318276
1.182742e-07,0.00428126
1.183242e-07,0.00441857
1.183742e-07,0.00927941
1.184242e-07,0.0127397
1.184742e-07,0.0104328
1.185242e-07,0.0154035
1.185742e-07,0.0268553
1.186242e-07,0.0258118
1.186742e-07,0.019413
1.187242e-07,0.0185342
1.187742e-07,0.0145247
1.188242e-07,0.00634094
1.188742e-07,0.000738611
1.189242e-07,-0.00019511
1.189742e-07,0.000244288
1.190242e-07,0.00180964
1.190742e-07,0.00529737
1.191242e-07,0.00765913
1.191742e-07,0.00603885
1.192242e-07,0.00406156
1.192742e-07,0.00790629
1.193242e-07,0.0192483
1.193742e-07,0.0322929
1.194242e-07,0.0335836
1.194742e-07,0.0274321
1.195242e-07,0.0304529
1.195742e-07,0.0300135
1.196242e-07,0.0162274
1.196742e-07,0.0101307
1.197242e-07,0.0123003
1.197742e-07,0.0118883
1.198242e-07,0.0132065
1.198742e-07,0.0122728
1.199242e-07,0.0154859
1.199742e-07,0.0309472
1.200242e-07,0.0363573
1.200742e-07,0.0291622
1.201242e-07,0.0286953
1.201742e-07,0.0189462
1.202242e-07,0.00134278
1.202742e-07,0.00304545
1.203242e-07,0.00554453
1.203742e-07,-0.0028315
1.204242e-07,0.000766073
1.204742e-07,0.00606631
1.205242e-07,-0.000607046
1.205742e-07,0.00153502
1.206242e-07,0.0116412
1.206742e-07,0.0129594
1.207242e-07,0.0171062
1.207742e-07,0.0254273
1.208242e-07,0.0247133
1.208742e-07,0.0222142
1.209242e-07,0.0255097
1.209742e-07,0.0292446
1.210242e-07,0.0231205
1.210742e-07,0.0134537
1.211242e-07,0.0184519
1.211742e-07,0.0250428
1.212242e-07,0.0187814
1.212742e-07,0.0157056
1.213242e-07,0.0153211
1.213742e-07,0.00513259
1.214242e-07,-0.00346313
1.214742e-07,-0.00165062
1.215242e-07,0.00194696
1.215742e-07,0.00145263
1.216242e-07,0.000711148
1.216742e-07,0.00348485
1.217242e-07,0.0135361
1.217742e-07,0.0299586
1.218242e-07,0.036934
1.218742e-07,0.0316338
1.219242e-07,0.0308374
1.219742e-07,0.0316887
1.220242e-07,0.0224064
1.220742e-07,0.00829077
1.221242e-07,-0.0051658
1.221742e-07,-0.0115371
1.222242e-07,-0.00442432
1.222742e-07,0.00310038
1.223242e-07,0.00408902
1.223742e-07,0.00450096
1.224242e-07,-0.000332422
1.224742e-07,-0.00898307
1.225242e-07,-0.0121962
1.225742e-07,-0.0088183
1.226242e-07,-0.00412223
1.226742e-07,-0.00464402
1.227242e-07,-0.00645653
1.227742e-07,-0.00159569
1.228242e-07,0.00752182
1.228742e-07,0.0187265
1.229242e-07,0.0280637
1.229742e-07,0.0250703
1.230242e-07,0.0168316
1.230742e-07,0.0195229
1.231242e-07,0.0193306
1.231742e-07,0.00474812
1.232242e-07,-0.000250035
1.232742e-07,0.00516006
1.233242e-07,-0.00115629
1.233742e-07,-0.00972456
1.234242e-07,-0.00519326
1.234742e-07,0.00469319
1.235242e-07,0.0109821
1.235742e-07,0.0185892
1.236242e-07,0.0282834
1.236742e-07,0.0324851
1.237242e-07,0.0278714
1.237742e-07,0.0174357
1.238242e-07,0.0135635
1.238742e-07,0.0164196
1.239242e-07,0.0126024
1.239742e-07,0.00532483
1.240242e-07,0.00279829
1.240742e-07,0.0035947
1.241242e-07,0.00716481
1.241742e-07,0.0122179
1.242242e-07,0.0167766
1.242742e-07,0.0152937
1.243242e-07,0.00469319
1.243742e-07,0.000106976
1.244242e-07,0.00540722
1.244742e-07,0.0065881
1.245242e-07,0.00801614
1.245742e-07,0.0158155
1.246242e-07,0.0222417
1.246742e-07,0.0219121
1.247242e-07,0.0155408
1.247742e-07,0.00988359
1.248242e-07,0.00485797
1.248742e-07,-0.00340821
1.249242e-07,-0.00901054
1.249742e-07,-0.0160409
1.250242e-07,-0.0275751
1.250742e-07,-0.0253232
1.251242e-07,-0.00442432
1.251742e-07,0.0154859
1.252242e-07,0.0235049
1.252742e-07,0.022324
1.253242e-07,0.0140029
1.253742e-07,0.00494036
1.254242e-07,0.00216665
1.254742e-07,-0.00274911
1.255242e-07,-0.0144206
1.255742e-07,-0.017826
1.256242e-07,-0.00848875
1.256742e-07,-0.00121122
1.257242e-07,-0.000524659
1.257742e-07,0.00461081
1.258242e-07,0.0154035
1.258742e-07,0.0178477
1.259242e-07,0.00963642
1.259742e-07,0.000985772
1.260242e-07,-0.00461655
1.260742e-07,-0.00401238
1.261242e-07,0.00422633
1.261742e-07,0.0109821
1.262242e-07,0.00916956
1.262742e-07,0.00205681
1.263242e-07,0.00246874
1.263742e-07,0.0144149
1.264242e-07,0.0221318
1.264742e-07,0.0226261
1.265242e-07,0.0244936
1.265742e-07,0.0231479
1.266242e-07,0.0182871
1.266742e-07,0.0175181
1.267242e-07,0.0185342
1.267742e-07,0.0218297
1.268242e-07,0.0298762
1.268742e-07,0.0317162
1.269242e-07,0.0240816
1.269742e-07,0.014717
1.270242e-07,0.00859285
1.270742e-07,0.00763167
1.271242e-07,0.00710988
1.271742e-07,0.00356724
1.272242e-07,0.000766073
1.272742e-07,0.00348485
1.273242e-07,0.00966389
1.273742e-07,0.0166119
1.274242e-07,0.0209235
1.274742e-07,0.0168316
1.275242e-07,0.0113666
1.275742e-07,0.00941673
1.276242e-07,0.00664302
1.276742e-07,0.000601299
1.277242e-07,-0.00505595
1.277742e-07,0.0012604
1.278242e-07,0.0151014
1.278742e-07,0.0221318
1.279242e-07,0.0226811
1.279742e-07,0.0255921
1.280242e-07,0.0352314
1.280742e-07,0.0412731
1.281242e-07,0.0364397
1.281742e-07,0.0294368
1.282242e-07,0.0253724
1.282742e-07,0.0261413
1.283242e-07,0.027487
1.283742e-07,0.0231754
1.284242e-07,0.0150191
1.284742e-07,0.00191949
1.285242e-07,-0.00596221
1.285742e-07,-0.00434193
1.286242e-07,-0.00634669
1.286742e-07,-0.00717056
1.287242e-07,-0.00406731
1.287742e-07,-0.00593475
1.288242e-07,-0.00642907
1.288742e-07,-0.00176047
1.289242e-07,0.00562692
1.289742e-07,0.0161175
1.290242e-07,0.0221043
1.290742e-07,0.0214727
1.291242e-07,0.0199348
1.291742e-07,0.0133713
1.292242e-07,0.00584661
1.292742e-07,0.0100484
1.293242e-07,0.0165844
1.293742e-07,0.0149641
1.294242e-07,0.0121904
1.294742e-07,0.0115039
1.295242e-07,0.00985612
1.295742e-07,0.00982866
1.296242e-07,0.0131516
1.296742e-07,0.0098012
1.297242e-07,0.00367709
1.297742e-07,0.00999344
1.298242e-07,0.0222966
1.298742e-07,0.0253724
1.299242e-07,0.0210882
1.299742e-07,0.0227634
1.300242e-07,0.0265807
1.300742e-07,0.0256745
1.301242e-07,0.0321007
1.301742e-07,0.0378678
1.302242e-07,0.0222966
1.302742e-07,0.00246874
1.303242e-07,-0.00233718
1.303742e-07,-0.00167808
1.304242e-07,-0.00316105
1.304742e-07,-0.00620937
1.305242e-07,-0.00840636
1.305742e-07,-0.0119765
1.306242e-07,-0.0176063
1.306742e-07,-0.0104111
1.307242e-07,0.00768659
1.307742e-07,0.0131516
1.308242e-07,0.00955404
1.308742e-07,0.0124376
1.309242e-07,0.0105152
1.309742e-07,-0.000469734
1.310242e-07,-0.00137599
1.310742e-07,0.00878509
1.311242e-07,0.0127946
1.311742e-07,0.0105701
1.312242e-07,0.0110645
1.312742e-07,0.0133988
1.313242e-07,0.0150191
1.313742e-07,0.0127122
1.314242e-07,0.0129594
1.314742e-07,0.0214178
1.315242e-07,0.0185892
1.315742e-07,0.00700004
1.316242e-07,0.00941673
1.316742e-07,0.0175181
1.317242e-07,0.0204841
1.317742e-07,0.0206763
1.318242e-07,0.0209509
1.318742e-07,0.0231205
1.319242e-07,0.0268828
1.319742e-07,0.0306452
1.320242e-07,0.0298487
1.320742e-07,0.0284756
1.321242e-07,0.0233676
1.321742e-07,0.0110095
1.322242e-07,0.00461081
1.322742e-07,0.00200188
1.323242e-07,-0.00486372
1.323742e-07,-0.0112899
1.324242e-07,-0.0122236
1.324742e-07,-0.010164
1.325242e-07,-0.0100541
1.325742e-07,-0.00417716
1.326242e-07,0.0068078
1.326742e-07,0.0123827
1.327242e-07,0.0137832
1.327742e-07,0.0155134
1.328242e-07,0.0218572
1.328742e-07,0.0291896
1.329242e-07,0.0244936
1.329742e-07,0.0113391
1.330242e-07,0.00664302
1.330742e-07,0.00776898
1.331242e-07,0.00565438
1.331742e-07,0.000436525
1.332242e-07,-0.00697832
1.332742e-07,-0.0081592
1.333242e-07,-0.00920277
1.333742e-07,-0.0148875
1.334242e-07,-0.00997172
1.334742e-07,-0.000250035
1.335242e-07,0.00288068
1.335742e-07,0.00389679
1.336242e-07,0.00458335
1.336742e-07,0.00732958
1.337242e-07,0.00669795
1.337742e-07,-0.00755503
1.338242e-07,-0.0138439
1.338742e-07,0.00233143
1.339242e-07,0.00955404
1.339742e-07,-0.00118376
1.340242e-07,-0.000332422
1.340742e-07,0.0121355
1.341242e-07,0.0103504
1.341742e-07,0.000875923
1.342242e-07,0.00169979
1.342742e-07,0.00694511
1.343242e-07,0.0157331
1.343742e-07,0.0293544
1.344242e-07,0.0301234
1.344742e-07,0.0215276
1.345242e-07,0.0278165
1.345742e-07,0.0293819
1.346242e-07,0.0115863
1.346742e-07,0.00738451
1.347242e-07,0.0140579
1.347742e-07,0.00834569
1.348242e-07,0.00488543
1.348742e-07,0.0112567
1.349242e-07,0.0146346
1.349742e-07,0.0204291
1.350242e-07,0.0310845
1.350742e-07,0.0331992
1.351242e-07,0.0335287
1.351742e-07,0.0387191
1.352242e-07,0.0383621
1.352742e-07,0.0297389
1.353242e-07,0.0167217
1.353742e-07,0.00667049
1.354242e-07,0.00304545
1.354742e-07,0.00150756
1.355242e-07,0.000711148
1.355742e-07,0.00109562
1.356242e-07,0.00664302
1.356742e-07,0.0196602
1.357242e-07,0.0301234
1.357742e-07,0.0331717
1.358242e-07,0.0307001
1.358742e-07,0.0194405
1.359242e-07,0.00263352
1.359742e-07,-0.00524819
1.360242e-07,0.00565438
1.360742e-07,0.0192757
1.361242e-07,0.0174632
1.361742e-07,0.0131241
1.362242e-07,0.0152388
1.362742e-07,0.0144973
1.363242e-07,0.0102955
1.363742e-07,0.0104054
1.364242e-07,0.0133988
1.364742e-07,0.0136459
1.365242e-07,0.0190011
1.365742e-07,0.024164
1.366242e-07,0.0164471
1.366742e-07,0.00963642
1.367242e-07,0.0116412
1.367742e-07,0.0113391
1.368242e-07,0.00598393
1.368742e-07,0.00428126
1.369242e-07,0.0112842
1.369742e-07,0.0183145
1.370242e-07,0.0196877
1.370742e-07,0.0229557
1.371242e-07,0.0271849
1.371742e-07,0.0190011
1.372242e-07,0.00532483
1.372742e-07,0.00483051
1.373242e-07,0.00919703
1.373742e-07,0.00829077
1.374242e-07,0.00494036
1.374742e-07,0.000244288
1.375242e-07,0.00263352
1.375742e-07,0.0124101
1.376242e-07,0.0201271
1.376742e-07,0.0210333
1.377242e-07,0.0193581
1.377742e-07,0.0253174
1.378242e-07,0.0304804
1.378742e-07,0.0286129
1.379242e-07,0.0296565
1.379742e-07,0.0317436
1.380242e-07,0.0302607
1.380742e-07,0.030041
1.381242e-07,0.0375931
1.381742e-07,0.0489076
1.382242e-07,0.056707
1.382742e-07,0.060689
1.383242e-07,0.0534939
1.383742e-07,0.0393782
1.384242e-07,0.0313592
1.384742e-07,0.022736
1.385242e-07,0.0149916
1.385742e-07,0.0154859
1.386242e-07,0.0120257
1.386742e-07,0.00760421
1.387242e-07,0.0135635
1.387742e-07,0.0174357
1.388242e-07,0.013234
1.388742e-07,0.00812599
1.389242e-07,0.00590154
1.389742e-07,0.0089224
1.390242e-07,0.0123827
1.390742e-07,0.0123003
1.391242e-07,0.0139755
1.391742e-07,0.0214178
1.392242e-07,0.0300684
1.392742e-07,0.0338033
1.393242e-07,0.0312493
1.393742e-07,0.0271574
1.394242e-07,0.026773
1.394742e-07,0.026718
1.395242e-07,0.0226811
1.395742e-07,0.0193856
1.396242e-07,0.0182871
1.396742e-07,0.0155958
1.397242e-07,0.0159802
1.397742e-07,0.0208136
1.398242e-07,0.0217748
1.398742e-07,0.0180399
1.399242e-07,0.0169689
1.399742e-07,0.0198524
1.400242e-07,0.0221318
1.400742e-07,0.0263336
1.401242e-07,0.029272
1.401742e-07,0.0235049
1.402242e-07,0.0139755
1.402742e-07,0.0022765
1.403242e-07,-0.00134853
1.403742e-07,0.0113391
1.404242e-07,0.018699
1.404742e-07,0.0151014
1.405242e-07,0.0144698
1.405742e-07,0.0164746
1.406242e-07,0.0208411
1.406742e-07,0.0196327
1.407242e-07,0.00785137
1.407742e-07,0.00131532
1.408242e-07,-0.0023921
1.408742e-07,-0.00653892
1.409242e-07,0.00340246
1.409742e-07,0.0158704
1.410242e-07,0.014305
1.410742e-07,0.0120806
1.411242e-07,0.0177378
1.411742e-07,0.0119158
1.412242e-07,-0.0058249
1.412742e-07,-0.00958725
1.413242e-07,0.00321023
1.413742e-07,0.0129319
1.414242e-07,0.00510513
1.414742e-07,-0.00409477
1.415242e-07,0.00106816
1.415742e-07,-0.000469734
1.416242e-07,-0.0146129
1.416742e-07,-0.0216432
1.417242e-07,-0.0178809
1.417742e-07,-0.0117842
1.418242e-07,-0.00848875
1.418742e-07,-0.00346313
1.419242e-07,0.00642333
1.419742e-07,0.0103779
1.420242e-07,0.00809853
1.420742e-07,0.00878509
1.421242e-07,0.0093618
1.421742e-07,0.0112567
1.422242e-07,0.014305
1.422742e-07,0.0138107
1.423242e-07,0.0148268
1.423742e-07,0.0163922
1.424242e-07,0.0157331
1.424742e-07,0.0190835
1.425242e-07,0.0257019
1.425742e-07,0.0264709
1.426242e-07,0.0244387
1.426742e-07,0.0203468
1.427242e-07,0.00450096
1.427742e-07,-0.0102738
1.428242e-07,-0.00958725
1.428742e-07,-0.000799283
1.429242e-07,0.00916956
1.429742e-07,0.0157605
1.430242e-07,0.0182871
1.430742e-07,0.0199623
1.431242e-07,0.0166943
1.431742e-07,0.0148268
1.432242e-07,0.0240816
1.432742e-07,0.0302332
1.433242e-07,0.0283383
1.433742e-07,0.0317162
1.434242e-07,0.034792
1.434742e-07,0.025647
1.435242e-07,0.0108173
1.435742e-07,7.95135e-05
1.436242e-07,-0.00700578
1.436742e-07,-0.0079395
1.437242e-07,0.000409062
1.437742e-07,0.0140304
1.438242e-07,0.0303705
1.438742e-07,0.041685
1.439242e-07,0.044294
1.439742e-07,0.0402021
1.440242e-07,0.0283383
1.440742e-07,0.0226261
1.441242e-07,0.0235049
1.441742e-07,0.0168316
1.442242e-07,0.0141952
1.442742e-07,0.0174632
1.443242e-07,0.0185617
1.443742e-07,0.0281186
1.444242e-07,0.0359729
1.444742e-07,0.0251527
1.445242e-07,0.0140029
1.445742e-07,0.0144423
1.446242e-07,0.0140029
1.446742e-07,0.0154035
1.447242e-07,0.0215551
1.447742e-07,0.01977
1.448242e-07,0.0209235
1.448742e-07,0.0340505
1.449242e-07,0.0386916
1.449742e-07,0.0331992
1.450242e-07,0.0336111
1.450742e-07,0.0385269
1.451242e-07,0.0376206
1.451742e-07,0.0259765
1.452242e-07,0.0136459
1.452742e-07,0.016914
1.453242e-07,0.0254822
1.453742e-07,0.0198524
1.454242e-07,0.00963642
1.454742e-07,0.00812599
1.455242e-07,0.00793376
1.455742e-07,0.00667049
1.456242e-07,0.0109272
1.456742e-07,0.0178202
1.457242e-07,0.0218023
1.457742e-07,0.0250428
1.458242e-07,0.0322929
1.458742e-07,0.0360278
1.459242e-07,0.0335562
1.459742e-07,0.0361651
1.460242e-07,0.0345997
1.460742e-07,0.0168316
1.461242e-07,-0.00362791
1.461742e-07,-0.0107132
1.462242e-07,-0.00527565
1.462742e-07,0.00411648
1.463242e-07,0.0155408
1.463742e-07,0.0265807
1.464242e-07,0.0299861
1.464742e-07,0.026718
1.465242e-07,0.0260589
1.465742e-07,0.0233676
1.466242e-07,0.016914
1.466742e-07,0.0212805
1.467242e-07,0.0251527
1.467742e-07,0.0131241
1.468242e-07,0.00348485
1.468742e-07,0.00757675
1.469242e-07,0.0141128
1.469742e-07,0.0177653
1.470242e-07,0.0176829
1.470742e-07,0.012163
1.471242e-07,0.00842808
1.471742e-07,0.00697257
1.472242e-07,0.00889494
1.472742e-07,0.0194405
1.473242e-07,0.0254548
1.473742e-07,0.0244936
1.474242e-07,0.0274321
1.474742e-07,0.0317436
1.475242e-07,0.0345173
1.475742e-07,0.0338308
1.476242e-07,0.0268828
1.476742e-07,0.0187265
1.477242e-07,0.0135086
1.477742e-07,0.00947165
1.478242e-07,0.00279829
1.478742e-07,-0.0023921
1.479242e-07,0.00639586
1.479742e-07,0.019468
1.480242e-07,0.0178751
1.480742e-07,0.011751
1.481242e-07,0.0128221
1.481742e-07,0.0167766
1.482242e-07,0.0236972
1.482742e-07,0.0284756
1.483242e-07,0.0287228
1.483742e-07,0.0266356
1.484242e-07,0.0174083
1.484742e-07,0.0143325
1.485242e-07,0.0220494
1.485742e-07,0.0205115
1.486242e-07,0.0149641
1.486742e-07,0.0169963
1.487242e-07,0.0190011
1.487742e-07,0.0204291
1.488242e-07,0.024164
1.488742e-07,0.0219121
1.489242e-07,0.0142501
1.489742e-07,0.0112292
1.490242e-07,0.00304545
1.490742e-07,-0.010164
1.491242e-07,-0.00986187
1.491742e-07,-0.00774727
1.492242e-07,-0.0109878
1.492742e-07,-0.00115629
1.493242e-07,0.01068
1.493742e-07,0.0155134
1.494242e-07,0.0288326
1.494742e-07,0.0336386
1.495242e-07,0.0197975
1.495742e-07,0.012163
1.496242e-07,0.012877
1.496742e-07,0.0111743
1.497242e-07,0.0044735
1.497742e-07,-0.00612699
1.498242e-07,-0.0110153
1.498742e-07,-0.00653892
1.499242e-07,0.00603885
1.499742e-07,0.0199897
1.500242e-07,0.0254548
1.500742e-07,0.029629
1.501242e-07,0.0355335
1.501742e-07,0.0319359
1.502242e-07,0.0234225
1.502742e-07,0.0233951
1.503242e-07,0.0267455
1.503742e-07,0.0237796
1.504242e-07,0.0182871
1.504742e-07,0.0135086
1.505242e-07,0.00916956
1.505742e-07,0.00628601
1.506242e-07,0.00123293
1.506742e-07,-0.00546789
1.507242e-07,-0.00675862
1.507742e-07,0.00216665
1.508242e-07,0.018342
1.508742e-07,0.0249879
1.509242e-07,0.0205115
1.509742e-07,0.0207587
1.510242e-07,0.0187814
1.510742e-07,0.00878509
1.511242e-07,0.00197442
1.511742e-07,-0.00162315
1.512242e-07,-0.00909292
1.512742e-07,-0.0205447
1.513242e-07,-0.0264492
1.513742e-07,-0.024005
1.514242e-07,-0.0184301
1.514742e-07,-0.00870845
1.515242e-07,0.00169979
1.515742e-07,0.0057093
1.516242e-07,0.00310038
1.516742e-07,-0.00129361
1.517242e-07,-0.000854208
1.517742e-07,5.20511e-05
1.518242e-07,-0.00717056
1.518742e-07,-0.0103837
1.519242e-07,-0.00511088
1.519742e-07,-0.00393
1.520242e-07,-0.00255688
1.520742e-07,0.00474812
1.521242e-07,0.0108448
1.521742e-07,0.0113391
1.522242e-07,0.00938926
1.522742e-07,0.00809853
1.523242e-07,0.00793376
1.523742e-07,0.00757675
1.524242e-07,0.00708242
1.524742e-07,0.0072472
1.525242e-07,0.00521498
1.525742e-07,0.0104603
1.526242e-07,0.0222691
1.526742e-07,0.0248506
1.527242e-07,0.028558
1.527742e-07,0.0327048
1.528242e-07,0.0235324
1.528742e-07,0.0174632
1.529242e-07,0.0200996
1.529742e-07,0.0176554
1.530242e-07,0.00938926
1.530742e-07,0.00268844
1.531242e-07,0.00356724
1.531742e-07,0.00974627
1.532242e-07,0.0129594
1.532742e-07,0.0164471
1.533242e-07,0.0259491
1.533742e-07,0.0334189
1.534242e-07,0.0386367
1.534742e-07,0.0356708
1.535242e-07,0.0151564
1.535742e-07,0.00312784
1.536242e-07,0.00774152
1.536742e-07,0.00864778
1.537242e-07,0.0107075
1.537742e-07,0.0181223
1.538242e-07,0.0236148
1.538742e-07,0.026361
1.539242e-07,0.0247133
1.539742e-07,0.0215826
1.540242e-07,0.015074
1.540742e-07,-0.00019511
1.541242e-07,-0.00851621
1.541742e-07,-0.00601714
1.542242e-07,-0.0111526
1.542742e-07,-0.0146129
1.543242e-07,-0.00620937
1.543742e-07,0.00279829
1.544242e-07,0.0134537
1.544742e-07,0.0196327
1.545242e-07,0.0145522
1.545742e-07,0.00900479
1.546242e-07,0.00840062
1.546742e-07,0.0147994
1.547242e-07,0.0181223
1.547742e-07,0.0100758
1.548242e-07,0.0120806
1.548742e-07,0.0294368
1.549242e-07,0.0421244
1.549742e-07,0.0428385
1.550242e-07,0.0333639
1.550742e-07,0.0217199
1.551242e-07,0.0132889
1.551742e-07,0.00853793
1.552242e-07,0.00771406
1.552742e-07,0.000601299
1.553242e-07,-0.00802189
1.553742e-07,-0.00398492
1.554242e-07,0.000134438
1.554742e-07,-0.00675862
1.555242e-07,-0.0129651
1.555742e-07,-0.00835144
1.556242e-07,0.00285321
1.556742e-07,0.0101582
1.557242e-07,0.0100209
1.557742e-07,0.0065881
1.558242e-07,0.00326515
1.558742e-07,0.00274337
1.559242e-07,0.0101857
1.559742e-07,0.0213354
1.560242e-07,0.0225987
1.560742e-07,0.0191659
1.561242e-07,0.0191933
1.561742e-07,0.00991105
1.562242e-07,-0.00618191
1.562742e-07,-0.0131299
1.563242e-07,-0.0121138
1.563742e-07,-0.0115645
1.564242e-07,-0.0165352
1.564742e-07,-0.0160684
1.565242e-07,-0.000442272
1.565742e-07,0.0187265
1.566242e-07,0.032183
1.566742e-07,0.0411358
1.567242e-07,0.0447883
1.567742e-07,0.0365496
1.568242e-07,0.0238345
1.568742e-07,0.0164471
1.569242e-07,0.00554453
1.569742e-07,-0.00832398
1.570242e-07,-0.0148051
1.570742e-07,-0.0121412
1.571242e-07,-0.000799283
1.571742e-07,0.0116686
1.572242e-07,0.0134262
1.572742e-07,0.00969135
1.573242e-07,0.0149092
1.573742e-07,0.021967
1.574242e-07,0.014662
1.574742e-07,0.00279829
1.575242e-07,0.000820998
1.575742e-07,0.00675287
1.576242e-07,0.0191933
1.576742e-07,0.0263061
1.577242e-07,0.019468
1.577742e-07,0.0151014
1.578242e-07,0.0191659
1.578742e-07,0.0230381
1.579242e-07,0.0247133
1.579742e-07,0.0246858
1.580242e-07,0.0273222
1.580742e-07,0.0288876
1.581242e-07,0.0201545
1.581742e-07,0.0113116
1.582242e-07,0.0135361
1.582742e-07,0.0182322
1.583242e-07,0.0158429
1.583742e-07,0.0112018
1.584242e-07,0.00771406
1.584742e-07,0.000299213
1.585242e-07,-0.00456163
1.585742e-07,-0.000854208
1.586242e-07,0.000216825
1.586742e-07,-0.00143092
1.587242e-07,0.00581915
1.587742e-07,0.0170787
1.588242e-07,0.0231479
1.588742e-07,0.0256745
1.589242e-07,0.0287228
1.589742e-07,0.0308099
1.590242e-07,0.0187814
1.590742e-07,-0.00263926
1.591242e-07,-0.00445178
1.591742e-07,0.00710988
1.592242e-07,0.00656064
1.592742e-07,0.00458335
1.593242e-07,0.0121355
1.593742e-07,0.0168865
1.594242e-07,0.0189462
1.594742e-07,0.0236422
1.595242e-07,0.0278714
1.595742e-07,0.0312219
1.596242e-07,0.0283932
