LECROYWR640Zi,59892,Waveform
Segments,1,SegmentSize,4002
Segment,TrigTime,TimeSinceSegment1
#1,01-Nov-2023 13:34:09,0                 
Time,Ampl
-4.041286e-08,0.0227909
-4.036286e-08,0.0231754
-4.031286e-08,0.0224888
-4.026286e-08,0.0244661
-4.021286e-08,0.0279264
-4.016286e-08,0.0170787
-4.011286e-08,5.20511e-05
-4.006286e-08,-0.00653892
-4.001286e-08,-0.00189778
-3.996286e-08,0.00741197
-3.991286e-08,0.0109272
-3.986286e-08,0.00623109
-3.981286e-08,0.00559945
-3.976286e-08,0.0115863
-3.971286e-08,0.0153211
-3.966286e-08,0.0170238
-3.961286e-08,0.0199348
-3.956286e-08,0.0241915
-3.951286e-08,0.0274046
-3.946286e-08,0.0284207
-3.941286e-08,0.0303431
-3.936286e-08,0.0310022
-3.931286e-08,0.0272124
-3.926286e-08,0.0244661
-3.921286e-08,0.0241091
-3.916286e-08,0.0147994
-3.911286e-08,0.000985772
-3.906286e-08,5.20511e-05
-3.901286e-08,0.00351231
-3.896286e-08,0.00095831
-3.891286e-08,0.00546214
-3.886286e-08,0.0185068
-3.881286e-08,0.0237246
-3.876286e-08,0.0204017
-3.871286e-08,0.0239169
-3.866286e-08,0.0299311
-3.861286e-08,0.0220769
-3.856286e-08,0.00900479
-3.851286e-08,0.00697257
-3.846286e-08,0.0158155
-3.841286e-08,0.0257019
-3.836286e-08,0.0278165
-3.831286e-08,0.0271849
-3.826286e-08,0.0288326
-3.821286e-08,0.0245485
-3.816286e-08,0.0144973
-3.811286e-08,0.01252
-3.806286e-08,0.019413
-3.801286e-08,0.0232028
-3.796286e-08,0.0220769
-3.791286e-08,0.0206763
-3.786286e-08,0.0230655
-3.781286e-08,0.0251252
-3.776286e-08,0.0174907
-3.771286e-08,0.00713735
-3.766286e-08,0.00867524
-3.761286e-08,0.0166393
-3.756286e-08,0.0170787
-3.751286e-08,0.0158978
-3.746286e-08,0.015431
-3.741286e-08,0.00397917
-3.736286e-08,-0.0134045
-3.731286e-08,-0.0215059
-3.726286e-08,-0.0193089
-3.721286e-08,-0.0183752
-3.716286e-08,-0.0194737
-3.711286e-08,-0.0122236
-3.706286e-08,-0.000497197
-3.701286e-08,0.00422633
-3.696286e-08,0.00568184
-3.691286e-08,0.0120257
-3.686286e-08,0.0155408
-3.681286e-08,0.0131516
-3.676286e-08,0.0124925
-3.671286e-08,0.0070275
-3.666286e-08,0.0040341
-3.661286e-08,0.0114215
-3.656286e-08,0.00609378
-3.651286e-08,-0.00393
-3.646286e-08,0.00255113
-3.641286e-08,0.00760421
-3.636286e-08,0.0061487
-3.631286e-08,0.00971881
-3.626286e-08,0.0109272
-3.621286e-08,0.00452842
-3.616286e-08,-0.00274911
-3.611286e-08,-0.00936755
-3.606286e-08,-0.0135968
-3.601286e-08,-0.00955978
-3.596286e-08,-0.00491864
-3.591286e-08,-0.00274911
-3.586286e-08,0.00716481
-3.581286e-08,0.0178477
-3.576286e-08,0.022022
-3.571286e-08,0.0228184
-3.566286e-08,0.0218572
-3.561286e-08,0.0253724
-3.556286e-08,0.0259491
-3.551286e-08,0.0177104
-3.546286e-08,0.0100209
-3.541286e-08,-0.00230971
-3.536286e-08,-0.0157663
-3.531286e-08,-0.0184301
-3.526286e-08,-0.018183
-3.521286e-08,-0.0190343
-3.516286e-08,-0.0162881
-3.511286e-08,-0.00489118
-3.506286e-08,0.011394
-3.501286e-08,0.0204291
-3.496286e-08,0.0267455
-3.491286e-08,0.0316338
-3.486286e-08,0.0295192
-3.481286e-08,0.0273497
-3.476286e-08,0.0200172
-3.471286e-08,0.00277083
-3.466286e-08,-0.00868099
-3.461286e-08,-0.0092577
-3.456286e-08,-0.00681355
-3.451286e-08,-0.00505595
-3.446286e-08,-0.0058249
-3.441286e-08,-0.00442432
-3.436286e-08,-0.000936595
-3.431286e-08,-0.0019527
-3.426286e-08,-0.00269419
-3.421286e-08,0.0027159
-3.416286e-08,0.0122454
-3.411286e-08,0.0192208
-3.406286e-08,0.0163372
-3.401286e-08,0.011037
-3.396286e-08,0.0136734
-3.391286e-08,0.0180125
-3.386286e-08,0.022379
-3.381286e-08,0.0261688
-3.376286e-08,0.0208685
-3.371286e-08,0.00867524
-3.366286e-08,-0.00143092
-3.361286e-08,-0.00162315
-3.356286e-08,0.0072472
-3.351286e-08,0.0159802
-3.346286e-08,0.0217748
-3.341286e-08,0.0265533
-3.336286e-08,0.0295192
-3.331286e-08,0.032952
-3.326286e-08,0.0407788
-3.321286e-08,0.0455023
-3.316286e-08,0.0380875
-3.311286e-08,0.0218846
-3.306286e-08,0.00900479
-3.301286e-08,0.00801614
-3.296286e-08,0.00831823
-3.291286e-08,0.00397917
-3.286286e-08,0.00474812
-3.281286e-08,0.0141952
-3.276286e-08,0.0275419
-3.271286e-08,0.0305078
-3.266286e-08,0.0221318
-3.261286e-08,0.0171611
-3.256286e-08,0.0166668
-3.251286e-08,0.0186715
-3.246286e-08,0.0186441
-3.241286e-08,0.0137283
-3.236286e-08,0.0138656
-3.231286e-08,0.0179301
-3.226286e-08,0.0222142
-3.221286e-08,0.0222966
-3.216286e-08,0.0158704
-3.211286e-08,0.0193032
-3.206286e-08,0.026361
-3.201286e-08,0.019413
-3.196286e-08,0.0120531
-3.191286e-08,0.014305
-3.186286e-08,0.015431
-3.181286e-08,0.0135361
-3.176286e-08,0.0186441
-3.171286e-08,0.0277067
-3.166286e-08,0.0300684
-3.161286e-08,0.026361
-3.156286e-08,0.0195229
-3.151286e-08,0.0174083
-3.146286e-08,0.019413
-3.141286e-08,0.0105976
-3.136286e-08,-0.00288642
-3.131286e-08,-0.0030512
-3.126286e-08,0.00661556
-3.121286e-08,0.00820838
-3.116286e-08,-0.000607046
-3.111286e-08,-0.00585236
-3.106286e-08,-0.00469894
-3.101286e-08,-0.00552281
-3.096286e-08,-0.00346313
-3.091286e-08,0.00960896
-3.086286e-08,0.0217199
-3.081286e-08,0.0240816
-3.076286e-08,0.0246584
-3.071286e-08,0.0301508
-3.066286e-08,0.0347096
-3.061286e-08,0.0253449
-3.056286e-08,0.0135635
-3.051286e-08,0.014305
-3.046286e-08,0.0158429
-3.041286e-08,0.017985
-3.036286e-08,0.0247407
-3.031286e-08,0.0302058
-3.026286e-08,0.0358905
-3.021286e-08,0.0329795
-3.016286e-08,0.0202644
-3.011286e-08,0.0171611
-3.006286e-08,0.021253
-3.001286e-08,0.0152388
-2.996286e-08,0.00285321
-2.991286e-08,-0.001733
-2.986286e-08,-0.00148584
-2.981286e-08,-0.00384761
-2.976286e-08,-0.0023921
-2.971286e-08,0.00266098
-2.966286e-08,0.00809853
-2.961286e-08,0.0141403
-2.956286e-08,0.0152662
-2.951286e-08,0.0127671
-2.946286e-08,0.012163
-2.941286e-08,0.0119707
-2.936286e-08,0.00991105
-2.931286e-08,0.00999344
-2.926286e-08,0.0123552
-2.921286e-08,0.0138931
-2.916286e-08,0.0182596
-2.911286e-08,0.026361
-2.906286e-08,0.0340505
-2.901286e-08,0.0310571
-2.896286e-08,0.0144423
-2.891286e-08,-0.00332582
-2.886286e-08,-0.0138988
-2.881286e-08,-0.0154917
-2.876286e-08,-0.0142833
-2.871286e-08,-0.014146
-2.866286e-08,-0.0110153
-2.861286e-08,-0.00546789
-2.856286e-08,0.00252367
-2.851286e-08,0.00664302
-2.846286e-08,0.00477558
-2.841286e-08,0.00573677
-2.836286e-08,0.00557199
-2.831286e-08,0.005929
-2.826286e-08,0.0139755
-2.821286e-08,0.0127122
-2.816286e-08,0.00115055
-2.811286e-08,0.00554453
-2.806286e-08,0.0171062
-2.801286e-08,0.0185617
-2.796286e-08,0.0228458
-2.791286e-08,0.0235599
-2.786286e-08,0.0116686
-2.781286e-08,0.0024962
-2.776286e-08,5.20511e-05
-2.771286e-08,0.00307291
-2.766286e-08,0.00988359
-2.761286e-08,0.0136185
-2.756286e-08,0.0178202
-2.751286e-08,0.0254548
-2.746286e-08,0.0315789
-2.741286e-08,0.0340505
-2.736286e-08,0.0331992
-2.731286e-08,0.0277616
-2.726286e-08,0.0232303
-2.721286e-08,0.0232303
-2.716286e-08,0.0208411
-2.711286e-08,0.0175731
-2.706286e-08,0.0180674
-2.701286e-08,0.0230381
-2.696286e-08,0.0268279
-2.691286e-08,0.0247133
-2.686286e-08,0.0288601
-2.681286e-08,0.0356433
-2.676286e-08,0.0319633
-2.671286e-08,0.0295192
-2.666286e-08,0.0331442
-2.661286e-08,0.0317436
-2.656286e-08,0.0294093
-2.651286e-08,0.0303705
-2.646286e-08,0.0277616
-2.641286e-08,0.0268553
-2.636286e-08,0.029272
-2.631286e-08,0.0230655
-2.626286e-08,0.0101033
-2.621286e-08,0.00370455
-2.616286e-08,0.0063684
-2.611286e-08,0.00927941
-2.606286e-08,0.0029356
-2.601286e-08,-0.00876338
-2.596286e-08,-0.00936755
-2.591286e-08,0.00230397
-2.586286e-08,0.011806
-2.581286e-08,0.0206763
-2.576286e-08,0.0374284
-2.571286e-08,0.049045
-2.566286e-08,0.0425089
-2.561286e-08,0.0339406
-2.556286e-08,0.0393507
-2.551286e-08,0.0425089
-2.546286e-08,0.0321007
-2.541286e-08,0.02345
-2.536286e-08,0.0236422
-2.531286e-08,0.0255921
-2.526286e-08,0.0265533
-2.521286e-08,0.0275694
-2.516286e-08,0.0308099
-2.511286e-08,0.031469
-2.506286e-08,0.0205665
-2.501286e-08,0.00642333
-2.496286e-08,-0.00178793
-2.491286e-08,-0.00703324
-2.486286e-08,-0.00527565
-2.481286e-08,0.00430872
-2.476286e-08,0.00884002
-2.471286e-08,0.00757675
-2.466286e-08,0.00697257
-2.461286e-08,0.00735705
-2.456286e-08,0.0123277
-2.451286e-08,0.0186715
-2.446286e-08,0.0232303
-2.441286e-08,0.0241091
-2.436286e-08,0.0188089
-2.431286e-08,0.0191109
-2.426286e-08,0.0202918
-2.421286e-08,0.00757675
-2.416286e-08,-0.00382015
-2.411286e-08,-0.00522073
-2.406286e-08,-0.00519326
-2.401286e-08,-0.00200763
-2.396286e-08,0.00716481
-2.391286e-08,0.0149916
-2.386286e-08,0.012163
-2.381286e-08,0.0104328
-2.376286e-08,0.0173259
-2.371286e-08,0.0192757
-2.366286e-08,0.019413
-2.361286e-08,0.0218023
-2.356286e-08,0.0216924
-2.351286e-08,0.023093
-2.346286e-08,0.0227909
-2.341286e-08,0.0181498
-2.336286e-08,0.017216
-2.331286e-08,0.020896
-2.326286e-08,0.0230655
-2.321286e-08,0.0188912
-2.316286e-08,0.0130692
-2.311286e-08,0.0154859
-2.306286e-08,0.0224888
-2.301286e-08,0.0257843
-2.296286e-08,0.0239443
-2.291286e-08,0.0183695
-2.286286e-08,0.0169963
-2.281286e-08,0.0220494
-2.276286e-08,0.0224339
-2.271286e-08,0.018342
-2.266286e-08,0.015074
-2.261286e-08,0.00886748
-2.256286e-08,0.00208427
-2.251286e-08,0.00197442
-2.246286e-08,0.0100758
-2.241286e-08,0.0184244
-2.236286e-08,0.0203468
-2.231286e-08,0.0200447
-2.226286e-08,0.0236697
-2.221286e-08,0.0287502
-2.216286e-08,0.0287777
-2.211286e-08,0.027487
-2.206286e-08,0.0285305
-2.201286e-08,0.0254548
-2.196286e-08,0.0170238
-2.191286e-08,0.00991105
-2.186286e-08,0.00988359
-2.181286e-08,0.0184793
-2.176286e-08,0.0249604
-2.171286e-08,0.0204017
-2.166286e-08,0.0176829
-2.161286e-08,0.0222142
-2.156286e-08,0.0264709
-2.151286e-08,0.0292446
-2.146286e-08,0.0290798
-2.141286e-08,0.0301783
-2.136286e-08,0.0303705
-2.131286e-08,0.0169689
-2.126286e-08,-0.00277657
-2.121286e-08,-0.0136517
-2.116286e-08,-0.0194462
-2.111286e-08,-0.0226593
-2.106286e-08,-0.0182928
-2.101286e-08,-0.0130475
-2.096286e-08,-0.00955978
-2.091286e-08,-0.000414809
-2.086286e-08,0.00952657
-2.081286e-08,0.0118334
-2.076286e-08,0.0101857
-2.071286e-08,0.00727466
-2.066286e-08,0.00595646
-2.061286e-08,0.0165569
-2.056286e-08,0.0279813
-2.051286e-08,0.0214178
-2.046286e-08,0.0107075
-2.041286e-08,0.0108173
-2.036286e-08,0.0130418
-2.031286e-08,0.0107075
-2.026286e-08,0.0124101
-2.021286e-08,0.0196877
-2.016286e-08,0.0222417
-2.011286e-08,0.0202644
-2.006286e-08,0.0259216
-2.001286e-08,0.0397077
-1.996286e-08,0.0466832
-1.991286e-08,0.0469578
-1.986286e-08,0.0491823
-1.981286e-08,0.0520933
-1.976286e-08,0.0542903
-1.971286e-08,0.0582449
-1.966286e-08,0.0652752
-1.961286e-08,0.0693671
-1.956286e-08,0.0631606
-1.951286e-08,0.0464909
-1.946286e-08,0.0309472
-1.941286e-08,0.0281735
-1.936286e-08,0.0304804
-1.931286e-08,0.027844
-1.926286e-08,0.0244387
-1.921286e-08,0.0249879
-1.916286e-08,0.0250428
-1.911286e-08,0.0209784
-1.906286e-08,0.0195778
-1.901286e-08,0.0208136
-1.896286e-08,0.0142226
-1.891286e-08,0.00716481
-1.886286e-08,0.0136734
-1.881286e-08,0.0246309
-1.876286e-08,0.0291347
-1.871286e-08,0.0280088
-1.866286e-08,0.0246858
-1.861286e-08,0.0225987
-1.856286e-08,0.016502
-1.851286e-08,0.00878509
-1.846286e-08,0.00741197
-1.841286e-08,0.00818092
-1.836286e-08,0.0089224
-1.831286e-08,0.0110095
-1.826286e-08,0.0160077
-1.821286e-08,0.0168316
-1.816286e-08,0.00818092
-1.811286e-08,0.00392425
-1.806286e-08,0.00779644
-1.801286e-08,0.0101582
-1.796286e-08,0.0142226
-1.791286e-08,0.0247957
-1.786286e-08,0.0252076
-1.781286e-08,0.0118609
-1.776286e-08,0.0102406
-1.771286e-08,0.0165844
-1.766286e-08,0.0109272
-1.761286e-08,-0.000277498
-1.756286e-08,-0.00659385
-1.751286e-08,-0.00214494
-1.746286e-08,0.00952657
-1.741286e-08,0.013591
-1.736286e-08,0.0141677
-1.731286e-08,0.023807
-1.726286e-08,0.0314416
-1.721286e-08,0.0291896
-1.716286e-08,0.0288601
-1.711286e-08,0.0313866
-1.706286e-08,0.0244661
-1.701286e-08,0.010323
-1.696286e-08,0.00323769
-1.691286e-08,0.00650571
-1.686286e-08,0.0131791
-1.681286e-08,0.0129868
-1.676286e-08,0.00878509
-1.671286e-08,0.0130692
-1.666286e-08,0.0197426
-1.661286e-08,0.0202094
-1.656286e-08,0.0160077
-1.651286e-08,0.0137283
-1.646286e-08,0.0147444
-1.641286e-08,0.00845554
-1.636286e-08,-3.03361e-05
-1.631286e-08,0.00172726
-1.626286e-08,0.00609378
-1.621286e-08,0.0082633
-1.616286e-08,0.0151289
-1.611286e-08,0.026361
-1.606286e-08,0.0376481
-1.601286e-08,0.0443214
-1.596286e-08,0.0384445
-1.591286e-08,0.0273222
-1.586286e-08,0.0224888
-1.581286e-08,0.017216
-1.576286e-08,0.0131516
-1.571286e-08,0.0160077
-1.566286e-08,0.0187814
-1.561286e-08,0.0194405
-1.556286e-08,0.0200721
-1.551286e-08,0.025647
-1.546286e-08,0.0339681
-1.541286e-08,0.0357257
-1.536286e-08,0.0342153
-1.531286e-08,0.0350666
-1.526286e-08,0.0343526
-1.521286e-08,0.0265533
-1.516286e-08,0.0164471
-1.511286e-08,0.00812599
-1.506286e-08,0.00362216
-1.501286e-08,0.00757675
-1.496286e-08,0.0122728
-1.491286e-08,0.016145
-1.486286e-08,0.0213079
-1.481286e-08,0.0209235
-1.476286e-08,0.0206763
-1.471286e-08,0.0221318
-1.466286e-08,0.0151838
-1.461286e-08,0.00450096
-1.456286e-08,0.00321023
-1.451286e-08,0.00628601
-1.446286e-08,0.00840062
-1.441286e-08,0.0183969
-1.436286e-08,0.0255921
-1.431286e-08,0.0157605
-1.426286e-08,0.00430872
-1.421286e-08,0.0024962
-1.416286e-08,0.00241382
-1.411286e-08,-0.00219986
-1.406286e-08,-0.0124708
-1.401286e-08,-0.0190618
-1.396286e-08,-0.0155466
-1.391286e-08,-0.0094774
-1.386286e-08,-0.00382015
-1.381286e-08,0.00428126
-1.376286e-08,0.00697257
-1.371286e-08,-0.00244703
-1.366286e-08,-0.0037103
-1.361286e-08,0.0119433
-1.356286e-08,0.0198524
-1.351286e-08,0.0163922
-1.346286e-08,0.0157331
-1.341286e-08,0.0183969
-1.336286e-08,0.0196053
-1.331286e-08,0.0168865
-1.326286e-08,0.0141952
-1.321286e-08,0.00741197
-1.316286e-08,-0.00373776
-1.311286e-08,-0.00395746
-1.306286e-08,-2.87366e-06
-1.301286e-08,-0.00165062
-1.296286e-08,0.00334754
-1.291286e-08,0.0129868
-1.286286e-08,0.0196602
-1.281286e-08,0.024576
-1.276286e-08,0.0217473
-1.271286e-08,0.0142501
-1.266286e-08,0.0109546
-1.261286e-08,0.0116412
-1.256286e-08,0.0163922
-1.251286e-08,0.0195503
-1.246286e-08,0.0186166
-1.241286e-08,0.0224339
-1.236286e-08,0.0305353
-1.231286e-08,0.0338857
-1.226286e-08,0.0294643
-1.221286e-08,0.0260315
-1.216286e-08,0.0292171
-1.211286e-08,0.0314965
-1.206286e-08,0.0257568
-1.201286e-08,0.0151564
-1.196286e-08,0.0103779
-1.191286e-08,0.0165295
-1.186286e-08,0.0283658
-1.181286e-08,0.0392958
-1.176286e-08,0.0461339
-1.171286e-08,0.0430856
-1.166286e-08,0.0352039
-1.161286e-08,0.0355609
-1.156286e-08,0.0334189
-1.151286e-08,0.0168041
-1.146286e-08,-0.00219986
-1.141286e-08,-0.00958725
-1.136286e-08,-0.00977948
-1.131286e-08,-0.0121412
-1.126286e-08,-0.0109054
-1.121286e-08,-0.00307866
-1.116286e-08,0.00142517
-1.111286e-08,-0.000497197
-1.106286e-08,0.00172726
-1.101286e-08,0.0150191
-1.096286e-08,0.0251527
-1.091286e-08,0.0218023
-1.086286e-08,0.0200172
-1.081286e-08,0.0232852
-1.076286e-08,0.0244112
-1.071286e-08,0.0295741
-1.066286e-08,0.0377854
-1.061286e-08,0.0425364
-1.056286e-08,0.0391036
-1.051286e-08,0.031469
-1.046286e-08,0.0299037
-1.041286e-08,0.0250977
-1.036286e-08,0.0169689
-1.031286e-08,0.018699
-1.026286e-08,0.0245485
-1.021286e-08,0.0298213
-1.016286e-08,0.0305078
-1.011286e-08,0.0197426
-1.006286e-08,0.0105976
-1.001286e-08,0.00584661
-9.96286e-09,-0.00609952
-9.91286e-09,-0.0148326
-9.86286e-09,-0.012718
-9.81286e-09,-0.00612699
-9.76286e-09,0.00224904
-9.71286e-09,0.00944419
-9.66286e-09,0.0131791
-9.61286e-09,0.0122728
-9.56286e-09,0.00581915
-9.51286e-09,-0.00244703
-9.46286e-09,-0.00840636
-9.41286e-09,-0.0128278
-9.36286e-09,-0.0116469
-9.31286e-09,-0.0032709
-9.26286e-09,0.00120547
-9.21286e-09,0.00741197
-9.16286e-09,0.014305
-9.11286e-09,0.00557199
-9.06286e-09,0.00222158
-9.01286e-09,0.0105701
-8.96286e-09,0.00878509
-8.91286e-09,0.00669795
-8.86286e-09,0.0121355
-8.81286e-09,0.0174632
-8.76286e-09,0.0196053
-8.71286e-09,0.0154585
-8.66286e-09,0.011806
-8.61286e-09,0.0144149
-8.56286e-09,0.0163098
-8.51286e-09,0.0121355
-8.46286e-09,0.00647825
-8.41286e-09,0.00774152
-8.36286e-09,0.0150465
-8.31286e-09,0.0181772
-8.26286e-09,0.0185617
-8.21286e-09,0.0255921
-8.16286e-09,0.0310022
-8.11286e-09,0.0250977
-8.06286e-09,0.017628
-8.01286e-09,0.0149367
-7.96286e-09,0.0133164
-7.91286e-09,0.0178751
-7.86286e-09,0.0269103
-7.81286e-09,0.0302332
-7.76286e-09,0.0277341
-7.71286e-09,0.0204291
-7.66286e-09,0.0115039
-7.61286e-09,0.00161741
-7.56286e-09,-0.0114547
-7.51286e-09,-0.0151346
-7.46286e-09,-0.00535804
-7.41286e-09,0.00200188
-7.36286e-09,0.00353977
-7.31286e-09,0.00765913
-7.26286e-09,0.0149367
-7.21286e-09,0.0212256
-7.16286e-09,0.0227634
-7.11286e-09,0.0207587
-7.06286e-09,0.0188912
-7.01286e-09,0.01977
-6.96286e-09,0.0202094
-6.91286e-09,0.0154585
-6.86286e-09,0.0112292
-6.81286e-09,0.0112842
-6.76286e-09,0.0146346
-6.71286e-09,0.0204841
-6.66286e-09,0.0222966
-6.61286e-09,0.0179301
-6.56286e-09,0.0169963
-6.51286e-09,0.0232028
-6.46286e-09,0.0224064
-6.41286e-09,0.0140029
-6.36286e-09,0.0146895
-6.31286e-09,0.0205665
-6.26286e-09,0.0217199
-6.21286e-09,0.0157056
-6.16286e-09,0.0040341
-6.11286e-09,0.000930848
-6.06286e-09,0.00969135
-6.01286e-09,0.0174632
-5.96286e-09,0.0171337
-5.91286e-09,0.0112567
-5.86286e-09,0.00595646
-5.81286e-09,0.00288068
-5.76286e-09,0.00307291
-5.71286e-09,0.00672541
-5.66286e-09,0.00334754
-5.61286e-09,-0.00725294
-5.56286e-09,-0.00873591
-5.51286e-09,-0.00439686
-5.46286e-09,0.00117801
-5.41286e-09,0.016914
-5.36286e-09,0.0306452
-5.31286e-09,0.0306452
-5.26286e-09,0.0271574
-5.21286e-09,0.0279813
-5.16286e-09,0.0295467
-5.11286e-09,0.0249604
-5.06286e-09,0.0133988
-5.01286e-09,0.00296306
-4.96286e-09,-0.00192524
-4.91286e-09,-0.00176047
-4.86286e-09,0.00518752
-4.81286e-09,0.0101582
-4.76286e-09,0.00554453
-4.71286e-09,0.00483051
-4.66286e-09,0.0131241
-4.61286e-09,0.0155958
-4.56286e-09,0.0137558
-4.51286e-09,0.0166393
-4.46286e-09,0.0206214
-4.41286e-09,0.0276518
-4.36286e-09,0.0349293
-4.31286e-09,0.0321007
-4.26286e-09,0.0209509
-4.21286e-09,0.0105152
-4.16286e-09,0.00579169
-4.11286e-09,0.00763167
-4.06286e-09,0.0102681
-4.01286e-09,0.0123003
-3.96286e-09,0.0226536
-3.91286e-09,0.0279538
-3.86286e-09,0.0156781
-3.81286e-09,0.0093618
-3.76286e-09,0.0149916
-3.71286e-09,0.0131516
-3.66286e-09,0.00628601
-3.61286e-09,0.0116412
-3.56286e-09,0.0273497
-3.51286e-09,0.035863
-3.46286e-09,0.0345448
-3.41286e-09,0.0359729
-3.36286e-09,0.0470677
-3.31286e-09,0.0534115
-3.26286e-09,0.0443214
-3.21286e-09,0.0350941
-3.16286e-09,0.0319084
-3.11286e-09,0.0261413
-3.06286e-09,0.0202918
-3.01286e-09,0.0202369
-2.96286e-09,0.022379
-2.91286e-09,0.0234775
-2.86286e-09,0.0238345
-2.81286e-09,0.0243563
-2.76286e-09,0.0256745
-2.71286e-09,0.0248231
-2.66286e-09,0.0255921
-2.61286e-09,0.0257294
-2.56286e-09,0.0115588
-2.51286e-09,-0.00478133
-2.46286e-09,-0.00176047
-2.41286e-09,0.0111194
-2.36286e-09,0.0178751
-2.31286e-09,0.0184244
-2.26286e-09,0.0220769
-2.21286e-09,0.0330893
-2.16286e-09,0.0375931
-2.11286e-09,0.027487
-2.06286e-09,0.0132065
-2.01286e-09,0.00112308
-1.96286e-09,-0.00656638
-1.91286e-09,-0.00972456
-1.86286e-09,-0.0112899
-1.81286e-09,-0.00431447
-1.76286e-09,0.0106525
-1.71286e-09,0.0212805
-1.66286e-09,0.0247957
-1.61286e-09,0.0252076
-1.56286e-09,0.0284207
-1.51286e-09,0.0301508
-1.46286e-09,0.0214178
-1.41286e-09,0.0134812
-1.36286e-09,0.0135086
-1.31286e-09,0.0145797
-1.26286e-09,0.0195229
-1.21286e-09,0.0203193
-1.16286e-09,0.0106251
-1.11286e-09,0.0104603
-1.06286e-09,0.0159528
-1.01286e-09,0.00469319
-9.628595e-10,-0.0101365
-9.128595e-10,-0.0126905
-8.628595e-10,-0.0121687
-8.128595e-10,-0.0122786
-7.628595e-10,-0.0167
-7.128595e-10,-0.0242522
-6.628595e-10,-0.0199131
-6.128595e-10,-0.0112899
-5.628595e-10,-0.0107132
-5.128595e-10,-0.00865353
-4.628595e-10,0.00186457
-4.128595e-10,0.014662
-3.628595e-10,0.0215826
-3.128595e-10,0.0210608
-2.628595e-10,0.0151289
-2.128595e-10,0.0124101
-1.628595e-10,0.0255921
-1.128595e-10,0.0572837
-6.285954e-11,0.100757
-1.285954e-11,0.149832
3.714046e-11,0.195776
8.714046e-11,0.239716
1.371405e-10,0.298458
1.871405e-10,0.357722
2.371405e-10,0.389139
2.871405e-10,0.399108
3.371405e-10,0.380846
3.871405e-10,0.329024
4.371405e-10,0.272781
4.871405e-10,0.213297
5.371405e-10,0.155407
5.871405e-10,0.128933
6.371405e-10,0.118854
6.871405e-10,0.100757
7.371405e-10,0.091337
7.871405e-10,0.097928
8.371405e-10,0.0957585
8.871405e-10,0.0763975
9.371405e-10,0.0554162
9.871405e-10,0.0400373
1.03714e-09,0.0297938
1.08714e-09,0.023093
1.13714e-09,0.0189187
1.18714e-09,0.0244936
1.23714e-09,0.0398451
1.28714e-09,0.0447608
1.33714e-09,0.0375657
1.38714e-09,0.0408886
1.43714e-09,0.0484957
1.48714e-09,0.0428385
1.53714e-09,0.0335287
1.58714e-09,0.0288876
1.63714e-09,0.0240267
1.68714e-09,0.0175181
1.73714e-09,0.00884002
1.78714e-09,0.000161901
1.83714e-09,0.00142517
1.88714e-09,0.0103504
1.93714e-09,0.0184519
1.98714e-09,0.0281735
2.03714e-09,0.0326774
2.08714e-09,0.029327
2.13714e-09,0.0303431
2.18714e-09,0.0339132
2.23714e-09,0.0317436
2.28714e-09,0.0257843
2.33714e-09,0.024521
2.38714e-09,0.027844
2.43714e-09,0.0316338
2.48714e-09,0.0422343
2.53714e-09,0.0536037
2.58714e-09,0.0582723
2.63714e-09,0.0609087
2.68714e-09,0.054455
2.73714e-09,0.0394057
2.78714e-09,0.0289699
2.83714e-09,0.0240267
2.88714e-09,0.0251252
2.93714e-09,0.0277891
2.98714e-09,0.0215826
3.03714e-09,0.0119433
3.08714e-09,0.00581915
3.13714e-09,0.000683686
3.18714e-09,-0.0047264
3.23714e-09,-0.00162315
3.28714e-09,0.0103504
3.33714e-09,0.0151289
3.38714e-09,0.019468
3.43714e-09,0.0310845
3.48714e-09,0.0312219
3.53714e-09,0.02345
3.58714e-09,0.0211157
3.63714e-09,0.0158429
3.68714e-09,0.00763167
3.73714e-09,-0.00222733
3.78714e-09,-0.0135693
3.83714e-09,-0.0158487
3.88714e-09,-0.0134045
3.93714e-09,-0.0104386
3.98714e-09,-0.000167648
4.03714e-09,0.00741197
4.08714e-09,0.00763167
4.13714e-09,0.0134537
4.18714e-09,0.020896
4.23714e-09,0.0221867
4.28714e-09,0.0248506
4.33714e-09,0.0215551
4.38714e-09,0.00603885
4.43714e-09,-0.00159569
4.48714e-09,0.00672541
4.53714e-09,0.0142226
4.58714e-09,0.0144698
4.63714e-09,0.0197975
4.68714e-09,0.0253724
4.73714e-09,0.0169689
4.78714e-09,0.00875763
4.83714e-09,0.00768659
4.88714e-09,0.00186457
4.93714e-09,-0.00456163
4.98714e-09,-0.00752757
5.03714e-09,-0.00966963
5.08714e-09,-0.00686847
5.13714e-09,0.000491449
5.18714e-09,0.000189363
5.23714e-09,-0.00615445
5.28714e-09,-0.00310612
5.33714e-09,0.00480304
5.38714e-09,0.0154585
5.43714e-09,0.0298762
5.48714e-09,0.0355884
5.53714e-09,0.0359179
5.58714e-09,0.0359729
5.63714e-09,0.0304804
5.68714e-09,0.0276518
5.73714e-09,0.0289425
5.78714e-09,0.0228184
5.83714e-09,0.0172435
5.88714e-09,0.017216
5.93714e-09,0.0114764
5.98714e-09,0.0052699
6.03714e-09,0.00378694
6.08714e-09,0.00101323
6.13714e-09,0.00200188
6.18714e-09,0.00617616
6.23714e-09,0.00502274
6.28714e-09,0.00430872
6.33714e-09,0.010323
6.38714e-09,0.0183969
6.43714e-09,0.02345
6.48714e-09,0.0260589
6.53714e-09,0.0266082
6.58714e-09,0.0247407
6.63714e-09,0.0254822
6.68714e-09,0.027844
6.73714e-09,0.0281735
6.78714e-09,0.0298487
6.83714e-09,0.0300959
6.88714e-09,0.0259491
6.93714e-09,0.02529
6.98714e-09,0.0246309
7.03714e-09,0.0135086
7.08714e-09,-0.00019511
7.13714e-09,-0.0112625
7.18714e-09,-0.0156564
7.23714e-09,-0.00788458
7.28714e-09,-0.000387347
7.33714e-09,0.0014801
7.38714e-09,-0.000634509
7.43714e-09,-0.00436939
7.48714e-09,0.00290814
7.53714e-09,0.0159253
7.58714e-09,0.0181498
7.63714e-09,0.0143874
7.68714e-09,0.0175731
7.73714e-09,0.0224064
7.78714e-09,0.0224339
7.83714e-09,0.0303431
7.88714e-09,0.040971
7.93714e-09,0.0418223
7.98714e-09,0.0438546
8.03714e-09,0.0447334
8.08714e-09,0.0334189
8.13714e-09,0.0225437
8.18714e-09,0.024219
8.23714e-09,0.0238619
8.28714e-09,0.016859
8.33714e-09,0.0155408
8.38714e-09,0.0194954
8.43714e-09,0.0265533
8.48714e-09,0.0310571
8.53714e-09,0.0287228
8.58714e-09,0.0283658
8.63714e-09,0.0319633
8.68714e-09,0.0337209
8.73714e-09,0.0308099
8.78714e-09,0.0260589
8.83714e-09,0.0253174
8.88714e-09,0.0259216
8.93714e-09,0.0283658
8.98714e-09,0.0316338
9.03714e-09,0.0255371
9.08714e-09,0.0200447
9.13714e-09,0.0216375
9.18714e-09,0.0194954
9.23714e-09,0.020182
9.28714e-09,0.0219121
9.33714e-09,0.012163
9.38714e-09,0.00554453
9.43714e-09,0.0074669
9.48714e-09,0.00510513
9.53714e-09,0.00400663
9.58714e-09,0.00554453
9.63714e-09,0.00672541
9.68714e-09,0.0107624
9.73714e-09,0.00768659
9.78714e-09,-0.00321597
9.83714e-09,-0.00728041
9.88714e-09,-0.00777473
9.93714e-09,-0.0154367
9.98714e-09,-0.0193364
1.003714e-08,-0.0138988
1.008714e-08,-0.0102738
1.013714e-08,-0.00497357
1.018714e-08,0.00466573
1.023714e-08,0.0146071
1.028714e-08,0.0249055
1.033714e-08,0.0254273
1.038714e-08,0.0141128
1.043714e-08,-0.00030496
1.048714e-08,-0.0121138
1.053714e-08,-0.0103837
1.058714e-08,-0.00156823
1.063714e-08,-0.000222573
1.068714e-08,0.00716481
1.073714e-08,0.0209509
1.078714e-08,0.0207587
1.083714e-08,0.0156507
1.088714e-08,0.0185617
1.093714e-08,0.0224339
1.098714e-08,0.0233951
1.103714e-08,0.0176554
1.108714e-08,0.0044735
1.113714e-08,-0.00390253
1.118714e-08,-0.000497197
1.123714e-08,0.00211173
1.128714e-08,-0.0023921
1.133714e-08,-0.00115629
1.138714e-08,0.00603885
1.143714e-08,0.0070275
1.148714e-08,0.00362216
1.153714e-08,0.00469319
1.158714e-08,0.00669795
1.163714e-08,0.00573677
1.168714e-08,0.00730212
1.173714e-08,0.00941673
1.178714e-08,0.0095815
1.183714e-08,0.0102681
1.188714e-08,0.0141677
1.193714e-08,0.0264983
1.198714e-08,0.0403668
1.203714e-08,0.0433877
1.208714e-08,0.0410259
1.213714e-08,0.0429758
1.218714e-08,0.0426462
1.223714e-08,0.0360003
1.228714e-08,0.0308374
1.233714e-08,0.0252351
1.238714e-08,0.0168865
1.243714e-08,0.0103504
1.248714e-08,0.00927941
1.253714e-08,0.013591
1.258714e-08,0.0100758
1.263714e-08,-0.00398492
1.268714e-08,-0.00706071
1.273714e-08,0.00516006
1.278714e-08,0.00875763
1.283714e-08,0.00285321
1.288714e-08,0.00645079
1.293714e-08,0.00881255
1.298714e-08,0.00491289
1.303714e-08,0.0072472
1.308714e-08,0.0130418
1.313714e-08,0.0271025
1.318714e-08,0.0408062
1.323714e-08,0.0301783
1.328714e-08,0.0145797
1.333714e-08,0.0177378
1.338714e-08,0.0199897
1.343714e-08,0.00971881
1.348714e-08,0.00161741
1.353714e-08,0.00175472
1.358714e-08,0.00505021
1.363714e-08,0.00647825
1.368714e-08,0.0040341
1.373714e-08,0.0014801
1.378714e-08,0.00439111
1.383714e-08,0.00982866
1.388714e-08,0.014305
1.393714e-08,0.0202918
1.398714e-08,0.024878
1.403714e-08,0.0255646
1.408714e-08,0.0263885
1.413714e-08,0.0277891
1.418714e-08,0.0264159
1.423714e-08,0.0195503
1.428714e-08,0.0101307
1.433714e-08,0.00708242
1.438714e-08,0.00414395
1.443714e-08,-0.00376522
1.448714e-08,0.000409062
1.453714e-08,0.00829077
1.458714e-08,0.000134438
1.463714e-08,-0.0081592
1.468714e-08,-0.000826745
1.473714e-08,0.00768659
1.478714e-08,-0.00258434
1.483714e-08,-0.015272
1.488714e-08,-0.00733533
1.493714e-08,0.00518752
1.498714e-08,0.00768659
1.503714e-08,0.0106251
1.508714e-08,0.0172435
1.513714e-08,0.0166119
1.518714e-08,0.0102955
1.523714e-08,0.00820838
1.528714e-08,0.00419887
1.533714e-08,-0.000936595
1.538714e-08,0.00109562
1.543714e-08,0.00518752
1.548714e-08,0.010323
1.553714e-08,0.0167492
1.558714e-08,0.023093
1.563714e-08,0.0289425
1.568714e-08,0.0294093
1.573714e-08,0.0273771
1.578714e-08,0.028201
1.583714e-08,0.0272673
1.588714e-08,0.0185068
1.593714e-08,0.0065881
1.598714e-08,0.005929
1.603714e-08,0.0166393
1.608714e-08,0.0215826
1.613714e-08,0.0248231
1.618714e-08,0.0357806
1.623714e-08,0.0403119
1.628714e-08,0.0330344
1.633714e-08,0.028558
1.638714e-08,0.0386092
1.643714e-08,0.049704
1.648714e-08,0.042042
1.653714e-08,0.0252076
1.658714e-08,0.0204566
1.663714e-08,0.0281735
1.668714e-08,0.0303705
1.673714e-08,0.0189736
1.678714e-08,0.0123827
1.683714e-08,0.0227085
1.688714e-08,0.0256195
1.693714e-08,0.0141952
1.698714e-08,0.00787883
1.703714e-08,0.0061487
1.708714e-08,0.00647825
1.713714e-08,0.00301799
1.718714e-08,-0.00414969
1.723714e-08,-0.00209002
1.728714e-08,0.00461081
1.733714e-08,0.00645079
1.738714e-08,0.00543468
1.743714e-08,0.00867524
1.748714e-08,0.0115313
1.753714e-08,0.00735705
1.758714e-08,0.00790629
1.763714e-08,0.00927941
1.768714e-08,-0.00458909
1.773714e-08,-0.013789
1.778714e-08,0.00145263
1.783714e-08,0.0221318
1.788714e-08,0.0299037
1.793714e-08,0.0251801
1.798714e-08,0.0190011
1.803714e-08,0.0221318
1.808714e-08,0.026718
1.813714e-08,0.0225163
1.818714e-08,0.0132615
1.823714e-08,0.00765913
1.828714e-08,0.0145247
1.833714e-08,0.0239993
1.838714e-08,0.0210882
1.843714e-08,0.0175731
1.848714e-08,0.0182871
1.853714e-08,0.0155134
1.858714e-08,0.0166668
1.863714e-08,0.0232578
1.868714e-08,0.022379
1.873714e-08,0.0115863
1.878714e-08,0.00752182
1.883714e-08,0.0139755
1.888714e-08,0.014662
1.893714e-08,0.00771406
1.898714e-08,0.00491289
1.903714e-08,0.0105152
1.908714e-08,0.0187265
1.913714e-08,0.021967
1.918714e-08,0.0205115
1.923714e-08,0.0195229
1.928714e-08,0.0151838
1.933714e-08,0.00543468
1.938714e-08,0.000436525
1.943714e-08,0.00321023
1.948714e-08,0.00499528
1.953714e-08,0.000161901
1.958714e-08,-0.00343567
1.963714e-08,-0.00145838
1.968714e-08,-2.87366e-06
1.973714e-08,0.00348485
1.978714e-08,0.00576423
1.983714e-08,0.00389679
1.988714e-08,0.0101307
1.993714e-08,0.017628
1.998714e-08,0.0151564
2.003714e-08,0.0127397
2.008714e-08,0.0123552
2.013714e-08,0.0130692
2.018714e-08,0.0213079
2.023714e-08,0.030041
2.028714e-08,0.0313317
2.033714e-08,0.031469
2.038714e-08,0.0351215
2.043714e-08,0.0379227
2.048714e-08,0.0388015
2.053714e-08,0.0406415
2.058714e-08,0.0410259
2.063714e-08,0.03806
2.068714e-08,0.0350117
2.073714e-08,0.0313317
2.078714e-08,0.025647
2.083714e-08,0.0237521
2.088714e-08,0.021967
2.093714e-08,0.0159802
2.098714e-08,0.0153761
2.103714e-08,0.0204841
2.108714e-08,0.0249879
2.113714e-08,0.0283658
2.118714e-08,0.0332541
2.123714e-08,0.0408337
2.128714e-08,0.0405041
2.133714e-08,0.0350941
2.138714e-08,0.0369066
2.143714e-08,0.0297389
2.148714e-08,0.0123277
2.153714e-08,0.00864778
2.158714e-08,0.0161999
2.163714e-08,0.0214727
2.168714e-08,0.0230381
2.173714e-08,0.0236697
2.178714e-08,0.0259765
2.183714e-08,0.0305078
2.188714e-08,0.0352588
2.193714e-08,0.0313592
2.198714e-08,0.0226261
2.203714e-08,0.0243013
2.208714e-08,0.0261962
2.213714e-08,0.0176554
2.218714e-08,0.0155134
2.223714e-08,0.0213629
2.228714e-08,0.0158978
2.233714e-08,0.00535229
2.238714e-08,0.00430872
2.243714e-08,0.00667049
2.248714e-08,0.0054896
2.253714e-08,0.000766073
2.258714e-08,-0.0021724
2.263714e-08,-0.00398492
2.268714e-08,-0.00302374
2.273714e-08,0.00966389
2.278714e-08,0.0168316
2.283714e-08,0.0108722
2.288714e-08,0.0105427
2.293714e-08,0.0140579
2.298714e-08,0.0208136
2.303714e-08,0.0347645
2.308714e-08,0.0487978
2.313714e-08,0.06176
2.318714e-08,0.0630233
2.323714e-08,0.0460516
2.328714e-08,0.0315514
2.333714e-08,0.0255921
2.338714e-08,0.00787883
2.343714e-08,-0.0129102
2.348714e-08,-0.0116195
2.353714e-08,0.00378694
2.358714e-08,0.0151838
2.363714e-08,0.0189736
2.368714e-08,0.0208411
2.373714e-08,0.024219
2.378714e-08,0.0257294
2.383714e-08,0.0296565
2.388714e-08,0.032238
2.393714e-08,0.0285305
2.398714e-08,0.0349567
2.403714e-08,0.0463262
2.408714e-08,0.0434426
2.413714e-08,0.0390761
2.418714e-08,0.0411083
2.423714e-08,0.0349018
2.428714e-08,0.0255646
2.433714e-08,0.0225437
2.438714e-08,0.0160077
2.443714e-08,0.00801614
2.448714e-08,0.00505021
2.453714e-08,0.00502274
2.458714e-08,0.012163
2.463714e-08,0.0195229
2.468714e-08,0.0129868
2.473714e-08,0.00386932
2.478714e-08,0.00700004
2.483714e-08,0.0109821
2.488714e-08,0.0100484
2.493714e-08,0.0168041
2.498714e-08,0.0265807
2.503714e-08,0.0234775
2.508714e-08,0.0152113
2.513714e-08,0.0179575
2.518714e-08,0.019056
2.523714e-08,0.0108173
2.528714e-08,0.0110645
2.533714e-08,0.0130418
2.538714e-08,0.00340246
2.543714e-08,-0.00206255
2.548714e-08,0.0057093
2.553714e-08,0.0120531
2.558714e-08,0.00741197
2.563714e-08,-0.000607046
2.568714e-08,-0.00774727
2.573714e-08,-0.0134869
2.578714e-08,-0.015574
2.583714e-08,-0.0167
2.588714e-08,-0.0120863
2.593714e-08,0.00351231
2.598714e-08,0.0180948
2.603714e-08,0.0218297
2.608714e-08,0.021253
2.613714e-08,0.0207038
2.618714e-08,0.0186166
2.623714e-08,0.0173534
2.628714e-08,0.0190835
2.633714e-08,0.0243837
2.638714e-08,0.0270201
2.643714e-08,0.0251527
2.648714e-08,0.0299861
2.653714e-08,0.0397077
2.658714e-08,0.0408612
2.663714e-08,0.0304529
2.668714e-08,0.0180674
2.673714e-08,0.0174083
2.678714e-08,0.0275419
2.683714e-08,0.0341878
2.688714e-08,0.0336386
2.693714e-08,0.0313866
2.698714e-08,0.0271574
2.703714e-08,0.0265807
2.708714e-08,0.0330618
2.713714e-08,0.0334189
2.718714e-08,0.0264159
2.723714e-08,0.0252351
2.728714e-08,0.0283383
2.733714e-08,0.0269103
2.738714e-08,0.0264709
2.743714e-08,0.0284207
2.748714e-08,0.0228184
2.753714e-08,0.0169963
2.758714e-08,0.0150465
2.763714e-08,0.0102131
2.768714e-08,0.0139206
2.773714e-08,0.0210882
2.778714e-08,0.0164471
2.783714e-08,0.0141403
2.788714e-08,0.0178202
2.793714e-08,0.0202918
2.798714e-08,0.0281186
2.803714e-08,0.0331168
2.808714e-08,0.0269103
2.813714e-08,0.028201
2.818714e-08,0.0388015
2.823714e-08,0.0357257
2.828714e-08,0.02345
2.833714e-08,0.0167766
2.838714e-08,0.0125749
2.843714e-08,0.017271
2.848714e-08,0.0291896
2.853714e-08,0.0274321
2.858714e-08,0.0165295
2.863714e-08,0.0138931
2.868714e-08,0.0163372
2.873714e-08,0.0210882
2.878714e-08,0.0283383
2.883714e-08,0.0298213
2.888714e-08,0.0255371
2.893714e-08,0.0261962
2.898714e-08,0.0310845
2.903714e-08,0.0238619
2.908714e-08,0.00595646
2.913714e-08,-0.000799283
2.918714e-08,0.00952657
2.923714e-08,0.0241915
2.928714e-08,0.0291347
2.933714e-08,0.0246858
2.938714e-08,0.0225163
2.943714e-08,0.0189736
2.948714e-08,0.0126573
2.953714e-08,0.0145247
2.958714e-08,0.0169414
2.963714e-08,0.0183695
2.968714e-08,0.0262512
2.973714e-08,0.0325675
2.978714e-08,0.0302607
2.983714e-08,0.0269652
2.988714e-08,0.029327
2.993714e-08,0.023807
2.998714e-08,0.00845554
3.003714e-08,-0.00508342
3.008714e-08,-0.0113174
3.013714e-08,-0.00587982
3.018714e-08,0.00257859
3.023714e-08,0.00903225
3.028714e-08,0.0180674
3.033714e-08,0.0263061
3.038714e-08,0.0277891
3.043714e-08,0.020896
3.048714e-08,0.00752182
3.053714e-08,-0.00780219
3.058714e-08,-0.0175788
3.063714e-08,-0.022879
3.068714e-08,-0.0252408
3.073714e-08,-0.0213686
3.078714e-08,-0.0171119
3.083714e-08,-0.0129377
3.088714e-08,-0.00541296
3.093714e-08,0.00710988
3.098714e-08,0.0236422
3.103714e-08,0.0296565
3.108714e-08,0.0274595
3.113714e-08,0.0262237
3.118714e-08,0.0158155
3.123714e-08,0.00807107
3.128714e-08,0.0140029
3.133714e-08,0.0155408
3.138714e-08,0.0129044
3.143714e-08,0.016859
3.148714e-08,0.0200721
3.153714e-08,0.019413
3.158714e-08,0.0211706
3.163714e-08,0.0236972
3.168714e-08,0.0255921
3.173714e-08,0.0253998
3.178714e-08,0.0207038
3.183714e-08,0.0249055
3.188714e-08,0.0392134
3.193714e-08,0.0410809
3.198714e-08,0.0324577
3.203714e-08,0.0305353
3.208714e-08,0.0273222
3.213714e-08,0.0189187
3.218714e-08,0.0172984
3.223714e-08,0.0174632
3.228714e-08,0.0108448
3.233714e-08,0.000930848
3.238714e-08,-0.00568759
3.243714e-08,0.00211173
3.248714e-08,0.0141952
3.253714e-08,0.0140304
3.258714e-08,0.0164196
3.263714e-08,0.0213903
3.268714e-08,0.0189462
3.273714e-08,0.0179575
3.278714e-08,0.0152662
3.283714e-08,0.0107898
3.288714e-08,0.0131791
3.293714e-08,0.0160626
3.298714e-08,0.0165844
3.303714e-08,0.019468
3.308714e-08,0.0190011
3.313714e-08,0.01436
3.318714e-08,0.0142226
3.323714e-08,0.0162274
3.328714e-08,0.0169414
3.333714e-08,0.0188912
3.338714e-08,0.0177653
3.343714e-08,0.0127122
3.348714e-08,0.0173259
3.353714e-08,0.034435
3.358714e-08,0.0459692
3.363714e-08,0.0437447
3.368714e-08,0.037703
3.373714e-08,0.0341329
3.378714e-08,0.0281186
3.383714e-08,0.0208685
3.388714e-08,0.0169414
3.393714e-08,0.0115039
3.398714e-08,0.0107898
3.403714e-08,0.0185342
3.408714e-08,0.0215551
3.413714e-08,0.0226536
3.418714e-08,0.0266356
3.423714e-08,0.0219396
3.428714e-08,0.00842808
3.433714e-08,-0.00524819
3.438714e-08,-0.0158212
3.443714e-08,-0.0168648
3.448714e-08,-0.00821413
3.453714e-08,0.00175472
3.458714e-08,0.0133438
3.463714e-08,0.0229557
3.468714e-08,0.0263336
3.473714e-08,0.0279538
3.478714e-08,0.0214453
3.483714e-08,0.0114215
3.488714e-08,0.0143874
3.493714e-08,0.0205115
3.498714e-08,0.018342
3.503714e-08,0.0164196
3.508714e-08,0.0151014
3.513714e-08,0.0116961
3.518714e-08,0.0147444
3.523714e-08,0.017628
3.528714e-08,0.0123827
3.533714e-08,0.0135361
3.538714e-08,0.0210608
3.543714e-08,0.0203468
3.548714e-08,0.0169414
3.553714e-08,0.020896
3.558714e-08,0.0268004
3.563714e-08,0.024164
3.568714e-08,0.0149367
3.573714e-08,0.0134812
3.578714e-08,0.021253
3.583714e-08,0.0229557
3.588714e-08,0.0158978
3.593714e-08,0.0127397
3.598714e-08,0.0129868
3.603714e-08,0.0127671
3.608714e-08,0.0131241
3.613714e-08,0.0122454
3.618714e-08,0.0189736
3.623714e-08,0.0288601
3.628714e-08,0.0299037
3.633714e-08,0.0303156
3.638714e-08,0.0362475
3.643714e-08,0.0444038
3.648714e-08,0.0463536
3.653714e-08,0.0392134
3.658714e-08,0.0290798
3.663714e-08,0.0229831
3.668714e-08,0.0226261
3.673714e-08,0.0195778
3.678714e-08,0.0169963
3.683714e-08,0.0193856
3.688714e-08,0.0206214
3.693714e-08,0.024878
3.698714e-08,0.0271849
3.703714e-08,0.0250154
3.708714e-08,0.0268279
3.713714e-08,0.0255371
3.718714e-08,0.0270201
3.723714e-08,0.0320183
3.728714e-08,0.0252076
3.733714e-08,0.0161175
3.738714e-08,0.0105427
3.743714e-08,0.00562692
3.748714e-08,0.0110095
3.753714e-08,0.0239718
3.758714e-08,0.0316063
3.763714e-08,0.0308099
3.768714e-08,0.0262786
3.773714e-08,0.0247407
3.778714e-08,0.0273222
3.783714e-08,0.030755
3.788714e-08,0.029684
3.793714e-08,0.0205665
3.798714e-08,0.0116686
3.803714e-08,0.0152388
3.808714e-08,0.027844
3.813714e-08,0.035863
3.818714e-08,0.0341878
3.823714e-08,0.0262237
3.828714e-08,0.0201271
3.833714e-08,0.014662
3.838714e-08,0.00461081
3.843714e-08,-0.00107391
3.848714e-08,0.00158994
3.853714e-08,0.00785137
3.858714e-08,0.0162823
3.863714e-08,0.024219
3.868714e-08,0.0261413
3.873714e-08,0.0246034
3.878714e-08,0.0241366
3.883714e-08,0.0164746
3.888714e-08,0.00743943
3.893714e-08,0.00985612
3.898714e-08,0.0133988
3.903714e-08,0.0161175
3.908714e-08,0.0215826
3.913714e-08,0.0210882
3.918714e-08,0.0196053
3.923714e-08,0.0208685
3.928714e-08,0.0167492
3.933714e-08,0.0122454
3.938714e-08,0.00922449
3.943714e-08,-0.000250035
3.948714e-08,-0.00890069
3.953714e-08,-0.0099168
3.958714e-08,-0.0103013
3.963714e-08,-0.0146953
3.968714e-08,-0.0193364
3.973714e-08,-0.0147502
3.978714e-08,0.000683686
3.983714e-08,0.013948
3.988714e-08,0.0144423
3.993714e-08,0.00743943
3.998714e-08,0.00255113
4.003714e-08,0.00565438
4.008714e-08,0.0174083
4.013714e-08,0.0221318
4.018714e-08,0.0152113
4.023714e-08,0.0152113
4.028714e-08,0.0202918
4.033714e-08,0.0202644
4.038714e-08,0.0215276
4.043714e-08,0.0187265
4.048714e-08,0.0122728
4.053714e-08,0.0171062
4.058714e-08,0.0228458
4.063714e-08,0.0197426
4.068714e-08,0.0217748
4.073714e-08,0.0284756
4.078714e-08,0.024576
4.083714e-08,0.0151564
4.088714e-08,0.00996597
4.093714e-08,0.00743943
4.098714e-08,0.0087027
4.103714e-08,0.0027159
4.108714e-08,-0.00782965
4.113714e-08,-0.00714309
4.118714e-08,-0.0157114
4.123714e-08,-0.0297172
4.128714e-08,-0.0201053
4.133714e-08,-0.00563266
4.138714e-08,-0.000469734
4.143714e-08,0.00993851
4.148714e-08,0.0222691
4.153714e-08,0.0279264
4.158714e-08,0.0296016
4.163714e-08,0.0316063
4.168714e-08,0.0322929
4.173714e-08,0.029327
4.178714e-08,0.0243288
4.183714e-08,0.0144973
4.188714e-08,0.00908718
4.193714e-08,0.0162549
4.198714e-08,0.0207862
4.203714e-08,0.0164746
4.208714e-08,0.0108722
4.213714e-08,0.0098012
4.218714e-08,0.013234
4.223714e-08,0.0142501
4.228714e-08,0.012108
4.233714e-08,0.00919703
4.238714e-08,0.00925195
4.243714e-08,0.0183145
4.248714e-08,0.0271574
4.253714e-08,0.0270201
4.258714e-08,0.0236422
4.263714e-08,0.0232852
4.268714e-08,0.0230655
4.273714e-08,0.0171611
4.278714e-08,0.0192208
4.283714e-08,0.0316887
4.288714e-08,0.0339681
4.293714e-08,0.0257568
4.298714e-08,0.0188912
4.303714e-08,0.0182871
4.308714e-08,0.0186166
4.313714e-08,0.0173259
4.318714e-08,0.023093
4.323714e-08,0.0311944
4.328714e-08,0.0323478
4.333714e-08,0.026361
4.338714e-08,0.0169689
4.343714e-08,0.0147994
4.348714e-08,0.0140029
4.353714e-08,0.00290814
4.358714e-08,-0.00313359
4.363714e-08,0.00595646
4.368714e-08,0.0166393
4.373714e-08,0.0166393
4.378714e-08,0.00782391
4.383714e-08,0.00441857
4.388714e-08,0.0123552
4.393714e-08,0.0225712
4.398714e-08,0.0259765
4.403714e-08,0.022022
4.408714e-08,0.022324
4.413714e-08,0.0291896
4.418714e-08,0.0239718
4.423714e-08,0.00991105
4.428714e-08,0.0108448
4.433714e-08,0.0233676
4.438714e-08,0.030398
4.443714e-08,0.0297664
4.448714e-08,0.0275694
4.453714e-08,0.026773
4.458714e-08,0.0232852
4.463714e-08,0.0218846
4.468714e-08,0.0319908
4.473714e-08,0.0338583
4.478714e-08,0.0160901
4.483714e-08,0.00894986
4.488714e-08,0.0171337
4.493714e-08,0.0161999
4.498714e-08,0.011751
4.503714e-08,0.0141403
4.508714e-08,0.0116412
4.513714e-08,0.00625855
4.518714e-08,0.00458335
4.523714e-08,-0.00228225
4.528714e-08,-0.00708817
4.533714e-08,-0.00728041
4.538714e-08,-0.0163705
4.543714e-08,-0.0210391
4.548714e-08,-0.0113998
4.553714e-08,-0.00403984
4.558714e-08,-0.00252941
4.563714e-08,0.000628761
4.568714e-08,0.00675287
4.573714e-08,0.0152662
4.578714e-08,0.0211432
4.583714e-08,0.021665
4.588714e-08,0.0229831
4.593714e-08,0.0248506
4.598714e-08,0.0253174
4.603714e-08,0.0268004
4.608714e-08,0.0239169
4.613714e-08,0.0208411
4.618714e-08,0.0302881
4.623714e-08,0.0400098
4.628714e-08,0.0360552
4.633714e-08,0.0281186
4.638714e-08,0.0208685
4.643714e-08,0.0145797
4.648714e-08,0.0143325
4.653714e-08,0.0152662
4.658714e-08,0.0115588
4.663714e-08,0.00840062
4.668714e-08,0.00735705
4.673714e-08,0.00513259
4.678714e-08,0.00559945
4.683714e-08,0.0100758
4.688714e-08,0.012877
4.693714e-08,0.00894986
4.698714e-08,0.00244128
4.703714e-08,0.00290814
4.708714e-08,0.0112567
4.713714e-08,0.022324
4.718714e-08,0.0283932
4.723714e-08,0.0283383
4.728714e-08,0.0261962
4.733714e-08,0.0209784
4.738714e-08,0.017216
4.743714e-08,0.0106251
4.748714e-08,-0.000387347
4.753714e-08,0.000244288
4.758714e-08,0.00496782
4.763714e-08,0.00238635
4.768714e-08,0.00329261
4.773714e-08,0.00244128
4.778714e-08,-0.00511088
4.783714e-08,-0.00799443
4.788714e-08,-0.0092577
4.793714e-08,-0.0147502
4.798714e-08,-0.0168099
4.803714e-08,-0.0136517
4.808714e-08,-0.00587982
4.813714e-08,0.0110095
4.818714e-08,0.0229282
4.823714e-08,0.0173534
4.828714e-08,0.0112842
4.833714e-08,0.0131241
4.838714e-08,0.0118883
4.843714e-08,0.00708242
4.848714e-08,0.00809853
4.853714e-08,0.0113666
4.858714e-08,0.00675287
4.863714e-08,0.00620363
4.868714e-08,0.0179575
4.873714e-08,0.0258118
4.878714e-08,0.0254273
4.883714e-08,0.0262512
4.888714e-08,0.0294643
4.893714e-08,0.0265807
4.898714e-08,0.0159802
4.903714e-08,0.00801614
4.908714e-08,0.00340246
4.913714e-08,-0.000167648
4.918714e-08,0.00332008
4.923714e-08,0.00922449
4.928714e-08,0.0137558
4.933714e-08,0.0207312
4.938714e-08,0.0246034
4.943714e-08,0.0238619
4.948714e-08,0.0207587
4.953714e-08,0.0206214
4.958714e-08,0.0272124
4.963714e-08,0.0277067
4.968714e-08,0.0195229
4.973714e-08,0.0117236
4.978714e-08,0.00966389
4.983714e-08,0.0136734
4.988714e-08,0.0152113
4.993714e-08,0.0114215
4.998714e-08,0.00332008
5.003714e-08,-0.00250195
5.008714e-08,0.00617616
5.013714e-08,0.0224339
5.018714e-08,0.031112
5.023714e-08,0.0321007
5.028714e-08,0.0293544
5.033714e-08,0.0246309
5.038714e-08,0.0213903
5.043714e-08,0.0177104
5.048714e-08,0.00999344
5.053714e-08,0.00862032
5.058714e-08,0.0162549
5.063714e-08,0.0171886
5.068714e-08,0.0169963
5.073714e-08,0.0238894
5.078714e-08,0.0215276
5.083714e-08,0.0141677
5.088714e-08,0.0164471
5.093714e-08,0.0194954
5.098714e-08,0.0233127
5.103714e-08,0.0349567
5.108714e-08,0.0410809
5.113714e-08,0.0361102
5.118714e-08,0.031112
5.123714e-08,0.0262237
5.128714e-08,0.0174357
5.133714e-08,0.00842808
5.138714e-08,0.0089224
5.143714e-08,0.0202094
5.148714e-08,0.0274321
5.153714e-08,0.0316063
5.158714e-08,0.0341603
5.163714e-08,0.0190835
5.168714e-08,0.00307291
5.173714e-08,0.00587408
5.178714e-08,0.00565438
5.183714e-08,-0.0028315
5.188714e-08,-8.52608e-05
5.193714e-08,0.011037
5.198714e-08,0.0156507
5.203714e-08,0.0140304
5.208714e-08,0.0144698
5.213714e-08,0.0178202
5.218714e-08,0.0202094
5.223714e-08,0.0168865
5.228714e-08,0.0091421
5.233714e-08,0.0104328
5.238714e-08,0.0230381
5.243714e-08,0.0279813
5.248714e-08,0.0234775
5.253714e-08,0.0227085
5.258714e-08,0.0199623
5.263714e-08,0.0134537
5.268714e-08,0.0113391
5.273714e-08,0.00768659
5.278714e-08,-0.000909132
5.283714e-08,-0.00813174
5.288714e-08,-0.00912039
5.293714e-08,-0.000964057
5.298714e-08,0.00675287
5.303714e-08,0.00884002
5.308714e-08,0.0131241
5.313714e-08,0.0127397
5.318714e-08,0.0109821
5.323714e-08,0.0173259
5.328714e-08,0.0162274
5.333714e-08,0.00667049
5.338714e-08,0.00719227
5.343714e-08,0.0180399
5.348714e-08,0.026718
5.353714e-08,0.0234775
5.358714e-08,0.0116137
5.363714e-08,0.005929
5.368714e-08,0.00656064
5.373714e-08,0.00400663
5.378714e-08,0.00384186
5.383714e-08,0.0102406
5.388714e-08,0.0167217
5.393714e-08,0.0218846
5.398714e-08,0.0275968
5.403714e-08,0.0326499
5.408714e-08,0.0288601
5.413714e-08,0.0185617
5.418714e-08,0.0192483
5.423714e-08,0.0247133
5.428714e-08,0.0210059
5.433714e-08,0.0182047
5.438714e-08,0.0218297
5.443714e-08,0.0241915
5.448714e-08,0.0203468
5.453714e-08,0.00905971
5.458714e-08,-0.00403984
5.463714e-08,-0.00571505
5.468714e-08,0.00598393
5.473714e-08,0.0142776
5.478714e-08,0.0140853
5.483714e-08,0.0141403
5.488714e-08,0.0171337
5.493714e-08,0.0213903
5.498714e-08,0.0182047
5.503714e-08,0.00894986
5.508714e-08,0.00400663
5.513714e-08,-0.000936595
5.518714e-08,-0.00513834
5.523714e-08,0.00178218
5.528714e-08,0.0124925
5.533714e-08,0.0187539
5.538714e-08,0.0236697
5.543714e-08,0.0217473
5.548714e-08,0.016914
5.553714e-08,0.0226536
5.558714e-08,0.0275968
5.563714e-08,0.0207312
5.568714e-08,0.0156781
5.573714e-08,0.0136185
5.578714e-08,0.00642333
5.583714e-08,0.00408902
5.588714e-08,0.00620363
5.593714e-08,0.0042538
5.598714e-08,0.00716481
5.603714e-08,0.0121355
5.608714e-08,0.00650571
5.613714e-08,0.00208427
5.618714e-08,0.00815346
5.623714e-08,0.0142226
5.628714e-08,0.0181498
5.633714e-08,0.0204291
5.638714e-08,0.0169689
5.643714e-08,0.01252
5.648714e-08,0.0116137
5.653714e-08,0.0128495
5.658714e-08,0.0124376
5.663714e-08,0.00348485
5.668714e-08,-0.00714309
5.673714e-08,-0.00810428
5.678714e-08,-0.00170554
5.683714e-08,0.0100758
5.688714e-08,0.0198799
5.693714e-08,0.0206488
5.698714e-08,0.0182047
5.703714e-08,0.0146071
5.708714e-08,0.0093618
5.713714e-08,0.00678034
5.718714e-08,0.00307291
5.723714e-08,-0.000936595
5.728714e-08,0.00546214
5.733714e-08,0.0180948
5.738714e-08,0.0239993
5.743714e-08,0.0204017
5.748714e-08,0.0126573
5.753714e-08,0.00183711
5.758714e-08,-0.00994426
5.763714e-08,-0.0130475
5.768714e-08,-0.00931262
5.773714e-08,-0.00434193
5.778714e-08,0.00757675
5.783714e-08,0.0178751
5.788714e-08,0.0133438
5.793714e-08,0.0105152
5.798714e-08,0.018699
5.803714e-08,0.0209784
5.808714e-08,0.0197975
5.813714e-08,0.0182871
5.818714e-08,0.00562692
5.823714e-08,-0.00272165
5.828714e-08,0.00167233
5.833714e-08,0.00255113
5.838714e-08,0.00307291
5.843714e-08,0.0105152
5.848714e-08,0.0162549
5.853714e-08,0.0218023
5.858714e-08,0.0308648
5.863714e-08,0.0305353
5.868714e-08,0.0237246
5.873714e-08,0.0237521
5.878714e-08,0.0237796
5.883714e-08,0.0231754
5.888714e-08,0.0231754
5.893714e-08,0.0196327
5.898714e-08,0.0174357
5.903714e-08,0.0138107
5.908714e-08,0.0093618
5.913714e-08,0.0122728
5.918714e-08,0.0164471
5.923714e-08,0.0154035
5.928714e-08,0.0172984
5.933714e-08,0.0219945
5.938714e-08,0.0198799
5.943714e-08,0.0192757
5.948714e-08,0.0218297
5.953714e-08,0.0188363
5.958714e-08,0.0200447
5.963714e-08,0.0272947
5.968714e-08,0.030041
5.973714e-08,0.0252625
5.978714e-08,0.0197426
5.983714e-08,0.0299861
5.988714e-08,0.043882
5.993714e-08,0.0362749
5.998714e-08,0.0269652
6.003714e-08,0.032952
6.008714e-08,0.0355335
6.013714e-08,0.030041
6.018714e-08,0.0254548
6.023714e-08,0.0236972
6.028714e-08,0.0288601
6.033714e-08,0.0404492
6.038714e-08,0.0514891
6.043714e-08,0.0512694
6.048714e-08,0.0408062
6.053714e-08,0.0350941
6.058714e-08,0.0298762
6.063714e-08,0.0216375
6.068714e-08,0.0207312
6.073714e-08,0.0231754
6.078714e-08,0.0234775
6.083714e-08,0.0239718
6.088714e-08,0.0244387
6.093714e-08,0.024219
6.098714e-08,0.0247682
6.103714e-08,0.0258667
6.108714e-08,0.0230655
6.113714e-08,0.0233402
6.118714e-08,0.0317436
6.123714e-08,0.0291347
6.128714e-08,0.0199623
6.133714e-08,0.0234775
6.138714e-08,0.0216924
6.143714e-08,0.00754928
6.148714e-08,0.00134278
6.153714e-08,-0.0015133
6.158714e-08,-0.0110702
6.163714e-08,-0.0108505
6.168714e-08,0.000656224
6.173714e-08,0.00356724
6.178714e-08,0.00200188
6.183714e-08,0.00793376
6.188714e-08,0.0112567
6.193714e-08,0.00625855
6.198714e-08,0.00598393
6.203714e-08,0.0139206
6.208714e-08,0.0175181
6.213714e-08,0.014662
6.218714e-08,0.0148543
6.223714e-08,0.0179301
6.228714e-08,0.0189736
6.233714e-08,0.0174907
6.238714e-08,0.0131791
6.243714e-08,0.00881255
6.248714e-08,0.00735705
6.253714e-08,0.0068078
6.258714e-08,0.00598393
6.263714e-08,0.00809853
6.268714e-08,0.00905971
6.273714e-08,0.00364962
6.278714e-08,0.00120547
6.283714e-08,0.00312784
6.288714e-08,0.00200188
6.293714e-08,0.0029356
6.298714e-08,0.00735705
6.303714e-08,0.00867524
6.308714e-08,0.00601139
6.313714e-08,0.00345739
6.318714e-08,0.00123293
6.323714e-08,-0.00678608
6.328714e-08,-0.0132672
6.333714e-08,-0.0060446
6.338714e-08,0.00299053
6.343714e-08,-0.000442272
6.348714e-08,-0.00530311
6.353714e-08,-0.000359885
6.358714e-08,0.00884002
6.363714e-08,0.0159528
6.368714e-08,0.0169963
6.373714e-08,0.0209235
6.378714e-08,0.0359179
6.383714e-08,0.0426737
6.388714e-08,0.0304255
6.393714e-08,0.0236422
6.398714e-08,0.0353412
6.403714e-08,0.0426462
6.408714e-08,0.035863
6.413714e-08,0.0292995
6.418714e-08,0.0258667
6.423714e-08,0.02345
6.428714e-08,0.0247407
6.433714e-08,0.0256745
6.438714e-08,0.0232028
6.443714e-08,0.0200447
6.448714e-08,0.018699
6.453714e-08,0.0147444
6.458714e-08,0.000573836
6.463714e-08,-0.012306
6.468714e-08,-0.0117842
6.473714e-08,-0.00780219
6.478714e-08,-0.0108231
6.483714e-08,-0.0165352
6.488714e-08,-0.0140087
6.493714e-08,-0.0069234
6.498714e-08,-0.000854208
6.503714e-08,0.0125474
6.508714e-08,0.0238894
6.513714e-08,0.0202094
6.518714e-08,0.0115588
6.523714e-08,0.00340246
6.528714e-08,-0.00129361
6.533714e-08,-0.000469734
6.538714e-08,-0.00450671
6.543714e-08,-0.0135693
6.548714e-08,-0.0151346
6.553714e-08,-0.010521
6.558714e-08,-0.0131024
6.563714e-08,-0.0171394
6.568714e-08,-0.0113174
6.573714e-08,-0.00225479
6.578714e-08,0.00507767
6.583714e-08,0.00933434
6.588714e-08,0.0113116
6.593714e-08,0.0132615
6.598714e-08,0.0157605
6.603714e-08,0.0214178
6.608714e-08,0.0258118
6.613714e-08,0.0250703
6.618714e-08,0.0215276
6.623714e-08,0.0176005
6.628714e-08,0.0147719
6.633714e-08,0.00974627
6.638714e-08,0.00441857
6.643714e-08,-0.00137599
6.648714e-08,-0.00914785
6.653714e-08,-0.00854368
6.658714e-08,-0.00382015
6.663714e-08,-0.00225479
6.668714e-08,0.00255113
6.673714e-08,0.00244128
6.678714e-08,-0.00645653
6.683714e-08,-0.00873591
6.688714e-08,-0.00167808
6.693714e-08,0.0035947
6.698714e-08,0.00274337
6.703714e-08,-0.00189778
6.708714e-08,-0.00398492
6.713714e-08,-0.00123868
6.718714e-08,0.000656224
6.723714e-08,0.00342992
6.728714e-08,0.00691765
6.733714e-08,0.00667049
6.738714e-08,0.00656064
6.743714e-08,0.00801614
6.748714e-08,0.0101582
6.753714e-08,0.0164746
6.758714e-08,0.0269103
6.763714e-08,0.0323753
6.768714e-08,0.0306177
6.773714e-08,0.0290249
6.778714e-08,0.0257568
6.783714e-08,0.0235324
6.788714e-08,0.024878
6.793714e-08,0.0195229
6.798714e-08,0.0130143
6.803714e-08,0.0125749
6.808714e-08,0.00700004
6.813714e-08,0.00384186
6.818714e-08,0.0176829
6.823714e-08,0.0281461
6.828714e-08,0.0257568
6.833714e-08,0.0299037
6.838714e-08,0.0354236
6.843714e-08,0.0340505
6.848714e-08,0.0316063
6.853714e-08,0.0268279
6.858714e-08,0.0283108
6.863714e-08,0.0352588
6.868714e-08,0.0346272
6.873714e-08,0.0285031
6.878714e-08,0.0240267
6.883714e-08,0.0226261
6.888714e-08,0.0168865
6.893714e-08,0.00765913
6.898714e-08,0.00137025
6.903714e-08,-0.00417716
6.908714e-08,-0.00321597
6.913714e-08,0.00853793
6.918714e-08,0.0179301
6.923714e-08,0.0191659
6.928714e-08,0.0224064
6.933714e-08,0.0269927
6.938714e-08,0.0254822
6.943714e-08,0.0187539
6.948714e-08,0.0119158
6.953714e-08,0.011806
6.958714e-08,0.0143325
6.963714e-08,0.0118883
6.968714e-08,0.00771406
6.973714e-08,0.00727466
6.978714e-08,0.00988359
6.983714e-08,0.00730212
6.988714e-08,-0.00126614
6.993714e-08,-0.00939501
6.998714e-08,-0.0180457
7.003714e-08,-0.022577
7.008714e-08,-0.0144756
7.013714e-08,-0.00442432
7.018714e-08,-0.00508342
7.023714e-08,-0.0109604
7.028714e-08,-0.0156015
7.033714e-08,-0.0139538
7.038714e-08,-0.0053855
7.043714e-08,-0.00178793
7.048714e-08,-0.00393
7.053714e-08,0.0035947
7.058714e-08,0.0177378
7.063714e-08,0.0199074
7.068714e-08,0.0134812
7.073714e-08,0.00752182
7.078714e-08,0.00153502
7.083714e-08,0.00213919
7.088714e-08,0.0108448
7.093714e-08,0.0220769
7.098714e-08,0.0297114
7.103714e-08,0.0271849
7.108714e-08,0.0205115
7.113714e-08,0.0229557
7.118714e-08,0.0311669
7.123714e-08,0.0319908
7.128714e-08,0.0274046
7.133714e-08,0.0305902
7.138714e-08,0.0389388
7.143714e-08,0.0394606
7.148714e-08,0.0348469
7.153714e-08,0.032238
7.158714e-08,0.034435
7.163714e-08,0.0330618
7.168714e-08,0.0220769
7.173714e-08,0.0264159
7.178714e-08,0.0489351
7.183714e-08,0.0531918
7.188714e-08,0.0374833
7.193714e-08,0.0299861
7.198714e-08,0.0303705
7.203714e-08,0.0255097
7.208714e-08,0.0188638
7.213714e-08,0.0165844
7.218714e-08,0.0188363
7.223714e-08,0.0228733
7.228714e-08,0.0233127
7.233714e-08,0.02161
7.238714e-08,0.0260315
7.243714e-08,0.033666
7.248714e-08,0.0364672
7.253714e-08,0.0345723
7.258714e-08,0.0322929
7.263714e-08,0.0295741
7.268714e-08,0.0215826
7.273714e-08,0.0161725
7.278714e-08,0.0206214
7.283714e-08,0.0263885
7.288714e-08,0.0314965
7.293714e-08,0.0394331
7.298714e-08,0.0429208
7.303714e-08,0.0361102
7.308714e-08,0.0270476
7.313714e-08,0.0273771
7.318714e-08,0.0292171
7.323714e-08,0.0192208
7.328714e-08,0.0118334
7.333714e-08,0.00941673
7.338714e-08,0.00455588
7.343714e-08,0.011037
7.348714e-08,0.021967
7.353714e-08,0.0225437
7.358714e-08,0.0205115
7.363714e-08,0.0196053
7.368714e-08,0.0135086
7.373714e-08,0.00557199
7.378714e-08,0.00290814
7.383714e-08,0.00483051
7.388714e-08,0.00735705
7.393714e-08,0.00966389
7.398714e-08,0.0170787
7.403714e-08,0.0243563
7.408714e-08,0.0200447
7.413714e-08,0.00889494
7.418714e-08,0.000930848
7.423714e-08,-0.00099152
7.428714e-08,0.00474812
7.433714e-08,0.0166393
7.438714e-08,0.0230381
7.443714e-08,0.0152388
7.448714e-08,0.00180964
7.453714e-08,-0.0100816
7.458714e-08,-0.0183752
7.463714e-08,-0.0177985
7.468714e-08,-0.0169197
7.473714e-08,-0.0200504
7.478714e-08,-0.0136791
7.483714e-08,-8.52608e-05
7.488714e-08,0.00916956
7.493714e-08,0.015788
7.498714e-08,0.0232303
7.503714e-08,0.0273497
7.508714e-08,0.0213079
7.513714e-08,0.00930688
7.518714e-08,0.00205681
7.523714e-08,0.00131532
7.528714e-08,0.00474812
7.533714e-08,0.00834569
7.538714e-08,0.0102406
7.543714e-08,0.0107898
7.548714e-08,0.00933434
7.553714e-08,0.0101857
7.558714e-08,0.0140029
7.563714e-08,0.0143874
7.568714e-08,0.0112842
7.573714e-08,0.0156232
7.578714e-08,0.0253449
7.583714e-08,0.0247133
7.588714e-08,0.0197426
7.593714e-08,0.0204291
7.598714e-08,0.0243013
7.603714e-08,0.0280911
7.608714e-08,0.0230655
7.613714e-08,0.0155683
7.618714e-08,0.0180399
7.623714e-08,0.0206763
7.628714e-08,0.0180125
7.633714e-08,0.0186441
7.638714e-08,0.0172984
7.643714e-08,0.00516006
7.648714e-08,-0.00730787
7.653714e-08,-0.0118117
7.658714e-08,-0.0114822
7.663714e-08,-0.00640161
7.668714e-08,-0.00200763
7.673714e-08,-0.00132107
7.678714e-08,0.000573836
7.683714e-08,0.000189363
7.688714e-08,0.00255113
7.693714e-08,0.0087027
7.698714e-08,0.00919703
7.703714e-08,0.0151564
7.708714e-08,0.028201
7.713714e-08,0.0300135
7.718714e-08,0.0254273
7.723714e-08,0.02529
7.728714e-08,0.0185342
7.733714e-08,0.00741197
7.738714e-08,0.0035947
7.743714e-08,-0.00101898
7.748714e-08,-0.00505595
7.753714e-08,-0.00203509
7.758714e-08,0.0003816
7.763714e-08,0.00180964
7.768714e-08,0.00342992
7.773714e-08,0.00598393
7.778714e-08,0.0144698
7.783714e-08,0.022736
7.788714e-08,0.0257568
7.793714e-08,0.0266631
7.798714e-08,0.0261962
7.803714e-08,0.0261139
7.808714e-08,0.0275419
7.813714e-08,0.0265533
7.818714e-08,0.0190835
7.823714e-08,0.00862032
7.828714e-08,0.00417141
7.833714e-08,0.0082633
7.838714e-08,0.0170787
7.843714e-08,0.0231479
7.848714e-08,0.0226261
7.853714e-08,0.0260315
7.858714e-08,0.030398
7.863714e-08,0.0236697
7.868714e-08,0.0198799
7.873714e-08,0.0277067
7.878714e-08,0.036934
7.883714e-08,0.0425638
7.888714e-08,0.0411083
7.893714e-08,0.0295741
7.898714e-08,0.0115313
7.903714e-08,-0.00316105
7.908714e-08,-0.0103562
7.913714e-08,-0.0096971
7.918714e-08,-0.00214494
7.923714e-08,0.00397917
7.928714e-08,0.00916956
7.933714e-08,0.0189736
7.938714e-08,0.0258118
7.943714e-08,0.0234225
7.948714e-08,0.0182047
7.953714e-08,0.0190835
7.958714e-08,0.0268553
7.963714e-08,0.0324302
7.968714e-08,0.0310571
7.973714e-08,0.0277891
7.978714e-08,0.0249879
7.983714e-08,0.0253174
7.988714e-08,0.026718
7.993714e-08,0.0226536
7.998714e-08,0.0207038
8.003714e-08,0.016859
8.008714e-08,0.00200188
8.013714e-08,-0.00653892
8.018714e-08,-0.00382015
8.023714e-08,-0.00189778
8.028714e-08,0.00158994
8.033714e-08,0.0091421
8.038714e-08,0.017628
8.043714e-08,0.0250703
8.048714e-08,0.0264434
8.053714e-08,0.0239169
8.058714e-08,0.0237246
8.063714e-08,0.024219
8.068714e-08,0.0207312
8.073714e-08,0.0138931
8.078714e-08,0.0127946
8.083714e-08,0.0179026
8.088714e-08,0.0222417
8.093714e-08,0.0256195
8.098714e-08,0.0257019
8.103714e-08,0.0226811
8.108714e-08,0.0215826
8.113714e-08,0.0220494
8.118714e-08,0.0203193
8.123714e-08,0.0192757
8.128714e-08,0.0241915
8.133714e-08,0.0285855
8.138714e-08,0.0264434
8.143714e-08,0.0227634
8.148714e-08,0.0221593
8.153714e-08,0.0243288
8.158714e-08,0.0209784
8.163714e-08,0.0121355
8.168714e-08,0.0104328
8.173714e-08,0.00905971
8.178714e-08,0.00430872
8.183714e-08,0.00812599
8.188714e-08,0.0151289
8.193714e-08,0.0167492
8.198714e-08,0.0171062
8.203714e-08,0.0200172
8.208714e-08,0.021253
8.213714e-08,0.0160352
8.218714e-08,0.00678034
8.223714e-08,0.00252367
8.228714e-08,0.00332008
8.233714e-08,-0.00280404
8.238714e-08,-0.010878
8.243714e-08,-0.00977948
8.248714e-08,-0.00508342
8.253714e-08,-0.000112723
8.258714e-08,0.00645079
8.263714e-08,0.00999344
8.268714e-08,0.00576423
8.273714e-08,-0.000799283
8.278714e-08,0.00208427
8.283714e-08,0.0100209
8.288714e-08,0.0100209
8.293714e-08,0.00785137
8.298714e-08,0.0101307
8.303714e-08,0.0124925
8.308714e-08,0.0155408
8.313714e-08,0.0155958
8.318714e-08,0.0113391
8.323714e-08,0.0117785
8.328714e-08,0.0125474
8.333714e-08,0.0107075
8.338714e-08,0.0162549
8.343714e-08,0.0221593
8.348714e-08,0.0236148
8.353714e-08,0.0288326
8.358714e-08,0.0264434
8.363714e-08,0.0163098
8.368714e-08,0.0194954
8.373714e-08,0.0294917
8.378714e-08,0.0315789
8.383714e-08,0.0303156
8.388714e-08,0.0289974
8.393714e-08,0.0292995
8.398714e-08,0.0307275
8.403714e-08,0.0255646
8.408714e-08,0.0200447
8.413714e-08,0.0260589
8.418714e-08,0.0291622
8.423714e-08,0.0209235
8.428714e-08,0.0188089
8.433714e-08,0.0225712
8.438714e-08,0.0241091
8.443714e-08,0.0243013
8.448714e-08,0.0234775
8.453714e-08,0.0279264
8.458714e-08,0.0298213
8.463714e-08,0.0174907
8.468714e-08,0.00667049
8.473714e-08,0.0112567
8.478714e-08,0.020896
8.483714e-08,0.0206488
8.488714e-08,0.0126024
8.493714e-08,0.00691765
8.498714e-08,-0.000826745
8.503714e-08,-0.0110153
8.508714e-08,-0.011235
8.513714e-08,-0.0051658
8.518714e-08,-0.00966963
8.523714e-08,-0.019611
8.528714e-08,-0.0171394
8.533714e-08,-0.00631922
8.538714e-08,-0.00354552
8.543714e-08,-0.00843383
8.548714e-08,-0.00480879
8.553714e-08,0.000491449
8.558714e-08,-0.00489118
8.563714e-08,-0.00478133
8.568714e-08,-0.000826745
8.573714e-08,-0.00373776
8.578714e-08,0.000326675
8.583714e-08,0.0105152
8.588714e-08,0.0155408
8.593714e-08,0.019413
8.598714e-08,0.0211432
8.603714e-08,0.0167766
8.608714e-08,0.0136185
8.613714e-08,0.0117236
8.618714e-08,0.0068078
8.623714e-08,0.0095815
8.628714e-08,0.021967
8.633714e-08,0.0292995
8.638714e-08,0.0269652
8.643714e-08,0.0175731
8.648714e-08,0.0107075
8.653714e-08,0.0144698
8.658714e-08,0.017628
8.663714e-08,0.0146895
8.668714e-08,0.00927941
8.673714e-08,0.00546214
8.678714e-08,0.00444603
8.683714e-08,-0.000277498
8.688714e-08,-0.000387347
8.693714e-08,0.00944419
8.698714e-08,0.0174083
8.703714e-08,0.0224614
8.708714e-08,0.0234225
8.713714e-08,0.0181772
8.718714e-08,0.0188912
8.723714e-08,0.0244936
8.728714e-08,0.019056
8.733714e-08,0.011037
8.738714e-08,0.0133438
8.743714e-08,0.016914
8.748714e-08,0.0197426
8.753714e-08,0.0238619
8.758714e-08,0.0253449
8.763714e-08,0.024933
8.768714e-08,0.0247133
8.773714e-08,0.025647
8.778714e-08,0.0264434
8.783714e-08,0.0246584
8.788714e-08,0.0199074
8.793714e-08,0.0161175
8.798714e-08,0.0136459
8.803714e-08,0.0127397
8.808714e-08,0.0163098
8.813714e-08,0.015431
8.818714e-08,0.00837315
8.823714e-08,0.00579169
8.828714e-08,0.0105152
8.833714e-08,0.0142226
8.838714e-08,0.00787883
8.843714e-08,-0.00252941
8.848714e-08,-0.00887322
8.853714e-08,-0.00832398
8.858714e-08,0.000326675
8.863714e-08,0.00689019
8.868714e-08,0.00485797
8.873714e-08,0.00334754
8.878714e-08,0.00296306
8.883714e-08,-0.00269419
8.888714e-08,-0.00717056
8.893714e-08,-0.0047264
8.898714e-08,-0.000744358
8.903714e-08,0.000820998
8.908714e-08,0.000299213
8.913714e-08,-0.00483625
8.918714e-08,-0.012306
8.923714e-08,-0.00999918
8.928714e-08,0.00115055
8.933714e-08,-0.000222573
8.938714e-08,-0.0105484
8.943714e-08,-0.00489118
8.948714e-08,0.011037
8.953714e-08,0.0219945
8.958714e-08,0.0221318
8.963714e-08,0.0141403
8.968714e-08,0.0141403
8.973714e-08,0.0136185
8.978714e-08,-0.001733
8.983714e-08,-0.0143932
8.988714e-08,-0.01486
8.993714e-08,-0.0133221
8.998714e-08,-0.0128278
9.003714e-08,-0.0125532
9.008714e-08,-0.0132123
9.013714e-08,-0.0060446
9.018714e-08,0.00886748
9.023714e-08,0.0135635
9.028714e-08,0.0107349
9.033714e-08,0.0105701
9.038714e-08,0.00903225
9.043714e-08,0.0070275
9.048714e-08,0.00191949
9.053714e-08,-0.000854208
9.058714e-08,0.00941673
9.063714e-08,0.0202918
9.068714e-08,0.0236422
9.073714e-08,0.0268828
9.078714e-08,0.0281186
9.083714e-08,0.0236148
9.088714e-08,0.0193856
9.093714e-08,0.0192208
9.098714e-08,0.0188638
9.103714e-08,0.0167492
9.108714e-08,0.0133164
9.113714e-08,0.00864778
9.118714e-08,0.00752182
9.123714e-08,0.00395171
9.128714e-08,-0.00826905
9.133714e-08,-0.00950486
9.138714e-08,-0.00219986
9.143714e-08,-0.00939501
9.148714e-08,-0.0155191
9.153714e-08,-0.00799443
9.158714e-08,0.000875923
9.163714e-08,0.00516006
9.168714e-08,0.00175472
9.173714e-08,-0.00406731
9.178714e-08,-0.00247449
9.183714e-08,0.00738451
9.188714e-08,0.0203193
9.193714e-08,0.0306726
9.198714e-08,0.0309747
9.203714e-08,0.0195229
9.208714e-08,0.0155958
9.213714e-08,0.0220769
9.218714e-08,0.0200172
9.223714e-08,0.0166668
9.228714e-08,0.0182322
9.233714e-08,0.0157056
9.238714e-08,0.0159528
9.243714e-08,0.0214453
9.248714e-08,0.020896
9.253714e-08,0.0190011
9.258714e-08,0.0207038
9.263714e-08,0.0156507
9.268714e-08,0.0127946
9.273714e-08,0.0204841
9.278714e-08,0.0231754
9.283714e-08,0.0222142
9.288714e-08,0.0260589
9.293714e-08,0.0229557
9.298714e-08,0.00922449
9.303714e-08,0.00224904
9.308714e-08,0.00837315
9.313714e-08,0.0128495
9.318714e-08,0.0122728
9.323714e-08,0.0194954
9.328714e-08,0.0335012
9.333714e-08,0.0371812
9.338714e-08,0.0327598
9.343714e-08,0.0411358
9.348714e-08,0.0510772
9.353714e-08,0.0407238
9.358714e-08,0.0271849
9.363714e-08,0.0253998
9.368714e-08,0.0227085
9.373714e-08,0.0153486
9.378714e-08,0.0119158
9.383714e-08,0.0108173
9.388714e-08,0.00694511
9.393714e-08,0.00730212
9.398714e-08,0.0140029
9.403714e-08,0.0195778
9.408714e-08,0.0210882
9.413714e-08,0.0211157
9.418714e-08,0.0240542
9.423714e-08,0.0243563
9.428714e-08,0.0170787
9.433714e-08,0.0106525
9.438714e-08,0.0133164
9.443714e-08,0.0195229
9.448714e-08,0.0173808
9.453714e-08,0.00916956
9.458714e-08,0.000683686
9.463714e-08,-0.00230971
9.468714e-08,0.0044735
9.473714e-08,0.00760421
9.478714e-08,-0.00192524
9.483714e-08,-0.0182104
9.488714e-08,-0.0279596
9.493714e-08,-0.0233459
9.498714e-08,-0.0118117
9.503714e-08,0.00290814
9.508714e-08,0.0184519
9.513714e-08,0.0239993
9.518714e-08,0.0230106
9.523714e-08,0.0291347
9.528714e-08,0.036577
9.533714e-08,0.0357257
9.538714e-08,0.0305078
9.543714e-08,0.0289425
9.548714e-08,0.0328147
9.553714e-08,0.0336111
9.558714e-08,0.0284756
9.563714e-08,0.0221593
9.568714e-08,0.0195503
9.573714e-08,0.0242464
9.578714e-08,0.0276243
9.583714e-08,0.0191659
9.588714e-08,0.0121904
9.593714e-08,0.0163922
9.598714e-08,0.0166668
9.603714e-08,0.00787883
9.608714e-08,0.000216825
9.613714e-08,-0.00228225
9.618714e-08,-0.0081592
9.623714e-08,-0.0187871
9.628714e-08,-0.0205447
9.633714e-08,-0.0140636
9.638714e-08,-0.00686847
9.643714e-08,0.00244128
9.648714e-08,0.0102681
9.653714e-08,0.0164471
9.658714e-08,0.0224614
9.663714e-08,0.0235324
9.668714e-08,0.0206488
9.673714e-08,0.0185342
9.678714e-08,0.0205665
9.683714e-08,0.0216375
9.688714e-08,0.0143874
9.693714e-08,0.00579169
9.698714e-08,0.00491289
9.703714e-08,0.00507767
9.708714e-08,-0.00170554
9.713714e-08,-0.00461655
9.718714e-08,0.000518912
9.723714e-08,0.00477558
9.728714e-08,0.00516006
9.733714e-08,0.00455588
9.738714e-08,0.0126847
9.743714e-08,0.0266082
9.748714e-08,0.0345997
9.753714e-08,0.0359729
9.758714e-08,0.0380875
9.763714e-08,0.041328
9.768714e-08,0.0355884
9.773714e-08,0.0262237
9.778714e-08,0.0225163
9.783714e-08,0.0214727
9.788714e-08,0.0195778
9.793714e-08,0.0196602
9.798714e-08,0.024164
9.803714e-08,0.0201271
9.808714e-08,0.0132615
9.813714e-08,0.0198799
9.818714e-08,0.0215826
9.823714e-08,0.0135361
9.828714e-08,0.0112842
9.833714e-08,0.00765913
9.838714e-08,0.00145263
9.843714e-08,0.00386932
9.848714e-08,0.0104328
9.853714e-08,0.0152662
9.858714e-08,0.0215002
9.863714e-08,0.0208685
9.868714e-08,0.00760421
9.873714e-08,-0.00274911
9.878714e-08,-0.00107391
9.883714e-08,0.00754928
9.888714e-08,0.0135086
9.893714e-08,0.0121355
9.898714e-08,0.0100209
9.903714e-08,0.00884002
9.908714e-08,0.00581915
9.913714e-08,0.00301799
9.918714e-08,-0.000634509
9.923714e-08,-0.00508342
9.928714e-08,-0.00629176
9.933714e-08,-0.0110702
9.938714e-08,-0.0221376
9.943714e-08,-0.0241423
9.948714e-08,-0.0167275
9.953714e-08,-0.00997172
9.958714e-08,-0.000744358
9.963714e-08,0.00433618
9.968714e-08,0.000299213
9.973714e-08,-0.000140186
9.978714e-08,0.0052699
9.983714e-08,0.00831823
9.988714e-08,0.0108173
9.993714e-08,0.0196877
9.998714e-08,0.0239443
1.000371e-07,0.0151289
1.000871e-07,0.0116686
1.001371e-07,0.0187814
1.001871e-07,0.0193306
1.002371e-07,0.012163
1.002871e-07,0.011394
1.003371e-07,0.0117785
1.003871e-07,0.000299213
1.004371e-07,-0.00769234
1.004871e-07,-0.000826745
1.005371e-07,0.00422633
1.005871e-07,-0.00269419
1.006371e-07,-0.0100266
1.006871e-07,-0.00502849
1.007371e-07,0.00532483
1.007871e-07,0.0145797
1.008371e-07,0.0280637
1.008871e-07,0.03622
1.009371e-07,0.0287777
1.009871e-07,0.0200447
1.010371e-07,0.022379
1.010871e-07,0.0257843
1.011371e-07,0.022022
1.011871e-07,0.0188089
1.012371e-07,0.0193306
1.012871e-07,0.0204017
1.013371e-07,0.0251801
1.013871e-07,0.0339681
1.014371e-07,0.0349018
1.014871e-07,0.0206214
1.015371e-07,0.010323
1.015871e-07,0.0185892
1.016371e-07,0.0223515
1.016871e-07,0.0108173
1.017371e-07,0.00661556
1.017871e-07,0.014662
1.018371e-07,0.0202369
1.018871e-07,0.0178202
1.019371e-07,0.0138656
1.019871e-07,0.0177928
1.020371e-07,0.0249055
1.020871e-07,0.0213354
1.021371e-07,0.00639586
1.021871e-07,-0.00645653
1.022371e-07,-0.00552281
1.022871e-07,0.00084846
1.023371e-07,-0.00112883
1.023871e-07,-0.00101898
1.024371e-07,0.0107898
1.024871e-07,0.0200447
1.025371e-07,0.0185068
1.025871e-07,0.0151838
1.026371e-07,0.0175181
1.026871e-07,0.0222417
1.027371e-07,0.0208411
1.027871e-07,0.0178202
1.028371e-07,0.0215826
1.028871e-07,0.0232028
1.029371e-07,0.0209235
1.029871e-07,0.0279264
1.030371e-07,0.0350391
1.030871e-07,0.0316887
1.031371e-07,0.0308374
1.031871e-07,0.0328421
1.032371e-07,0.0313042
1.032871e-07,0.0269377
1.033371e-07,0.0218023
1.033871e-07,0.0215826
1.034371e-07,0.0217748
1.034871e-07,0.021665
1.035371e-07,0.0286679
1.035871e-07,0.0305902
1.036371e-07,0.0252076
1.036871e-07,0.0321007
1.037371e-07,0.0414379
1.037871e-07,0.034435
1.038371e-07,0.0270201
1.038871e-07,0.0257294
1.039371e-07,0.0189462
1.039871e-07,0.0133164
1.040371e-07,0.0115039
1.040871e-07,0.00933434
1.041371e-07,0.00642333
1.041871e-07,-0.00263926
1.042371e-07,-0.00703324
1.042871e-07,0.00543468
1.043371e-07,0.0211432
1.043871e-07,0.0299586
1.044371e-07,0.0337759
1.044871e-07,0.0326499
1.045371e-07,0.032238
1.045871e-07,0.0360827
1.046371e-07,0.0383621
1.046871e-07,0.0343251
1.047371e-07,0.0299586
1.047871e-07,0.0316613
1.048371e-07,0.0290249
1.048871e-07,0.0214453
1.049371e-07,0.0219121
1.049871e-07,0.0253174
1.050371e-07,0.0213903
1.050871e-07,0.0171611
1.051371e-07,0.0207587
1.051871e-07,0.0210059
1.052371e-07,0.0113116
1.052871e-07,0.00301799
1.053371e-07,0.00095831
1.053871e-07,-0.00123868
1.054371e-07,-0.00450671
1.054871e-07,-0.000359885
1.055371e-07,0.00765913
1.055871e-07,0.0137009
1.056371e-07,0.0266356
1.056871e-07,0.0380875
1.057371e-07,0.0338583
1.057871e-07,0.0251527
1.058371e-07,0.0196327
1.058871e-07,0.0124925
1.059371e-07,0.00837315
1.059871e-07,0.00812599
1.060371e-07,0.00436365
1.060871e-07,0.00356724
1.061371e-07,0.0115313
1.061871e-07,0.0171337
1.062371e-07,0.0147719
1.062871e-07,0.0130967
1.063371e-07,0.0146895
1.063871e-07,0.0102406
1.064371e-07,0.000628761
1.064871e-07,-0.00115629
1.065371e-07,0.00472066
1.065871e-07,0.00754928
1.066371e-07,0.00864778
1.066871e-07,0.0134262
1.067371e-07,0.0166119
1.067871e-07,0.0172435
1.068371e-07,0.0203468
1.068871e-07,0.0211157
1.069371e-07,0.016914
1.069871e-07,0.00969135
1.070371e-07,-0.000689433
1.070871e-07,-0.0077198
1.071371e-07,-0.00642907
1.071871e-07,-0.00145838
1.072371e-07,0.000738611
1.072871e-07,-0.0037103
1.073371e-07,-0.00810428
1.073871e-07,-0.000277498
1.074371e-07,0.0112567
1.074871e-07,0.0123277
1.075371e-07,0.0101582
1.075871e-07,0.0173259
1.076371e-07,0.035149
1.076871e-07,0.0475071
1.077371e-07,0.0424814
1.077871e-07,0.036577
1.078371e-07,0.0384445
1.078871e-07,0.0371263
1.079371e-07,0.0326224
1.079871e-07,0.0266631
1.080371e-07,0.0228458
1.080871e-07,0.0245485
1.081371e-07,0.0198799
1.081871e-07,0.0107349
1.082371e-07,0.00546214
1.082871e-07,-2.87366e-06
1.083371e-07,0.00175472
1.083871e-07,0.00741197
1.084371e-07,0.00730212
1.084871e-07,0.0123827
1.085371e-07,0.0168865
1.085871e-07,0.00856539
1.086371e-07,0.00205681
1.086871e-07,0.00840062
1.087371e-07,0.0173534
1.087871e-07,0.0192208
1.088371e-07,0.0133713
1.088871e-07,-0.00137599
1.089371e-07,-0.0147502
1.089871e-07,-0.0117842
1.090371e-07,-0.00574251
1.090871e-07,-0.0104111
1.091371e-07,-0.0109604
1.091871e-07,-0.000222573
1.092371e-07,0.00691765
1.092871e-07,0.00650571
1.093371e-07,0.0115863
1.093871e-07,0.0228733
1.094371e-07,0.0290798
1.094871e-07,0.0282559
1.095371e-07,0.0238345
1.095871e-07,0.0204566
1.096371e-07,0.0250428
1.096871e-07,0.0299861
1.097371e-07,0.0243563
1.097871e-07,0.0207038
1.098371e-07,0.0266906
1.098871e-07,0.0308923
1.099371e-07,0.030398
1.099871e-07,0.028201
1.100371e-07,0.0243837
1.100871e-07,0.0207587
1.101371e-07,0.0160901
1.101871e-07,0.0101857
1.102371e-07,0.00949911
1.102871e-07,0.0139206
1.103371e-07,0.0142776
1.103871e-07,0.0102131
1.104371e-07,0.0102681
1.104871e-07,0.0138382
1.105371e-07,0.0143874
1.105871e-07,0.0142501
1.106371e-07,0.0129319
1.106871e-07,0.00419887
1.107371e-07,-0.00717056
1.107871e-07,-0.00983441
1.108371e-07,0.000738611
1.108871e-07,0.0137283
1.109371e-07,0.0177653
1.109871e-07,0.0164746
1.110371e-07,0.0151289
1.110871e-07,0.0152388
1.111371e-07,0.0164196
1.111871e-07,0.0142226
1.112371e-07,0.00689019
1.112871e-07,0.00518752
1.113371e-07,0.0125749
1.113871e-07,0.0154585
1.114371e-07,0.0133713
1.114871e-07,0.0145247
1.115371e-07,0.0201545
1.115871e-07,0.0290798
1.116371e-07,0.0355335
1.116871e-07,0.0358905
1.117371e-07,0.0316613
1.117871e-07,0.0275419
1.118371e-07,0.0262237
1.118871e-07,0.0230381
1.119371e-07,0.0226536
1.119871e-07,0.0309472
1.120371e-07,0.0307275
1.120871e-07,0.0195503
1.121371e-07,0.0178202
1.121871e-07,0.0190286
1.122371e-07,0.0135635
1.122871e-07,0.00873017
1.123371e-07,0.000766073
1.123871e-07,-0.00659385
1.124371e-07,-0.00321597
1.124871e-07,0.00634094
1.125371e-07,0.0179301
1.125871e-07,0.026004
1.126371e-07,0.0238345
1.126871e-07,0.0178751
1.127371e-07,0.0186715
1.127871e-07,0.0266906
1.128371e-07,0.0324027
1.128871e-07,0.0314141
1.129371e-07,0.0271574
1.129871e-07,0.0246034
1.130371e-07,0.0274321
1.130871e-07,0.0253724
1.131371e-07,0.0185342
1.131871e-07,0.0198524
1.132371e-07,0.0197151
1.132871e-07,0.0145247
1.133371e-07,0.018699
1.133871e-07,0.0272124
1.134371e-07,0.0275968
1.134871e-07,0.0264434
1.135371e-07,0.0288601
1.135871e-07,0.0266631
1.136371e-07,0.0162823
1.136871e-07,0.00499528
1.137371e-07,0.00277083
1.137871e-07,0.005929
1.138371e-07,0.00856539
1.138871e-07,0.0170238
1.139371e-07,0.0238345
1.139871e-07,0.0170787
1.140371e-07,0.00853793
1.140871e-07,0.00785137
1.141371e-07,0.0134262
1.141871e-07,0.0227909
1.142371e-07,0.0217748
1.142871e-07,0.0143874
1.143371e-07,0.0180674
1.143871e-07,0.022324
1.144371e-07,0.0218297
1.144871e-07,0.0227085
1.145371e-07,0.0208136
1.145871e-07,0.0204017
1.146371e-07,0.0250154
1.146871e-07,0.025647
1.147371e-07,0.0215276
1.147871e-07,0.0211432
1.148371e-07,0.0248506
1.148871e-07,0.0257568
1.149371e-07,0.0206214
1.149871e-07,0.0177653
1.150371e-07,0.0265533
1.150871e-07,0.034435
1.151371e-07,0.031469
1.151871e-07,0.0314965
1.152371e-07,0.0333365
1.152871e-07,0.0290523
1.153371e-07,0.0275694
1.153871e-07,0.0279813
1.154371e-07,0.0252625
1.154871e-07,0.0169414
1.155371e-07,-0.000826745
1.155871e-07,-0.0163705
1.156371e-07,-0.0187597
1.156871e-07,-0.0142833
1.157371e-07,-0.00829651
1.157871e-07,0.000875923
1.158371e-07,0.00845554
1.158871e-07,0.0175456
1.159371e-07,0.0389113
1.159871e-07,0.056295
1.160371e-07,0.0521757
1.160871e-07,0.038774
1.161371e-07,0.0292171
1.161871e-07,0.0227634
1.162371e-07,0.0154585
1.162871e-07,0.00554453
1.163371e-07,-0.000799283
1.163871e-07,0.00095831
1.164371e-07,0.00318276
1.164871e-07,0.00222158
1.165371e-07,0.00628601
1.165871e-07,0.0160352
1.166371e-07,0.0198799
1.166871e-07,0.0191384
1.167371e-07,0.0200996
1.167871e-07,0.0192757
1.168371e-07,0.0172984
1.168871e-07,0.0135086
1.169371e-07,0.0115863
1.169871e-07,0.0181498
1.170371e-07,0.0251801
1.170871e-07,0.0281735
1.171371e-07,0.0313317
1.171871e-07,0.0311944
1.172371e-07,0.0213629
1.172871e-07,0.0104328
1.173371e-07,0.0125474
1.173871e-07,0.0191933
1.174371e-07,0.0166943
1.174871e-07,0.0178477
1.175371e-07,0.0283383
1.175871e-07,0.033666
1.176371e-07,0.0381424
1.176871e-07,0.0467106
1.177371e-07,0.0442665
1.177871e-07,0.0322654
1.178371e-07,0.0277891
1.178871e-07,0.0275419
1.179371e-07,0.0257019
1.179871e-07,0.029272
1.180371e-07,0.0306726
1.180871e-07,0.0279813
1.181371e-07,0.0307275
1.181871e-07,0.029629
1.182371e-07,0.021665
1.182871e-07,0.0211157
1.183371e-07,0.0261139
1.183871e-07,0.0221867
1.184371e-07,0.0189736
1.184871e-07,0.0265258
1.185371e-07,0.0316063
1.185871e-07,0.0349842
1.186371e-07,0.035506
1.186871e-07,0.0268553
1.187371e-07,0.0228733
1.187871e-07,0.0265807
1.188371e-07,0.0250154
1.188871e-07,0.0155683
1.189371e-07,0.00900479
1.189871e-07,0.0135086
1.190371e-07,0.021967
1.190871e-07,0.0236422
1.191371e-07,0.0224888
1.191871e-07,0.0241366
1.192371e-07,0.0215002
1.192871e-07,0.0166943
1.193371e-07,0.0181223
1.193871e-07,0.024933
1.194371e-07,0.0323478
1.194871e-07,0.0333365
1.195371e-07,0.0303431
1.195871e-07,0.0261413
1.196371e-07,0.0191659
1.196871e-07,0.011806
1.197371e-07,0.00392425
1.197871e-07,0.00095831
1.198371e-07,0.00142517
1.198871e-07,-0.00104644
1.199371e-07,0.0014801
1.199871e-07,0.0115588
1.200371e-07,0.0210608
1.200871e-07,0.0264983
1.201371e-07,0.030755
1.201871e-07,0.0316887
1.202371e-07,0.0265533
1.202871e-07,0.0258392
1.203371e-07,0.0270201
1.203871e-07,0.0162274
1.204371e-07,0.0061487
1.204871e-07,0.0115588
1.205371e-07,0.0197426
1.205871e-07,0.0188089
1.206371e-07,0.0152937
1.206871e-07,0.0113391
1.207371e-07,0.00378694
1.207871e-07,0.000491449
1.208371e-07,0.00205681
1.208871e-07,0.00238635
1.209371e-07,0.00422633
1.209871e-07,0.00565438
1.210371e-07,0.00131532
1.210871e-07,-0.00236464
1.211371e-07,-0.00118376
1.211871e-07,-0.00362791
1.212371e-07,-0.00747264
1.212871e-07,-0.00631922
1.213371e-07,-0.00338075
1.213871e-07,0.00516006
1.214371e-07,0.0173808
1.214871e-07,0.0235049
1.215371e-07,0.0262237
1.215871e-07,0.0293819
1.216371e-07,0.0262786
1.216871e-07,0.0169689
1.217371e-07,0.0129319
1.217871e-07,0.0140853
1.218371e-07,0.0127122
1.218871e-07,0.0118883
1.219371e-07,0.0159802
1.219871e-07,0.0200721
1.220371e-07,0.0192757
1.220871e-07,0.0204566
1.221371e-07,0.026361
1.221871e-07,0.0261413
1.222371e-07,0.0224614
1.222871e-07,0.0191933
1.223371e-07,0.0104054
1.223871e-07,0.00697257
1.224371e-07,0.0121355
1.224871e-07,0.015074
1.225371e-07,0.0126024
1.225871e-07,0.00691765
1.226371e-07,0.00598393
1.226871e-07,0.00925195
1.227371e-07,0.0146346
1.227871e-07,0.022736
1.228371e-07,0.0225712
1.228871e-07,0.0169689
1.229371e-07,0.0164471
1.229871e-07,0.0152113
1.230371e-07,0.0115313
1.230871e-07,0.00938926
1.231371e-07,0.00960896
1.231871e-07,0.016502
1.232371e-07,0.0271849
1.232871e-07,0.0302881
1.233371e-07,0.025647
1.233871e-07,0.0198524
1.234371e-07,0.0166943
1.234871e-07,0.018699
1.235371e-07,0.0239443
1.235871e-07,0.0268279
1.236371e-07,0.0233402
1.236871e-07,0.0186166
1.237371e-07,0.0200447
1.237871e-07,0.0199623
1.238371e-07,0.0121904
1.238871e-07,0.00721973
1.239371e-07,0.0098012
1.239871e-07,0.0109546
1.240371e-07,0.0112292
1.240871e-07,0.0169963
1.241371e-07,0.0220494
1.241871e-07,0.0197426
1.242371e-07,0.0149641
1.242871e-07,0.0145522
1.243371e-07,0.0164196
1.243871e-07,0.0177104
1.244371e-07,0.0185342
1.244871e-07,0.0176005
1.245371e-07,0.0170787
1.245871e-07,0.017628
1.246371e-07,0.0222691
1.246871e-07,0.0316063
1.247371e-07,0.031112
1.247871e-07,0.0171886
1.248371e-07,0.00472066
1.248871e-07,0.00419887
1.249371e-07,0.0106251
1.249871e-07,0.0129868
1.250371e-07,0.0156781
1.250871e-07,0.0222691
1.251371e-07,0.0261413
1.251871e-07,0.0290249
1.252371e-07,0.031112
1.252871e-07,0.0277067
1.253371e-07,0.0239443
1.253871e-07,0.0209235
1.254371e-07,0.0173259
1.254871e-07,0.0266082
1.255371e-07,0.0430581
1.255871e-07,0.0464909
1.256371e-07,0.0434152
1.256871e-07,0.045008
1.257371e-07,0.0389937
1.257871e-07,0.0150191
1.258371e-07,-0.0100266
1.258871e-07,-0.0211489
1.259371e-07,-0.019254
1.259871e-07,-0.0094774
1.260371e-07,0.00109562
1.260871e-07,0.00727466
1.261371e-07,0.0100758
1.261871e-07,0.0160352
1.262371e-07,0.0229831
1.262871e-07,0.0260589
1.263371e-07,0.026718
1.263871e-07,0.0266906
1.264371e-07,0.0273222
1.264871e-07,0.0263336
1.265371e-07,0.0230381
1.265871e-07,0.0208136
1.266371e-07,0.0230381
1.266871e-07,0.0238619
1.267371e-07,0.0177928
1.267871e-07,0.00991105
1.268371e-07,0.00395171
1.268871e-07,0.00557199
1.269371e-07,0.0140853
1.269871e-07,0.022736
1.270371e-07,0.0328147
1.270871e-07,0.0368791
1.271371e-07,0.0291347
1.271871e-07,0.0170513
1.272371e-07,0.00743943
1.272871e-07,0.00894986
1.273371e-07,0.0122728
1.273871e-07,0.00485797
1.274371e-07,-0.000140186
1.274871e-07,-0.00255688
1.275371e-07,-0.00563266
1.275871e-07,0.00139771
1.276371e-07,0.0125474
1.276871e-07,0.017985
1.277371e-07,0.0225437
1.277871e-07,0.0289425
1.278371e-07,0.0310845
1.278871e-07,0.03438
1.279371e-07,0.0341329
1.279871e-07,0.0170238
1.280371e-07,0.00653317
1.280871e-07,0.00996597
1.281371e-07,0.0127397
1.281871e-07,0.0208136
1.282371e-07,0.0224614
1.282871e-07,0.00969135
1.283371e-07,-0.000799283
1.283871e-07,-0.00379268
1.284371e-07,-0.00357298
1.284871e-07,-0.00640161
1.285371e-07,-0.00901054
1.285871e-07,-0.000469734
1.286371e-07,0.0138107
1.286871e-07,0.0231754
1.287371e-07,0.0304804
1.287871e-07,0.03806
1.288371e-07,0.0398176
1.288871e-07,0.0349842
1.289371e-07,0.0281186
1.289871e-07,0.0210059
1.290371e-07,0.0131791
1.290871e-07,0.00257859
1.291371e-07,-0.00618191
1.291871e-07,-0.00318851
1.292371e-07,0.00321023
1.292871e-07,0.00255113
1.293371e-07,0.00551707
1.293871e-07,0.0127671
1.294371e-07,0.0149641
1.294871e-07,0.0142501
1.295371e-07,0.0108448
1.295871e-07,0.00430872
1.296371e-07,0.00342992
1.296871e-07,0.00807107
1.297371e-07,0.00612124
1.297871e-07,0.00277083
1.298371e-07,0.00804361
1.298871e-07,0.0102681
1.299371e-07,0.00367709
1.299871e-07,0.00620363
1.300371e-07,0.0217748
1.300871e-07,0.0244936
1.301371e-07,0.0154859
1.301871e-07,0.0171886
1.302371e-07,0.0192208
1.302871e-07,0.0164196
1.303371e-07,0.0180399
1.303871e-07,0.0225437
1.304371e-07,0.0327598
1.304871e-07,0.0417674
1.305371e-07,0.0409161
1.305871e-07,0.0383621
1.306371e-07,0.038417
1.306871e-07,0.0380051
1.307371e-07,0.0308099
1.307871e-07,0.0168865
1.308371e-07,0.0119707
1.308871e-07,0.0159802
1.309371e-07,0.0117236
1.309871e-07,0.00433618
1.310371e-07,0.000546374
1.310871e-07,-0.0079395
1.311371e-07,-0.0136242
1.311871e-07,-0.00884576
1.312371e-07,-0.00118376
1.312871e-07,0.005929
1.313371e-07,0.00988359
1.313871e-07,0.00587408
1.314371e-07,-0.000167648
1.314871e-07,0.000985772
1.315371e-07,0.00809853
1.315871e-07,0.0134537
1.316371e-07,0.0136734
1.316871e-07,0.0146346
1.317371e-07,0.0178477
1.317871e-07,0.019056
1.318371e-07,0.0183969
1.318871e-07,0.0127122
1.319371e-07,0.00623109
1.319871e-07,0.00829077
1.320371e-07,0.0139755
1.320871e-07,0.0184244
1.321371e-07,0.0184793
1.321871e-07,0.0152937
1.322371e-07,0.0166943
1.322871e-07,0.016859
1.323371e-07,0.00933434
1.323871e-07,0.00312784
1.324371e-07,0.00510513
1.324871e-07,0.00905971
1.325371e-07,0.0142776
1.325871e-07,0.0231205
1.326371e-07,0.0230106
1.326871e-07,0.0149367
1.327371e-07,0.0167217
1.327871e-07,0.0211432
1.328371e-07,0.0122454
1.328871e-07,0.00436365
1.329371e-07,0.00969135
1.329871e-07,0.00927941
1.330371e-07,0.00137025
1.330871e-07,0.00362216
1.331371e-07,0.0131516
1.331871e-07,0.01977
1.332371e-07,0.0211432
1.332871e-07,0.0221318
1.333371e-07,0.019468
1.333871e-07,0.0133988
1.334371e-07,0.0178202
1.334871e-07,0.0200996
1.335371e-07,0.011037
1.335871e-07,0.0061487
1.336371e-07,-0.00121122
1.336871e-07,-0.00780219
1.337371e-07,0.00216665
1.337871e-07,0.00919703
1.338371e-07,0.00301799
1.338871e-07,0.00178218
1.339371e-07,0.00952657
1.339871e-07,0.0138107
1.340371e-07,0.00971881
1.340871e-07,0.00754928
1.341371e-07,0.0156781
1.341871e-07,0.0279813
1.342371e-07,0.0353138
1.342871e-07,0.0361102
1.343371e-07,0.0323753
1.343871e-07,0.0275144
1.344371e-07,0.0249604
1.344871e-07,0.0258118
1.345371e-07,0.0255371
1.345871e-07,0.0235599
1.346371e-07,0.0219396
1.346871e-07,0.0159253
1.347371e-07,0.00971881
1.347871e-07,0.00661556
1.348371e-07,0.00310038
1.348871e-07,0.00675287
1.349371e-07,0.0169963
1.349871e-07,0.0183969
1.350371e-07,0.0138382
1.350871e-07,0.0136734
1.351371e-07,0.00840062
1.351871e-07,-0.00365537
1.352371e-07,-0.00997172
1.352871e-07,-0.0096971
1.353371e-07,-0.0069234
1.353871e-07,-0.00423208
1.354371e-07,0.000875923
1.354871e-07,0.00916956
1.355371e-07,0.0074669
1.355871e-07,0.000354137
1.356371e-07,0.00307291
1.356871e-07,0.00785137
1.357371e-07,0.00908718
1.357871e-07,0.011394
1.358371e-07,0.0180948
1.358871e-07,0.023093
1.359371e-07,0.0177378
1.359871e-07,0.0138931
1.360371e-07,0.0201271
1.360871e-07,0.0251801
1.361371e-07,0.0227909
1.361871e-07,0.0193306
1.362371e-07,0.0200721
1.362871e-07,0.0206763
1.363371e-07,0.015431
1.363871e-07,0.00595646
1.364371e-07,0.000409062
1.364871e-07,0.000436525
1.365371e-07,0.00304545
1.365871e-07,0.00631348
1.366371e-07,0.00960896
1.366871e-07,0.0224888
1.367371e-07,0.0344075
1.367871e-07,0.0306177
1.368371e-07,0.0312493
1.368871e-07,0.0379501
1.369371e-07,0.034023
1.369871e-07,0.0286129
1.370371e-07,0.0281186
1.370871e-07,0.0261962
1.371371e-07,0.0202094
1.371871e-07,0.00922449
1.372371e-07,-0.00321597
1.372871e-07,-0.00711563
1.373371e-07,-0.00211748
1.373871e-07,0.00321023
1.374371e-07,0.0104878
1.374871e-07,0.0191384
1.375371e-07,0.0236422
1.375871e-07,0.0225163
1.376371e-07,0.0166119
1.376871e-07,0.00911464
1.377371e-07,0.00200188
1.377871e-07,-0.000497197
1.378371e-07,-0.00222733
1.378871e-07,-0.00898307
1.379371e-07,-0.00909292
1.379871e-07,-0.000607046
1.380371e-07,0.000656224
1.380871e-07,-0.00475387
1.381371e-07,-0.00706071
1.381871e-07,-0.00997172
1.382371e-07,-0.0131848
1.382871e-07,-0.0134594
1.383371e-07,-0.0147227
1.383871e-07,-0.0154093
1.384371e-07,-0.0129102
1.384871e-07,-0.0096971
1.385371e-07,-0.00651146
1.385871e-07,-0.00154077
1.386371e-07,0.00386932
1.386871e-07,0.00612124
1.387371e-07,0.00411648
1.387871e-07,-0.00209002
1.388371e-07,-0.00651146
1.388871e-07,-0.00118376
1.389371e-07,0.00916956
1.389871e-07,0.0171337
1.390371e-07,0.0194405
1.390871e-07,0.0177104
1.391371e-07,0.0158155
1.391871e-07,0.0107898
1.392371e-07,0.00285321
1.392871e-07,-0.00255688
1.393371e-07,0.0010407
1.393871e-07,0.00897733
1.394371e-07,0.00911464
1.394871e-07,0.00689019
1.395371e-07,0.0115588
1.395871e-07,0.0154585
1.396371e-07,0.00779644
1.396871e-07,-0.00373776
1.397371e-07,-0.00596221
1.397871e-07,-0.00412223
1.398371e-07,-0.00851621
1.398871e-07,-0.0083789
1.399371e-07,0.00779644
1.399871e-07,0.0242739
1.400371e-07,0.0288052
1.400871e-07,0.0240542
1.401371e-07,0.0159253
1.401871e-07,0.011394
1.402371e-07,0.0072472
1.402871e-07,0.00392425
1.403371e-07,0.00386932
1.403871e-07,0.00757675
1.404371e-07,0.0153486
1.404871e-07,0.0139755
1.405371e-07,0.00601139
1.405871e-07,0.0102681
1.406371e-07,0.0178751
1.406871e-07,0.0140304
1.407371e-07,0.00864778
1.407871e-07,0.013234
1.408371e-07,0.0247407
1.408871e-07,0.0323753
1.409371e-07,0.0294093
1.409871e-07,0.0259216
1.410371e-07,0.030398
1.410871e-07,0.0330069
1.411371e-07,0.0249604
1.411871e-07,0.0110095
1.412371e-07,0.00353977
1.412871e-07,0.00480304
1.413371e-07,0.00944419
1.413871e-07,0.0194954
1.414371e-07,0.0301234
1.414871e-07,0.032238
1.415371e-07,0.0305353
1.415871e-07,0.0296565
1.416371e-07,0.0283383
1.416871e-07,0.0299586
1.417371e-07,0.0315789
1.417871e-07,0.0256195
1.418371e-07,0.0210333
1.418871e-07,0.0258942
1.419371e-07,0.0288052
1.419871e-07,0.0203193
1.420371e-07,0.00732958
1.420871e-07,0.00145263
1.421371e-07,0.00095831
1.421871e-07,0.00120547
1.422371e-07,0.0040341
1.422871e-07,0.00433618
1.423371e-07,-3.03361e-05
1.423871e-07,-0.00121122
1.424371e-07,0.0012604
1.424871e-07,0.00266098
1.425371e-07,0.00779644
1.425871e-07,0.0159528
1.426371e-07,0.0192483
1.426871e-07,0.0218023
1.427371e-07,0.024878
1.427871e-07,0.0250703
1.428371e-07,0.0268553
1.428871e-07,0.0272947
1.429371e-07,0.0229282
1.429871e-07,0.0209784
1.430371e-07,0.0188912
1.430871e-07,0.0138107
1.431371e-07,0.013948
1.431871e-07,0.0161725
1.432371e-07,0.0155958
1.432871e-07,0.0189736
1.433371e-07,0.021665
1.433871e-07,0.0134812
1.434371e-07,0.0042538
1.434871e-07,0.00510513
1.435371e-07,0.00949911
1.435871e-07,0.0138382
1.436371e-07,0.0202369
1.436871e-07,0.0233402
1.437371e-07,0.0236148
1.437871e-07,0.0267455
1.438371e-07,0.0323478
1.438871e-07,0.0346821
1.439371e-07,0.029629
1.439871e-07,0.0266082
1.440371e-07,0.0291073
1.440871e-07,0.027844
1.441371e-07,0.0259491
1.441871e-07,0.0281461
1.442371e-07,0.0249879
1.442871e-07,0.014662
1.443371e-07,0.0118883
1.443871e-07,0.0160352
1.444371e-07,0.0114215
1.444871e-07,0.00268844
1.445371e-07,0.00433618
1.445871e-07,0.0137558
1.446371e-07,0.0144423
1.446871e-07,0.00628601
1.447371e-07,0.00867524
1.447871e-07,0.0153211
1.448371e-07,0.00840062
1.448871e-07,0.00480304
1.449371e-07,0.0155134
1.449871e-07,0.0227909
1.450371e-07,0.02161
1.450871e-07,0.020182
1.451371e-07,0.0246858
1.451871e-07,0.0310571
1.452371e-07,0.0252625
1.452871e-07,0.019056
1.453371e-07,0.0262786
1.453871e-07,0.0240542
1.454371e-07,0.0102955
1.454871e-07,0.00672541
1.455371e-07,0.0068078
1.455871e-07,0.00216665
1.456371e-07,0.000656224
1.456871e-07,0.00606631
1.457371e-07,0.0107349
1.457871e-07,0.00779644
1.458371e-07,0.00351231
1.458871e-07,0.00573677
1.459371e-07,0.0116961
1.459871e-07,0.0095815
1.460371e-07,0.00603885
1.460871e-07,0.0141677
1.461371e-07,0.0149916
1.461871e-07,0.00485797
1.462371e-07,0.00395171
1.462871e-07,0.00862032
1.463371e-07,0.0107624
1.463871e-07,0.00911464
1.464371e-07,0.0072472
1.464871e-07,0.0149641
1.465371e-07,0.0251252
1.465871e-07,0.0236422
1.466371e-07,0.0165844
1.466871e-07,0.0156507
1.467371e-07,0.0168316
1.467871e-07,0.0161999
1.468371e-07,0.0177378
1.468871e-07,0.019056
1.469371e-07,0.0233127
1.469871e-07,0.0262786
1.470371e-07,0.0148543
1.470871e-07,0.00598393
1.471371e-07,0.0141677
1.471871e-07,0.0235324
1.472371e-07,0.023807
1.472871e-07,0.0183695
1.473371e-07,0.0123277
1.473871e-07,0.0116686
1.474371e-07,0.0126298
1.474871e-07,0.0068078
1.475371e-07,0.00235889
1.475871e-07,0.00620363
1.476371e-07,0.0130418
1.476871e-07,0.0206214
1.477371e-07,0.0228733
1.477871e-07,0.0180125
1.478371e-07,0.0175456
1.478871e-07,0.0208136
1.479371e-07,0.0254548
1.479871e-07,0.0319908
1.480371e-07,0.0310296
1.480871e-07,0.0339406
1.481371e-07,0.0461614
1.481871e-07,0.0481112
1.482371e-07,0.0429208
1.482871e-07,0.0382797
1.483371e-07,0.0244661
1.483871e-07,0.00804361
1.484371e-07,0.00568184
1.484871e-07,0.0109546
1.485371e-07,0.0127946
1.485871e-07,0.0116137
1.486371e-07,0.00779644
1.486871e-07,0.0110919
1.487371e-07,0.0173534
1.487871e-07,0.00925195
1.488371e-07,0.000216825
1.488871e-07,0.00153502
1.489371e-07,0.000903385
1.489871e-07,-0.00480879
1.490371e-07,-0.00645653
1.490871e-07,0.000244288
1.491371e-07,0.00774152
1.491871e-07,0.0101307
1.492371e-07,0.00894986
1.492871e-07,0.0107349
1.493371e-07,0.0192208
1.493871e-07,0.0245485
1.494371e-07,0.0279264
1.494871e-07,0.0347645
1.495371e-07,0.0337209
1.495871e-07,0.0274595
1.496371e-07,0.0267455
1.496871e-07,0.0270476
1.497371e-07,0.0231479
1.497871e-07,0.0179575
1.498371e-07,0.0174357
1.498871e-07,0.0198524
1.499371e-07,0.0196327
1.499871e-07,0.0190286
1.500371e-07,0.0231754
1.500871e-07,0.0280911
1.501371e-07,0.0277616
1.501871e-07,0.0278165
1.502371e-07,0.0289974
1.502871e-07,0.0249879
1.503371e-07,0.0153211
1.503871e-07,0.00235889
1.504371e-07,-0.00857114
1.504871e-07,-0.0131848
1.505371e-07,-0.0133771
1.505871e-07,-0.00717056
1.506371e-07,0.00587408
1.506871e-07,0.00977374
1.507371e-07,0.00461081
1.507871e-07,0.00628601
1.508371e-07,0.00661556
1.508871e-07,0.00392425
1.509371e-07,0.00785137
1.509871e-07,0.0052699
1.510371e-07,-0.00414969
1.510871e-07,-0.00324344
1.511371e-07,0.00408902
1.511871e-07,0.011037
1.512371e-07,0.0210608
1.512871e-07,0.0287228
1.513371e-07,0.0327598
1.513871e-07,0.0397352
1.514371e-07,0.0434152
1.514871e-07,0.0412731
1.515371e-07,0.038774
1.515871e-07,0.0402844
1.516371e-07,0.0487703
1.516871e-07,0.0498963
1.517371e-07,0.040614
1.517871e-07,0.030755
1.518371e-07,0.015788
1.518871e-07,0.00639586
1.519371e-07,0.0104603
1.519871e-07,0.0135361
1.520371e-07,0.0143325
1.520871e-07,0.0189736
1.521371e-07,0.0237796
1.521871e-07,0.0254822
1.522371e-07,0.0247682
1.522871e-07,0.0208411
1.523371e-07,0.015788
1.523871e-07,0.0136185
1.524371e-07,0.0140579
1.524871e-07,0.019825
1.525371e-07,0.0264159
1.525871e-07,0.0235324
1.526371e-07,0.0171886
1.526871e-07,0.0151289
1.527371e-07,0.0137009
1.527871e-07,0.0126573
1.528371e-07,0.0157331
1.528871e-07,0.0177378
1.529371e-07,0.0115588
1.529871e-07,0.000573836
1.530371e-07,-0.00313359
1.530871e-07,0.00543468
1.531371e-07,0.0115039
1.531871e-07,0.00414395
1.532371e-07,-0.000964057
1.532871e-07,0.0054896
1.533371e-07,0.0106525
1.533871e-07,0.0130418
1.534371e-07,0.0131241
1.534871e-07,0.00765913
1.535371e-07,0.00732958
1.535871e-07,0.0126847
1.536371e-07,0.00999344
1.536871e-07,0.0003816
1.537371e-07,-0.000167648
1.537871e-07,0.00700004
1.538371e-07,0.0065881
1.538871e-07,0.00235889
1.539371e-07,0.00123293
1.539871e-07,0.000354137
1.540371e-07,-0.00198017
1.540871e-07,-0.00329836
1.541371e-07,0.00787883
1.541871e-07,0.0206488
1.542371e-07,0.0174083
1.542871e-07,0.0162823
1.543371e-07,0.0185068
1.543871e-07,0.0100209
1.544371e-07,0.00222158
1.544871e-07,0.00095831
1.545371e-07,0.00406156
1.545871e-07,0.00903225
1.546371e-07,0.0142226
1.546871e-07,0.0232852
1.547371e-07,0.0255371
1.547871e-07,0.0153761
1.548371e-07,0.00831823
1.548871e-07,0.0068078
1.549371e-07,0.000793536
1.549871e-07,-0.00563266
1.550371e-07,-0.0019527
1.550871e-07,0.00513259
1.551371e-07,0.00543468
1.551871e-07,0.00628601
1.552371e-07,0.00757675
1.552871e-07,0.00282575
1.553371e-07,-0.00659385
1.553871e-07,-0.0195286
1.554371e-07,-0.0269435
1.554871e-07,-0.0237853
1.555371e-07,-0.0107407
1.555871e-07,0.00301799
1.556371e-07,0.00491289
1.556871e-07,0.0103504
1.557371e-07,0.0226811
1.557871e-07,0.0227085
1.558371e-07,0.0129868
1.558871e-07,0.00472066
1.559371e-07,0.0052699
1.559871e-07,0.0138931
1.560371e-07,0.0152113
1.560871e-07,0.00771406
1.561371e-07,0.00617616
1.561871e-07,0.0107349
1.562371e-07,0.0152388
1.562871e-07,0.0187265
1.563371e-07,0.0161725
1.563871e-07,0.0157056
1.564371e-07,0.0250703
1.564871e-07,0.0281735
1.565371e-07,0.0227909
1.565871e-07,0.021967
1.566371e-07,0.0247407
1.566871e-07,0.0263061
1.567371e-07,0.0251252
1.567871e-07,0.0206488
1.568371e-07,0.0121904
1.568871e-07,0.00342992
1.569371e-07,-0.00165062
1.569871e-07,-0.00684101
1.570371e-07,-0.00714309
1.570871e-07,0.00027175
1.571371e-07,0.0054896
1.571871e-07,0.0068078
1.572371e-07,0.00386932
1.572871e-07,-0.00266673
1.573371e-07,-0.0085986
1.573871e-07,-0.0137066
1.574371e-07,-0.0120039
1.574871e-07,-0.00206255
1.575371e-07,0.00612124
1.575871e-07,0.0111194
1.576371e-07,0.0179575
1.576871e-07,0.0206488
1.577371e-07,0.0188363
1.577871e-07,0.0243013
1.578371e-07,0.0330069
1.578871e-07,0.0327598
1.579371e-07,0.024576
1.579871e-07,0.0188363
1.580371e-07,0.0207038
1.580871e-07,0.02161
1.581371e-07,0.0216375
1.581871e-07,0.0286129
1.582371e-07,0.0325675
1.582871e-07,0.0295467
1.583371e-07,0.0253174
1.583871e-07,0.0137832
1.584371e-07,0.0035947
1.584871e-07,0.00782391
1.585371e-07,0.00974627
1.585871e-07,0.0044735
1.586371e-07,0.00414395
1.586871e-07,0.000738611
1.587371e-07,-0.0049461
1.587871e-07,-0.0067037
1.588371e-07,-0.00923024
1.588871e-07,-0.00618191
1.589371e-07,-0.00376522
1.589871e-07,-0.00917531
1.590371e-07,-0.00629176
1.590871e-07,-0.000716896
1.591371e-07,-0.00277657
1.591871e-07,-0.0028315
1.592371e-07,-0.00615445
1.592871e-07,-0.0138714
1.593371e-07,-0.0106034
1.593871e-07,0.00299053
1.594371e-07,0.0155408
1.594871e-07,0.0252625
1.595371e-07,0.0286129
1.595871e-07,0.0230381
1.596371e-07,0.0203742
