LECROYWR640Zi,59892,Waveform
Segments,1,SegmentSize,4002
Segment,TrigTime,TimeSinceSegment1
#1,01-Nov-2023 13:34:14,0                 
Time,Ampl
-4.042499e-08,-0.00198017
-4.037499e-08,-0.00442432
-4.032499e-08,-0.00714309
-4.027499e-08,-0.0135418
-4.022499e-08,-0.0158761
-4.017499e-08,-0.0165902
-4.012499e-08,-0.0185125
-4.007499e-08,-0.0110977
-4.002499e-08,-0.00618191
-3.997499e-08,-0.00879084
-3.992499e-08,-0.00467148
-3.987499e-08,0.00115055
-3.982499e-08,0.00458335
-3.977499e-08,0.00645079
-3.972499e-08,0.00290814
-3.967499e-08,-0.000359885
-3.962499e-08,-0.00129361
-3.957499e-08,-0.00406731
-3.952499e-08,-0.0101914
-3.947499e-08,-0.0160134
-3.942499e-08,-0.00752757
-3.937499e-08,0.00790629
-3.932499e-08,0.00384186
-3.927499e-08,-0.00744518
-3.922499e-08,-0.0015133
-3.917499e-08,0.00925195
-3.912499e-08,0.00905971
-3.907499e-08,0.00373201
-3.902499e-08,0.00172726
-3.897499e-08,-0.00244703
-3.892499e-08,-0.00999918
-3.887499e-08,-0.00780219
-3.882499e-08,0.00373201
-3.877499e-08,0.0104878
-3.872499e-08,0.00831823
-3.867499e-08,0.00642333
-3.862499e-08,0.00741197
-3.857499e-08,0.00274337
-3.852499e-08,-0.0051658
-3.847499e-08,-0.00714309
-3.842499e-08,-0.00423208
-3.837499e-08,-0.00214494
-3.832499e-08,-0.00609952
-3.827499e-08,-0.0120863
-3.822499e-08,-0.00912039
-3.817499e-08,-0.00176047
-3.812499e-08,-0.000524659
-3.807499e-08,-0.000716896
-3.802499e-08,-0.00272165
-3.797499e-08,-0.00706071
-3.792499e-08,-0.000414809
-3.787499e-08,0.00911464
-3.782499e-08,0.00450096
-3.777499e-08,-0.00453417
-3.772499e-08,-0.00876338
-3.767499e-08,-0.0162057
-3.762499e-08,-0.0252957
-3.757499e-08,-0.0204074
-3.752499e-08,-0.00906546
-3.747499e-08,-0.0101365
-3.742499e-08,-0.0119215
-3.737499e-08,-0.0037103
-3.732499e-08,-0.000607046
-3.727499e-08,-0.00475387
-3.722499e-08,7.95135e-05
-3.717499e-08,0.00406156
-3.712499e-08,-0.00618191
-3.707499e-08,-0.0109878
-3.702499e-08,-0.0079395
-3.697499e-08,-0.00936755
-3.692499e-08,-0.00744518
-3.687499e-08,-0.00222733
-3.682499e-08,-0.00230971
-3.677499e-08,-0.0103287
-3.672499e-08,-0.0195012
-3.667499e-08,-0.0197758
-3.662499e-08,-0.0186498
-3.657499e-08,-0.0213137
-3.652499e-08,-0.0217531
-3.647499e-08,-0.0213961
-3.642499e-08,-0.018128
-3.637499e-08,-0.00983441
-3.632499e-08,-0.00428701
-3.627499e-08,-0.00373776
-3.622499e-08,-0.000799283
-3.617499e-08,0.00252367
-3.612499e-08,-0.00500103
-3.607499e-08,-0.0182654
-3.602499e-08,-0.0220002
-3.597499e-08,-0.0166451
-3.592499e-08,-0.0134045
-3.587499e-08,-0.0143932
-3.582499e-08,-0.0094774
-3.577499e-08,0.000436525
-3.572499e-08,0.000656224
-3.567499e-08,-0.00464402
-3.562499e-08,-0.00329836
-3.557499e-08,-0.00335328
-3.552499e-08,-0.0105484
-3.547499e-08,-0.0154642
-3.542499e-08,-0.0197758
-3.537499e-08,-0.0285638
-3.532499e-08,-0.0355667
-3.527499e-08,-0.0414985
-3.522499e-08,-0.0425421
-3.517499e-08,-0.0346879
-3.512499e-08,-0.0297172
-3.507499e-08,-0.0305136
-3.502499e-08,-0.0329852
-3.497499e-08,-0.0344132
-3.492499e-08,-0.0253232
-3.487499e-08,-0.00854368
-3.482499e-08,0.0003816
-3.477499e-08,0.00367709
-3.472499e-08,0.0102681
-3.467499e-08,0.0146346
-3.462499e-08,0.00708242
-3.457499e-08,-0.0115645
-3.452499e-08,-0.0233459
-3.447499e-08,-0.0189794
-3.442499e-08,-0.0138988
-3.437499e-08,-0.0190618
-3.432499e-08,-0.0265315
-3.427499e-08,-0.0283441
-3.422499e-08,-0.0277124
-3.417499e-08,-0.0256253
-3.412499e-08,-0.022522
-3.407499e-08,-0.0244444
-3.402499e-08,-0.0307607
-3.397499e-08,-0.0375989
-3.392499e-08,-0.0423499
-3.387499e-08,-0.0389995
-3.382499e-08,-0.0251584
-3.377499e-08,-0.0140911
-3.372499e-08,-0.0168922
-3.367499e-08,-0.0217805
-3.362499e-08,-0.0159585
-3.357499e-08,-0.00733533
-3.352499e-08,-0.00739026
-3.347499e-08,-0.00870845
-3.342499e-08,-0.00530311
-3.337499e-08,-0.00340821
-3.332499e-08,-0.00873591
-3.327499e-08,-0.020023
-3.322499e-08,-0.0230438
-3.317499e-08,-0.0196659
-3.312499e-08,-0.0210665
-3.307499e-08,-0.0189794
-3.302499e-08,-0.0153269
-3.297499e-08,-0.0123884
-3.292499e-08,-0.000112723
-3.287499e-08,0.00862032
-3.282499e-08,-0.00154077
-3.277499e-08,-0.0146678
-3.272499e-08,-0.014915
-3.267499e-08,-0.00884576
-3.262499e-08,-0.00662131
-3.257499e-08,-0.00928516
-3.252499e-08,-0.0132947
-3.247499e-08,-0.0110702
-3.242499e-08,0.00375947
-3.237499e-08,0.0146071
-3.232499e-08,0.00938926
-3.227499e-08,0.0057093
-3.222499e-08,0.00532483
-3.217499e-08,0.00101323
-3.212499e-08,0.00145263
-3.207499e-08,-0.000964057
-3.202499e-08,-0.0135418
-3.197499e-08,-0.0223298
-3.192499e-08,-0.0259274
-3.187499e-08,-0.0238677
-3.182499e-08,-0.0123884
-3.177499e-08,-0.00717056
-3.172499e-08,-0.0125806
-3.167499e-08,-0.0145305
-3.162499e-08,-0.0104111
-3.157499e-08,-0.0105484
-3.152499e-08,-0.0107956
-3.147499e-08,-0.000414809
-3.142499e-08,0.00809853
-3.137499e-08,0.00499528
-3.132499e-08,-0.00252941
-3.127499e-08,-0.00832398
-3.122499e-08,-0.00884576
-3.117499e-08,-0.00917531
-3.112499e-08,-0.0151346
-3.107499e-08,-0.0175513
-3.102499e-08,-0.00840636
-3.097499e-08,-0.00162315
-3.092499e-08,-0.00917531
-3.087499e-08,-0.0166725
-3.082499e-08,-0.014146
-3.077499e-08,-0.0077198
-3.072499e-08,-0.00134853
-3.067499e-08,0.00230397
-3.062499e-08,0.000244288
-3.057499e-08,-0.00354552
-3.052499e-08,-0.0067037
-3.047499e-08,-0.0146129
-3.042499e-08,-0.0134594
-3.037499e-08,0.0012604
-3.032499e-08,0.00202934
-3.027499e-08,-0.00887322
-3.022499e-08,-0.0125532
-3.017499e-08,-0.017414
-3.012499e-08,-0.0235107
-3.007499e-08,-0.0204898
-3.002499e-08,-0.0147227
-2.997499e-08,-0.0108505
-2.992499e-08,-0.00491864
-2.987499e-08,-0.00088167
-2.982499e-08,0.000299213
-2.977499e-08,0.00268844
-2.972499e-08,0.00186457
-2.967499e-08,-0.00211748
-2.962499e-08,-0.00181539
-2.957499e-08,-0.000222573
-2.952499e-08,-0.0060446
-2.947499e-08,-0.0138165
-2.942499e-08,-0.00826905
-2.937499e-08,0.0068078
-2.932499e-08,0.00763167
-2.927499e-08,-0.00176047
-2.922499e-08,-0.00118376
-2.917499e-08,0.00150756
-2.912499e-08,0.00137025
-2.907499e-08,0.00145263
-2.902499e-08,0.00084846
-2.897499e-08,-0.00351806
-2.892499e-08,-0.0121687
-2.887499e-08,-0.0094774
-2.882499e-08,-0.0053855
-2.877499e-08,-0.0206271
-2.872499e-08,-0.0346879
-2.867499e-08,-0.0307333
-2.862499e-08,-0.0228241
-2.857499e-08,-0.0234283
-2.852499e-08,-0.0304861
-2.847499e-08,-0.0332873
-2.842499e-08,-0.0288109
-2.837499e-08,-0.0235656
-2.832499e-08,-0.0171394
-2.827499e-08,-0.0103013
-2.822499e-08,-0.00403984
-2.817499e-08,0.00112308
-2.812499e-08,0.00137025
-2.807499e-08,0.000930848
-2.802499e-08,-0.00178793
-2.797499e-08,-0.00571505
-2.792499e-08,-0.00307866
-2.787499e-08,-0.00579744
-2.782499e-08,-0.0157114
-2.777499e-08,-0.014146
-2.772499e-08,-0.00346313
-2.767499e-08,0.00142517
-2.762499e-08,0.00285321
-2.757499e-08,0.00408902
-2.752499e-08,-0.0051658
-2.747499e-08,-0.0196934
-2.742499e-08,-0.0209018
-2.737499e-08,-0.0158212
-2.732499e-08,-0.0182928
-2.727499e-08,-0.0156839
-2.722499e-08,-0.00576998
-2.717499e-08,-0.0077198
-2.712499e-08,-0.0142284
-2.707499e-08,-0.00873591
-2.702499e-08,-0.00368283
-2.697499e-08,-0.0135144
-2.692499e-08,-0.0224396
-2.687499e-08,-0.0100266
-2.682499e-08,0.00483051
-2.677499e-08,0.00433618
-2.672499e-08,-0.00277657
-2.667499e-08,-0.0127729
-2.662499e-08,-0.01486
-2.657499e-08,-0.0118392
-2.652499e-08,-0.0199955
-2.647499e-08,-0.0274927
-2.642499e-08,-0.0260098
-2.637499e-08,-0.0201603
-2.632499e-08,-0.0103837
-2.627499e-08,-0.00571505
-2.622499e-08,-0.00755503
-2.617499e-08,-0.000716896
-2.612499e-08,0.0153211
-2.607499e-08,0.0191659
-2.602499e-08,0.00829077
-2.597499e-08,0.0003816
-2.592499e-08,-0.00977948
-2.587499e-08,-0.0242796
-2.582499e-08,-0.0229065
-2.577499e-08,-0.0092577
-2.572499e-08,-0.00176047
-2.567499e-08,-0.00162315
-2.562499e-08,-0.00491864
-2.557499e-08,-0.00892815
-2.552499e-08,-0.00706071
-2.547499e-08,0.000766073
-2.542499e-08,0.0082633
-2.537499e-08,0.00971881
-2.532499e-08,0.000189363
-2.527499e-08,-0.00890069
-2.522499e-08,-0.00678608
-2.517499e-08,-0.00464402
-2.512499e-08,-0.00681355
-2.507499e-08,-0.00634669
-2.502499e-08,-0.00351806
-2.497499e-08,-0.00780219
-2.492499e-08,-0.0188146
-2.487499e-08,-0.0185125
-2.482499e-08,-0.0113998
-2.477499e-08,-0.0107132
-2.472499e-08,-0.00230971
-2.467499e-08,0.00873017
-2.462499e-08,0.00719227
-2.457499e-08,0.00969135
-2.452499e-08,0.0192208
-2.447499e-08,0.0229282
-2.442499e-08,0.0269652
-2.437499e-08,0.0309747
-2.432499e-08,0.0238619
-2.427499e-08,0.012108
-2.422499e-08,0.00661556
-2.417499e-08,0.00499528
-2.412499e-08,0.00191949
-2.407499e-08,-0.00552281
-2.402499e-08,-0.00741772
-2.397499e-08,0.00282575
-2.392499e-08,0.00694511
-2.387499e-08,0.000409062
-2.382499e-08,-0.00544043
-2.377499e-08,-0.00576998
-2.372499e-08,-0.00382015
-2.367499e-08,-0.0107407
-2.362499e-08,-0.0172493
-2.357499e-08,-0.013432
-2.352499e-08,-0.00972456
-2.347499e-08,-0.00340821
-2.342499e-08,0.0063684
-2.337499e-08,0.00851047
-2.332499e-08,0.00466573
-2.327499e-08,0.0052699
-2.322499e-08,0.0108722
-2.317499e-08,0.00474812
-2.312499e-08,-0.0146129
-2.307499e-08,-0.0265315
-2.302499e-08,-0.0272181
-2.297499e-08,-0.0216707
-2.292499e-08,-0.0110153
-2.287499e-08,-0.00414969
-2.282499e-08,-0.00340821
-2.277499e-08,-0.00739026
-2.272499e-08,-0.0144756
-2.267499e-08,-0.0126356
-2.262499e-08,-0.00645653
-2.257499e-08,-0.013075
-2.252499e-08,-0.0248289
-2.247499e-08,-0.027685
-2.242499e-08,-0.0255978
-2.237499e-08,-0.0268336
-2.232499e-08,-0.0297172
-2.227499e-08,-0.0224396
-2.222499e-08,-0.00667623
-2.217499e-08,-0.00552281
-2.212499e-08,-0.0166725
-2.207499e-08,-0.0140087
-2.202499e-08,-0.00722548
-2.197499e-08,-0.0173316
-2.192499e-08,-0.0244169
-2.187499e-08,-0.0156839
-2.182499e-08,-0.0141735
-2.177499e-08,-0.0209841
-2.172499e-08,-0.0239775
-2.167499e-08,-0.0303763
-2.162499e-08,-0.0328479
-2.157499e-08,-0.0238128
-2.152499e-08,-0.0161508
-2.147499e-08,-0.00634669
-2.142499e-08,0.0107898
-2.137499e-08,0.0151014
-2.132499e-08,0.00840062
-2.127499e-08,0.0128495
-2.122499e-08,0.0152388
-2.117499e-08,0.0038144
-2.112499e-08,-0.00288642
-2.107499e-08,-0.00332582
-2.102499e-08,-0.00590729
-2.097499e-08,-0.00258434
-2.092499e-08,0.000628761
-2.087499e-08,-0.00791204
-2.082499e-08,-0.0150248
-2.077499e-08,-0.0208194
-2.072499e-08,-0.028756
-2.067499e-08,-0.0237578
-2.062499e-08,-0.0156564
-2.057499e-08,-0.0137066
-2.052499e-08,-0.00728041
-2.047499e-08,-0.00228225
-2.042499e-08,-0.00502849
-2.037499e-08,-0.00796697
-2.032499e-08,-0.00890069
-2.027499e-08,-0.0100541
-2.022499e-08,-0.00994426
-2.017499e-08,-0.00944993
-2.012499e-08,-0.0116195
-2.007499e-08,-0.0116469
-2.002499e-08,-0.00664877
-1.997499e-08,-0.00458909
-1.992499e-08,-0.00906546
-1.987499e-08,-0.0170845
-1.982499e-08,-0.0261196
-1.977499e-08,-0.0270533
-1.972499e-08,-0.0167549
-1.967499e-08,-0.00711563
-1.962499e-08,0.00027175
-1.957499e-08,0.00793376
-1.952499e-08,0.0141952
-1.947499e-08,0.0188089
-1.942499e-08,0.0142501
-1.937499e-08,0.00485797
-1.932499e-08,0.00669795
-1.927499e-08,0.0138931
-1.922499e-08,0.0124651
-1.917499e-08,0.0112292
-1.912499e-08,0.0158155
-1.907499e-08,0.0156232
-1.902499e-08,0.0109546
-1.897499e-08,0.00573677
-1.892499e-08,0.00145263
-1.887499e-08,0.000189363
-1.882499e-08,-0.000826745
-1.877499e-08,-0.00255688
-1.872499e-08,0.000766073
-1.867499e-08,0.00867524
-1.862499e-08,0.00732958
-1.857499e-08,-0.000826745
-1.852499e-08,0.00260605
-1.847499e-08,0.012163
-1.842499e-08,0.0104603
-1.837499e-08,0.00167233
-1.832499e-08,-0.00395746
-1.827499e-08,-0.00508342
-1.822499e-08,-0.00574251
-1.817499e-08,-0.0141185
-1.812499e-08,-0.0243345
-1.807499e-08,-0.0299643
-1.802499e-08,-0.0322437
-1.797499e-08,-0.0225495
-1.792499e-08,-0.0111526
-1.787499e-08,-0.0103013
-1.782499e-08,-0.00587982
-1.777499e-08,-5.77984e-05
-1.772499e-08,-0.000799283
-1.767499e-08,-0.00247449
-1.762499e-08,-0.00714309
-1.757499e-08,-0.0136791
-1.752499e-08,-0.0146678
-1.747499e-08,-0.00725294
-1.742499e-08,0.00180964
-1.737499e-08,0.00342992
-1.732499e-08,0.00268844
-1.727499e-08,0.00356724
-1.722499e-08,0.000244288
-1.717499e-08,-0.00662131
-1.712499e-08,-0.0132947
-1.707499e-08,-0.0153818
-1.702499e-08,-0.0099168
-1.697499e-08,-0.0081592
-1.692499e-08,-0.017057
-1.687499e-08,-0.0220826
-1.682499e-08,-0.015986
-1.677499e-08,-0.0105484
-1.672499e-08,-0.0136242
-1.667499e-08,-0.0172767
-1.662499e-08,-0.0138165
-1.657499e-08,-0.0102738
-1.652499e-08,-0.0120039
-1.647499e-08,-0.0157663
-1.642499e-08,-0.0187871
-1.637499e-08,-0.0173591
-1.632499e-08,-0.012718
-1.627499e-08,-0.0060446
-1.622499e-08,0.00516006
-1.617499e-08,0.0109821
-1.612499e-08,0.0131241
-1.607499e-08,0.0222966
-1.602499e-08,0.0233127
-1.597499e-08,0.0108173
-1.592499e-08,5.20511e-05
-1.587499e-08,-0.0019527
-1.582499e-08,0.00139771
-1.577499e-08,-0.00500103
-1.572499e-08,-0.0223023
-1.567499e-08,-0.0275476
-1.562499e-08,-0.0225495
-1.557499e-08,-0.0260921
-1.552499e-08,-0.0268062
-1.547499e-08,-0.0168648
-1.542499e-08,-0.0138714
-1.537499e-08,-0.0235107
-1.532499e-08,-0.0346329
-1.527499e-08,-0.0359237
-1.522499e-08,-0.0261471
-1.517499e-08,-0.0171119
-1.512499e-08,-0.0146678
-1.507499e-08,-0.0131848
-1.502499e-08,-0.0127454
-1.497499e-08,-0.0111526
-1.492499e-08,-0.00219986
-1.487499e-08,0.00529737
-1.482499e-08,0.0072472
-1.477499e-08,0.0108448
-1.472499e-08,0.0103504
-1.467499e-08,0.00389679
-1.462499e-08,-0.00104644
-1.457499e-08,-0.00384761
-1.452499e-08,-0.00184285
-1.447499e-08,-0.000634509
-1.442499e-08,-0.00818667
-1.437499e-08,-0.0140636
-1.432499e-08,-0.0156564
-1.427499e-08,-0.0203525
-1.422499e-08,-0.0240874
-1.417499e-08,-0.0241423
-1.412499e-08,-0.0258175
-1.407499e-08,-0.027685
-1.402499e-08,-0.0238952
-1.397499e-08,-0.0183477
-1.392499e-08,-0.01302
-1.387499e-08,-0.00593475
-1.382499e-08,-0.00307866
-1.377499e-08,-0.00785712
-1.372499e-08,-0.0165352
-1.367499e-08,-0.0248838
-1.362499e-08,-0.025076
-1.357499e-08,-0.015272
-1.352499e-08,-0.0102463
-1.347499e-08,-0.0153818
-1.342499e-08,-0.01854
-1.337499e-08,-0.0175788
-1.332499e-08,-0.0224946
-1.327499e-08,-0.0305685
-1.322499e-08,-0.0329028
-1.317499e-08,-0.0316945
-1.312499e-08,-0.0244169
-1.307499e-08,-0.0100541
-1.302499e-08,-0.0032709
-1.297499e-08,-0.0069234
-1.292499e-08,-0.00667623
-1.287499e-08,-0.00030496
-1.282499e-08,0.00444603
-1.277499e-08,0.0010407
-1.272499e-08,-0.0140362
-1.267499e-08,-0.0240325
-1.262499e-08,-0.0138988
-1.257499e-08,-0.00423208
-1.252499e-08,-0.00684101
-1.247499e-08,-0.00277657
-1.242499e-08,0.00562692
-1.237499e-08,0.00109562
-1.232499e-08,-0.00681355
-1.227499e-08,-0.00447924
-1.222499e-08,0.00244128
-1.217499e-08,0.00480304
-1.212499e-08,0.00205681
-1.207499e-08,-0.000607046
-1.202499e-08,-0.00219986
-1.197499e-08,-0.00329836
-1.192499e-08,-0.00854368
-1.187499e-08,-0.0168373
-1.182499e-08,-0.0148875
-1.177499e-08,-0.0058249
-1.172499e-08,0.00557199
-1.167499e-08,0.0169963
-1.162499e-08,0.0196327
-1.157499e-08,0.0187814
-1.152499e-08,0.0124651
-1.147499e-08,0.000766073
-1.142499e-08,-0.00296881
-1.137499e-08,-0.00431447
-1.132499e-08,-0.0114547
-1.127499e-08,-0.0180731
-1.122499e-08,-0.0177436
-1.117499e-08,-0.0166176
-1.112499e-08,-0.0197209
-1.107499e-08,-0.0149973
-1.102499e-08,-0.00140346
-1.097499e-08,0.00480304
-1.092499e-08,-0.00456163
-1.087499e-08,-0.0155191
-1.082499e-08,-0.0151896
-1.077499e-08,-0.0248838
-1.072499e-08,-0.0443546
-1.067499e-08,-0.0417457
-1.062499e-08,-0.0297172
-1.057499e-08,-0.0270533
-1.052499e-08,-0.0170845
-1.047499e-08,-0.00132107
-1.042499e-08,0.00716481
-1.037499e-08,0.0146346
-1.032499e-08,0.0156781
-1.027499e-08,0.00631348
-1.022499e-08,0.00480304
-1.017499e-08,0.00735705
-1.012499e-08,-0.000277498
-1.007499e-08,-0.00788458
-1.002499e-08,-0.0083789
-9.974991e-09,-0.0107956
-9.924991e-09,-0.0153818
-9.874991e-09,-0.0146129
-9.824991e-09,-0.0126905
-9.774991e-09,-0.0115096
-9.724991e-09,-0.00887322
-9.674991e-09,-0.0111801
-9.624991e-09,-0.0136242
-9.574991e-09,-0.00980695
-9.524991e-09,-0.00876338
-9.474991e-09,-0.0147776
-9.424991e-09,-0.015986
-9.374991e-09,-0.00917531
-9.324991e-09,-0.00533058
-9.274991e-09,-0.000387347
-9.224991e-09,0.00576423
-9.174991e-09,0.00727466
-9.124991e-09,0.0095815
-9.074991e-09,0.0101307
-9.024991e-09,0.00719227
-8.974991e-09,0.000244288
-8.924991e-09,-0.012306
-8.874991e-09,-0.0212862
-8.824991e-09,-0.025845
-8.774991e-09,-0.0289208
-8.724991e-09,-0.0248289
-8.674991e-09,-0.0192265
-8.624991e-09,-0.0168099
-8.574991e-09,-0.00942247
-8.524991e-09,0.00351231
-8.474991e-09,0.0134812
-8.424991e-09,0.0108722
-8.374991e-09,0.00137025
-8.324991e-09,0.00222158
-8.274991e-09,0.0107624
-8.224991e-09,0.0155134
-8.174991e-09,0.0189462
-8.124991e-09,0.0222417
-8.074991e-09,0.0179301
-8.024991e-09,0.00947165
-7.974991e-09,0.0095815
-7.924991e-09,0.00801614
-7.874991e-09,-0.00865353
-7.824991e-09,-0.0216707
-7.774991e-09,-0.0260098
-7.724991e-09,-0.0349076
-7.674991e-09,-0.0374341
-7.624991e-09,-0.0327655
-7.574991e-09,-0.0303488
-7.524991e-09,-0.0237029
-7.474991e-09,-0.017826
-7.424991e-09,-0.0145305
-7.374991e-09,-0.010878
-7.324991e-09,-0.011592
-7.274991e-09,-0.00401238
-7.224991e-09,0.00801614
-7.174991e-09,0.0057093
-7.124991e-09,-0.000524659
-7.074991e-09,-0.000524659
-7.024991e-09,0.00211173
-6.974991e-09,0.00576423
-6.924991e-09,0.00804361
-6.874991e-09,0.00620363
-6.824991e-09,0.00807107
-6.774991e-09,0.0141952
-6.724991e-09,0.00551707
-6.674991e-09,-0.0107407
-6.624991e-09,-0.0166176
-6.574991e-09,-0.0224946
-6.524991e-09,-0.0277399
-6.474991e-09,-0.0221376
-6.424991e-09,-0.0184851
-6.374991e-09,-0.022577
-6.324991e-09,-0.0227417
-6.274991e-09,-0.0181555
-6.224991e-09,-0.0103562
-6.174991e-09,-0.00590729
-6.124991e-09,-0.0147776
-6.074991e-09,-0.0224671
-6.024991e-09,-0.0209567
-5.974991e-09,-0.0184027
-5.924991e-09,-0.00802189
-5.874991e-09,0.00510513
-5.824991e-09,0.00787883
-5.774991e-09,0.00694511
-5.724991e-09,0.00466573
-5.674991e-09,0.00095831
-5.624991e-09,0.00771406
-5.574991e-09,0.017216
-5.524991e-09,0.00875763
-5.474991e-09,-0.0112075
-5.424991e-09,-0.0228516
-5.374991e-09,-0.0178534
-5.324991e-09,-0.00851621
-5.274991e-09,-0.0110428
-5.224991e-09,-0.0154642
-5.174991e-09,-0.0131299
-5.124991e-09,-0.0142284
-5.074991e-09,-0.0181006
-5.024991e-09,-0.0173316
-4.974991e-09,-0.0142559
-4.924991e-09,-0.0133771
-4.874991e-09,-0.0159585
-4.824991e-09,-0.0139263
-4.774991e-09,-0.00785712
-4.724991e-09,-0.0102463
-4.674991e-09,-0.017771
-4.624991e-09,-0.0254056
-4.574991e-09,-0.0325183
-4.524991e-09,-0.0333697
-4.474991e-09,-0.0264766
-4.424991e-09,-0.017414
-4.374991e-09,-0.0124433
-4.324991e-09,-0.0110428
-4.274991e-09,-0.00986187
-4.224991e-09,-0.00393
-4.174991e-09,0.00268844
-4.124991e-09,-0.00088167
-4.074991e-09,-0.00598967
-4.024991e-09,-0.00513834
-3.974991e-09,-0.0114272
-3.924991e-09,-0.0234008
-3.874991e-09,-0.0211764
-3.824991e-09,-0.0069234
-3.774991e-09,-0.00579744
-3.724991e-09,-0.0195286
-3.674991e-09,-0.020737
-3.624991e-09,-0.00167808
-3.574991e-09,0.0114764
-3.524991e-09,0.00881255
-3.474991e-09,0.00716481
-3.424991e-09,0.0107898
-3.374991e-09,0.0102681
-3.324991e-09,-0.00110137
-3.274991e-09,-0.0147502
-3.224991e-09,-0.0148326
-3.174991e-09,-0.0128278
-3.124991e-09,-0.0206821
-3.074991e-09,-0.025488
-3.024991e-09,-0.0278223
-2.974991e-09,-0.0288109
-2.924991e-09,-0.022165
-2.874991e-09,-0.0163705
-2.824991e-09,-0.0107407
-2.774991e-09,-0.00132107
-2.724991e-09,0.00213919
-2.674991e-09,0.00282575
-2.624991e-09,0.00859285
-2.574991e-09,0.0113391
-2.524991e-09,0.00963642
-2.474991e-09,0.00812599
-2.424991e-09,0.00801614
-2.374991e-09,0.0105152
-2.324991e-09,0.00930688
-2.274991e-09,-0.00101898
-2.224991e-09,-0.013789
-2.174991e-09,-0.0154642
-2.124991e-09,-0.00898307
-2.074991e-09,-0.0100541
-2.024991e-09,-0.0113448
-1.974991e-09,-0.00439686
-1.924991e-09,-0.00519326
-1.874991e-09,-0.0120039
-1.824991e-09,-0.0151621
-1.774991e-09,-0.0283441
-1.724991e-09,-0.0436955
-1.674991e-09,-0.0393016
-1.624991e-09,-0.0271906
-1.574991e-09,-0.0282342
-1.524991e-09,-0.0308706
-1.474991e-09,-0.0202976
-1.424991e-09,-0.0153818
-1.374991e-09,-0.0213686
-1.324991e-09,-0.0199955
-1.274991e-09,-0.0156564
-1.224991e-09,-0.0133496
-1.174991e-09,-0.0119765
-1.124991e-09,-0.018183
-1.074991e-09,-0.0182654
-1.024991e-09,0.000903385
-9.749906e-10,0.018699
-9.249906e-10,0.0163647
-8.749906e-10,0.00491289
-8.249906e-10,-0.00321597
-7.749906e-10,-0.00640161
-7.249906e-10,-0.00673116
-6.749906e-10,-0.00917531
-6.249906e-10,-0.00892815
-5.749906e-10,-0.00313359
-5.249906e-10,0.00095831
-4.749906e-10,0.00345739
-4.249906e-10,0.00422633
-3.749906e-10,0.00115055
-3.249906e-10,0.00285321
-2.749906e-10,0.0114215
-2.249906e-10,0.0176005
-1.749906e-10,0.0228733
-1.249906e-10,0.0425638
-7.499057e-11,0.0899639
-2.499057e-11,0.144916
2.500943e-11,0.187483
7.500943e-11,0.243918
1.250094e-10,0.314853
1.750094e-10,0.367444
2.250094e-10,0.399081
2.750094e-10,0.410725
3.250094e-10,0.396746
3.750094e-10,0.358326
4.250094e-10,0.295987
4.750094e-10,0.225436
5.250094e-10,0.166502
5.750094e-10,0.123441
6.250094e-10,0.102624
6.750094e-10,0.103777
7.250094e-10,0.103723
7.750094e-10,0.0934516
8.250094e-10,0.0821097
8.750094e-10,0.0653576
9.250094e-10,0.0419597
9.750094e-10,0.024933
1.025009e-09,0.0171886
1.075009e-09,0.0143874
1.125009e-09,0.0175456
1.175009e-09,0.0191384
1.225009e-09,0.0140304
1.275009e-09,0.00834569
1.325009e-09,0.000683686
1.375009e-09,-0.00513834
1.425009e-09,-0.00159569
1.475009e-09,0.00263352
1.525009e-09,0.00120547
1.575009e-09,-0.00121122
1.625009e-09,-0.00373776
1.675009e-09,-0.0108231
1.725009e-09,-0.0168648
1.775009e-09,-0.0112625
1.825009e-09,-0.00439686
1.875009e-09,-0.0126356
1.925009e-09,-0.0217805
1.975009e-09,-0.0160134
2.025009e-09,-0.0083789
2.075009e-09,-0.00524819
2.125009e-09,-0.00134853
2.175009e-09,0.00277083
2.225009e-09,0.00787883
2.275009e-09,0.0105701
2.325009e-09,0.00639586
2.375009e-09,0.00252367
2.425009e-09,0.00312784
2.475009e-09,0.00480304
2.525009e-09,0.0082633
2.575009e-09,0.0147994
2.625009e-09,0.0169414
2.675009e-09,0.0110919
2.725009e-09,0.0108448
2.775009e-09,0.0142226
2.825009e-09,0.00831823
2.875009e-09,0.00145263
2.925009e-09,-0.00508342
2.975009e-09,-0.0213961
3.025009e-09,-0.0343309
3.075009e-09,-0.0288933
3.125009e-09,-0.0192815
3.175009e-09,-0.0169746
3.225009e-09,-0.0143382
3.275009e-09,-0.0101365
3.325009e-09,-0.00818667
3.375009e-09,-0.0105484
3.425009e-09,-0.0171394
3.475009e-09,-0.0172493
3.525009e-09,-0.0126081
3.575009e-09,-0.0130475
3.625009e-09,-0.00568759
3.675009e-09,0.00642333
3.725009e-09,0.00606631
3.775009e-09,0.00417141
3.825009e-09,0.0087027
3.875009e-09,0.0148268
3.925009e-09,0.017985
3.975009e-09,0.0140853
4.025009e-09,0.00623109
4.075009e-09,-0.00711563
4.125009e-09,-0.0180182
4.175009e-09,-0.0136242
4.225009e-09,-0.0110702
4.275009e-09,-0.0198033
4.325009e-09,-0.0203525
4.375009e-09,-0.010521
4.425009e-09,-0.00439686
4.475009e-09,-0.00546789
4.525009e-09,-0.00804935
4.575009e-09,-0.00774727
4.625009e-09,-0.00917531
4.675009e-09,-0.0139538
4.725009e-09,-0.0142284
4.775009e-09,-0.0099168
4.825009e-09,-0.0092577
4.875009e-09,-0.0138714
4.925009e-09,-0.0156839
4.975009e-09,-0.00843383
5.025009e-09,-0.00587982
5.075009e-09,-0.0192815
5.125009e-09,-0.0265865
5.175009e-09,-0.0189245
5.225009e-09,-0.0206546
5.275009e-09,-0.0310903
5.325009e-09,-0.0317219
5.375009e-09,-0.0267512
5.425009e-09,-0.0249662
5.475009e-09,-0.0292229
5.525009e-09,-0.0281793
5.575009e-09,-0.010521
5.625009e-09,0.00241382
5.675009e-09,-0.00209002
5.725009e-09,-0.00338075
5.775009e-09,0.00205681
5.825009e-09,-0.0034906
5.875009e-09,-0.0148326
5.925009e-09,-0.0174415
5.975009e-09,-0.0154093
6.025009e-09,-0.00934009
6.075009e-09,-0.00219986
6.125009e-09,-0.00500103
6.175009e-09,-0.0105759
6.225009e-09,-0.0129651
6.275009e-09,-0.0158212
6.325009e-09,-0.0136242
6.375009e-09,-0.0123335
6.425009e-09,-0.0160409
6.475009e-09,-0.00876338
6.525009e-09,0.00603885
6.575009e-09,0.0135086
6.625009e-09,0.0151014
6.675009e-09,0.0127397
6.725009e-09,0.00809853
6.775009e-09,0.000134438
6.825009e-09,-0.0121412
6.875009e-09,-0.0212588
6.925009e-09,-0.0260372
6.975009e-09,-0.0268611
7.025009e-09,-0.0246916
7.075009e-09,-0.0257351
7.125009e-09,-0.0195012
7.175009e-09,0.000326675
7.225009e-09,0.0107349
7.275009e-09,0.00678034
7.325009e-09,0.000601299
7.375009e-09,-0.00791204
7.425009e-09,-0.0120589
7.475009e-09,-0.0119215
7.525009e-09,-0.0130475
7.575009e-09,-0.00986187
7.625009e-09,-0.00434193
7.675009e-09,0.000985772
7.725009e-09,0.00669795
7.775009e-09,0.00859285
7.825009e-09,0.00820838
7.875009e-09,0.0052699
7.925009e-09,-0.00206255
7.975009e-09,-0.00906546
8.025009e-09,-0.0158761
8.075009e-09,-0.0223573
8.125009e-09,-0.0229614
8.175009e-09,-0.0156015
8.225009e-09,-0.00568759
8.275009e-09,-0.00318851
8.325009e-09,-0.00706071
8.375009e-09,-0.00508342
8.425009e-09,-0.0015133
8.475009e-09,-0.00631922
8.525009e-09,-0.0115096
8.575009e-09,-0.0077198
8.625009e-09,0.00260605
8.675009e-09,0.00689019
8.725009e-09,0.00392425
8.775009e-09,0.00238635
8.825009e-09,-0.00299627
8.875009e-09,-0.0129377
8.925009e-09,-0.0175513
8.975009e-09,-0.0114272
9.025009e-09,-0.000661971
9.075009e-09,-5.77984e-05
9.125009e-09,-0.00480879
9.175009e-09,-0.00335328
9.225009e-09,-0.00571505
9.275009e-09,-0.0126081
9.325009e-09,-0.0142284
9.375009e-09,-0.0131848
9.425009e-09,-0.0100541
9.475009e-09,-0.00318851
9.525009e-09,-0.000387347
9.575009e-09,-0.0053855
9.625009e-09,-0.012718
9.675009e-09,-0.0202152
9.725009e-09,-0.023648
9.775009e-09,-0.018128
9.825009e-09,-0.0153818
9.875009e-09,-0.0180457
9.925009e-09,-0.0154367
9.975009e-09,-0.0154093
1.002501e-08,-0.0189794
1.007501e-08,-0.0151896
1.012501e-08,-0.00873591
1.017501e-08,-0.00994426
1.022501e-08,-0.0186224
1.027501e-08,-0.0247739
1.032501e-08,-0.022879
1.037501e-08,-0.0145305
1.042501e-08,-0.00835144
1.047501e-08,-0.00530311
1.052501e-08,0.00444603
1.057501e-08,0.0136734
1.062501e-08,0.0186715
1.067501e-08,0.0233951
1.072501e-08,0.0174632
1.077501e-08,0.00900479
1.082501e-08,0.0127397
1.087501e-08,0.0127397
1.092501e-08,0.00645079
1.097501e-08,0.0152662
1.102501e-08,0.0250428
1.107501e-08,0.0144973
1.112501e-08,0.003375
1.117501e-08,2.45887e-05
1.122501e-08,-0.00719802
1.127501e-08,-0.0118392
1.132501e-08,-0.0094774
1.137501e-08,-0.00527565
1.142501e-08,-0.001733
1.147501e-08,-0.00445178
1.152501e-08,-0.010521
1.157501e-08,-0.0128003
1.162501e-08,-0.0176337
1.167501e-08,-0.0279321
1.172501e-08,-0.0312276
1.177501e-08,-0.0237853
1.182501e-08,-0.0196934
1.187501e-08,-0.0176063
1.192501e-08,-0.00966963
1.197501e-08,-0.00343567
1.202501e-08,0.0027159
1.207501e-08,0.00474812
1.212501e-08,-0.0060446
1.217501e-08,-0.00876338
1.222501e-08,0.000628761
1.227501e-08,-0.00343567
1.232501e-08,-0.0175513
1.237501e-08,-0.023291
1.242501e-08,-0.0177161
1.247501e-08,-0.0106583
1.252501e-08,-0.0106857
1.257501e-08,-0.00769234
1.262501e-08,0.000436525
1.267501e-08,5.20511e-05
1.272501e-08,-0.00453417
1.277501e-08,-0.00099152
1.282501e-08,0.00595646
1.287501e-08,0.00922449
1.292501e-08,0.00653317
1.297501e-08,0.00106816
1.302501e-08,0.00112308
1.307501e-08,0.0038144
1.312501e-08,0.00301799
1.317501e-08,-0.00140346
1.322501e-08,-0.00549535
1.327501e-08,-0.00601714
1.332501e-08,-0.0069234
1.337501e-08,-0.0100541
1.342501e-08,-0.0112625
1.347501e-08,-0.00829651
1.352501e-08,-0.00914785
1.357501e-08,-0.0146953
1.362501e-08,-0.0183752
1.367501e-08,-0.0231811
1.372501e-08,-0.0238952
1.377501e-08,-0.0159036
1.382501e-08,-0.0128553
1.387501e-08,-0.0165627
1.392501e-08,-0.00818667
1.397501e-08,0.00801614
1.402501e-08,0.0110095
1.407501e-08,0.0103504
1.412501e-08,0.0190835
1.417501e-08,0.0246034
1.422501e-08,0.0186166
1.427501e-08,0.00993851
1.432501e-08,0.00840062
1.437501e-08,0.0116412
1.442501e-08,0.0111194
1.447501e-08,0.0014801
1.452501e-08,-0.00728041
1.457501e-08,0.000628761
1.462501e-08,0.0108448
1.467501e-08,0.00911464
1.472501e-08,0.0100758
1.477501e-08,0.0122454
1.482501e-08,0.00785137
1.487501e-08,0.00661556
1.492501e-08,0.0068078
1.497501e-08,0.00288068
1.502501e-08,-0.00593475
1.507501e-08,-0.0164803
1.512501e-08,-0.0198582
1.517501e-08,-0.0163155
1.522501e-08,-0.00898307
1.527501e-08,-0.00436939
1.532501e-08,-0.0047264
1.537501e-08,-0.00519326
1.542501e-08,-0.0119765
1.547501e-08,-0.020737
1.552501e-08,-0.0201877
1.557501e-08,-0.0143932
1.562501e-08,-0.00895561
1.567501e-08,-0.00813174
1.572501e-08,-0.00533058
1.577501e-08,0.00804361
1.582501e-08,0.0187814
1.587501e-08,0.0161175
1.592501e-08,0.00785137
1.597501e-08,0.00559945
1.602501e-08,0.00348485
1.607501e-08,-0.00483625
1.612501e-08,-0.00843383
1.617501e-08,-0.0121687
1.622501e-08,-0.0208743
1.627501e-08,-0.0248563
1.632501e-08,-0.0215883
1.637501e-08,-0.0103287
1.642501e-08,-0.00255688
1.647501e-08,-0.00321597
1.652501e-08,-0.00115629
1.657501e-08,-0.000332422
1.662501e-08,-0.000387347
1.667501e-08,-0.000552121
1.672501e-08,-0.006484
1.677501e-08,-0.0047264
1.682501e-08,-0.00250195
1.687501e-08,-0.0199955
1.692501e-08,-0.0343583
1.697501e-08,-0.0326007
1.702501e-08,-0.0372968
1.707501e-08,-0.0436131
1.712501e-08,-0.0411415
1.717501e-08,-0.0398508
1.722501e-08,-0.0316395
1.727501e-08,-0.0210665
1.732501e-08,-0.0199131
1.737501e-08,-0.0155191
1.742501e-08,-0.0132123
1.747501e-08,-0.014915
1.752501e-08,-0.00623684
1.757501e-08,0.00809853
1.762501e-08,0.0200172
1.767501e-08,0.0258667
1.772501e-08,0.0272398
1.777501e-08,0.0250428
1.782501e-08,0.0141128
1.787501e-08,0.00620363
1.792501e-08,0.00820838
1.797501e-08,0.00807107
1.802501e-08,0.00573677
1.807501e-08,-0.000140186
1.812501e-08,-0.0150523
1.817501e-08,-0.0234283
1.822501e-08,-0.0216158
1.827501e-08,-0.0244444
1.832501e-08,-0.0247739
1.837501e-08,-0.0207095
1.842501e-08,-0.0250211
1.847501e-08,-0.0255978
1.852501e-08,-0.0118117
1.857501e-08,-0.00209002
1.862501e-08,-0.0120314
1.867501e-08,-0.0288384
1.872501e-08,-0.0265865
1.877501e-08,-0.00955978
1.882501e-08,-0.00181539
1.887501e-08,0.00211173
1.892501e-08,0.00801614
1.897501e-08,0.00532483
1.902501e-08,-0.00313359
1.907501e-08,-0.013432
1.912501e-08,-0.0209841
1.917501e-08,-0.0241698
1.922501e-08,-0.0292503
1.927501e-08,-0.0289482
1.932501e-08,-0.0176337
1.937501e-08,-0.00291389
1.942501e-08,0.0115863
1.947501e-08,0.0244112
1.952501e-08,0.0314416
1.957501e-08,0.0254273
1.962501e-08,0.0116961
1.967501e-08,0.00897733
1.972501e-08,0.00996597
1.977501e-08,0.0027159
1.982501e-08,-0.00211748
1.987501e-08,-0.00728041
1.992501e-08,-0.0137615
1.997501e-08,-0.00868099
2.002501e-08,-0.00154077
2.007501e-08,-0.00714309
2.012501e-08,-0.0157114
2.017501e-08,-0.0196385
2.022501e-08,-0.0283441
2.027501e-08,-0.0366377
2.032501e-08,-0.0296623
2.037501e-08,-0.0195836
2.042501e-08,-0.0136242
2.047501e-08,0.00200188
2.052501e-08,0.0177378
2.057501e-08,0.0213629
2.062501e-08,0.0226811
2.067501e-08,0.0259491
2.072501e-08,0.0288601
2.077501e-08,0.031881
2.082501e-08,0.031826
2.087501e-08,0.0253449
2.092501e-08,0.0101307
2.097501e-08,-0.0081592
2.102501e-08,-0.0179084
2.107501e-08,-0.0228241
2.112501e-08,-0.0268336
2.117501e-08,-0.0251035
2.122501e-08,-0.0248289
2.127501e-08,-0.0306234
2.132501e-08,-0.0310628
2.137501e-08,-0.0238128
2.142501e-08,-0.0194737
2.147501e-08,-0.0206271
2.152501e-08,-0.0161233
2.157501e-08,-0.00431447
2.162501e-08,-0.00414969
2.167501e-08,-0.0147776
2.172501e-08,-0.0165352
2.177501e-08,-0.010521
2.182501e-08,-0.00997172
2.187501e-08,-0.0154642
2.192501e-08,-0.0140087
2.197501e-08,-0.00769234
2.202501e-08,-0.0085986
2.207501e-08,-0.00912039
2.212501e-08,-0.00777473
2.217501e-08,-0.00766488
2.222501e-08,-0.00412223
2.227501e-08,-0.006484
2.232501e-08,-0.0114272
2.237501e-08,-0.0085986
2.242501e-08,-0.0134594
2.247501e-08,-0.02763
2.252501e-08,-0.0302664
2.257501e-08,-0.0237029
2.262501e-08,-0.0172767
2.267501e-08,-0.00689593
2.272501e-08,-0.00192524
2.277501e-08,-0.00659385
2.282501e-08,-0.0107132
2.287501e-08,-0.0142284
2.292501e-08,-0.0147776
2.297501e-08,-0.0104386
2.302501e-08,-0.00854368
2.307501e-08,-0.0131574
2.312501e-08,-0.0193089
2.317501e-08,-0.0126081
2.322501e-08,0.00304545
2.327501e-08,0.00787883
2.332501e-08,0.00793376
2.337501e-08,0.013948
2.342501e-08,0.0142776
2.347501e-08,0.00494036
2.352501e-08,0.00255113
2.357501e-08,0.00793376
2.362501e-08,0.00252367
2.367501e-08,-0.00862606
2.372501e-08,-0.00958725
2.377501e-08,-0.00708817
2.382501e-08,-0.0104935
2.387501e-08,-0.0136517
2.392501e-08,-0.0116195
2.397501e-08,-0.0124708
2.402501e-08,-0.018897
2.407501e-08,-0.0231537
2.412501e-08,-0.0240874
2.417501e-08,-0.0253507
2.422501e-08,-0.0266414
2.427501e-08,-0.0258999
2.432501e-08,-0.0191442
2.437501e-08,-0.00673116
2.442501e-08,-0.00247449
2.447501e-08,-0.011949
2.452501e-08,-0.0218904
2.457501e-08,-0.0243345
2.462501e-08,-0.0192815
2.467501e-08,-0.0102463
2.472501e-08,-0.00505595
2.477501e-08,-0.00425954
2.482501e-08,-0.00209002
2.487501e-08,0.00477558
2.492501e-08,0.00919703
2.497501e-08,0.00197442
2.502501e-08,-0.0124433
2.507501e-08,-0.0255429
2.512501e-08,-0.0319691
2.517501e-08,-0.0287835
2.522501e-08,-0.0202427
2.527501e-08,-0.00835144
2.532501e-08,0.00598393
2.537501e-08,0.0146895
2.542501e-08,0.0192483
2.547501e-08,0.0227634
2.552501e-08,0.0185342
2.557501e-08,0.012108
2.562501e-08,0.00908718
2.567501e-08,0.0065881
2.572501e-08,0.00845554
2.577501e-08,0.0105152
2.582501e-08,0.00340246
2.587501e-08,-0.00544043
2.592501e-08,-0.00755503
2.597501e-08,-0.00678608
2.602501e-08,-0.00316105
2.607501e-08,-0.0019527
2.612501e-08,-0.00884576
2.617501e-08,-0.00958725
2.622501e-08,-0.000661971
2.627501e-08,0.00735705
2.632501e-08,0.00818092
2.637501e-08,0.000463987
2.642501e-08,-0.00447924
2.647501e-08,-0.00667623
2.652501e-08,-0.0160409
2.657501e-08,-0.0241423
2.662501e-08,-0.0190068
2.667501e-08,-0.00769234
2.672501e-08,-0.00277657
2.677501e-08,-0.00134853
2.682501e-08,-0.000826745
2.687501e-08,-0.00450671
2.692501e-08,-0.00714309
2.697501e-08,-0.00719802
2.702501e-08,-0.0155466
2.707501e-08,-0.030239
2.712501e-08,-0.0353744
2.717501e-08,-0.0275476
2.722501e-08,-0.0165078
2.727501e-08,-0.0133221
2.732501e-08,-0.0167275
2.737501e-08,-0.0198582
2.742501e-08,-0.0257626
2.747501e-08,-0.0340562
2.752501e-08,-0.0322986
2.757501e-08,-0.0216982
2.762501e-08,-0.0154367
2.767501e-08,-0.0102738
2.772501e-08,-0.0049461
2.777501e-08,-0.00758249
2.782501e-08,-0.0152445
2.787501e-08,-0.0146129
2.792501e-08,-0.00203509
2.797501e-08,0.00477558
2.802501e-08,0.00202934
2.807501e-08,0.00466573
2.812501e-08,0.0137009
2.817501e-08,0.0245485
2.822501e-08,0.0248231
2.827501e-08,0.0108173
2.832501e-08,0.00158994
2.837501e-08,-0.0051658
2.842501e-08,-0.0142833
2.847501e-08,-0.0143932
2.852501e-08,-0.0110977
2.857501e-08,-0.0118941
2.862501e-08,-0.0169472
2.867501e-08,-0.023291
2.872501e-08,-0.0214235
2.877501e-08,-0.0117019
2.882501e-08,-0.00769234
2.887501e-08,-0.0136791
2.892501e-08,-0.0193364
2.897501e-08,-0.0243071
2.902501e-08,-0.0307882
2.907501e-08,-0.0243071
2.912501e-08,-0.00620937
2.917501e-08,-0.000112723
2.922501e-08,-0.00620937
2.927501e-08,-0.00629176
2.932501e-08,-0.000497197
2.937501e-08,0.00211173
2.942501e-08,-0.00187032
2.947501e-08,-0.00373776
2.952501e-08,-0.0015133
2.957501e-08,-0.0103013
2.962501e-08,-0.0182928
2.967501e-08,-0.0155191
2.972501e-08,-0.0200779
2.977501e-08,-0.0255429
2.982501e-08,-0.0173042
2.987501e-08,-0.00365537
2.992501e-08,0.00211173
2.997501e-08,0.000601299
3.002501e-08,0.0029356
3.007501e-08,0.00505021
3.012501e-08,0.0014801
3.017501e-08,0.000820998
3.022501e-08,-0.00170554
3.027501e-08,-0.00912039
3.032501e-08,-0.00717056
3.037501e-08,0.00323769
3.042501e-08,0.00991105
3.047501e-08,0.0115863
3.052501e-08,0.00911464
3.057501e-08,-0.0030512
3.062501e-08,-0.0187597
3.067501e-08,-0.0210116
3.072501e-08,-0.0207919
3.077501e-08,-0.0290581
3.082501e-08,-0.0295249
3.087501e-08,-0.0264217
3.092501e-08,-0.03315
3.097501e-08,-0.0410317
3.102501e-08,-0.0431737
3.107501e-08,-0.0414985
3.112501e-08,-0.0390269
3.117501e-08,-0.0346055
3.122501e-08,-0.0274927
3.127501e-08,-0.0285912
3.132501e-08,-0.0290855
3.137501e-08,-0.013789
3.142501e-08,-0.00557774
3.147501e-08,-0.0151346
3.152501e-08,-0.0192265
3.157501e-08,-0.0141735
3.162501e-08,-0.013432
3.167501e-08,-0.0140911
3.172501e-08,-0.00777473
3.177501e-08,0.00134278
3.182501e-08,0.0100209
3.187501e-08,0.0192757
3.192501e-08,0.0210059
3.197501e-08,0.0149641
3.202501e-08,0.0115313
3.207501e-08,0.00881255
3.212501e-08,0.00628601
3.217501e-08,0.00642333
3.222501e-08,-0.00187032
3.227501e-08,-0.0166176
3.232501e-08,-0.0210665
3.237501e-08,-0.0151346
3.242501e-08,-0.00403984
3.247501e-08,0.00408902
3.252501e-08,0.000106976
3.257501e-08,-0.00277657
3.262501e-08,0.0014801
3.267501e-08,0.00463827
3.272501e-08,0.00963642
3.277501e-08,0.0112018
3.282501e-08,0.00334754
3.287501e-08,-0.00316105
3.292501e-08,-0.00154077
3.297501e-08,0.00277083
3.302501e-08,0.00364962
3.307501e-08,0.0027159
3.312501e-08,-0.000469734
3.317501e-08,-0.00318851
3.322501e-08,0.00362216
3.327501e-08,0.00889494
3.332501e-08,0.000738611
3.337501e-08,-0.00395746
3.342501e-08,0.00345739
3.347501e-08,0.00678034
3.352501e-08,0.00260605
3.357501e-08,-0.000744358
3.362501e-08,-0.00266673
3.367501e-08,-0.00368283
3.372501e-08,-0.0023921
3.377501e-08,-0.00088167
3.382501e-08,-0.00895561
3.387501e-08,-0.0236205
3.392501e-08,-0.0255154
3.397501e-08,-0.0163705
3.402501e-08,-0.0192815
3.407501e-08,-0.0321339
3.412501e-08,-0.0315846
3.417501e-08,-0.024362
3.422501e-08,-0.0257626
3.427501e-08,-0.0227692
3.432501e-08,-0.0127454
3.437501e-08,-0.0122786
3.442501e-08,-0.018897
3.447501e-08,-0.0228241
3.452501e-08,-0.0196934
3.457501e-08,-0.00579744
3.462501e-08,-0.00134853
3.467501e-08,-0.014146
3.472501e-08,-0.0153269
3.477501e-08,-0.00343567
3.482501e-08,0.00117801
3.487501e-08,0.00200188
3.492501e-08,0.00238635
3.497501e-08,0.000216825
3.502501e-08,-0.000222573
3.507501e-08,0.00134278
3.512501e-08,0.00485797
3.517501e-08,0.00400663
3.522501e-08,0.00392425
3.527501e-08,0.0157605
3.532501e-08,0.0206488
3.537501e-08,0.0101033
3.542501e-08,-2.87366e-06
3.547501e-08,-0.00310612
3.552501e-08,-0.00123868
3.557501e-08,0.000738611
3.562501e-08,-0.00159569
3.567501e-08,-0.00587982
3.572501e-08,-0.00865353
3.577501e-08,-0.00725294
3.582501e-08,0.000985772
3.587501e-08,0.0042538
3.592501e-08,-0.00478133
3.597501e-08,-0.012718
3.602501e-08,-0.0210116
3.607501e-08,-0.032793
3.612501e-08,-0.0328204
3.617501e-08,-0.0268611
3.622501e-08,-0.0282891
3.627501e-08,-0.0270533
3.632501e-08,-0.0204349
3.637501e-08,-0.0163155
3.642501e-08,-0.012718
3.647501e-08,-0.0114822
3.652501e-08,-0.0142009
3.657501e-08,-0.0161233
3.662501e-08,-0.0209567
3.667501e-08,-0.02763
3.672501e-08,-0.0326831
3.677501e-08,-0.0401803
3.682501e-08,-0.0378735
3.687501e-08,-0.0231262
3.692501e-08,-0.0150797
3.697501e-08,-0.0107681
3.702501e-08,-0.00887322
3.707501e-08,-0.0167549
3.712501e-08,-0.0233734
3.717501e-08,-0.0259274
3.722501e-08,-0.030953
3.727501e-08,-0.0341112
3.732501e-08,-0.0310079
3.737501e-08,-0.0255154
3.742501e-08,-0.0205722
3.747501e-08,-0.0161508
3.752501e-08,-0.0131299
3.757501e-08,-0.00766488
3.762501e-08,-0.00209002
3.767501e-08,-0.00533058
3.772501e-08,-0.00681355
3.777501e-08,0.00513259
3.782501e-08,0.0162823
3.787501e-08,0.0128221
3.792501e-08,0.0024962
3.797501e-08,-0.0053855
3.802501e-08,-0.00730787
3.807501e-08,-0.000359885
3.812501e-08,0.00400663
3.817501e-08,-0.000661971
3.822501e-08,-0.00458909
3.827501e-08,-0.00552281
3.832501e-08,-0.0056052
3.837501e-08,-0.0120039
3.842501e-08,-0.0261471
3.847501e-08,-0.0313375
3.852501e-08,-0.0268611
3.857501e-08,-0.0254605
3.862501e-08,-0.0280145
3.867501e-08,-0.0306784
3.872501e-08,-0.0264766
3.877501e-08,-0.0192815
3.882501e-08,-0.0204898
3.887501e-08,-0.0199406
3.892501e-08,-0.00944993
3.897501e-08,-0.00576998
3.902501e-08,-0.0131024
3.907501e-08,-0.0147227
3.912501e-08,-0.00719802
3.917501e-08,-0.00475387
3.922501e-08,-0.00711563
3.927501e-08,-0.00425954
3.932501e-08,-0.00489118
3.937501e-08,-0.00747264
3.942501e-08,-0.00332582
3.947501e-08,-0.00335328
3.952501e-08,-0.00274911
3.957501e-08,0.00675287
3.962501e-08,0.0112292
3.967501e-08,0.00801614
3.972501e-08,0.00285321
3.977501e-08,-0.000607046
3.982501e-08,-0.00255688
3.987501e-08,-0.00673116
3.992501e-08,-0.00343567
3.997501e-08,0.003375
4.002501e-08,-8.52608e-05
4.007501e-08,-0.00335328
4.012501e-08,0.00112308
4.017501e-08,0.00348485
4.022501e-08,-0.00365537
4.027501e-08,-0.0123884
4.032501e-08,-0.0119215
4.037501e-08,-0.0122236
4.042501e-08,-0.0167549
4.047501e-08,-0.0143382
4.052501e-08,-0.00788458
4.057501e-08,0.00290814
4.062501e-08,0.0157331
4.067501e-08,0.014717
4.072501e-08,0.00576423
4.077501e-08,0.00342992
4.082501e-08,-0.000497197
4.087501e-08,-0.0133496
4.092501e-08,-0.0248838
4.097501e-08,-0.0238128
4.102501e-08,-0.0158761
4.107501e-08,-0.0168099
4.112501e-08,-0.021808
4.117501e-08,-0.0138439
4.122501e-08,-0.00241956
4.127501e-08,-0.00230971
4.132501e-08,-0.000524659
4.137501e-08,0.00378694
4.142501e-08,-0.00165062
4.147501e-08,-0.00524819
4.152501e-08,-0.00587982
4.157501e-08,-0.0138714
4.162501e-08,-0.0221925
4.167501e-08,-0.0250211
4.172501e-08,-0.023648
4.177501e-08,-0.0252683
4.182501e-08,-0.0312825
4.187501e-08,-0.0284814
4.192501e-08,-0.018183
4.197501e-08,-0.0135144
4.202501e-08,-0.0120589
4.207501e-08,-0.00873591
4.212501e-08,-0.00579744
4.217501e-08,0.00246874
4.222501e-08,0.0155134
4.227501e-08,0.0218023
4.232501e-08,0.0230655
4.237501e-08,0.0214453
4.242501e-08,0.0123552
4.247501e-08,0.00255113
4.252501e-08,0.0010407
4.257501e-08,0.00502274
4.262501e-08,-0.000112723
4.267501e-08,-0.0182654
4.272501e-08,-0.0275476
4.277501e-08,-0.0219453
4.282501e-08,-0.022165
4.287501e-08,-0.0299643
4.292501e-08,-0.0282067
4.297501e-08,-0.0227143
4.302501e-08,-0.0256253
4.307501e-08,-0.0238128
4.312501e-08,-0.0150797
4.317501e-08,-0.00832398
4.322501e-08,0.00158994
4.327501e-08,0.00579169
4.332501e-08,0.000134438
4.337501e-08,-0.00189778
4.342501e-08,-0.00329836
4.347501e-08,-0.00931262
4.352501e-08,-0.0175239
4.357501e-08,-0.0231537
4.362501e-08,-0.0156564
4.367501e-08,0.000134438
4.372501e-08,0.00916956
4.377501e-08,0.0139206
4.382501e-08,0.0190835
4.387501e-08,0.0203193
4.392501e-08,0.0175181
4.397501e-08,0.0143874
4.402501e-08,0.0124376
4.407501e-08,0.00743943
4.412501e-08,2.45887e-05
4.417501e-08,-0.00376522
4.422501e-08,-0.006484
4.427501e-08,-0.0142284
4.432501e-08,-0.0244719
4.437501e-08,-0.0279596
4.442501e-08,-0.0232086
4.447501e-08,-0.0165352
4.452501e-08,-0.00920277
4.457501e-08,-0.00436939
4.462501e-08,-0.00354552
4.467501e-08,-0.000909132
4.472501e-08,0.000161901
4.477501e-08,-0.00409477
4.482501e-08,-0.0131848
4.487501e-08,-0.022934
4.492501e-08,-0.0204349
4.497501e-08,-0.0100816
4.502501e-08,-0.00752757
4.507501e-08,-0.0103287
4.512501e-08,-0.00832398
4.517501e-08,-0.00511088
4.522501e-08,-0.0143382
4.527501e-08,-0.0273829
4.532501e-08,-0.0267238
4.537501e-08,-0.0204349
4.542501e-08,-0.0139812
4.547501e-08,-0.00664877
4.552501e-08,-0.00667623
4.557501e-08,-0.00939501
4.562501e-08,-0.0092577
4.567501e-08,-0.00579744
4.572501e-08,0.00257859
4.577501e-08,0.00189203
4.582501e-08,-0.00750011
4.587501e-08,-0.00508342
4.592501e-08,0.00507767
4.597501e-08,0.00732958
4.602501e-08,0.00329261
4.607501e-08,0.00463827
4.612501e-08,0.0120806
4.617501e-08,0.00925195
4.622501e-08,-0.0104935
4.627501e-08,-0.0275476
4.632501e-08,-0.0250486
4.637501e-08,-0.0145305
4.642501e-08,-0.0136791
4.647501e-08,-0.0154093
4.652501e-08,-0.00901054
4.657501e-08,-0.00703324
4.662501e-08,-0.0115371
4.667501e-08,-0.0117293
4.672501e-08,-0.0149424
4.677501e-08,-0.0256802
4.682501e-08,-0.0368574
4.687501e-08,-0.0427343
4.692501e-08,-0.0383678
4.697501e-08,-0.0279047
4.702501e-08,-0.0212038
4.707501e-08,-0.0144756
4.712501e-08,0.00134278
4.717501e-08,0.0132889
4.722501e-08,0.00845554
4.727501e-08,0.000793536
4.732501e-08,-0.00316105
4.737501e-08,-0.00651146
4.742501e-08,-0.0112899
4.747501e-08,-0.0194462
4.752501e-08,-0.0197758
4.757501e-08,-0.0124433
4.762501e-08,-0.00782965
4.767501e-08,-0.00313359
4.772501e-08,0.00433618
4.777501e-08,0.00776898
4.782501e-08,0.00252367
4.787501e-08,-0.00519326
4.792501e-08,-0.014915
4.797501e-08,-0.0285088
4.802501e-08,-0.0322986
4.807501e-08,-0.0227143
4.812501e-08,-0.0152445
4.817501e-08,-0.0132397
4.822501e-08,-0.0104111
4.827501e-08,-0.00469894
4.832501e-08,0.00546214
4.837501e-08,0.012163
4.842501e-08,0.00922449
4.847501e-08,0.00653317
4.852501e-08,0.00732958
4.857501e-08,0.00801614
4.862501e-08,0.00705496
4.867501e-08,0.00480304
4.872501e-08,0.00842808
4.877501e-08,0.0163647
4.882501e-08,0.0182596
4.887501e-08,0.0144149
4.892501e-08,0.0138107
4.897501e-08,0.0193581
4.902501e-08,0.019825
4.907501e-08,0.0123552
4.912501e-08,0.0095815
4.917501e-08,0.00916956
4.922501e-08,0.00686272
4.927501e-08,0.0115588
4.932501e-08,0.0188912
4.937501e-08,0.0225163
4.942501e-08,0.0240267
4.947501e-08,0.0166943
4.952501e-08,0.00373201
4.957501e-08,0.000409062
4.962501e-08,-0.000277498
4.967501e-08,-0.00912039
4.972501e-08,-0.0158761
4.977501e-08,-0.0183477
4.982501e-08,-0.0166176
4.987501e-08,-0.00571505
4.992501e-08,0.000766073
4.997501e-08,-0.00486372
5.002501e-08,-0.0094774
5.007501e-08,-0.00807682
5.012501e-08,-0.00475387
5.017501e-08,-0.00302374
5.022501e-08,-0.00442432
5.027501e-08,-0.00167808
5.032501e-08,0.00131532
5.037501e-08,-0.00409477
5.042501e-08,-0.00453417
5.047501e-08,-0.00123868
5.052501e-08,-0.0077198
5.057501e-08,-0.0110977
5.062501e-08,-0.00533058
5.067501e-08,-0.00280404
5.072501e-08,-0.00236464
5.077501e-08,0.00307291
5.082501e-08,0.00719227
5.087501e-08,0.00491289
5.092501e-08,0.00617616
5.097501e-08,0.013591
5.102501e-08,0.0185617
5.107501e-08,0.0142501
5.112501e-08,0.00216665
5.117501e-08,-0.00508342
5.122501e-08,-0.00961471
5.127501e-08,-0.0166725
5.132501e-08,-0.0148875
5.137501e-08,-0.0107132
5.142501e-08,-0.0107407
5.147501e-08,-0.00631922
5.152501e-08,0.000409062
5.157501e-08,0.00623109
5.162501e-08,0.0052699
5.167501e-08,-0.000524659
5.172501e-08,-8.52608e-05
5.177501e-08,-0.00019511
5.182501e-08,-0.00785712
5.187501e-08,-0.0147776
5.192501e-08,-0.0134869
5.197501e-08,-0.00469894
5.202501e-08,-0.000552121
5.207501e-08,-0.00934009
5.212501e-08,-0.0138714
5.217501e-08,-0.0106857
5.222501e-08,-0.0180182
5.227501e-08,-0.0260098
5.232501e-08,-0.0198307
5.237501e-08,-0.0131024
5.242501e-08,-0.0135418
5.247501e-08,-0.0114547
5.252501e-08,-0.00697832
5.257501e-08,-0.00176047
5.262501e-08,0.00439111
5.267501e-08,0.00466573
5.272501e-08,0.00304545
5.277501e-08,0.00422633
5.282501e-08,0.000463987
5.287501e-08,-0.00675862
5.292501e-08,-0.0118941
5.297501e-08,-0.0151072
5.302501e-08,-0.0149699
5.307501e-08,-0.0139538
5.312501e-08,-0.0114822
5.317501e-08,-0.00788458
5.322501e-08,-0.0081592
5.327501e-08,-0.0077198
5.332501e-08,-0.00340821
5.337501e-08,-0.00088167
5.342501e-08,-0.00480879
5.347501e-08,-0.0116469
5.352501e-08,-0.00879084
5.357501e-08,0.000711148
5.362501e-08,-0.00110137
5.367501e-08,-0.00483625
5.372501e-08,-0.000716896
5.377501e-08,-0.00258434
5.382501e-08,-0.00840636
5.387501e-08,-0.00983441
5.392501e-08,-0.00955978
5.397501e-08,-0.0112075
5.402501e-08,-0.014146
5.407501e-08,-0.00906546
5.412501e-08,0.000216825
5.417501e-08,0.00095831
5.422501e-08,-0.00623684
5.427501e-08,-0.0186224
5.432501e-08,-0.0256802
5.437501e-08,-0.0212313
5.442501e-08,-0.0175788
5.447501e-08,-0.0126356
5.452501e-08,-0.000332422
5.457501e-08,0.00829077
5.462501e-08,0.0107349
5.467501e-08,0.0125474
5.472501e-08,0.0137009
5.477501e-08,0.01436
5.482501e-08,0.00719227
5.487501e-08,-0.00777473
5.492501e-08,-0.0128278
5.497501e-08,-0.00972456
5.502501e-08,-0.00923024
5.507501e-08,-0.00920277
5.512501e-08,-0.00736279
5.517501e-08,-0.000716896
5.522501e-08,0.00483051
5.527501e-08,0.00142517
5.532501e-08,-0.00653892
5.537501e-08,-0.010878
5.542501e-08,-0.0131299
5.547501e-08,-0.0171119
5.552501e-08,-0.0150523
5.557501e-08,-0.00975202
5.562501e-08,-0.00782965
5.567501e-08,-0.00555028
5.572501e-08,-0.00590729
5.577501e-08,-0.00873591
5.582501e-08,-0.0101365
5.587501e-08,-0.00980695
5.592501e-08,-0.00931262
5.597501e-08,-0.0129651
5.602501e-08,-0.0119765
5.607501e-08,-0.00508342
5.612501e-08,-0.00502849
5.617501e-08,-0.00211748
5.622501e-08,0.00732958
5.627501e-08,0.0126573
5.632501e-08,0.0165295
5.637501e-08,0.0158978
5.642501e-08,0.0123827
5.647501e-08,0.0149092
5.652501e-08,0.0115039
5.657501e-08,0.00510513
5.662501e-08,0.00840062
5.667501e-08,0.00430872
5.672501e-08,-0.00467148
5.677501e-08,-0.00401238
5.682501e-08,-0.00684101
5.687501e-08,-0.0124708
5.692501e-08,-0.0138165
5.697501e-08,-0.0158212
5.702501e-08,-0.0148051
5.707501e-08,-0.012663
5.712501e-08,-0.0130475
5.717501e-08,-0.00862606
5.722501e-08,-0.000826745
5.727501e-08,-0.00156823
5.732501e-08,-0.0122786
5.737501e-08,-0.0200504
5.742501e-08,-0.0232635
5.747501e-08,-0.0282067
5.752501e-08,-0.0256527
5.757501e-08,-0.0195836
5.762501e-08,-0.0207919
5.767501e-08,-0.0185125
5.772501e-08,-0.0125532
5.777501e-08,-0.0106857
5.782501e-08,-0.00999918
5.787501e-08,-0.00917531
5.792501e-08,-0.00909292
5.797501e-08,-0.0107956
5.802501e-08,-0.0115096
5.807501e-08,-0.00780219
5.812501e-08,-0.00486372
5.817501e-08,-0.00379268
5.822501e-08,0.00112308
5.827501e-08,-0.000607046
5.832501e-08,-0.0152994
5.837501e-08,-0.0212588
5.842501e-08,-0.0190892
5.847501e-08,-0.0221925
5.852501e-08,-0.0173866
5.857501e-08,-0.0116744
5.862501e-08,-0.0160134
5.867501e-08,-0.0144481
5.872501e-08,-0.00879084
5.877501e-08,-0.00769234
5.882501e-08,-0.00546789
5.887501e-08,-0.00379268
5.892501e-08,-0.00755503
5.897501e-08,-0.0132947
5.902501e-08,-0.0144206
5.907501e-08,-0.0101365
5.912501e-08,-0.00980695
5.917501e-08,-0.0147227
5.922501e-08,-0.0146129
5.927501e-08,-0.0119765
5.932501e-08,-0.00788458
5.937501e-08,5.20511e-05
5.942501e-08,0.00518752
5.947501e-08,0.0131791
5.952501e-08,0.0225712
5.957501e-08,0.0213903
5.962501e-08,0.01436
5.967501e-08,0.00991105
5.972501e-08,0.012163
5.977501e-08,0.0196053
5.982501e-08,0.0231205
5.987501e-08,0.0187265
5.992501e-08,0.0167492
5.997501e-08,0.0202369
6.002501e-08,0.0145797
6.007501e-08,-0.00126614
6.012501e-08,-0.0163979
6.017501e-08,-0.0258175
6.022501e-08,-0.0273005
6.027501e-08,-0.0217531
6.032501e-08,-0.0109329
6.037501e-08,-0.00244703
6.042501e-08,-0.00535804
6.047501e-08,-0.0103562
6.052501e-08,-0.0104935
6.057501e-08,-0.0135418
6.062501e-08,-0.0212038
6.067501e-08,-0.0269435
6.072501e-08,-0.0252683
6.077501e-08,-0.026202
6.082501e-08,-0.0354294
6.087501e-08,-0.0380108
6.092501e-08,-0.0352371
6.097501e-08,-0.0324634
6.102501e-08,-0.0288384
6.107501e-08,-0.0334795
6.112501e-08,-0.0405923
6.117501e-08,-0.0402078
6.122501e-08,-0.0377637
6.127501e-08,-0.0352646
6.132501e-08,-0.0308431
6.137501e-08,-0.0274653
6.142501e-08,-0.0198033
6.147501e-08,-0.00458909
6.152501e-08,0.00252367
6.157501e-08,-0.00354552
6.162501e-08,-0.00681355
6.167501e-08,-0.00513834
6.172501e-08,-0.0069234
6.177501e-08,-0.00829651
6.182501e-08,-0.00769234
6.187501e-08,-0.0112899
6.192501e-08,-0.0180457
6.197501e-08,-0.0200504
6.202501e-08,-0.0162331
6.207501e-08,-0.00955978
6.212501e-08,-0.00107391
6.217501e-08,0.00700004
6.222501e-08,0.013948
6.227501e-08,0.0165569
6.232501e-08,0.0170787
6.237501e-08,0.0238894
6.242501e-08,0.0285855
6.247501e-08,0.0183695
6.252501e-08,0.00397917
6.257501e-08,-0.00409477
6.262501e-08,-0.00898307
6.267501e-08,-0.00923024
6.272501e-08,-0.00557774
6.277501e-08,-0.00403984
6.282501e-08,-0.00574251
6.287501e-08,-0.00475387
6.292501e-08,-0.000387347
6.297501e-08,0.000518912
6.302501e-08,-0.00178793
6.307501e-08,-0.00296881
6.312501e-08,-0.00140346
6.317501e-08,-0.00280404
6.322501e-08,-0.00747264
6.327501e-08,-0.00502849
6.332501e-08,-0.0034906
6.337501e-08,-0.00865353
6.342501e-08,-0.0067037
6.347501e-08,-0.00362791
6.352501e-08,-0.00255688
6.357501e-08,0.00455588
6.362501e-08,0.00532483
6.367501e-08,0.00158994
6.372501e-08,0.00760421
6.377501e-08,0.0169689
6.382501e-08,0.0184793
6.387501e-08,0.0140579
6.392501e-08,0.0167766
6.397501e-08,0.0221318
6.402501e-08,0.0140853
6.407501e-08,0.00213919
6.412501e-08,0.000683686
6.417501e-08,0.00785137
6.422501e-08,0.0137009
6.427501e-08,0.0105427
6.432501e-08,0.00771406
6.437501e-08,0.0121904
6.442501e-08,0.0122728
6.447501e-08,0.00576423
6.452501e-08,0.00288068
6.457501e-08,0.00299053
6.462501e-08,-0.00236464
6.467501e-08,-0.00980695
6.472501e-08,-0.00708817
6.477501e-08,0.00183711
6.482501e-08,0.00831823
6.487501e-08,0.0126298
6.492501e-08,0.0091421
6.497501e-08,0.00554453
6.502501e-08,0.0180399
6.507501e-08,0.0310296
6.512501e-08,0.0275968
6.517501e-08,0.0255646
6.522501e-08,0.0345173
6.527501e-08,0.0374009
6.532501e-08,0.0271574
6.537501e-08,0.0117236
6.542501e-08,-0.000442272
6.547501e-08,-0.00535804
6.552501e-08,-0.00590729
6.557501e-08,-2.87366e-06
6.562501e-08,0.0093618
6.567501e-08,0.00535229
6.572501e-08,-0.00478133
6.577501e-08,-0.00316105
6.582501e-08,-0.00307866
6.587501e-08,-0.0151621
6.592501e-08,-0.0222474
6.597501e-08,-0.0195286
6.602501e-08,-0.0210116
6.607501e-08,-0.0250486
6.612501e-08,-0.0280969
6.617501e-08,-0.0347153
6.622501e-08,-0.0380108
6.627501e-08,-0.0389445
6.632501e-08,-0.0403726
6.637501e-08,-0.0300193
6.642501e-08,-0.0111251
6.647501e-08,0.00241382
6.652501e-08,0.005929
6.657501e-08,0.00263352
6.662501e-08,0.00216665
6.667501e-08,0.00428126
6.672501e-08,0.0031553
6.677501e-08,0.00430872
6.682501e-08,0.00793376
6.687501e-08,0.0082633
6.692501e-08,0.00776898
6.697501e-08,0.00414395
6.702501e-08,-0.00445178
6.707501e-08,-0.00898307
6.712501e-08,-0.00774727
6.717501e-08,-0.0118117
6.722501e-08,-0.0213411
6.727501e-08,-0.0245268
6.732501e-08,-0.0194188
6.737501e-08,-0.0079395
6.742501e-08,0.0061487
6.747501e-08,0.0148817
6.752501e-08,0.0173534
6.757501e-08,0.0121904
6.762501e-08,-0.000469734
6.767501e-08,-0.00953232
6.772501e-08,-0.0129102
6.777501e-08,-0.0158487
6.782501e-08,-0.0147502
6.787501e-08,-0.0126905
6.792501e-08,-0.0141185
6.797501e-08,-0.0116744
6.802501e-08,-0.00200763
6.807501e-08,0.00463827
6.812501e-08,-2.87366e-06
6.817501e-08,-0.001733
6.822501e-08,0.005929
6.827501e-08,0.000875923
6.832501e-08,-0.0153269
6.837501e-08,-0.0183477
6.842501e-08,-0.0109329
6.847501e-08,-0.00752757
6.852501e-08,-0.00469894
6.857501e-08,0.00235889
6.862501e-08,-0.000634509
6.867501e-08,-0.0160134
6.872501e-08,-0.0245268
6.877501e-08,-0.0255154
6.882501e-08,-0.0285088
6.887501e-08,-0.0287835
6.892501e-08,-0.0186224
6.897501e-08,-0.00316105
6.902501e-08,0.00713735
6.907501e-08,0.0124925
6.912501e-08,0.0147719
6.917501e-08,0.0115313
6.922501e-08,0.00521498
6.927501e-08,0.00342992
6.932501e-08,0.00881255
6.937501e-08,0.0102955
6.942501e-08,0.00150756
6.947501e-08,-0.00409477
6.952501e-08,-0.000854208
6.957501e-08,0.00452842
6.962501e-08,0.0125749
6.967501e-08,0.0180125
6.972501e-08,0.0168865
6.977501e-08,0.0156507
6.982501e-08,0.0115039
6.987501e-08,0.00290814
6.992501e-08,-0.00140346
6.997501e-08,-0.000826745
7.002501e-08,-0.00368283
7.007501e-08,-0.0128003
7.012501e-08,-0.0185125
7.017501e-08,-0.0145305
7.022501e-08,-0.013075
7.027501e-08,-0.0142833
7.032501e-08,-0.0103287
7.037501e-08,-0.0145305
7.042501e-08,-0.0209018
7.047501e-08,-0.0162331
7.052501e-08,-0.0170021
7.057501e-08,-0.0195836
7.062501e-08,-0.0124433
7.067501e-08,-0.00810428
7.072501e-08,-0.00294135
7.077501e-08,0.00235889
7.082501e-08,-0.00354552
7.087501e-08,-0.00513834
7.092501e-08,-0.00019511
7.097501e-08,-0.00258434
7.102501e-08,-0.0015133
7.107501e-08,0.00587408
7.112501e-08,0.00738451
7.117501e-08,0.0104328
7.122501e-08,0.0179026
7.127501e-08,0.0147444
7.132501e-08,0.00477558
7.137501e-08,0.000134438
7.142501e-08,-0.00274911
7.147501e-08,-0.00414969
7.152501e-08,-0.00656638
7.157501e-08,-0.0142009
7.162501e-08,-0.0209567
7.167501e-08,-0.0281244
7.172501e-08,-0.0297172
7.177501e-08,-0.0212038
7.182501e-08,-0.0131299
7.187501e-08,-0.00233718
7.192501e-08,0.0102955
7.197501e-08,0.0204566
7.202501e-08,0.0336111
7.207501e-08,0.0410809
7.212501e-08,0.0313866
7.217501e-08,0.0106525
7.222501e-08,-0.00467148
7.227501e-08,-0.00944993
7.232501e-08,-0.0120863
7.237501e-08,-0.0136517
7.242501e-08,-0.0155191
7.247501e-08,-0.0182928
7.252501e-08,-0.0145854
7.257501e-08,-0.00719802
7.262501e-08,-0.00343567
7.267501e-08,-0.00505595
7.272501e-08,-0.00302374
7.277501e-08,0.00521498
7.282501e-08,0.000875923
7.287501e-08,-0.0132947
7.292501e-08,-0.0185674
7.297501e-08,-0.012663
7.302501e-08,-0.00571505
7.307501e-08,-0.010466
7.312501e-08,-0.0176063
7.317501e-08,-0.013432
7.322501e-08,-0.00541296
7.327501e-08,-0.00332582
7.332501e-08,-0.00467148
7.337501e-08,-0.00403984
7.342501e-08,-0.0092577
7.347501e-08,-0.0218629
7.352501e-08,-0.0273829
7.357501e-08,-0.0244169
7.362501e-08,-0.0249662
7.367501e-08,-0.0286461
7.372501e-08,-0.0280969
7.377501e-08,-0.0263118
7.382501e-08,-0.0272181
7.387501e-08,-0.0265315
7.392501e-08,-0.0161508
7.397501e-08,-0.00524819
7.402501e-08,-0.010164
7.407501e-08,-0.0159036
7.412501e-08,-0.0102738
7.417501e-08,-0.0067037
7.422501e-08,-0.0103562
7.427501e-08,-0.0115645
7.432501e-08,-0.00502849
7.437501e-08,-0.00376522
7.442501e-08,-0.0096971
7.447501e-08,-0.00934009
7.452501e-08,-0.00574251
7.457501e-08,-0.00769234
7.462501e-08,-0.0157114
7.467501e-08,-0.017414
7.472501e-08,-0.00730787
7.477501e-08,-0.000744358
7.482501e-08,-0.000826745
7.487501e-08,0.00584661
7.492501e-08,0.0207587
7.497501e-08,0.0259216
7.502501e-08,0.019056
7.507501e-08,0.0211981
7.512501e-08,0.0219945
7.517501e-08,0.00988359
7.522501e-08,0.0057093
7.527501e-08,0.00252367
7.532501e-08,-0.00445178
7.537501e-08,0.00461081
7.542501e-08,0.0101857
7.547501e-08,0.000820998
7.552501e-08,-0.000387347
7.557501e-08,0.00200188
7.562501e-08,-0.00269419
7.567501e-08,-0.0115645
7.572501e-08,-0.0193364
7.577501e-08,-0.0148051
7.582501e-08,-0.00898307
7.587501e-08,-0.0136242
7.592501e-08,-0.0124983
7.597501e-08,-0.00384761
7.602501e-08,0.00208427
7.607501e-08,0.00576423
7.612501e-08,0.00581915
7.617501e-08,-0.000359885
7.622501e-08,-0.0108231
7.627501e-08,-0.0177161
7.632501e-08,-0.0150797
7.637501e-08,-0.0128003
7.642501e-08,-0.015574
7.647501e-08,-0.0100266
7.652501e-08,0.000766073
7.657501e-08,0.00408902
7.662501e-08,0.0010407
7.667501e-08,-0.000579584
7.672501e-08,0.00472066
7.677501e-08,0.00818092
7.682501e-08,0.00554453
7.687501e-08,0.0010407
7.692501e-08,-0.0107956
7.697501e-08,-0.0204624
7.702501e-08,-0.0178534
7.707501e-08,-0.0168648
7.712501e-08,-0.0193364
7.717501e-08,-0.0162331
7.722501e-08,-0.0101365
7.727501e-08,-0.0104111
7.732501e-08,-0.0156015
7.737501e-08,-0.0103562
7.742501e-08,-0.00566013
7.747501e-08,-0.0193639
7.752501e-08,-0.0308431
7.757501e-08,-0.0241698
7.762501e-08,-0.00673116
7.767501e-08,0.012108
7.772501e-08,0.0187265
7.777501e-08,0.0112018
7.782501e-08,0.00288068
7.787501e-08,-0.00236464
7.792501e-08,-0.00917531
7.797501e-08,-0.0146403
7.802501e-08,-0.0138165
7.807501e-08,-0.00895561
7.812501e-08,-0.00343567
7.817501e-08,0.00524244
7.822501e-08,0.0154035
7.827501e-08,0.0211706
7.832501e-08,0.0239169
7.837501e-08,0.0197975
7.842501e-08,0.0109272
7.847501e-08,0.0052699
7.852501e-08,-0.00557774
7.857501e-08,-0.0187048
7.862501e-08,-0.0216158
7.867501e-08,-0.0204349
7.872501e-08,-0.0206821
7.877501e-08,-0.0180457
7.882501e-08,-0.0152445
7.887501e-08,-0.0208468
7.892501e-08,-0.0263942
7.897501e-08,-0.0185949
7.902501e-08,-0.0154917
7.907501e-08,-0.0271906
7.912501e-08,-0.0315572
7.917501e-08,-0.0270259
7.922501e-08,-0.0209567
7.927501e-08,-0.0100541
7.932501e-08,-0.00360045
7.937501e-08,0.00109562
7.942501e-08,0.00757675
7.947501e-08,0.00408902
7.952501e-08,-0.00263926
7.957501e-08,-0.00832398
7.962501e-08,-0.0200779
7.967501e-08,-0.0275751
7.972501e-08,-0.0176337
7.977501e-08,-0.00252941
7.982501e-08,0.00180964
7.987501e-08,0.00590154
7.992501e-08,0.016145
7.997501e-08,0.016859
8.002501e-08,0.00716481
8.007501e-08,0.00656064
8.012501e-08,0.0151564
8.017501e-08,0.0209509
8.022501e-08,0.022324
8.027501e-08,0.015788
8.032501e-08,0.0087027
8.037501e-08,0.0151014
8.042501e-08,0.0245485
8.047501e-08,0.0226811
8.052501e-08,0.0172984
8.057501e-08,0.0164746
8.062501e-08,0.0152113
8.067501e-08,0.0117236
8.072501e-08,0.0107349
8.077501e-08,0.00856539
8.082501e-08,-0.000497197
8.087501e-08,-0.0103287
8.092501e-08,-0.0129926
8.097501e-08,-0.00541296
8.102501e-08,0.00362216
8.107501e-08,0.0105152
8.112501e-08,0.0213903
8.117501e-08,0.0211432
8.122501e-08,0.00785137
8.127501e-08,0.00694511
8.132501e-08,0.0163372
8.137501e-08,0.0195778
8.142501e-08,0.0168316
8.147501e-08,0.00905971
8.152501e-08,0.000766073
8.157501e-08,-0.00379268
8.162501e-08,-0.0109329
8.167501e-08,-0.0153269
8.172501e-08,-0.0114272
8.177501e-08,-0.0115096
8.182501e-08,-0.0135968
8.187501e-08,-0.00500103
8.192501e-08,0.0113116
8.197501e-08,0.0257568
8.202501e-08,0.027487
8.207501e-08,0.017271
8.212501e-08,0.00999344
8.217501e-08,0.00554453
8.222501e-08,0.000244288
8.227501e-08,2.45887e-05
8.232501e-08,0.00208427
8.237501e-08,0.00356724
8.242501e-08,0.00452842
8.247501e-08,0.00200188
8.252501e-08,-0.00329836
8.257501e-08,-0.00511088
8.262501e-08,-0.000799283
8.267501e-08,0.00216665
8.272501e-08,0.00364962
8.277501e-08,0.00238635
8.282501e-08,-0.00826905
8.287501e-08,-0.0146403
8.292501e-08,-0.0121962
8.297501e-08,-0.0154642
8.302501e-08,-0.0239501
8.307501e-08,-0.0278223
8.312501e-08,-0.0232635
8.317501e-08,-0.0148051
8.322501e-08,-0.00546789
8.327501e-08,0.00499528
8.332501e-08,0.0125749
8.337501e-08,0.0128495
8.342501e-08,0.00612124
8.347501e-08,-0.00351806
8.352501e-08,-0.00873591
8.357501e-08,-0.00209002
8.362501e-08,0.00172726
8.367501e-08,-0.00835144
8.372501e-08,-0.0100266
8.377501e-08,-0.00280404
8.382501e-08,-0.00110137
8.387501e-08,-0.000661971
8.392501e-08,-0.00417716
8.397501e-08,-0.00417716
8.402501e-08,-0.00140346
8.407501e-08,-0.00994426
8.412501e-08,-0.00999918
8.417501e-08,0.00117801
8.422501e-08,-0.000936595
8.427501e-08,-0.00939501
8.432501e-08,-0.0124708
8.437501e-08,-0.0169472
8.442501e-08,-0.0258724
8.447501e-08,-0.0340562
8.452501e-08,-0.0304587
8.457501e-08,-0.019968
8.462501e-08,-0.0233734
8.467501e-08,-0.0346329
8.472501e-08,-0.0350449
8.477501e-08,-0.0274103
8.482501e-08,-0.0186773
8.487501e-08,-0.0106308
8.492501e-08,-0.00733533
8.497501e-08,-0.0102738
8.502501e-08,-0.0154367
8.507501e-08,-0.0184027
8.512501e-08,-0.0156839
8.517501e-08,-0.00955978
8.522501e-08,-0.0102189
8.527501e-08,-0.0151621
8.532501e-08,-0.0124983
8.537501e-08,-0.00502849
8.542501e-08,-0.00192524
8.547501e-08,-0.0049461
8.552501e-08,-0.00791204
8.557501e-08,-0.0069234
8.562501e-08,-0.010164
8.567501e-08,-0.0219728
8.572501e-08,-0.0265315
8.577501e-08,-0.014503
8.582501e-08,-0.00088167
8.587501e-08,0.00859285
8.592501e-08,0.0179026
8.597501e-08,0.0141952
8.602501e-08,-0.00478133
8.607501e-08,-0.0209567
8.612501e-08,-0.0252957
8.617501e-08,-0.018183
8.622501e-08,-0.0108231
8.627501e-08,-0.0116195
8.632501e-08,-0.00736279
8.637501e-08,0.0042538
8.642501e-08,0.00947165
8.647501e-08,0.00851047
8.652501e-08,0.00900479
8.657501e-08,0.0119433
8.662501e-08,0.0095815
8.667501e-08,-0.00145838
8.672501e-08,-0.0125532
8.677501e-08,-0.0151346
8.682501e-08,-0.00703324
8.687501e-08,0.000409062
8.692501e-08,0.0010407
8.697501e-08,0.00156248
8.702501e-08,-0.00332582
8.707501e-08,-0.013432
8.712501e-08,-0.014915
8.717501e-08,-0.010878
8.722501e-08,-0.0077198
8.727501e-08,-0.00126614
8.732501e-08,0.00433618
8.737501e-08,0.00332008
8.742501e-08,-0.0034906
8.747501e-08,-0.00596221
8.752501e-08,0.00436365
8.757501e-08,0.00993851
8.762501e-08,-0.000112723
8.767501e-08,-0.00689593
8.772501e-08,-0.00620937
8.777501e-08,-0.00796697
8.782501e-08,-0.00909292
8.787501e-08,-0.00966963
8.792501e-08,-0.0109329
8.797501e-08,-0.0130475
8.802501e-08,-0.0211214
8.807501e-08,-0.0313924
8.812501e-08,-0.0354568
8.817501e-08,-0.0258999
8.822501e-08,-0.00807682
8.827501e-08,-0.000799283
8.832501e-08,-0.00214494
8.837501e-08,-0.00379268
8.842501e-08,-0.0132397
8.847501e-08,-0.0193364
8.852501e-08,-0.00898307
8.857501e-08,-0.00434193
8.862501e-08,-0.0163155
8.867501e-08,-0.022934
8.872501e-08,-0.0144481
8.877501e-08,-0.00431447
8.882501e-08,-0.00505595
8.887501e-08,-0.0135693
8.892501e-08,-0.0152445
8.897501e-08,-0.00310612
8.902501e-08,0.00735705
8.907501e-08,0.00340246
8.912501e-08,-0.00382015
8.917501e-08,-0.00587982
8.922501e-08,-0.00211748
8.927501e-08,0.00859285
8.932501e-08,0.0139206
8.937501e-08,0.0101033
8.942501e-08,0.0144149
8.947501e-08,0.0197426
8.952501e-08,0.00908718
8.957501e-08,-0.00230971
8.962501e-08,-0.00895561
8.967501e-08,-0.0213961
8.972501e-08,-0.0236205
8.977501e-08,-0.0096971
8.982501e-08,0.000436525
8.987501e-08,0.00142517
8.992501e-08,0.000463987
8.997501e-08,-0.00170554
9.002501e-08,-0.010164
9.007501e-08,-0.0168648
9.012501e-08,-0.00857114
9.017501e-08,0.00186457
9.022501e-08,-0.00258434
9.027501e-08,-0.0140362
9.032501e-08,-0.0197209
9.037501e-08,-0.0154367
9.042501e-08,-0.00527565
9.047501e-08,-0.00123868
9.052501e-08,-0.00700578
9.057501e-08,-0.0138714
9.062501e-08,-0.0139812
9.067501e-08,-0.00675862
9.072501e-08,0.000930848
9.077501e-08,0.00095831
9.082501e-08,-0.00659385
9.087501e-08,-0.014146
9.092501e-08,-0.0146678
9.097501e-08,-0.00826905
9.102501e-08,-0.00118376
9.107501e-08,0.00647825
9.112501e-08,0.0112842
9.117501e-08,0.00820838
9.122501e-08,0.0103504
9.127501e-08,0.0194954
9.132501e-08,0.0199348
9.137501e-08,0.00991105
9.142501e-08,-0.00030496
9.147501e-08,-0.00346313
9.152501e-08,-0.0026118
9.157501e-08,-0.00104644
9.162501e-08,0.00112308
9.167501e-08,-0.00145838
9.172501e-08,-0.00445178
9.177501e-08,0.00400663
9.182501e-08,0.0138931
9.187501e-08,0.0122179
9.192501e-08,0.00886748
9.197501e-08,0.00683526
9.202501e-08,0.00208427
9.207501e-08,-0.0015133
9.212501e-08,-0.00513834
9.217501e-08,-0.00563266
9.222501e-08,-0.000140186
9.227501e-08,0.00634094
9.232501e-08,0.00834569
9.237501e-08,0.00518752
9.242501e-08,0.00342992
9.247501e-08,0.00310038
9.252501e-08,0.00120547
9.257501e-08,-0.00777473
9.262501e-08,-0.027987
9.267501e-08,-0.0407021
9.272501e-08,-0.0351273
9.277501e-08,-0.0255978
9.282501e-08,-0.0183203
9.287501e-08,-0.0112899
9.292501e-08,-0.00673116
9.297501e-08,-0.0106308
9.302501e-08,-0.0195836
9.307501e-08,-0.0213411
9.312501e-08,-0.0167549
9.317501e-08,-0.0135144
9.322501e-08,-0.00950486
9.327501e-08,-0.00357298
9.332501e-08,-0.00250195
9.337501e-08,-0.00203509
9.342501e-08,0.0038144
9.347501e-08,0.0107898
9.352501e-08,0.0168865
9.357501e-08,0.0201545
9.362501e-08,0.0219121
9.367501e-08,0.0244112
9.372501e-08,0.0283108
9.377501e-08,0.0298487
9.382501e-08,0.0172435
9.387501e-08,0.00235889
9.392501e-08,0.000766073
9.397501e-08,-0.00829651
9.402501e-08,-0.0240325
9.407501e-08,-0.0241148
9.412501e-08,-0.0212862
9.417501e-08,-0.0229614
9.422501e-08,-0.0208468
9.427501e-08,-0.0210665
9.432501e-08,-0.0232361
9.437501e-08,-0.0246641
9.442501e-08,-0.0265315
9.447501e-08,-0.0241698
9.452501e-08,-0.0176337
9.457501e-08,-0.00975202
9.462501e-08,-0.00618191
9.467501e-08,-0.013075
9.472501e-08,-0.021094
9.477501e-08,-0.0223298
9.482501e-08,-0.0240599
9.487501e-08,-0.0279321
9.492501e-08,-0.0291679
9.497501e-08,-0.0273829
9.502501e-08,-0.0237304
9.507501e-08,-0.0196934
9.512501e-08,-0.0160684
9.517501e-08,-0.0168922
9.522501e-08,-0.0193639
9.527501e-08,-0.0185949
9.532501e-08,-0.0209567
9.537501e-08,-0.0242247
9.542501e-08,-0.0224946
9.547501e-08,-0.0198582
9.552501e-08,-0.017057
9.557501e-08,-0.0118666
9.562501e-08,-0.00799443
9.567501e-08,-0.00623684
9.572501e-08,-0.00544043
9.577501e-08,-0.00695086
9.582501e-08,-0.00703324
9.587501e-08,-0.00365537
9.592501e-08,-0.000716896
9.597501e-08,-0.00244703
9.602501e-08,-0.0107956
9.607501e-08,-0.0183477
9.612501e-08,-0.0169197
9.617501e-08,-0.010109
9.622501e-08,-0.00425954
9.627501e-08,-0.00802189
9.632501e-08,-0.0160409
9.637501e-08,-0.0146953
9.642501e-08,-0.0147776
9.647501e-08,-0.0197483
9.652501e-08,-0.0196934
9.657501e-08,-0.0189245
9.662501e-08,-0.0227143
9.667501e-08,-0.0282891
9.672501e-08,-0.0304861
9.677501e-08,-0.0269984
9.682501e-08,-0.0182104
9.687501e-08,-0.00953232
9.692501e-08,-0.00483625
9.697501e-08,-0.00376522
9.702501e-08,-0.0124159
9.707501e-08,-0.0261471
9.712501e-08,-0.0224396
9.717501e-08,-0.00914785
9.722501e-08,-0.0145854
9.727501e-08,-0.0241423
9.732501e-08,-0.0176887
9.737501e-08,-0.0133771
9.742501e-08,-0.0156564
9.747501e-08,-0.0119215
9.752501e-08,-0.0104111
9.757501e-08,-0.013432
9.762501e-08,-0.0122786
9.767501e-08,-0.0122786
9.772501e-08,-0.0169746
9.777501e-08,-0.0205997
9.782501e-08,-0.0171943
9.787501e-08,-0.00387507
9.792501e-08,0.00581915
9.797501e-08,0.00406156
9.802501e-08,0.00466573
9.807501e-08,0.00428126
9.812501e-08,0.000161901
9.817501e-08,0.00417141
9.822501e-08,0.00450096
9.827501e-08,-0.00788458
9.832501e-08,-0.0158487
9.837501e-08,-0.0099168
9.842501e-08,-0.00145838
9.847501e-08,-0.00145838
9.852501e-08,-0.00689593
9.857501e-08,-0.00917531
9.862501e-08,-0.012663
9.867501e-08,-0.0240874
9.872501e-08,-0.0281793
9.877501e-08,-0.0265041
9.882501e-08,-0.0340837
9.887501e-08,-0.0368025
9.892501e-08,-0.0319416
9.897501e-08,-0.0265315
9.902501e-08,-0.0128278
9.907501e-08,0.0010407
9.912501e-08,0.00576423
9.917501e-08,0.00595646
9.922501e-08,-0.000744358
9.927501e-08,-0.00615445
9.932501e-08,-0.00137599
9.937501e-08,-0.00236464
9.942501e-08,-0.00579744
9.947501e-08,0.00230397
9.952501e-08,0.00787883
9.957501e-08,0.00807107
9.962501e-08,0.00840062
9.967501e-08,0.005929
9.972501e-08,0.0087027
9.977501e-08,0.0125749
9.982501e-08,0.00793376
9.987501e-08,0.00106816
9.992501e-08,-0.00436939
9.997501e-08,-0.00684101
1.00025e-07,-0.0100541
1.00075e-07,-0.0215608
1.00125e-07,-0.0262295
1.00175e-07,-0.0176337
1.00225e-07,-0.0191991
1.00275e-07,-0.0254056
1.00325e-07,-0.0110977
1.00375e-07,0.0110095
1.00425e-07,0.0163922
1.00475e-07,0.0082633
1.00525e-07,0.00417141
1.00575e-07,0.00518752
1.00625e-07,0.00299053
1.00675e-07,0.00301799
1.00725e-07,0.00529737
1.00775e-07,-0.000689433
1.00825e-07,-0.0144756
1.00875e-07,-0.022934
1.00925e-07,-0.0175513
1.00975e-07,-0.0126905
1.01025e-07,-0.0209292
1.01075e-07,-0.0321064
1.01125e-07,-0.0330401
1.01175e-07,-0.0237029
1.01225e-07,-0.014503
1.01275e-07,-0.0103287
1.01325e-07,-0.00873591
1.01375e-07,-0.00931262
1.01425e-07,-0.010109
1.01475e-07,-0.00890069
1.01525e-07,-0.00876338
1.01575e-07,-0.0094774
1.01625e-07,-0.0117842
1.01675e-07,-0.0204624
1.01725e-07,-0.0299918
1.01775e-07,-0.0332873
1.01825e-07,-0.0315572
1.01875e-07,-0.0277399
1.01925e-07,-0.0249936
1.01975e-07,-0.0219453
1.02025e-07,-0.0149973
1.02075e-07,-0.00667623
1.02125e-07,5.20511e-05
1.02175e-07,0.0038144
1.02225e-07,0.00178218
1.02275e-07,-0.0028315
1.02325e-07,-0.010878
1.02375e-07,-0.0238402
1.02425e-07,-0.0264766
1.02475e-07,-0.0232086
1.02525e-07,-0.0276575
1.02575e-07,-0.0234283
1.02625e-07,-0.00763742
1.02675e-07,0.000711148
1.02725e-07,-0.00222733
1.02775e-07,-0.00892815
1.02825e-07,-0.0133771
1.02875e-07,-0.0184301
1.02925e-07,-0.0223847
1.02975e-07,-0.0145854
1.03025e-07,-0.00225479
1.03075e-07,-2.87366e-06
1.03125e-07,-0.00250195
1.03175e-07,0.000189363
1.03225e-07,7.95135e-05
1.03275e-07,-0.009038
1.03325e-07,-0.0143108
1.03375e-07,-0.0107407
1.03425e-07,-0.00475387
1.03475e-07,0.00175472
1.03525e-07,0.00469319
1.03575e-07,0.00727466
1.03625e-07,0.0111469
1.03675e-07,0.0108448
1.03725e-07,0.01068
1.03775e-07,0.0105701
1.03825e-07,0.00554453
1.03875e-07,-0.00475387
1.03925e-07,-0.00788458
1.03975e-07,0.00461081
1.04025e-07,0.0120257
1.04075e-07,0.00669795
1.04125e-07,0.00634094
1.04175e-07,0.0125474
1.04225e-07,0.0148817
1.04275e-07,0.0160352
1.04325e-07,0.0214727
1.04375e-07,0.0257294
1.04425e-07,0.0266082
1.04475e-07,0.0218572
1.04525e-07,0.0098012
1.04575e-07,0.000409062
1.04625e-07,-0.00766488
1.04675e-07,-0.0177436
1.04725e-07,-0.0209292
1.04775e-07,-0.0184576
1.04825e-07,-0.00939501
1.04875e-07,0.00342992
1.04925e-07,0.00164487
1.04975e-07,-0.0015133
1.05025e-07,0.00727466
1.05075e-07,0.0012604
1.05125e-07,-0.0171943
1.05175e-07,-0.0204349
1.05225e-07,-0.0138714
1.05275e-07,-0.0146129
1.05325e-07,-0.0197483
1.05375e-07,-0.0213137
1.05425e-07,-0.0212588
1.05475e-07,-0.017771
1.05525e-07,-0.00939501
1.05575e-07,-0.00876338
1.05625e-07,-0.015986
1.05675e-07,-0.0179084
1.05725e-07,-0.0148326
1.05775e-07,-0.00835144
1.05825e-07,-0.00296881
1.05875e-07,-0.00420462
1.05925e-07,-0.00774727
1.05975e-07,-0.0109604
1.06025e-07,-0.010521
1.06075e-07,-0.00802189
1.06125e-07,-0.00758249
1.06175e-07,-0.0049461
1.06225e-07,-0.00269419
1.06275e-07,-0.010109
1.06325e-07,-0.0206821
1.06375e-07,-0.0209567
1.06425e-07,-0.0173591
1.06475e-07,-0.0168922
1.06525e-07,-0.01486
1.06575e-07,-0.00810428
1.06625e-07,0.00194696
1.06675e-07,0.0065881
1.06725e-07,0.0057093
1.06775e-07,0.0063684
1.06825e-07,0.00609378
1.06875e-07,0.00345739
1.06925e-07,-0.000414809
1.06975e-07,-0.00401238
1.07025e-07,-0.0056052
1.07075e-07,-0.0123609
1.07125e-07,-0.0199131
1.07175e-07,-0.0187322
1.07225e-07,-0.0212588
1.07275e-07,-0.0279321
1.07325e-07,-0.0276575
1.07375e-07,-0.0279047
1.07425e-07,-0.0283715
1.07475e-07,-0.0225495
1.07525e-07,-0.0137615
1.07575e-07,-0.006484
1.07625e-07,-0.00642907
1.07675e-07,-0.00912039
1.07725e-07,-0.00733533
1.07775e-07,-0.00552281
1.07825e-07,-0.00456163
1.07875e-07,0.00268844
1.07925e-07,0.0130692
1.07975e-07,0.0196877
1.08025e-07,0.0289974
1.08075e-07,0.0364123
1.08125e-07,0.0300684
1.08175e-07,0.021253
1.08225e-07,0.0182596
1.08275e-07,0.00889494
1.08325e-07,-0.00491864
1.08375e-07,-0.00870845
1.08425e-07,-0.00824159
1.08475e-07,-0.0109878
1.08525e-07,-0.0115371
1.08575e-07,-0.0138165
1.08625e-07,-0.0236205
1.08675e-07,-0.0313924
1.08725e-07,-0.0271632
1.08775e-07,-0.0146953
1.08825e-07,-0.00700578
1.08875e-07,-0.0092577
1.08925e-07,-0.0114547
1.08975e-07,-0.0106583
1.09025e-07,-0.0105759
1.09075e-07,-0.00931262
1.09125e-07,-0.00972456
1.09175e-07,-0.012718
1.09225e-07,-0.00950486
1.09275e-07,-0.000964057
1.09325e-07,0.00263352
1.09375e-07,-0.00121122
1.09425e-07,-0.00988933
1.09475e-07,-0.0182104
1.09525e-07,-0.0187048
1.09575e-07,-0.00955978
1.09625e-07,-0.00310612
1.09675e-07,-0.00782965
1.09725e-07,-0.00681355
1.09775e-07,-0.00200763
1.09825e-07,-0.0133496
1.09875e-07,-0.0220826
1.09925e-07,-0.0182928
1.09975e-07,-0.0187048
1.10025e-07,-0.0157114
1.10075e-07,-0.00884576
1.10125e-07,-0.00601714
1.10175e-07,-0.00403984
1.10225e-07,-0.0136242
1.10275e-07,-0.0232635
1.10325e-07,-0.0135693
1.10375e-07,-0.00439686
1.10425e-07,-0.00288642
1.10475e-07,-0.000524659
1.10525e-07,-0.00439686
1.10575e-07,-0.00596221
1.10625e-07,0.00321023
1.10675e-07,0.00735705
1.10725e-07,0.0042538
1.10775e-07,0.00123293
1.10825e-07,-0.00461655
1.10875e-07,-0.00920277
1.10925e-07,-0.0099168
1.10975e-07,-0.0121412
1.11025e-07,-0.0115371
1.11075e-07,-0.00747264
1.11125e-07,-0.00711563
1.11175e-07,-0.009038
1.11225e-07,-0.0110977
1.11275e-07,-0.0110702
1.11325e-07,-0.00708817
1.11375e-07,-0.00513834
1.11425e-07,-0.0088183
1.11475e-07,-0.0118941
1.11525e-07,-0.012718
1.11575e-07,-0.0156564
1.11625e-07,-0.0166451
1.11675e-07,-0.0120589
1.11725e-07,-0.00469894
1.11775e-07,0.00277083
1.11825e-07,0.0112842
1.11875e-07,0.0163647
1.11925e-07,0.00916956
1.11975e-07,-0.001733
1.12025e-07,-0.00758249
1.12075e-07,-0.00755503
1.12125e-07,0.00257859
1.12175e-07,0.00472066
1.12225e-07,-0.0103562
1.12275e-07,-0.0187871
1.12325e-07,-0.0164803
1.12375e-07,-0.0135693
1.12425e-07,-0.0139812
1.12475e-07,-0.022879
1.12525e-07,-0.0295799
1.12575e-07,-0.0248289
1.12625e-07,-0.0183203
1.12675e-07,-0.0135693
1.12725e-07,-0.0122236
1.12775e-07,-0.0139812
1.12825e-07,-0.0156839
1.12875e-07,-0.0235656
1.12925e-07,-0.0297996
1.12975e-07,-0.0268886
1.13025e-07,-0.0276575
1.13075e-07,-0.0337267
1.13125e-07,-0.0337816
1.13175e-07,-0.0245817
1.13225e-07,-0.0121687
1.13275e-07,-0.00401238
1.13325e-07,-0.00346313
1.13375e-07,-0.00310612
1.13425e-07,0.00304545
1.13475e-07,0.00301799
1.13525e-07,-0.00640161
1.13575e-07,-0.0081592
1.13625e-07,-0.000854208
1.13675e-07,0.00452842
1.13725e-07,0.0130143
1.13775e-07,0.020896
1.13825e-07,0.0151289
1.13875e-07,0.0107898
1.13925e-07,0.0143325
1.13975e-07,0.0102681
1.14025e-07,0.0027159
1.14075e-07,-0.00483625
1.14125e-07,-0.0120863
1.14175e-07,-0.0103287
1.14225e-07,-0.00593475
1.14275e-07,-0.00222733
1.14325e-07,0.00719227
1.14375e-07,0.0153211
1.14425e-07,0.0182047
1.14475e-07,0.0191384
1.14525e-07,0.0182596
1.14575e-07,0.0205115
1.14625e-07,0.022324
1.14675e-07,0.0160901
1.14725e-07,0.00894986
1.14775e-07,-0.000359885
1.14825e-07,-0.0156015
1.14875e-07,-0.0237578
1.14925e-07,-0.0193913
1.14975e-07,-0.012663
1.15025e-07,-0.00914785
1.15075e-07,-0.00335328
1.15125e-07,0.00422633
1.15175e-07,0.0082633
1.15225e-07,0.0134262
1.15275e-07,0.0157331
1.15325e-07,0.00763167
1.15375e-07,0.00158994
1.15425e-07,0.000436525
1.15475e-07,-0.00708817
1.15525e-07,-0.0128278
1.15575e-07,-0.00728041
1.15625e-07,0.00153502
1.15675e-07,0.00334754
1.15725e-07,-0.000716896
1.15775e-07,0.000820998
1.15825e-07,0.00798868
1.15875e-07,0.00406156
1.15925e-07,-0.0131848
1.15975e-07,-0.0227967
1.16025e-07,-0.0197209
1.16075e-07,-0.01854
1.16125e-07,-0.0188421
1.16175e-07,-0.0129102
1.16225e-07,-0.00219986
1.16275e-07,0.00938926
1.16325e-07,0.0149367
1.16375e-07,0.00856539
1.16425e-07,0.000573836
1.16475e-07,0.000546374
1.16525e-07,-0.00148584
1.16575e-07,-0.00766488
1.16625e-07,-0.0113723
1.16675e-07,-0.0157114
1.16725e-07,-0.0174415
1.16775e-07,-0.0128553
1.16825e-07,-0.00609952
1.16875e-07,0.00208427
1.16925e-07,0.0107898
1.16975e-07,0.0186715
1.17025e-07,0.0219396
1.17075e-07,0.0187539
1.17125e-07,0.0109272
1.17175e-07,-0.0034906
1.17225e-07,-0.0171943
1.17275e-07,-0.0227417
1.17325e-07,-0.0225495
1.17375e-07,-0.0164803
1.17425e-07,-0.0112625
1.17475e-07,-0.0143932
1.17525e-07,-0.0188421
1.17575e-07,-0.0118117
1.17625e-07,0.00211173
1.17675e-07,0.00642333
1.17725e-07,0.00117801
1.17775e-07,-0.00697832
1.17825e-07,-0.0156839
1.17875e-07,-0.0244444
1.17925e-07,-0.0300467
1.17975e-07,-0.0217531
1.18025e-07,-0.00961471
1.18075e-07,-0.0106034
1.18125e-07,-0.00931262
1.18175e-07,-0.0034906
1.18225e-07,-0.00659385
1.18275e-07,-0.00552281
1.18325e-07,0.00384186
1.18375e-07,0.0121904
1.18425e-07,0.0154859
1.18475e-07,0.00233143
1.18525e-07,-0.0150523
1.18575e-07,-0.00977948
1.18625e-07,0.00408902
1.18675e-07,0.00436365
1.18725e-07,-0.00134853
1.18775e-07,-0.00285896
1.18825e-07,-0.000497197
1.18875e-07,0.00084846
1.18925e-07,-0.001733
1.18975e-07,-0.00398492
1.19025e-07,-0.00664877
1.19075e-07,-0.0109054
1.19125e-07,-0.00653892
1.19175e-07,0.00543468
1.19225e-07,0.00444603
1.19275e-07,-0.00873591
1.19325e-07,-0.010109
1.19375e-07,-0.0067037
1.19425e-07,-0.0115645
1.19475e-07,-0.017771
1.19525e-07,-0.022934
1.19575e-07,-0.0206821
1.19625e-07,-0.0171394
1.19675e-07,-0.0198033
1.19725e-07,-0.0193089
1.19775e-07,-0.0120314
1.19825e-07,0.00430872
1.19875e-07,0.0160352
1.19925e-07,0.0089224
1.19975e-07,0.00450096
1.20025e-07,0.00798868
1.20075e-07,0.00606631
1.20125e-07,0.00796122
1.20175e-07,0.00933434
1.20225e-07,-0.00198017
1.20275e-07,-0.0143108
1.20325e-07,-0.0156564
1.20375e-07,-0.00703324
1.20425e-07,0.00474812
1.20475e-07,0.00941673
1.20525e-07,0.0057093
1.20575e-07,-0.00134853
1.20625e-07,-0.0117293
1.20675e-07,-0.0148326
1.20725e-07,-0.0037103
1.20775e-07,0.00581915
1.20825e-07,0.00516006
1.20875e-07,0.00233143
1.20925e-07,0.00128786
1.20975e-07,0.00139771
1.21025e-07,0.0029356
1.21075e-07,-0.00384761
1.21125e-07,-0.0195836
1.21175e-07,-0.0227143
1.21225e-07,-0.0185125
1.21275e-07,-0.024005
1.21325e-07,-0.0251584
1.21375e-07,-0.0180457
1.21425e-07,-0.0173866
1.21475e-07,-0.0227692
1.21525e-07,-0.0223573
1.21575e-07,-0.0164803
1.21625e-07,-0.0125806
1.21675e-07,-0.00884576
1.21725e-07,-0.00530311
1.21775e-07,-0.00980695
1.21825e-07,-0.0237578
1.21875e-07,-0.0330951
1.21925e-07,-0.0327106
1.21975e-07,-0.0318043
1.22025e-07,-0.0308981
1.22075e-07,-0.0289208
1.22125e-07,-0.0188146
1.22175e-07,-0.00390253
1.22225e-07,-0.00453417
1.22275e-07,-0.00955978
1.22325e-07,-0.0021724
1.22375e-07,0.00299053
1.22425e-07,-0.00335328
1.22475e-07,-0.0106308
1.22525e-07,-0.0108231
1.22575e-07,-0.00997172
1.22625e-07,-0.0180731
1.22675e-07,-0.0297446
1.22725e-07,-0.0281518
1.22775e-07,-0.0178809
1.22825e-07,-0.0166176
1.22875e-07,-0.0145305
1.22925e-07,-0.00244703
1.22975e-07,0.00537975
1.23025e-07,0.00727466
1.23075e-07,0.0070275
1.23125e-07,-0.00159569
1.23175e-07,-0.0113723
1.23225e-07,-0.0128553
1.23275e-07,-0.0135968
1.23325e-07,-0.0126905
1.23375e-07,-0.00549535
1.23425e-07,-0.00555028
1.23475e-07,-0.0135968
1.23525e-07,-0.0155191
1.23575e-07,-0.0113448
1.23625e-07,-0.0034906
1.23675e-07,0.000491449
1.23725e-07,-0.00813174
1.23775e-07,-0.0137615
1.23825e-07,-0.0117019
1.23875e-07,-0.0157663
1.23925e-07,-0.0226044
1.23975e-07,-0.0258724
1.24025e-07,-0.0255429
1.24075e-07,-0.0198033
1.24125e-07,-0.0110977
1.24175e-07,-0.00360045
1.24225e-07,-0.00134853
1.24275e-07,-0.00401238
1.24325e-07,-0.0047264
1.24375e-07,-0.0092577
1.24425e-07,-0.0224946
1.24475e-07,-0.0248838
1.24525e-07,-0.0120589
1.24575e-07,-0.00285896
1.24625e-07,-0.000579584
1.24675e-07,-0.00368283
1.24725e-07,-0.00997172
1.24775e-07,-0.009038
1.24825e-07,-0.00785712
1.24875e-07,-0.0100816
1.24925e-07,-0.00917531
1.24975e-07,-0.0113174
1.25025e-07,-0.00722548
1.25075e-07,0.00128786
1.25125e-07,-0.00420462
1.25175e-07,-0.00758249
1.25225e-07,-0.00412223
1.25275e-07,-0.0067037
1.25325e-07,-0.0021724
1.25375e-07,0.00436365
1.25425e-07,-0.00585236
1.25475e-07,-0.0132123
1.25525e-07,-0.00656638
1.25575e-07,-0.00541296
1.25625e-07,-0.00788458
1.25675e-07,-0.00988933
1.25725e-07,-0.0143108
1.25775e-07,-0.00750011
1.25825e-07,0.00137025
1.25875e-07,-0.0053855
1.25925e-07,-0.0115096
1.25975e-07,-0.00829651
1.26025e-07,-0.00936755
1.26075e-07,-0.0142833
1.26125e-07,-0.0195286
1.26175e-07,-0.0243345
1.26225e-07,-0.0188695
1.26275e-07,-0.0117842
1.26325e-07,-0.014915
1.26375e-07,-0.0134869
1.26425e-07,-0.00958725
1.26475e-07,-0.0230987
1.26525e-07,-0.0397409
1.26575e-07,-0.0417732
1.26625e-07,-0.0368299
1.26675e-07,-0.0276575
1.26725e-07,-0.0187048
1.26775e-07,-0.00975202
1.26825e-07,0.00461081
1.26875e-07,0.0124925
1.26925e-07,0.0134812
1.26975e-07,0.0167492
1.27025e-07,0.0129044
1.27075e-07,0.00101323
1.27125e-07,-0.00118376
1.27175e-07,0.00496782
1.27225e-07,0.011751
1.27275e-07,0.0223515
1.27325e-07,0.0236697
1.27375e-07,0.0202369
1.27425e-07,0.0248506
1.27475e-07,0.0169414
1.27525e-07,0.00260605
1.27575e-07,0.00282575
1.27625e-07,0.00710988
1.27675e-07,0.0101307
1.27725e-07,0.0114764
1.27775e-07,0.00705496
1.27825e-07,0.00598393
1.27875e-07,0.0114489
1.27925e-07,0.012108
1.27975e-07,0.00763167
1.28025e-07,0.00219412
1.28075e-07,-0.00302374
1.28125e-07,0.00142517
1.28175e-07,0.0106525
1.28225e-07,0.00889494
1.28275e-07,0.00205681
1.28325e-07,0.000601299
1.28375e-07,0.00134278
1.28425e-07,0.00392425
1.28475e-07,0.00521498
1.28525e-07,0.00200188
1.28575e-07,0.000409062
1.28625e-07,-0.00384761
1.28675e-07,-0.00901054
1.28725e-07,-0.00390253
1.28775e-07,0.00202934
1.28825e-07,-0.00299627
1.28875e-07,-0.0132672
1.28925e-07,-0.0154093
1.28975e-07,-0.0088183
1.29025e-07,-0.00824159
1.29075e-07,-0.00895561
1.29125e-07,0.00323769
1.29175e-07,0.0163647
1.29225e-07,0.0189187
1.29275e-07,0.0145247
1.29325e-07,0.000546374
1.29375e-07,-0.0135693
1.29425e-07,-0.0159311
1.29475e-07,-0.0190068
1.29525e-07,-0.020737
1.29575e-07,-0.00895561
1.29625e-07,0.00288068
1.29675e-07,0.0052699
1.29725e-07,0.00664302
1.29775e-07,0.00999344
1.29825e-07,0.0134812
1.29875e-07,0.0180948
1.29925e-07,0.0178202
1.29975e-07,0.00809853
1.30025e-07,-0.00431447
1.30075e-07,-0.0138165
1.30125e-07,-0.0152445
1.30175e-07,-0.0119765
1.30225e-07,-0.0140911
1.30275e-07,-0.0153269
1.30325e-07,-0.00780219
1.30375e-07,0.00524244
1.30425e-07,0.0151289
1.30475e-07,0.0188912
1.30525e-07,0.0238345
1.30575e-07,0.0204566
1.30625e-07,-0.00189778
1.30675e-07,-0.0260921
1.30725e-07,-0.0337267
1.30775e-07,-0.026916
1.30825e-07,-0.0249936
1.30875e-07,-0.0311178
1.30925e-07,-0.0249936
1.30975e-07,-0.00802189
1.31025e-07,0.00288068
1.31075e-07,0.00713735
1.31125e-07,0.0105152
1.31175e-07,0.0119158
1.31225e-07,0.00625855
1.31275e-07,-0.000497197
1.31325e-07,0.00334754
1.31375e-07,0.0107075
1.31425e-07,0.0109546
1.31475e-07,0.00565438
1.31525e-07,-0.00170554
1.31575e-07,-0.00802189
1.31625e-07,-0.0150797
1.31675e-07,-0.0267238
1.31725e-07,-0.0380657
1.31775e-07,-0.0422675
1.31825e-07,-0.0394389
1.31875e-07,-0.0307333
1.31925e-07,-0.0224946
1.31975e-07,-0.0181006
1.32025e-07,-0.0109878
1.32075e-07,-0.00634669
1.32125e-07,-0.0037103
1.32175e-07,0.00345739
1.32225e-07,0.00353977
1.32275e-07,-0.00412223
1.32325e-07,-0.00574251
1.32375e-07,-0.00272165
1.32425e-07,-0.0034906
1.32475e-07,-0.00598967
1.32525e-07,-0.00609952
1.32575e-07,-0.00505595
1.32625e-07,-0.006484
1.32675e-07,-0.01302
1.32725e-07,-0.0234008
1.32775e-07,-0.0287011
1.32825e-07,-0.0227143
1.32875e-07,-0.0142833
1.32925e-07,-0.00780219
1.32975e-07,-0.00140346
1.33025e-07,0.00628601
1.33075e-07,0.0172984
1.33125e-07,0.0238345
1.33175e-07,0.0215826
1.33225e-07,0.014717
1.33275e-07,0.00480304
1.33325e-07,-0.00214494
1.33375e-07,-0.00167808
1.33425e-07,-0.00351806
1.33475e-07,-0.0106857
1.33525e-07,-0.0077198
1.33575e-07,0.00342992
1.33625e-07,0.00683526
1.33675e-07,0.00809853
1.33725e-07,0.0104878
1.33775e-07,0.0111194
1.33825e-07,0.0127671
1.33875e-07,0.0109272
1.33925e-07,0.00785137
1.33975e-07,0.0104878
1.34025e-07,0.0147719
1.34075e-07,0.00927941
1.34125e-07,-0.00162315
1.34175e-07,0.00178218
1.34225e-07,0.012877
1.34275e-07,0.0141677
1.34325e-07,0.00708242
1.34375e-07,-0.00414969
1.34425e-07,-0.00966963
1.34475e-07,-0.00780219
1.34525e-07,-0.00909292
1.34575e-07,-0.00961471
1.34625e-07,-0.00895561
1.34675e-07,-0.00898307
1.34725e-07,-0.00519326
1.34775e-07,-0.00244703
1.34825e-07,-0.000277498
1.34875e-07,0.00351231
1.34925e-07,0.00595646
1.34975e-07,0.00634094
1.35025e-07,-0.00110137
1.35075e-07,-0.01302
1.35125e-07,-0.0176337
1.35175e-07,-0.0198856
1.35225e-07,-0.0266414
1.35275e-07,-0.0284264
1.35325e-07,-0.0203525
1.35375e-07,-0.0118666
1.35425e-07,-0.0162057
1.35475e-07,-0.0287835
1.35525e-07,-0.0326282
1.35575e-07,-0.0325733
1.35625e-07,-0.0321339
1.35675e-07,-0.025488
1.35725e-07,-0.0176612
1.35775e-07,-0.0115645
1.35825e-07,-0.00829651
1.35875e-07,-0.00717056
1.35925e-07,-0.00291389
1.35975e-07,0.00172726
1.36025e-07,-0.0047264
1.36075e-07,-0.0131848
1.36125e-07,-0.00774727
1.36175e-07,-0.00461655
1.36225e-07,-0.0138988
1.36275e-07,-0.0209018
1.36325e-07,-0.0219179
1.36375e-07,-0.0247739
1.36425e-07,-0.0330676
1.36475e-07,-0.0401803
1.36525e-07,-0.0407845
1.36575e-07,-0.0438603
1.36625e-07,-0.0511378
1.36675e-07,-0.0427618
1.36725e-07,-0.0179633
1.36775e-07,-0.00296881
1.36825e-07,-0.00203509
1.36875e-07,-0.00456163
1.36925e-07,-0.00796697
1.36975e-07,-0.0135693
1.37025e-07,-0.021094
1.37075e-07,-0.0215059
1.37125e-07,-0.0142284
1.37175e-07,-0.0140911
1.37225e-07,-0.0197483
1.37275e-07,-0.0143657
1.37325e-07,-0.0105759
1.37375e-07,-0.0227967
1.37425e-07,-0.0321339
1.37475e-07,-0.0287285
1.37525e-07,-0.0178534
1.37575e-07,-0.00607206
1.37625e-07,0.00158994
1.37675e-07,0.00620363
1.37725e-07,0.0107349
1.37775e-07,0.0162823
1.37825e-07,0.0121355
1.37875e-07,-0.000716896
1.37925e-07,-0.00401238
1.37975e-07,0.000738611
1.38025e-07,0.00818092
1.38075e-07,0.0189462
1.38125e-07,0.0237796
1.38175e-07,0.0255646
1.38225e-07,0.0265533
1.38275e-07,0.0137009
1.38325e-07,-0.00324344
1.38375e-07,-0.00566013
1.38425e-07,-0.00280404
1.38475e-07,-0.00857114
1.38525e-07,-0.013789
1.38575e-07,-0.00854368
1.38625e-07,0.000161901
1.38675e-07,0.00763167
1.38725e-07,0.0125474
1.38775e-07,0.0160077
1.38825e-07,0.018342
1.38875e-07,0.0140029
1.38925e-07,0.00831823
1.38975e-07,0.00375947
1.39025e-07,0.00137025
1.39075e-07,0.00727466
1.39125e-07,0.0101307
1.39175e-07,0.0065881
1.39225e-07,0.00408902
1.39275e-07,-0.000744358
1.39325e-07,-0.00533058
1.39375e-07,-0.0111251
1.39425e-07,-0.0207095
1.39475e-07,-0.0241423
1.39525e-07,-0.019968
1.39575e-07,-0.0140362
1.39625e-07,-0.00601714
1.39675e-07,0.00491289
1.39725e-07,0.0126024
1.39775e-07,0.0112018
1.39825e-07,0.00579169
1.39875e-07,0.0012604
1.39925e-07,-0.0034906
1.39975e-07,-0.00942247
1.40025e-07,-0.0131024
1.40075e-07,-0.00928516
1.40125e-07,-0.00434193
1.40175e-07,-0.000222573
1.40225e-07,0.00384186
1.40275e-07,-0.00241956
1.40325e-07,-0.00870845
1.40375e-07,-0.00483625
1.40425e-07,-0.00620937
1.40475e-07,-0.012718
1.40525e-07,-0.0134869
1.40575e-07,-0.0138988
1.40625e-07,-0.0131299
1.40675e-07,-0.00263926
1.40725e-07,0.00667049
1.40775e-07,0.00491289
1.40825e-07,0.00142517
1.40875e-07,0.0027159
1.40925e-07,0.00634094
1.40975e-07,0.00628601
1.41025e-07,0.0082633
1.41075e-07,0.0235599
1.41125e-07,0.0354236
1.41175e-07,0.0254548
1.41225e-07,0.0135361
1.41275e-07,0.017628
1.41325e-07,0.0196602
1.41375e-07,0.0107898
1.41425e-07,0.00353977
1.41475e-07,0.00219412
1.41525e-07,0.00134278
1.41575e-07,-0.00782965
1.41625e-07,-0.0202427
1.41675e-07,-0.0240325
1.41725e-07,-0.0154917
1.41775e-07,-0.000140186
1.41825e-07,0.00603885
1.41875e-07,0.00301799
1.41925e-07,0.00252367
1.41975e-07,0.00364962
1.42025e-07,0.000573836
1.42075e-07,-0.00697832
1.42125e-07,-0.0138714
1.42175e-07,-0.014146
1.42225e-07,-0.00848875
1.42275e-07,-0.00176047
1.42325e-07,0.00554453
1.42375e-07,0.0115313
1.42425e-07,0.0133164
1.42475e-07,0.00645079
1.42525e-07,-0.00502849
1.42575e-07,-0.0099168
1.42625e-07,-0.0168648
1.42675e-07,-0.0312001
1.42725e-07,-0.0366102
1.42775e-07,-0.0279596
1.42825e-07,-0.0179633
1.42875e-07,-0.0117568
1.42925e-07,-0.00458909
1.42975e-07,0.00279829
1.43025e-07,0.00191949
1.43075e-07,-0.00868099
1.43125e-07,-0.0125257
1.43175e-07,-0.00593475
1.43225e-07,-0.00522073
1.43275e-07,-0.0126356
1.43325e-07,-0.0172493
1.43375e-07,-0.0116469
1.43425e-07,-0.00184285
1.43475e-07,0.00277083
1.43525e-07,0.00705496
1.43575e-07,0.0177104
1.43625e-07,0.0245485
1.43675e-07,0.019825
1.43725e-07,0.0119433
1.43775e-07,0.00208427
1.43825e-07,-0.00373776
1.43875e-07,0.00175472
1.43925e-07,0.00211173
1.43975e-07,-0.00760996
1.44025e-07,-0.0142009
1.44075e-07,-0.0126081
1.44125e-07,-0.00791204
1.44175e-07,-0.00884576
1.44225e-07,-0.0101914
1.44275e-07,-0.00620937
1.44325e-07,-0.0047264
1.44375e-07,-0.00788458
1.44425e-07,-0.0168099
1.44475e-07,-0.0256802
1.44525e-07,-0.0268062
1.44575e-07,-0.0300467
1.44625e-07,-0.0290855
1.44675e-07,-0.0181555
1.44725e-07,-0.0125532
1.44775e-07,-0.00763742
1.44825e-07,-0.00118376
1.44875e-07,0.000161901
1.44925e-07,0.00268844
1.44975e-07,0.00419887
1.45025e-07,-0.000167648
1.45075e-07,-0.00884576
1.45125e-07,-0.0165902
1.45175e-07,-0.02038
1.45225e-07,-0.0268886
1.45275e-07,-0.0334795
1.45325e-07,-0.0354294
1.45375e-07,-0.0374066
1.45425e-07,-0.0370496
1.45475e-07,-0.0352097
1.45525e-07,-0.0341112
1.45575e-07,-0.0260098
1.45625e-07,-0.0144206
1.45675e-07,-0.00826905
1.45725e-07,-0.00502849
1.45775e-07,-0.00291389
1.45825e-07,-0.00579744
1.45875e-07,-0.0135144
1.45925e-07,-0.0165902
1.45975e-07,-0.0106583
1.46025e-07,0.0014801
1.46075e-07,0.0135086
1.46125e-07,0.0161175
1.46175e-07,0.0131241
1.46225e-07,0.00941673
1.46275e-07,0.00183711
1.46325e-07,-0.0069234
1.46375e-07,-0.012718
1.46425e-07,-0.0159311
1.46475e-07,-0.0165627
1.46525e-07,-0.0107681
1.46575e-07,0.000985772
1.46625e-07,0.011751
1.46675e-07,0.016502
1.46725e-07,0.0151564
1.46775e-07,0.0125749
1.46825e-07,0.0035947
1.46875e-07,-0.0110977
1.46925e-07,-0.0156564
1.46975e-07,-0.014503
1.47025e-07,-0.0137066
1.47075e-07,-0.00769234
1.47125e-07,-0.00423208
1.47175e-07,-0.010164
1.47225e-07,-0.0196659
1.47275e-07,-0.0241423
1.47325e-07,-0.0184027
1.47375e-07,-0.00873591
1.47425e-07,-0.00637415
1.47475e-07,-0.011592
1.47525e-07,-0.0120589
1.47575e-07,-0.000936595
1.47625e-07,0.00903225
1.47675e-07,0.0145797
1.47725e-07,0.0208136
1.47775e-07,0.015431
1.47825e-07,0.00345739
1.47875e-07,0.00219412
1.47925e-07,0.00321023
1.47975e-07,0.00200188
1.48025e-07,0.00101323
1.48075e-07,-0.00799443
1.48125e-07,-0.0143108
1.48175e-07,-0.00755503
1.48225e-07,0.00477558
1.48275e-07,0.0152662
1.48325e-07,0.0138107
1.48375e-07,0.0117236
1.48425e-07,0.0137558
1.48475e-07,0.00708242
1.48525e-07,0.00516006
1.48575e-07,0.00603885
1.48625e-07,-0.00143092
1.48675e-07,-0.00590729
1.48725e-07,-0.00681355
1.48775e-07,-0.00354552
1.48825e-07,-5.77984e-05
1.48875e-07,-0.00497357
1.48925e-07,-0.00653892
1.48975e-07,0.000930848
1.49025e-07,0.0105427
1.49075e-07,0.0182871
1.49125e-07,0.0200447
1.49175e-07,0.0134812
1.49225e-07,0.00406156
1.49275e-07,-0.00030496
1.49325e-07,-0.00263926
1.49375e-07,-0.00736279
1.49425e-07,-0.00857114
1.49475e-07,-0.00467148
1.49525e-07,-0.00398492
1.49575e-07,-0.00181539
1.49625e-07,0.00573677
1.49675e-07,0.00348485
1.49725e-07,-0.00255688
1.49775e-07,0.00117801
1.49825e-07,0.00219412
1.49875e-07,0.0010407
1.49925e-07,0.00326515
1.49975e-07,-0.00170554
1.50025e-07,-0.00291389
1.50075e-07,0.00290814
1.50125e-07,0.00175472
1.50175e-07,0.00211173
1.50225e-07,0.00441857
1.50275e-07,0.000573836
1.50325e-07,-0.00154077
1.50375e-07,0.0027159
1.50425e-07,0.00598393
1.50475e-07,0.00510513
1.50525e-07,0.00845554
1.50575e-07,0.0119433
1.50625e-07,0.00757675
1.50675e-07,0.00518752
1.50725e-07,0.00672541
1.50775e-07,0.00683526
1.50825e-07,0.00790629
1.50875e-07,0.00730212
1.50925e-07,0.00384186
1.50975e-07,0.00840062
1.51025e-07,0.017628
1.51075e-07,0.015788
1.51125e-07,0.0126573
1.51175e-07,0.0215826
1.51225e-07,0.0289974
1.51275e-07,0.0222142
1.51325e-07,0.00743943
1.51375e-07,-0.0028315
1.51425e-07,-0.00640161
1.51475e-07,-0.0103013
1.51525e-07,-0.0117293
1.51575e-07,-0.00464402
1.51625e-07,0.00502274
1.51675e-07,0.00785137
1.51725e-07,0.00268844
1.51775e-07,0.00260605
1.51825e-07,0.0102406
1.51875e-07,0.0112292
1.51925e-07,0.0125474
1.51975e-07,0.0182871
1.52025e-07,0.0126024
1.52075e-07,0.00364962
1.52125e-07,0.00837315
1.52175e-07,0.0134262
1.52225e-07,0.00463827
1.52275e-07,-0.00368283
1.52325e-07,0.000244288
1.52375e-07,0.00831823
1.52425e-07,0.0103504
1.52475e-07,0.00741197
1.52525e-07,0.00798868
1.52575e-07,0.0116961
1.52625e-07,0.0112842
1.52675e-07,0.00414395
1.52725e-07,-0.00384761
1.52775e-07,-0.00785712
1.52825e-07,-0.00725294
1.52875e-07,-0.00115629
1.52925e-07,0.00211173
1.52975e-07,0.000820998
1.53025e-07,0.00205681
1.53075e-07,0.00123293
1.53125e-07,-0.00299627
1.53175e-07,-0.00431447
1.53225e-07,-0.00206255
1.53275e-07,0.00197442
1.53325e-07,0.00353977
1.53375e-07,0.00537975
1.53425e-07,0.0181223
1.53475e-07,0.0285855
1.53525e-07,0.0158155
1.53575e-07,-0.00461655
1.53625e-07,-0.00988933
1.53675e-07,-0.00546789
1.53725e-07,-0.0049461
1.53775e-07,-0.00708817
1.53825e-07,-0.00620937
1.53875e-07,-0.00662131
1.53925e-07,-0.00587982
1.53975e-07,0.000683686
1.54025e-07,0.00230397
1.54075e-07,-0.00318851
1.54125e-07,-0.00777473
1.54175e-07,-0.0104935
1.54225e-07,-0.0102738
1.54275e-07,-0.00804935
1.54325e-07,-0.0121962
1.54375e-07,-0.0199406
1.54425e-07,-0.0169472
1.54475e-07,-0.00892815
1.54525e-07,-0.00533058
1.54575e-07,0.00224904
1.54625e-07,0.0102406
1.54675e-07,0.0101033
1.54725e-07,0.0106251
1.54775e-07,0.0155134
1.54825e-07,0.0180125
1.54875e-07,0.0138931
1.54925e-07,0.00189203
1.54975e-07,-0.00368283
1.55025e-07,0.00310038
1.55075e-07,0.00241382
1.55125e-07,0.000793536
1.55175e-07,0.0122728
1.55225e-07,0.0148543
1.55275e-07,0.00595646
1.55325e-07,0.00568184
1.55375e-07,0.00304545
1.55425e-07,-0.00892815
1.55475e-07,-0.00873591
1.55525e-07,0.00244128
1.55575e-07,0.0042538
1.55625e-07,-0.00343567
1.55675e-07,-0.00527565
1.55725e-07,0.00370455
1.55775e-07,0.00661556
1.55825e-07,-2.87366e-06
1.55875e-07,0.0010407
1.55925e-07,0.00576423
1.55975e-07,0.00502274
1.56025e-07,0.00743943
1.56075e-07,0.01068
1.56125e-07,0.00905971
1.56175e-07,0.0117236
1.56225e-07,0.0148543
1.56275e-07,0.0120806
1.56325e-07,0.0103779
1.56375e-07,0.0082633
1.56425e-07,0.00516006
1.56475e-07,0.00535229
1.56525e-07,0.00477558
1.56575e-07,-0.00140346
1.56625e-07,-0.0112625
1.56675e-07,-0.022165
1.56725e-07,-0.0282067
1.56775e-07,-0.0265041
1.56825e-07,-0.030596
1.56875e-07,-0.0383404
1.56925e-07,-0.0294426
1.56975e-07,-0.0113723
1.57025e-07,-0.00145838
1.57075e-07,0.00419887
1.57125e-07,0.00837315
1.57175e-07,0.00988359
1.57225e-07,0.00837315
1.57275e-07,0.00540722
1.57325e-07,0.0105152
1.57375e-07,0.018699
1.57425e-07,0.0178477
1.57475e-07,0.0108448
1.57525e-07,0.00694511
1.57575e-07,0.00757675
1.57625e-07,-0.0023921
1.57675e-07,-0.0195012
1.57725e-07,-0.0226319
1.57775e-07,-0.0176063
1.57825e-07,-0.0138165
1.57875e-07,-0.00601714
1.57925e-07,0.00375947
1.57975e-07,0.00837315
1.58025e-07,0.0156232
1.58075e-07,0.026718
1.58125e-07,0.0261688
1.58175e-07,0.0207038
1.58225e-07,0.0225163
1.58275e-07,0.0246034
1.58325e-07,0.0245485
1.58375e-07,0.0259765
1.58425e-07,0.0269377
1.58475e-07,0.02529
1.58525e-07,0.0218297
1.58575e-07,0.0112292
1.58625e-07,-0.00645653
1.58675e-07,-0.0118117
1.58725e-07,-0.0051658
1.58775e-07,-0.00211748
1.58825e-07,0.00285321
1.58875e-07,0.00793376
1.58925e-07,0.0040341
1.58975e-07,0.00246874
1.59025e-07,0.00417141
1.59075e-07,-0.00258434
1.59125e-07,-0.00684101
1.59175e-07,-0.00703324
1.59225e-07,-0.0118117
1.59275e-07,-0.00725294
1.59325e-07,0.00551707
1.59375e-07,0.00818092
1.59425e-07,0.00370455
1.59475e-07,0.00145263
1.59525e-07,-0.00176047
1.59575e-07,-0.0106308
1.59625e-07,-0.0187871
