LECROYWR640Zi,59892,Waveform
Segments,1,SegmentSize,4002
Segment,TrigTime,TimeSinceSegment1
#1,01-Nov-2023 13:34:14,0                 
Time,Ampl
-4.041232e-08,0.0145797
-4.036232e-08,0.0159528
-4.031232e-08,0.00211173
-4.026232e-08,-0.00486372
-4.021232e-08,0.00505021
-4.016232e-08,0.0117236
-4.011232e-08,0.00859285
-4.006232e-08,0.0114489
-4.001232e-08,0.0186715
-3.996232e-08,0.0175181
-3.991232e-08,0.00900479
-3.986232e-08,0.00485797
-3.981232e-08,0.00818092
-3.976232e-08,0.00884002
-3.971232e-08,0.00290814
-3.966232e-08,-0.00299627
-3.961232e-08,-0.00285896
-3.956232e-08,-0.00285896
-3.951232e-08,-0.00393
-3.946232e-08,0.00419887
-3.941232e-08,0.011037
-3.936232e-08,0.0027159
-3.931232e-08,-0.011592
-3.926232e-08,-0.0151621
-3.921232e-08,-0.00807682
-3.916232e-08,-0.00760996
-3.911232e-08,-0.00898307
-3.906232e-08,-0.00187032
-3.901232e-08,0.00219412
-3.896232e-08,0.00661556
-3.891232e-08,0.0143325
-3.886232e-08,0.00919703
-3.881232e-08,0.00117801
-3.876232e-08,0.00631348
-3.871232e-08,0.00732958
-3.866232e-08,-0.000826745
-3.861232e-08,0.000518912
-3.856232e-08,0.00617616
-3.851232e-08,0.0038144
-3.846232e-08,0.00433618
-3.841232e-08,0.0133438
-3.836232e-08,0.0174357
-3.831232e-08,0.0133164
-3.826232e-08,0.0152388
-3.821232e-08,0.0240267
-3.816232e-08,0.0187814
-3.811232e-08,-0.00181539
-3.806232e-08,-0.0115645
-3.801232e-08,-0.00744518
-3.796232e-08,-0.00780219
-3.791232e-08,-0.0132123
-3.786232e-08,-0.0178534
-3.781232e-08,-0.0163705
-3.776232e-08,-0.0021724
-3.771232e-08,0.0147444
-3.766232e-08,0.0233127
-3.761232e-08,0.0268004
-3.756232e-08,0.0297389
-3.751232e-08,0.0280637
-3.746232e-08,0.0174632
-3.741232e-08,0.01068
-3.736232e-08,0.0120257
-3.731232e-08,0.010323
-3.726232e-08,0.00628601
-3.721232e-08,0.00568184
-3.716232e-08,0.014717
-3.711232e-08,0.0207862
-3.706232e-08,0.0101582
-3.701232e-08,0.00233143
-3.696232e-08,0.000134438
-3.691232e-08,-0.00291389
-3.686232e-08,-0.00134853
-3.681232e-08,-0.00917531
-3.676232e-08,-0.0208468
-3.671232e-08,-0.0197758
-3.666232e-08,-0.0119765
-3.661232e-08,-0.000497197
-3.656232e-08,0.0063684
-3.651232e-08,0.00840062
-3.646232e-08,0.0166943
-3.641232e-08,0.022379
-3.636232e-08,0.0234225
-3.631232e-08,0.029629
-3.626232e-08,0.0334738
-3.621232e-08,0.0313042
-3.616232e-08,0.0297938
-3.611232e-08,0.0258118
-3.606232e-08,0.017216
-3.601232e-08,0.0112018
-3.596232e-08,0.0123552
-3.591232e-08,0.0122179
-3.586232e-08,0.00601139
-3.581232e-08,0.00197442
-3.576232e-08,-0.00425954
-3.571232e-08,-0.0156015
-3.566232e-08,-0.0156564
-3.561232e-08,-0.00818667
-3.556232e-08,-0.0103013
-3.551232e-08,-0.0115096
-3.546232e-08,-0.00502849
-3.541232e-08,-0.00214494
-3.536232e-08,-0.00176047
-3.531232e-08,0.00307291
-3.526232e-08,0.00807107
-3.521232e-08,0.00763167
-3.516232e-08,0.00700004
-3.511232e-08,0.00639586
-3.506232e-08,0.00219412
-3.501232e-08,-0.000964057
-3.496232e-08,-0.00274911
-3.491232e-08,-0.00280404
-3.486232e-08,-0.00703324
-3.481232e-08,-0.0194737
-3.476232e-08,-0.0222199
-3.471232e-08,-0.00994426
-3.466232e-08,0.000601299
-3.461232e-08,0.00106816
-3.456232e-08,0.00117801
-3.451232e-08,0.0116137
-3.446232e-08,0.0190835
-3.441232e-08,0.00823584
-3.436232e-08,-0.0030512
-3.431232e-08,-0.00104644
-3.426232e-08,-0.000140186
-3.421232e-08,-0.00368283
-3.416232e-08,-0.00763742
-3.411232e-08,-0.0137341
-3.406232e-08,-0.0157937
-3.401232e-08,-0.0111801
-3.396232e-08,-0.00950486
-3.391232e-08,-0.0162057
-3.386232e-08,-0.0179084
-3.381232e-08,-0.00631922
-3.376232e-08,0.00167233
-3.371232e-08,-0.00118376
-3.366232e-08,0.000106976
-3.361232e-08,0.00801614
-3.356232e-08,0.0101033
-3.351232e-08,0.00414395
-3.346232e-08,5.20511e-05
-3.341232e-08,-0.00447924
-3.336232e-08,-0.0171394
-3.331232e-08,-0.0244169
-3.326232e-08,-0.017469
-3.321232e-08,-0.00631922
-3.316232e-08,0.00238635
-3.311232e-08,0.00439111
-3.306232e-08,0.00211173
-3.301232e-08,0.00145263
-3.296232e-08,0.00224904
-3.291232e-08,0.00106816
-3.286232e-08,-0.00637415
-3.281232e-08,-0.0109604
-3.276232e-08,-0.00549535
-3.271232e-08,-5.77984e-05
-3.266232e-08,-0.00206255
-3.261232e-08,-0.00675862
-3.256232e-08,-0.00511088
-3.251232e-08,-0.00365537
-3.246232e-08,-0.00857114
-3.241232e-08,-0.00791204
-3.236232e-08,-0.00244703
-3.231232e-08,-0.00121122
-3.226232e-08,0.00455588
-3.221232e-08,0.0144423
-3.216232e-08,0.015431
-3.211232e-08,0.0128221
-3.206232e-08,0.0101307
-3.201232e-08,0.00101323
-3.196232e-08,-0.00829651
-3.191232e-08,-0.00953232
-3.186232e-08,-0.00818667
-3.181232e-08,-0.0134594
-3.176232e-08,-0.0184301
-3.171232e-08,-0.0201877
-3.166232e-08,-0.0264766
-3.161232e-08,-0.0218904
-3.156232e-08,-0.00961471
-3.151232e-08,-0.0196659
-3.146232e-08,-0.0331774
-3.141232e-08,-0.0273005
-3.136232e-08,-0.0257351
-3.131232e-08,-0.0288384
-3.126232e-08,-0.0206271
-3.121232e-08,-0.0122786
-3.116232e-08,-0.00744518
-3.111232e-08,-0.000936595
-3.106232e-08,0.00705496
-3.101232e-08,0.0166119
-3.096232e-08,0.0235599
-3.091232e-08,0.0223515
-3.086232e-08,0.0163647
-3.081232e-08,0.016502
-3.076232e-08,0.015431
-3.071232e-08,0.00408902
-3.066232e-08,-0.00527565
-3.061232e-08,-0.00631922
-3.056232e-08,-0.00272165
-3.051232e-08,-0.00019511
-3.046232e-08,0.000656224
-3.041232e-08,0.00617616
-3.036232e-08,0.0119982
-3.031232e-08,0.00834569
-3.026232e-08,0.00205681
-3.021232e-08,0.00691765
-3.016232e-08,0.0151014
-3.011232e-08,0.0104878
-3.006232e-08,0.00433618
-3.001232e-08,0.0151838
-2.996232e-08,0.0241915
-2.991232e-08,0.0125474
-2.986232e-08,0.00524244
-2.981232e-08,0.0110919
-2.976232e-08,0.00213919
-2.971232e-08,-0.0182928
-2.966232e-08,-0.0230987
-2.961232e-08,-0.017771
-2.956232e-08,-0.0213411
-2.951232e-08,-0.0301566
-2.946232e-08,-0.0318592
-2.941232e-08,-0.0213961
-2.936232e-08,-0.00277657
-2.931232e-08,0.008483
-2.926232e-08,0.0104328
-2.921232e-08,0.0122179
-2.916232e-08,0.00494036
-2.911232e-08,-0.00662131
-2.906232e-08,-0.00857114
-2.901232e-08,-0.00953232
-2.896232e-08,-0.010109
-2.891232e-08,-0.00478133
-2.886232e-08,0.00084846
-2.881232e-08,0.00834569
-2.876232e-08,0.0199074
-2.871232e-08,0.0251527
-2.866232e-08,0.0224339
-2.861232e-08,0.0219945
-2.856232e-08,0.0259491
-2.851232e-08,0.0265807
-2.846232e-08,0.0228733
-2.841232e-08,0.0224064
-2.836232e-08,0.0207038
-2.831232e-08,0.0127122
-2.826232e-08,0.00779644
-2.821232e-08,0.0104878
-2.816232e-08,0.00859285
-2.811232e-08,-0.00469894
-2.806232e-08,-0.0136517
-2.801232e-08,-0.0119215
-2.796232e-08,-0.00873591
-2.791232e-08,-8.52608e-05
-2.786232e-08,0.0130967
-2.781232e-08,0.0190011
-2.776232e-08,0.0242464
-2.771232e-08,0.0350666
-2.766232e-08,0.0454199
-2.761232e-08,0.0508025
-2.756232e-08,0.0461889
-2.751232e-08,0.0410259
-2.746232e-08,0.0419322
-2.741232e-08,0.0354511
-2.736232e-08,0.0196053
-2.731232e-08,0.00949911
-2.726232e-08,0.00889494
-2.721232e-08,0.00518752
-2.716232e-08,0.000161901
-2.711232e-08,0.000436525
-2.706232e-08,-0.00134853
-2.701232e-08,-0.0028315
-2.696232e-08,-0.00145838
-2.691232e-08,-0.00629176
-2.686232e-08,-0.0123609
-2.681232e-08,-0.00846129
-2.676232e-08,-0.00280404
-2.671232e-08,-0.00112883
-2.666232e-08,0.00233143
-2.661232e-08,0.00406156
-2.656232e-08,-0.000414809
-2.651232e-08,-0.0117019
-2.646232e-08,-0.0202152
-2.641232e-08,-0.0138165
-2.636232e-08,-0.00522073
-2.631232e-08,-0.00321597
-2.626232e-08,0.000683686
-2.621232e-08,0.00743943
-2.616232e-08,0.0148543
-2.611232e-08,0.0174357
-2.606232e-08,0.0112018
-2.601232e-08,0.00395171
-2.596232e-08,0.00485797
-2.591232e-08,0.0115863
-2.586232e-08,0.0152388
-2.581232e-08,0.0163098
-2.576232e-08,0.0210059
-2.571232e-08,0.0247682
-2.566232e-08,0.022022
-2.561232e-08,0.025647
-2.556232e-08,0.0346547
-2.551232e-08,0.0273222
-2.546232e-08,0.0120531
-2.541232e-08,0.00299053
-2.536232e-08,-0.0037103
-2.531232e-08,-0.00291389
-2.526232e-08,0.00639586
-2.521232e-08,0.0180125
-2.516232e-08,0.0250154
-2.511232e-08,0.0227634
-2.506232e-08,0.0188912
-2.501232e-08,0.0192483
-2.496232e-08,0.0240816
-2.491232e-08,0.027844
-2.486232e-08,0.026718
-2.481232e-08,0.0304804
-2.476232e-08,0.0344899
-2.471232e-08,0.0279538
-2.466232e-08,0.0211706
-2.461232e-08,0.019056
-2.456232e-08,0.0163647
-2.451232e-08,0.0157605
-2.446232e-08,0.0177653
-2.441232e-08,0.0215276
-2.436232e-08,0.0285031
-2.431232e-08,0.0312219
-2.426232e-08,0.0254548
-2.421232e-08,0.0194954
-2.416232e-08,0.0136459
-2.411232e-08,0.00601139
-2.406232e-08,0.00524244
-2.401232e-08,0.0103504
-2.396232e-08,0.0137283
-2.391232e-08,0.0183969
-2.386232e-08,0.0252625
-2.381232e-08,0.0271574
-2.376232e-08,0.0239169
-2.371232e-08,0.016859
-2.366232e-08,0.00664302
-2.361232e-08,0.000875923
-2.356232e-08,0.000161901
-2.351232e-08,0.00150756
-2.346232e-08,0.00851047
-2.341232e-08,0.0201545
-2.336232e-08,0.0263061
-2.331232e-08,0.0190011
-2.326232e-08,0.00455588
-2.321232e-08,-0.00697832
-2.316232e-08,-0.0131574
-2.311232e-08,-0.0112075
-2.306232e-08,-0.00393
-2.301232e-08,0.00112308
-2.296232e-08,0.00411648
-2.291232e-08,0.00469319
-2.286232e-08,0.00348485
-2.281232e-08,0.000216825
-2.276232e-08,-0.00782965
-2.271232e-08,-0.00980695
-2.266232e-08,-0.00159569
-2.261232e-08,0.00779644
-2.256232e-08,0.0144149
-2.251232e-08,0.00985612
-2.246232e-08,0.000491449
-2.241232e-08,0.00351231
-2.236232e-08,0.00864778
-2.231232e-08,0.008483
-2.226232e-08,0.00982866
-2.221232e-08,0.00301799
-2.216232e-08,-0.00752757
-2.211232e-08,-0.00458909
-2.206232e-08,0.00194696
-2.201232e-08,0.000985772
-2.196232e-08,-0.00236464
-2.191232e-08,-0.00467148
-2.186232e-08,-0.00250195
-2.181232e-08,0.00422633
-2.176232e-08,0.00386932
-2.171232e-08,-0.00165062
-2.166232e-08,0.00406156
-2.161232e-08,0.0122728
-2.156232e-08,0.00807107
-2.151232e-08,-0.00143092
-2.146232e-08,-0.00832398
-2.141232e-08,-0.0109878
-2.136232e-08,-0.0115645
-2.131232e-08,-0.00810428
-2.126232e-08,0.000326675
-2.121232e-08,0.00351231
-2.116232e-08,0.00993851
-2.111232e-08,0.0244112
-2.106232e-08,0.0267455
-2.101232e-08,0.0244387
-2.096232e-08,0.0277616
-2.091232e-08,0.0251527
-2.086232e-08,0.0226811
-2.081232e-08,0.0246858
-2.076232e-08,0.0250428
-2.071232e-08,0.0253174
-2.066232e-08,0.024521
-2.061232e-08,0.0224339
-2.056232e-08,0.0254273
-2.051232e-08,0.0350666
-2.046232e-08,0.0352039
-2.041232e-08,0.0191933
-2.036232e-08,0.00952657
-2.031232e-08,0.00782391
-2.026232e-08,0.00244128
-2.021232e-08,0.000216825
-2.016232e-08,0.000106976
-2.011232e-08,0.00312784
-2.006232e-08,0.00793376
-2.001232e-08,0.00235889
-1.996232e-08,-0.00126614
-1.991232e-08,0.00741197
-1.986232e-08,0.0102681
-1.981232e-08,0.0070275
-1.976232e-08,0.00595646
-1.971232e-08,-0.00121122
-1.966232e-08,-0.00950486
-1.961232e-08,-0.0099168
-1.956232e-08,-0.00464402
-1.951232e-08,-0.00294135
-1.946232e-08,-0.00406731
-1.941232e-08,0.00461081
-1.936232e-08,0.00971881
-1.931232e-08,0.00386932
-1.926232e-08,0.00342992
-1.921232e-08,0.00905971
-1.916232e-08,0.0146895
-1.911232e-08,0.011394
-1.906232e-08,-0.0015133
-1.901232e-08,-0.00557774
-1.896232e-08,0.00202934
-1.891232e-08,0.00829077
-1.886232e-08,0.0144149
-1.881232e-08,0.0236697
-1.876232e-08,0.0255646
-1.871232e-08,0.0172984
-1.866232e-08,0.0074669
-1.861232e-08,0.00326515
-1.856232e-08,0.00213919
-1.851232e-08,-0.00307866
-1.846232e-08,-0.00780219
-1.841232e-08,-0.00579744
-1.836232e-08,-0.00167808
-1.831232e-08,0.000326675
-1.826232e-08,0.000244288
-1.821232e-08,-0.00483625
-1.816232e-08,-0.0120589
-1.811232e-08,-0.010109
-1.806232e-08,-5.77984e-05
-1.801232e-08,0.00194696
-1.796232e-08,-0.00651146
-1.791232e-08,-0.00917531
-1.786232e-08,-0.00140346
-1.781232e-08,0.00801614
-1.776232e-08,0.0123552
-1.771232e-08,0.0095815
-1.766232e-08,0.00760421
-1.761232e-08,0.00716481
-1.756232e-08,-3.03361e-05
-1.751232e-08,-0.00456163
-1.746232e-08,-0.00019511
-1.741232e-08,0.0054896
-1.736232e-08,0.0124101
-1.731232e-08,0.0179575
-1.726232e-08,0.0177653
-1.721232e-08,0.0132889
-1.716232e-08,0.0095815
-1.711232e-08,0.00823584
-1.706232e-08,0.00765913
-1.701232e-08,0.00859285
-1.696232e-08,0.00414395
-1.691232e-08,-0.00631922
-1.686232e-08,-0.0128827
-1.681232e-08,-0.013789
-1.676232e-08,-0.0155191
-1.671232e-08,-0.0186773
-1.666232e-08,-0.014146
-1.661232e-08,-0.00530311
-1.656232e-08,-0.000222573
-1.651232e-08,0.00543468
-1.646232e-08,0.0122454
-1.641232e-08,0.0123827
-1.636232e-08,0.00840062
-1.631232e-08,0.00900479
-1.626232e-08,0.00916956
-1.621232e-08,0.00886748
-1.616232e-08,0.0148543
-1.611232e-08,0.0171337
-1.606232e-08,0.0145797
-1.601232e-08,0.0170513
-1.596232e-08,0.0164746
-1.591232e-08,0.00966389
-1.586232e-08,0.0061487
-1.581232e-08,0.00351231
-1.576232e-08,-0.000332422
-1.571232e-08,0.00414395
-1.566232e-08,0.0132615
-1.561232e-08,0.0127397
-1.556232e-08,0.0102406
-1.551232e-08,0.0157605
-1.546232e-08,0.0156781
-1.541232e-08,0.0128495
-1.536232e-08,0.0201271
-1.531232e-08,0.0218846
-1.526232e-08,0.0150465
-1.521232e-08,0.0158429
-1.516232e-08,0.0187265
-1.511232e-08,0.0149367
-1.506232e-08,0.0118609
-1.501232e-08,0.0124376
-1.496232e-08,0.0105427
-1.491232e-08,0.00804361
-1.486232e-08,0.00730212
-1.481232e-08,0.00647825
-1.476232e-08,0.00625855
-1.471232e-08,0.00537975
-1.466232e-08,0.0115039
-1.461232e-08,0.023807
-1.456232e-08,0.0200172
-1.451232e-08,0.00710988
-1.446232e-08,0.0112292
-1.441232e-08,0.0191384
-1.436232e-08,0.0174083
-1.431232e-08,0.0165295
-1.426232e-08,0.0152113
-1.421232e-08,0.018699
-1.416232e-08,0.024576
-1.411232e-08,0.0165569
-1.406232e-08,0.00955404
-1.401232e-08,0.00971881
-1.396232e-08,-0.000579584
-1.391232e-08,-0.0131574
-1.386232e-08,-0.0151346
-1.381232e-08,-0.00835144
-1.376232e-08,2.45887e-05
-1.371232e-08,0.00332008
-1.366232e-08,0.00441857
-1.361232e-08,0.00301799
-1.356232e-08,-0.00598967
-1.351232e-08,-0.0193364
-1.346232e-08,-0.0279596
-1.341232e-08,-0.0316395
-1.336232e-08,-0.0357314
-1.331232e-08,-0.0353744
-1.326232e-08,-0.0246092
-1.321232e-08,-0.0117293
-1.316232e-08,-0.00659385
-1.311232e-08,-0.00294135
-1.306232e-08,0.00208427
-1.301232e-08,0.00115055
-1.296232e-08,-0.000524659
-1.291232e-08,0.00158994
-1.286232e-08,-0.00263926
-1.281232e-08,-0.0133771
-1.276232e-08,-0.0151621
-1.271232e-08,-0.00870845
-1.266232e-08,-0.00931262
-1.261232e-08,-0.0079395
-1.256232e-08,0.00463827
-1.251232e-08,0.0119158
-1.246232e-08,0.011394
-1.241232e-08,0.0138656
-1.236232e-08,0.013591
-1.231232e-08,0.00820838
-1.226232e-08,0.0091421
-1.221232e-08,0.00625855
-1.216232e-08,-0.00544043
-1.211232e-08,-0.00316105
-1.206232e-08,0.00521498
-1.201232e-08,0.00279829
-1.196232e-08,0.00109562
-1.191232e-08,0.00263352
-1.186232e-08,0.00483051
-1.181232e-08,0.00430872
-1.176232e-08,-0.000579584
-1.171232e-08,2.45887e-05
-1.166232e-08,0.00433618
-1.161232e-08,0.00620363
-1.156232e-08,0.0063684
-1.151232e-08,0.0114764
-1.146232e-08,0.022379
-1.141232e-08,0.0243837
-1.136232e-08,0.0156507
-1.131232e-08,0.00933434
-1.126232e-08,0.00982866
-1.121232e-08,0.00922449
-1.116232e-08,0.00238635
-1.111232e-08,-0.00442432
-1.106232e-08,-0.00365537
-1.101232e-08,0.00375947
-1.096232e-08,0.00752182
-1.091232e-08,0.0070275
-1.086232e-08,0.0136734
-1.081232e-08,0.0206763
-1.076232e-08,0.021253
-1.071232e-08,0.019825
-1.066232e-08,0.00779644
-1.061232e-08,-0.00453417
-1.056232e-08,-0.0021724
-1.051232e-08,-0.00313359
-1.046232e-08,-0.00840636
-1.041232e-08,-0.000607046
-1.036232e-08,0.0116686
-1.031232e-08,0.0133438
-1.026232e-08,0.0104603
-1.021232e-08,0.0157331
-1.016232e-08,0.0178202
-1.011232e-08,0.00417141
-1.006232e-08,-0.0115096
-1.001232e-08,-0.0193913
-9.96232e-09,-0.018183
-9.91232e-09,-0.0116195
-9.86232e-09,-0.00936755
-9.81232e-09,-0.00527565
-9.76232e-09,0.00617616
-9.71232e-09,0.0148817
-9.66232e-09,0.0180399
-9.61232e-09,0.0199897
-9.56232e-09,0.0194954
-9.51232e-09,0.0186166
-9.46232e-09,0.0206763
-9.41232e-09,0.0184519
-9.36232e-09,0.0130692
-9.31232e-09,0.0157056
-9.26232e-09,0.0231479
-9.21232e-09,0.0255646
-9.16232e-09,0.0227634
-9.11232e-09,0.0208685
-9.06232e-09,0.0193581
-9.01232e-09,0.0161999
-8.96232e-09,0.0137832
-8.91232e-09,0.0109546
-8.86232e-09,0.00606631
-8.81232e-09,-0.00412223
-8.76232e-09,-0.0127454
-8.71232e-09,-0.0135693
-8.66232e-09,-0.0172493
-8.61232e-09,-0.0143108
-8.56232e-09,2.45887e-05
-8.51232e-09,0.00115055
-8.46232e-09,-0.00870845
-8.41232e-09,-0.00848875
-8.36232e-09,-0.00425954
-8.31232e-09,-0.00988933
-8.26232e-09,-0.0162881
-8.21232e-09,-0.013789
-8.16232e-09,-0.0120039
-8.11232e-09,-0.0152445
-8.06232e-09,-0.0107956
-8.01232e-09,0.00106816
-7.96232e-09,0.00573677
-7.91232e-09,0.00535229
-7.86232e-09,0.00639586
-7.81232e-09,0.00332008
-7.76232e-09,-0.000112723
-7.71232e-09,0.00669795
-7.66232e-09,0.0171886
-7.61232e-09,0.0228733
-7.56232e-09,0.0272947
-7.51232e-09,0.0269103
-7.46232e-09,0.0216924
-7.41232e-09,0.0225437
-7.36232e-09,0.0261688
-7.31232e-09,0.0232028
-7.26232e-09,0.018342
-7.21232e-09,0.0185617
-7.16232e-09,0.0186166
-7.11232e-09,0.0184244
-7.06232e-09,0.0239169
-7.01232e-09,0.0284207
-6.96232e-09,0.0268004
-6.91232e-09,0.024521
-6.86232e-09,0.0219945
-6.81232e-09,0.0146346
-6.76232e-09,0.0105976
-6.71232e-09,0.0157605
-6.66232e-09,0.0157331
-6.61232e-09,0.00603885
-6.56232e-09,0.00364962
-6.51232e-09,0.0123552
-6.46232e-09,0.0227909
-6.41232e-09,0.029272
-6.36232e-09,0.0204566
-6.31232e-09,0.000766073
-6.26232e-09,-0.00901054
-6.21232e-09,-0.011235
-6.16232e-09,-0.0186773
-6.11232e-09,-0.0288384
-6.06232e-09,-0.0303213
-6.01232e-09,-0.0248563
-5.96232e-09,-0.0238952
-5.91232e-09,-0.0195286
-5.86232e-09,-0.0123335
-5.81232e-09,-0.0137341
-5.76232e-09,-0.00640161
-5.71232e-09,0.00938926
-5.66232e-09,0.0114489
-5.61232e-09,0.00782391
-5.56232e-09,0.0098012
-5.51232e-09,0.00598393
-5.46232e-09,-0.00714309
-5.41232e-09,-0.0106034
-5.36232e-09,-0.00401238
-5.31232e-09,-8.52608e-05
-5.26232e-09,0.00356724
-5.21232e-09,0.00439111
-5.16232e-09,0.00516006
-5.11232e-09,0.0112292
-5.06232e-09,0.0168041
-5.01232e-09,0.018699
-4.96232e-09,0.0172435
-4.91232e-09,0.0187265
-4.86232e-09,0.0238894
-4.81232e-09,0.0215002
-4.76232e-09,0.0114489
-4.71232e-09,0.00911464
-4.66232e-09,0.0188363
-4.61232e-09,0.0226811
-4.56232e-09,0.00988359
-4.51232e-09,-0.00576998
-4.46232e-09,-0.00700578
-4.41232e-09,0.00257859
-4.36232e-09,0.00741197
-4.31232e-09,0.00831823
-4.26232e-09,0.00927941
-4.21232e-09,0.00505021
-4.16232e-09,0.00441857
-4.11232e-09,0.0129319
-4.06232e-09,0.0169414
-4.01232e-09,0.0154585
-3.96232e-09,0.0171611
-3.91232e-09,0.0162823
-3.86232e-09,0.00963642
-3.81232e-09,0.00900479
-3.76232e-09,0.0158429
-3.71232e-09,0.0203742
-3.66232e-09,0.0215276
-3.61232e-09,0.0177653
-3.56232e-09,0.0107349
-3.51232e-09,0.00779644
-3.46232e-09,0.00400663
-3.41232e-09,-0.00555028
-3.36232e-09,-0.0109329
-3.31232e-09,-0.00884576
-3.26232e-09,-0.00782965
-3.21232e-09,-0.00508342
-3.16232e-09,5.20511e-05
-3.11232e-09,-3.03361e-05
-3.06232e-09,-3.03361e-05
-3.01232e-09,-0.00214494
-2.96232e-09,-0.00785712
-2.91232e-09,-0.00401238
-2.86232e-09,-0.00181539
-2.81232e-09,-0.011949
-2.76232e-09,-0.0126081
-2.71232e-09,-0.00159569
-2.66232e-09,-5.77984e-05
-2.61232e-09,-0.00200763
-2.56232e-09,0.00296306
-2.51232e-09,0.0103504
-2.46232e-09,0.0229557
-2.41232e-09,0.0307275
-2.36232e-09,0.0289974
-2.31232e-09,0.0322929
-2.26232e-09,0.0336111
-2.21232e-09,0.0291347
-2.16232e-09,0.0260864
-2.11232e-09,0.0188089
-2.06232e-09,0.014305
-2.01232e-09,0.0185892
-1.96232e-09,0.0178202
-1.91232e-09,0.013591
-1.86232e-09,0.0131241
-1.81232e-09,0.00721973
-1.76232e-09,-0.00642907
-1.71232e-09,-0.0208743
-1.66232e-09,-0.0318318
-1.61232e-09,-0.0317769
-1.56232e-09,-0.0162881
-1.51232e-09,-0.000744358
-1.46232e-09,0.00576423
-1.41232e-09,0.0138382
-1.36232e-09,0.0202094
-1.31232e-09,0.0213354
-1.26232e-09,0.0260864
-1.21232e-09,0.0255371
-1.16232e-09,0.0156781
-1.11232e-09,0.0140304
-1.06232e-09,0.0217473
-1.01232e-09,0.0219945
-9.623196e-10,0.0162274
-9.123196e-10,0.015431
-8.623196e-10,0.0113391
-8.123196e-10,0.00428126
-7.623196e-10,0.00290814
-7.123196e-10,0.00200188
-6.623196e-10,0.00529737
-6.123196e-10,0.0155408
-5.623196e-10,0.0235049
-5.123196e-10,0.0296016
-4.623196e-10,0.0359179
-4.123196e-10,0.0381149
-3.623196e-10,0.0353961
-3.123196e-10,0.0309198
-2.623196e-10,0.025647
-2.123196e-10,0.0246309
-1.623196e-10,0.0345173
-1.123196e-10,0.0557458
-6.231959e-11,0.0906505
-1.231959e-11,0.135002
3.768041e-11,0.188911
8.768041e-11,0.25861
1.376804e-10,0.335945
1.876804e-10,0.401058
2.376804e-10,0.429124
2.876804e-10,0.420034
3.376804e-10,0.389798
3.876804e-10,0.337098
4.376804e-10,0.274374
4.876804e-10,0.22063
5.376804e-10,0.167106
5.876804e-10,0.123468
6.376804e-10,0.113472
6.876804e-10,0.11663
7.376804e-10,0.114735
7.876804e-10,0.118058
8.376804e-10,0.111055
8.876804e-10,0.0808464
9.376804e-10,0.0500885
9.876804e-10,0.0319084
1.03768e-09,0.020896
1.08768e-09,0.0177104
1.13768e-09,0.0292446
1.18768e-09,0.0489626
1.23768e-09,0.0569541
1.28768e-09,0.0478366
1.33768e-09,0.0342427
1.38768e-09,0.0230381
1.43768e-09,0.0136734
1.48768e-09,0.00991105
1.53768e-09,0.0147994
1.58768e-09,0.0242739
1.63768e-09,0.0295192
1.68768e-09,0.0292171
1.73768e-09,0.0299586
1.78768e-09,0.0271849
1.83768e-09,0.0113666
1.88768e-09,-0.00656638
1.93768e-09,-0.0112625
1.98768e-09,-0.00799443
2.03768e-09,-0.00491864
2.08768e-09,0.00123293
2.13768e-09,0.00776898
2.18768e-09,0.00639586
2.23768e-09,0.00422633
2.28768e-09,0.00831823
2.33768e-09,0.0122454
2.38768e-09,0.00856539
2.43768e-09,-0.00414969
2.48768e-09,-0.0159311
2.53768e-09,-0.0149973
2.58768e-09,-0.00895561
2.63768e-09,-0.0143932
2.68768e-09,-0.0222749
2.73768e-09,-0.0179084
2.78768e-09,-0.0092577
2.83768e-09,-0.00241956
2.88768e-09,0.00158994
2.93768e-09,0.00400663
2.98768e-09,0.0129868
3.03768e-09,0.0221867
3.08768e-09,0.0216375
3.13768e-09,0.0169414
3.18768e-09,0.0123003
3.23768e-09,0.0057093
3.28768e-09,0.0012604
3.33768e-09,0.00562692
3.38768e-09,0.0111194
3.43768e-09,0.0132615
3.48768e-09,0.0165844
3.53768e-09,0.0158978
3.58768e-09,0.0123003
3.63768e-09,0.00834569
3.68768e-09,5.20511e-05
3.73768e-09,-0.00832398
3.78768e-09,-0.0067037
3.83768e-09,0.00167233
3.88768e-09,0.00340246
3.93768e-09,0.00513259
3.98768e-09,0.00963642
4.03768e-09,0.00623109
4.08768e-09,-0.000112723
4.13768e-09,-0.00373776
4.18768e-09,-0.00274911
4.23768e-09,-0.00123868
4.28768e-09,-0.00354552
4.33768e-09,7.95135e-05
4.38768e-09,0.00941673
4.43768e-09,0.0171062
4.48768e-09,0.0198799
4.53768e-09,0.0160352
4.58768e-09,0.0153761
4.63768e-09,0.0154859
4.68768e-09,0.00568184
4.73768e-09,-0.000332422
4.78768e-09,0.000518912
4.83768e-09,-0.00365537
4.88768e-09,-0.00280404
4.93768e-09,0.00667049
4.98768e-09,0.00845554
5.03768e-09,0.00189203
5.08768e-09,0.000409062
5.13768e-09,0.00106816
5.18768e-09,-0.00576998
5.23768e-09,-0.0158761
5.28768e-09,-0.0237029
5.33768e-09,-0.0280145
5.38768e-09,-0.0271632
5.43768e-09,-0.0161233
5.48768e-09,0.00084846
5.53768e-09,0.0101582
5.58768e-09,0.014717
5.63768e-09,0.0196327
5.68768e-09,0.0200172
5.73768e-09,0.0193581
5.78768e-09,0.0171337
5.83768e-09,0.00837315
5.88768e-09,0.000573836
5.93768e-09,-0.00425954
5.98768e-09,-0.006484
6.03768e-09,-0.00200763
6.08768e-09,0.00235889
6.13768e-09,0.00310038
6.18768e-09,-0.00134853
6.23768e-09,-0.0100266
6.28768e-09,-0.00854368
6.33768e-09,0.00312784
6.38768e-09,0.013948
6.43768e-09,0.0211706
6.48768e-09,0.0221318
6.53768e-09,0.0202918
6.58768e-09,0.024878
6.63768e-09,0.0308648
6.68768e-09,0.0278165
6.73768e-09,0.021967
6.78768e-09,0.0192208
6.83768e-09,0.0170513
6.88768e-09,0.0172435
6.93768e-09,0.0197426
6.98768e-09,0.0179026
7.03768e-09,0.0111743
7.08768e-09,0.00496782
7.13768e-09,-0.00343567
7.18768e-09,-0.00931262
7.23768e-09,-0.00373776
7.28768e-09,0.000573836
7.33768e-09,-0.00505595
7.38768e-09,-0.011592
7.43768e-09,-0.0107407
7.48768e-09,-0.00230971
7.53768e-09,0.00255113
7.58768e-09,0.000683686
7.63768e-09,0.0014801
7.68768e-09,0.00290814
7.73768e-09,0.00307291
7.78768e-09,0.00603885
7.83768e-09,0.00428126
7.88768e-09,-0.000442272
7.93768e-09,0.00186457
7.98768e-09,0.00532483
8.03768e-09,0.00941673
8.08768e-09,0.0195503
8.13768e-09,0.0266631
8.18768e-09,0.0225712
8.23768e-09,0.0180125
8.28768e-09,0.0227085
8.33768e-09,0.0239993
8.38768e-09,0.0182047
8.43768e-09,0.0224339
8.48768e-09,0.0343526
8.53768e-09,0.0369066
8.58768e-09,0.0308648
8.63768e-09,0.0282285
8.68768e-09,0.030041
8.73768e-09,0.0256195
8.78768e-09,0.00999344
8.83768e-09,-0.00332582
8.88768e-09,-0.00722548
8.93768e-09,-0.0094774
8.98768e-09,-0.00557774
9.03768e-09,-0.00019511
9.08768e-09,-0.000909132
9.13768e-09,0.00524244
9.18768e-09,0.0148543
9.23768e-09,0.0125749
9.28768e-09,0.00834569
9.33768e-09,0.00982866
9.38768e-09,0.000875923
9.43768e-09,-0.0171119
9.48768e-09,-0.0286187
9.53768e-09,-0.0326282
9.58768e-09,-0.0321888
9.63768e-09,-0.0350723
9.68768e-09,-0.0392192
9.73768e-09,-0.0305136
9.78768e-09,-0.012718
9.83768e-09,0.00233143
9.88768e-09,0.00678034
9.93768e-09,0.00189203
9.98768e-09,-0.00187032
1.003768e-08,-0.00439686
1.008768e-08,-0.00895561
1.013768e-08,-0.0121138
1.018768e-08,-0.00942247
1.023768e-08,-0.00269419
1.028768e-08,0.00101323
1.033768e-08,0.00392425
1.038768e-08,0.00787883
1.043768e-08,0.00285321
1.048768e-08,-0.00684101
1.053768e-08,-0.00706071
1.058768e-08,-2.87366e-06
1.063768e-08,0.0111469
1.068768e-08,0.0202094
1.073768e-08,0.0141952
1.078768e-08,0.00785137
1.083768e-08,0.0188638
1.088768e-08,0.0286404
1.093768e-08,0.0276518
1.098768e-08,0.0302332
1.103768e-08,0.0354785
1.108768e-08,0.0331442
1.113768e-08,0.0264159
1.118768e-08,0.0168865
1.123768e-08,0.000326675
1.128768e-08,-0.0120314
1.133768e-08,-0.0107956
1.138768e-08,-0.00198017
1.143768e-08,0.0103504
1.148768e-08,0.016914
1.153768e-08,0.0157056
1.158768e-08,0.0178751
1.163768e-08,0.0132889
1.168768e-08,-0.00129361
1.173768e-08,-0.0100541
1.178768e-08,-0.015574
1.183768e-08,-0.0143932
1.188768e-08,-0.00121122
1.193768e-08,0.0114215
1.198768e-08,0.0191384
1.203768e-08,0.0239993
1.208768e-08,0.0269652
1.213768e-08,0.0291622
1.218768e-08,0.026773
1.223768e-08,0.0147994
1.228768e-08,-0.00030496
1.233768e-08,-0.00533058
1.238768e-08,0.000134438
1.243768e-08,0.00370455
1.248768e-08,0.00213919
1.253768e-08,0.00686272
1.258768e-08,0.0168041
1.263768e-08,0.0221318
1.268768e-08,0.0258118
1.273768e-08,0.0290249
1.278768e-08,0.0262786
1.283768e-08,0.0191384
1.288768e-08,0.0114215
1.293768e-08,0.00944419
1.298768e-08,0.0152937
1.303768e-08,0.0149916
1.308768e-08,0.00716481
1.313768e-08,0.00782391
1.318768e-08,0.0141128
1.323768e-08,0.0101857
1.328768e-08,-0.00557774
1.333768e-08,-0.0165352
1.338768e-08,-0.0133221
1.343768e-08,-0.0127454
1.348768e-08,-0.0187322
1.353768e-08,-0.0161782
1.358768e-08,-0.013432
1.363768e-08,-0.020325
1.368768e-08,-0.0209567
1.373768e-08,-0.0113723
1.378768e-08,-0.00329836
1.383768e-08,0.00167233
1.388768e-08,0.00213919
1.393768e-08,-0.00088167
1.398768e-08,-0.001733
1.403768e-08,-0.00296881
1.408768e-08,-0.00541296
1.413768e-08,-0.00321597
1.418768e-08,0.00458335
1.423768e-08,0.011751
1.428768e-08,0.0111469
1.433768e-08,0.003375
1.438768e-08,-0.00230971
1.443768e-08,-0.00178793
1.448768e-08,0.000354137
1.453768e-08,0.00299053
1.458768e-08,0.0108173
1.463768e-08,0.0145247
1.468768e-08,0.0104878
1.473768e-08,0.0145797
1.478768e-08,0.0126847
1.483768e-08,-0.00563266
1.488768e-08,-0.0116469
1.493768e-08,-0.0032709
1.498768e-08,0.00466573
1.503768e-08,0.0124651
1.508768e-08,0.0148817
1.513768e-08,0.0187814
1.518768e-08,0.0269377
1.523768e-08,0.0197151
1.528768e-08,0.00375947
1.533768e-08,0.000711148
1.538768e-08,0.0057093
1.543768e-08,0.00669795
1.548768e-08,0.00480304
1.553768e-08,0.00521498
1.558768e-08,0.00197442
1.563768e-08,-0.0100816
1.568768e-08,-0.0215334
1.573768e-08,-0.0216982
1.578768e-08,-0.0129377
1.583768e-08,-0.00983441
1.588768e-08,-0.0116744
1.593768e-08,-0.00851621
1.598768e-08,-0.00541296
1.603768e-08,0.000903385
1.608768e-08,0.00903225
1.613768e-08,0.00818092
1.618768e-08,0.0145797
1.623768e-08,0.0320732
1.628768e-08,0.0353961
1.633768e-08,0.0251801
1.638768e-08,0.0222142
1.643768e-08,0.0242464
1.648768e-08,0.0188638
1.653768e-08,0.0123827
1.658768e-08,0.01252
1.663768e-08,0.0116412
1.668768e-08,0.00524244
1.673768e-08,0.00362216
1.678768e-08,0.0124651
1.683768e-08,0.0187539
1.688768e-08,0.0136185
1.693768e-08,0.00664302
1.698768e-08,0.00485797
1.703768e-08,0.00579169
1.708768e-08,0.00208427
1.713768e-08,-0.00703324
1.718768e-08,-0.00436939
1.723768e-08,0.0102131
1.728768e-08,0.0166393
1.733768e-08,0.0151014
1.738768e-08,0.0111743
1.743768e-08,0.00537975
1.748768e-08,0.00263352
1.753768e-08,0.003375
1.758768e-08,0.00927941
1.763768e-08,0.0159253
1.768768e-08,0.0128221
1.773768e-08,0.00669795
1.778768e-08,0.00477558
1.783768e-08,0.00238635
1.788768e-08,0.00180964
1.793768e-08,0.00491289
1.798768e-08,0.00894986
1.803768e-08,0.0145797
1.808768e-08,0.012108
1.813768e-08,-0.000826745
1.818768e-08,-0.00620937
1.823768e-08,-0.00310612
1.828768e-08,-0.00176047
1.833768e-08,0.00323769
1.838768e-08,0.012108
1.843768e-08,0.0158155
1.848768e-08,0.0170238
1.853768e-08,0.0199348
1.858768e-08,0.0243288
1.863768e-08,0.0310845
1.868768e-08,0.0286129
1.873768e-08,0.00903225
1.878768e-08,-0.00777473
1.883768e-08,-0.0118392
1.888768e-08,-0.0168099
1.893768e-08,-0.0199131
1.898768e-08,-0.0156839
1.903768e-08,-0.0148051
1.908768e-08,-0.0151346
1.913768e-08,-0.0083789
1.918768e-08,0.000930848
1.923768e-08,0.00521498
1.928768e-08,0.00840062
1.933768e-08,0.0141403
1.938768e-08,0.00727466
1.943768e-08,-0.00662131
1.948768e-08,-0.00335328
1.953768e-08,0.00480304
1.958768e-08,0.00579169
1.963768e-08,0.00606631
1.968768e-08,-0.00774727
1.973768e-08,-0.0229889
1.978768e-08,-0.0125806
1.983768e-08,-0.00552281
1.988768e-08,-0.0220277
1.993768e-08,-0.0292229
1.998768e-08,-0.0147227
2.003768e-08,0.000189363
2.008768e-08,0.00494036
2.013768e-08,0.00625855
2.018768e-08,0.0141952
2.023768e-08,0.0174632
2.028768e-08,0.00661556
2.033768e-08,0.00516006
2.038768e-08,0.0143874
2.043768e-08,0.012877
2.048768e-08,0.00903225
2.053768e-08,0.01436
2.058768e-08,0.0238619
2.063768e-08,0.0275144
2.068768e-08,0.0205665
2.073768e-08,0.016502
2.078768e-08,0.0159802
2.083768e-08,0.00485797
2.088768e-08,-0.00508342
2.093768e-08,0.00027175
2.098768e-08,0.0100758
2.103768e-08,0.0107624
2.108768e-08,0.00197442
2.113768e-08,-0.00813174
2.118768e-08,-0.0114547
2.123768e-08,-0.00999918
2.128768e-08,-0.00895561
2.133768e-08,-0.00170554
2.138768e-08,0.00642333
2.143768e-08,0.00332008
2.148768e-08,0.00477558
2.153768e-08,0.0166668
2.158768e-08,0.0195229
2.163768e-08,0.0172984
2.168768e-08,0.0232028
2.173768e-08,0.0274321
2.178768e-08,0.0227085
2.183768e-08,0.0141952
2.188768e-08,0.0100484
2.193768e-08,0.0104054
2.198768e-08,0.00428126
2.203768e-08,-0.00414969
2.208768e-08,-0.00354552
2.213768e-08,0.00255113
2.218768e-08,0.00873017
2.223768e-08,0.0123003
2.228768e-08,0.0102406
2.233768e-08,0.00408902
2.238768e-08,0.00263352
2.243768e-08,0.00875763
2.248768e-08,0.00864778
2.253768e-08,0.000820998
2.258768e-08,-0.000112723
2.263768e-08,0.00524244
2.268768e-08,0.00873017
2.273768e-08,0.00625855
2.278768e-08,0.0012604
2.283768e-08,-0.00219986
2.288768e-08,-0.0102463
2.293768e-08,-0.017771
2.298768e-08,-0.0118941
2.303768e-08,-0.00154077
2.308768e-08,0.00326515
2.313768e-08,0.0102681
2.318768e-08,0.0132889
2.323768e-08,0.00200188
2.328768e-08,-0.00901054
2.333768e-08,-0.0115371
2.338768e-08,-0.0158761
2.343768e-08,-0.018897
2.348768e-08,-0.0115371
2.353768e-08,-0.00250195
2.358768e-08,0.00362216
2.363768e-08,0.0101033
2.368768e-08,0.0118883
2.373768e-08,0.0153211
2.378768e-08,0.0213079
2.383768e-08,0.0163098
2.388768e-08,0.00977374
2.393768e-08,0.0109546
2.398768e-08,0.0110095
2.403768e-08,0.0160077
2.408768e-08,0.0215002
2.413768e-08,0.00763167
2.418768e-08,-0.00651146
2.423768e-08,-0.00598967
2.428768e-08,-0.00851621
2.433768e-08,-0.00799443
2.438768e-08,-0.00181539
2.443768e-08,-0.00148584
2.448768e-08,-0.00115629
2.453768e-08,0.00255113
2.458768e-08,0.00485797
2.463768e-08,0.00310038
2.468768e-08,0.00466573
2.473768e-08,0.00521498
2.478768e-08,-0.00607206
2.483768e-08,-0.0112075
2.488768e-08,-0.00826905
2.493768e-08,-0.0105484
2.498768e-08,-0.0077198
2.503768e-08,-0.00324344
2.508768e-08,-0.00252941
2.513768e-08,0.00260605
2.518768e-08,0.00730212
2.523768e-08,0.00785137
2.528768e-08,0.00452842
2.533768e-08,-0.0023921
2.538768e-08,-0.0085986
2.543768e-08,-0.0134045
2.548768e-08,-0.0131574
2.553768e-08,-0.00382015
2.558768e-08,0.00807107
2.563768e-08,0.0163372
2.568768e-08,0.0247133
2.573768e-08,0.0299311
2.578768e-08,0.0299311
2.583768e-08,0.0269927
2.588768e-08,0.015431
2.593768e-08,0.0044735
2.598768e-08,0.000903385
2.603768e-08,0.000354137
2.608768e-08,0.00985612
2.613768e-08,0.0233676
2.618768e-08,0.020896
2.623768e-08,0.00469319
2.628768e-08,-0.00329836
2.633768e-08,-0.00123868
2.638768e-08,-0.006484
2.643768e-08,-0.0154093
2.648768e-08,-0.0137341
2.653768e-08,-0.00563266
2.658768e-08,0.00169979
2.663768e-08,0.00507767
2.668768e-08,0.000409062
2.673768e-08,-0.00252941
2.678768e-08,0.005929
2.683768e-08,0.0122454
2.688768e-08,0.0111194
2.693768e-08,0.0118883
2.698768e-08,0.0139755
2.703768e-08,0.0157056
2.708768e-08,0.0146895
2.713768e-08,0.0119158
2.718768e-08,0.0122179
2.723768e-08,0.0118334
2.728768e-08,0.00820838
2.733768e-08,0.00400663
2.738768e-08,0.00760421
2.743768e-08,0.0178477
2.748768e-08,0.0193581
2.753768e-08,0.0131241
2.758768e-08,0.00598393
2.763768e-08,0.00169979
2.768768e-08,0.00274337
2.773768e-08,0.000683686
2.778768e-08,-0.00708817
2.783768e-08,-0.0179907
2.788768e-08,-0.0288384
2.793768e-08,-0.0266963
2.798768e-08,-0.00939501
2.803768e-08,0.0029356
2.808768e-08,0.00027175
2.813768e-08,-0.00656638
2.818768e-08,-0.0088183
2.823768e-08,-0.00717056
2.828768e-08,-0.0110153
2.833768e-08,-0.0202152
2.838768e-08,-0.0207095
2.843768e-08,-0.0163705
2.848768e-08,-0.0170296
2.853768e-08,-0.0150248
2.858768e-08,-0.00999918
2.863768e-08,-0.00983441
2.868768e-08,-0.0116469
2.873768e-08,-0.0146403
2.878768e-08,-0.0152445
2.883768e-08,-0.010164
2.888768e-08,-0.0115371
2.893768e-08,-0.0104111
2.898768e-08,0.00233143
2.903768e-08,0.00532483
2.908768e-08,0.00683526
2.913768e-08,0.017271
2.918768e-08,0.0163922
2.923768e-08,0.00911464
2.928768e-08,0.00645079
2.933768e-08,0.00461081
2.938768e-08,0.000244288
2.943768e-08,-0.00892815
2.948768e-08,-0.0138988
2.953768e-08,-0.0102189
2.958768e-08,-0.0115645
2.963768e-08,-0.0180731
2.968768e-08,-0.0132397
2.973768e-08,-0.00266673
2.978768e-08,-0.000826745
2.983768e-08,-0.00104644
2.988768e-08,-0.00099152
2.993768e-08,-0.00563266
2.998768e-08,-0.00340821
3.003768e-08,0.0027159
3.008768e-08,0.000711148
3.013768e-08,0.0031553
3.018768e-08,0.0129594
3.023768e-08,0.0123552
3.028768e-08,0.000656224
3.033768e-08,-0.00651146
3.038768e-08,-0.00843383
3.043768e-08,-0.00813174
3.048768e-08,-0.00475387
3.053768e-08,-0.00609952
3.058768e-08,-0.0143108
3.063768e-08,-0.0262295
3.068768e-08,-0.0344682
3.073768e-08,-0.03131
3.078768e-08,-0.0217805
3.083768e-08,-0.012306
3.088768e-08,-0.00571505
3.093768e-08,0.000711148
3.098768e-08,0.0144423
3.103768e-08,0.0289425
3.108768e-08,0.0283383
3.113768e-08,0.0132889
3.118768e-08,-0.00373776
3.123768e-08,-0.0167549
3.128768e-08,-0.0243895
3.133768e-08,-0.0280145
3.138768e-08,-0.0279321
3.143768e-08,-0.0183752
3.148768e-08,-0.00802189
3.153768e-08,-0.0106583
3.158768e-08,-0.0159036
3.163768e-08,-0.0154093
3.168768e-08,-0.0125806
3.173768e-08,-0.0085986
3.178768e-08,-0.00708817
3.183768e-08,-0.00228225
3.188768e-08,0.00829077
3.193768e-08,0.0110645
3.198768e-08,0.00417141
3.203768e-08,-0.00593475
3.208768e-08,-0.0142009
3.213768e-08,-0.0137615
3.218768e-08,-0.00796697
3.223768e-08,-0.00307866
3.228768e-08,0.00106816
3.233768e-08,0.00472066
3.238768e-08,0.00996597
3.243768e-08,0.0159802
3.248768e-08,0.0112842
3.253768e-08,-0.00414969
3.258768e-08,-0.0140362
3.263768e-08,-0.0167275
3.268768e-08,-0.0169197
3.273768e-08,-0.0103013
3.278768e-08,0.000903385
3.283768e-08,0.0102955
3.288768e-08,0.0167492
3.293768e-08,0.0208136
3.298768e-08,0.0200721
3.303768e-08,0.0127946
3.308768e-08,0.00419887
3.313768e-08,-0.00126614
3.318768e-08,-0.000607046
3.323768e-08,0.00763167
3.328768e-08,0.014717
3.333768e-08,0.0110645
3.338768e-08,0.00579169
3.343768e-08,0.0121355
3.348768e-08,0.0170787
3.353768e-08,0.00881255
3.358768e-08,0.000299213
3.363768e-08,-0.0062643
3.368768e-08,-0.0165627
3.373768e-08,-0.0184027
3.378768e-08,-0.0101914
3.383768e-08,-0.00189778
3.388768e-08,0.00496782
3.393768e-08,0.00873017
3.398768e-08,0.0116961
3.403768e-08,0.0129868
3.408768e-08,0.0133438
3.413768e-08,0.0187539
3.418768e-08,0.0214453
3.423768e-08,0.0194405
3.428768e-08,0.0189187
3.433768e-08,0.0191109
3.438768e-08,0.0207038
3.443768e-08,0.0152113
3.448768e-08,-0.00236464
3.453768e-08,-0.0140636
3.458768e-08,-0.0120589
3.463768e-08,-0.00615445
3.468768e-08,-0.000607046
3.473768e-08,0.00384186
3.478768e-08,0.00878509
3.483768e-08,0.0142226
3.488768e-08,0.0148817
3.493768e-08,0.0130692
3.498768e-08,0.01252
3.503768e-08,0.0113391
3.508768e-08,0.0114489
3.513768e-08,0.0137009
3.518768e-08,0.0111469
3.523768e-08,0.0024962
3.528768e-08,-0.0032709
3.533768e-08,-0.00236464
3.538768e-08,0.0003816
3.543768e-08,0.0003816
3.548768e-08,0.00472066
3.553768e-08,0.0238619
3.558768e-08,0.0394606
3.563768e-08,0.034792
3.568768e-08,0.0295741
3.573768e-08,0.0291622
3.578768e-08,0.0199623
3.583768e-08,0.00211173
3.588768e-08,-0.0106308
3.593768e-08,-0.00752757
3.598768e-08,-0.00280404
3.603768e-08,-0.00557774
3.608768e-08,-0.0096971
3.613768e-08,-0.0142284
3.618768e-08,-0.0118117
3.623768e-08,-0.00409477
3.628768e-08,0.0040341
3.633768e-08,0.0164196
3.638768e-08,0.0229008
3.643768e-08,0.0248231
3.648768e-08,0.0285305
3.653768e-08,0.0213903
3.658768e-08,0.00900479
3.663768e-08,0.0012604
3.668768e-08,-0.0113448
3.673768e-08,-0.0223023
3.678768e-08,-0.0204074
3.683768e-08,-0.0168373
3.688768e-08,-0.0163705
3.693768e-08,-0.0060446
3.698768e-08,0.0155134
3.703768e-08,0.025647
3.708768e-08,0.012877
3.713768e-08,0.00208427
3.718768e-08,0.00540722
3.723768e-08,0.00128786
3.728768e-08,-0.00829651
3.733768e-08,-0.00832398
3.738768e-08,-0.00802189
3.743768e-08,-0.0101365
3.748768e-08,-0.0114822
3.753768e-08,-0.0131848
3.758768e-08,-0.010109
3.763768e-08,-0.00439686
3.768768e-08,0.00115055
3.773768e-08,0.00771406
3.778768e-08,0.00897733
3.783768e-08,0.00466573
3.788768e-08,0.00414395
3.793768e-08,0.00732958
3.798768e-08,0.008483
3.803768e-08,0.0068078
3.808768e-08,0.00329261
3.813768e-08,-0.00129361
3.818768e-08,-0.00653892
3.823768e-08,-0.00598967
3.828768e-08,0.00603885
3.833768e-08,0.0177104
3.838768e-08,0.0156507
3.843768e-08,0.0101307
3.848768e-08,0.012877
3.853768e-08,0.0111743
3.858768e-08,-0.00467148
3.863768e-08,-0.0183752
3.868768e-08,-0.0194462
3.873768e-08,-0.0176063
3.878768e-08,-0.0132947
3.883768e-08,-0.00189778
3.888768e-08,0.00386932
3.893768e-08,-0.00126614
3.898768e-08,-0.00206255
3.903768e-08,0.00568184
3.908768e-08,0.0143874
3.913768e-08,0.0210333
3.918768e-08,0.0245485
3.923768e-08,0.024933
3.928768e-08,0.0182047
3.933768e-08,0.00356724
3.938768e-08,-0.00544043
3.943768e-08,0.000573836
3.948768e-08,0.0093618
3.953768e-08,0.00801614
3.958768e-08,0.00452842
3.963768e-08,0.00353977
3.968768e-08,-0.00689593
3.973768e-08,-0.0200779
3.978768e-08,-0.0193089
3.983768e-08,-0.0167
3.988768e-08,-0.024719
3.993768e-08,-0.0309804
3.998768e-08,-0.0255704
4.003768e-08,-0.0180182
4.008768e-08,-0.0135418
4.013768e-08,0.00101323
4.018768e-08,0.0213903
4.023768e-08,0.0234775
4.028768e-08,0.014717
4.033768e-08,0.0153761
4.038768e-08,0.0175731
4.043768e-08,0.0124101
4.048768e-08,0.00411648
4.053768e-08,-0.00335328
4.058768e-08,-0.00544043
4.063768e-08,0.00200188
4.068768e-08,0.0116686
4.073768e-08,0.0134812
4.078768e-08,0.0128495
4.083768e-08,0.0144698
4.088768e-08,0.0100758
4.093768e-08,0.00290814
4.098768e-08,0.00123293
4.103768e-08,-0.00445178
4.108768e-08,-0.00997172
4.113768e-08,-0.0028315
4.118768e-08,0.0052699
4.123768e-08,0.00532483
4.128768e-08,0.00134278
4.133768e-08,-0.00277657
4.138768e-08,0.0010407
4.143768e-08,0.0132615
4.148768e-08,0.0210882
4.153768e-08,0.024219
4.158768e-08,0.0285305
4.163768e-08,0.0308648
4.168768e-08,0.0336935
4.173768e-08,0.0362749
4.178768e-08,0.0318535
4.183768e-08,0.0234225
4.188768e-08,0.0124651
4.193768e-08,-0.00299627
4.198768e-08,-0.0141185
4.203768e-08,-0.0163155
4.208768e-08,-0.0115096
4.213768e-08,0.000711148
4.218768e-08,0.00697257
4.223768e-08,0.00117801
4.228768e-08,-0.00121122
4.233768e-08,-0.000332422
4.238768e-08,-0.00126614
4.243768e-08,0.00224904
4.248768e-08,0.000518912
4.253768e-08,-0.00209002
4.258768e-08,0.011751
4.263768e-08,0.0236148
4.268768e-08,0.019825
4.273768e-08,0.0155134
4.278768e-08,0.0182047
4.283768e-08,0.0224064
4.288768e-08,0.0212256
4.293768e-08,0.0137558
4.298768e-08,0.00982866
4.303768e-08,0.0108173
4.308768e-08,0.0054896
4.313768e-08,-0.00143092
4.318768e-08,-0.00829651
4.323768e-08,-0.0185949
4.328768e-08,-0.0160134
4.333768e-08,-0.0026118
4.338768e-08,0.00581915
4.343768e-08,0.00782391
4.348768e-08,0.00106816
4.353768e-08,-0.00313359
4.358768e-08,0.00197442
4.363768e-08,0.00562692
4.368768e-08,0.00782391
4.373768e-08,0.00510513
4.378768e-08,0.00134278
4.383768e-08,-0.000387347
4.388768e-08,-0.00865353
4.393768e-08,-0.00975202
4.398768e-08,-0.00258434
4.403768e-08,-0.00640161
4.408768e-08,-0.0121412
4.413768e-08,-0.0112899
4.418768e-08,-0.0158212
4.423768e-08,-0.0196659
4.428768e-08,-0.0146403
4.433768e-08,-0.00733533
4.438768e-08,-0.00200763
4.443768e-08,-0.00104644
4.448768e-08,0.00378694
4.453768e-08,0.0160352
4.458768e-08,0.0216375
4.463768e-08,0.0193306
4.468768e-08,0.0193856
4.473768e-08,0.0213354
4.478768e-08,0.0239443
4.483768e-08,0.0235873
4.488768e-08,0.0135086
4.493768e-08,0.00612124
4.498768e-08,0.00790629
4.503768e-08,0.00513259
4.508768e-08,0.00158994
4.513768e-08,0.00656064
4.518768e-08,0.0100209
4.523768e-08,0.00823584
4.528768e-08,0.00779644
4.533768e-08,0.00450096
4.538768e-08,-0.00505595
4.543768e-08,-0.0102738
4.548768e-08,-0.00818667
4.553768e-08,-0.00722548
4.558768e-08,-0.00409477
4.563768e-08,-3.03361e-05
4.568768e-08,-0.00252941
4.573768e-08,-0.000799283
4.578768e-08,0.00647825
4.583768e-08,0.0074669
4.588768e-08,0.00573677
4.593768e-08,0.00485797
4.598768e-08,0.00362216
4.603768e-08,0.00521498
4.608768e-08,0.00450096
4.613768e-08,0.0003816
4.618768e-08,0.0003816
4.623768e-08,0.00156248
4.628768e-08,0.00183711
4.633768e-08,0.00395171
4.638768e-08,0.00905971
4.643768e-08,0.0145797
4.648768e-08,0.0141677
4.653768e-08,0.0133164
4.658768e-08,0.0160626
4.663768e-08,0.0123552
4.668768e-08,-0.0028315
4.673768e-08,-0.0190343
4.678768e-08,-0.0218629
4.683768e-08,-0.0174964
4.688768e-08,-0.0178534
4.693768e-08,-0.0172767
4.698768e-08,-0.011949
4.703768e-08,-0.00544043
4.708768e-08,0.00095831
4.713768e-08,0.0098012
4.718768e-08,0.0210059
4.723768e-08,0.0253174
4.728768e-08,0.0240816
4.733768e-08,0.0247957
4.738768e-08,0.0231479
4.743768e-08,0.0199623
4.748768e-08,0.0187814
4.753768e-08,0.0174357
4.758768e-08,0.0181498
4.763768e-08,0.0197151
4.768768e-08,0.0153211
4.773768e-08,0.00884002
4.778768e-08,0.0110095
4.783768e-08,0.0204017
4.788768e-08,0.0228184
4.793768e-08,0.0153486
4.798768e-08,0.0130418
4.803768e-08,0.0163098
4.808768e-08,0.01252
4.813768e-08,0.00543468
4.818768e-08,0.00332008
4.823768e-08,0.00461081
4.828768e-08,0.00683526
4.833768e-08,0.0108997
4.838768e-08,0.0182322
4.843768e-08,0.0219396
4.848768e-08,0.0143325
4.853768e-08,0.00463827
4.858768e-08,0.00450096
4.863768e-08,0.0104878
4.868768e-08,0.0159802
4.873768e-08,0.0177378
4.878768e-08,0.0175731
4.883768e-08,0.0205115
4.888768e-08,0.019468
4.893768e-08,0.0136185
4.898768e-08,0.0108722
4.903768e-08,0.00678034
4.908768e-08,0.00408902
4.913768e-08,0.00551707
4.918768e-08,0.0063684
4.923768e-08,0.0072472
4.928768e-08,0.0082633
4.933768e-08,0.00776898
4.938768e-08,0.00205681
4.943768e-08,-0.00406731
4.948768e-08,-0.00637415
4.953768e-08,-0.00884576
4.958768e-08,-0.00703324
4.963768e-08,-0.00467148
4.968768e-08,-0.00799443
4.973768e-08,-0.00335328
4.978768e-08,0.00730212
4.983768e-08,0.0101582
4.988768e-08,0.0137558
4.993768e-08,0.0208136
4.998768e-08,0.0245485
5.003768e-08,0.0229282
5.008768e-08,0.0157605
5.013768e-08,0.0101033
5.018768e-08,0.00595646
5.023768e-08,-0.00274911
5.028768e-08,-0.0169472
5.033768e-08,-0.0293876
5.038768e-08,-0.0304312
5.043768e-08,-0.0223023
5.048768e-08,-0.0138714
5.053768e-08,-0.00747264
5.058768e-08,0.00266098
5.063768e-08,0.0138382
5.068768e-08,0.0202369
5.073768e-08,0.0251252
5.078768e-08,0.0240267
5.083768e-08,0.0183145
5.088768e-08,0.0205665
5.093768e-08,0.0278714
5.098768e-08,0.0294093
5.103768e-08,0.0272673
5.108768e-08,0.0274595
5.113768e-08,0.0218846
5.118768e-08,0.0120806
5.123768e-08,0.00664302
5.128768e-08,-0.00420462
5.133768e-08,-0.0118666
5.138768e-08,-0.00541296
5.143768e-08,-0.00280404
5.148768e-08,-0.00717056
5.153768e-08,-0.00294135
5.158768e-08,0.00798868
5.163768e-08,0.00752182
5.168768e-08,-0.00167808
5.173768e-08,0.00329261
5.178768e-08,0.0153211
5.183768e-08,0.0125749
5.188768e-08,0.00559945
5.193768e-08,0.00266098
5.198768e-08,-0.00170554
5.203768e-08,-5.77984e-05
5.208768e-08,0.00378694
5.213768e-08,0.000820998
5.218768e-08,-0.00101898
5.223768e-08,-0.00132107
5.228768e-08,-0.00596221
5.233768e-08,-0.00950486
5.238768e-08,-0.00977948
5.243768e-08,-0.0118941
5.248768e-08,-0.0127454
5.253768e-08,-0.00818667
5.258768e-08,-0.0056052
5.263768e-08,-0.00576998
5.268768e-08,-0.0015133
5.273768e-08,0.00277083
5.278768e-08,0.0087027
5.283768e-08,0.0192757
5.288768e-08,0.016145
5.293768e-08,0.00189203
5.298768e-08,-0.00274911
5.303768e-08,-0.00406731
5.308768e-08,-0.00697832
5.313768e-08,-0.00659385
5.318768e-08,-0.00788458
5.323768e-08,-0.00942247
5.328768e-08,-0.00566013
5.333768e-08,-0.00107391
5.338768e-08,-0.000909132
5.343768e-08,-0.00148584
5.348768e-08,0.00332008
5.353768e-08,0.00851047
5.358768e-08,0.00694511
5.363768e-08,0.00202934
5.368768e-08,-0.00395746
5.373768e-08,-0.00870845
5.378768e-08,-0.0103287
5.383768e-08,-0.0117842
5.388768e-08,-0.011949
5.393768e-08,-0.0103562
5.398768e-08,-0.00620937
5.403768e-08,0.000738611
5.408768e-08,0.00169979
5.413768e-08,-0.00250195
5.418768e-08,-0.00612699
5.423768e-08,-0.0120039
5.428768e-08,-0.0175788
5.433768e-08,-0.0198033
5.438768e-08,-0.0131024
5.443768e-08,0.0014801
5.448768e-08,0.00617616
5.453768e-08,0.00288068
5.458768e-08,0.00334754
5.463768e-08,0.00134278
5.468768e-08,-0.00225479
5.473768e-08,-0.0019527
5.478768e-08,-0.00156823
5.483768e-08,-0.0032709
5.488768e-08,-0.0096971
5.493768e-08,-0.0146403
5.498768e-08,-0.0114272
5.503768e-08,-0.00868099
5.508768e-08,-0.00879084
5.513768e-08,-0.0113448
5.518768e-08,-0.0143108
5.523768e-08,-0.00848875
5.528768e-08,0.00219412
5.533768e-08,0.0104878
5.538768e-08,0.0133713
5.543768e-08,0.0100484
5.548768e-08,0.00741197
5.553768e-08,0.00537975
5.558768e-08,0.00106816
5.563768e-08,-0.00112883
5.568768e-08,0.00175472
5.573768e-08,0.00741197
5.578768e-08,0.00727466
5.583768e-08,0.00109562
5.588768e-08,0.00318276
5.593768e-08,0.0144149
5.598768e-08,0.0225712
5.603768e-08,0.0221318
5.608768e-08,0.0116137
5.613768e-08,-0.00321597
5.618768e-08,-0.0105484
5.623768e-08,-0.00417716
5.628768e-08,0.00664302
5.633768e-08,0.00735705
5.638768e-08,-0.00211748
5.643768e-08,-0.012306
5.648768e-08,-0.0113448
5.653768e-08,-0.000936595
5.658768e-08,0.00565438
5.663768e-08,0.00845554
5.668768e-08,0.00537975
5.673768e-08,-0.0058249
5.678768e-08,-0.00802189
5.683768e-08,-0.00483625
5.688768e-08,-0.0138439
5.693768e-08,-0.014146
5.698768e-08,-0.00299627
5.703768e-08,-0.00708817
5.708768e-08,-0.0121412
5.713768e-08,-0.00393
5.718768e-08,0.00581915
5.723768e-08,0.00900479
5.728768e-08,0.00400663
5.733768e-08,0.00244128
5.738768e-08,0.00450096
5.743768e-08,0.00485797
5.748768e-08,0.0102955
5.753768e-08,0.0159253
5.758768e-08,0.0127946
5.763768e-08,0.00787883
5.768768e-08,0.00820838
5.773768e-08,0.0087027
5.778768e-08,0.0121355
5.783768e-08,0.0126573
5.788768e-08,-0.00376522
5.793768e-08,-0.0212862
5.798768e-08,-0.0246916
5.803768e-08,-0.0213411
5.808768e-08,-0.0145305
5.813768e-08,-0.00439686
5.818768e-08,0.00244128
5.823768e-08,0.00840062
5.828768e-08,0.0162823
5.833768e-08,0.0160352
5.838768e-08,0.0119982
5.843768e-08,0.00985612
5.848768e-08,0.00590154
5.853768e-08,0.00840062
5.858768e-08,0.0129868
5.863768e-08,0.00738451
5.868768e-08,-0.00148584
5.873768e-08,-0.00373776
5.878768e-08,-0.00263926
5.883768e-08,-0.00294135
5.888768e-08,0.00296306
5.893768e-08,0.013591
5.898768e-08,0.0193032
5.903768e-08,0.0230655
5.908768e-08,0.023807
5.913768e-08,0.0200447
5.918768e-08,0.0204017
5.923768e-08,0.0169963
5.928768e-08,0.00332008
5.933768e-08,-0.00318851
5.938768e-08,-0.0028315
5.943768e-08,-0.00766488
5.948768e-08,-0.00972456
5.953768e-08,-0.0079395
5.958768e-08,-0.0127729
5.963768e-08,-0.0195286
5.968768e-08,-0.022934
5.973768e-08,-0.0235381
5.978768e-08,-0.0164803
5.983768e-08,-0.00486372
5.988768e-08,0.0035947
5.993768e-08,0.00535229
5.998768e-08,0.00224904
6.003768e-08,0.000409062
6.008768e-08,0.00145263
6.013768e-08,0.00595646
6.018768e-08,0.0114215
6.023768e-08,0.00999344
6.028768e-08,0.00694511
6.033768e-08,0.0157056
6.038768e-08,0.0280088
6.043768e-08,0.0232578
6.048768e-08,0.00875763
6.053768e-08,0.00439111
6.058768e-08,0.0024962
6.063768e-08,-0.00206255
6.068768e-08,0.00131532
6.073768e-08,0.00238635
6.078768e-08,-0.000799283
6.083768e-08,0.00414395
6.088768e-08,0.00142517
6.093768e-08,-0.00953232
6.098768e-08,-0.00950486
6.103768e-08,-0.00752757
6.108768e-08,-0.00662131
6.113768e-08,-0.00140346
6.118768e-08,0.00472066
6.123768e-08,0.0149092
6.128768e-08,0.0246034
6.133768e-08,0.0257843
6.138768e-08,0.0180125
6.143768e-08,0.0136734
6.148768e-08,0.0256745
6.153768e-08,0.0376481
6.158768e-08,0.0372087
6.163768e-08,0.0298487
6.168768e-08,0.0217199
6.173768e-08,0.0244112
6.178768e-08,0.0292446
6.183768e-08,0.0153211
6.188768e-08,-0.0102738
6.193768e-08,-0.0240599
6.198768e-08,-0.022934
6.203768e-08,-0.0201877
6.208768e-08,-0.0143108
6.213768e-08,-0.00181539
6.218768e-08,0.00820838
6.223768e-08,0.0120257
6.228768e-08,0.0111743
6.233768e-08,0.00502274
6.238768e-08,0.00150756
6.243768e-08,0.00960896
6.248768e-08,0.0176829
6.253768e-08,0.0154859
6.258768e-08,0.0113391
6.263768e-08,0.0126573
6.268768e-08,0.0186166
6.273768e-08,0.0193032
6.278768e-08,0.0132615
6.283768e-08,0.0110919
6.288768e-08,0.00933434
6.293768e-08,0.00485797
6.298768e-08,-0.000716896
6.303768e-08,-0.0137615
6.308768e-08,-0.0220277
6.313768e-08,-0.0125806
6.318768e-08,-0.00244703
6.323768e-08,-0.00118376
6.328768e-08,0.00477558
6.333768e-08,0.0165295
6.338768e-08,0.017271
6.343768e-08,0.0087027
6.348768e-08,0.00288068
6.353768e-08,-8.52608e-05
6.358768e-08,0.00535229
6.363768e-08,0.0139206
6.368768e-08,0.0129868
6.373768e-08,0.00938926
6.378768e-08,0.00516006
6.383768e-08,-0.00461655
6.388768e-08,-0.0121962
6.393768e-08,-0.010164
6.398768e-08,-0.00445178
6.403768e-08,-0.000634509
6.408768e-08,0.00340246
6.413768e-08,0.00842808
6.418768e-08,0.017628
6.423768e-08,0.0280362
6.428768e-08,0.030755
6.433768e-08,0.0302332
6.438768e-08,0.0250703
6.443768e-08,0.00787883
6.448768e-08,-0.00950486
6.453768e-08,-0.00997172
6.458768e-08,0.00194696
6.463768e-08,0.000903385
6.468768e-08,-0.0164528
6.473768e-08,-0.026916
6.478768e-08,-0.027273
6.483768e-08,-0.0246092
6.488768e-08,-0.0134869
6.493768e-08,0.00532483
6.498768e-08,0.0186441
6.503768e-08,0.0171886
6.508768e-08,0.0111469
6.513768e-08,0.0117236
6.518768e-08,0.0105427
6.523768e-08,0.00408902
6.528768e-08,-0.00123868
6.533768e-08,-0.00302374
6.538768e-08,-0.00247449
6.543768e-08,-0.00664877
6.548768e-08,-0.00964217
6.553768e-08,0.0029356
6.558768e-08,0.0153761
6.563768e-08,0.013948
6.568768e-08,0.0148543
6.573768e-08,0.00971881
6.578768e-08,-0.00296881
6.583768e-08,0.00373201
6.588768e-08,0.0144698
6.593768e-08,0.0129868
6.598768e-08,0.0115863
6.603768e-08,0.00708242
6.608768e-08,-0.00250195
6.613768e-08,-0.00214494
6.618768e-08,0.0113116
6.623768e-08,0.0203193
6.628768e-08,0.0178751
6.633768e-08,0.011751
6.638768e-08,0.0105701
6.643768e-08,0.0165844
6.648768e-08,0.0164196
6.653768e-08,0.00137025
6.658768e-08,-0.0077198
6.663768e-08,0.00397917
6.668768e-08,0.0174357
6.673768e-08,0.0229008
6.678768e-08,0.0275144
6.683768e-08,0.0290249
6.688768e-08,0.027075
6.693768e-08,0.0162274
6.698768e-08,-0.00453417
6.703768e-08,-0.0128003
6.708768e-08,-0.00489118
6.713768e-08,0.00452842
6.718768e-08,0.0161175
6.723768e-08,0.0262237
6.728768e-08,0.029629
6.733768e-08,0.0316887
6.738768e-08,0.0272673
6.743768e-08,0.0115313
6.748768e-08,-0.00228225
6.753768e-08,-0.0077198
6.758768e-08,-0.00813174
6.763768e-08,-0.00390253
6.768768e-08,-0.00140346
6.773768e-08,0.003375
6.778768e-08,0.0199074
6.783768e-08,0.0414379
6.788768e-08,0.0564049
6.793768e-08,0.0575308
6.798768e-08,0.0564323
6.803768e-08,0.0641767
6.808768e-08,0.0616776
6.813768e-08,0.043525
6.818768e-08,0.0316063
6.823768e-08,0.0274595
6.828768e-08,0.0196877
6.833768e-08,0.0148543
6.838768e-08,0.0189736
6.843768e-08,0.0238619
6.848768e-08,0.0219121
6.853768e-08,0.0160352
6.858768e-08,0.0183145
6.863768e-08,0.0244661
6.868768e-08,0.0176554
6.873768e-08,0.00461081
6.878768e-08,0.00266098
6.883768e-08,0.0132615
6.888768e-08,0.0230106
6.893768e-08,0.0224064
6.898768e-08,0.0180125
6.903768e-08,0.0207862
6.908768e-08,0.0280362
6.913768e-08,0.0236972
6.918768e-08,0.0129044
6.923768e-08,0.0141403
6.928768e-08,0.0158155
6.933768e-08,0.00667049
6.938768e-08,0.00222158
6.943768e-08,0.00818092
6.948768e-08,0.0140579
6.953768e-08,0.0133438
6.958768e-08,0.00716481
6.963768e-08,0.00109562
6.968768e-08,0.00156248
6.973768e-08,0.00175472
6.978768e-08,-0.00456163
6.983768e-08,-0.00502849
6.988768e-08,-0.00360045
6.993768e-08,-0.0049461
6.998768e-08,0.00216665
7.003768e-08,0.0126847
7.008768e-08,0.0193032
7.013768e-08,0.0246584
7.018768e-08,0.0275419
7.023768e-08,0.025647
7.028768e-08,0.0260864
7.033768e-08,0.0233676
7.038768e-08,0.0152388
7.043768e-08,0.022022
7.048768e-08,0.0258118
7.053768e-08,0.0102681
7.058768e-08,0.0115863
7.063768e-08,0.0296565
7.068768e-08,0.0313866
7.073768e-08,0.0254548
7.078768e-08,0.0258392
7.083768e-08,0.017985
7.088768e-08,0.00436365
7.093768e-08,0.00274337
7.098768e-08,0.00840062
7.103768e-08,0.0110919
7.108768e-08,0.00900479
7.113768e-08,0.00362216
7.118768e-08,0.00321023
7.123768e-08,0.00686272
7.128768e-08,0.00411648
7.133768e-08,0.00452842
7.138768e-08,0.0152662
7.143768e-08,0.0165844
7.148768e-08,0.00993851
7.153768e-08,0.0138656
7.158768e-08,0.0214178
7.163768e-08,0.0220494
7.168768e-08,0.0151564
7.173768e-08,0.00689019
7.178768e-08,0.00323769
7.183768e-08,0.00191949
7.188768e-08,0.00776898
7.193768e-08,0.0164471
7.198768e-08,0.0162549
7.203768e-08,0.0162274
7.208768e-08,0.0182322
7.213768e-08,0.0165569
7.218768e-08,0.0145797
7.223768e-08,0.00955404
7.228768e-08,0.00307291
7.233768e-08,0.00348485
7.238768e-08,0.00919703
7.243768e-08,0.0140579
7.248768e-08,0.0215551
7.253768e-08,0.0352863
7.258768e-08,0.0459692
7.263768e-08,0.0472324
7.268768e-08,0.0423441
7.273768e-08,0.0356158
7.278768e-08,0.0285305
7.283768e-08,0.0182322
7.288768e-08,0.00903225
7.293768e-08,0.00565438
7.298768e-08,0.00472066
7.303768e-08,0.00993851
7.308768e-08,0.0183695
7.313768e-08,0.0207587
7.318768e-08,0.0214453
7.323768e-08,0.0215826
7.328768e-08,0.012877
7.333768e-08,-0.0028315
7.338768e-08,-0.0146129
7.343768e-08,-0.0223847
7.348768e-08,-0.0306784
7.353768e-08,-0.0313649
7.358768e-08,-0.0269984
7.363768e-08,-0.0259823
7.368768e-08,-0.0140636
7.373768e-08,0.00823584
7.378768e-08,0.0240542
7.383768e-08,0.0337759
7.388768e-08,0.0344075
7.393768e-08,0.0244112
7.398768e-08,0.00966389
7.403768e-08,-0.00870845
7.408768e-08,-0.0245268
7.413768e-08,-0.0317769
7.418768e-08,-0.0288658
7.423768e-08,-0.0241698
7.428768e-08,-0.0228241
7.433768e-08,-0.0131848
7.438768e-08,0.000299213
7.443768e-08,0.00955404
7.448768e-08,0.0156781
7.453768e-08,0.0102406
7.458768e-08,0.00304545
7.463768e-08,0.00730212
7.468768e-08,0.00823584
7.473768e-08,-0.00137599
7.478768e-08,-0.0112075
7.483768e-08,-0.0147502
7.488768e-08,-0.011592
7.493768e-08,-0.0100541
7.498768e-08,-0.0163705
7.503768e-08,-0.0173866
7.508768e-08,-0.00755503
7.513768e-08,-0.00101898
7.518768e-08,0.00153502
7.523768e-08,0.0068078
7.528768e-08,0.0105427
7.533768e-08,0.0116961
7.538768e-08,0.0116137
7.543768e-08,0.0114764
7.548768e-08,0.0135086
7.553768e-08,0.0116686
7.558768e-08,0.00656064
7.563768e-08,0.00763167
7.568768e-08,0.0147719
7.573768e-08,0.0204291
7.578768e-08,0.0192757
7.583768e-08,0.0191384
7.588768e-08,0.0270201
7.593768e-08,0.0341878
7.598768e-08,0.0319084
7.603768e-08,0.0202918
7.608768e-08,0.0082633
7.613768e-08,0.00672541
7.618768e-08,0.0168316
7.623768e-08,0.0217199
7.628768e-08,0.0104328
7.633768e-08,0.00131532
7.638768e-08,0.00137025
7.643768e-08,-0.00101898
7.648768e-08,-0.00890069
7.653768e-08,-0.0160684
7.658768e-08,-0.0135693
7.663768e-08,-0.00711563
7.668768e-08,-0.00200763
7.673768e-08,0.00617616
7.678768e-08,0.0144698
7.683768e-08,0.021967
7.688768e-08,0.0272124
7.693768e-08,0.0203468
7.698768e-08,0.00905971
7.703768e-08,0.00584661
7.708768e-08,0.000161901
7.713768e-08,-0.00456163
7.718768e-08,-0.00338075
7.723768e-08,-0.0106857
7.728768e-08,-0.0193089
7.733768e-08,-0.0165902
7.738768e-08,-0.0060446
7.743768e-08,-0.000634509
7.748768e-08,-0.00662131
7.753768e-08,-0.00346313
7.758768e-08,0.0091421
7.763768e-08,0.00507767
7.768768e-08,-0.00544043
7.773768e-08,-0.00219986
7.778768e-08,0.00274337
7.783768e-08,0.00186457
7.788768e-08,-0.00178793
7.793768e-08,-0.00653892
7.798768e-08,-0.000442272
7.803768e-08,0.00878509
7.808768e-08,0.00367709
7.813768e-08,-0.00557774
7.818768e-08,-0.0115096
7.823768e-08,-0.014503
7.828768e-08,-0.00533058
7.833768e-08,0.0114489
7.838768e-08,0.0209235
7.843768e-08,0.0266082
7.848768e-08,0.0318535
7.853768e-08,0.0260864
7.858768e-08,0.0107349
7.863768e-08,0.000656224
7.868768e-08,-0.00099152
7.873768e-08,-0.00461655
7.878768e-08,-0.0092577
7.883768e-08,-0.0069234
7.888768e-08,-0.00148584
7.893768e-08,0.00348485
7.898768e-08,0.0093618
7.903768e-08,0.0141952
7.908768e-08,0.0106525
7.913768e-08,0.00156248
7.918768e-08,-0.000140186
7.923768e-08,0.00362216
7.928768e-08,0.00716481
7.933768e-08,0.0134537
7.938768e-08,0.0166119
7.943768e-08,0.0149092
7.948768e-08,0.0193581
7.953768e-08,0.027487
7.958768e-08,0.029327
7.963768e-08,0.0283383
7.968768e-08,0.0291896
7.973768e-08,0.0216924
7.978768e-08,0.00716481
7.983768e-08,-0.00211748
7.988768e-08,-0.0147227
7.993768e-08,-0.0234832
7.998768e-08,-0.0171669
8.003768e-08,-0.0154642
8.008768e-08,-0.013075
8.013768e-08,0.00307291
8.018768e-08,0.00900479
8.023768e-08,-0.00112883
8.028768e-08,-0.00552281
8.033768e-08,-0.00170554
8.038768e-08,0.00222158
8.043768e-08,0.00433618
8.048768e-08,0.00202934
8.053768e-08,0.00189203
8.058768e-08,0.0125749
8.063768e-08,0.0252076
8.068768e-08,0.0293819
8.073768e-08,0.0287777
8.078768e-08,0.0268279
8.083768e-08,0.0212805
8.088768e-08,0.0163372
8.093768e-08,0.00908718
8.098768e-08,5.20511e-05
8.103768e-08,0.00546214
8.108768e-08,0.013948
8.113768e-08,0.0129868
8.118768e-08,0.0152937
8.123768e-08,0.0126847
8.128768e-08,0.00172726
8.133768e-08,0.00348485
8.138768e-08,0.0174357
8.143768e-08,0.0207312
8.148768e-08,0.0107624
8.153768e-08,0.00540722
8.158768e-08,0.00386932
8.163768e-08,-0.000442272
8.168768e-08,-0.00200763
8.173768e-08,0.00142517
8.178768e-08,0.00691765
8.183768e-08,0.00905971
8.188768e-08,0.00647825
8.193768e-08,-0.00247449
8.198768e-08,-0.0126356
8.203768e-08,-0.0147227
8.208768e-08,-0.0142559
8.213768e-08,-0.00879084
8.218768e-08,0.00296306
8.223768e-08,0.0105152
8.228768e-08,0.0115313
8.233768e-08,0.00705496
8.238768e-08,0.00241382
8.243768e-08,-0.0032709
8.248768e-08,-0.00785712
8.253768e-08,-0.00274911
8.258768e-08,-0.00140346
8.263768e-08,-0.00651146
8.268768e-08,-0.000277498
8.273768e-08,0.00853793
8.278768e-08,0.00516006
8.283768e-08,-0.00546789
8.288768e-08,-0.0147776
8.293768e-08,-0.0144206
8.298768e-08,-0.00618191
8.303768e-08,0.00326515
8.308768e-08,0.00730212
8.313768e-08,0.00128786
8.318768e-08,-0.00697832
8.323768e-08,-0.0106583
8.328768e-08,-0.00950486
8.333768e-08,-0.00936755
8.338768e-08,-0.0145854
8.343768e-08,-0.0158761
8.348768e-08,-0.00936755
8.353768e-08,-0.00563266
8.358768e-08,-0.00689593
8.363768e-08,-0.00343567
8.368768e-08,0.00546214
8.373768e-08,0.013948
8.378768e-08,0.0217748
8.383768e-08,0.024576
8.388768e-08,0.0203468
8.393768e-08,0.0191384
8.398768e-08,0.0189462
8.403768e-08,0.0105152
8.408768e-08,0.00222158
8.413768e-08,0.00202934
8.418768e-08,7.95135e-05
8.423768e-08,-0.00546789
8.428768e-08,-0.0047264
8.433768e-08,-0.000552121
8.438768e-08,0.00463827
8.443768e-08,0.0063684
8.448768e-08,-0.00154077
8.453768e-08,-0.0079395
8.458768e-08,-0.00461655
8.463768e-08,0.00466573
8.468768e-08,0.0106251
8.473768e-08,0.00905971
8.478768e-08,0.00809853
8.483768e-08,0.00532483
8.488768e-08,-0.00088167
8.493768e-08,0.00156248
8.498768e-08,0.00612124
8.503768e-08,0.000354137
8.508768e-08,-0.00961471
8.513768e-08,-0.0106034
8.518768e-08,-0.00590729
8.523768e-08,-0.0118941
8.528768e-08,-0.014503
8.533768e-08,-0.00170554
8.538768e-08,0.0074669
8.543768e-08,0.0134262
8.548768e-08,0.020539
8.553768e-08,0.019468
8.558768e-08,0.0121355
8.563768e-08,0.00502274
8.568768e-08,0.00419887
8.573768e-08,0.00653317
8.578768e-08,0.00411648
8.583768e-08,0.00606631
8.588768e-08,0.0130418
8.593768e-08,0.0142226
8.598768e-08,0.0119707
8.603768e-08,0.0106525
8.608768e-08,0.0119982
8.613768e-08,0.0145522
8.618768e-08,0.0101033
8.623768e-08,-0.00178793
8.628768e-08,-0.0108231
8.633768e-08,-0.0141185
8.638768e-08,-0.0156564
8.643768e-08,-0.0167
8.648768e-08,-0.0167824
8.653768e-08,-0.00955978
8.658768e-08,0.00384186
8.663768e-08,0.00947165
8.668768e-08,0.00862032
8.673768e-08,0.0108448
8.678768e-08,0.0114489
8.683768e-08,0.00573677
8.688768e-08,-0.00313359
8.693768e-08,-0.0104386
8.698768e-08,-0.0112625
8.703768e-08,-0.0049461
8.708768e-08,0.00233143
8.713768e-08,0.00738451
8.718768e-08,0.0122454
8.723768e-08,0.0176554
8.728768e-08,0.0206214
8.733768e-08,0.0179301
8.738768e-08,0.0134812
8.743768e-08,0.00669795
8.748768e-08,-0.00192524
8.753768e-08,-0.000854208
8.758768e-08,0.00960896
8.763768e-08,0.0180125
8.768768e-08,0.0176554
8.773768e-08,0.0104328
8.778768e-08,0.00653317
8.783768e-08,0.00656064
8.788768e-08,0.00027175
8.793768e-08,-0.00689593
8.798768e-08,-0.000250035
8.803768e-08,0.0114215
8.808768e-08,0.0137283
8.813768e-08,0.0135086
8.818768e-08,0.00897733
8.823768e-08,-0.0047264
8.828768e-08,-0.00571505
8.833768e-08,0.00807107
8.838768e-08,0.00683526
8.843768e-08,-0.00406731
8.848768e-08,0.00180964
8.853768e-08,0.0108448
8.858768e-08,0.00101323
8.863768e-08,-0.0134045
8.868768e-08,-0.0171669
8.873768e-08,-0.0168922
8.878768e-08,-0.011949
8.883768e-08,-0.00148584
8.888768e-08,0.00392425
8.893768e-08,-0.00200763
8.898768e-08,-0.0133221
8.903768e-08,-0.0140087
8.908768e-08,-0.00796697
8.913768e-08,-0.0116744
8.918768e-08,-0.0118392
8.923768e-08,0.00197442
8.928768e-08,0.0136734
8.933768e-08,0.0170513
8.938768e-08,0.0193581
8.943768e-08,0.0231754
8.948768e-08,0.0208411
8.953768e-08,0.00840062
8.958768e-08,-0.00148584
8.963768e-08,-0.000826745
8.968768e-08,0.00172726
8.973768e-08,0.00134278
8.978768e-08,0.00323769
8.983768e-08,0.00551707
8.988768e-08,0.00579169
8.993768e-08,0.00845554
8.998768e-08,0.00853793
9.003768e-08,0.00332008
9.008768e-08,0.00450096
9.013768e-08,0.0101033
9.018768e-08,0.00474812
9.023768e-08,-0.00335328
9.028768e-08,-0.000387347
9.033768e-08,0.00282575
9.038768e-08,0.00466573
9.043768e-08,0.0105976
9.048768e-08,0.0105976
9.053768e-08,0.0122728
9.058768e-08,0.0235873
9.063768e-08,0.0236697
9.068768e-08,0.0142776
9.073768e-08,0.0138931
9.078768e-08,0.00974627
9.083768e-08,-0.000442272
9.088768e-08,-0.0037103
9.093768e-08,-0.00780219
9.098768e-08,-0.0114547
9.103768e-08,-0.00966963
9.108768e-08,-0.00873591
9.113768e-08,-0.00357298
9.118768e-08,0.00584661
9.123768e-08,0.00804361
9.128768e-08,0.00428126
9.133768e-08,0.00422633
9.138768e-08,0.00798868
9.143768e-08,0.00837315
9.148768e-08,0.00469319
9.153768e-08,0.00323769
9.158768e-08,0.00581915
9.163768e-08,0.00856539
9.168768e-08,0.0112567
9.173768e-08,0.0127671
9.178768e-08,0.0100484
9.183768e-08,0.00461081
9.188768e-08,0.00134278
9.193768e-08,0.00639586
9.198768e-08,0.011806
9.203768e-08,0.00579169
9.208768e-08,0.003375
9.213768e-08,0.0119158
9.218768e-08,0.0131241
9.223768e-08,0.00367709
9.228768e-08,-0.00373776
9.233768e-08,-0.00112883
9.238768e-08,0.00406156
9.243768e-08,0.00436365
9.248768e-08,0.00804361
9.253768e-08,0.0124101
9.258768e-08,0.00793376
9.263768e-08,0.00386932
9.268768e-08,0.00620363
9.273768e-08,0.00873017
9.278768e-08,0.0115039
9.283768e-08,0.0129044
9.288768e-08,0.00969135
9.293768e-08,0.00521498
9.298768e-08,0.0027159
9.303768e-08,0.00579169
9.308768e-08,0.00617616
9.313768e-08,-0.00266673
9.318768e-08,-0.00703324
9.323768e-08,-0.00360045
9.328768e-08,5.20511e-05
9.333768e-08,0.00342992
9.338768e-08,0.00922449
9.343768e-08,0.0150191
9.348768e-08,0.0144698
9.353768e-08,0.0111743
9.358768e-08,0.0119707
9.363768e-08,0.0190835
9.368768e-08,0.0246309
9.373768e-08,0.0141677
9.378768e-08,-0.00274911
9.383768e-08,-0.00760996
9.388768e-08,-0.00489118
9.393768e-08,-0.001733
9.398768e-08,0.00502274
9.403768e-08,0.0105701
9.408768e-08,0.00809853
9.413768e-08,0.00867524
9.418768e-08,0.0164471
9.423768e-08,0.0200996
9.428768e-08,0.0213354
9.433768e-08,0.0200172
9.438768e-08,0.0152113
9.443768e-08,0.014717
9.448768e-08,0.0151838
9.453768e-08,0.0171611
9.458768e-08,0.0217473
9.463768e-08,0.0205115
9.468768e-08,0.0205665
9.473768e-08,0.0226536
9.478768e-08,0.0127122
9.483768e-08,0.00178218
9.488768e-08,0.00721973
9.493768e-08,0.0171337
9.498768e-08,0.0207038
9.503768e-08,0.01977
9.508768e-08,0.0155958
9.513768e-08,0.0207312
9.518768e-08,0.0257843
9.523768e-08,0.0133164
9.528768e-08,0.0040341
9.533768e-08,0.00603885
9.538768e-08,0.00595646
9.543768e-08,0.00477558
9.548768e-08,0.00713735
9.553768e-08,0.00908718
9.558768e-08,0.0101857
9.563768e-08,0.011751
9.568768e-08,0.010323
9.573768e-08,0.0104603
9.578768e-08,0.0108448
9.583768e-08,0.00466573
9.588768e-08,-0.00274911
9.593768e-08,-0.00799443
9.598768e-08,-0.0117019
9.603768e-08,-0.0152994
9.608768e-08,-0.0226593
9.613768e-08,-0.0263668
9.618768e-08,-0.019254
9.623768e-08,-0.00796697
9.628768e-08,0.0089224
9.633768e-08,0.0269927
9.638768e-08,0.0218023
9.643768e-08,0.00310038
9.648768e-08,0.000793536
9.653768e-08,-0.000964057
9.658768e-08,-0.0135693
9.663768e-08,-0.015629
9.668768e-08,-0.0124983
9.673768e-08,-0.0157937
9.678768e-08,-0.0129102
9.683768e-08,-0.00192524
9.688768e-08,0.00798868
9.693768e-08,0.0133164
9.698768e-08,0.0115588
9.703768e-08,0.00647825
9.708768e-08,-0.00099152
9.713768e-08,-0.00601714
9.718768e-08,-0.00228225
9.723768e-08,-0.00629176
9.728768e-08,-0.0149424
9.733768e-08,-0.0136242
9.738768e-08,-0.0189245
9.743768e-08,-0.0274653
9.748768e-08,-0.0220002
9.753768e-08,-0.0124983
9.758768e-08,-0.00656638
9.763768e-08,-0.00291389
9.768768e-08,0.000518912
9.773768e-08,0.00749436
9.778768e-08,0.0141128
9.783768e-08,0.0203742
9.788768e-08,0.0272947
9.793768e-08,0.0257019
9.798768e-08,0.0222966
9.803768e-08,0.0261413
9.808768e-08,0.0267455
9.813768e-08,0.0278714
9.818768e-08,0.0303431
9.823768e-08,0.0209784
9.828768e-08,0.0119707
9.833768e-08,0.00927941
9.838768e-08,0.00296306
9.843768e-08,0.000106976
9.848768e-08,0.00120547
9.853768e-08,0.00266098
9.858768e-08,0.00620363
9.863768e-08,0.00172726
9.868768e-08,-0.00769234
9.873768e-08,-0.00684101
9.878768e-08,5.20511e-05
9.883768e-08,0.00812599
9.888768e-08,0.0192483
9.893768e-08,0.0263885
9.898768e-08,0.0252076
9.903768e-08,0.0186715
9.908768e-08,0.0175731
9.913768e-08,0.0266906
9.918768e-08,0.0244387
9.923768e-08,0.00587408
9.928768e-08,-0.00546789
9.933768e-08,-0.00343567
9.938768e-08,0.00164487
9.943768e-08,0.000875923
9.948768e-08,-0.00019511
9.953768e-08,0.00505021
9.958768e-08,0.00466573
9.963768e-08,-0.00387507
9.968768e-08,-0.00500103
9.973768e-08,0.00255113
9.978768e-08,0.00581915
9.983768e-08,0.00496782
9.988768e-08,0.00505021
9.993768e-08,0.00392425
9.998768e-08,0.00183711
1.000377e-07,0.0027159
1.000877e-07,0.0107349
1.001377e-07,0.0208685
1.001877e-07,0.020896
1.002377e-07,0.017628
1.002877e-07,0.0226261
1.003377e-07,0.0262512
1.003877e-07,0.0232852
1.004377e-07,0.0170787
1.004877e-07,0.00689019
1.005377e-07,-0.00140346
1.005877e-07,0.00115055
1.006377e-07,0.00886748
1.006877e-07,0.00612124
1.007377e-07,-0.00442432
1.007877e-07,-0.00942247
1.008377e-07,-0.00590729
1.008877e-07,0.0035947
1.009377e-07,0.0101582
1.009877e-07,0.0100484
1.010377e-07,0.00905971
1.010877e-07,0.00458335
1.011377e-07,-0.00442432
1.011877e-07,-0.00843383
1.012377e-07,-0.00714309
1.012877e-07,-0.0114822
1.013377e-07,-0.0208468
1.013877e-07,-0.0234558
1.014377e-07,-0.0193913
1.014877e-07,-0.0154642
1.015377e-07,-0.00533058
1.015877e-07,0.00779644
1.016377e-07,0.0126573
1.016877e-07,0.0159528
1.017377e-07,0.0141952
1.017877e-07,0.0054896
1.018377e-07,0.00450096
1.018877e-07,0.00787883
1.019377e-07,0.0123003
1.019877e-07,0.0146346
1.020377e-07,0.00601139
1.020877e-07,-0.000442272
1.021377e-07,-0.000469734
1.021877e-07,-0.00266673
1.022377e-07,-8.52608e-05
1.022877e-07,0.00386932
1.023377e-07,0.00161741
1.023877e-07,-0.00178793
1.024377e-07,-0.00436939
1.024877e-07,-0.0032709
1.025377e-07,-0.00167808
1.025877e-07,-0.00266673
1.026377e-07,0.00109562
1.026877e-07,0.00881255
1.027377e-07,0.0138107
1.027877e-07,0.0105701
1.028377e-07,0.0029356
1.028877e-07,0.000930848
1.029377e-07,0.00219412
1.029877e-07,0.00288068
1.030377e-07,0.00433618
1.030877e-07,0.00296306
1.031377e-07,0.00194696
1.031877e-07,0.00603885
1.032377e-07,0.00993851
1.032877e-07,0.0115039
1.033377e-07,0.00705496
1.033877e-07,-0.00200763
1.034377e-07,-0.0028315
1.034877e-07,0.00095831
1.035377e-07,-0.00148584
1.035877e-07,-0.00549535
1.036377e-07,-0.0115371
1.036877e-07,-0.0186498
1.037377e-07,-0.0169472
1.037877e-07,-0.0137341
1.038377e-07,-0.017771
1.038877e-07,-0.0252683
1.039377e-07,-0.0267512
1.039877e-07,-0.0195286
1.040377e-07,-0.0160409
1.040877e-07,-0.01854
1.041377e-07,-0.0169472
1.041877e-07,-0.00983441
1.042377e-07,-0.00461655
1.042877e-07,-0.000964057
1.043377e-07,0.00853793
1.043877e-07,0.0195778
1.044377e-07,0.0211157
1.044877e-07,0.0118334
1.045377e-07,-8.52608e-05
1.045877e-07,-0.00898307
1.046377e-07,-0.0129377
1.046877e-07,-0.00934009
1.047377e-07,-0.00489118
1.047877e-07,-0.00667623
1.048377e-07,-0.00464402
1.048877e-07,-0.00030496
1.049377e-07,0.00134278
1.049877e-07,0.0116137
1.050377e-07,0.0182322
1.050877e-07,0.011037
1.051377e-07,0.0107624
1.051877e-07,0.019413
1.052377e-07,0.0185892
1.052877e-07,0.0127671
1.053377e-07,0.0126847
1.053877e-07,0.0130418
1.054377e-07,0.0153486
1.054877e-07,0.01252
1.055377e-07,-0.00307866
1.055877e-07,-0.00752757
1.056377e-07,0.00244128
1.056877e-07,0.00397917
1.057377e-07,-0.00203509
1.057877e-07,-0.0107132
1.058377e-07,-0.0155466
1.058877e-07,-0.00631922
1.059377e-07,0.0061487
1.059877e-07,0.0116686
1.060377e-07,0.0133988
1.060877e-07,0.00875763
1.061377e-07,-0.00338075
1.061877e-07,-0.0145854
1.062377e-07,-0.0244719
1.062877e-07,-0.0316121
1.063377e-07,-0.0244169
1.063877e-07,-0.006484
1.064377e-07,0.00749436
1.064877e-07,0.0149641
1.065377e-07,0.0204291
1.065877e-07,0.0267455
1.066377e-07,0.0299311
1.066877e-07,0.024878
1.067377e-07,0.0160352
1.067877e-07,0.00628601
1.068377e-07,-0.00318851
1.068877e-07,-0.00953232
1.069377e-07,-0.0144481
1.069877e-07,-0.0146129
1.070377e-07,-0.00431447
1.070877e-07,0.00884002
1.071377e-07,0.0146071
1.071877e-07,0.0171062
1.072377e-07,0.0213629
1.072877e-07,0.0240816
1.073377e-07,0.0271849
1.073877e-07,0.0277891
1.074377e-07,0.0229282
1.074877e-07,0.0224888
1.075377e-07,0.0227909
1.075877e-07,0.0138931
1.076377e-07,0.00219412
1.076877e-07,-0.00511088
1.077377e-07,-0.0137066
1.077877e-07,-0.0218629
1.078377e-07,-0.0183477
1.078877e-07,-0.0107681
1.079377e-07,-0.00667623
1.079877e-07,0.00244128
1.080377e-07,0.0145797
1.080877e-07,0.0166943
1.081377e-07,0.00886748
1.081877e-07,0.00650571
1.082377e-07,0.0151289
1.082877e-07,0.018342
1.083377e-07,0.0132889
1.083877e-07,0.0132065
1.084377e-07,0.00894986
1.084877e-07,-0.00030496
1.085377e-07,0.00211173
1.085877e-07,0.0040341
1.086377e-07,-0.0026118
1.086877e-07,-0.00502849
1.087377e-07,-0.00714309
1.087877e-07,-0.00637415
1.088377e-07,0.000683686
1.088877e-07,0.00318276
1.089377e-07,0.00798868
1.089877e-07,0.0149092
1.090377e-07,0.00897733
1.090877e-07,-0.00379268
1.091377e-07,-0.00892815
1.091877e-07,-0.00244703
1.092377e-07,0.00386932
1.092877e-07,0.00395171
1.093377e-07,0.0105701
1.093877e-07,0.0142501
1.094377e-07,0.00334754
1.094877e-07,-0.00447924
1.095377e-07,-0.00269419
1.095877e-07,-0.00228225
1.096377e-07,-0.00637415
1.096877e-07,-0.0102738
1.097377e-07,-0.0104935
1.097877e-07,-0.00475387
1.098377e-07,-0.000387347
1.098877e-07,-0.00228225
1.099377e-07,-0.0028315
1.099877e-07,-0.006484
1.100377e-07,-0.0121687
1.100877e-07,-0.00788458
1.101377e-07,-0.00332582
1.101877e-07,-0.00206255
1.102377e-07,0.00411648
1.102877e-07,0.00650571
1.103377e-07,0.00450096
1.103877e-07,0.00716481
1.104377e-07,0.00845554
1.104877e-07,-0.0047264
1.105377e-07,-0.0218904
1.105877e-07,-0.019254
1.106377e-07,-0.00994426
1.106877e-07,-0.00966963
1.107377e-07,-0.00368283
1.107877e-07,0.00779644
1.108377e-07,0.0120806
1.108877e-07,0.0122454
1.109377e-07,0.0157331
1.109877e-07,0.0235324
1.110377e-07,0.029327
1.110877e-07,0.026773
1.111377e-07,0.0279264
1.111877e-07,0.0375382
1.112377e-07,0.0374284
1.112877e-07,0.0299037
1.113377e-07,0.0268553
1.113877e-07,0.0213079
1.114377e-07,0.0126298
1.114877e-07,0.00878509
1.115377e-07,0.00603885
1.115877e-07,0.00296306
1.116377e-07,0.00708242
1.116877e-07,0.0146895
1.117377e-07,0.0184793
1.117877e-07,0.0170238
1.118377e-07,0.0102681
1.118877e-07,0.00999344
1.119377e-07,0.0159253
1.119877e-07,0.0160352
1.120377e-07,0.0221593
1.120877e-07,0.0313592
1.121377e-07,0.0257294
1.121877e-07,0.0149641
1.122377e-07,0.00947165
1.122877e-07,0.0105701
1.123377e-07,0.017216
1.123877e-07,0.0225712
1.124377e-07,0.0256195
1.124877e-07,0.0266082
1.125377e-07,0.0239169
1.125877e-07,0.0205665
1.126377e-07,0.0175731
1.126877e-07,0.0125474
1.127377e-07,0.00798868
1.127877e-07,0.00713735
1.128377e-07,0.00845554
1.128877e-07,0.00790629
1.129377e-07,0.000601299
1.129877e-07,-0.0103013
1.130377e-07,-0.0103287
1.130877e-07,-0.00513834
1.131377e-07,-0.0131299
1.131877e-07,-0.0180457
1.132377e-07,-0.0106857
1.132877e-07,-0.00722548
1.133377e-07,-0.00132107
1.133877e-07,0.0110919
1.134377e-07,0.0191659
1.134877e-07,0.0197975
1.135377e-07,0.0129594
1.135877e-07,0.00433618
1.136377e-07,-0.000661971
1.136877e-07,-0.00159569
1.137377e-07,0.00675287
1.137877e-07,0.0191384
1.138377e-07,0.0171886
1.138877e-07,0.00730212
1.139377e-07,0.005929
1.139877e-07,0.00233143
1.140377e-07,-0.00667623
1.140877e-07,-0.0120589
1.141377e-07,-0.0167275
1.141877e-07,-0.017826
1.142377e-07,-0.00755503
1.142877e-07,0.00697257
1.143377e-07,0.0124376
1.143877e-07,0.0130418
1.144377e-07,0.0162823
1.144877e-07,0.0126298
1.145377e-07,0.00241382
1.145877e-07,-0.00294135
1.146377e-07,-0.0102738
1.146877e-07,-0.0212588
1.147377e-07,-0.0226593
1.147877e-07,-0.0195012
1.148377e-07,-0.0181555
1.148877e-07,-0.00950486
1.149377e-07,0.00353977
1.149877e-07,0.00884002
1.150377e-07,0.00875763
1.150877e-07,0.013948
1.151377e-07,0.0206488
1.151877e-07,0.023093
1.152377e-07,0.0239993
1.152877e-07,0.0177378
1.153377e-07,0.00982866
1.153877e-07,0.01068
1.154377e-07,0.00727466
1.154877e-07,0.00095831
1.155377e-07,0.0038144
1.155877e-07,0.000409062
1.156377e-07,-0.0100266
1.156877e-07,-0.00656638
1.157377e-07,0.00395171
1.157877e-07,0.00603885
1.158377e-07,0.00472066
1.158877e-07,0.00581915
1.159377e-07,0.005929
1.159877e-07,0.00153502
1.160377e-07,-0.00154077
1.160877e-07,-0.000716896
1.161377e-07,-0.00464402
1.161877e-07,-0.006484
1.162377e-07,-0.00219986
1.162877e-07,-0.00598967
1.163377e-07,-0.00835144
1.163877e-07,-0.000497197
1.164377e-07,0.00164487
1.164877e-07,-0.000771821
1.165377e-07,0.00238635
1.165877e-07,0.00760421
1.166377e-07,0.00829077
1.166877e-07,0.00458335
1.167377e-07,0.00156248
1.167877e-07,0.00483051
1.168377e-07,0.0177378
1.168877e-07,0.0242739
1.169377e-07,0.0138931
1.169877e-07,0.00809853
1.170377e-07,0.0109821
1.170877e-07,0.0038144
1.171377e-07,-0.00546789
1.171877e-07,-0.00296881
1.172377e-07,0.00760421
1.172877e-07,0.0230381
1.173377e-07,0.0337484
1.173877e-07,0.0350941
1.174377e-07,0.0340779
1.174877e-07,0.0299037
1.175377e-07,0.0222417
1.175877e-07,0.0166943
1.176377e-07,0.0156232
1.176877e-07,0.0119982
1.177377e-07,0.00161741
1.177877e-07,-0.010109
1.178377e-07,-0.0129926
1.178877e-07,-0.00645653
1.179377e-07,-0.00708817
1.179877e-07,-0.015217
1.180377e-07,-0.019254
1.180877e-07,-0.0162881
1.181377e-07,-0.0107132
1.181877e-07,-0.0128553
1.182377e-07,-0.0137066
1.182877e-07,-0.00810428
1.183377e-07,-0.00769234
1.183877e-07,-0.00414969
1.184377e-07,0.00299053
1.184877e-07,0.0029356
1.185377e-07,0.00208427
1.185877e-07,0.00774152
1.186377e-07,0.0179026
1.186877e-07,0.0157331
1.187377e-07,0.00386932
1.187877e-07,0.00656064
1.188377e-07,0.0165569
1.188877e-07,0.0166943
1.189377e-07,0.00996597
1.189877e-07,0.00469319
1.190377e-07,0.00516006
1.190877e-07,0.00908718
1.191377e-07,0.0118609
1.191877e-07,0.00988359
1.192377e-07,0.00389679
1.192877e-07,0.00178218
1.193377e-07,0.00494036
1.193877e-07,0.0109821
1.194377e-07,0.0239169
1.194877e-07,0.0321007
1.195377e-07,0.0232578
1.195877e-07,0.0166668
1.196377e-07,0.0199074
1.196877e-07,0.0214178
1.197377e-07,0.0249604
1.197877e-07,0.0294093
1.198377e-07,0.0282559
1.198877e-07,0.0229008
1.199377e-07,0.0187265
1.199877e-07,0.019825
1.200377e-07,0.017271
1.200877e-07,0.0116686
1.201377e-07,0.0166119
1.201877e-07,0.0233676
1.202377e-07,0.0212805
1.202877e-07,0.0198799
1.203377e-07,0.0215551
1.203877e-07,0.0173534
1.204377e-07,0.0095815
1.204877e-07,0.00653317
1.205377e-07,0.00414395
1.205877e-07,-0.000140186
1.206377e-07,-0.00118376
1.206877e-07,0.000106976
1.207377e-07,0.00392425
1.207877e-07,0.0107898
1.208377e-07,0.0112018
1.208877e-07,0.00491289
1.209377e-07,0.00721973
1.209877e-07,0.0192757
1.210377e-07,0.0238619
1.210877e-07,0.0203742
1.211377e-07,0.025647
1.211877e-07,0.0292446
1.212377e-07,0.0187814
1.212877e-07,0.00982866
1.213377e-07,0.00494036
1.213877e-07,0.000354137
1.214377e-07,7.95135e-05
1.214877e-07,-0.001733
1.215377e-07,-0.00478133
1.215877e-07,0.0010407
1.216377e-07,0.0113666
1.216877e-07,0.0202644
1.217377e-07,0.0319633
1.217877e-07,0.0286679
1.218377e-07,0.0100758
1.218877e-07,0.00430872
1.219377e-07,0.00175472
1.219877e-07,-0.00689593
1.220377e-07,-0.0125806
1.220877e-07,-0.0179633
1.221377e-07,-0.016343
1.221877e-07,-0.00489118
1.222377e-07,0.00145263
1.222877e-07,-0.00132107
1.223377e-07,0.00441857
1.223877e-07,0.0209235
1.224377e-07,0.0232852
1.224877e-07,0.00422633
1.225377e-07,-0.0148875
1.225877e-07,-0.0199955
1.226377e-07,-0.0212588
1.226877e-07,-0.0196934
1.227377e-07,-0.00445178
1.227877e-07,0.00853793
1.228377e-07,0.0063684
1.228877e-07,0.0063684
1.229377e-07,0.0104603
1.229877e-07,0.0061487
1.230377e-07,0.000134438
1.230877e-07,-0.00187032
1.231377e-07,-0.0032709
1.231877e-07,-0.00401238
1.232377e-07,-0.0034906
1.232877e-07,-0.0028315
1.233377e-07,-0.00447924
1.233877e-07,-0.0051658
1.234377e-07,-0.00104644
1.234877e-07,0.00145263
1.235377e-07,0.00142517
1.235877e-07,0.00667049
1.236377e-07,0.0136459
1.236877e-07,0.00971881
1.237377e-07,0.00109562
1.237877e-07,0.00345739
1.238377e-07,0.00494036
1.238877e-07,-0.00453417
1.239377e-07,-0.00873591
1.239877e-07,0.00158994
1.240377e-07,0.0185068
1.240877e-07,0.0291896
1.241377e-07,0.0327323
1.241877e-07,0.0316887
1.242377e-07,0.0246584
1.242877e-07,0.0161725
1.243377e-07,0.00510513
1.243877e-07,-0.00450671
1.244377e-07,-0.0109604
1.244877e-07,-0.0210116
1.245377e-07,-0.0238952
1.245877e-07,-0.0143932
1.246377e-07,0.0003816
1.246877e-07,0.0118334
1.247377e-07,0.0120806
1.247877e-07,0.0116961
1.248377e-07,0.0214178
1.248877e-07,0.0322105
1.249377e-07,0.032238
1.249877e-07,0.0299861
1.250377e-07,0.0347096
1.250877e-07,0.0350941
1.251377e-07,0.0333365
1.251877e-07,0.0330618
1.252377e-07,0.0215551
1.252877e-07,0.00590154
1.253377e-07,-0.00206255
1.253877e-07,-0.00593475
1.254377e-07,-0.00524819
1.254877e-07,-0.00219986
1.255377e-07,-0.00714309
1.255877e-07,-0.0151072
1.256377e-07,-0.010878
1.256877e-07,0.00367709
1.257377e-07,0.0148817
1.257877e-07,0.017271
1.258377e-07,0.0189187
1.258877e-07,0.0244112
1.259377e-07,0.0235599
1.259877e-07,0.0180399
1.260377e-07,0.017985
1.260877e-07,0.0123827
1.261377e-07,-0.00154077
1.261877e-07,-0.00486372
1.262377e-07,-0.00274911
1.262877e-07,-0.010164
1.263377e-07,-0.0117019
1.263877e-07,-0.00291389
1.264377e-07,-0.00478133
1.264877e-07,-0.0122786
1.265377e-07,-0.00741772
1.265877e-07,-0.0019527
1.266377e-07,-0.00549535
1.266877e-07,-0.000661971
1.267377e-07,0.0152113
1.267877e-07,0.0231754
1.268377e-07,0.0186166
1.268877e-07,0.0125749
1.269377e-07,0.00889494
1.269877e-07,0.0068078
1.270377e-07,0.00856539
1.270877e-07,0.00851047
1.271377e-07,0.00266098
1.271877e-07,0.00326515
1.272377e-07,0.0103504
1.272877e-07,0.00502274
1.273377e-07,-0.00645653
1.273877e-07,-0.00620937
1.274377e-07,-0.00088167
1.274877e-07,0.00752182
1.275377e-07,0.0220769
1.275877e-07,0.0275144
1.276377e-07,0.0182322
1.276877e-07,0.00375947
1.277377e-07,-0.010466
1.277877e-07,-0.0226593
1.278377e-07,-0.03131
1.278877e-07,-0.0273829
1.279377e-07,-0.0096971
1.279877e-07,0.00631348
1.280377e-07,0.0110095
1.280877e-07,0.00875763
1.281377e-07,0.00820838
1.281877e-07,0.0108173
1.282377e-07,0.0129044
1.282877e-07,0.0131516
1.283377e-07,0.0070275
1.283877e-07,-0.00733533
1.284377e-07,-0.0118941
1.284877e-07,0.000463987
1.285377e-07,0.0112842
1.285877e-07,0.0156507
1.286377e-07,0.0194405
1.286877e-07,0.0236697
1.287377e-07,0.0280088
1.287877e-07,0.0307275
1.288377e-07,0.029684
1.288877e-07,0.0238345
1.289377e-07,0.0188912
1.289877e-07,0.0181772
1.290377e-07,0.0211432
1.290877e-07,0.0288052
1.291377e-07,0.0316063
1.291877e-07,0.0225987
1.292377e-07,0.0182596
1.292877e-07,0.0260315
1.293377e-07,0.0236422
1.293877e-07,0.00546214
1.294377e-07,-0.00678608
1.294877e-07,-0.00338075
1.295377e-07,0.00334754
1.295877e-07,0.00238635
1.296377e-07,0.00299053
1.296877e-07,0.0132615
1.297377e-07,0.0255097
1.297877e-07,0.0266631
1.298377e-07,0.0150191
1.298877e-07,0.00831823
1.299377e-07,0.0100484
1.299877e-07,0.00535229
1.300377e-07,-0.0026118
1.300877e-07,-0.00307866
1.301377e-07,-0.00145838
1.301877e-07,-0.00274911
1.302377e-07,-0.000359885
1.302877e-07,0.00178218
1.303377e-07,0.00183711
1.303877e-07,0.00785137
1.304377e-07,0.00653317
1.304877e-07,-0.00546789
1.305377e-07,-0.00942247
1.305877e-07,-0.00263926
1.306377e-07,0.00884002
1.306877e-07,0.0126573
1.307377e-07,0.00823584
1.307877e-07,0.0159802
1.308377e-07,0.0252625
1.308877e-07,0.0161725
1.309377e-07,0.00540722
1.309877e-07,0.000463987
1.310377e-07,-0.0111801
1.310877e-07,-0.0227417
1.311377e-07,-0.022934
1.311877e-07,-0.0148875
1.312377e-07,-0.00406731
1.312877e-07,0.00326515
1.313377e-07,0.00263352
1.313877e-07,-0.000634509
1.314377e-07,-0.000716896
1.314877e-07,-0.00711563
1.315377e-07,-0.0195836
1.315877e-07,-0.0173591
1.316377e-07,-0.00412223
1.316877e-07,-0.00129361
1.317377e-07,-0.000524659
1.317877e-07,0.0114489
1.318377e-07,0.0174907
1.318877e-07,0.0115039
1.319377e-07,0.00988359
1.319877e-07,0.0167766
1.320377e-07,0.023093
1.320877e-07,0.0202094
1.321377e-07,0.0141677
1.321877e-07,0.0129044
1.322377e-07,0.011394
1.322877e-07,0.00730212
1.323377e-07,0.00444603
1.323877e-07,0.00749436
1.324377e-07,0.0141677
1.324877e-07,0.0185892
1.325377e-07,0.0231205
1.325877e-07,0.0249604
1.326377e-07,0.0198799
1.326877e-07,0.0110645
1.327377e-07,0.00433618
1.327877e-07,0.00414395
1.328377e-07,0.00332008
1.328877e-07,0.003375
1.329377e-07,0.0112292
1.329877e-07,0.0172435
1.330377e-07,0.0197151
1.330877e-07,0.0247957
1.331377e-07,0.0279538
1.331877e-07,0.0246858
1.332377e-07,0.0196327
1.332877e-07,0.014305
1.333377e-07,0.0072472
1.333877e-07,0.0038144
1.334377e-07,0.00856539
1.334877e-07,0.0185617
1.335377e-07,0.0235873
1.335877e-07,0.0211706
1.336377e-07,0.0215826
1.336877e-07,0.0250428
1.337377e-07,0.024933
1.337877e-07,0.0260315
1.338377e-07,0.0251252
1.338877e-07,0.0149092
1.339377e-07,0.00252367
1.339877e-07,-0.0118392
1.340377e-07,-0.0213961
1.340877e-07,-0.019611
1.341377e-07,-0.0180457
1.341877e-07,-0.0168922
1.342377e-07,-0.0186224
1.342877e-07,-0.0193089
1.343377e-07,-0.00879084
1.343877e-07,0.00191949
1.344377e-07,0.00815346
1.344877e-07,0.00922449
1.345377e-07,0.00864778
1.345877e-07,0.0186166
1.346377e-07,0.0270201
1.346877e-07,0.0163922
1.347377e-07,0.00268844
1.347877e-07,0.00452842
1.348377e-07,0.0102955
1.348877e-07,0.00845554
1.349377e-07,0.00101323
1.349877e-07,-0.0111801
1.350377e-07,-0.0235381
1.350877e-07,-0.0294426
1.351377e-07,-0.0261745
1.351877e-07,-0.0153269
1.352377e-07,-0.00423208
1.352877e-07,0.0057093
1.353377e-07,0.0161175
1.353877e-07,0.0227085
1.354377e-07,0.0232578
1.354877e-07,0.0169963
1.355377e-07,0.0130967
1.355877e-07,0.017271
1.356377e-07,0.015431
1.356877e-07,0.0082633
1.357377e-07,0.0101033
1.357877e-07,0.0130143
1.358377e-07,0.00266098
1.358877e-07,-0.0132397
1.359377e-07,-0.020325
1.359877e-07,-0.0212038
1.360377e-07,-0.0227143
1.360877e-07,-0.0157388
1.361377e-07,0.0022765
1.361877e-07,0.0140304
1.362377e-07,0.0123552
1.362877e-07,0.00466573
1.363377e-07,0.00027175
1.363877e-07,0.000546374
1.364377e-07,-0.00384761
1.364877e-07,-0.0121412
1.365377e-07,-0.0139812
1.365877e-07,-0.0109604
1.366377e-07,-0.0109878
1.366877e-07,-0.0134045
1.367377e-07,-0.0162606
1.367877e-07,-0.0154642
1.368377e-07,-0.00651146
1.368877e-07,-0.000497197
1.369377e-07,0.00095831
1.369877e-07,0.0101307
1.370377e-07,0.0125749
1.370877e-07,0.00301799
1.371377e-07,0.00414395
1.371877e-07,0.0109272
1.372377e-07,0.0133713
1.372877e-07,0.0167492
1.373377e-07,0.0146346
1.373877e-07,0.0117785
1.374377e-07,0.0148817
1.374877e-07,0.0144423
1.375377e-07,0.0117236
1.375877e-07,0.0117785
1.376377e-07,0.00999344
1.376877e-07,0.00823584
1.377377e-07,0.0109546
1.377877e-07,0.0145522
1.378377e-07,0.0223515
1.378877e-07,0.0344899
1.379377e-07,0.0423716
1.379877e-07,0.049759
1.380377e-07,0.0518461
1.380877e-07,0.042811
1.381377e-07,0.0351215
1.381877e-07,0.0264434
1.382377e-07,0.0112567
1.382877e-07,-0.00274911
1.383377e-07,-0.0124983
1.383877e-07,-0.0120863
1.384377e-07,-0.00840636
1.384877e-07,-0.014146
1.385377e-07,-0.0143932
1.385877e-07,-0.0083789
1.386377e-07,-0.0120039
1.386877e-07,-0.010466
1.387377e-07,0.00257859
1.387877e-07,0.00743943
1.388377e-07,0.00488543
1.388877e-07,0.00164487
1.389377e-07,-0.0047264
1.389877e-07,-0.00725294
1.390377e-07,-0.00868099
1.390877e-07,-0.0157663
1.391377e-07,-0.015272
1.391877e-07,-0.00747264
1.392377e-07,-0.00912039
1.392877e-07,-0.0131574
1.393377e-07,-0.00802189
1.393877e-07,-8.52608e-05
1.394377e-07,0.00919703
1.394877e-07,0.0190011
1.395377e-07,0.0236697
1.395877e-07,0.0280911
1.396377e-07,0.0308099
1.396877e-07,0.0224339
1.397377e-07,0.0118334
1.397877e-07,0.0126573
1.398377e-07,0.019825
1.398877e-07,0.0228184
1.399377e-07,0.0198524
1.399877e-07,0.0121355
1.400377e-07,0.00428126
1.400877e-07,-0.00143092
1.401377e-07,-0.0058249
1.401877e-07,-0.00928516
1.402377e-07,-0.014146
1.402877e-07,-0.0118941
1.403377e-07,-0.00541296
1.403877e-07,-0.00796697
1.404377e-07,-0.00634669
1.404877e-07,0.00537975
1.405377e-07,0.0098012
1.405877e-07,0.00790629
1.406377e-07,0.00903225
1.406877e-07,0.00947165
1.407377e-07,0.0108722
1.407877e-07,0.0139206
1.408377e-07,0.0142501
1.408877e-07,0.0152388
1.409377e-07,0.0171886
1.409877e-07,0.0124925
1.410377e-07,0.00441857
1.410877e-07,0.00776898
1.411377e-07,0.018699
1.411877e-07,0.0224888
1.412377e-07,0.0201271
1.412877e-07,0.0136185
1.413377e-07,0.00238635
1.413877e-07,-0.00338075
1.414377e-07,-0.00178793
1.414877e-07,-0.00228225
1.415377e-07,0.00161741
1.415877e-07,0.0135635
1.416377e-07,0.0207862
1.416877e-07,0.0233951
1.417377e-07,0.0292995
1.417877e-07,0.035149
1.418377e-07,0.0288052
1.418877e-07,0.0138382
1.419377e-07,0.00601139
1.419877e-07,0.00224904
1.420377e-07,-0.00425954
1.420877e-07,-0.011949
1.421377e-07,-0.0142833
1.421877e-07,-0.00835144
1.422377e-07,-0.00250195
1.422877e-07,0.00370455
1.423377e-07,0.00488543
1.423877e-07,0.00167233
1.424377e-07,0.0141403
1.424877e-07,0.026718
1.425377e-07,0.0189736
1.425877e-07,0.0100758
1.426377e-07,0.00873017
1.426877e-07,0.0035947
1.427377e-07,-0.00557774
1.427877e-07,-0.0100541
1.428377e-07,-0.00912039
1.428877e-07,-0.00876338
1.429377e-07,-0.00467148
1.429877e-07,0.00480304
1.430377e-07,0.00974627
1.430877e-07,0.00878509
1.431377e-07,0.00708242
1.431877e-07,0.00982866
1.432377e-07,0.0118883
1.432877e-07,0.00266098
1.433377e-07,-0.00673116
1.433877e-07,-0.00340821
1.434377e-07,0.00595646
1.434877e-07,0.00864778
1.435377e-07,0.00211173
1.435877e-07,-0.00187032
1.436377e-07,0.000354137
1.436877e-07,0.000491449
1.437377e-07,-0.0034906
1.437877e-07,-0.00469894
1.438377e-07,0.000134438
1.438877e-07,0.00211173
1.439377e-07,0.000738611
1.439877e-07,0.00183711
1.440377e-07,0.00112308
1.440877e-07,-0.00159569
1.441377e-07,-0.00376522
1.441877e-07,-0.00439686
1.442377e-07,-0.00233718
1.442877e-07,0.000766073
1.443377e-07,0.00488543
1.443877e-07,0.0105976
1.444377e-07,0.0135635
1.444877e-07,0.0082633
1.445377e-07,0.0038144
1.445877e-07,0.00842808
1.446377e-07,0.00856539
1.446877e-07,0.00609378
1.447377e-07,0.0120531
1.447877e-07,0.0141403
1.448377e-07,0.0114764
1.448877e-07,0.00911464
1.449377e-07,0.000326675
1.449877e-07,-0.0081592
1.450377e-07,-0.00964217
1.450877e-07,-0.0120589
1.451377e-07,-0.0145579
1.451877e-07,-0.00862606
1.452377e-07,-0.00365537
1.452877e-07,-0.00354552
1.453377e-07,0.00260605
1.453877e-07,0.00801614
1.454377e-07,0.00867524
1.454877e-07,0.0141952
1.455377e-07,0.0204291
1.455877e-07,0.0183969
1.456377e-07,0.0117785
1.456877e-07,0.00625855
1.457377e-07,0.00329261
1.457877e-07,0.00428126
1.458377e-07,0.00474812
1.458877e-07,-0.000716896
1.459377e-07,-0.00382015
1.459877e-07,0.00411648
1.460377e-07,0.0126298
1.460877e-07,0.0130692
1.461377e-07,0.0116137
1.461877e-07,0.00433618
1.462377e-07,-0.012306
1.462877e-07,-0.0199406
1.463377e-07,-0.0138988
1.463877e-07,-0.00590729
1.464377e-07,0.00535229
1.464877e-07,0.0161175
1.465377e-07,0.0228184
1.465877e-07,0.0298762
1.466377e-07,0.031826
1.466877e-07,0.0288876
1.467377e-07,0.0241366
1.467877e-07,0.0105152
1.468377e-07,-0.00291389
1.468877e-07,-0.00387507
1.469377e-07,-0.010466
1.469877e-07,-0.026916
1.470377e-07,-0.0320789
1.470877e-07,-0.0284264
1.471377e-07,-0.027685
1.471877e-07,-0.0288109
1.472377e-07,-0.0269984
1.472877e-07,-0.0171943
1.473377e-07,-0.00346313
1.473877e-07,0.00375947
1.474377e-07,0.00461081
1.474877e-07,0.00186457
1.475377e-07,-0.00403984
1.475877e-07,-0.00623684
1.476377e-07,-0.00821413
1.476877e-07,-0.0167549
1.477377e-07,-0.017469
1.477877e-07,-0.00159569
1.478377e-07,0.0105976
1.478877e-07,0.0101857
1.479377e-07,0.0127122
1.479877e-07,0.0140579
1.480377e-07,0.00172726
1.480877e-07,-0.010466
1.481377e-07,-0.0107132
1.481877e-07,-0.011592
1.482377e-07,-0.021094
1.482877e-07,-0.0261471
1.483377e-07,-0.0216432
1.483877e-07,-0.0176612
1.484377e-07,-0.0112899
1.484877e-07,-0.00123868
1.485377e-07,0.00084846
1.485877e-07,0.00153502
1.486377e-07,0.011037
1.486877e-07,0.017628
1.487377e-07,0.0118609
1.487877e-07,0.00340246
1.488377e-07,0.00169979
1.488877e-07,0.00318276
1.489377e-07,0.00367709
1.489877e-07,-0.0030512
1.490377e-07,-0.0106583
1.490877e-07,-0.00230971
1.491377e-07,0.00760421
1.491877e-07,0.00373201
1.492377e-07,0.00461081
1.492877e-07,0.0145797
1.493377e-07,0.0199897
1.493877e-07,0.0253449
1.494377e-07,0.0305628
1.494877e-07,0.0280362
1.495377e-07,0.0232852
1.495877e-07,0.0229831
1.496377e-07,0.0244112
1.496877e-07,0.0204017
1.497377e-07,0.0126573
1.497877e-07,0.00925195
1.498377e-07,0.012108
1.498877e-07,0.0149092
1.499377e-07,0.0159253
1.499877e-07,0.0204841
1.500377e-07,0.0197151
1.500877e-07,0.011806
1.501377e-07,0.0125474
1.501877e-07,0.0112018
1.502377e-07,-0.00294135
1.502877e-07,-0.00846129
1.503377e-07,-0.00126614
1.503877e-07,0.00351231
1.504377e-07,0.00941673
1.504877e-07,0.0197975
1.505377e-07,0.0250977
1.505877e-07,0.0248231
1.506377e-07,0.02161
1.506877e-07,0.0166668
1.507377e-07,0.0168865
1.507877e-07,0.0127122
1.508377e-07,-0.00250195
1.508877e-07,-0.00832398
1.509377e-07,-0.00121122
1.509877e-07,0.00557199
1.510377e-07,0.00763167
1.510877e-07,-3.03361e-05
1.511377e-07,-0.00964217
1.511877e-07,-0.010164
1.512377e-07,-0.00527565
1.512877e-07,0.0024962
1.513377e-07,0.00483051
1.513877e-07,0.00296306
1.514377e-07,0.012163
1.514877e-07,0.0224064
1.515377e-07,0.0232303
1.515877e-07,0.0233127
1.516377e-07,0.0204017
1.516877e-07,0.0122454
1.517377e-07,0.00581915
1.517877e-07,-0.00294135
1.518377e-07,-0.00876338
1.518877e-07,-0.00250195
1.519377e-07,-0.00236464
1.519877e-07,-0.00876338
1.520377e-07,-0.00505595
1.520877e-07,-0.000442272
1.521377e-07,0.00153502
1.521877e-07,0.00587408
1.522377e-07,0.00768659
1.522877e-07,0.0115313
1.523377e-07,0.0194954
1.523877e-07,0.0233127
1.524377e-07,0.0250703
1.524877e-07,0.0268828
1.525377e-07,0.0299037
1.525877e-07,0.0381698
1.526377e-07,0.0391036
1.526877e-07,0.0302607
1.527377e-07,0.0261139
1.527877e-07,0.0181223
1.528377e-07,0.00587408
1.528877e-07,0.00406156
1.529377e-07,-3.03361e-05
1.529877e-07,-0.0105759
1.530377e-07,-0.00774727
1.530877e-07,0.00266098
1.531377e-07,0.00480304
1.531877e-07,0.00867524
1.532377e-07,0.0185068
1.532877e-07,0.0209235
1.533377e-07,0.0135086
1.533877e-07,0.00804361
1.534377e-07,0.0117236
1.534877e-07,0.0142501
1.535377e-07,0.00974627
1.535877e-07,0.00993851
1.536377e-07,0.0146895
1.536877e-07,0.0179575
1.537377e-07,0.025647
1.537877e-07,0.0278714
1.538377e-07,0.0104878
1.538877e-07,-0.00994426
1.539377e-07,-0.0196385
1.539877e-07,-0.0247739
1.540377e-07,-0.0199955
1.540877e-07,-0.00865353
1.541377e-07,-0.00412223
1.541877e-07,-0.000222573
1.542377e-07,0.00474812
1.542877e-07,0.00332008
1.543377e-07,-0.00346313
1.543877e-07,-0.00439686
1.544377e-07,0.00408902
1.544877e-07,0.00557199
1.545377e-07,-0.000552121
1.545877e-07,0.0061487
1.546377e-07,0.0213629
1.546877e-07,0.026718
1.547377e-07,0.0245485
1.547877e-07,0.0258942
1.548377e-07,0.0349293
1.548877e-07,0.0419047
1.549377e-07,0.0367693
1.549877e-07,0.0297664
1.550377e-07,0.0232028
1.550877e-07,0.011751
1.551377e-07,0.00647825
1.551877e-07,0.00996597
1.552377e-07,0.00993851
1.552877e-07,0.00631348
1.553377e-07,0.00669795
1.553877e-07,0.00889494
1.554377e-07,0.00985612
1.554877e-07,0.0106525
1.555377e-07,0.0113116
1.555877e-07,0.0115588
1.556377e-07,0.00960896
1.556877e-07,0.0110919
1.557377e-07,0.0180399
1.557877e-07,0.0113666
1.558377e-07,-0.0094774
1.558877e-07,-0.018897
1.559377e-07,-0.0123609
1.559877e-07,-0.0049461
1.560377e-07,-0.001733
1.560877e-07,-0.000716896
1.561377e-07,0.000436525
1.561877e-07,0.00697257
1.562377e-07,0.0108173
1.562877e-07,0.0052699
1.563377e-07,0.0087027
1.563877e-07,0.0172435
1.564377e-07,0.00952657
1.564877e-07,0.00334754
1.565377e-07,0.0108173
1.565877e-07,0.0181223
1.566377e-07,0.0222142
1.566877e-07,0.0213629
1.567377e-07,0.0216924
1.567877e-07,0.023093
1.568377e-07,0.0129319
1.568877e-07,0.00617616
1.569377e-07,0.00796122
1.569877e-07,-0.00447924
1.570377e-07,-0.0263668
1.570877e-07,-0.0287285
1.571377e-07,-0.0106857
1.571877e-07,-0.000854208
1.572377e-07,0.000134438
1.572877e-07,0.00765913
1.573377e-07,0.0174632
1.573877e-07,0.0290249
1.574377e-07,0.0262237
1.574877e-07,0.000409062
1.575377e-07,-0.0138439
1.575877e-07,-0.0103287
1.576377e-07,-0.00524819
1.576877e-07,0.00598393
1.577377e-07,0.0153761
1.577877e-07,0.0169414
1.578377e-07,0.0207862
1.578877e-07,0.0204291
1.579377e-07,0.013234
1.579877e-07,0.0111469
1.580377e-07,0.0115313
1.580877e-07,0.00502274
1.581377e-07,-0.00587982
1.581877e-07,-0.00928516
1.582377e-07,-0.00590729
1.582877e-07,-0.00961471
1.583377e-07,-0.0168922
1.583877e-07,-0.0173866
1.584377e-07,-0.0164803
1.584877e-07,-0.0168099
1.585377e-07,-0.0148326
1.585877e-07,-0.0085986
1.586377e-07,0.00279829
1.586877e-07,0.0089224
1.587377e-07,0.00329261
1.587877e-07,-0.00269419
1.588377e-07,-0.00129361
1.588877e-07,0.00266098
1.589377e-07,0.00947165
1.589877e-07,0.0152113
1.590377e-07,0.0114764
1.590877e-07,0.012108
1.591377e-07,0.0224614
1.591877e-07,0.0271025
1.592377e-07,0.0264434
1.592877e-07,0.0266906
1.593377e-07,0.0258118
1.593877e-07,0.0243563
1.594377e-07,0.0255371
1.594877e-07,0.0275144
1.595377e-07,0.0252351
1.595877e-07,0.0179301
1.596377e-07,0.0102131
