LECROYWR640Zi,59892,Waveform
Segments,1,SegmentSize,4002
Segment,TrigTime,TimeSinceSegment1
#1,01-Nov-2023 13:34:12,0                 
Time,Ampl
-4.044061e-08,-0.00826905
-4.039061e-08,-0.000167648
-4.034061e-08,-0.00277657
-4.029061e-08,-0.00714309
-4.024061e-08,-0.00848875
-4.019061e-08,-0.00656638
-4.014061e-08,-0.0122511
-4.009061e-08,-0.0204898
-4.004061e-08,-0.0187597
-3.999061e-08,-0.0142009
-3.994061e-08,-0.0102463
-3.989061e-08,-0.00906546
-3.984061e-08,-0.0151621
-3.979061e-08,-0.0155466
-3.974061e-08,-0.00653892
-3.969061e-08,-0.00563266
-3.964061e-08,-0.013432
-3.959061e-08,-0.0142559
-3.954061e-08,-0.00711563
-3.949061e-08,-0.00409477
-3.944061e-08,-0.0114272
-3.939061e-08,-0.0172218
-3.934061e-08,-0.0160684
-3.929061e-08,-0.0224946
-3.924061e-08,-0.0324085
-3.919061e-08,-0.035347
-3.914061e-08,-0.0365828
-3.909061e-08,-0.0322437
-3.904061e-08,-0.0223847
-3.899061e-08,-0.0208194
-3.894061e-08,-0.0272181
-3.889061e-08,-0.0243071
-3.884061e-08,-0.0117568
-3.879061e-08,-0.00785712
-3.874061e-08,-0.0100266
-3.869061e-08,-0.0110702
-3.864061e-08,-0.01486
-3.859061e-08,-0.0133771
-3.854061e-08,-0.00898307
-3.849061e-08,-0.0131848
-3.844061e-08,-0.0186224
-3.839061e-08,-0.0178809
-3.834061e-08,-0.00656638
-3.829061e-08,0.00963642
-3.824061e-08,0.0115039
-3.819061e-08,0.00837315
-3.814061e-08,0.0072472
-3.809061e-08,-0.00895561
-3.804061e-08,-0.0251584
-3.799061e-08,-0.0240874
-3.794061e-08,-0.0227143
-3.789061e-08,-0.0266963
-3.784061e-08,-0.0248289
-3.779061e-08,-0.0220552
-3.774061e-08,-0.0248014
-3.769061e-08,-0.0224122
-3.764061e-08,-0.0153818
-3.759061e-08,-0.0129651
-3.754061e-08,-0.0134869
-3.749061e-08,-0.017826
-3.744061e-08,-0.0253232
-3.739061e-08,-0.0265315
-3.734061e-08,-0.0167549
-3.729061e-08,-0.00406731
-3.724061e-08,0.0012604
-3.719061e-08,0.00296306
-3.714061e-08,0.00779644
-3.709061e-08,0.00952657
-3.704061e-08,0.00864778
-3.699061e-08,0.0159253
-3.694061e-08,0.0217473
-3.689061e-08,0.0128221
-3.684061e-08,0.00532483
-3.679061e-08,0.0104878
-3.674061e-08,0.00911464
-3.669061e-08,-0.00156823
-3.664061e-08,-0.00395746
-3.659061e-08,-0.00412223
-3.654061e-08,-0.00722548
-3.649061e-08,-0.00513834
-3.644061e-08,-0.0107681
-3.639061e-08,-0.0241148
-3.634061e-08,-0.0242522
-3.629061e-08,-0.0194737
-3.624061e-08,-0.0212038
-3.619061e-08,-0.0226044
-3.614061e-08,-0.0252133
-3.609061e-08,-0.0263668
-3.604061e-08,-0.0199406
-3.599061e-08,-0.0182104
-3.594061e-08,-0.0288384
-3.589061e-08,-0.0334795
-3.584061e-08,-0.020737
-3.579061e-08,-0.00609952
-3.574061e-08,0.00197442
-3.569061e-08,0.00323769
-3.564061e-08,-0.00541296
-3.559061e-08,-0.0128553
-3.554061e-08,-0.0145854
-3.549061e-08,-0.0201053
-3.544061e-08,-0.0256802
-3.539061e-08,-0.0239501
-3.534061e-08,-0.0190343
-3.529061e-08,-0.0117293
-3.524061e-08,-0.00618191
-3.519061e-08,-0.0124983
-3.514061e-08,-0.0241972
-3.509061e-08,-0.0286461
-3.504061e-08,-0.0260647
-3.499061e-08,-0.0244993
-3.494061e-08,-0.0224946
-3.489061e-08,-0.0176337
-3.484061e-08,-0.0170021
-3.479061e-08,-0.0159036
-3.474061e-08,-0.0100266
-3.469061e-08,-0.00382015
-3.464061e-08,0.0003816
-3.459061e-08,-0.0032709
-3.454061e-08,-0.0107132
-3.449061e-08,-0.0118941
-3.444061e-08,-0.011592
-3.439061e-08,-0.0172767
-3.434061e-08,-0.0211214
-3.429061e-08,-0.0185949
-3.424061e-08,-0.0179358
-3.419061e-08,-0.0154917
-3.414061e-08,-0.00966963
-3.409061e-08,-0.0113174
-3.404061e-08,-0.0128553
-3.399061e-08,-0.00920277
-3.394061e-08,-0.010466
-3.389061e-08,-0.0141735
-3.384061e-08,-0.0128553
-3.379061e-08,-0.00667623
-3.374061e-08,-0.00491864
-3.369061e-08,-0.00593475
-3.364061e-08,-0.00252941
-3.359061e-08,-0.00714309
-3.354061e-08,-0.0134869
-3.349061e-08,-0.00678608
-3.344061e-08,-0.00747264
-3.339061e-08,-0.022522
-3.334061e-08,-0.0241148
-3.329061e-08,-0.0114272
-3.324061e-08,-0.00755503
-3.319061e-08,-0.00447924
-3.314061e-08,0.0087027
-3.309061e-08,0.0167766
-3.304061e-08,0.0166119
-3.299061e-08,0.0167766
-3.294061e-08,0.0123827
-3.289061e-08,0.00332008
-3.284061e-08,0.00027175
-3.279061e-08,-0.00140346
-3.274061e-08,-0.00934009
-3.269061e-08,-0.0116195
-3.264061e-08,-0.00176047
-3.259061e-08,0.0095815
-3.254061e-08,0.0120806
-3.249061e-08,0.00411648
-3.244061e-08,-0.00802189
-3.239061e-08,-0.0169197
-3.234061e-08,-0.0184027
-3.229061e-08,-0.0165902
-3.224061e-08,-0.0146953
-3.219061e-08,-0.0124433
-3.214061e-08,-0.0167549
-3.209061e-08,-0.019968
-3.204061e-08,-0.00799443
-3.199061e-08,0.00559945
-3.194061e-08,0.00653317
-3.189061e-08,0.00235889
-3.184061e-08,-0.0015133
-3.179061e-08,-0.00857114
-3.174061e-08,-0.0136517
-3.169061e-08,-0.0109878
-3.164061e-08,-0.0123609
-3.159061e-08,-0.0214235
-3.154061e-08,-0.0232086
-3.149061e-08,-0.0168922
-3.144061e-08,-0.0144756
-3.139061e-08,-0.012718
-3.134061e-08,-0.00417716
-3.129061e-08,-0.00154077
-3.124061e-08,-0.0146403
-3.119061e-08,-0.0245268
-3.114061e-08,-0.0188421
-3.109061e-08,-0.0129926
-3.104061e-08,-0.0137066
-3.099061e-08,-0.014915
-3.094061e-08,-0.014146
-3.089061e-08,-0.00824159
-3.084061e-08,0.000518912
-3.079061e-08,0.00573677
-3.074061e-08,0.00941673
-3.069061e-08,0.0108722
-3.064061e-08,0.00576423
-3.059061e-08,0.00027175
-3.054061e-08,0.00202934
-3.049061e-08,0.00829077
-3.044061e-08,0.00867524
-3.039061e-08,0.00364962
-3.034061e-08,0.00131532
-3.029061e-08,-0.0037103
-3.024061e-08,-0.012718
-3.019061e-08,-0.0146403
-3.014061e-08,-0.0139538
-3.009061e-08,-0.0221376
-3.004061e-08,-0.0327655
-2.999061e-08,-0.0334795
-2.994061e-08,-0.0256527
-2.989061e-08,-0.0160958
-2.984061e-08,-0.00307866
-2.979061e-08,0.00790629
-2.974061e-08,0.00845554
-2.969061e-08,0.00202934
-2.964061e-08,-0.00552281
-2.959061e-08,-0.00505595
-2.954061e-08,-0.0015133
-2.949061e-08,-0.00587982
-2.944061e-08,-0.00807682
-2.939061e-08,-0.0120863
-2.934061e-08,-0.0224396
-2.929061e-08,-0.0214235
-2.924061e-08,-0.0154367
-2.919061e-08,-0.0173316
-2.914061e-08,-0.0192265
-2.909061e-08,-0.0212038
-2.904061e-08,-0.0237578
-2.899061e-08,-0.0206271
-2.894061e-08,-0.0148875
-2.889061e-08,-0.00824159
-2.884061e-08,-0.0019527
-2.879061e-08,-0.00187032
-2.874061e-08,-0.00846129
-2.869061e-08,-0.0160409
-2.864061e-08,-0.0218355
-2.859061e-08,-0.028042
-2.854061e-08,-0.0269435
-2.849061e-08,-0.0142833
-2.844061e-08,-0.00686847
-2.839061e-08,-0.00697832
-2.834061e-08,-0.00318851
-2.829061e-08,-0.00414969
-2.824061e-08,-0.011235
-2.819061e-08,-0.0130475
-2.814061e-08,-0.0172218
-2.809061e-08,-0.0229889
-2.804061e-08,-0.018128
-2.799061e-08,-0.0149424
-2.794061e-08,-0.0159585
-2.789061e-08,-0.0049461
-2.784061e-08,0.00598393
-2.779061e-08,7.95135e-05
-2.774061e-08,-0.00854368
-2.769061e-08,-0.0110702
-2.764061e-08,-0.0148326
-2.759061e-08,-0.0182104
-2.754061e-08,-0.0136791
-2.749061e-08,-0.000469734
-2.744061e-08,0.0095815
-2.739061e-08,0.00834569
-2.734061e-08,0.00474812
-2.729061e-08,0.00617616
-2.724061e-08,0.0110645
-2.719061e-08,0.0142501
-2.714061e-08,0.0114215
-2.709061e-08,0.00180964
-2.704061e-08,-0.0117568
-2.699061e-08,-0.0224396
-2.694061e-08,-0.0279047
-2.689061e-08,-0.0275202
-2.684061e-08,-0.0189519
-2.679061e-08,-0.010466
-2.674061e-08,-0.00826905
-2.669061e-08,-0.00777473
-2.664061e-08,-0.00598967
-2.659061e-08,-0.000112723
-2.654061e-08,0.00510513
-2.649061e-08,0.00263352
-2.644061e-08,-0.00258434
-2.639061e-08,-0.00425954
-2.634061e-08,0.00417141
-2.629061e-08,0.0160901
-2.624061e-08,0.0131516
-2.619061e-08,0.00458335
-2.614061e-08,0.0052699
-2.609061e-08,0.00351231
-2.604061e-08,-0.00961471
-2.599061e-08,-0.0259548
-2.594061e-08,-0.0378735
-2.589061e-08,-0.0385326
-2.584061e-08,-0.0248289
-2.579061e-08,-0.0083789
-2.574061e-08,0.00252367
-2.569061e-08,0.00661556
-2.564061e-08,0.00301799
-2.559061e-08,0.000326675
-2.554061e-08,0.000326675
-2.549061e-08,-0.00489118
-2.544061e-08,-0.0103287
-2.539061e-08,-0.00733533
-2.534061e-08,-0.00170554
-2.529061e-08,-0.00513834
-2.524061e-08,-0.0137615
-2.519061e-08,-0.0124433
-2.514061e-08,-0.00780219
-2.509061e-08,-0.0142559
-2.504061e-08,-0.0244169
-2.499061e-08,-0.0299369
-2.494061e-08,-0.0283715
-2.489061e-08,-0.0218355
-2.484061e-08,-0.0170845
-2.479061e-08,-0.0120039
-2.474061e-08,-0.010521
-2.469061e-08,-0.0172493
-2.464061e-08,-0.0211764
-2.459061e-08,-0.0267787
-2.454061e-08,-0.0400705
-2.449061e-08,-0.0419105
-2.444061e-08,-0.0317494
-2.439061e-08,-0.0235107
-2.434061e-08,-0.0163155
-2.429061e-08,-0.0115096
-2.424061e-08,-0.00851621
-2.419061e-08,-0.00717056
-2.414061e-08,-0.0124983
-2.409061e-08,-0.0157114
-2.404061e-08,-0.013075
-2.399061e-08,-0.0127454
-2.394061e-08,-0.015574
-2.389061e-08,-0.021094
-2.384061e-08,-0.0192265
-2.379061e-08,-0.00447924
-2.374061e-08,0.000683686
-2.369061e-08,-0.00703324
-2.364061e-08,-0.0100541
-2.359061e-08,-0.0122786
-2.354061e-08,-0.0139263
-2.349061e-08,-0.00785712
-2.344061e-08,0.000354137
-2.339061e-08,0.00672541
-2.334061e-08,0.00977374
-2.329061e-08,0.0061487
-2.324061e-08,0.00145263
-2.319061e-08,0.00301799
-2.314061e-08,0.00326515
-2.309061e-08,-0.00252941
-2.304061e-08,-0.00835144
-2.299061e-08,-0.0167
-2.294061e-08,-0.0232086
-2.289061e-08,-0.0185674
-2.284061e-08,-0.0138165
-2.279061e-08,-0.0166176
-2.274061e-08,-0.0246092
-2.269061e-08,-0.0346604
-2.264061e-08,-0.0322712
-2.259061e-08,-0.0187322
-2.254061e-08,-0.0174964
-2.249061e-08,-0.0257901
-2.244061e-08,-0.021808
-2.239061e-08,-0.0134869
-2.234061e-08,-0.0118117
-2.229061e-08,-0.00892815
-2.224061e-08,-0.0113174
-2.219061e-08,-0.0180182
-2.214061e-08,-0.0182104
-2.209061e-08,-0.0214785
-2.204061e-08,-0.0268062
-2.199061e-08,-0.0205722
-2.194061e-08,-0.0144756
-2.189061e-08,-0.0235381
-2.184061e-08,-0.0328204
-2.179061e-08,-0.0270259
-2.174061e-08,-0.0173042
-2.169061e-08,-0.0201328
-2.164061e-08,-0.0282067
-2.159061e-08,-0.0240325
-2.154061e-08,-0.017414
-2.149061e-08,-0.0233184
-2.144061e-08,-0.0243895
-2.139061e-08,-0.0147227
-2.134061e-08,-0.0161233
-2.129061e-08,-0.0250486
-2.124061e-08,-0.0271357
-2.119061e-08,-0.0277673
-2.114061e-08,-0.0263393
-2.109061e-08,-0.0173042
-2.104061e-08,-0.00944993
-2.099061e-08,-0.0056052
-2.094061e-08,-0.00230971
-2.089061e-08,-0.0110428
-2.084061e-08,-0.0261745
-2.079061e-08,-0.0297996
-2.074061e-08,-0.0335894
-2.069061e-08,-0.0432561
-2.064061e-08,-0.0453158
-2.059061e-08,-0.0427893
-2.054061e-08,-0.0307333
-2.049061e-08,-0.00876338
-2.044061e-08,-0.00442432
-2.039061e-08,-0.0109604
-2.034061e-08,-0.00758249
-2.029061e-08,-0.00497357
-2.024061e-08,-0.00689593
-2.019061e-08,-0.0135968
-2.014061e-08,-0.0264766
-2.009061e-08,-0.0346604
-2.004061e-08,-0.035292
-1.999061e-08,-0.032024
-1.994061e-08,-0.0280694
-1.989061e-08,-0.0277399
-1.984061e-08,-0.0213686
-1.979061e-08,-0.00585236
-1.974061e-08,0.00263352
-1.969061e-08,0.00991105
-1.964061e-08,0.026361
-1.959061e-08,0.0328971
-1.954061e-08,0.0235873
-1.949061e-08,0.016859
-1.944061e-08,0.0149916
-1.939061e-08,0.0103779
-1.934061e-08,0.0044735
-1.929061e-08,-0.00200763
-1.924061e-08,-0.00546789
-1.919061e-08,-0.00612699
-1.914061e-08,-0.0109878
-1.909061e-08,-0.0159036
-1.904061e-08,-0.0133221
-1.899061e-08,-0.00708817
-1.894061e-08,-0.00796697
-1.889061e-08,-0.0141735
-1.884061e-08,-0.0105484
-1.879061e-08,0.00639586
-1.874061e-08,0.0187814
-1.869061e-08,0.0157056
-1.864061e-08,0.00905971
-1.859061e-08,0.0024962
-1.854061e-08,-0.00739026
-1.849061e-08,-0.0150797
-1.844061e-08,-0.0149699
-1.839061e-08,-0.00719802
-1.834061e-08,-0.000909132
-1.829061e-08,0.00142517
-1.824061e-08,0.00439111
-1.819061e-08,0.00988359
-1.814061e-08,0.0167766
-1.809061e-08,0.0126847
-1.804061e-08,-0.00414969
-1.799061e-08,-0.0198033
-1.794061e-08,-0.0288658
-1.789061e-08,-0.02763
-1.784061e-08,-0.0122786
-1.779061e-08,0.00463827
-1.774061e-08,0.0072472
-1.769061e-08,0.00348485
-1.764061e-08,0.00279829
-1.759061e-08,0.000628761
-1.754061e-08,-0.000167648
-1.749061e-08,-0.000909132
-1.744061e-08,-0.00667623
-1.739061e-08,-0.00755503
-1.734061e-08,-0.00258434
-1.729061e-08,-0.00571505
-1.724061e-08,-0.00966963
-1.719061e-08,-0.00156823
-1.714061e-08,0.00557199
-1.709061e-08,0.00491289
-1.704061e-08,0.00304545
-1.699061e-08,-0.000826745
-1.694061e-08,0.00084846
-1.689061e-08,0.00639586
-1.684061e-08,0.000244288
-1.679061e-08,-0.00612699
-1.674061e-08,-0.00423208
-1.669061e-08,-0.000689433
-1.664061e-08,0.0115588
-1.659061e-08,0.0232852
-1.654061e-08,0.019825
-1.649061e-08,0.0110645
-1.644061e-08,0.00274337
-1.639061e-08,-0.001733
-1.634061e-08,-0.00101898
-1.629061e-08,-0.00519326
-1.624061e-08,-0.0114272
-1.619061e-08,-0.014503
-1.614061e-08,-0.0151896
-1.609061e-08,-0.0136791
-1.604061e-08,-0.0158212
-1.599061e-08,-0.0156839
-1.594061e-08,-0.0146403
-1.589061e-08,-0.0198856
-1.584061e-08,-0.0145305
-1.579061e-08,0.000573836
-1.574061e-08,0.00645079
-1.569061e-08,0.00233143
-1.564061e-08,-0.0049461
-1.559061e-08,-0.0110428
-1.554061e-08,-0.0155191
-1.549061e-08,-0.014915
-1.544061e-08,-0.0103287
-1.539061e-08,-0.0107681
-1.534061e-08,-0.0122511
-1.529061e-08,-0.0114547
-1.524061e-08,-0.0149973
-1.519061e-08,-0.0205997
-1.514061e-08,-0.0253232
-1.509061e-08,-0.0311178
-1.504061e-08,-0.0340288
-1.499061e-08,-0.0317494
-1.494061e-08,-0.0287835
-1.489061e-08,-0.0201053
-1.484061e-08,-0.00524819
-1.479061e-08,0.000518912
-1.474061e-08,-0.00126614
-1.469061e-08,-0.00522073
-1.464061e-08,-0.0138165
-1.459061e-08,-0.016343
-1.454061e-08,-0.0092577
-1.449061e-08,0.00117801
-1.444061e-08,0.00837315
-1.439061e-08,0.00634094
-1.434061e-08,0.00318276
-1.429061e-08,-0.000414809
-1.424061e-08,-0.010878
-1.419061e-08,-0.0223573
-1.414061e-08,-0.0324909
-1.409061e-08,-0.0352646
-1.404061e-08,-0.0273005
-1.399061e-08,-0.0240325
-1.394061e-08,-0.0268611
-1.389061e-08,-0.0233184
-1.384061e-08,-0.0173866
-1.379061e-08,-0.0146953
-1.374061e-08,-0.00958725
-1.369061e-08,-0.00187032
-1.364061e-08,0.00474812
-1.359061e-08,0.00689019
-1.354061e-08,0.00312784
-1.349061e-08,-3.03361e-05
-1.344061e-08,-0.000359885
-1.339061e-08,-0.00464402
-1.334061e-08,-0.0116744
-1.329061e-08,-0.009038
-1.324061e-08,-0.00417716
-1.319061e-08,-0.0117293
-1.314061e-08,-0.0193089
-1.309061e-08,-0.0226593
-1.304061e-08,-0.029827
-1.299061e-08,-0.0321339
-1.294061e-08,-0.0257626
-1.289061e-08,-0.0192265
-1.284061e-08,-0.013432
-1.279061e-08,-0.0058249
-1.274061e-08,-0.00401238
-1.269061e-08,-0.0114547
-1.264061e-08,-0.0122511
-1.259061e-08,-0.00156823
-1.254061e-08,0.00510513
-1.249061e-08,0.0022765
-1.244061e-08,-0.00607206
-1.239061e-08,-0.0134045
-1.234061e-08,-0.0140911
-1.229061e-08,-0.0106034
-1.224061e-08,-0.00104644
-1.219061e-08,0.0104054
-1.214061e-08,0.0111743
-1.209061e-08,0.00829077
-1.204061e-08,0.00554453
-1.199061e-08,0.00244128
-1.194061e-08,0.0035947
-1.189061e-08,-0.00522073
-1.184061e-08,-0.0177436
-1.179061e-08,-0.0150523
-1.174061e-08,-0.00645653
-1.169061e-08,0.000161901
-1.164061e-08,0.00546214
-1.159061e-08,0.00919703
-1.154061e-08,0.011037
-1.149061e-08,0.00796122
-1.144061e-08,-0.00294135
-1.139061e-08,-0.0164254
-1.134061e-08,-0.0234283
-1.129061e-08,-0.025131
-1.124061e-08,-0.0233734
-1.119061e-08,-0.0165627
-1.114061e-08,-0.00788458
-1.109061e-08,-0.000387347
-1.104061e-08,0.00219412
-1.099061e-08,-0.00272165
-1.094061e-08,-0.0060446
-1.089061e-08,0.00189203
-1.084061e-08,0.0109546
-1.079061e-08,0.00971881
-1.074061e-08,0.00672541
-1.069061e-08,0.00274337
-1.064061e-08,-0.00782965
-1.059061e-08,-0.0143932
-1.054061e-08,-0.0138714
-1.049061e-08,-0.0178534
-1.044061e-08,-0.0330127
-1.039061e-08,-0.0441349
-1.034061e-08,-0.0387523
-1.029061e-08,-0.0340562
-1.024061e-08,-0.0280969
-1.019061e-08,-0.015272
-1.014061e-08,-0.0190343
-1.009061e-08,-0.0277399
-1.004061e-08,-0.015629
-9.990613e-09,-0.00280404
-9.940613e-09,-0.00722548
-9.890613e-09,-0.0152445
-9.840613e-09,-0.0140636
-9.790613e-09,-0.00829651
-9.740613e-09,-0.00752757
-9.690613e-09,-0.00884576
-9.640613e-09,-0.00780219
-9.590613e-09,-0.00980695
-9.540613e-09,-0.0127454
-9.490613e-09,-0.0137066
-9.440613e-09,-0.0153818
-9.390613e-09,-0.0139812
-9.340613e-09,-0.0122236
-9.290613e-09,-0.0123609
-9.240613e-09,-0.0106034
-9.190613e-09,-0.00711563
-9.140613e-09,0.00513259
-9.090613e-09,0.0182871
-9.040613e-09,0.0108173
-8.990613e-09,-0.00247449
-8.940613e-09,0.00197442
-8.890613e-09,0.0130967
-8.840613e-09,0.0150191
-8.790613e-09,0.00818092
-8.740613e-09,-0.00187032
-8.690613e-09,-0.012718
-8.640613e-09,-0.0220002
-8.590613e-09,-0.0288109
-8.540613e-09,-0.0314748
-8.490613e-09,-0.0280969
-8.440613e-09,-0.0247465
-8.390613e-09,-0.0184301
-8.340613e-09,-0.00714309
-8.290613e-09,-0.00571505
-8.240613e-09,-0.0115371
-8.190613e-09,-0.0118666
-8.140613e-09,-0.0115645
-8.090613e-09,-0.0121687
-8.040613e-09,-0.00873591
-7.990613e-09,-0.00258434
-7.940613e-09,-0.000442272
-7.890613e-09,-0.00826905
-7.840613e-09,-0.01302
-7.790613e-09,-0.000332422
-7.740613e-09,0.0172435
-7.690613e-09,0.0234775
-7.640613e-09,0.0193032
-7.590613e-09,0.011394
-7.540613e-09,0.0106251
-7.490613e-09,0.0230106
-7.440613e-09,0.0281461
-7.390613e-09,0.0143874
-7.340613e-09,-0.00176047
-7.290613e-09,-0.0171119
-7.240613e-09,-0.0300742
-7.190613e-09,-0.0315297
-7.140613e-09,-0.0249113
-7.090613e-09,-0.0106857
-7.040613e-09,0.00395171
-6.990613e-09,0.005929
-6.940613e-09,0.0042538
-6.890613e-09,0.00911464
-6.840613e-09,0.012877
-6.790613e-09,0.00612124
-6.740613e-09,-0.00434193
-6.690613e-09,-0.0103562
-6.640613e-09,-0.0147502
-6.590613e-09,-0.0151346
-6.540613e-09,-0.015986
-6.490613e-09,-0.022165
-6.440613e-09,-0.0271632
-6.390613e-09,-0.0293052
-6.340613e-09,-0.0308431
-6.290613e-09,-0.0296348
-6.240613e-09,-0.0210116
-6.190613e-09,-0.0133221
-6.140613e-09,-0.019254
-6.090613e-09,-0.0356216
-6.040613e-09,-0.0485838
-5.990613e-09,-0.0485564
-5.940613e-09,-0.0407021
-5.890613e-09,-0.0405648
-5.840613e-09,-0.0458101
-5.790613e-09,-0.03315
-5.740613e-09,-0.0176063
-5.690613e-09,-0.025845
-5.640613e-09,-0.0326557
-5.590613e-09,-0.0207919
-5.540613e-09,-0.0109878
-5.490613e-09,-0.00854368
-5.440613e-09,-0.00469894
-5.390613e-09,-0.00332582
-5.340613e-09,-0.00423208
-5.290613e-09,-0.000167648
-5.240613e-09,0.00356724
-5.190613e-09,0.00197442
-5.140613e-09,0.00483051
-5.090613e-09,0.00963642
-5.040613e-09,0.00535229
-4.990613e-09,0.000793536
-4.940613e-09,-0.000771821
-4.890613e-09,-0.00533058
-4.840613e-09,-0.00944993
-4.790613e-09,-0.0114272
-4.740613e-09,-0.011592
-4.690613e-09,-0.0115371
-4.640613e-09,-0.00802189
-4.590613e-09,0.00263352
-4.540613e-09,0.00820838
-4.490613e-09,0.00342992
-4.440613e-09,-0.00107391
-4.390613e-09,-0.000716896
-4.340613e-09,-0.00266673
-4.290613e-09,-0.00736279
-4.240613e-09,-0.00585236
-4.190613e-09,-0.00291389
-4.140613e-09,-0.00596221
-4.090613e-09,-0.00898307
-4.040613e-09,-0.0103837
-3.990613e-09,-0.0113998
-3.940613e-09,-0.00942247
-3.890613e-09,-0.00977948
-3.840613e-09,-0.0142284
-3.790613e-09,-0.014146
-3.740613e-09,-0.0112899
-3.690613e-09,-0.0115096
-3.640613e-09,-0.0120039
-3.590613e-09,-0.00942247
-3.540613e-09,-0.00258434
-3.490613e-09,0.000601299
-3.440613e-09,-0.00936755
-3.390613e-09,-0.0176612
-3.340613e-09,-0.00629176
-3.290613e-09,0.00743943
-3.240613e-09,0.00279829
-3.190613e-09,-0.00596221
-3.140613e-09,-0.00557774
-3.090613e-09,-0.00999918
-3.040613e-09,-0.0179084
-2.990613e-09,-0.0156564
-2.940613e-09,-0.013075
-2.890613e-09,-0.0177161
-2.840613e-09,-0.0259548
-2.790613e-09,-0.0273279
-2.740613e-09,-0.0179633
-2.690613e-09,-0.0167
-2.640613e-09,-0.020325
-2.590613e-09,-0.0150523
-2.540613e-09,-0.0126905
-2.490613e-09,-0.0224396
-2.440613e-09,-0.0376538
-2.390613e-09,-0.0371869
-2.340613e-09,-0.0193364
-2.290613e-09,-0.010466
-2.240613e-09,-0.0116195
-2.190613e-09,-0.0114272
-2.140613e-09,-0.01302
-2.090613e-09,-0.0160958
-2.040613e-09,-0.0142009
-1.990613e-09,-0.0062643
-1.940613e-09,0.00117801
-1.890613e-09,0.00488543
-1.840613e-09,0.00537975
-1.790613e-09,0.00477558
-1.740613e-09,0.00167233
-1.690613e-09,-0.00601714
-1.640613e-09,-0.0119765
-1.590613e-09,-0.0170296
-1.540613e-09,-0.0262844
-1.490613e-09,-0.0335619
-1.440613e-09,-0.0321339
-1.390613e-09,-0.0253781
-1.340613e-09,-0.0201603
-1.290613e-09,-0.0179084
-1.240613e-09,-0.0169746
-1.190613e-09,-0.0173042
-1.140613e-09,-0.0168648
-1.090613e-09,-0.0149699
-1.040613e-09,-0.0191442
-9.906133e-10,-0.0207095
-9.406133e-10,-0.00807682
-8.906133e-10,-0.00409477
-8.406133e-10,-0.0178534
-7.906133e-10,-0.0262295
-7.406133e-10,-0.0197209
-6.906133e-10,-0.00785712
-6.406133e-10,-0.0021724
-5.906133e-10,-0.000799283
-5.406133e-10,0.000766073
-4.906133e-10,-0.0030512
-4.406133e-10,-0.010521
-3.906133e-10,-0.0156015
-3.406133e-10,-0.0201328
-2.906133e-10,-0.0206271
-2.406133e-10,-0.0134869
-1.906133e-10,-0.00533058
-1.406133e-10,0.0104878
-9.061332e-11,0.0454748
-4.061332e-11,0.100619
9.386677e-12,0.169056
5.938668e-11,0.232082
1.093867e-10,0.292389
1.593867e-10,0.352092
2.093867e-10,0.383262
2.593867e-10,0.386777
3.093867e-10,0.374035
3.593867e-10,0.339734
4.093867e-10,0.296124
4.593867e-10,0.246445
5.093867e-10,0.189597
5.593867e-10,0.145658
6.093867e-10,0.122727
6.593867e-10,0.107897
7.093867e-10,0.0949346
7.593867e-10,0.0910899
8.093867e-10,0.0885633
8.593867e-10,0.0724154
9.093867e-10,0.0495667
9.593867e-10,0.0296016
1.009387e-09,0.0112842
1.059387e-09,0.00112308
1.109387e-09,0.00721973
1.159387e-09,0.0199074
1.209387e-09,0.0242739
1.259387e-09,0.0217748
1.309387e-09,0.023093
1.359387e-09,0.0208136
1.409387e-09,0.0127122
1.459387e-09,0.00612124
1.509387e-09,-0.00431447
1.559387e-09,-0.0108231
1.609387e-09,-0.00442432
1.659387e-09,0.0082633
1.709387e-09,0.0142501
1.759387e-09,0.00417141
1.809387e-09,-0.00744518
1.859387e-09,-0.00810428
1.909387e-09,-0.0056052
1.959387e-09,-0.00420462
2.009387e-09,-0.00189778
2.059387e-09,-0.0021724
2.109387e-09,-0.00458909
2.159387e-09,-0.00184285
2.209387e-09,-0.000826745
2.259387e-09,-0.00209002
2.309387e-09,0.00128786
2.359387e-09,-0.0028315
2.409387e-09,-0.00854368
2.459387e-09,-0.00478133
2.509387e-09,-0.00508342
2.559387e-09,-0.0103837
2.609387e-09,-0.012663
2.659387e-09,-0.0191442
2.709387e-09,-0.0278772
2.759387e-09,-0.0242522
2.809387e-09,-0.014915
2.859387e-09,-0.0120314
2.909387e-09,-0.00686847
2.959387e-09,0.0027159
3.009387e-09,0.01068
3.059387e-09,0.0194405
3.109387e-09,0.023093
3.159387e-09,0.0165295
3.209387e-09,0.0095815
3.259387e-09,0.00392425
3.309387e-09,0.00194696
3.359387e-09,0.00941673
3.409387e-09,0.0109272
3.459387e-09,-0.00148584
3.509387e-09,-0.00813174
3.559387e-09,-0.000579584
3.609387e-09,0.00307291
3.659387e-09,-0.00296881
3.709387e-09,-0.00351806
3.759387e-09,-0.00214494
3.809387e-09,-0.00714309
3.859387e-09,-0.00755503
3.909387e-09,-0.0058249
3.959387e-09,-0.0143932
4.009387e-09,-0.0250211
4.059387e-09,-0.0229889
4.109387e-09,-0.0153269
4.159387e-09,-0.0165078
4.209387e-09,-0.0184027
4.259387e-09,-0.0134594
4.309387e-09,-0.00791204
4.359387e-09,-0.00206255
4.409387e-09,0.00524244
4.459387e-09,0.00719227
4.509387e-09,-0.00244703
4.559387e-09,-0.0109878
4.609387e-09,-0.0140911
4.659387e-09,-0.0219179
4.709387e-09,-0.0256802
4.759387e-09,-0.0213686
4.809387e-09,-0.0173042
4.859387e-09,-0.0146129
4.909387e-09,-0.0115371
4.959387e-09,-0.00434193
5.009387e-09,0.00603885
5.059387e-09,0.00834569
5.109387e-09,0.00752182
5.159387e-09,0.0188363
5.209387e-09,0.0265807
5.259387e-09,0.0182322
5.309387e-09,0.016145
5.359387e-09,0.0255371
5.409387e-09,0.0232303
5.459387e-09,0.00765913
5.509387e-09,0.0010407
5.559387e-09,0.0014801
5.609387e-09,-0.00395746
5.659387e-09,-0.00684101
5.709387e-09,-0.0101914
5.759387e-09,-0.0182928
5.809387e-09,-0.0143657
5.859387e-09,-0.0032709
5.909387e-09,-0.00104644
5.959387e-09,-0.00198017
6.009387e-09,0.000683686
6.059387e-09,0.000820998
6.109387e-09,-0.00986187
6.159387e-09,-0.0257351
6.209387e-09,-0.0346604
6.259387e-09,-0.0347428
6.309387e-09,-0.0297446
6.359387e-09,-0.0282342
6.409387e-09,-0.0330676
6.459387e-09,-0.0329577
6.509387e-09,-0.0281518
6.559387e-09,-0.0256802
6.609387e-09,-0.0208743
6.659387e-09,-0.0109604
6.709387e-09,-0.00395746
6.759387e-09,-0.0120039
6.809387e-09,-0.0239226
6.859387e-09,-0.027273
6.909387e-09,-0.0389445
6.959387e-09,-0.0505062
7.009387e-09,-0.0399332
7.059387e-09,-0.027685
7.109387e-09,-0.0267238
7.159387e-09,-0.0205997
7.209387e-09,-0.00986187
7.259387e-09,-0.00398492
7.309387e-09,-0.00329836
7.359387e-09,-0.00291389
7.409387e-09,0.000656224
7.459387e-09,0.00235889
7.509387e-09,0.00351231
7.559387e-09,0.00705496
7.609387e-09,0.00710988
7.659387e-09,0.00927941
7.709387e-09,0.0204566
7.759387e-09,0.0323478
7.809387e-09,0.0348469
7.859387e-09,0.0252625
7.909387e-09,0.0141128
7.959387e-09,0.00829077
8.009387e-09,0.00191949
8.059387e-09,-0.00340821
8.109387e-09,-0.00673116
8.159387e-09,-0.0139538
8.209387e-09,-0.0230987
8.259387e-09,-0.0279321
8.309387e-09,-0.0290855
8.359387e-09,-0.0303488
8.409387e-09,-0.0301017
8.459387e-09,-0.0271357
8.509387e-09,-0.0247739
8.559387e-09,-0.0204898
8.609387e-09,-0.0117842
8.659387e-09,-0.0114272
8.709387e-09,-0.0206821
8.759387e-09,-0.0196934
8.809387e-09,-0.012718
8.859387e-09,-0.0162881
8.909387e-09,-0.0227143
8.959387e-09,-0.0246916
9.009387e-09,-0.0206821
9.059387e-09,-0.00884576
9.109387e-09,0.000656224
9.159387e-09,0.00304545
9.209387e-09,0.00664302
9.259387e-09,0.00851047
9.309387e-09,0.00296306
9.359387e-09,-0.0056052
9.409387e-09,-0.0164803
9.459387e-09,-0.0253781
9.509387e-09,-0.0281518
9.559387e-09,-0.0307607
9.609387e-09,-0.0307882
9.659387e-09,-0.0261471
9.709387e-09,-0.0269435
9.759387e-09,-0.0260921
9.809387e-09,-0.010109
9.859387e-09,0.0065881
9.909387e-09,0.011037
9.959387e-09,0.0136185
1.000939e-08,0.0142226
1.005939e-08,0.000930848
1.010939e-08,-0.0159311
1.015939e-08,-0.022577
1.020939e-08,-0.0202427
1.025939e-08,-0.0116469
1.030939e-08,-0.00673116
1.035939e-08,-0.00313359
1.040939e-08,0.00971881
1.045939e-08,0.0215826
1.050939e-08,0.0278165
1.055939e-08,0.0261688
1.060939e-08,0.0104054
1.065939e-08,-0.0115645
1.070939e-08,-0.0269709
1.075939e-08,-0.0296073
1.080939e-08,-0.0274378
1.085939e-08,-0.0232635
1.090939e-08,-0.0184851
1.095939e-08,-0.0217805
1.100939e-08,-0.0220552
1.105939e-08,-0.00977948
1.110939e-08,-2.87366e-06
1.115939e-08,-0.0056052
1.120939e-08,-0.0161233
1.125939e-08,-0.0190892
1.130939e-08,-0.0198307
1.135939e-08,-0.020325
1.140939e-08,-0.0151346
1.145939e-08,-0.010521
1.150939e-08,-0.012718
1.155939e-08,-0.0123609
1.160939e-08,-0.00607206
1.165939e-08,-0.000799283
1.170939e-08,0.000656224
1.175939e-08,0.000491449
1.180939e-08,0.0031553
1.185939e-08,0.00290814
1.190939e-08,-0.00480879
1.195939e-08,-0.00966963
1.200939e-08,-0.00810428
1.205939e-08,-0.00717056
1.210939e-08,-0.00566013
1.215939e-08,0.00373201
1.220939e-08,0.015074
1.225939e-08,0.0154585
1.230939e-08,0.0068078
1.235939e-08,-0.000826745
1.240939e-08,-0.00714309
1.245939e-08,-0.0149424
1.250939e-08,-0.0176063
1.255939e-08,-0.011235
1.260939e-08,-0.0034906
1.265939e-08,0.00233143
1.270939e-08,0.000930848
1.275939e-08,-0.00939501
1.280939e-08,-0.0124708
1.285939e-08,-0.0094774
1.290939e-08,-0.00879084
1.295939e-08,-0.00398492
1.300939e-08,-0.00425954
1.305939e-08,-0.0140636
1.310939e-08,-0.0148326
1.315939e-08,-0.00758249
1.320939e-08,-0.00681355
1.325939e-08,-0.00862606
1.330939e-08,-0.0129102
1.335939e-08,-0.0219728
1.340939e-08,-0.0263942
1.345939e-08,-0.0256527
1.350939e-08,-0.0306784
1.355939e-08,-0.0388622
1.360939e-08,-0.0339464
1.365939e-08,-0.0247739
1.370939e-08,-0.0258999
1.375939e-08,-0.022934
1.380939e-08,-0.0133496
1.385939e-08,-0.00760996
1.390939e-08,-0.0058249
1.395939e-08,-0.00689593
1.400939e-08,-0.00513834
1.405939e-08,-0.00209002
1.410939e-08,-0.00387507
1.415939e-08,-0.00857114
1.420939e-08,-0.0126905
1.425939e-08,-0.00920277
1.430939e-08,-0.00165062
1.435939e-08,-0.000524659
1.440939e-08,-0.000607046
1.445939e-08,-0.000689433
1.450939e-08,-0.00571505
1.455939e-08,-0.00840636
1.460939e-08,-0.00807682
1.465939e-08,-0.0125532
1.470939e-08,-0.0184301
1.475939e-08,-0.0193913
1.480939e-08,-0.0145305
1.485939e-08,0.00112308
1.490939e-08,0.0211157
1.495939e-08,0.0287777
1.500939e-08,0.0284756
1.505939e-08,0.0246309
1.510939e-08,0.0157056
1.515939e-08,0.011037
1.520939e-08,0.00562692
1.525939e-08,-0.00730787
1.530939e-08,-0.0151621
1.535939e-08,-0.0120589
1.540939e-08,-0.00923024
1.545939e-08,-0.0124983
1.550939e-08,-0.0142833
1.555939e-08,-0.00763742
1.560939e-08,0.00183711
1.565939e-08,0.00505021
1.570939e-08,0.00244128
1.575939e-08,-0.00505595
1.580939e-08,-0.00895561
1.585939e-08,-0.0053855
1.590939e-08,-0.00887322
1.595939e-08,-0.0131299
1.600939e-08,-0.00469894
1.605939e-08,0.0014801
1.610939e-08,-0.000250035
1.615939e-08,0.000326675
1.620939e-08,0.00279829
1.625939e-08,0.00721973
1.630939e-08,0.00656064
1.635939e-08,-0.00766488
1.640939e-08,-0.0164803
1.645939e-08,-0.0115645
1.650939e-08,-0.0102189
1.655939e-08,-0.011592
1.660939e-08,-0.00876338
1.665939e-08,-0.00585236
1.670939e-08,-0.00365537
1.675939e-08,0.00161741
1.680939e-08,0.0082633
1.685939e-08,0.00815346
1.690939e-08,0.00340246
1.695939e-08,0.00532483
1.700939e-08,0.0119982
1.705939e-08,0.0153486
1.710939e-08,0.0175731
1.715939e-08,0.0212805
1.720939e-08,0.0246858
1.725939e-08,0.0236697
1.730939e-08,0.015074
1.735939e-08,0.00296306
1.740939e-08,-0.00620937
1.745939e-08,-0.0121412
1.750939e-08,-0.0165078
1.755939e-08,-0.021451
1.760939e-08,-0.0259823
1.765939e-08,-0.0220277
1.770939e-08,-0.0137341
1.775939e-08,-0.00736279
1.780939e-08,0.000793536
1.785939e-08,0.00466573
1.790939e-08,-0.00203509
1.795939e-08,-0.0102463
1.800939e-08,-0.0138165
1.805939e-08,-0.0140636
1.810939e-08,-0.00744518
1.815939e-08,-0.00272165
1.820939e-08,-0.00791204
1.825939e-08,-0.00653892
1.830939e-08,-0.00434193
1.835939e-08,-0.0151072
1.840939e-08,-0.0182104
1.845939e-08,-0.0101365
1.850939e-08,-0.00673116
1.855939e-08,-0.00500103
1.860939e-08,-0.0021724
1.865939e-08,0.00186457
1.870939e-08,0.00823584
1.875939e-08,0.00790629
1.880939e-08,0.00285321
1.885939e-08,0.0063684
1.890939e-08,0.0128495
1.895939e-08,0.0146071
1.900939e-08,0.0162549
1.905939e-08,0.0131791
1.910939e-08,0.0029356
1.915939e-08,-0.00678608
1.920939e-08,-0.01302
1.925939e-08,-0.0172493
1.930939e-08,-0.0165078
1.935939e-08,-0.00733533
1.940939e-08,0.00200188
1.945939e-08,0.00370455
1.950939e-08,0.000106976
1.955939e-08,-0.00566013
1.960939e-08,-0.0189519
1.965939e-08,-0.0426794
1.970939e-08,-0.0593766
1.975939e-08,-0.0593766
1.980939e-08,-0.0524286
1.985939e-08,-0.0410317
1.990939e-08,-0.0307333
1.995939e-08,-0.0296073
2.000939e-08,-0.0287835
2.005939e-08,-0.0228241
2.010939e-08,-0.0212313
2.015939e-08,-0.0269435
2.020939e-08,-0.0347703
2.025939e-08,-0.0357864
2.030939e-08,-0.0268886
2.035939e-08,-0.0175239
2.040939e-08,-0.00829651
2.045939e-08,0.00150756
2.050939e-08,-0.000607046
2.055939e-08,-0.0193639
2.060939e-08,-0.0344132
2.065939e-08,-0.0250486
2.070939e-08,-0.00999918
2.075939e-08,-0.0109329
2.080939e-08,-0.0140911
2.085939e-08,-0.0137341
2.090939e-08,-0.0151896
2.095939e-08,-0.0153818
2.100939e-08,-0.0144756
2.105939e-08,-0.00780219
2.110939e-08,0.000793536
2.115939e-08,-0.00019511
2.120939e-08,-0.00541296
2.125939e-08,-0.0099168
2.130939e-08,-0.0151896
2.135939e-08,-0.0170296
2.140939e-08,-0.0205447
2.145939e-08,-0.03131
2.150939e-08,-0.0365004
2.155939e-08,-0.0312825
2.160939e-08,-0.0266963
2.165939e-08,-0.026916
2.170939e-08,-0.0244444
2.175939e-08,-0.02038
2.180939e-08,-0.0245268
2.185939e-08,-0.0253507
2.190939e-08,-0.012306
2.195939e-08,-0.00296881
2.200939e-08,-0.00480879
2.205939e-08,-0.0113998
2.210939e-08,-0.0207919
2.215939e-08,-0.0222199
2.220939e-08,-0.015217
2.225939e-08,-0.0143382
2.230939e-08,-0.017057
2.235939e-08,-0.0145854
2.240939e-08,-0.0151346
2.245939e-08,-0.0227967
2.250939e-08,-0.0282891
2.255939e-08,-0.0261745
2.260939e-08,-0.0211489
2.265939e-08,-0.0227143
2.270939e-08,-0.0242796
2.275939e-08,-0.0215334
2.280939e-08,-0.0220277
2.285939e-08,-0.0162057
2.290939e-08,-0.0113448
2.295939e-08,-0.0158212
2.300939e-08,-0.0110977
2.305939e-08,-0.00717056
2.310939e-08,-0.0132947
2.315939e-08,-0.0127729
2.320939e-08,-0.00854368
2.325939e-08,-0.0103837
2.330939e-08,-0.0157388
2.335939e-08,-0.0241698
2.340939e-08,-0.0325183
2.345939e-08,-0.0307333
2.350939e-08,-0.0288384
2.355939e-08,-0.0350449
2.360939e-08,-0.0331225
2.365939e-08,-0.0248563
2.370939e-08,-0.0215334
2.375939e-08,-0.0222199
2.380939e-08,-0.0208743
2.385939e-08,-0.0171119
2.390939e-08,-0.0185125
2.395939e-08,-0.0150797
2.400939e-08,-0.00634669
2.405939e-08,-0.00511088
2.410939e-08,0.00117801
2.415939e-08,0.0139755
2.420939e-08,0.0166393
2.425939e-08,0.0117785
2.430939e-08,0.00705496
2.435939e-08,0.00208427
2.440939e-08,0.0024962
2.445939e-08,0.0132615
2.450939e-08,0.0195503
2.455939e-08,0.0119982
2.460939e-08,0.0100484
2.465939e-08,0.0109821
2.470939e-08,-0.00598967
2.475939e-08,-0.0184851
2.480939e-08,-0.00887322
2.485939e-08,-0.00187032
2.490939e-08,-0.00651146
2.495939e-08,-0.0101914
2.500939e-08,-0.00862606
2.505939e-08,-0.00401238
2.510939e-08,-0.00329836
2.515939e-08,-0.00645653
2.520939e-08,-0.00546789
2.525939e-08,-0.00579744
2.530939e-08,-0.00579744
2.535939e-08,0.00307291
2.540939e-08,0.00551707
2.545939e-08,-0.00609952
2.550939e-08,-0.0182654
2.555939e-08,-0.0275202
2.560939e-08,-0.0318592
2.565939e-08,-0.0263118
2.570939e-08,-0.0217805
2.575939e-08,-0.0257351
2.580939e-08,-0.0279047
2.585939e-08,-0.0198582
2.590939e-08,-0.0101365
2.595939e-08,-0.0160134
2.600939e-08,-0.0306234
2.605939e-08,-0.0348252
2.610939e-08,-0.0317219
2.615939e-08,-0.0291405
2.620939e-08,-0.0253781
2.625939e-08,-0.0182654
2.630939e-08,-0.00829651
2.635939e-08,-0.00354552
2.640939e-08,-0.00469894
2.645939e-08,-0.00335328
2.650939e-08,-0.00868099
2.655939e-08,-0.0205997
2.660939e-08,-0.0242796
2.665939e-08,-0.0288109
2.670939e-08,-0.0311727
2.675939e-08,-0.018128
2.680939e-08,-0.00868099
2.685939e-08,-0.00596221
2.690939e-08,-0.00143092
2.695939e-08,-0.00901054
2.700939e-08,-0.0177985
2.705939e-08,-0.0116195
2.710939e-08,-0.00500103
2.715939e-08,-0.00414969
2.720939e-08,-0.00511088
2.725939e-08,-0.0109878
2.730939e-08,-0.0223298
2.735939e-08,-0.0309255
2.740939e-08,-0.0292503
2.745939e-08,-0.0170021
2.750939e-08,0.00134278
2.755939e-08,0.00960896
2.760939e-08,0.00252367
2.765939e-08,-0.00549535
2.770939e-08,-0.0094774
2.775939e-08,-0.0102738
2.780939e-08,-0.00813174
2.785939e-08,-0.00972456
2.790939e-08,-0.0179633
2.795939e-08,-0.0264766
2.800939e-08,-0.0242522
2.805939e-08,-0.0148326
2.810939e-08,-0.0142284
2.815939e-08,-0.0201053
2.820939e-08,-0.0224671
2.825939e-08,-0.0140636
2.830939e-08,-0.00118376
2.835939e-08,-0.00609952
2.840939e-08,-0.0156015
2.845939e-08,-0.00936755
2.850939e-08,-0.00700578
2.855939e-08,-0.00997172
2.860939e-08,-0.0015133
2.865939e-08,0.00463827
2.870939e-08,-0.00395746
2.875939e-08,-0.0160958
2.880939e-08,-0.0216707
2.885939e-08,-0.0229065
2.890939e-08,-0.0281793
2.895939e-08,-0.0340288
2.900939e-08,-0.0297172
2.905939e-08,-0.0249936
2.910939e-08,-0.0260098
2.915939e-08,-0.0208194
2.920939e-08,-0.0118117
2.925939e-08,-0.00461655
2.930939e-08,-0.000497197
2.935939e-08,0.00101323
2.940939e-08,0.00439111
2.945939e-08,0.00202934
2.950939e-08,-0.00340821
2.955939e-08,-0.00393
2.960939e-08,-0.00755503
2.965939e-08,-0.00977948
2.970939e-08,-0.00796697
2.975939e-08,-0.00884576
2.980939e-08,-0.0069234
2.985939e-08,-0.0056052
2.990939e-08,-0.00662131
2.995939e-08,0.00084846
3.000939e-08,0.00546214
3.005939e-08,-0.00250195
3.010939e-08,-0.00620937
3.015939e-08,-0.00247449
3.020939e-08,0.00186457
3.025939e-08,0.00683526
3.030939e-08,0.00546214
3.035939e-08,-0.00332582
3.040939e-08,-0.0123609
3.045939e-08,-0.0179907
3.050939e-08,-0.025488
3.055939e-08,-0.039686
3.060939e-08,-0.0485289
3.065939e-08,-0.0461946
3.070939e-08,-0.0471558
3.075939e-08,-0.0548178
3.080939e-08,-0.0512477
3.085939e-08,-0.0371869
3.090939e-08,-0.030541
3.095939e-08,-0.0262569
3.100939e-08,-0.0187597
3.105939e-08,-0.0133496
3.110939e-08,-0.0118666
3.115939e-08,-0.0142284
3.120939e-08,-0.0130475
3.125939e-08,-0.00857114
3.130939e-08,-0.00535804
3.135939e-08,-0.00664877
3.140939e-08,-0.0105484
3.145939e-08,-0.00376522
3.150939e-08,0.00348485
3.155939e-08,0.00375947
3.160939e-08,0.00719227
3.165939e-08,0.00540722
3.170939e-08,-0.000634509
3.175939e-08,-0.00200763
3.180939e-08,-0.00464402
3.185939e-08,-0.00522073
3.190939e-08,0.00128786
3.195939e-08,0.0024962
3.200939e-08,-0.00541296
3.205939e-08,-0.00898307
3.210939e-08,-0.00722548
3.215939e-08,-0.00678608
3.220939e-08,-0.00659385
3.225939e-08,-0.0107956
3.230939e-08,-0.0174415
3.235939e-08,-0.0204349
3.240939e-08,-0.0260372
3.245939e-08,-0.0334521
3.250939e-08,-0.0374616
3.255939e-08,-0.0370771
3.260939e-08,-0.0294426
3.265939e-08,-0.0201877
3.270939e-08,-0.0182928
3.275939e-08,-0.0195286
3.280939e-08,-0.0141735
3.285939e-08,-0.0094774
3.290939e-08,-0.00758249
3.295939e-08,-0.00178793
3.300939e-08,-0.00442432
3.305939e-08,-0.0123609
3.310939e-08,-0.0157937
3.315939e-08,-0.0196385
3.320939e-08,-0.0170021
3.325939e-08,-0.011949
3.330939e-08,-0.0175239
3.335939e-08,-0.0269984
3.340939e-08,-0.0288658
3.345939e-08,-0.0238952
3.350939e-08,-0.0263118
3.355939e-08,-0.0326557
3.360939e-08,-0.024362
3.365939e-08,-0.0126905
3.370939e-08,-0.00804935
3.375939e-08,-0.00447924
3.380939e-08,-0.0053855
3.385939e-08,-0.00640161
3.390939e-08,-0.00574251
3.395939e-08,-0.012663
3.400939e-08,-0.0230987
3.405939e-08,-0.0258724
3.410939e-08,-0.0231811
3.415939e-08,-0.0182104
3.420939e-08,-0.00667623
3.425939e-08,0.00290814
3.430939e-08,0.00202934
3.435939e-08,-0.00134853
3.440939e-08,-0.000964057
3.445939e-08,-0.00145838
3.450939e-08,-0.00469894
3.455939e-08,-0.00722548
3.460939e-08,-0.0115645
3.465939e-08,-0.0141185
3.470939e-08,-0.00785712
3.475939e-08,0.00153502
3.480939e-08,0.00491289
3.485939e-08,0.00167233
3.490939e-08,0.000985772
3.495939e-08,-0.00115629
3.500939e-08,-0.0101914
3.505939e-08,-0.00733533
3.510939e-08,0.00362216
3.515939e-08,0.00112308
3.520939e-08,-0.00695086
3.525939e-08,-0.0060446
3.530939e-08,0.00156248
3.535939e-08,0.00546214
3.540939e-08,0.00483051
3.545939e-08,0.00601139
3.550939e-08,0.00573677
3.555939e-08,0.00208427
3.560939e-08,-0.00129361
3.565939e-08,-0.00497357
3.570939e-08,-0.00338075
3.575939e-08,0.00153502
3.580939e-08,-0.00198017
3.585939e-08,-0.00810428
3.590939e-08,-0.00934009
3.595939e-08,-0.0109329
3.600939e-08,-0.013789
3.605939e-08,-0.0107956
3.610939e-08,-0.00159569
3.615939e-08,0.00219412
3.620939e-08,0.000766073
3.625939e-08,0.00282575
3.630939e-08,0.00392425
3.635939e-08,-0.00107391
3.640939e-08,-0.0115371
3.645939e-08,-0.0175513
3.650939e-08,-0.0131574
3.655939e-08,-0.0150248
3.660939e-08,-0.0173042
3.665939e-08,-0.0051658
3.670939e-08,-0.00134853
3.675939e-08,-0.0119765
3.680939e-08,-0.0185949
3.685939e-08,-0.022879
3.690939e-08,-0.0312276
3.695939e-08,-0.0412239
3.700939e-08,-0.0483367
3.705939e-08,-0.043366
3.710939e-08,-0.0239775
3.715939e-08,-0.00813174
3.720939e-08,-0.00019511
3.725939e-08,0.01068
3.730939e-08,0.0141952
3.735939e-08,0.0093618
3.740939e-08,0.00117801
3.745939e-08,-0.0123884
3.750939e-08,-0.0142009
3.755939e-08,-0.00986187
3.760939e-08,-0.0159311
3.765939e-08,-0.0213137
3.770939e-08,-0.0243895
3.775939e-08,-0.0275202
3.780939e-08,-0.0290306
3.785939e-08,-0.0326557
3.790939e-08,-0.0293052
3.795939e-08,-0.0170021
3.800939e-08,-0.0113998
3.805939e-08,-0.0133496
3.810939e-08,-0.0130475
3.815939e-08,-0.010521
3.820939e-08,-0.00733533
3.825939e-08,-0.00865353
3.830939e-08,-0.0191442
3.835939e-08,-0.0243071
3.840939e-08,-0.0187322
3.845939e-08,-0.0164803
3.850939e-08,-0.0158761
3.855939e-08,-0.014503
3.860939e-08,-0.020325
3.865939e-08,-0.0252683
3.870939e-08,-0.0218355
3.875939e-08,-0.0206546
3.880939e-08,-0.0197209
3.885939e-08,-0.0123335
3.890939e-08,-0.0130475
3.895939e-08,-0.0164803
3.900939e-08,-0.00755503
3.905939e-08,-0.00198017
3.910939e-08,-0.00428701
3.915939e-08,-0.00219986
3.920939e-08,0.00513259
3.925939e-08,0.0137558
3.930939e-08,0.0119433
3.935939e-08,0.000546374
3.940939e-08,-0.00258434
3.945939e-08,-0.00393
3.950939e-08,-0.00923024
3.955939e-08,-0.00519326
3.960939e-08,-0.00294135
3.965939e-08,-0.0092577
3.970939e-08,-0.0100266
3.975939e-08,-0.0117293
3.980939e-08,-0.0213686
3.985939e-08,-0.0249662
3.990939e-08,-0.0157663
3.995939e-08,-0.0100541
4.000939e-08,-0.0117842
4.005939e-08,-0.00785712
4.010939e-08,-0.00486372
4.015939e-08,-0.010466
4.020939e-08,-0.0171943
4.025939e-08,-0.0164254
4.030939e-08,-0.0122786
4.035939e-08,-0.0162606
4.040939e-08,-0.0220552
4.045939e-08,-0.0209841
4.050939e-08,-0.0222749
4.055939e-08,-0.0336443
4.060939e-08,-0.0461671
4.065939e-08,-0.052511
4.070939e-08,-0.0516596
4.075939e-08,-0.0404
4.080939e-08,-0.0267787
4.085939e-08,-0.0156015
4.090939e-08,-0.00398492
4.095939e-08,0.00106816
4.100939e-08,-0.00030496
4.105939e-08,-0.00123868
4.110939e-08,-0.00104644
4.115939e-08,-8.52608e-05
4.120939e-08,-0.000964057
4.125939e-08,-0.00876338
4.130939e-08,-0.0202152
4.135939e-08,-0.0230987
4.140939e-08,-0.0176063
4.145939e-08,-0.014503
4.150939e-08,-0.0123609
4.155939e-08,-0.00873591
4.160939e-08,-0.00717056
4.165939e-08,-0.00346313
4.170939e-08,0.00540722
4.175939e-08,0.0106525
4.180939e-08,0.00933434
4.185939e-08,0.0136185
4.190939e-08,0.0180125
4.195939e-08,0.0111469
4.200939e-08,0.00579169
4.205939e-08,-0.000716896
4.210939e-08,-0.0153818
4.215939e-08,-0.022577
4.220939e-08,-0.0186498
4.225939e-08,-0.0119215
4.230939e-08,-0.0114822
4.235939e-08,-0.0171943
4.240939e-08,-0.0132397
4.245939e-08,-0.00272165
4.250939e-08,-0.000332422
4.255939e-08,-0.0019527
4.260939e-08,2.45887e-05
4.265939e-08,-0.00121122
4.270939e-08,-0.00640161
4.275939e-08,-0.00464402
4.280939e-08,-0.00744518
4.285939e-08,-0.0183203
4.290939e-08,-0.0215883
4.295939e-08,-0.0237304
4.300939e-08,-0.0252957
4.305939e-08,-0.0220002
4.310939e-08,-0.0231811
4.315939e-08,-0.024005
4.320939e-08,-0.0185949
4.325939e-08,-0.0129651
4.330939e-08,-0.00576998
4.335939e-08,0.00686272
4.340939e-08,0.0139755
4.345939e-08,0.00867524
4.350939e-08,0.00120547
4.355939e-08,-0.001733
4.360939e-08,-0.00198017
4.365939e-08,-0.00480879
4.370939e-08,-0.00752757
4.375939e-08,-0.000579584
4.380939e-08,0.00842808
4.385939e-08,0.0129044
4.390939e-08,0.0215551
4.395939e-08,0.0281735
4.400939e-08,0.0243013
4.405939e-08,0.0155683
4.410939e-08,0.00480304
4.415939e-08,-0.00266673
4.420939e-08,-0.00895561
4.425939e-08,-0.012663
4.430939e-08,-0.0034906
4.435939e-08,0.00568184
4.440939e-08,0.00752182
4.445939e-08,0.00955404
4.450939e-08,0.00859285
4.455939e-08,0.00356724
4.460939e-08,-0.00222733
4.465939e-08,-0.0180457
4.470939e-08,-0.0412239
4.475939e-08,-0.0466889
4.480939e-08,-0.0405648
4.485939e-08,-0.0367475
4.490939e-08,-0.0270808
4.495939e-08,-0.0168648
4.500939e-08,-0.00818667
4.505939e-08,-0.00121122
4.510939e-08,-0.00522073
4.515939e-08,-0.0106034
4.520939e-08,-0.00491864
4.525939e-08,0.00345739
4.530939e-08,0.0035947
4.535939e-08,0.00183711
4.540939e-08,0.0061487
4.545939e-08,0.00395171
4.550939e-08,-0.0137066
4.555939e-08,-0.0256527
4.560939e-08,-0.0172493
4.565939e-08,-0.0140636
4.570939e-08,-0.0221376
4.575939e-08,-0.0159311
4.580939e-08,-0.00522073
4.585939e-08,-0.0023921
4.590939e-08,0.00279829
4.595939e-08,0.00342992
4.600939e-08,-0.00247449
4.605939e-08,-0.00681355
4.610939e-08,-0.0138714
4.615939e-08,-0.0138714
4.620939e-08,0.00172726
4.625939e-08,0.0144423
4.630939e-08,0.0170238
4.635939e-08,0.015074
4.640939e-08,0.00842808
4.645939e-08,0.00428126
4.650939e-08,0.0102131
4.655939e-08,0.0209784
4.660939e-08,0.0243288
4.665939e-08,0.0166943
4.670939e-08,0.0114489
4.675939e-08,0.0157331
4.680939e-08,0.0168316
4.685939e-08,0.0107075
4.690939e-08,0.00307291
4.695939e-08,-0.0110153
4.700939e-08,-0.0274653
4.705939e-08,-0.0329852
4.710939e-08,-0.0277399
4.715939e-08,-0.0154917
4.720939e-08,-0.00203509
4.725939e-08,0.00543468
4.730939e-08,0.008483
4.735939e-08,0.00743943
4.740939e-08,0.00694511
4.745939e-08,0.0122179
4.750939e-08,0.0139206
4.755939e-08,0.0138107
4.760939e-08,0.0146346
4.765939e-08,0.00867524
4.770939e-08,0.00502274
4.775939e-08,0.00326515
4.780939e-08,-0.00607206
4.785939e-08,-0.0106857
4.790939e-08,-0.00667623
4.795939e-08,-0.00840636
4.800939e-08,-0.0138165
4.805939e-08,-0.00832398
4.810939e-08,0.000628761
4.815939e-08,-0.00269419
4.820939e-08,-0.00983441
4.825939e-08,-0.00912039
4.830939e-08,-0.00373776
4.835939e-08,0.00351231
4.840939e-08,0.00634094
4.845939e-08,-0.000222573
4.850939e-08,-0.00252941
4.855939e-08,0.00650571
4.860939e-08,0.015074
4.865939e-08,0.0170787
4.870939e-08,0.0174632
4.875939e-08,0.0205939
4.880939e-08,0.0262512
4.885939e-08,0.0288601
4.890939e-08,0.0189187
4.895939e-08,0.00189203
4.900939e-08,-0.00489118
4.905939e-08,-0.00491864
4.910939e-08,-0.00887322
4.915939e-08,-0.0051658
4.920939e-08,0.0027159
4.925939e-08,2.45887e-05
4.930939e-08,0.00142517
4.935939e-08,0.00664302
4.940939e-08,0.00485797
4.945939e-08,0.00384186
4.950939e-08,0.000491449
4.955939e-08,-0.00266673
4.960939e-08,0.000546374
4.965939e-08,0.000436525
4.970939e-08,-0.00258434
4.975939e-08,-0.0023921
4.980939e-08,-0.00148584
4.985939e-08,-0.00417716
4.990939e-08,-0.0125257
4.995939e-08,-0.0137341
5.000939e-08,-0.00403984
5.005939e-08,0.00161741
5.010939e-08,0.0054896
5.015939e-08,0.0109272
5.020939e-08,0.0158155
5.025939e-08,0.0228458
5.030939e-08,0.0240267
5.035939e-08,0.0187539
5.040939e-08,0.0164746
5.045939e-08,0.012108
5.050939e-08,0.00178218
5.055939e-08,-0.00354552
5.060939e-08,0.000326675
5.065939e-08,0.00205681
5.070939e-08,-0.00456163
5.075939e-08,-0.0114272
5.080939e-08,-0.0143932
5.085939e-08,-0.01486
5.090939e-08,-0.0145854
5.095939e-08,-0.015574
5.100939e-08,-0.0137341
5.105939e-08,-0.0118666
5.110939e-08,-0.0141735
5.115939e-08,-0.00914785
5.120939e-08,0.000711148
5.125939e-08,-0.000359885
5.130939e-08,-0.000799283
5.135939e-08,-0.000964057
5.140939e-08,-0.0142284
5.145939e-08,-0.0168922
5.150939e-08,-0.0108505
5.155939e-08,-0.0223847
5.160939e-08,-0.0295249
5.165939e-08,-0.0197209
5.170939e-08,-0.0182928
5.175939e-08,-0.017057
5.180939e-08,2.45887e-05
5.185939e-08,0.00837315
5.190939e-08,-0.000250035
5.195939e-08,-0.00634669
5.200939e-08,-0.00324344
5.205939e-08,0.00537975
5.210939e-08,0.00966389
5.215939e-08,0.00944419
5.220939e-08,0.0105701
5.225939e-08,0.00675287
5.230939e-08,0.00395171
5.235939e-08,0.00840062
5.240939e-08,0.00727466
5.245939e-08,0.00191949
5.250939e-08,0.00568184
5.255939e-08,0.0117236
5.260939e-08,0.0134537
5.265939e-08,0.0169963
5.270939e-08,0.0122454
5.275939e-08,-0.00258434
5.280939e-08,-0.00571505
5.285939e-08,0.00326515
5.290939e-08,0.00875763
5.295939e-08,0.0101857
5.300939e-08,0.00782391
5.305939e-08,-0.000552121
5.310939e-08,-0.00230971
5.315939e-08,0.00584661
5.320939e-08,0.0074669
5.325939e-08,0.00760421
5.330939e-08,0.0133438
5.335939e-08,0.0110095
5.340939e-08,0.00642333
5.345939e-08,0.00771406
5.350939e-08,0.00299053
5.355939e-08,-0.00574251
5.360939e-08,-0.00766488
5.365939e-08,-0.00439686
5.370939e-08,-0.00307866
5.375939e-08,-0.00601714
5.380939e-08,-0.00813174
5.385939e-08,-0.00824159
5.390939e-08,-0.0125257
5.395939e-08,-0.0187871
5.400939e-08,-0.016343
5.405939e-08,-0.0134594
5.410939e-08,-0.0204074
5.415939e-08,-0.021808
5.420939e-08,-0.0113723
5.425939e-08,0.000738611
5.430939e-08,0.0102681
5.435939e-08,0.0161999
5.440939e-08,0.0224339
5.445939e-08,0.0294093
5.450939e-08,0.021253
5.455939e-08,0.00310038
5.460939e-08,0.000601299
5.465939e-08,0.00930688
5.470939e-08,0.0120531
5.475939e-08,0.00367709
5.480939e-08,-0.00999918
5.485939e-08,-0.0197483
5.490939e-08,-0.0285912
5.495939e-08,-0.0347153
5.500939e-08,-0.0315572
5.505939e-08,-0.0277124
5.510939e-08,-0.0226044
5.515939e-08,-0.0118666
5.520939e-08,-0.00851621
5.525939e-08,-0.0109054
5.530939e-08,-0.00576998
5.535939e-08,-0.000771821
5.540939e-08,-0.00596221
5.545939e-08,-0.0109329
5.550939e-08,-0.00799443
5.555939e-08,0.000409062
5.560939e-08,0.0135361
5.565939e-08,0.0189462
5.570939e-08,0.0138931
5.575939e-08,0.0123277
5.580939e-08,0.00941673
5.585939e-08,0.00307291
5.590939e-08,0.00167233
5.595939e-08,-0.00368283
5.600939e-08,-0.0140087
5.605939e-08,-0.0160134
5.610939e-08,-0.0121138
5.615939e-08,-0.00832398
5.620939e-08,-0.000414809
5.625939e-08,0.005929
5.630939e-08,-0.00357298
5.635939e-08,-0.0156015
5.640939e-08,-0.0132123
5.645939e-08,-0.0119215
5.650939e-08,-0.0133496
5.655939e-08,-0.00272165
5.660939e-08,0.0120257
5.665939e-08,0.0225437
5.670939e-08,0.0248231
5.675939e-08,0.0146071
5.680939e-08,0.00463827
5.685939e-08,-0.000222573
5.690939e-08,-0.0114272
5.695939e-08,-0.0223298
5.700939e-08,-0.019968
5.705939e-08,-0.0138165
5.710939e-08,-0.0142559
5.715939e-08,-0.0139538
5.720939e-08,-0.00799443
5.725939e-08,-0.000524659
5.730939e-08,0.00664302
5.735939e-08,0.0105152
5.740939e-08,0.00675287
5.745939e-08,0.000985772
5.750939e-08,0.000738611
5.755939e-08,0.00782391
5.760939e-08,0.0169689
5.765939e-08,0.0148817
5.770939e-08,0.00282575
5.775939e-08,-0.00178793
5.780939e-08,0.00606631
5.785939e-08,0.0108448
5.790939e-08,0.00653317
5.795939e-08,0.00428126
5.800939e-08,-0.00156823
5.805939e-08,-0.0165352
5.810939e-08,-0.0230713
5.815939e-08,-0.015986
5.820939e-08,-0.0121962
5.825939e-08,-0.0156839
5.830939e-08,-0.0146403
5.835939e-08,-0.0112075
5.840939e-08,-0.00802189
5.845939e-08,0.00310038
5.850939e-08,0.00812599
5.855939e-08,-0.00848875
5.860939e-08,-0.0233459
5.865939e-08,-0.017469
5.870939e-08,-0.0118117
5.875939e-08,-0.0179907
5.880939e-08,-0.0184576
5.885939e-08,-0.0139263
5.890939e-08,-0.0220277
5.895939e-08,-0.0302115
5.900939e-08,-0.0241423
5.905939e-08,-0.0182104
5.910939e-08,-0.0124433
5.915939e-08,-0.000854208
5.920939e-08,0.00894986
5.925939e-08,0.0145522
5.930939e-08,0.0131516
5.935939e-08,0.00639586
5.940939e-08,-0.00453417
5.945939e-08,-0.0168099
5.950939e-08,-0.0174964
5.955939e-08,-0.0145854
5.960939e-08,-0.015217
5.965939e-08,-0.00780219
5.970939e-08,-0.0023921
5.975939e-08,-0.00362791
5.980939e-08,-0.00121122
5.985939e-08,-0.000799283
5.990939e-08,-0.00568759
5.995939e-08,-0.0120314
6.000939e-08,-0.0159585
6.005939e-08,-0.0173042
6.010939e-08,-0.0161508
6.015939e-08,-0.0069234
6.020939e-08,0.00362216
6.025939e-08,0.0031553
6.030939e-08,-0.00299627
6.035939e-08,-0.00653892
6.040939e-08,-0.010109
6.045939e-08,-0.0114547
6.050939e-08,-0.012306
6.055939e-08,-0.0176337
6.060939e-08,-0.0209841
6.065939e-08,-0.0158212
6.070939e-08,-0.0062643
6.075939e-08,-0.00189778
6.080939e-08,-0.000744358
6.085939e-08,0.000436525
6.090939e-08,-0.00475387
6.095939e-08,-0.0117842
6.100939e-08,-0.00870845
6.105939e-08,-0.000579584
6.110939e-08,2.45887e-05
6.115939e-08,-0.00442432
6.120939e-08,-0.00288642
6.125939e-08,0.0057093
6.130939e-08,0.00938926
6.135939e-08,0.00754928
6.140939e-08,0.0111743
6.145939e-08,0.0132065
6.150939e-08,0.00274337
6.155939e-08,-0.0117842
6.160939e-08,-0.0157114
6.165939e-08,-0.00958725
6.170939e-08,-0.00623684
6.175939e-08,-0.0060446
6.180939e-08,-0.00640161
6.185939e-08,-0.00870845
6.190939e-08,-0.00607206
6.195939e-08,-0.00395746
6.200939e-08,-0.006484
6.205939e-08,-0.0060446
6.210939e-08,-0.00598967
6.215939e-08,-0.00390253
6.220939e-08,0.00213919
6.225939e-08,0.000326675
6.230939e-08,-0.00939501
6.235939e-08,-0.0126356
6.240939e-08,-0.00442432
6.245939e-08,0.0010407
6.250939e-08,-0.00609952
6.255939e-08,-0.0114547
6.260939e-08,-0.00497357
6.265939e-08,0.000573836
6.270939e-08,0.00260605
6.275939e-08,0.00288068
6.280939e-08,-0.00513834
6.285939e-08,-0.014146
6.290939e-08,-0.0212862
6.295939e-08,-0.0284814
6.300939e-08,-0.0340837
6.305939e-08,-0.0406197
6.310939e-08,-0.0375989
6.315939e-08,-0.0249387
6.320939e-08,-0.0176887
6.325939e-08,-0.00994426
6.330939e-08,0.00115055
6.335939e-08,0.00356724
6.340939e-08,-0.00211748
6.345939e-08,-0.00769234
6.350939e-08,-0.00942247
6.355939e-08,-0.00980695
6.360939e-08,-0.00846129
6.365939e-08,0.00095831
6.370939e-08,0.0106251
6.375939e-08,0.00999344
6.380939e-08,0.00516006
6.385939e-08,0.000299213
6.390939e-08,-0.00436939
6.395939e-08,-0.00662131
6.400939e-08,-0.0114272
6.405939e-08,-0.0171669
6.410939e-08,-0.0214235
6.415939e-08,-0.0290032
6.420939e-08,-0.0313924
6.425939e-08,-0.0278497
6.430939e-08,-0.0291679
6.435939e-08,-0.0351822
6.440939e-08,-0.0425146
6.445939e-08,-0.0445469
6.450939e-08,-0.0386699
6.455939e-08,-0.0327106
6.460939e-08,-0.0326557
6.465939e-08,-0.0330401
6.470939e-08,-0.0270533
6.475939e-08,-0.0252133
6.480939e-08,-0.0304312
6.485939e-08,-0.0264766
6.490939e-08,-0.0168099
6.495939e-08,-0.0134594
6.500939e-08,-0.00909292
6.505939e-08,-0.00703324
6.510939e-08,-0.0103562
6.515939e-08,-0.00412223
6.520939e-08,0.00304545
6.525939e-08,0.00472066
6.530939e-08,0.0125474
6.535939e-08,0.0155958
6.540939e-08,0.0115588
6.545939e-08,0.0089224
6.550939e-08,0.0029356
6.555939e-08,-0.00209002
6.560939e-08,-0.00818667
6.565939e-08,-0.0120589
6.570939e-08,-0.00403984
6.575939e-08,-0.00461655
6.580939e-08,-0.0176612
6.585939e-08,-0.0220002
6.590939e-08,-0.0232635
6.595939e-08,-0.0257351
6.600939e-08,-0.0196659
6.605939e-08,-0.0140636
6.610939e-08,-0.0124983
6.615939e-08,-0.00719802
6.620939e-08,-0.00489118
6.625939e-08,-0.0049461
6.630939e-08,0.000326675
6.635939e-08,0.00472066
6.640939e-08,0.00362216
6.645939e-08,-0.000552121
6.650939e-08,-0.00447924
6.655939e-08,-0.00689593
6.660939e-08,-0.00728041
6.665939e-08,-0.00618191
6.670939e-08,-0.00717056
6.675939e-08,-0.00868099
6.680939e-08,-0.00950486
6.685939e-08,-0.012718
6.690939e-08,-0.0182928
6.695939e-08,-0.014915
6.700939e-08,-0.00200763
6.705939e-08,0.00274337
6.710939e-08,-0.000744358
6.715939e-08,-0.00192524
6.720939e-08,-0.00121122
6.725939e-08,-0.00316105
6.730939e-08,-0.00491864
6.735939e-08,-0.00527565
6.740939e-08,-0.00876338
6.745939e-08,-0.00917531
6.750939e-08,-0.00299627
6.755939e-08,0.00167233
6.760939e-08,0.00532483
6.765939e-08,0.00787883
6.770939e-08,-0.00351806
6.775939e-08,-0.0168099
6.780939e-08,-0.011592
6.785939e-08,-0.00640161
6.790939e-08,-0.0188146
6.795939e-08,-0.0352371
6.800939e-08,-0.0365004
6.805939e-08,-0.0251035
6.810939e-08,-0.0168099
6.815939e-08,-0.0118666
6.820939e-08,-0.00579744
6.825939e-08,-0.00376522
6.830939e-08,-0.00868099
6.835939e-08,-0.0132397
6.840939e-08,-0.0131024
6.845939e-08,-0.00892815
6.850939e-08,0.000573836
6.855939e-08,0.00991105
6.860939e-08,0.0131241
6.865939e-08,0.00710988
6.870939e-08,-0.00593475
6.875939e-08,-0.0131848
6.880939e-08,-0.0100541
6.885939e-08,-0.00826905
6.890939e-08,-0.01486
6.895939e-08,-0.0221376
6.900939e-08,-0.0239226
6.905939e-08,-0.0257901
6.910939e-08,-0.0296073
6.915939e-08,-0.0252683
6.920939e-08,-0.0141185
6.925939e-08,-0.0096971
6.930939e-08,-0.00942247
6.935939e-08,-0.00165062
6.940939e-08,0.0042538
6.945939e-08,-0.00390253
6.950939e-08,-0.0126081
6.955939e-08,-0.012306
6.960939e-08,-0.00513834
6.965939e-08,0.00996597
6.970939e-08,0.020539
6.975939e-08,0.020182
6.980939e-08,0.0188912
6.985939e-08,0.0167217
6.990939e-08,0.0156507
6.995939e-08,0.00782391
7.000939e-08,-0.010466
7.005939e-08,-0.0168648
7.010939e-08,-0.0173591
7.015939e-08,-0.0224671
7.020939e-08,-0.0171394
7.025939e-08,-0.00752757
7.030939e-08,-0.00810428
7.035939e-08,-0.0143657
7.040939e-08,-0.0208743
7.045939e-08,-0.0233459
7.050939e-08,-0.0128827
7.055939e-08,-0.000359885
7.060939e-08,-0.00708817
7.065939e-08,-0.0192265
7.070939e-08,-0.0157663
7.075939e-08,-0.013789
7.080939e-08,-0.0177161
7.085939e-08,-0.0115096
7.090939e-08,-0.00483625
7.095939e-08,-5.77984e-05
7.100939e-08,0.00510513
7.105939e-08,0.00301799
7.110939e-08,0.000766073
7.115939e-08,-0.00544043
7.120939e-08,-0.0176337
7.125939e-08,-0.0210116
7.130939e-08,-0.0227967
7.135939e-08,-0.0307058
7.140939e-08,-0.0351547
7.145939e-08,-0.0353744
7.150939e-08,-0.0324909
7.155939e-08,-0.0281793
7.160939e-08,-0.022165
7.165939e-08,-0.00829651
7.170939e-08,0.00444603
7.175939e-08,0.00743943
7.180939e-08,0.00859285
7.185939e-08,0.0105976
7.190939e-08,0.0129044
7.195939e-08,0.0177378
7.200939e-08,0.0199348
7.205939e-08,0.0227085
7.210939e-08,0.0285855
7.215939e-08,0.0218572
7.220939e-08,0.00491289
7.225939e-08,-0.00719802
7.230939e-08,-0.0135418
7.235939e-08,-0.0124708
7.240939e-08,-0.00497357
7.245939e-08,0.00101323
7.250939e-08,0.00458335
7.255939e-08,0.00595646
7.260939e-08,-0.00162315
7.265939e-08,-0.0129651
7.270939e-08,-0.0180182
7.275939e-08,-0.0203525
7.280939e-08,-0.0230987
7.285939e-08,-0.0285638
7.290939e-08,-0.0299918
7.295939e-08,-0.0142009
7.300939e-08,0.00414395
7.305939e-08,0.00719227
7.310939e-08,0.00233143
7.315939e-08,-0.00728041
7.320939e-08,-0.019254
7.325939e-08,-0.0227417
7.330939e-08,-0.0196385
7.335939e-08,-0.0151072
7.340939e-08,-0.00395746
7.345939e-08,0.0117785
7.350939e-08,0.0181223
7.355939e-08,0.0149916
7.360939e-08,0.0109272
7.365939e-08,0.00757675
7.370939e-08,0.00952657
7.375939e-08,0.013591
7.380939e-08,0.00510513
7.385939e-08,-0.0122786
7.390939e-08,-0.0208194
7.395939e-08,-0.0233734
7.400939e-08,-0.0234283
7.405939e-08,-0.0235107
7.410939e-08,-0.0351547
7.415939e-08,-0.0441075
7.420939e-08,-0.0371869
7.425939e-08,-0.0274103
7.430939e-08,-0.0247739
7.435939e-08,-0.0270259
7.440939e-08,-0.0270259
7.445939e-08,-0.0257077
7.450939e-08,-0.0252133
7.455939e-08,-0.0222199
7.460939e-08,-0.0224396
7.465939e-08,-0.0271357
7.470939e-08,-0.0268886
7.475939e-08,-0.026202
7.480939e-08,-0.0281244
7.485939e-08,-0.0227143
7.490939e-08,-0.0157114
7.495939e-08,-0.0151896
7.500939e-08,-0.0143932
7.505939e-08,-0.0106034
7.510939e-08,-0.00664877
7.515939e-08,-0.0102189
7.520939e-08,-0.0204349
7.525939e-08,-0.02038
7.530939e-08,-0.0136791
7.535939e-08,-0.0159311
7.540939e-08,-0.0226319
7.545939e-08,-0.0251035
7.550939e-08,-0.022577
7.555939e-08,-0.0199131
7.560939e-08,-0.0182104
7.565939e-08,-0.0147776
7.570939e-08,-0.0178534
7.575939e-08,-0.0218904
7.580939e-08,-0.0154093
7.585939e-08,-0.0146953
7.590939e-08,-0.0215883
7.595939e-08,-0.0189245
7.600939e-08,-0.010878
7.605939e-08,-0.010466
7.610939e-08,-0.014503
7.615939e-08,-0.011235
7.620939e-08,-0.00799443
7.625939e-08,-0.0144756
7.630939e-08,-0.020737
7.635939e-08,-0.0240325
7.640939e-08,-0.0278772
7.645939e-08,-0.0249936
7.650939e-08,-0.016343
7.655939e-08,-0.0142284
7.660939e-08,-0.0120039
7.665939e-08,-0.00247449
7.670939e-08,-0.00593475
7.675939e-08,-0.0170845
7.680939e-08,-0.0119215
7.685939e-08,-0.006484
7.690939e-08,-0.0132672
7.695939e-08,-0.0160958
7.700939e-08,-0.0129651
7.705939e-08,-0.0140911
7.710939e-08,-0.0174964
7.715939e-08,-0.0176612
7.720939e-08,-0.0172493
7.725939e-08,-0.0159036
7.730939e-08,-0.00703324
7.735939e-08,0.00290814
7.740939e-08,0.00307291
7.745939e-08,0.00208427
7.750939e-08,0.00472066
7.755939e-08,0.00474812
7.760939e-08,0.0042538
7.765939e-08,0.00150756
7.770939e-08,-0.00697832
7.775939e-08,-0.0146678
7.780939e-08,-0.0149973
7.785939e-08,-0.00684101
7.790939e-08,0.0022765
7.795939e-08,0.000546374
7.800939e-08,-0.0129926
7.805939e-08,-0.0262569
7.810939e-08,-0.0330127
7.815939e-08,-0.038615
7.820939e-08,-0.0392466
7.825939e-08,-0.0303213
7.830939e-08,-0.0246366
7.835939e-08,-0.0304037
7.840939e-08,-0.0332873
7.845939e-08,-0.0194462
7.850939e-08,-0.00612699
7.855939e-08,-0.0159036
7.860939e-08,-0.0307882
7.865939e-08,-0.0299369
7.870939e-08,-0.027987
7.875939e-08,-0.0279047
7.880939e-08,-0.0251859
7.885939e-08,-0.0316121
7.890939e-08,-0.0338091
7.895939e-08,-0.0195286
7.900939e-08,-0.0102189
7.905939e-08,-0.00662131
7.910939e-08,0.00268844
7.915939e-08,0.00949911
7.920939e-08,0.0122179
7.925939e-08,0.0136185
7.930939e-08,0.0113116
7.935939e-08,0.00757675
7.940939e-08,0.00444603
7.945939e-08,-0.00104644
7.950939e-08,-0.00684101
7.955939e-08,-0.00785712
7.960939e-08,-0.00571505
7.965939e-08,-0.00291389
7.970939e-08,-0.00360045
7.975939e-08,-0.00612699
7.980939e-08,-0.00585236
7.985939e-08,-0.00675862
7.990939e-08,-0.00862606
7.995939e-08,-0.0110702
8.000939e-08,-0.0122236
8.005939e-08,-0.00725294
8.010939e-08,-0.00450671
8.015939e-08,-0.00607206
8.020939e-08,-0.00555028
8.025939e-08,-0.00502849
8.030939e-08,-0.00684101
8.035939e-08,-0.0126356
8.040939e-08,-0.0180457
8.045939e-08,-0.0154093
8.050939e-08,-0.00972456
8.055939e-08,-0.0107407
8.060939e-08,-0.0191716
8.065939e-08,-0.0236205
8.070939e-08,-0.0222474
8.075939e-08,-0.0249113
8.080939e-08,-0.0197758
8.085939e-08,-0.00447924
8.090939e-08,0.00340246
8.095939e-08,0.00878509
8.100939e-08,0.00884002
8.105939e-08,-0.000936595
8.110939e-08,-0.00620937
8.115939e-08,-0.0121412
8.120939e-08,-0.024719
8.125939e-08,-0.0322437
8.130939e-08,-0.0322437
8.135939e-08,-0.0291954
8.140939e-08,-0.019611
8.145939e-08,-0.00752757
8.150939e-08,-0.00673116
8.155939e-08,-0.0100816
8.160939e-08,-0.0113174
8.165939e-08,-0.0173866
8.170939e-08,-0.0133771
8.175939e-08,-0.00211748
8.180939e-08,-0.0099168
8.185939e-08,-0.0246366
8.190939e-08,-0.0265865
8.195939e-08,-0.0213137
8.200939e-08,-0.0168373
8.205939e-08,-0.0151072
8.210939e-08,-0.0131299
8.215939e-08,-0.0121412
8.220939e-08,-0.0115645
8.225939e-08,-0.00898307
8.230939e-08,-0.006484
8.235939e-08,-0.000387347
8.240939e-08,0.00620363
8.245939e-08,0.00257859
8.250939e-08,-0.00401238
8.255939e-08,-0.00412223
8.260939e-08,-0.00571505
8.265939e-08,-0.010878
8.270939e-08,-0.0101365
8.275939e-08,-0.00728041
8.280939e-08,-0.0108505
8.285939e-08,-0.00846129
8.290939e-08,0.000409062
8.295939e-08,-0.000359885
8.300939e-08,-0.00252941
8.305939e-08,-0.0021724
8.310939e-08,-0.0081592
8.315939e-08,-0.0171943
8.320939e-08,-0.0278497
8.325939e-08,-0.0369123
8.330939e-08,-0.0426245
8.335939e-08,-0.0383404
8.340939e-08,-0.017826
8.345939e-08,-0.00524819
8.350939e-08,-0.0140911
8.355939e-08,-0.0262295
8.360939e-08,-0.0309804
8.365939e-08,-0.0304587
8.370939e-08,-0.0287835
8.375939e-08,-0.025433
8.380939e-08,-0.0151346
8.385939e-08,-0.00620937
8.390939e-08,-0.0138988
8.395939e-08,-0.0265865
8.400939e-08,-0.0246092
8.405939e-08,-0.0173042
8.410939e-08,-0.0194737
8.415939e-08,-0.0257626
8.420939e-08,-0.0280969
8.425939e-08,-0.0273005
8.430939e-08,-0.0246092
8.435939e-08,-0.020023
8.440939e-08,-0.0144481
8.445939e-08,-0.0112075
8.450939e-08,-0.0143108
8.455939e-08,-0.0190068
8.460939e-08,-0.0244169
8.465939e-08,-0.0325458
8.470939e-08,-0.0318592
8.475939e-08,-0.0263942
8.480939e-08,-0.0288384
8.485939e-08,-0.0255154
8.490939e-08,-0.0178534
8.495939e-08,-0.0201603
8.500939e-08,-0.0184301
8.505939e-08,-0.0162881
8.510939e-08,-0.0195836
8.515939e-08,-0.00975202
8.520939e-08,0.00123293
8.525939e-08,0.00581915
8.530939e-08,0.0136185
8.535939e-08,0.0148817
8.540939e-08,0.00993851
8.545939e-08,-0.000854208
8.550939e-08,-0.0151896
8.555939e-08,-0.0176063
8.560939e-08,-0.0145579
8.565939e-08,-0.0138988
8.570939e-08,-0.00953232
8.575939e-08,-0.00500103
8.580939e-08,-0.00222733
8.585939e-08,-0.0015133
8.590939e-08,-0.00887322
8.595939e-08,-0.0181006
8.600939e-08,-0.0249936
8.605939e-08,-0.032024
8.610939e-08,-0.0344682
8.615939e-08,-0.0319691
8.620939e-08,-0.0236205
8.625939e-08,-0.0120863
8.630939e-08,-0.00480879
8.635939e-08,-0.00228225
8.640939e-08,-0.00285896
8.645939e-08,-0.00310612
8.650939e-08,0.000711148
8.655939e-08,0.00411648
8.660939e-08,-0.000771821
8.665939e-08,-0.00684101
8.670939e-08,-0.00840636
8.675939e-08,-0.0134045
8.680939e-08,-0.0160134
8.685939e-08,-0.00678608
8.690939e-08,0.0065881
8.695939e-08,0.0135086
8.700939e-08,0.0141403
8.705939e-08,0.0119982
8.710939e-08,0.00634094
8.715939e-08,0.00175472
8.720939e-08,0.00178218
8.725939e-08,0.000601299
8.730939e-08,-0.00233718
8.735939e-08,-0.00360045
8.740939e-08,-0.00362791
8.745939e-08,-0.001733
8.750939e-08,-0.00198017
8.755939e-08,-0.010878
8.760939e-08,-0.0209292
8.765939e-08,-0.0210116
8.770939e-08,-0.0145854
8.775939e-08,-0.00966963
8.780939e-08,-0.00656638
8.785939e-08,-0.00552281
8.790939e-08,-0.00865353
8.795939e-08,-0.00678608
8.800939e-08,-0.000359885
8.805939e-08,-0.00546789
8.810939e-08,-0.0147227
8.815939e-08,-0.012718
8.820939e-08,-0.00280404
8.825939e-08,0.0124101
8.830939e-08,0.0252076
8.835939e-08,0.0250703
8.840939e-08,0.0205939
8.845939e-08,0.0171886
8.850939e-08,0.0100758
8.855939e-08,0.000518912
8.860939e-08,-0.0118666
8.865939e-08,-0.0205722
8.870939e-08,-0.0146129
8.875939e-08,-0.00530311
8.880939e-08,-0.00689593
8.885939e-08,-0.0114272
8.890939e-08,-0.0125806
8.895939e-08,-0.0151896
8.900939e-08,-0.0169472
8.905939e-08,-0.011235
8.910939e-08,-0.00513834
8.915939e-08,-0.00780219
8.920939e-08,-0.0135418
8.925939e-08,-0.017826
8.930939e-08,-0.01854
8.935939e-08,-0.0148051
8.940939e-08,-0.0126356
8.945939e-08,-0.014915
8.950939e-08,-0.0180182
8.955939e-08,-0.0208743
8.960939e-08,-0.0253507
8.965939e-08,-0.029827
8.970939e-08,-0.0383678
8.975939e-08,-0.0461122
8.980939e-08,-0.0399057
8.985939e-08,-0.029113
8.990939e-08,-0.0262295
8.995939e-08,-0.0261471
9.000939e-08,-0.0223023
9.005939e-08,-0.0173591
9.010939e-08,-0.0127454
9.015939e-08,-0.0077198
9.020939e-08,-0.00403984
9.025939e-08,0.000354137
9.030939e-08,7.95135e-05
9.035939e-08,-0.00697832
9.040939e-08,-0.010109
9.045939e-08,-0.0118941
9.050939e-08,-0.0183752
9.055939e-08,-0.0205997
9.060939e-08,-0.0146678
9.065939e-08,-0.00862606
9.070939e-08,-0.00362791
9.075939e-08,0.00485797
9.080939e-08,0.00991105
9.085939e-08,0.00222158
9.090939e-08,-0.0139812
9.095939e-08,-0.0246916
9.100939e-08,-0.0256253
9.105939e-08,-0.0305685
9.110939e-08,-0.036061
9.115939e-08,-0.0276575
9.120939e-08,-0.0196385
9.125939e-08,-0.0197209
9.130939e-08,-0.0144206
9.135939e-08,-0.00019511
9.140939e-08,0.0172984
9.145939e-08,0.0255646
9.150939e-08,0.0148817
9.155939e-08,-0.00365537
9.160939e-08,-0.0107956
9.165939e-08,-0.00813174
9.170939e-08,-0.0135144
9.175939e-08,-0.023291
9.180939e-08,-0.0196659
9.185939e-08,-0.0121962
9.190939e-08,-0.0105484
9.195939e-08,-0.00609952
9.200939e-08,-0.00544043
9.205939e-08,-0.00766488
9.210939e-08,0.00255113
9.215939e-08,0.0123552
9.220939e-08,0.00634094
9.225939e-08,-0.00118376
9.230939e-08,0.00164487
9.235939e-08,0.00419887
9.240939e-08,-2.87366e-06
9.245939e-08,-0.001733
9.250939e-08,-0.000524659
9.255939e-08,-0.000854208
9.260939e-08,0.00084846
9.265939e-08,0.0014801
9.270939e-08,-0.0019527
9.275939e-08,-0.00244703
9.280939e-08,-0.00579744
9.285939e-08,-0.0184301
9.290939e-08,-0.0222199
9.295939e-08,-0.0147502
9.300939e-08,-0.0104386
9.305939e-08,-0.00799443
9.310939e-08,-0.00703324
9.315939e-08,-0.00299627
9.320939e-08,0.00782391
9.325939e-08,0.011037
9.330939e-08,0.00301799
9.335939e-08,-0.00453417
9.340939e-08,-0.00931262
9.345939e-08,-0.0166176
9.350939e-08,-0.022934
9.355939e-08,-0.0213961
9.360939e-08,-0.0128278
9.365939e-08,-0.0058249
9.370939e-08,-0.0147776
9.375939e-08,-0.0297721
9.380939e-08,-0.0255429
9.385939e-08,-0.0101365
9.390939e-08,-0.00651146
9.395939e-08,-0.0132947
9.400939e-08,-0.0133771
9.405939e-08,-0.00662131
9.410939e-08,-0.00637415
9.415939e-08,-0.0109604
9.420939e-08,-0.0149699
9.425939e-08,-0.0140636
9.430939e-08,-0.00445178
9.435939e-08,0.000299213
9.440939e-08,-0.00417716
9.445939e-08,-0.00623684
9.450939e-08,-0.00848875
9.455939e-08,-0.0143932
9.460939e-08,-0.015272
9.465939e-08,-0.0115371
9.470939e-08,-0.013075
9.475939e-08,-0.00892815
9.480939e-08,0.008483
9.485939e-08,0.0118609
9.490939e-08,0.00134278
9.495939e-08,0.000216825
9.500939e-08,-0.00266673
9.505939e-08,-0.0145854
9.510939e-08,-0.0220552
9.515939e-08,-0.0182104
9.520939e-08,-0.0109878
9.525939e-08,-0.0161508
9.530939e-08,-0.0306509
9.535939e-08,-0.0379559
9.540939e-08,-0.0377362
9.545939e-08,-0.0375165
9.550939e-08,-0.0344132
9.555939e-08,-0.025131
9.560939e-08,-0.0118666
9.565939e-08,-0.00143092
9.570939e-08,0.00167233
9.575939e-08,0.00268844
9.580939e-08,0.00134278
9.585939e-08,-0.0085986
9.590939e-08,-0.0243895
9.595939e-08,-0.0324909
9.600939e-08,-0.0288658
9.605939e-08,-0.0221925
9.610939e-08,-0.0162331
9.615939e-08,-0.0185949
9.620939e-08,-0.0244444
9.625939e-08,-0.0176887
9.630939e-08,-0.00752757
9.635939e-08,-0.00456163
9.640939e-08,-0.00110137
9.645939e-08,0.00142517
9.650939e-08,-0.00403984
9.655939e-08,-0.00983441
9.660939e-08,-0.0134594
9.665939e-08,-0.0168373
9.670939e-08,-0.012663
9.675939e-08,-0.00607206
9.680939e-08,-0.00461655
9.685939e-08,-0.00258434
9.690939e-08,0.000161901
9.695939e-08,-0.00357298
9.700939e-08,-0.0102189
9.705939e-08,-0.013075
9.710939e-08,-0.0171119
9.715939e-08,-0.026916
9.720939e-08,-0.0327655
9.725939e-08,-0.0283166
9.730939e-08,-0.0265315
9.735939e-08,-0.0311727
9.740939e-08,-0.0290855
9.745939e-08,-0.0190618
9.750939e-08,-0.0118666
9.755939e-08,-0.00681355
9.760939e-08,0.00274337
9.765939e-08,0.00505021
9.770939e-08,0.000711148
9.775939e-08,0.00117801
9.780939e-08,-0.00541296
9.785939e-08,-0.017414
9.790939e-08,-0.0253781
9.795939e-08,-0.0311727
9.800939e-08,-0.0340562
9.805939e-08,-0.0344682
9.810939e-08,-0.0268886
9.815939e-08,-0.0184576
9.820939e-08,-0.0220277
9.825939e-08,-0.0246641
9.830939e-08,-0.0201877
9.835939e-08,-0.0148051
9.840939e-08,-0.0109604
9.845939e-08,-0.0137615
9.850939e-08,-0.0199955
9.855939e-08,-0.0249113
9.860939e-08,-0.0254056
9.865939e-08,-0.0208743
9.870939e-08,-0.0209292
9.875939e-08,-0.0256527
9.880939e-08,-0.0246916
9.885939e-08,-0.0157114
9.890939e-08,-0.0102189
9.895939e-08,-0.0162057
9.900939e-08,-0.0160684
9.905939e-08,-0.00329836
9.910939e-08,0.000134438
9.915939e-08,-0.0051658
9.920939e-08,-0.00846129
9.925939e-08,-0.0150248
9.930939e-08,-0.0216982
9.935939e-08,-0.0217531
9.940939e-08,-0.0172767
9.945939e-08,-0.00961471
9.950939e-08,0.00474812
9.955939e-08,0.0191933
9.960939e-08,0.0241091
9.965939e-08,0.0228458
9.970939e-08,0.0150465
9.975939e-08,0.00356724
9.980939e-08,-0.00222733
9.985939e-08,-0.0100816
9.990939e-08,-0.0246641
9.995939e-08,-0.0374616
1.000094e-07,-0.0478424
1.000594e-07,-0.0508358
1.001094e-07,-0.0450961
1.001594e-07,-0.0404275
1.002094e-07,-0.0301291
1.002594e-07,-0.02038
1.003094e-07,-0.0267787
1.003594e-07,-0.0277124
1.004094e-07,-0.0160409
1.004594e-07,-0.0162057
1.005094e-07,-0.0253781
1.005594e-07,-0.0219728
1.006094e-07,-0.0124983
1.006594e-07,-0.0131574
1.007094e-07,-0.00865353
1.007594e-07,0.0054896
1.008094e-07,0.00601139
1.008594e-07,-0.00434193
1.009094e-07,-0.00623684
1.009594e-07,0.000656224
1.010094e-07,-0.0015133
1.010594e-07,-0.0170296
1.011094e-07,-0.0255704
1.011594e-07,-0.0251584
1.012094e-07,-0.024362
1.012594e-07,-0.0145305
1.013094e-07,-0.00766488
1.013594e-07,-0.0190892
1.014094e-07,-0.0228241
1.014594e-07,-0.010878
1.015094e-07,-0.00478133
1.015594e-07,0.000518912
1.016094e-07,0.00422633
1.016594e-07,-0.00728041
1.017094e-07,-0.0209292
1.017594e-07,-0.0237578
1.018094e-07,-0.0251035
1.018594e-07,-0.0268886
1.019094e-07,-0.0152994
1.019594e-07,0.0035947
1.020094e-07,0.012108
1.020594e-07,0.0180674
1.021094e-07,0.0264159
1.021594e-07,0.0233127
1.022094e-07,0.0124651
1.022594e-07,0.00823584
1.023094e-07,0.00595646
1.023594e-07,-3.03361e-05
1.024094e-07,-0.000250035
1.024594e-07,0.000326675
1.025094e-07,-0.00944993
1.025594e-07,-0.0167
1.026094e-07,-0.0144481
1.026594e-07,-0.0144481
1.027094e-07,-0.0188146
1.027594e-07,-0.0199955
1.028094e-07,-0.0160684
1.028594e-07,-0.00642907
1.029094e-07,0.00197442
1.029594e-07,-0.0019527
1.030094e-07,-0.00755503
1.030594e-07,-0.00524819
1.031094e-07,-0.00535804
1.031594e-07,-0.0117019
1.032094e-07,-0.0116195
1.032594e-07,-0.00423208
1.033094e-07,-0.00250195
1.033594e-07,-0.0030512
1.034094e-07,-0.000277498
1.034594e-07,0.000903385
1.035094e-07,-0.00148584
1.035594e-07,-0.000579584
1.036094e-07,0.00551707
1.036594e-07,0.00474812
1.037094e-07,-0.00167808
1.037594e-07,-0.00107391
1.038094e-07,0.00120547
1.038594e-07,-0.00642907
1.039094e-07,-0.0181555
1.039594e-07,-0.0238128
1.040094e-07,-0.0216707
1.040594e-07,-0.0120863
1.041094e-07,0.000875923
1.041594e-07,0.0101033
1.042094e-07,0.0176554
1.042594e-07,0.0258392
1.043094e-07,0.0195229
1.043594e-07,0.000820998
1.044094e-07,-0.00906546
1.044594e-07,-0.0120314
1.045094e-07,-0.0135968
1.045594e-07,-0.010109
1.046094e-07,-0.00511088
1.046594e-07,-0.00170554
1.047094e-07,-0.00338075
1.047594e-07,-0.011949
1.048094e-07,-0.0173591
1.048594e-07,-0.0158761
1.049094e-07,-0.0129102
1.049594e-07,-0.00898307
1.050094e-07,-0.0092577
1.050594e-07,-0.0153818
1.051094e-07,-0.0157663
1.051594e-07,-0.00458909
1.052094e-07,0.00782391
1.052594e-07,0.00763167
1.053094e-07,-0.000799283
1.053594e-07,-0.00656638
1.054094e-07,-0.0106857
1.054594e-07,-0.0124983
1.055094e-07,-0.00942247
1.055594e-07,-0.00373776
1.056094e-07,-0.00178793
1.056594e-07,-0.00706071
1.057094e-07,-0.00898307
1.057594e-07,-0.00717056
1.058094e-07,-0.00953232
1.058594e-07,-0.00744518
1.059094e-07,-0.00181539
1.059594e-07,-0.00019511
1.060094e-07,0.000628761
1.060594e-07,0.000436525
1.061094e-07,0.0003816
1.061594e-07,0.00414395
1.062094e-07,0.00266098
1.062594e-07,-0.0099168
1.063094e-07,-0.0194737
1.063594e-07,-0.0184027
1.064094e-07,-0.017057
1.064594e-07,-0.0176337
1.065094e-07,-0.0133221
1.065594e-07,-0.00755503
1.066094e-07,-0.00354552
1.066594e-07,0.00230397
1.067094e-07,0.0068078
1.067594e-07,0.00809853
1.068094e-07,0.00897733
1.068594e-07,0.0101033
1.069094e-07,0.00831823
1.069594e-07,-0.000167648
1.070094e-07,-0.00288642
1.070594e-07,0.00329261
1.071094e-07,0.00386932
1.071594e-07,0.00139771
1.072094e-07,-0.00285896
1.072594e-07,-0.0115645
1.073094e-07,-0.0157663
1.073594e-07,-0.0165078
1.074094e-07,-0.0195561
1.074594e-07,-0.0243895
1.075094e-07,-0.0277399
1.075594e-07,-0.0238952
1.076094e-07,-0.0174964
1.076594e-07,-0.0144481
1.077094e-07,-0.0127454
1.077594e-07,-0.0136242
1.078094e-07,-0.0149973
1.078594e-07,-0.0121138
1.079094e-07,-0.00675862
1.079594e-07,-0.00483625
1.080094e-07,-0.00774727
1.080594e-07,-0.0108505
1.081094e-07,-0.0148326
1.081594e-07,-0.0160958
1.082094e-07,-0.0103013
1.082594e-07,-0.00955978
1.083094e-07,-0.0103837
1.083594e-07,-0.00489118
1.084094e-07,-0.00659385
1.084594e-07,-0.0112625
1.085094e-07,-0.011592
1.085594e-07,-0.0168922
1.086094e-07,-0.0173042
1.086594e-07,-0.00829651
1.087094e-07,-0.00244703
1.087594e-07,0.00458335
1.088094e-07,0.0140304
1.088594e-07,0.0163922
1.089094e-07,0.0141128
1.089594e-07,0.0123827
1.090094e-07,0.00823584
1.090594e-07,0.00238635
1.091094e-07,-0.00412223
1.091594e-07,-0.0141185
1.092094e-07,-0.0222749
1.092594e-07,-0.025845
1.093094e-07,-0.0279321
1.093594e-07,-0.0278772
1.094094e-07,-0.019611
1.094594e-07,-0.00634669
1.095094e-07,-0.00620937
1.095594e-07,-0.0135693
1.096094e-07,-0.0135693
1.096594e-07,-0.0146953
1.097094e-07,-0.0205997
1.097594e-07,-0.02763
1.098094e-07,-0.0311178
1.098594e-07,-0.024719
1.099094e-07,-0.0170296
1.099594e-07,-0.0160684
1.100094e-07,-0.0135693
1.100594e-07,-0.00972456
1.101094e-07,-0.0121962
1.101594e-07,-0.012718
1.102094e-07,-0.00631922
1.102594e-07,-0.000909132
1.103094e-07,0.00433618
1.103594e-07,0.0112842
1.104094e-07,0.0187814
1.104594e-07,0.0225987
1.105094e-07,0.0171886
1.105594e-07,0.00708242
1.106094e-07,-0.0015133
1.106594e-07,-0.00302374
1.107094e-07,-0.00541296
1.107594e-07,-0.0140636
1.108094e-07,-0.0146953
1.108594e-07,-0.0140087
1.109094e-07,-0.0203525
1.109594e-07,-0.0226593
1.110094e-07,-0.0238128
1.110594e-07,-0.0283166
1.111094e-07,-0.0302664
1.111594e-07,-0.0268611
1.112094e-07,-0.0206821
1.112594e-07,-0.0211764
1.113094e-07,-0.0260098
1.113594e-07,-0.021451
1.114094e-07,-0.0156015
1.114594e-07,-0.0190618
1.115094e-07,-0.0154917
1.115594e-07,0.000711148
1.116094e-07,0.00905971
1.116594e-07,0.00683526
1.117094e-07,0.0105427
1.117594e-07,0.0152388
1.118094e-07,0.00831823
1.118594e-07,-0.000826745
1.119094e-07,-0.00552281
1.119594e-07,-0.0133771
1.120094e-07,-0.0193639
1.120594e-07,-0.0170845
1.121094e-07,-0.0140911
1.121594e-07,-0.00686847
1.122094e-07,0.00246874
1.122594e-07,0.00194696
1.123094e-07,0.00277083
1.123594e-07,0.00609378
1.124094e-07,0.000793536
1.124594e-07,-0.00170554
1.125094e-07,0.0029356
1.125594e-07,0.00279829
1.126094e-07,-0.00739026
1.126594e-07,-0.0205173
1.127094e-07,-0.0267238
1.127594e-07,-0.0285638
1.128094e-07,-0.0267787
1.128594e-07,-0.0222474
1.129094e-07,-0.0230438
1.129594e-07,-0.0251035
1.130094e-07,-0.0179907
1.130594e-07,-0.00711563
1.131094e-07,-0.0067037
1.131594e-07,-0.00997172
1.132094e-07,-0.00964217
1.132594e-07,-0.0176063
1.133094e-07,-0.0203525
1.133594e-07,-0.0026118
1.134094e-07,0.00823584
1.134594e-07,0.00364962
1.135094e-07,0.00480304
1.135594e-07,0.0101857
1.136094e-07,0.00988359
1.136594e-07,0.00779644
1.137094e-07,0.0133438
1.137594e-07,0.0235599
1.138094e-07,0.0217748
1.138594e-07,0.0104603
1.139094e-07,0.00683526
1.139594e-07,0.00727466
1.140094e-07,0.00455588
1.140594e-07,0.00318276
1.141094e-07,0.0010407
1.141594e-07,-0.0067037
1.142094e-07,-0.0147776
1.142594e-07,-0.0190892
1.143094e-07,-0.0239501
1.143594e-07,-0.0249662
1.144094e-07,-0.0165078
1.144594e-07,-0.0107956
1.145094e-07,-0.0144756
1.145594e-07,-0.0152994
1.146094e-07,-0.0124433
1.146594e-07,-0.0131574
1.147094e-07,-0.0183203
1.147594e-07,-0.0296623
1.148094e-07,-0.0366102
1.148594e-07,-0.0311452
1.149094e-07,-0.0282342
1.149594e-07,-0.0255429
1.150094e-07,-0.00928516
1.150594e-07,0.00213919
1.151094e-07,-0.000826745
1.151594e-07,-0.00332582
1.152094e-07,-0.00258434
1.152594e-07,-0.00511088
1.153094e-07,-0.0134594
1.153594e-07,-0.0207919
1.154094e-07,-0.0239775
1.154594e-07,-0.0268611
1.155094e-07,-0.0256253
1.155594e-07,-0.0233459
1.156094e-07,-0.0225495
1.156594e-07,-0.0182928
1.157094e-07,-0.0198033
1.157594e-07,-0.028399
1.158094e-07,-0.0295524
1.158594e-07,-0.0198856
1.159094e-07,-0.00854368
1.159594e-07,-0.000826745
1.160094e-07,0.00263352
1.160594e-07,-0.000387347
1.161094e-07,-0.00132107
1.161594e-07,0.0068078
1.162094e-07,0.0115313
1.162594e-07,0.00705496
1.163094e-07,0.00667049
1.163594e-07,0.0129594
1.164094e-07,0.0158704
1.164594e-07,0.0187265
1.165094e-07,0.0183145
1.165594e-07,0.00477558
1.166094e-07,-0.00522073
1.166594e-07,-0.00675862
1.167094e-07,-0.017469
1.167594e-07,-0.0234283
1.168094e-07,-0.0107956
1.168594e-07,0.00101323
1.169094e-07,0.0109821
1.169594e-07,0.022324
1.170094e-07,0.0168865
1.170594e-07,0.00694511
1.171094e-07,0.00938926
1.171594e-07,0.0113391
1.172094e-07,0.00955404
1.172594e-07,0.00244128
1.173094e-07,-0.00555028
1.173594e-07,-0.00486372
1.174094e-07,-0.00233718
1.174594e-07,0.000409062
1.175094e-07,-0.00209002
1.175594e-07,-0.0154367
1.176094e-07,-0.0225495
1.176594e-07,-0.0157937
1.177094e-07,-0.0123609
1.177594e-07,-0.0160958
1.178094e-07,-0.0130475
1.178594e-07,-0.00975202
1.179094e-07,-0.0114822
1.179594e-07,-0.00447924
1.180094e-07,0.00444603
1.180594e-07,0.00183711
1.181094e-07,-0.00343567
1.181594e-07,0.00095831
1.182094e-07,0.00785137
1.182594e-07,0.00189203
1.183094e-07,-0.0109054
1.183594e-07,-0.0182654
1.184094e-07,-0.0217805
1.184594e-07,-0.0230987
1.185094e-07,-0.0210116
1.185594e-07,-0.0223298
1.186094e-07,-0.025131
1.186594e-07,-0.0176887
1.187094e-07,-0.0115096
1.187594e-07,-0.0150248
1.188094e-07,-0.0181006
1.188594e-07,-0.02038
1.189094e-07,-0.0222474
1.189594e-07,-0.0202427
1.190094e-07,-0.0154642
1.190594e-07,-0.011235
1.191094e-07,-0.00983441
1.191594e-07,-0.0104386
1.192094e-07,-0.00879084
1.192594e-07,-0.00777473
1.193094e-07,-0.0133771
1.193594e-07,-0.0163155
1.194094e-07,-0.01302
1.194594e-07,-0.014146
1.195094e-07,-0.0186498
1.195594e-07,-0.0182928
1.196094e-07,-0.0106034
1.196594e-07,-0.0019527
1.197094e-07,-0.00101898
1.197594e-07,-0.00294135
1.198094e-07,0.00326515
1.198594e-07,0.0141952
1.199094e-07,0.0218846
1.199594e-07,0.0251527
1.200094e-07,0.0176554
1.200594e-07,0.00488543
1.201094e-07,0.00164487
1.201594e-07,-0.00228225
1.202094e-07,-0.0113174
1.202594e-07,-0.0115371
1.203094e-07,-0.00681355
1.203594e-07,-0.00447924
1.204094e-07,-0.00390253
1.204594e-07,-0.0028315
1.205094e-07,-0.0053855
1.205594e-07,-0.017469
1.206094e-07,-0.0232361
1.206594e-07,-0.014503
1.207094e-07,-0.0079395
1.207594e-07,-0.00612699
1.208094e-07,0.000161901
1.208594e-07,0.00598393
1.209094e-07,0.0029356
1.209594e-07,-0.00250195
1.210094e-07,-0.00456163
1.210594e-07,-0.0117019
1.211094e-07,-0.0194188
1.211594e-07,-0.0184576
1.212094e-07,-0.0200504
1.212594e-07,-0.0277948
1.213094e-07,-0.0322437
1.213594e-07,-0.0279047
1.214094e-07,-0.0165352
1.214594e-07,-0.00774727
1.215094e-07,-0.00189778
1.215594e-07,0.00095831
1.216094e-07,-0.0058249
1.216594e-07,-0.0102463
1.217094e-07,-0.00447924
1.217594e-07,0.000436525
1.218094e-07,-0.000387347
1.218594e-07,-0.00467148
1.219094e-07,-0.0069234
1.219594e-07,-0.00942247
1.220094e-07,-0.0146953
1.220594e-07,-0.0156839
1.221094e-07,-0.0123609
1.221594e-07,-0.00420462
1.222094e-07,0.00189203
1.222594e-07,-0.00346313
1.223094e-07,-0.0119215
1.223594e-07,-0.015272
1.224094e-07,-0.00857114
1.224594e-07,0.00483051
1.225094e-07,0.00991105
1.225594e-07,0.00310038
1.226094e-07,-0.00211748
1.226594e-07,0.000656224
1.227094e-07,0.00172726
1.227594e-07,0.00205681
1.228094e-07,0.00342992
1.228594e-07,-0.00088167
1.229094e-07,-0.00478133
1.229594e-07,-0.0102463
1.230094e-07,-0.022522
1.230594e-07,-0.0242522
1.231094e-07,-0.0132672
1.231594e-07,-0.0102189
1.232094e-07,-0.0129926
1.232594e-07,-0.00766488
1.233094e-07,-0.00250195
1.233594e-07,-0.00088167
1.234094e-07,0.00433618
1.234594e-07,0.00194696
1.235094e-07,-0.00541296
1.235594e-07,-0.0015133
1.236094e-07,-0.00362791
1.236594e-07,-0.0187871
1.237094e-07,-0.019968
1.237594e-07,-0.00777473
1.238094e-07,-0.00230971
1.238594e-07,-0.0034906
1.239094e-07,-0.00425954
1.239594e-07,-0.000744358
1.240094e-07,0.00491289
1.240594e-07,0.0042538
1.241094e-07,-0.00387507
1.241594e-07,-0.00939501
1.242094e-07,-0.0083789
1.242594e-07,-0.00598967
1.243094e-07,-0.00258434
1.243594e-07,-0.00233718
1.244094e-07,-0.00502849
1.244594e-07,-0.00362791
1.245094e-07,-0.0115371
1.245594e-07,-0.0258175
1.246094e-07,-0.0218629
1.246594e-07,-0.0128553
1.247094e-07,-0.0153269
1.247594e-07,-0.0161782
1.248094e-07,-0.014503
1.248594e-07,-0.0149424
1.249094e-07,-0.0128553
1.249594e-07,-0.012663
1.250094e-07,-0.0160409
1.250594e-07,-0.0183752
1.251094e-07,-0.0187871
1.251594e-07,-0.0129377
1.252094e-07,-0.00198017
1.252594e-07,0.0070275
1.253094e-07,0.0131241
1.253594e-07,0.0171337
1.254094e-07,0.0224614
1.254594e-07,0.0238894
1.255094e-07,0.0109272
1.255594e-07,-0.00717056
1.256094e-07,-0.0201877
1.256594e-07,-0.0284539
1.257094e-07,-0.0313649
1.257594e-07,-0.0319691
1.258094e-07,-0.0282342
1.258594e-07,-0.0132947
1.259094e-07,0.00483051
1.259594e-07,0.0137558
1.260094e-07,0.015074
1.260594e-07,0.013234
1.261094e-07,0.00757675
1.261594e-07,0.0024962
1.262094e-07,0.00211173
1.262594e-07,0.00191949
1.263094e-07,-0.000854208
1.263594e-07,-0.00450671
1.264094e-07,-0.00777473
1.264594e-07,-0.0118941
1.265094e-07,-0.0186498
1.265594e-07,-0.0215334
1.266094e-07,-0.0146953
1.266594e-07,-0.00623684
1.267094e-07,-0.00519326
1.267594e-07,-0.0056052
1.268094e-07,0.00158994
1.268594e-07,0.00568184
1.269094e-07,-0.00162315
1.269594e-07,-0.00689593
1.270094e-07,-0.0034906
1.270594e-07,0.00373201
1.271094e-07,0.0115588
1.271594e-07,0.0146895
1.272094e-07,0.00653317
1.272594e-07,-0.0109878
1.273094e-07,-0.0242247
1.273594e-07,-0.0241423
1.274094e-07,-0.0199406
1.274594e-07,-0.0180182
1.275094e-07,-0.00870845
1.275594e-07,0.00529737
1.276094e-07,0.0108173
1.276594e-07,0.00601139
1.277094e-07,-0.00840636
1.277594e-07,-0.0195836
1.278094e-07,-0.0156015
1.278594e-07,-0.0154367
1.279094e-07,-0.0232635
1.279594e-07,-0.0199955
1.280094e-07,-0.0113174
1.280594e-07,-0.00879084
1.281094e-07,-0.00439686
1.281594e-07,0.00672541
1.282094e-07,0.0133164
1.282594e-07,0.00834569
1.283094e-07,0.000573836
1.283594e-07,-0.00296881
1.284094e-07,-0.00255688
1.284594e-07,0.00175472
1.285094e-07,0.0057093
1.285594e-07,0.0068078
1.286094e-07,0.00785137
1.286594e-07,0.0089224
1.287094e-07,0.00727466
1.287594e-07,0.00115055
1.288094e-07,-0.00211748
1.288594e-07,-0.000140186
1.289094e-07,0.000354137
1.289594e-07,-0.000744358
1.290094e-07,-0.00307866
1.290594e-07,-0.00799443
1.291094e-07,-0.0168099
1.291594e-07,-0.0273005
1.292094e-07,-0.0316945
1.292594e-07,-0.0265865
1.293094e-07,-0.0179633
1.293594e-07,-0.0131848
1.294094e-07,-0.011235
1.294594e-07,-0.00934009
1.295094e-07,-0.00513834
1.295594e-07,0.00120547
1.296094e-07,0.00145263
1.296594e-07,-0.00382015
1.297094e-07,-0.00184285
1.297594e-07,0.00845554
1.298094e-07,0.0106251
1.298594e-07,0.00134278
1.299094e-07,-0.00489118
1.299594e-07,-0.00868099
1.300094e-07,-0.0152994
1.300594e-07,-0.0179084
1.301094e-07,-0.0125257
1.301594e-07,-0.00214494
1.302094e-07,0.00263352
1.302594e-07,-0.000250035
1.303094e-07,0.00164487
1.303594e-07,0.00516006
1.304094e-07,0.00134278
1.304594e-07,-0.00299627
1.305094e-07,-0.00140346
1.305594e-07,0.00480304
1.306094e-07,0.00595646
1.306594e-07,-0.00115629
1.307094e-07,-0.00511088
1.307594e-07,-0.00420462
1.308094e-07,-0.00442432
1.308594e-07,-0.00428701
1.309094e-07,-0.00228225
1.309594e-07,-0.00236464
1.310094e-07,-0.00431447
1.310594e-07,-0.00620937
1.311094e-07,-0.0135693
1.311594e-07,-0.0191991
1.312094e-07,-0.0107956
1.312594e-07,-0.00840636
1.313094e-07,-0.0274103
1.313594e-07,-0.0369123
1.314094e-07,-0.0230164
1.314594e-07,-0.0174964
1.315094e-07,-0.0254056
1.315594e-07,-0.0193913
1.316094e-07,-0.00519326
1.316594e-07,-0.00376522
1.317094e-07,-0.00755503
1.317594e-07,-0.00714309
1.318094e-07,-0.00774727
1.318594e-07,-0.0116469
1.319094e-07,-0.0155191
1.319594e-07,-0.0195012
1.320094e-07,-0.0192815
1.320594e-07,-0.00936755
1.321094e-07,-0.00209002
1.321594e-07,-0.00332582
1.322094e-07,-0.00357298
1.322594e-07,0.0003816
1.323094e-07,0.00364962
1.323594e-07,-0.00156823
1.324094e-07,-0.0083789
1.324594e-07,-0.00747264
1.325094e-07,-0.00502849
1.325594e-07,-0.00420462
1.326094e-07,-0.00299627
1.326594e-07,-0.00318851
1.327094e-07,-0.00346313
1.327594e-07,-0.00211748
1.328094e-07,-0.00291389
1.328594e-07,-0.00467148
1.329094e-07,-0.00714309
1.329594e-07,-0.00931262
1.330094e-07,-0.00412223
1.330594e-07,0.00233143
1.331094e-07,-0.000716896
1.331594e-07,-0.0117019
1.332094e-07,-0.0220277
1.332594e-07,-0.0248014
1.333094e-07,-0.025845
1.333594e-07,-0.0247739
1.334094e-07,-0.0109604
1.334594e-07,-0.00219986
1.335094e-07,-0.0107681
1.335594e-07,-0.0173866
1.336094e-07,-0.0179907
1.336594e-07,-0.0175239
1.337094e-07,-0.0151072
1.337594e-07,-0.0183203
1.338094e-07,-0.0271906
1.338594e-07,-0.0251584
1.339094e-07,-0.0111251
1.339594e-07,-0.00596221
1.340094e-07,-0.0169472
1.340594e-07,-0.0307607
1.341094e-07,-0.0370496
1.341594e-07,-0.0347703
1.342094e-07,-0.0265315
1.342594e-07,-0.0187322
1.343094e-07,-0.0118941
1.343594e-07,-0.00563266
1.344094e-07,-0.00697832
1.344594e-07,-0.00988933
1.345094e-07,-0.00733533
1.345594e-07,-0.00434193
1.346094e-07,-0.000771821
1.346594e-07,-0.00129361
1.347094e-07,-0.00939501
1.347594e-07,-0.00796697
1.348094e-07,0.00894986
1.348594e-07,0.0134262
1.349094e-07,-0.0049461
1.349594e-07,-0.0172218
1.350094e-07,-0.0136242
1.350594e-07,-0.0114272
1.351094e-07,-0.0186498
1.351594e-07,-0.0315022
1.352094e-07,-0.0376813
1.352594e-07,-0.0356765
1.353094e-07,-0.0385051
1.353594e-07,-0.042295
1.354094e-07,-0.0357314
1.354594e-07,-0.0243071
1.355094e-07,-0.0239501
1.355594e-07,-0.0307058
1.356094e-07,-0.0291405
1.356594e-07,-0.0287011
1.357094e-07,-0.0300467
1.357594e-07,-0.0185125
1.358094e-07,-0.00483625
1.358594e-07,-0.00387507
1.359094e-07,-0.00596221
1.359594e-07,-0.0023921
1.360094e-07,0.000930848
1.360594e-07,0.000683686
1.361094e-07,-0.00480879
1.361594e-07,-0.0106308
1.362094e-07,-0.00755503
1.362594e-07,-0.00313359
1.363094e-07,-0.00678608
1.363594e-07,-0.0103562
1.364094e-07,-0.0079395
1.364594e-07,-0.0056052
1.365094e-07,-0.00401238
1.365594e-07,-0.00203509
1.366094e-07,-0.00414969
1.366594e-07,-0.00637415
1.367094e-07,-0.000140186
1.367594e-07,0.0103779
1.368094e-07,0.0126298
1.368594e-07,0.00716481
1.369094e-07,0.00466573
1.369594e-07,0.00180964
1.370094e-07,-0.00467148
1.370594e-07,-0.00285896
1.371094e-07,0.00202934
1.371594e-07,-0.00332582
1.372094e-07,-0.00788458
1.372594e-07,-0.00821413
1.373094e-07,-0.0106034
1.373594e-07,-0.00736279
1.374094e-07,0.000903385
1.374594e-07,0.00466573
1.375094e-07,0.00815346
1.375594e-07,0.0118334
1.376094e-07,0.00488543
1.376594e-07,-0.00112883
1.377094e-07,0.00274337
1.377594e-07,0.000409062
1.378094e-07,-0.0053855
1.378594e-07,-0.00436939
1.379094e-07,-0.00717056
1.379594e-07,-0.0131574
1.380094e-07,-0.00914785
1.380594e-07,-0.00192524
1.381094e-07,-0.000524659
1.381594e-07,-0.000771821
1.382094e-07,-0.00288642
1.382594e-07,-0.00360045
1.383094e-07,-0.0056052
1.383594e-07,-0.0119215
1.384094e-07,-0.00950486
1.384594e-07,-0.00505595
1.385094e-07,-0.00791204
1.385594e-07,-0.00662131
1.386094e-07,-0.00412223
1.386594e-07,-0.00524819
1.387094e-07,-0.000387347
1.387594e-07,0.00224904
1.388094e-07,-0.00887322
1.388594e-07,-0.0197758
1.389094e-07,-0.0233734
1.389594e-07,-0.0266689
1.390094e-07,-0.0268336
1.390594e-07,-0.0236755
1.391094e-07,-0.0215608
1.391594e-07,-0.0179633
1.392094e-07,-0.0113448
1.392594e-07,-0.00200763
1.393094e-07,0.00211173
1.393594e-07,-0.00634669
1.394094e-07,-0.0179633
1.394594e-07,-0.0251859
1.395094e-07,-0.0313375
1.395594e-07,-0.0318318
1.396094e-07,-0.0199955
1.396594e-07,-0.00664877
1.397094e-07,-0.00354552
1.397594e-07,-0.00541296
1.398094e-07,-0.00425954
1.398594e-07,-0.00439686
1.399094e-07,-0.00939501
1.399594e-07,-0.00986187
1.400094e-07,-0.0088183
1.400594e-07,-0.0187871
1.401094e-07,-0.0296623
1.401594e-07,-0.0270259
1.402094e-07,-0.0143382
1.402594e-07,-0.00563266
1.403094e-07,-0.0107681
1.403594e-07,-0.019611
1.404094e-07,-0.0197758
1.404594e-07,-0.0128003
1.405094e-07,-0.00505595
1.405594e-07,-0.0103287
1.406094e-07,-0.0270259
1.406594e-07,-0.0339189
1.407094e-07,-0.0315022
1.407594e-07,-0.0280969
1.408094e-07,-0.0261196
1.408594e-07,-0.0355117
1.409094e-07,-0.0479522
1.409594e-07,-0.0432012
1.410094e-07,-0.0305685
1.410594e-07,-0.0312551
1.411094e-07,-0.0353195
1.411594e-07,-0.0251584
1.412094e-07,-0.0129926
1.412594e-07,-0.00862606
1.413094e-07,-8.52608e-05
1.413594e-07,0.00829077
1.414094e-07,0.00779644
1.414594e-07,0.0101307
1.415094e-07,0.00922449
1.415594e-07,-0.00241956
1.416094e-07,-0.00870845
1.416594e-07,-0.0101365
1.417094e-07,-0.017414
1.417594e-07,-0.0268336
1.418094e-07,-0.029827
1.418594e-07,-0.0304037
1.419094e-07,-0.037544
1.419594e-07,-0.040455
1.420094e-07,-0.0339189
1.420594e-07,-0.0319416
1.421094e-07,-0.032436
1.421594e-07,-0.0252683
1.422094e-07,-0.0170296
1.422594e-07,-0.00848875
1.423094e-07,0.0044735
1.423594e-07,0.00916956
1.424094e-07,0.00540722
1.424594e-07,0.00340246
1.425094e-07,-0.00263926
1.425594e-07,-0.011592
1.426094e-07,-0.0151346
1.426594e-07,-0.0129926
1.427094e-07,-0.00796697
1.427594e-07,-0.00708817
1.428094e-07,-0.0109329
1.428594e-07,-0.0107956
1.429094e-07,-0.00796697
1.429594e-07,-0.00802189
1.430094e-07,-0.0085986
1.430594e-07,-0.00544043
1.431094e-07,0.00150756
1.431594e-07,0.0024962
1.432094e-07,-0.00442432
1.432594e-07,-0.00612699
1.433094e-07,-0.00552281
1.433594e-07,-0.0156839
1.434094e-07,-0.0248563
1.434594e-07,-0.0191716
1.435094e-07,-0.0177161
1.435594e-07,-0.0280694
1.436094e-07,-0.0246916
1.436594e-07,-0.0138439
1.437094e-07,-0.0195286
1.437594e-07,-0.024362
1.438094e-07,-0.0170021
1.438594e-07,-0.0160958
1.439094e-07,-0.019254
1.439594e-07,-0.0131024
1.440094e-07,-0.00711563
1.440594e-07,-0.0116469
1.441094e-07,-0.0230164
1.441594e-07,-0.0325733
1.442094e-07,-0.0307058
1.442594e-07,-0.0216158
1.443094e-07,-0.0194737
1.443594e-07,-0.0304312
1.444094e-07,-0.0427069
1.444594e-07,-0.0405648
1.445094e-07,-0.0342485
1.445594e-07,-0.0317219
1.446094e-07,-0.0249936
1.446594e-07,-0.0193364
1.447094e-07,-0.0222749
1.447594e-07,-0.0278772
1.448094e-07,-0.0262295
1.448594e-07,-0.0230164
1.449094e-07,-0.0271632
1.449594e-07,-0.0308706
1.450094e-07,-0.028042
1.450594e-07,-0.0249662
1.451094e-07,-0.032436
1.451594e-07,-0.040098
1.452094e-07,-0.0282891
1.452594e-07,-0.0143382
1.453094e-07,-0.0147502
1.453594e-07,-0.015272
1.454094e-07,-0.012663
1.454594e-07,-0.0137341
1.455094e-07,-0.015986
1.455594e-07,-0.0135144
1.456094e-07,-0.00467148
1.456594e-07,0.00128786
1.457094e-07,-0.00409477
1.457594e-07,-0.00832398
1.458094e-07,0.00444603
1.458594e-07,0.0185342
1.459094e-07,0.0143325
1.459594e-07,0.00518752
1.460094e-07,0.00353977
1.460594e-07,0.00279829
1.461094e-07,-0.00187032
1.461594e-07,-0.0124159
1.462094e-07,-0.0197209
1.462594e-07,-0.0138439
1.463094e-07,-0.00612699
1.463594e-07,-0.00618191
1.464094e-07,-0.00999918
1.464594e-07,-0.0113174
1.465094e-07,-0.00587982
1.465594e-07,-0.00365537
1.466094e-07,-0.0140911
1.466594e-07,-0.0191716
1.467094e-07,-0.0096971
1.467594e-07,-0.00302374
1.468094e-07,-0.00255688
1.468594e-07,-0.00272165
1.469094e-07,-0.00209002
1.469594e-07,-0.000140186
1.470094e-07,-0.00434193
1.470594e-07,-0.0120863
1.471094e-07,-0.0134869
1.471594e-07,-0.0124433
1.472094e-07,-0.0111526
1.472594e-07,-0.0081592
1.473094e-07,-0.0104386
1.473594e-07,-0.0188695
1.474094e-07,-0.0224671
1.474594e-07,-0.0215059
1.475094e-07,-0.0272456
1.475594e-07,-0.0344132
1.476094e-07,-0.0357864
1.476594e-07,-0.0310903
1.477094e-07,-0.01854
1.477594e-07,-0.014146
1.478094e-07,-0.0209567
1.478594e-07,-0.01854
1.479094e-07,-0.0150248
1.479594e-07,-0.0182928
1.480094e-07,-0.0157388
1.480594e-07,-0.0128003
1.481094e-07,-0.0164803
1.481594e-07,-0.0196659
1.482094e-07,-0.0161782
1.482594e-07,-0.0104935
1.483094e-07,-0.00846129
1.483594e-07,-0.00170554
1.484094e-07,0.00952657
1.484594e-07,0.00881255
1.485094e-07,-0.0034906
1.485594e-07,-0.00961471
1.486094e-07,-0.00563266
1.486594e-07,0.000354137
1.487094e-07,0.000463987
1.487594e-07,-0.00689593
1.488094e-07,-0.0122236
1.488594e-07,-0.0179633
1.489094e-07,-0.0235107
1.489594e-07,-0.0191442
1.490094e-07,-0.0150248
1.490594e-07,-0.0142559
1.491094e-07,-0.00755503
1.491594e-07,0.000189363
1.492094e-07,0.00579169
1.492594e-07,0.0119982
1.493094e-07,0.0100209
1.493594e-07,-0.000442272
1.494094e-07,-0.00914785
1.494594e-07,-0.0160958
1.495094e-07,-0.0160684
1.495594e-07,-0.00884576
1.496094e-07,-0.006484
1.496594e-07,-0.0109604
1.497094e-07,-0.0124159
1.497594e-07,-0.00662131
1.498094e-07,-0.00634669
1.498594e-07,-0.00966963
1.499094e-07,-0.00321597
1.499594e-07,0.00554453
1.500094e-07,0.0116412
1.500594e-07,0.0181498
1.501094e-07,0.0210059
1.501594e-07,0.017985
1.502094e-07,0.0119433
1.502594e-07,0.0102681
1.503094e-07,0.015431
1.503594e-07,0.0159528
1.504094e-07,0.00982866
1.504594e-07,0.00710988
1.505094e-07,0.0044735
1.505594e-07,-0.000964057
1.506094e-07,-0.00167808
1.506594e-07,0.00277083
1.507094e-07,0.00505021
1.507594e-07,0.000463987
1.508094e-07,-0.00321597
1.508594e-07,-0.000854208
1.509094e-07,0.000409062
1.509594e-07,0.00307291
1.510094e-07,0.00752182
1.510594e-07,0.0054896
1.511094e-07,0.00450096
1.511594e-07,0.0126298
1.512094e-07,0.0207587
1.512594e-07,0.0196602
1.513094e-07,0.00584661
1.513594e-07,-0.0128553
1.514094e-07,-0.0157114
1.514594e-07,-0.00681355
1.515094e-07,-0.00607206
1.515594e-07,-0.00988933
1.516094e-07,-0.00645653
1.516594e-07,0.0065881
1.517094e-07,0.017628
1.517594e-07,0.0166668
1.518094e-07,0.00900479
1.518594e-07,-0.000222573
1.519094e-07,-0.00906546
1.519594e-07,-0.0169197
1.520094e-07,-0.019611
1.520594e-07,-0.0191167
1.521094e-07,-0.0232086
1.521594e-07,-0.028399
1.522094e-07,-0.03499
1.522594e-07,-0.0374616
1.523094e-07,-0.027273
1.523594e-07,-0.0169746
1.524094e-07,-0.0118117
1.524594e-07,-0.00288642
1.525094e-07,0.00768659
1.525594e-07,0.0111469
1.526094e-07,0.00623109
1.526594e-07,-0.000607046
1.527094e-07,-0.00574251
1.527594e-07,-0.0113448
1.528094e-07,-0.0172767
1.528594e-07,-0.0192265
1.529094e-07,-0.0165627
1.529594e-07,-0.0125532
1.530094e-07,-0.00999918
1.530594e-07,-0.0132123
1.531094e-07,-0.0134869
1.531594e-07,-0.00329836
1.532094e-07,-0.000222573
1.532594e-07,-0.00566013
1.533094e-07,-0.00390253
1.533594e-07,-0.00299627
1.534094e-07,-0.00722548
1.534594e-07,-0.00631922
1.535094e-07,-0.00423208
1.535594e-07,-0.00557774
1.536094e-07,-0.00431447
1.536594e-07,0.00378694
1.537094e-07,0.0127397
1.537594e-07,0.0152937
1.538094e-07,0.0133164
1.538594e-07,0.0109272
1.539094e-07,0.0131791
1.539594e-07,0.01436
1.540094e-07,0.00653317
1.540594e-07,-0.000771821
1.541094e-07,-0.00313359
1.541594e-07,-0.00107391
1.542094e-07,0.00708242
1.542594e-07,0.0140579
1.543094e-07,0.0152662
1.543594e-07,0.0115313
1.544094e-07,0.00101323
1.544594e-07,-0.0123609
1.545094e-07,-0.0193639
1.545594e-07,-0.0241148
1.546094e-07,-0.0354568
1.546594e-07,-0.0419105
1.547094e-07,-0.0348526
1.547594e-07,-0.0309255
1.548094e-07,-0.0308431
1.548594e-07,-0.0198033
1.549094e-07,-0.0116195
1.549594e-07,-0.0100816
1.550094e-07,0.00027175
1.550594e-07,0.00378694
1.551094e-07,-0.00689593
1.551594e-07,-0.0103287
1.552094e-07,-0.00703324
1.552594e-07,-0.0121962
1.553094e-07,-0.0201603
1.553594e-07,-0.0201877
1.554094e-07,-0.0176337
1.554594e-07,-0.0193913
1.555094e-07,-0.0255154
1.555594e-07,-0.0274378
1.556094e-07,-0.020737
1.556594e-07,-0.0160409
1.557094e-07,-0.0107132
1.557594e-07,-0.00368283
1.558094e-07,-0.00843383
1.558594e-07,-0.0155466
1.559094e-07,-0.0134045
1.559594e-07,-0.0125532
1.560094e-07,-0.0124708
1.560594e-07,-0.00686847
1.561094e-07,-0.00343567
1.561594e-07,-0.00379268
1.562094e-07,-0.00502849
1.562594e-07,-0.0117842
1.563094e-07,-0.0237304
1.563594e-07,-0.0301566
1.564094e-07,-0.0204898
1.564594e-07,-0.00321597
1.565094e-07,-0.00280404
1.565594e-07,-0.017414
1.566094e-07,-0.0217531
1.566594e-07,-0.0172493
1.567094e-07,-0.0192265
1.567594e-07,-0.0255429
1.568094e-07,-0.0285088
1.568594e-07,-0.0290581
1.569094e-07,-0.034221
1.569594e-07,-0.0419379
1.570094e-07,-0.0386699
1.570594e-07,-0.0284264
1.571094e-07,-0.0252683
1.571594e-07,-0.0232086
1.572094e-07,-0.0160684
1.572594e-07,-0.00999918
1.573094e-07,-0.00892815
1.573594e-07,-0.010878
1.574094e-07,-0.0129102
1.574594e-07,-0.0121962
1.575094e-07,-0.0118392
1.575594e-07,-0.0160134
1.576094e-07,-0.0205447
1.576594e-07,-0.0212038
1.577094e-07,-0.0143382
1.577594e-07,-0.0083789
1.578094e-07,-0.0154093
1.578594e-07,-0.0226593
1.579094e-07,-0.0212588
1.579594e-07,-0.0211214
1.580094e-07,-0.0188695
1.580594e-07,-0.0128553
1.581094e-07,-0.0144756
1.581594e-07,-0.0174964
1.582094e-07,-0.0123335
1.582594e-07,-0.0108505
1.583094e-07,-0.0180731
1.583594e-07,-0.0222199
1.584094e-07,-0.0271632
1.584594e-07,-0.034578
1.585094e-07,-0.0318318
1.585594e-07,-0.0240325
1.586094e-07,-0.0165902
1.586594e-07,-0.00846129
1.587094e-07,-0.00936755
1.587594e-07,-0.0207644
1.588094e-07,-0.0246916
1.588594e-07,-0.0124708
1.589094e-07,-0.00338075
1.589594e-07,-0.00887322
1.590094e-07,-0.0143382
1.590594e-07,-0.00923024
1.591094e-07,-0.00225479
1.591594e-07,-0.000497197
1.592094e-07,0.00109562
1.592594e-07,-0.00178793
1.593094e-07,-0.00895561
1.593594e-07,-0.0051658
1.594094e-07,0.00483051
1.594594e-07,0.00161741
1.595094e-07,-0.00763742
1.595594e-07,-0.00431447
1.596094e-07,0.00255113
