LECROYWR640Zi,59892,Waveform
Segments,1,SegmentSize,4002
Segment,TrigTime,TimeSinceSegment1
#1,01-Nov-2023 13:34:15,0                 
Time,Ampl
-4.044403e-08,0.0254822
-4.039403e-08,0.0221043
-4.034403e-08,0.0169963
-4.029403e-08,0.00969135
-4.024403e-08,0.00356724
-4.019403e-08,0.00496782
-4.014403e-08,0.0087027
-4.009403e-08,0.0112842
-4.004403e-08,0.00908718
-3.999403e-08,0.00708242
-3.994403e-08,0.0149641
-3.989403e-08,0.0234775
-3.984403e-08,0.0233951
-3.979403e-08,0.0188912
-3.974403e-08,0.0180399
-3.969403e-08,0.0224064
-3.964403e-08,0.0225437
-3.959403e-08,0.0183969
-3.954403e-08,0.0146071
-3.949403e-08,0.00878509
-3.944403e-08,0.00480304
-3.939403e-08,0.00340246
-3.934403e-08,-0.000552121
-3.929403e-08,0.000985772
-3.924403e-08,0.0137558
-3.919403e-08,0.0233676
-3.914403e-08,0.02161
-3.909403e-08,0.0208136
-3.904403e-08,0.0251801
-3.899403e-08,0.0177104
-3.894403e-08,-0.00126614
-3.889403e-08,-0.00598967
-3.884403e-08,0.00095831
-3.879403e-08,0.00153502
-3.874403e-08,-0.000689433
-3.869403e-08,-0.00170554
-3.864403e-08,0.00422633
-3.859403e-08,0.0188089
-3.854403e-08,0.0243288
-3.849403e-08,0.0200172
-3.844403e-08,0.019468
-3.839403e-08,0.0215826
-3.834403e-08,0.0216375
-3.829403e-08,0.0204566
-3.824403e-08,0.0219121
-3.819403e-08,0.0256195
-3.814403e-08,0.0264983
-3.809403e-08,0.01977
-3.804403e-08,0.00834569
-3.799403e-08,-0.000771821
-3.794403e-08,-0.00134853
-3.789403e-08,0.00686272
-3.784403e-08,0.0117236
-3.779403e-08,0.0145247
-3.774403e-08,0.0229831
-3.769403e-08,0.0292171
-3.764403e-08,0.0271849
-3.759403e-08,0.022022
-3.754403e-08,0.0236972
-3.749403e-08,0.0264434
-3.744403e-08,0.0204291
-3.739403e-08,0.0202369
-3.734403e-08,0.0261139
-3.729403e-08,0.0190286
-3.724403e-08,0.00595646
-3.719403e-08,-0.00181539
-3.714403e-08,-0.00651146
-3.709403e-08,-0.00598967
-3.704403e-08,0.00134278
-3.699403e-08,0.0102681
-3.694403e-08,0.0165295
-3.689403e-08,0.0177928
-3.684403e-08,0.0177104
-3.679403e-08,0.0213903
-3.674403e-08,0.0194405
-3.669403e-08,0.0130967
-3.664403e-08,0.01252
-3.659403e-08,0.0111743
-3.654403e-08,0.0120531
-3.649403e-08,0.0181223
-3.644403e-08,0.0224064
-3.639403e-08,0.0276792
-3.634403e-08,0.0265533
-3.629403e-08,0.0183695
-3.624403e-08,0.0196053
-3.619403e-08,0.0240816
-3.614403e-08,0.0176005
-3.609403e-08,0.00812599
-3.604403e-08,0.008483
-3.599403e-08,0.0127671
-3.594403e-08,0.00787883
-3.589403e-08,-0.00420462
-3.584403e-08,-0.010164
-3.579403e-08,-0.00653892
-3.574403e-08,-0.00568759
-3.569403e-08,-0.0146129
-3.564403e-08,-0.0214235
-3.559403e-08,-0.011235
-3.554403e-08,0.0104054
-3.549403e-08,0.0276243
-3.544403e-08,0.0351215
-3.539403e-08,0.0328971
-3.534403e-08,0.0279538
-3.529403e-08,0.0287502
-3.524403e-08,0.0279264
-3.519403e-08,0.0218572
-3.514403e-08,0.0163922
-3.509403e-08,0.01436
-3.504403e-08,0.014662
-3.499403e-08,0.0119982
-3.494403e-08,0.0110095
-3.489403e-08,0.0130967
-3.484403e-08,0.0124376
-3.479403e-08,0.013234
-3.474403e-08,0.0159528
-3.469403e-08,0.0185068
-3.464403e-08,0.0200996
-3.459403e-08,0.0163372
-3.454403e-08,0.01252
-3.449403e-08,0.0125749
-3.444403e-08,0.00966389
-3.439403e-08,0.00919703
-3.434403e-08,0.0131516
-3.429403e-08,0.00450096
-3.424403e-08,-0.0118392
-3.419403e-08,-0.0109329
-3.414403e-08,0.00161741
-3.409403e-08,0.00694511
-3.404403e-08,0.00930688
-3.399403e-08,0.0105701
-3.394403e-08,0.00469319
-3.389403e-08,0.00238635
-3.384403e-08,0.00461081
-3.379403e-08,-0.0032709
-3.374403e-08,-0.0100266
-3.369403e-08,-0.00511088
-3.364403e-08,-0.000579584
-3.359403e-08,-0.00143092
-3.354403e-08,-0.00733533
-3.349403e-08,-0.00986187
-3.344403e-08,0.000161901
-3.339403e-08,0.00590154
-3.334403e-08,-0.00307866
-3.329403e-08,-0.0118666
-3.324403e-08,-0.0115096
-3.319403e-08,-0.00681355
-3.314403e-08,-0.00807682
-3.309403e-08,-0.0132947
-3.304403e-08,-0.00999918
-3.299403e-08,0.00156248
-3.294403e-08,0.0171337
-3.289403e-08,0.0291896
-3.284403e-08,0.0253449
-3.279403e-08,0.013948
-3.274403e-08,0.00540722
-3.269403e-08,-0.00728041
-3.264403e-08,-0.0179358
-3.259403e-08,-0.017057
-3.254403e-08,-0.0125257
-3.249403e-08,-0.00755503
-3.244403e-08,-0.000799283
-3.239403e-08,0.00139771
-3.234403e-08,-0.0034906
-3.229403e-08,-0.00656638
-3.224403e-08,0.00117801
-3.219403e-08,0.011751
-3.214403e-08,0.00960896
-3.209403e-08,0.000628761
-3.204403e-08,0.00117801
-3.199403e-08,0.0104054
-3.194403e-08,0.0183695
-3.189403e-08,0.0181223
-3.184403e-08,0.0109546
-3.179403e-08,0.00716481
-3.174403e-08,0.00601139
-3.169403e-08,-0.000277498
-3.164403e-08,-0.0030512
-3.159403e-08,0.0010407
-3.154403e-08,-0.000689433
-3.149403e-08,-0.00642907
-3.144403e-08,-0.00228225
-3.139403e-08,0.00590154
-3.134403e-08,0.00557199
-3.129403e-08,0.00543468
-3.124403e-08,0.00785137
-3.119403e-08,0.0068078
-3.114403e-08,0.0104328
-3.109403e-08,0.00700004
-3.104403e-08,-0.0104386
-3.099403e-08,-0.0170845
-3.094403e-08,-0.0160958
-3.089403e-08,-0.0189519
-3.084403e-08,-0.0195836
-3.079403e-08,-0.0184576
-3.074403e-08,-0.0121138
-3.069403e-08,-0.00700578
-3.064403e-08,-0.00936755
-3.059403e-08,-0.00203509
-3.054403e-08,0.0153211
-3.049403e-08,0.022379
-3.044403e-08,0.0182047
-3.039403e-08,0.0151289
-3.034403e-08,0.0151564
-3.029403e-08,0.0111743
-3.024403e-08,0.00268844
-3.019403e-08,-0.00192524
-3.014403e-08,-0.00329836
-3.009403e-08,-0.00313359
-3.004403e-08,0.00656064
-2.999403e-08,0.0182596
-2.994403e-08,0.0153761
-2.989403e-08,0.00785137
-2.984403e-08,0.0105152
-2.979403e-08,0.0141677
-2.974403e-08,0.0151838
-2.969403e-08,0.0211157
-2.964403e-08,0.0249604
-2.959403e-08,0.0225437
-2.954403e-08,0.0276792
-2.949403e-08,0.0311669
-2.944403e-08,0.0216924
-2.939403e-08,0.0215276
-2.934403e-08,0.0212805
-2.929403e-08,0.00576423
-2.924403e-08,0.00411648
-2.919403e-08,0.013948
-2.914403e-08,0.00996597
-2.909403e-08,0.00323769
-2.904403e-08,0.0068078
-2.899403e-08,0.0112567
-2.894403e-08,0.00815346
-2.889403e-08,0.00301799
-2.884403e-08,0.000930848
-2.879403e-08,0.000766073
-2.874403e-08,-0.000744358
-2.869403e-08,-0.00296881
-2.864403e-08,0.0010407
-2.859403e-08,0.00878509
-2.854403e-08,0.012108
-2.849403e-08,0.00969135
-2.844403e-08,0.00537975
-2.839403e-08,0.00342992
-2.834403e-08,0.003375
-2.829403e-08,0.00900479
-2.824403e-08,0.0174907
-2.819403e-08,0.0129594
-2.814403e-08,0.00422633
-2.809403e-08,0.00348485
-2.804403e-08,-0.00167808
-2.799403e-08,-0.00653892
-2.794403e-08,0.000738611
-2.789403e-08,0.00798868
-2.784403e-08,0.00867524
-2.779403e-08,0.0108448
-2.774403e-08,0.0137009
-2.769403e-08,0.0146346
-2.764403e-08,0.0147719
-2.759403e-08,0.0147444
-2.754403e-08,0.0157056
-2.749403e-08,0.0158704
-2.744403e-08,0.0123277
-2.739403e-08,0.00752182
-2.734403e-08,0.0106251
-2.729403e-08,0.0202918
-2.724403e-08,0.0266631
-2.719403e-08,0.0275694
-2.714403e-08,0.029684
-2.709403e-08,0.0333914
-2.704403e-08,0.0277341
-2.699403e-08,0.0190835
-2.694403e-08,0.0155683
-2.689403e-08,0.0127946
-2.684403e-08,0.0133713
-2.679403e-08,0.0145247
-2.674403e-08,0.0160077
-2.669403e-08,0.0211981
-2.664403e-08,0.0232578
-2.659403e-08,0.0210608
-2.654403e-08,0.0117236
-2.649403e-08,-0.00200763
-2.644403e-08,-0.000387347
-2.639403e-08,0.0118609
-2.634403e-08,0.0170238
-2.629403e-08,0.0204841
-2.624403e-08,0.0258942
-2.619403e-08,0.026004
-2.614403e-08,0.0239169
-2.609403e-08,0.023093
-2.604403e-08,0.0170513
-2.599403e-08,0.0105701
-2.594403e-08,0.00787883
-2.589403e-08,0.00463827
-2.584403e-08,0.00691765
-2.579403e-08,0.0102955
-2.574403e-08,0.00757675
-2.569403e-08,0.00691765
-2.564403e-08,0.00362216
-2.559403e-08,-0.0026118
-2.554403e-08,0.00257859
-2.549403e-08,0.00988359
-2.544403e-08,0.00804361
-2.539403e-08,0.00612124
-2.534403e-08,0.00617616
-2.529403e-08,0.00463827
-2.524403e-08,-0.00134853
-2.519403e-08,-0.0150523
-2.514403e-08,-0.0197483
-2.509403e-08,-0.00475387
-2.504403e-08,0.00551707
-2.499403e-08,0.0038144
-2.494403e-08,0.00862032
-2.489403e-08,0.0181498
-2.484403e-08,0.0233127
-2.479403e-08,0.0257843
-2.474403e-08,0.0263061
-2.469403e-08,0.0269652
-2.464403e-08,0.0277341
-2.459403e-08,0.026004
-2.454403e-08,0.0211706
-2.449403e-08,0.0104603
-2.444403e-08,0.00238635
-2.439403e-08,0.00397917
-2.434403e-08,-0.00104644
-2.429403e-08,-0.0150248
-2.424403e-08,-0.017057
-2.419403e-08,-0.00744518
-2.414403e-08,-0.00222733
-2.409403e-08,-0.00387507
-2.404403e-08,-0.00453417
-2.399403e-08,0.000299213
-2.394403e-08,0.00285321
-2.389403e-08,0.00112308
-2.384403e-08,0.000738611
-2.379403e-08,0.000628761
-2.374403e-08,0.00474812
-2.369403e-08,0.0133988
-2.364403e-08,0.0162274
-2.359403e-08,0.0101307
-2.354403e-08,0.00933434
-2.349403e-08,0.0182871
-2.344403e-08,0.0196053
-2.339403e-08,0.0150465
-2.334403e-08,0.0174083
-2.329403e-08,0.0211432
-2.324403e-08,0.0211706
-2.319403e-08,0.0222417
-2.314403e-08,0.0191384
-2.309403e-08,0.00779644
-2.304403e-08,0.00378694
-2.299403e-08,0.00933434
-2.294403e-08,0.0101857
-2.289403e-08,0.00700004
-2.284403e-08,0.00689019
-2.279403e-08,0.0098012
-2.274403e-08,0.0128495
-2.269403e-08,0.00988359
-2.264403e-08,0.00370455
-2.259403e-08,0.00191949
-2.254403e-08,-0.00236464
-2.249403e-08,-0.0121962
-2.244403e-08,-0.0211214
-2.239403e-08,-0.0277673
-2.234403e-08,-0.0308431
-2.229403e-08,-0.029882
-2.224403e-08,-0.0271083
-2.219403e-08,-0.0164528
-2.214403e-08,0.00233143
-2.209403e-08,0.0126024
-2.204403e-08,0.0119707
-2.199403e-08,0.0137832
-2.194403e-08,0.015074
-2.189403e-08,0.0133164
-2.184403e-08,0.0191109
-2.179403e-08,0.0217473
-2.174403e-08,0.0089224
-2.169403e-08,-0.00664877
-2.164403e-08,-0.0173866
-2.159403e-08,-0.019968
-2.154403e-08,-0.0151621
-2.149403e-08,-0.0162331
-2.144403e-08,-0.020737
-2.139403e-08,-0.0176063
-2.134403e-08,-0.00568759
-2.129403e-08,0.0061487
-2.124403e-08,0.00537975
-2.119403e-08,0.00452842
-2.114403e-08,0.0145247
-2.109403e-08,0.0138931
-2.104403e-08,0.000656224
-2.099403e-08,0.00027175
-2.094403e-08,0.0107624
-2.089403e-08,0.0113116
-2.084403e-08,0.00414395
-2.079403e-08,0.003375
-2.074403e-08,0.00672541
-2.069403e-08,0.0100484
-2.064403e-08,0.0159528
-2.059403e-08,0.0221867
-2.054403e-08,0.0244936
-2.049403e-08,0.0157056
-2.044403e-08,0.00241382
-2.039403e-08,0.00180964
-2.034403e-08,0.00598393
-2.029403e-08,-0.00129361
-2.024403e-08,-0.0117568
-2.019403e-08,-0.00977948
-2.014403e-08,-0.00233718
-2.009403e-08,0.00109562
-2.004403e-08,0.00823584
-1.999403e-08,0.0174632
-1.994403e-08,0.0193581
-1.989403e-08,0.0152113
-1.984403e-08,0.0138656
-1.979403e-08,0.0182047
-1.974403e-08,0.0202094
-1.969403e-08,0.0210333
-1.964403e-08,0.0199897
-1.959403e-08,0.0149367
-1.954403e-08,0.0155408
-1.949403e-08,0.0128495
-1.944403e-08,0.00370455
-1.939403e-08,-0.000112723
-1.934403e-08,-0.00464402
-1.929403e-08,-0.00791204
-1.924403e-08,-0.0049461
-1.919403e-08,-0.00299627
-1.914403e-08,-0.00395746
-1.909403e-08,-0.00928516
-1.904403e-08,-0.0148326
-1.899403e-08,-0.0121687
-1.894403e-08,-0.00598967
-1.889403e-08,-0.00681355
-1.884403e-08,-0.0150523
-1.879403e-08,-0.0196385
-1.874403e-08,-0.0172767
-1.869403e-08,-0.0175788
-1.864403e-08,-0.0216432
-1.859403e-08,-0.0207095
-1.854403e-08,-0.0175788
-1.849403e-08,-0.0202701
-1.844403e-08,-0.0204898
-1.839403e-08,-0.0111526
-1.834403e-08,-0.00667623
-1.829403e-08,-0.0122786
-1.824403e-08,-0.011235
-1.819403e-08,-0.0034906
-1.814403e-08,0.000106976
-1.809403e-08,0.00277083
-1.804403e-08,0.0118334
-1.799403e-08,0.022324
-1.794403e-08,0.022379
-1.789403e-08,0.018699
-1.784403e-08,0.0184793
-1.779403e-08,0.0152388
-1.774403e-08,0.00743943
-1.769403e-08,-0.000469734
-1.764403e-08,0.000738611
-1.759403e-08,0.0063684
-1.754403e-08,-0.000579584
-1.749403e-08,-0.0121962
-1.744403e-08,-0.0125257
-1.739403e-08,-0.0115645
-1.734403e-08,-0.0165078
-1.729403e-08,-0.0162881
-1.724403e-08,-0.00980695
-1.719403e-08,-0.00491864
-1.714403e-08,-0.00373776
-1.709403e-08,-0.00447924
-1.704403e-08,-0.00318851
-1.699403e-08,0.00307291
-1.694403e-08,0.0117785
-1.689403e-08,0.0171062
-1.684403e-08,0.0186715
-1.679403e-08,0.0201271
-1.674403e-08,0.0205115
-1.669403e-08,0.0170513
-1.664403e-08,0.0133164
-1.659403e-08,0.0127122
-1.654403e-08,0.00559945
-1.649403e-08,-0.00566013
-1.644403e-08,-0.00324344
-1.639403e-08,0.00710988
-1.634403e-08,0.0100484
-1.629403e-08,0.00700004
-1.624403e-08,0.00675287
-1.619403e-08,0.011751
-1.614403e-08,0.0124651
-1.609403e-08,0.00625855
-1.604403e-08,0.00332008
-1.599403e-08,0.00389679
-1.594403e-08,-0.00313359
-1.589403e-08,-0.0115371
-1.584403e-08,-0.00456163
-1.579403e-08,0.00752182
-1.574403e-08,0.0120806
-1.569403e-08,0.0194954
-1.564403e-08,0.0284482
-1.559403e-08,0.0287777
-1.554403e-08,0.0275968
-1.549403e-08,0.0291347
-1.544403e-08,0.0260864
-1.539403e-08,0.0176829
-1.534403e-08,0.00991105
-1.529403e-08,0.0101033
-1.524403e-08,0.0185892
-1.519403e-08,0.023093
-1.514403e-08,0.0211432
-1.509403e-08,0.021665
-1.504403e-08,0.0231479
-1.499403e-08,0.0246309
-1.494403e-08,0.0277616
-1.489403e-08,0.0250154
-1.484403e-08,0.0179301
-1.479403e-08,0.013948
-1.474403e-08,0.00809853
-1.469403e-08,0.00623109
-1.464403e-08,0.0171062
-1.459403e-08,0.0236697
-1.454403e-08,0.015074
-1.449403e-08,0.00400663
-1.444403e-08,0.0027159
-1.439403e-08,0.0113666
-1.434403e-08,0.0221593
-1.429403e-08,0.0264983
-1.424403e-08,0.0235324
-1.419403e-08,0.0215276
-1.414403e-08,0.0195778
-1.409403e-08,0.0132889
-1.404403e-08,0.0119433
-1.399403e-08,0.0196602
-1.394403e-08,0.0253174
-1.389403e-08,0.0216375
-1.384403e-08,0.0174083
-1.379403e-08,0.0210333
-1.374403e-08,0.0250703
-1.369403e-08,0.0227085
-1.364403e-08,0.0191384
-1.359403e-08,0.0191933
-1.354403e-08,0.019056
-1.349403e-08,0.0155683
-1.344403e-08,0.0123552
-1.339403e-08,0.0108722
-1.334403e-08,0.0103779
-1.329403e-08,0.0108173
-1.324403e-08,0.0089224
-1.319403e-08,0.00853793
-1.314403e-08,0.0159528
-1.309403e-08,0.018699
-1.304403e-08,0.00900479
-1.299403e-08,0.00101323
-1.294403e-08,-0.00637415
-1.289403e-08,-0.0173866
-1.284403e-08,-0.0191442
-1.279403e-08,-0.0185949
-1.274403e-08,-0.0249936
-1.269403e-08,-0.0238677
-1.264403e-08,-0.00901054
-1.259403e-08,0.000189363
-1.254403e-08,-0.0106857
-1.249403e-08,-0.0219728
-1.244403e-08,-0.01854
-1.239403e-08,-0.0147502
-1.234403e-08,-0.0135693
-1.229403e-08,-0.00684101
-1.224403e-08,-0.000964057
-1.219403e-08,-0.00533058
-1.214403e-08,-0.0122511
-1.209403e-08,-0.00706071
-1.204403e-08,0.00197442
-1.199403e-08,-0.001733
-1.194403e-08,-0.0129651
-1.189403e-08,-0.018897
-1.184403e-08,-0.0205997
-1.179403e-08,-0.0207644
-1.174403e-08,-0.0131848
-1.169403e-08,0.000601299
-1.164403e-08,0.00710988
-1.159403e-08,0.00510513
-1.154403e-08,0.0052699
-1.149403e-08,0.00332008
-1.144403e-08,-0.00280404
-1.139403e-08,-0.00728041
-1.134403e-08,-0.0117568
-1.129403e-08,-0.0120039
-1.124403e-08,-0.00895561
-1.119403e-08,-0.00436939
-1.114403e-08,0.00312784
-1.109403e-08,0.00840062
-1.104403e-08,0.0170238
-1.099403e-08,0.025647
-1.094403e-08,0.0224339
-1.089403e-08,0.0193856
-1.084403e-08,0.0244936
-1.079403e-08,0.0237246
-1.074403e-08,0.016502
-1.069403e-08,0.0151838
-1.064403e-08,0.0133713
-1.059403e-08,0.00513259
-1.054403e-08,-0.000634509
-1.049403e-08,0.000656224
-1.044403e-08,0.0068078
-1.039403e-08,0.00881255
-1.034403e-08,0.00197442
-1.029403e-08,-0.00338075
-1.024403e-08,-0.00134853
-1.019403e-08,0.00134278
-1.014403e-08,0.00274337
-1.009403e-08,0.00529737
-1.004403e-08,0.00507767
-9.994033e-09,0.00169979
-9.944033e-09,-0.00211748
-9.894033e-09,-0.000661971
-9.844033e-09,0.0100758
-9.794033e-09,0.0167217
-9.744033e-09,0.0120257
-9.694033e-09,-0.00019511
-9.644033e-09,-0.0134594
-9.594033e-09,-0.0143932
-9.544033e-09,-0.00906546
-9.494033e-09,-0.00950486
-9.444033e-09,-0.0132123
-9.394033e-09,-0.0167824
-9.344033e-09,-0.0143382
-9.294033e-09,-0.0049461
-9.244033e-09,-0.00222733
-9.194033e-09,-0.00890069
-9.144033e-09,-0.0062643
-9.094033e-09,0.000930848
-9.044033e-09,0.0003816
-8.994033e-09,0.00436365
-8.944033e-09,0.00897733
-8.894033e-09,0.00884002
-8.844033e-09,0.0149092
-8.794033e-09,0.0183969
-8.744033e-09,0.0132615
-8.694033e-09,0.0141403
-8.644033e-09,0.020539
-8.594033e-09,0.0227909
-8.544033e-09,0.0204017
-8.494033e-09,0.0152113
-8.444033e-09,0.0130143
-8.394033e-09,0.0176005
-8.344033e-09,0.0214178
-8.294033e-09,0.0140579
-8.244033e-09,0.00238635
-8.194033e-09,0.00485797
-8.144033e-09,0.0146071
-8.094033e-09,0.015431
-8.044033e-09,0.0149092
-7.994033e-09,0.0187539
-7.944033e-09,0.0198524
-7.894033e-09,0.0150465
-7.844033e-09,0.0119158
-7.794033e-09,0.0162274
-7.744033e-09,0.0133164
-7.694033e-09,-0.00272165
-7.644033e-09,-0.0116469
-7.594033e-09,-0.00997172
-7.544033e-09,-0.0135968
-7.494033e-09,-0.0176612
-7.444033e-09,-0.0125532
-7.394033e-09,-0.00409477
-7.344033e-09,0.00502274
-7.294033e-09,0.014662
-7.244033e-09,0.0196053
-7.194033e-09,0.0224064
-7.144033e-09,0.0308923
-7.094033e-09,0.0344899
-7.044033e-09,0.0275144
-6.994033e-09,0.0243288
-6.944033e-09,0.0264709
-6.894033e-09,0.0264983
-6.844033e-09,0.019825
-6.794033e-09,0.00760421
-6.744033e-09,-0.000607046
-6.694033e-09,0.000573836
-6.644033e-09,0.00502274
-6.594033e-09,0.00573677
-6.544033e-09,0.00554453
-6.494033e-09,0.00488543
-6.444033e-09,0.00205681
-6.394033e-09,-0.000140186
-6.344033e-09,-0.00461655
-6.294033e-09,-0.0126081
-6.244033e-09,-0.0122511
-6.194033e-09,-3.03361e-05
-6.144033e-09,0.00768659
-6.094033e-09,0.00776898
-6.044033e-09,0.00881255
-5.994033e-09,0.00710988
-5.944033e-09,0.00897733
-5.894033e-09,0.0215002
-5.844033e-09,0.030755
-5.794033e-09,0.0316887
-5.744033e-09,0.0298487
-5.694033e-09,0.0243013
-5.644033e-09,0.0193856
-5.594033e-09,0.0187265
-5.544033e-09,0.0163922
-5.494033e-09,0.0153761
-5.444033e-09,0.0211432
-5.394033e-09,0.0221318
-5.344033e-09,0.0218572
-5.294033e-09,0.0274595
-5.244033e-09,0.0207587
-5.194033e-09,0.00884002
-5.144033e-09,0.00551707
-5.094033e-09,0.00238635
-5.044033e-09,0.0027159
-4.994033e-09,0.00167233
-4.944033e-09,-0.00662131
-4.894033e-09,-0.00936755
-4.844033e-09,-0.00409477
-4.794033e-09,0.00301799
-4.744033e-09,0.00375947
-4.694033e-09,-0.0021724
-4.644033e-09,0.00131532
-4.594033e-09,0.0125749
-4.544033e-09,0.0160077
-4.494033e-09,0.0114764
-4.444033e-09,0.00557199
-4.394033e-09,0.00422633
-4.344033e-09,0.00617616
-4.294033e-09,0.00505021
-4.244033e-09,0.0065881
-4.194033e-09,0.0116686
-4.144033e-09,0.0102955
-4.094033e-09,0.00683526
-4.044033e-09,0.00864778
-3.994033e-09,0.0144698
-3.944033e-09,0.0158704
-3.894033e-09,0.0100758
-3.844033e-09,0.0122454
-3.794033e-09,0.0138656
-3.744033e-09,0.00285321
-3.694033e-09,-0.00351806
-3.644033e-09,-0.00340821
-3.594033e-09,-0.00393
-3.544033e-09,-0.00758249
-3.494033e-09,-0.017771
-3.444033e-09,-0.0223573
-3.394033e-09,-0.0133771
-3.344033e-09,-0.00299627
-3.294033e-09,0.00373201
-3.244033e-09,0.00991105
-3.194033e-09,0.0138656
-3.144033e-09,0.0162823
-3.094033e-09,0.0165844
-3.044033e-09,0.0130692
-2.994033e-09,0.00947165
-2.944033e-09,0.0122454
-2.894033e-09,0.0181498
-2.844033e-09,0.0216375
-2.794033e-09,0.0281186
-2.744033e-09,0.0301783
-2.694033e-09,0.0183969
-2.644033e-09,0.00829077
-2.594033e-09,0.0108448
-2.544033e-09,0.0130418
-2.494033e-09,0.00881255
-2.444033e-09,0.0089224
-2.394033e-09,0.0151564
-2.344033e-09,0.0188363
-2.294033e-09,0.0202644
-2.244033e-09,0.0233402
-2.194033e-09,0.0244112
-2.144033e-09,0.0213903
-2.094033e-09,0.0115588
-2.044033e-09,-0.000552121
-1.994033e-09,-0.000167648
-1.944033e-09,0.00969135
-1.894033e-09,0.0147444
-1.844033e-09,0.0145522
-1.794033e-09,0.0184793
-1.744033e-09,0.0277891
-1.694033e-09,0.0331717
-1.644033e-09,0.027487
-1.594033e-09,0.0131241
-1.544033e-09,-0.000414809
-1.494033e-09,-0.0099168
-1.444033e-09,-0.0151621
-1.394033e-09,-0.0105759
-1.344033e-09,-0.00351806
-1.294033e-09,-0.00228225
-1.244033e-09,-0.000771821
-1.194033e-09,0.00211173
-1.144033e-09,0.00422633
-1.094033e-09,0.00540722
-1.044033e-09,0.0044735
-9.94033e-10,-0.000469734
-9.44033e-10,-0.00601714
-8.94033e-10,-0.00678608
-8.44033e-10,-0.0062643
-7.94033e-10,-0.00442432
-7.44033e-10,-0.000497197
-6.94033e-10,-8.52608e-05
-6.44033e-10,-0.00244703
-5.94033e-10,0.00027175
-5.44033e-10,0.00875763
-4.94033e-10,0.0140579
-4.44033e-10,0.0140304
-3.94033e-10,0.011806
-3.44033e-10,0.00386932
-2.94033e-10,-0.00294135
-2.44033e-10,0.00491289
-1.94033e-10,0.0174083
-1.44033e-10,0.0303705
-9.403305e-11,0.0614305
-4.403305e-11,0.110588
5.96695e-12,0.168781
5.596695e-11,0.236229
1.05967e-10,0.301974
1.55967e-10,0.358244
2.05967e-10,0.402239
2.55967e-10,0.409214
3.05967e-10,0.369751
3.55967e-10,0.309938
4.05967e-10,0.242051
4.55967e-10,0.165183
5.05967e-10,0.104327
5.55967e-10,0.076727
6.05967e-10,0.0684883
6.55967e-10,0.0754912
7.05967e-10,0.0900463
7.55967e-10,0.0871353
8.05967e-10,0.0688728
8.55967e-10,0.0527249
9.05967e-10,0.0373185
9.55967e-10,0.0178202
1.005967e-09,0.00353977
1.055967e-09,0.00768659
1.105967e-09,0.0222417
1.155967e-09,0.0289425
1.205967e-09,0.0286679
1.255967e-09,0.0299311
1.305967e-09,0.0331992
1.355967e-09,0.0305353
1.405967e-09,0.0151564
1.455967e-09,-0.00148584
1.505967e-09,-0.00906546
1.555967e-09,-0.00826905
1.605967e-09,-0.00225479
1.655967e-09,-0.00247449
1.705967e-09,-0.0088183
1.755967e-09,-0.00453417
1.805967e-09,0.0125749
1.855967e-09,0.0232028
1.905967e-09,0.0209235
1.955967e-09,0.0218023
2.005967e-09,0.0297664
2.055967e-09,0.0382522
2.105967e-09,0.0386642
2.155967e-09,0.027844
2.205967e-09,0.021665
2.255967e-09,0.0157331
2.305967e-09,-0.00393
2.355967e-09,-0.0171669
2.405967e-09,-0.00799443
2.455967e-09,0.00406156
2.505967e-09,0.00285321
2.555967e-09,-0.000167648
2.605967e-09,0.000436525
2.655967e-09,-0.0049461
2.705967e-09,-0.0122786
2.755967e-09,-0.0133771
2.805967e-09,-0.0132947
2.855967e-09,-0.0117019
2.905967e-09,-0.0028315
2.955967e-09,0.00551707
3.005967e-09,0.00653317
3.055967e-09,0.00738451
3.105967e-09,0.0125474
3.155967e-09,0.0151838
3.205967e-09,0.0102406
3.255967e-09,0.00178218
3.305967e-09,-0.00873591
3.355967e-09,-0.0170021
3.405967e-09,-0.0207919
3.455967e-09,-0.0296073
3.505967e-09,-0.0369672
3.555967e-09,-0.0304037
3.605967e-09,-0.014915
3.655967e-09,-0.001733
3.705967e-09,-0.000277498
3.755967e-09,-0.00162315
3.805967e-09,0.00433618
3.855967e-09,0.00428126
3.905967e-09,-0.0056052
3.955967e-09,-0.0131024
4.005967e-09,-0.0123335
4.055967e-09,-0.00714309
4.105967e-09,-0.00247449
4.155967e-09,0.00274337
4.205967e-09,0.000683686
4.255967e-09,-0.00579744
4.305967e-09,0.000985772
4.355967e-09,0.00889494
4.405967e-09,0.00367709
4.455967e-09,-0.00912039
4.505967e-09,-0.0187322
4.555967e-09,-0.0139812
4.605967e-09,-0.00780219
4.655967e-09,-0.011235
4.705967e-09,-0.0217256
4.755967e-09,-0.032024
4.805967e-09,-0.0260647
4.855967e-09,-0.0128553
4.905967e-09,-0.00901054
4.955967e-09,-0.00777473
5.005967e-09,-0.00214494
5.055967e-09,-0.000634509
5.105967e-09,-0.00475387
5.155967e-09,0.00277083
5.205967e-09,0.0155958
5.255967e-09,0.0122728
5.305967e-09,0.00340246
5.355967e-09,0.00650571
5.405967e-09,0.0187539
5.455967e-09,0.0258392
5.505967e-09,0.0218846
5.555967e-09,0.0174632
5.605967e-09,0.0149092
5.655967e-09,0.00441857
5.705967e-09,-0.0123335
5.755967e-09,-0.0234558
5.805967e-09,-0.0263668
5.855967e-09,-0.0220002
5.905967e-09,-0.00999918
5.955967e-09,-0.00346313
6.005967e-09,-0.00884576
6.055967e-09,-0.0124983
6.105967e-09,-0.0114822
6.155967e-09,-0.0117568
6.205967e-09,-0.00563266
6.255967e-09,0.00441857
6.305967e-09,0.00326515
6.355967e-09,-0.001733
6.405967e-09,0.00518752
6.455967e-09,0.0161175
6.505967e-09,0.0140853
6.555967e-09,0.00323769
6.605967e-09,-0.000524659
6.655967e-09,0.00430872
6.705967e-09,0.0102406
6.755967e-09,0.0119158
6.805967e-09,0.00430872
6.855967e-09,-0.00442432
6.905967e-09,-0.00662131
6.955967e-09,-0.0094774
7.005967e-09,-0.00497357
7.055967e-09,0.00540722
7.105967e-09,0.000299213
7.155967e-09,-0.00804935
7.205967e-09,-0.000689433
7.255967e-09,0.00576423
7.305967e-09,0.00150756
7.355967e-09,0.00112308
7.405967e-09,0.0103504
7.455967e-09,0.019825
7.505967e-09,0.0225163
7.555967e-09,0.0230655
7.605967e-09,0.0177104
7.655967e-09,-0.000469734
7.705967e-09,-0.0149424
7.755967e-09,-0.0155466
7.805967e-09,-0.0141735
7.855967e-09,-0.0149973
7.905967e-09,-0.0113448
7.955967e-09,-0.00244703
8.005967e-09,0.00268844
8.055967e-09,0.00197442
8.105967e-09,-8.52608e-05
8.155967e-09,-0.0047264
8.205967e-09,-0.00436939
8.255967e-09,0.00178218
8.305967e-09,0.00191949
8.355967e-09,0.00422633
8.405967e-09,0.0187265
8.455967e-09,0.0338583
8.505967e-09,0.0372087
8.555967e-09,0.0338308
8.605967e-09,0.0310296
8.655967e-09,0.0254548
8.705967e-09,0.0183969
8.755967e-09,0.013591
8.805967e-09,0.00969135
8.855967e-09,0.00598393
8.905967e-09,-0.00132107
8.955967e-09,-0.00642907
9.005967e-09,0.00364962
9.055967e-09,0.0137009
9.105967e-09,0.0122179
9.155967e-09,0.0140029
9.205967e-09,0.0200172
9.255967e-09,0.0238345
9.305967e-09,0.0243837
9.355967e-09,0.0160626
9.405967e-09,0.00194696
9.455967e-09,-0.00513834
9.505967e-09,-0.0109054
9.555967e-09,-0.0186773
9.605967e-09,-0.0136791
9.655967e-09,-0.00434193
9.705967e-09,-0.00255688
9.755967e-09,-0.000744358
9.805967e-09,0.00208427
9.855967e-09,0.00559945
9.905967e-09,0.00510513
9.955967e-09,-0.00219986
1.000597e-08,-0.000716896
1.005597e-08,0.011806
1.010597e-08,0.022379
1.015597e-08,0.0270476
1.020597e-08,0.0254273
1.025597e-08,0.0195229
1.030597e-08,0.0174907
1.035597e-08,0.0200996
1.040597e-08,0.0198799
1.045597e-08,0.0232578
1.050597e-08,0.0354236
1.055597e-08,0.044596
1.060597e-08,0.0455298
1.065597e-08,0.0414104
1.070597e-08,0.0382522
1.075597e-08,0.0388015
1.080597e-08,0.0352314
1.085597e-08,0.0256195
1.090597e-08,0.0215551
1.095597e-08,0.028915
1.100597e-08,0.0364672
1.105597e-08,0.0366045
1.110597e-08,0.0343526
1.115597e-08,0.0347096
1.120597e-08,0.0300959
1.125597e-08,0.0136185
1.130597e-08,-0.000167648
1.135597e-08,-0.0077198
1.140597e-08,-0.0138714
1.145597e-08,-0.0081592
1.150597e-08,0.00535229
1.155597e-08,0.0154585
1.160597e-08,0.0247133
1.165597e-08,0.0295467
1.170597e-08,0.0246858
1.175597e-08,0.0156507
1.180597e-08,0.00601139
1.185597e-08,-0.00167808
1.190597e-08,-0.00857114
1.195597e-08,-0.0154917
1.200597e-08,-0.0143657
1.205597e-08,-0.0109604
1.210597e-08,-0.017057
1.215597e-08,-0.0203525
1.220597e-08,-0.00744518
1.225597e-08,0.00455588
1.230597e-08,0.00307291
1.235597e-08,0.00318276
1.240597e-08,0.00743943
1.245597e-08,0.00356724
1.250597e-08,-0.00552281
1.255597e-08,-0.00826905
1.260597e-08,-0.0037103
1.265597e-08,0.00145263
1.270597e-08,0.00949911
1.275597e-08,0.0166943
1.280597e-08,0.0125474
1.285597e-08,0.00864778
1.290597e-08,0.00804361
1.295597e-08,-0.00198017
1.300597e-08,-0.0051658
1.305597e-08,0.0052699
1.310597e-08,0.00782391
1.315597e-08,0.00546214
1.320597e-08,0.0119158
1.325597e-08,0.0148268
1.330597e-08,0.00853793
1.335597e-08,0.00925195
1.340597e-08,0.0171062
1.345597e-08,0.0243837
1.350597e-08,0.0274046
1.355597e-08,0.0224064
1.360597e-08,0.0210333
1.365597e-08,0.0230655
1.370597e-08,0.0168865
1.375597e-08,0.0157605
1.380597e-08,0.0208136
1.385597e-08,0.0142226
1.390597e-08,0.00664302
1.395597e-08,0.00842808
1.400597e-08,0.0143874
1.405597e-08,0.029629
1.410597e-08,0.0451453
1.415597e-08,0.0447608
1.420597e-08,0.0412731
1.425597e-08,0.0414104
1.430597e-08,0.0292171
1.435597e-08,0.0164196
1.440597e-08,0.0140579
1.445597e-08,0.00713735
1.450597e-08,0.00601139
1.455597e-08,0.0123827
1.460597e-08,0.00974627
1.465597e-08,0.0135086
1.470597e-08,0.0192208
1.475597e-08,0.00568184
1.480597e-08,-0.00458909
1.485597e-08,-0.00132107
1.490597e-08,-0.00118376
1.495597e-08,0.00310038
1.500597e-08,0.00963642
1.505597e-08,0.00444603
1.510597e-08,-0.000167648
1.515597e-08,-0.001733
1.520597e-08,-0.00277657
1.525597e-08,0.0044735
1.530597e-08,0.00716481
1.535597e-08,0.00252367
1.540597e-08,0.00158994
1.545597e-08,0.00189203
1.550597e-08,-0.000469734
1.555597e-08,-0.00664877
1.560597e-08,-0.00934009
1.565597e-08,-0.00656638
1.570597e-08,-0.010466
1.575597e-08,-0.0131024
1.580597e-08,0.000134438
1.585597e-08,0.0120257
1.590597e-08,0.0107349
1.595597e-08,0.0103779
1.600597e-08,0.0108722
1.605597e-08,0.00785137
1.610597e-08,0.0119707
1.615597e-08,0.0214727
1.620597e-08,0.0240542
1.625597e-08,0.0206763
1.630597e-08,0.0136459
1.635597e-08,0.00422633
1.640597e-08,-0.00088167
1.645597e-08,-0.00890069
1.650597e-08,-0.0193913
1.655597e-08,-0.0183203
1.660597e-08,-0.0104111
1.665597e-08,-0.00291389
1.670597e-08,0.000985772
1.675597e-08,0.00213919
1.680597e-08,0.00785137
1.685597e-08,0.0106251
1.690597e-08,0.00793376
1.695597e-08,0.00884002
1.700597e-08,0.0093618
1.705597e-08,0.0106251
1.710597e-08,0.0149916
1.715597e-08,0.0144423
1.720597e-08,0.0130418
1.725597e-08,0.0135086
1.730597e-08,0.0087027
1.735597e-08,0.00219412
1.740597e-08,0.00329261
1.745597e-08,0.0123277
1.750597e-08,0.0169689
1.755597e-08,0.0128221
1.760597e-08,0.0138656
1.765597e-08,0.0207862
1.770597e-08,0.020896
1.775597e-08,0.0186166
1.780597e-08,0.0214727
1.785597e-08,0.0200721
1.790597e-08,0.0135086
1.795597e-08,0.011806
1.800597e-08,0.0103504
1.805597e-08,-0.00110137
1.810597e-08,-0.0167
1.815597e-08,-0.0214235
1.820597e-08,-0.014146
1.825597e-08,-0.00549535
1.830597e-08,-0.00137599
1.835597e-08,0.00386932
1.840597e-08,0.0135086
1.845597e-08,0.0170238
1.850597e-08,0.0152937
1.855597e-08,0.018342
1.860597e-08,0.0183969
1.865597e-08,0.00996597
1.870597e-08,0.00461081
1.875597e-08,0.005929
1.880597e-08,0.00823584
1.885597e-08,0.0116686
1.890597e-08,0.011037
1.895597e-08,0.008483
1.900597e-08,0.012877
1.905597e-08,0.00485797
1.910597e-08,-0.0187048
1.915597e-08,-0.0293876
1.920597e-08,-0.0270808
1.925597e-08,-0.0256527
1.930597e-08,-0.0278223
1.935597e-08,-0.0321613
1.940597e-08,-0.0313649
1.945597e-08,-0.0300742
1.950597e-08,-0.03499
1.955597e-08,-0.0295249
1.960597e-08,-0.00917531
1.965597e-08,0.0042538
1.970597e-08,0.00535229
1.975597e-08,0.00430872
1.980597e-08,0.00801614
1.985597e-08,0.0140579
1.990597e-08,0.0120531
1.995597e-08,0.00340246
2.000597e-08,-0.00544043
2.005597e-08,-0.0101914
2.010597e-08,-0.00505595
2.015597e-08,0.00485797
2.020597e-08,0.00969135
2.025597e-08,0.00559945
2.030597e-08,-0.00491864
2.035597e-08,-0.0092577
2.040597e-08,-0.00722548
2.045597e-08,-0.0106308
2.050597e-08,-0.010466
2.055597e-08,-0.00030496
2.060597e-08,0.00754928
2.065597e-08,0.0103504
2.070597e-08,0.0118883
2.075597e-08,0.0124651
2.080597e-08,0.0117236
2.085597e-08,0.0107349
2.090597e-08,0.0129868
2.095597e-08,0.0142776
2.100597e-08,0.008483
2.105597e-08,0.000299213
2.110597e-08,-0.00489118
2.115597e-08,-0.00892815
2.120597e-08,-0.00936755
2.125597e-08,-0.00593475
2.130597e-08,-0.0053855
2.135597e-08,-0.00156823
2.140597e-08,0.0093618
2.145597e-08,0.0181772
2.150597e-08,0.0251252
2.155597e-08,0.0255646
2.160597e-08,0.0135635
2.165597e-08,0.00318276
2.170597e-08,-0.00181539
2.175597e-08,-0.00640161
2.180597e-08,-0.00912039
2.185597e-08,-0.0096971
2.190597e-08,-0.00228225
2.195597e-08,0.0108997
2.200597e-08,0.0166119
2.205597e-08,0.0115863
2.210597e-08,0.00386932
2.215597e-08,-0.000799283
2.220597e-08,0.00095831
2.225597e-08,0.0082633
2.230597e-08,0.0082633
2.235597e-08,0.00219412
2.240597e-08,0.000985772
2.245597e-08,0.000766073
2.250597e-08,0.00230397
2.255597e-08,0.00631348
2.260597e-08,0.00672541
2.265597e-08,0.00642333
2.270597e-08,0.0082633
2.275597e-08,0.012163
2.280597e-08,0.0174632
2.285597e-08,0.0196327
2.290597e-08,0.0174632
2.295597e-08,0.013948
2.300597e-08,0.0106525
2.305597e-08,0.00587408
2.310597e-08,0.000161901
2.315597e-08,-0.000634509
2.320597e-08,0.00290814
2.325597e-08,0.00375947
2.330597e-08,0.00186457
2.335597e-08,0.000189363
2.340597e-08,-0.00524819
2.345597e-08,-0.0126905
2.350597e-08,-0.0116744
2.355597e-08,-0.00255688
2.360597e-08,0.00686272
2.365597e-08,0.0113391
2.370597e-08,0.0129594
2.375597e-08,0.0219396
2.380597e-08,0.032952
2.385597e-08,0.0371263
2.390597e-08,0.0374833
2.395597e-08,0.0332266
2.400597e-08,0.0273771
2.405597e-08,0.021967
2.410597e-08,0.0158155
2.415597e-08,0.00985612
2.420597e-08,-0.00112883
2.425597e-08,-0.0114547
2.430597e-08,-0.0117019
2.435597e-08,-0.00618191
2.440597e-08,0.000463987
2.445597e-08,0.0040341
2.450597e-08,0.00667049
2.455597e-08,0.0110919
2.460597e-08,0.0118334
2.465597e-08,0.00900479
2.470597e-08,0.00768659
2.475597e-08,0.0102406
2.480597e-08,0.0100209
2.485597e-08,0.00342992
2.490597e-08,-0.00373776
2.495597e-08,-0.00489118
2.500597e-08,0.00430872
2.505597e-08,0.0123552
2.510597e-08,0.00938926
2.515597e-08,0.00845554
2.520597e-08,0.0172435
2.525597e-08,0.0225163
2.530597e-08,0.0187814
2.535597e-08,0.0112842
2.540597e-08,0.00417141
2.545597e-08,0.00807107
2.550597e-08,0.0169689
2.555597e-08,0.0193306
2.560597e-08,0.0217199
2.565597e-08,0.024164
2.570597e-08,0.0254548
2.575597e-08,0.0277341
2.580597e-08,0.0243837
2.585597e-08,0.019056
2.590597e-08,0.0155683
2.595597e-08,0.00669795
2.600597e-08,0.00161741
2.605597e-08,0.00809853
2.610597e-08,0.0134537
2.615597e-08,0.0114764
2.620597e-08,0.00840062
2.625597e-08,0.00829077
2.630597e-08,0.00834569
2.635597e-08,0.00551707
2.640597e-08,0.00156248
2.645597e-08,-0.00154077
2.650597e-08,-0.000854208
2.655597e-08,0.00606631
2.660597e-08,0.0135635
2.665597e-08,0.0174907
2.670597e-08,0.0246309
2.675597e-08,0.0315239
2.680597e-08,0.0269652
2.685597e-08,0.0200172
2.690597e-08,0.020539
2.695597e-08,0.024576
2.700597e-08,0.0266906
2.705597e-08,0.0224064
2.710597e-08,0.0177928
2.715597e-08,0.0196053
2.720597e-08,0.022736
2.725597e-08,0.0241091
2.730597e-08,0.0251801
2.735597e-08,0.0255097
2.740597e-08,0.0244661
2.745597e-08,0.0248231
2.750597e-08,0.0277616
2.755597e-08,0.0272124
2.760597e-08,0.0181498
2.765597e-08,0.00568184
2.770597e-08,-0.00192524
2.775597e-08,-0.00766488
2.780597e-08,-0.0164254
2.785597e-08,-0.0229065
2.790597e-08,-0.021808
2.795597e-08,-0.0176063
2.800597e-08,-0.0115371
2.805597e-08,0.00123293
2.810597e-08,0.00908718
2.815597e-08,0.00774152
2.820597e-08,0.00969135
2.825597e-08,0.0116412
2.830597e-08,0.0112292
2.835597e-08,0.0104054
2.840597e-08,0.000766073
2.845597e-08,-0.0100266
2.850597e-08,-0.00917531
2.855597e-08,-0.00362791
2.860597e-08,-0.000442272
2.865597e-08,-0.0015133
2.870597e-08,-0.00285896
2.875597e-08,0.0029356
2.880597e-08,0.012877
2.885597e-08,0.0158978
2.890597e-08,0.0100758
2.895597e-08,0.00925195
2.900597e-08,0.0182871
2.905597e-08,0.0261413
2.910597e-08,0.0243837
2.915597e-08,0.0173259
2.920597e-08,0.015074
2.925597e-08,0.0175181
2.930597e-08,0.0181498
2.935597e-08,0.0170513
2.940597e-08,0.0140579
2.945597e-08,0.00862032
2.950597e-08,0.00623109
2.955597e-08,0.00301799
2.960597e-08,-0.00030496
2.965597e-08,0.00323769
2.970597e-08,0.000106976
2.975597e-08,-0.00862606
2.980597e-08,-0.00439686
2.985597e-08,0.00285321
2.990597e-08,-8.52608e-05
2.995597e-08,-0.00302374
3.000597e-08,-0.000497197
3.005597e-08,0.00233143
3.010597e-08,0.00323769
3.015597e-08,0.00373201
3.020597e-08,0.00612124
3.025597e-08,0.00488543
3.030597e-08,-0.00030496
3.035597e-08,0.00197442
3.040597e-08,0.00351231
3.045597e-08,-0.00192524
3.050597e-08,0.000738611
3.055597e-08,0.00595646
3.060597e-08,0.00535229
3.065597e-08,0.00384186
3.070597e-08,-0.000167648
3.075597e-08,-0.00414969
3.080597e-08,-0.011949
3.085597e-08,-0.0220277
3.090597e-08,-0.021094
3.095597e-08,-0.015986
3.100597e-08,-0.00782965
3.105597e-08,0.00809853
3.110597e-08,0.0138382
3.115597e-08,0.0151564
3.120597e-08,0.0243837
3.125597e-08,0.0215826
3.130597e-08,0.00609378
3.135597e-08,-0.00711563
3.140597e-08,-0.0133496
3.145597e-08,-0.00774727
3.150597e-08,-0.00019511
3.155597e-08,0.000491449
3.160597e-08,0.00499528
3.165597e-08,0.00774152
3.170597e-08,0.0012604
3.175597e-08,0.00134278
3.180597e-08,0.0105427
3.185597e-08,0.0176554
3.190597e-08,0.0183145
3.195597e-08,0.0176554
3.200597e-08,0.0160352
3.205597e-08,0.0109821
3.210597e-08,0.0154585
3.215597e-08,0.0224614
3.220597e-08,0.0175456
3.225597e-08,0.00916956
3.230597e-08,0.00463827
3.235597e-08,0.0120257
3.240597e-08,0.026718
3.245597e-08,0.0346547
3.250597e-08,0.0333639
3.255597e-08,0.0212256
3.260597e-08,0.00735705
3.265597e-08,0.00318276
3.270597e-08,0.00288068
3.275597e-08,0.00510513
3.280597e-08,0.0142776
3.285597e-08,0.0215551
3.290597e-08,0.0234775
3.295597e-08,0.026773
3.300597e-08,0.026718
3.305597e-08,0.0215002
3.310597e-08,0.0220769
3.315597e-08,0.0275144
3.320597e-08,0.0238619
3.325597e-08,0.0141952
3.330597e-08,0.0151564
3.335597e-08,0.019825
3.340597e-08,0.0197426
3.345597e-08,0.0188638
3.350597e-08,0.00639586
3.355597e-08,-0.00782965
3.360597e-08,-0.00412223
3.365597e-08,0.0054896
3.370597e-08,0.0104054
3.375597e-08,0.00862032
3.380597e-08,0.00779644
3.385597e-08,0.0185617
3.390597e-08,0.0225987
3.395597e-08,0.0127122
3.400597e-08,0.0116961
3.405597e-08,0.015788
3.410597e-08,0.0063684
3.415597e-08,-0.00382015
3.420597e-08,-0.00357298
3.425597e-08,-0.00651146
3.430597e-08,-0.0139263
3.435597e-08,-0.0152445
3.440597e-08,-0.0134594
3.445597e-08,-0.0126905
3.450597e-08,-0.00634669
3.455597e-08,0.00246874
3.460597e-08,0.00461081
3.465597e-08,0.00224904
3.470597e-08,0.000463987
3.475597e-08,0.00285321
3.480597e-08,0.00351231
3.485597e-08,-0.00434193
3.490597e-08,-0.0120589
3.495597e-08,-0.00931262
3.500597e-08,0.0022765
3.505597e-08,0.010323
3.510597e-08,0.0115039
3.515597e-08,0.016502
3.520597e-08,0.0246584
3.525597e-08,0.0262512
3.530597e-08,0.0216375
3.535597e-08,0.0220769
3.540597e-08,0.0296565
3.545597e-08,0.0266356
3.550597e-08,0.0127671
3.555597e-08,0.005929
3.560597e-08,0.00211173
3.565597e-08,-0.00519326
3.570597e-08,-0.0107407
3.575597e-08,-0.0130475
3.580597e-08,-0.0103837
3.585597e-08,-0.00445178
3.590597e-08,-0.00420462
3.595597e-08,-0.0060446
3.600597e-08,-0.00390253
3.605597e-08,-0.00730787
3.610597e-08,-0.0135418
3.615597e-08,-0.00821413
3.620597e-08,0.00419887
3.625597e-08,0.0102131
3.630597e-08,0.00875763
3.635597e-08,0.00669795
3.640597e-08,0.010323
3.645597e-08,0.0161999
3.650597e-08,0.0134262
3.655597e-08,0.00612124
3.660597e-08,0.00436365
3.665597e-08,0.00562692
3.670597e-08,0.00678034
3.675597e-08,0.00647825
3.680597e-08,0.00532483
3.685597e-08,0.00705496
3.690597e-08,0.0131791
3.695597e-08,0.0226811
3.700597e-08,0.024521
3.705597e-08,0.0176829
3.710597e-08,0.0105701
3.715597e-08,0.000436525
3.720597e-08,-0.00442432
3.725597e-08,0.000161901
3.730597e-08,0.00395171
3.735597e-08,0.00801614
3.740597e-08,0.0104603
3.745597e-08,0.00499528
3.750597e-08,-0.00428701
3.755597e-08,-0.00873591
3.760597e-08,-0.00697832
3.765597e-08,-0.0114822
3.770597e-08,-0.0244169
3.775597e-08,-0.0246092
3.780597e-08,-0.0083789
3.785597e-08,0.0052699
3.790597e-08,0.00955404
3.795597e-08,0.0129319
3.800597e-08,0.0168316
3.805597e-08,0.0108173
3.810597e-08,0.000326675
3.815597e-08,-0.000524659
3.820597e-08,0.00222158
3.825597e-08,-0.00697832
3.830597e-08,-0.0194188
3.835597e-08,-0.0206546
3.840597e-08,-0.0212588
3.845597e-08,-0.0188695
3.850597e-08,-0.00928516
3.855597e-08,-0.00263926
3.860597e-08,0.00782391
3.865597e-08,0.0163098
3.870597e-08,0.00598393
3.875597e-08,-0.00826905
3.880597e-08,-0.006484
3.885597e-08,0.00084846
3.890597e-08,-0.00316105
3.895597e-08,-0.00934009
3.900597e-08,-0.0083789
3.905597e-08,-0.00642907
3.910597e-08,0.00095831
3.915597e-08,0.0106251
3.920597e-08,0.0108997
3.925597e-08,0.00518752
3.930597e-08,-0.00247449
3.935597e-08,-0.00662131
3.940597e-08,-8.52608e-05
3.945597e-08,0.00840062
3.950597e-08,0.0114489
3.955597e-08,0.0124101
3.960597e-08,0.0068078
3.965597e-08,-0.00187032
3.970597e-08,-0.0028315
3.975597e-08,-0.00203509
3.980597e-08,-0.00181539
3.985597e-08,0.00172726
3.990597e-08,0.00576423
3.995597e-08,0.00776898
4.000597e-08,0.00708242
4.005597e-08,0.00785137
4.010597e-08,0.005929
4.015597e-08,0.000244288
4.020597e-08,-0.00420462
4.025597e-08,-0.0102189
4.030597e-08,-0.0092577
4.035597e-08,-0.00176047
4.040597e-08,0.00301799
4.045597e-08,0.0098012
4.050597e-08,0.0144698
4.055597e-08,0.0135635
4.060597e-08,0.0119433
4.065597e-08,0.00540722
4.070597e-08,-2.87366e-06
4.075597e-08,0.00439111
4.080597e-08,0.00565438
4.085597e-08,0.00145263
4.090597e-08,0.00444603
4.095597e-08,0.012877
4.100597e-08,0.0174632
4.105597e-08,0.0127671
4.110597e-08,0.00375947
4.115597e-08,-0.0028315
4.120597e-08,-0.0124708
4.125597e-08,-0.0241148
4.130597e-08,-0.0328479
4.135597e-08,-0.0371595
4.140597e-08,-0.028042
4.145597e-08,-0.00953232
4.150597e-08,0.0042538
4.155597e-08,0.0087027
4.160597e-08,0.00796122
4.165597e-08,0.00713735
4.170597e-08,0.000354137
4.175597e-08,-0.010164
4.180597e-08,-0.0100816
4.185597e-08,-0.00187032
4.190597e-08,0.00559945
4.195597e-08,0.0122454
4.200597e-08,0.0165569
4.205597e-08,0.0196053
4.210597e-08,0.0197975
4.215597e-08,0.0164746
4.220597e-08,0.0153486
4.225597e-08,0.0102681
4.230597e-08,0.00472066
4.235597e-08,0.0109821
4.240597e-08,0.0208136
4.245597e-08,0.0213629
4.250597e-08,0.011751
4.255597e-08,0.00719227
4.260597e-08,0.0130143
4.265597e-08,0.0146895
4.270597e-08,0.0144423
4.275597e-08,0.0185068
4.280597e-08,0.0199348
4.285597e-08,0.0163372
4.290597e-08,0.0108448
4.295597e-08,0.00982866
4.300597e-08,0.0149367
4.305597e-08,0.0141677
4.310597e-08,0.00785137
4.315597e-08,0.0115863
4.320597e-08,0.0220769
4.325597e-08,0.0255646
4.330597e-08,0.0224614
4.335597e-08,0.022324
4.340597e-08,0.021665
4.345597e-08,0.0130692
4.350597e-08,0.00735705
4.355597e-08,0.00631348
4.360597e-08,0.000216825
4.365597e-08,-0.00414969
4.370597e-08,-0.00252941
4.375597e-08,0.000820998
4.380597e-08,0.00469319
4.385597e-08,0.00224904
4.390597e-08,-0.00123868
4.395597e-08,0.00362216
4.400597e-08,0.0095815
4.405597e-08,0.0154859
4.410597e-08,0.0225437
4.415597e-08,0.0225712
4.420597e-08,0.01977
4.425597e-08,0.0206763
4.430597e-08,0.017985
4.435597e-08,0.0137558
4.440597e-08,0.016502
4.445597e-08,0.0213354
4.450597e-08,0.0205939
4.455597e-08,0.0193032
4.460597e-08,0.0213629
4.465597e-08,0.0172435
4.470597e-08,0.00732958
4.475597e-08,0.00414395
4.480597e-08,0.00768659
4.485597e-08,0.0208411
4.490597e-08,0.0392958
4.495597e-08,0.0391036
4.500597e-08,0.0311395
4.505597e-08,0.0375931
4.510597e-08,0.0376481
4.515597e-08,0.0204017
4.520597e-08,0.0130418
4.525597e-08,0.019825
4.530597e-08,0.0174357
4.535597e-08,0.00916956
4.540597e-08,0.00645079
4.545597e-08,0.00650571
4.550597e-08,0.0115313
4.555597e-08,0.017216
4.560597e-08,0.0174907
4.565597e-08,0.0149641
4.570597e-08,0.00342992
4.575597e-08,-0.00953232
4.580597e-08,-0.00469894
4.585597e-08,0.00705496
4.590597e-08,0.0126847
4.595597e-08,0.01977
4.600597e-08,0.0282285
4.605597e-08,0.026773
4.610597e-08,0.0159802
4.615597e-08,0.00911464
4.620597e-08,0.00601139
4.625597e-08,0.00115055
4.630597e-08,-0.00176047
4.635597e-08,-0.00500103
4.640597e-08,-0.00843383
4.645597e-08,-0.00299627
4.650597e-08,0.00834569
4.655597e-08,0.0154585
4.660597e-08,0.021253
4.665597e-08,0.0306452
4.670597e-08,0.0378403
4.675597e-08,0.0367418
4.680597e-08,0.0299586
4.685597e-08,0.0244112
4.690597e-08,0.0228458
4.695597e-08,0.0206763
4.700597e-08,0.0174357
4.705597e-08,0.0222966
4.710597e-08,0.0324577
4.715597e-08,0.032952
4.720597e-08,0.0220494
4.725597e-08,0.0142226
4.730597e-08,0.0145797
4.735597e-08,0.0102406
4.740597e-08,-0.000634509
4.745597e-08,-0.00725294
4.750597e-08,-0.00612699
4.755597e-08,-0.00154077
4.760597e-08,-0.000826745
4.765597e-08,-0.00250195
4.770597e-08,-0.00203509
4.775597e-08,-0.00266673
4.780597e-08,-0.00376522
4.785597e-08,-0.00563266
4.790597e-08,-0.0126081
4.795597e-08,-0.0223023
4.800597e-08,-0.0288933
4.805597e-08,-0.0258724
4.810597e-08,-0.0129377
4.815597e-08,0.00211173
4.820597e-08,0.0124101
4.825597e-08,0.0117236
4.830597e-08,0.00458335
4.835597e-08,0.00172726
4.840597e-08,-0.00277657
4.845597e-08,-0.00804935
4.850597e-08,-0.00447924
4.855597e-08,-0.000332422
4.860597e-08,0.00233143
4.865597e-08,0.0065881
4.870597e-08,0.00661556
4.875597e-08,0.00581915
4.880597e-08,0.0098012
4.885597e-08,0.0137832
4.890597e-08,0.0138107
4.895597e-08,0.0132889
4.900597e-08,0.0166943
4.905597e-08,0.021967
4.910597e-08,0.02161
4.915597e-08,0.019413
4.920597e-08,0.0206763
4.925597e-08,0.016914
4.930597e-08,0.0137558
4.935597e-08,0.0196327
4.940597e-08,0.0215276
4.945597e-08,0.0131516
4.950597e-08,0.000793536
4.955597e-08,-0.00436939
4.960597e-08,0.0035947
4.965597e-08,0.0138382
4.970597e-08,0.0219121
4.975597e-08,0.0293819
4.980597e-08,0.029629
4.985597e-08,0.0265258
4.990597e-08,0.0275968
4.995597e-08,0.0260864
5.000597e-08,0.022022
5.005597e-08,0.0238894
5.010597e-08,0.0246858
5.015597e-08,0.016859
5.020597e-08,0.0100484
5.025597e-08,0.00776898
5.030597e-08,0.00507767
5.035597e-08,0.00499528
5.040597e-08,0.0091421
5.045597e-08,0.0125749
5.050597e-08,0.00966389
5.055597e-08,0.00334754
5.060597e-08,0.00178218
5.065597e-08,-0.00310612
5.070597e-08,-0.0163979
5.075597e-08,-0.0180182
5.080597e-08,-0.00609952
5.085597e-08,0.00189203
5.090597e-08,0.00628601
5.095597e-08,0.00999344
5.100597e-08,0.013234
5.105597e-08,0.014305
5.110597e-08,0.00908718
5.115597e-08,0.00131532
5.120597e-08,-0.00508342
5.125597e-08,-0.00898307
5.130597e-08,-0.00763742
5.135597e-08,-0.00294135
5.140597e-08,0.00502274
5.145597e-08,0.0155408
5.150597e-08,0.0208685
5.155597e-08,0.0201271
5.160597e-08,0.0178477
5.165597e-08,0.0189187
5.170597e-08,0.0211432
5.175597e-08,0.0202644
5.180597e-08,0.0225987
5.185597e-08,0.0251252
5.190597e-08,0.0239443
5.195597e-08,0.02161
5.200597e-08,0.0147719
5.205597e-08,0.011394
5.210597e-08,0.0145247
5.215597e-08,0.0128495
5.220597e-08,0.0104054
5.225597e-08,0.0135361
5.230597e-08,0.0169689
5.235597e-08,0.0130418
5.240597e-08,0.0044735
5.245597e-08,0.00260605
5.250597e-08,0.00576423
5.255597e-08,0.0112292
5.260597e-08,0.0184244
5.265597e-08,0.0173808
5.270597e-08,0.0149092
5.275597e-08,0.0186166
5.280597e-08,0.0163098
5.285597e-08,0.0176829
5.290597e-08,0.031469
5.295597e-08,0.0354511
5.300597e-08,0.028915
5.305597e-08,0.0313042
5.310597e-08,0.0350117
5.315597e-08,0.0292171
5.320597e-08,0.0227085
5.325597e-08,0.0142226
5.330597e-08,0.000628761
5.335597e-08,-0.00832398
5.340597e-08,-0.0125806
5.345597e-08,-0.0140636
5.350597e-08,-0.0101365
5.355597e-08,-0.00596221
5.360597e-08,-0.00428701
5.365597e-08,-0.00368283
5.370597e-08,-0.00387507
5.375597e-08,-0.00156823
5.380597e-08,-0.000826745
5.385597e-08,-0.00717056
5.390597e-08,-0.0108505
5.395597e-08,-0.00255688
5.400597e-08,0.0109821
5.405597e-08,0.0166119
5.410597e-08,0.0159802
5.415597e-08,0.0179301
5.420597e-08,0.0173808
5.425597e-08,0.0126298
5.430597e-08,0.0070275
5.435597e-08,-0.0028315
5.440597e-08,-0.0113998
5.445597e-08,-0.0142009
5.450597e-08,-0.0164254
5.455597e-08,-0.0167549
5.460597e-08,-0.0139812
5.465597e-08,-0.0100816
5.470597e-08,-0.00576998
5.475597e-08,-0.00351806
5.480597e-08,0.000244288
5.485597e-08,0.00938926
5.490597e-08,0.0165844
5.495597e-08,0.0129044
5.500597e-08,0.00675287
5.505597e-08,0.0118883
5.510597e-08,0.0166943
5.515597e-08,0.0114215
5.520597e-08,0.011037
5.525597e-08,0.0270201
5.530597e-08,0.0427011
5.535597e-08,0.0388289
5.540597e-08,0.0345997
5.545597e-08,0.038417
5.550597e-08,0.0301508
5.555597e-08,0.0161175
5.560597e-08,0.0095815
5.565597e-08,0.00645079
5.570597e-08,0.00529737
5.575597e-08,0.00645079
5.580597e-08,0.00612124
5.585597e-08,0.00345739
5.590597e-08,0.00656064
5.595597e-08,0.0160626
5.600597e-08,0.0191933
5.605597e-08,0.0177378
5.610597e-08,0.0211981
5.615597e-08,0.0251252
5.620597e-08,0.0239993
5.625597e-08,0.0237246
5.630597e-08,0.0290523
5.635597e-08,0.0309472
5.640597e-08,0.029629
5.645597e-08,0.0304804
5.650597e-08,0.0277616
5.655597e-08,0.0278165
5.660597e-08,0.0299311
5.665597e-08,0.0185892
5.670597e-08,0.00884002
5.675597e-08,0.0185892
5.680597e-08,0.0247407
5.685597e-08,0.0110919
5.690597e-08,-0.00296881
5.695597e-08,-0.00137599
5.700597e-08,0.0101582
5.705597e-08,0.0144973
5.710597e-08,0.0117785
5.715597e-08,0.0182596
5.720597e-08,0.0269652
5.725597e-08,0.0231205
5.730597e-08,0.0113666
5.735597e-08,0.00513259
5.740597e-08,0.00708242
5.745597e-08,0.00757675
5.750597e-08,0.00982866
5.755597e-08,0.0109821
5.760597e-08,0.00183711
5.765597e-08,-0.00395746
5.770597e-08,-0.00390253
5.775597e-08,-0.00475387
5.780597e-08,-0.00802189
5.785597e-08,-0.0165078
5.790597e-08,-0.0162606
5.795597e-08,-0.00596221
5.800597e-08,-0.00236464
5.805597e-08,-0.00615445
5.810597e-08,-0.013789
5.815597e-08,-0.0157937
5.820597e-08,-0.00785712
5.825597e-08,-0.00678608
5.830597e-08,-0.00840636
5.835597e-08,-0.00129361
5.840597e-08,0.00375947
5.845597e-08,0.00678034
5.850597e-08,0.0101857
5.855597e-08,0.0108997
5.860597e-08,0.01436
5.865597e-08,0.0119433
5.870597e-08,0.00202934
5.875597e-08,0.00856539
5.880597e-08,0.0272398
5.885597e-08,0.0343251
5.890597e-08,0.0338857
5.895597e-08,0.0314416
5.900597e-08,0.0234225
5.905597e-08,0.0142776
5.910597e-08,0.00812599
5.915597e-08,0.00568184
5.920597e-08,0.00721973
5.925597e-08,0.0114215
5.930597e-08,0.0156781
5.935597e-08,0.0178751
5.940597e-08,0.0164471
5.945597e-08,0.0168865
5.950597e-08,0.0225712
5.955597e-08,0.0237521
5.960597e-08,0.0173534
5.965597e-08,0.0132065
5.970597e-08,0.0126024
5.975597e-08,0.00952657
5.980597e-08,0.00991105
5.985597e-08,0.0107898
5.990597e-08,0.00216665
5.995597e-08,-0.00568759
6.000597e-08,-0.00681355
6.005597e-08,-0.00318851
6.010597e-08,0.00378694
6.015597e-08,0.00266098
6.020597e-08,-0.00250195
6.025597e-08,0.00257859
6.030597e-08,0.0126573
6.035597e-08,0.0199897
6.040597e-08,0.0242739
6.045597e-08,0.0224614
6.050597e-08,0.014662
6.055597e-08,0.0126298
6.060597e-08,0.0201271
6.065597e-08,0.0235873
6.070597e-08,0.021967
6.075597e-08,0.0237796
6.080597e-08,0.0244936
6.085597e-08,0.0187539
6.090597e-08,0.00944419
6.095597e-08,0.00436365
6.100597e-08,0.00461081
6.105597e-08,0.00584661
6.110597e-08,0.0103779
6.115597e-08,0.0164746
6.120597e-08,0.022324
6.125597e-08,0.0292446
6.130597e-08,0.0292446
6.135597e-08,0.0256195
6.140597e-08,0.0297938
6.145597e-08,0.0284482
6.150597e-08,0.0175456
6.155597e-08,0.0115588
6.160597e-08,0.00991105
6.165597e-08,0.0177653
6.170597e-08,0.0329245
6.175597e-08,0.0408337
6.180597e-08,0.0444313
6.185597e-08,0.0411358
6.190597e-08,0.0309472
6.195597e-08,0.0263885
6.200597e-08,0.0191384
6.205597e-08,0.000326675
6.210597e-08,-0.0118666
6.215597e-08,-0.00728041
6.220597e-08,-0.000222573
6.225597e-08,0.000189363
6.230597e-08,-0.00409477
6.235597e-08,-0.00406731
6.240597e-08,0.00142517
6.245597e-08,-0.00123868
6.250597e-08,-0.00491864
6.255597e-08,-0.00123868
6.260597e-08,-0.00362791
6.265597e-08,-0.00782965
6.270597e-08,-0.00360045
6.275597e-08,-0.000222573
6.280597e-08,-0.000744358
6.285597e-08,-0.00379268
6.290597e-08,-0.00835144
6.295597e-08,-0.00955978
6.300597e-08,-0.0163155
6.305597e-08,-0.0220002
6.310597e-08,-0.0110702
6.315597e-08,0.000189363
6.320597e-08,0.00137025
6.325597e-08,0.000875923
6.330597e-08,-0.00272165
6.335597e-08,-0.010878
6.340597e-08,-0.0126356
6.345597e-08,-0.00445178
6.350597e-08,-5.77984e-05
6.355597e-08,-0.00423208
6.360597e-08,-0.00395746
6.365597e-08,0.00115055
6.370597e-08,0.00378694
6.375597e-08,0.0102131
6.380597e-08,0.0135361
6.385597e-08,0.00213919
6.390597e-08,-0.00854368
6.395597e-08,-0.0123335
6.400597e-08,-0.0176063
6.405597e-08,-0.0156015
6.410597e-08,-0.00901054
6.415597e-08,-0.0092577
6.420597e-08,-0.010164
6.425597e-08,-0.00549535
6.430597e-08,0.00430872
6.435597e-08,0.0111743
6.440597e-08,0.0132065
6.445597e-08,0.0190011
6.450597e-08,0.0229557
6.455597e-08,0.0197975
6.460597e-08,0.0177653
6.465597e-08,0.0169963
6.470597e-08,0.0136185
6.475597e-08,0.00941673
6.480597e-08,0.00697257
6.485597e-08,0.0027159
6.490597e-08,-0.00609952
6.495597e-08,-0.00678608
6.500597e-08,0.00301799
6.505597e-08,0.00897733
6.510597e-08,0.0095815
6.515597e-08,0.00664302
6.520597e-08,0.00235889
6.525597e-08,0.0027159
6.530597e-08,-0.00332582
6.535597e-08,-0.0161782
6.540597e-08,-0.0176887
6.545597e-08,-0.0127454
6.550597e-08,-0.0136791
6.555597e-08,-0.0128278
6.560597e-08,-0.00491864
6.565597e-08,-0.00247449
6.570597e-08,-0.013789
6.575597e-08,-0.0235381
6.580597e-08,-0.0213686
6.585597e-08,-0.0202701
6.590597e-08,-0.0170021
6.595597e-08,-0.00590729
6.600597e-08,-0.0034906
6.605597e-08,-0.0131574
6.610597e-08,-0.0224122
6.615597e-08,-0.0202152
6.620597e-08,-0.0115371
6.625597e-08,-0.00862606
6.630597e-08,-0.00445178
6.635597e-08,0.00752182
6.640597e-08,0.0158978
6.645597e-08,0.016502
6.650597e-08,0.0198524
6.655597e-08,0.0242464
6.660597e-08,0.0216375
6.665597e-08,0.0160077
6.670597e-08,0.0101857
6.675597e-08,0.00529737
6.680597e-08,0.00323769
6.685597e-08,0.00362216
6.690597e-08,0.00277083
6.695597e-08,0.00084846
6.700597e-08,0.00543468
6.705597e-08,0.00477558
6.710597e-08,-0.0019527
6.715597e-08,0.00809853
6.720597e-08,0.0219945
6.725597e-08,0.0218297
6.730597e-08,0.018699
6.735597e-08,0.019825
6.740597e-08,0.0271025
6.745597e-08,0.0296565
6.750597e-08,0.0174357
6.755597e-08,0.00930688
6.760597e-08,0.0126298
6.765597e-08,0.0136459
6.770597e-08,0.0152937
6.775597e-08,0.0219121
6.780597e-08,0.0241091
6.785597e-08,0.0187265
6.790597e-08,0.0105976
6.795597e-08,0.00441857
6.800597e-08,0.00419887
6.805597e-08,0.00521498
6.810597e-08,0.000491449
6.815597e-08,-0.00365537
6.820597e-08,-0.00280404
6.825597e-08,0.00172726
6.830597e-08,0.00713735
6.835597e-08,0.000930848
6.840597e-08,-0.00846129
6.845597e-08,-0.0021724
6.850597e-08,0.00568184
6.855597e-08,0.0065881
6.860597e-08,0.0136185
6.865597e-08,0.0200721
6.870597e-08,0.0203742
6.875597e-08,0.022736
6.880597e-08,0.0222142
6.885597e-08,0.0231754
6.890597e-08,0.0311944
6.895597e-08,0.0341603
6.900597e-08,0.0349567
6.905597e-08,0.0363024
6.910597e-08,0.0310845
6.915597e-08,0.0233676
6.920597e-08,0.0126573
6.925597e-08,-0.00266673
6.930597e-08,-0.0171943
6.935597e-08,-0.028399
6.940597e-08,-0.0299369
6.945597e-08,-0.0193089
6.950597e-08,-0.00395746
6.955597e-08,0.0130143
6.960597e-08,0.0258667
6.965597e-08,0.0217748
6.970597e-08,0.008483
6.975597e-08,0.00208427
6.980597e-08,-0.00475387
6.985597e-08,-0.0170845
6.990597e-08,-0.0258175
6.995597e-08,-0.0242247
7.000597e-08,-0.0182379
7.005597e-08,-0.0182928
7.010597e-08,-0.0141185
7.015597e-08,0.00230397
7.020597e-08,0.015431
7.025597e-08,0.0137832
7.030597e-08,0.00167233
7.035597e-08,-0.00662131
7.040597e-08,-0.00225479
7.045597e-08,0.00463827
7.050597e-08,0.00540722
7.055597e-08,0.00716481
7.060597e-08,0.011751
7.065597e-08,0.0108722
7.070597e-08,0.00757675
7.075597e-08,0.0105152
7.080597e-08,0.0109546
7.085597e-08,0.00178218
7.090597e-08,-0.00497357
7.095597e-08,-0.00129361
7.100597e-08,0.00960896
7.105597e-08,0.0134812
7.110597e-08,0.00257859
7.115597e-08,0.00095831
7.120597e-08,0.0123003
7.125597e-08,0.0105701
7.130597e-08,-0.00162315
7.135597e-08,-0.00879084
7.140597e-08,-0.0101914
7.145597e-08,-0.00760996
7.150597e-08,0.00197442
7.155597e-08,0.0135086
7.160597e-08,0.0153761
7.165597e-08,0.0131241
7.170597e-08,0.0101307
7.175597e-08,-8.52608e-05
7.180597e-08,-0.00873591
7.185597e-08,-0.0094774
7.190597e-08,-0.00571505
7.195597e-08,-0.00167808
7.200597e-08,-0.00178793
7.205597e-08,-0.000799283
7.210597e-08,0.00364962
7.215597e-08,0.00458335
7.220597e-08,0.00137025
7.225597e-08,-0.00137599
7.230597e-08,0.00109562
7.235597e-08,0.00705496
7.240597e-08,0.0129868
7.245597e-08,0.0180125
7.250597e-08,0.0162823
7.255597e-08,0.00757675
7.260597e-08,-0.00340821
7.265597e-08,-0.0122236
7.270597e-08,-0.0102738
7.275597e-08,-0.00137599
7.280597e-08,-0.000716896
7.285597e-08,-0.00541296
7.290597e-08,-0.00307866
7.295597e-08,0.00268844
7.300597e-08,0.0104878
7.305597e-08,0.0236972
7.310597e-08,0.0352039
7.315597e-08,0.0378678
7.320597e-08,0.0357532
7.325597e-08,0.0350117
7.330597e-08,0.0308374
7.335597e-08,0.0213079
7.340597e-08,0.0108173
7.345597e-08,0.00367709
7.350597e-08,0.00433618
7.355597e-08,0.00452842
7.360597e-08,-0.00269419
7.365597e-08,-0.00777473
7.370597e-08,-0.00527565
7.375597e-08,-0.00316105
7.380597e-08,-0.0019527
7.385597e-08,0.0027159
7.390597e-08,0.00164487
7.395597e-08,-0.00480879
7.400597e-08,-0.00659385
7.405597e-08,-0.00708817
7.410597e-08,-0.00351806
7.415597e-08,0.00430872
7.420597e-08,0.00436365
7.425597e-08,0.0143325
7.430597e-08,0.0382248
7.435597e-08,0.0437996
7.440597e-08,0.0382797
7.445597e-08,0.0292171
7.450597e-08,0.0082633
7.455597e-08,-0.00126614
7.460597e-08,0.00158994
7.465597e-08,-0.00134853
7.470597e-08,0.00142517
7.475597e-08,0.00886748
7.480597e-08,0.00878509
7.485597e-08,0.00922449
7.490597e-08,0.0102955
7.495597e-08,0.00568184
7.500597e-08,-0.00178793
7.505597e-08,-0.00934009
7.510597e-08,-0.0169746
7.515597e-08,-0.022577
7.520597e-08,-0.0190618
7.525597e-08,-0.00461655
7.530597e-08,0.00930688
7.535597e-08,0.0147444
7.540597e-08,0.0191384
7.545597e-08,0.0240542
7.550597e-08,0.0229282
7.555597e-08,0.017216
7.560597e-08,0.0112567
7.565597e-08,0.00296306
7.570597e-08,-0.00906546
7.575597e-08,-0.0167
7.580597e-08,-0.0131299
7.585597e-08,-0.0034906
7.590597e-08,0.00101323
7.595597e-08,0.00137025
7.600597e-08,0.00172726
7.605597e-08,-0.00187032
7.610597e-08,-0.00167808
7.615597e-08,0.00535229
7.620597e-08,0.00867524
7.625597e-08,0.0106251
7.630597e-08,0.01252
7.635597e-08,0.0139206
7.640597e-08,0.0234225
7.645597e-08,0.0276792
7.650597e-08,0.0196053
7.655597e-08,0.013948
7.660597e-08,0.00590154
7.665597e-08,0.00169979
7.670597e-08,0.00966389
7.675597e-08,0.0104054
7.680597e-08,0.00809853
7.685597e-08,0.0169689
7.690597e-08,0.0231205
7.695597e-08,0.0166943
7.700597e-08,0.00988359
7.705597e-08,0.0112292
7.710597e-08,0.00944419
7.715597e-08,-0.000744358
7.720597e-08,-0.0037103
7.725597e-08,0.00639586
7.730597e-08,0.0156781
7.735597e-08,0.0173808
7.740597e-08,0.0144698
7.745597e-08,0.00496782
7.750597e-08,-0.00541296
7.755597e-08,-0.00681355
7.760597e-08,-0.00563266
7.765597e-08,-0.00673116
7.770597e-08,-0.0034906
7.775597e-08,0.0038144
7.780597e-08,0.00947165
7.785597e-08,0.00949911
7.790597e-08,0.00938926
7.795597e-08,0.0155683
7.800597e-08,0.0187539
7.805597e-08,0.0158704
7.810597e-08,0.00963642
7.815597e-08,0.00532483
7.820597e-08,0.00721973
7.825597e-08,0.00208427
7.830597e-08,-0.00401238
7.835597e-08,-0.000140186
7.840597e-08,0.00411648
7.845597e-08,0.0114764
7.850597e-08,0.0187539
7.855597e-08,0.0205115
7.860597e-08,0.0257019
7.865597e-08,0.0256745
7.870597e-08,0.0146895
7.875597e-08,0.00763167
7.880597e-08,0.0101033
7.885597e-08,0.0142776
7.890597e-08,0.0141403
7.895597e-08,0.008483
7.900597e-08,0.0024962
7.905597e-08,-0.00406731
7.910597e-08,-0.017057
7.915597e-08,-0.0245268
7.920597e-08,-0.0216158
7.925597e-08,-0.0188146
7.930597e-08,-0.0163979
7.935597e-08,-0.00890069
7.940597e-08,0.00255113
7.945597e-08,0.00765913
7.950597e-08,0.00587408
7.955597e-08,0.000628761
7.960597e-08,-0.00615445
7.965597e-08,-0.00480879
7.970597e-08,-0.00346313
7.975597e-08,-0.00895561
7.980597e-08,-0.00373776
7.985597e-08,0.00158994
7.990597e-08,-0.012663
7.995597e-08,-0.0220277
8.000597e-08,-0.0171119
8.005597e-08,-0.017414
8.010597e-08,-0.0235107
8.015597e-08,-0.0275476
8.020597e-08,-0.0220826
8.025597e-08,-0.0151346
8.030597e-08,-0.0187871
8.035597e-08,-0.0198307
8.040597e-08,-0.0168648
8.045597e-08,-0.0169472
8.050597e-08,-0.00747264
8.055597e-08,0.00669795
8.060597e-08,0.00689019
8.065597e-08,0.00277083
8.070597e-08,0.00845554
8.075597e-08,0.0163372
8.080597e-08,0.022324
8.085597e-08,0.0292995
8.090597e-08,0.0322654
8.095597e-08,0.0270201
8.100597e-08,0.0214727
8.105597e-08,0.0243837
8.110597e-08,0.0294917
8.115597e-08,0.0272398
8.120597e-08,0.0221043
8.125597e-08,0.0181772
8.130597e-08,0.0112018
8.135597e-08,0.0052699
8.140597e-08,0.00829077
8.145597e-08,0.0161999
8.150597e-08,0.0145797
8.155597e-08,0.00211173
8.160597e-08,-0.00354552
8.165597e-08,0.000628761
8.170597e-08,0.00397917
8.175597e-08,0.00516006
8.180597e-08,0.00829077
8.185597e-08,0.0141677
8.190597e-08,0.0160901
8.195597e-08,0.0163922
8.200597e-08,0.0182596
8.205597e-08,0.0140579
8.210597e-08,0.00667049
8.215597e-08,0.00304545
8.220597e-08,0.00505021
8.225597e-08,0.00565438
8.230597e-08,-0.000112723
8.235597e-08,-0.00620937
8.240597e-08,-0.0138439
8.245597e-08,-0.0151072
8.250597e-08,-0.00557774
8.255597e-08,0.00189203
8.260597e-08,0.00768659
8.265597e-08,0.0111743
8.270597e-08,0.00922449
8.275597e-08,0.00776898
8.280597e-08,0.00897733
8.285597e-08,0.00754928
8.290597e-08,0.00397917
8.295597e-08,0.00859285
8.300597e-08,0.0159528
8.305597e-08,0.0187814
8.310597e-08,0.027075
8.315597e-08,0.0397901
8.320597e-08,0.0463262
8.325597e-08,0.0483309
8.330597e-08,0.0453375
8.335597e-08,0.0312768
8.340597e-08,0.0163647
8.345597e-08,0.014305
8.350597e-08,0.022022
8.355597e-08,0.0259491
8.360597e-08,0.0238619
8.365597e-08,0.0244661
8.370597e-08,0.0284756
8.375597e-08,0.0298762
8.380597e-08,0.0223515
8.385597e-08,0.0109272
8.390597e-08,0.00669795
8.395597e-08,0.00820838
8.400597e-08,0.00859285
8.405597e-08,0.0133438
8.410597e-08,0.0238619
8.415597e-08,0.0276518
8.420597e-08,0.0268553
8.425597e-08,0.0243288
8.430597e-08,0.0151289
8.435597e-08,0.00364962
8.440597e-08,-0.00725294
8.445597e-08,-0.0153543
8.450597e-08,-0.0160958
8.455597e-08,-0.0100816
8.460597e-08,-0.00121122
8.465597e-08,0.00540722
8.470597e-08,0.00691765
8.475597e-08,0.00521498
8.480597e-08,0.00944419
8.485597e-08,0.019468
8.490597e-08,0.0152113
8.495597e-08,0.000546374
8.500597e-08,-0.00214494
8.505597e-08,0.00161741
8.510597e-08,0.000738611
8.515597e-08,0.00230397
8.520597e-08,0.00645079
8.525597e-08,0.00656064
8.530597e-08,0.012108
8.535597e-08,0.0177378
8.540597e-08,0.00859285
8.545597e-08,0.00175472
8.550597e-08,0.00645079
8.555597e-08,0.00683526
8.560597e-08,0.00752182
8.565597e-08,0.0181772
8.570597e-08,0.0190011
8.575597e-08,0.00499528
8.580597e-08,-0.00288642
8.585597e-08,-0.00423208
8.590597e-08,-0.00736279
8.595597e-08,-0.0049461
8.600597e-08,0.00444603
8.605597e-08,0.00941673
8.610597e-08,0.0119982
8.615597e-08,0.0164746
8.620597e-08,0.0232028
8.625597e-08,0.0355609
8.630597e-08,0.0425638
8.635597e-08,0.0378952
8.640597e-08,0.0277067
8.645597e-08,0.0142226
8.650597e-08,0.00197442
8.655597e-08,-0.0026118
8.660597e-08,0.00139771
8.665597e-08,0.00537975
8.670597e-08,0.00466573
8.675597e-08,0.00120547
8.680597e-08,-0.00489118
8.685597e-08,-0.000469734
8.690597e-08,0.0138107
8.695597e-08,0.0152388
8.700597e-08,0.00815346
8.705597e-08,0.00411648
8.710597e-08,0.00156248
8.715597e-08,0.00884002
8.720597e-08,0.0235599
8.725597e-08,0.0275694
8.730597e-08,0.0206214
8.735597e-08,0.0171611
8.740597e-08,0.0168316
8.745597e-08,0.0162274
8.750597e-08,0.0202369
8.755597e-08,0.0210608
8.760597e-08,0.0127946
8.765597e-08,0.00691765
8.770597e-08,0.00842808
8.775597e-08,0.0115588
8.780597e-08,0.0155958
8.785597e-08,0.018699
8.790597e-08,0.010323
8.795597e-08,-0.00942247
8.800597e-08,-0.0248563
8.805597e-08,-0.0288109
8.810597e-08,-0.0302664
8.815597e-08,-0.0297721
8.820597e-08,-0.0188146
8.825597e-08,-0.00316105
8.830597e-08,0.00859285
8.835597e-08,0.00779644
8.840597e-08,-0.00280404
8.845597e-08,-0.000909132
8.850597e-08,0.00603885
8.855597e-08,0.00241382
8.860597e-08,0.000409062
8.865597e-08,0.00752182
8.870597e-08,0.0214727
8.875597e-08,0.0304804
8.880597e-08,0.0277616
8.885597e-08,0.0286404
8.890597e-08,0.0359179
8.895597e-08,0.0374558
8.900597e-08,0.0347096
8.905597e-08,0.0302607
8.910597e-08,0.0191933
8.915597e-08,0.00260605
8.920597e-08,-0.00684101
8.925597e-08,-0.000359885
8.930597e-08,0.00793376
8.935597e-08,0.00576423
8.940597e-08,0.00430872
8.945597e-08,0.00782391
8.950597e-08,0.00664302
8.955597e-08,0.00450096
8.960597e-08,0.00620363
8.965597e-08,0.00417141
8.970597e-08,0.000189363
8.975597e-08,-0.00107391
8.980597e-08,0.00332008
8.985597e-08,0.0173534
8.990597e-08,0.0297938
8.995597e-08,0.0285305
9.000597e-08,0.0171337
9.005597e-08,0.00732958
9.010597e-08,0.00537975
9.015597e-08,0.00351231
9.020597e-08,-0.000359885
9.025597e-08,0.00027175
9.030597e-08,0.000875923
9.035597e-08,0.000656224
9.040597e-08,0.00463827
9.045597e-08,0.00947165
9.050597e-08,0.011394
9.055597e-08,0.00991105
9.060597e-08,0.0109272
9.065597e-08,0.0149367
9.070597e-08,0.0134812
9.075597e-08,0.0143874
9.080597e-08,0.0169414
9.085597e-08,0.00647825
9.090597e-08,-0.00382015
9.095597e-08,-0.00365537
9.100597e-08,-0.00266673
9.105597e-08,-0.0056052
9.110597e-08,-0.0109878
9.115597e-08,-0.0121412
9.120597e-08,-0.00854368
9.125597e-08,-0.00299627
9.130597e-08,0.00255113
9.135597e-08,0.00505021
9.140597e-08,0.00532483
9.145597e-08,5.20511e-05
9.150597e-08,-0.00802189
9.155597e-08,-0.0105484
9.160597e-08,-0.00988933
9.165597e-08,-0.00824159
9.170597e-08,-0.00162315
9.175597e-08,0.00889494
9.180597e-08,0.0139206
9.185597e-08,0.0112567
9.190597e-08,0.0111743
9.195597e-08,0.0155958
9.200597e-08,0.0168865
9.205597e-08,0.0140029
9.210597e-08,0.00524244
9.215597e-08,-0.00563266
9.220597e-08,-0.00832398
9.225597e-08,-0.00634669
9.230597e-08,-0.000332422
9.235597e-08,0.00716481
9.240597e-08,0.00842808
9.245597e-08,0.0151838
9.250597e-08,0.0266356
9.255597e-08,0.0287228
9.260597e-08,0.0279813
9.265597e-08,0.0291347
9.270597e-08,0.0265807
9.275597e-08,0.0192208
9.280597e-08,0.0109821
9.285597e-08,0.00557199
9.290597e-08,0.00235889
9.295597e-08,0.00150756
9.300597e-08,0.00301799
9.305597e-08,0.00727466
9.310597e-08,0.0135086
9.315597e-08,0.0162823
9.320597e-08,0.0141952
9.325597e-08,0.00433618
9.330597e-08,-0.00755503
9.335597e-08,-0.00637415
9.340597e-08,0.00120547
9.345597e-08,0.00595646
9.350597e-08,0.0136734
9.355597e-08,0.0189736
9.360597e-08,0.016145
9.365597e-08,0.0131791
9.370597e-08,0.0118883
9.375597e-08,0.00966389
9.380597e-08,0.0129319
9.385597e-08,0.0155958
9.390597e-08,0.00439111
9.395597e-08,-0.00332582
9.400597e-08,0.00345739
9.405597e-08,0.00513259
9.410597e-08,0.00161741
9.415597e-08,0.00123293
9.420597e-08,-0.000469734
9.425597e-08,-0.00170554
9.430597e-08,0.000216825
9.435597e-08,0.00581915
9.440597e-08,0.0120806
9.445597e-08,0.0115588
9.450597e-08,0.00342992
9.455597e-08,-0.00398492
9.460597e-08,-0.00236464
9.465597e-08,0.00364962
9.470597e-08,0.00609378
9.475597e-08,0.0111743
9.480597e-08,0.02161
9.485597e-08,0.0263336
9.490597e-08,0.0178751
9.495597e-08,0.00450096
9.500597e-08,-0.00019511
9.505597e-08,-0.00099152
9.510597e-08,-0.00200763
9.515597e-08,-0.00258434
9.520597e-08,-0.0123335
9.525597e-08,-0.0185949
9.530597e-08,-0.00966963
9.535597e-08,0.00436365
9.540597e-08,0.0200721
9.545597e-08,0.0259216
9.550597e-08,0.0200447
9.555597e-08,0.0206488
9.560597e-08,0.0251527
9.565597e-08,0.0218297
9.570597e-08,0.00944419
9.575597e-08,-0.00288642
9.580597e-08,-0.00184285
9.585597e-08,0.00581915
9.590597e-08,0.00439111
9.595597e-08,-0.00219986
9.600597e-08,-0.00360045
9.605597e-08,-0.000607046
9.610597e-08,7.95135e-05
9.615597e-08,-0.00368283
9.620597e-08,-0.00631922
9.625597e-08,-0.00247449
9.630597e-08,0.0082633
9.635597e-08,0.0207587
9.640597e-08,0.0235599
9.645597e-08,0.0188363
9.650597e-08,0.0159802
9.655597e-08,0.0101857
9.660597e-08,0.00829077
9.665597e-08,0.0132615
9.670597e-08,0.0111194
9.675597e-08,0.00200188
9.680597e-08,-0.00780219
9.685597e-08,-0.0113448
9.690597e-08,-0.00447924
9.695597e-08,0.00922449
9.700597e-08,0.0166943
9.705597e-08,0.00389679
9.710597e-08,-0.0111526
9.715597e-08,-0.00593475
9.720597e-08,0.00796122
9.725597e-08,0.0167766
9.730597e-08,0.0191384
9.735597e-08,0.0130967
9.740597e-08,0.00807107
9.745597e-08,0.0112842
9.750597e-08,0.0132615
9.755597e-08,0.0091421
9.760597e-08,0.00230397
9.765597e-08,-0.00384761
9.770597e-08,-0.0117568
9.775597e-08,-0.0247465
9.780597e-08,-0.0354294
9.785597e-08,-0.0383404
9.790597e-08,-0.0330951
9.795597e-08,-0.0173042
9.800597e-08,0.000326675
9.805597e-08,0.00963642
9.810597e-08,0.0119433
9.815597e-08,0.0137009
9.820597e-08,0.0166668
9.825597e-08,0.0107898
9.830597e-08,0.000134438
9.835597e-08,0.00230397
9.840597e-08,0.0111743
9.845597e-08,0.0151564
9.850597e-08,0.0136185
9.855597e-08,0.00738451
9.860597e-08,0.00529737
9.865597e-08,0.0104054
9.870597e-08,0.0157605
9.875597e-08,0.01977
9.880597e-08,0.0197426
9.885597e-08,0.012108
9.890597e-08,0.00202934
9.895597e-08,-0.00145838
9.900597e-08,0.00266098
9.905597e-08,0.00310038
9.910597e-08,0.00268844
9.915597e-08,0.0129044
9.920597e-08,0.0208411
9.925597e-08,0.0190286
9.930597e-08,0.0149092
9.935597e-08,0.00576423
9.940597e-08,-0.00571505
9.945597e-08,-0.00766488
9.950597e-08,-0.00403984
9.955597e-08,-0.00568759
9.960597e-08,-0.00612699
9.965597e-08,-0.00439686
9.970597e-08,-0.00530311
9.975597e-08,-0.00338075
9.980597e-08,-0.00285896
9.985597e-08,-0.0028315
9.990597e-08,0.00408902
9.995597e-08,0.0100758
1.00006e-07,0.0133988
1.00056e-07,0.0214453
1.00106e-07,0.0323478
1.00156e-07,0.0361102
1.00206e-07,0.0294093
1.00256e-07,0.0225163
1.00306e-07,0.0207862
1.00356e-07,0.0190011
1.00406e-07,0.0112292
1.00456e-07,0.00027175
1.00506e-07,-0.00181539
1.00556e-07,0.00477558
1.00606e-07,0.0061487
1.00656e-07,0.00131532
1.00706e-07,0.00348485
1.00756e-07,0.00853793
1.00806e-07,0.00790629
1.00856e-07,0.0113666
1.00906e-07,0.016859
1.00956e-07,0.0119707
1.01006e-07,0.00436365
1.01056e-07,0.0100484
1.01106e-07,0.0246309
1.01156e-07,0.0260315
1.01206e-07,0.0185892
1.01256e-07,0.0182047
1.01306e-07,0.0115039
1.01356e-07,0.00329261
1.01406e-07,0.00461081
1.01456e-07,-0.00129361
1.01506e-07,-0.0113448
1.01556e-07,-0.0141735
1.01606e-07,-0.0151896
1.01656e-07,-0.0159311
1.01706e-07,-0.0161233
1.01756e-07,-0.0162881
1.01806e-07,-0.00934009
1.01856e-07,0.00397917
1.01906e-07,0.0105976
1.01956e-07,0.00785137
1.02006e-07,0.00840062
1.02056e-07,0.014305
1.02106e-07,0.0108997
1.02156e-07,0.00483051
1.02206e-07,0.00905971
1.02256e-07,0.00941673
1.02306e-07,0.00518752
1.02356e-07,0.00919703
1.02406e-07,0.0144149
1.02456e-07,0.0182596
1.02506e-07,0.020182
1.02556e-07,0.014662
1.02606e-07,0.0129319
1.02656e-07,0.0157331
1.02706e-07,0.0114764
1.02756e-07,0.00634094
1.02806e-07,0.00933434
1.02856e-07,0.016502
1.02906e-07,0.0147444
1.02956e-07,0.00246874
1.03006e-07,-0.00316105
1.03056e-07,0.00115055
1.03106e-07,0.00375947
1.03156e-07,0.00474812
1.03206e-07,0.00916956
1.03256e-07,0.0144423
1.03306e-07,0.0151014
1.03356e-07,0.0117785
1.03406e-07,0.00985612
1.03456e-07,0.0125474
1.03506e-07,0.0179026
1.03556e-07,0.0188089
1.03606e-07,0.0146895
1.03656e-07,0.0142226
1.03706e-07,0.017985
1.03756e-07,0.0183969
1.03806e-07,0.0148817
1.03856e-07,0.0127397
1.03906e-07,0.0159528
1.03956e-07,0.0222417
1.04006e-07,0.0236148
1.04056e-07,0.014717
1.04106e-07,0.000546374
1.04156e-07,-0.0062643
1.04206e-07,-0.00434193
1.04256e-07,-0.00475387
1.04306e-07,-0.00706071
1.04356e-07,-0.00697832
1.04406e-07,-0.00892815
1.04456e-07,-0.00541296
1.04506e-07,0.00776898
1.04556e-07,0.0158978
1.04606e-07,0.0128221
1.04656e-07,0.00455588
1.04706e-07,-0.000524659
1.04756e-07,-3.03361e-05
1.04806e-07,-0.00439686
1.04856e-07,-0.0135418
1.04906e-07,-0.0142833
1.04956e-07,-0.0120039
1.05006e-07,-0.0111801
1.05056e-07,-0.000661971
1.05106e-07,0.0108722
1.05156e-07,0.013591
1.05206e-07,0.0143874
1.05256e-07,0.0177104
1.05306e-07,0.0233402
1.05356e-07,0.0201271
1.05406e-07,0.00760421
1.05456e-07,0.000573836
1.05506e-07,-0.0069234
1.05556e-07,-0.0191167
1.05606e-07,-0.0215883
1.05656e-07,-0.0144756
1.05706e-07,-0.00486372
1.05756e-07,0.00428126
1.05806e-07,0.00603885
1.05856e-07,-0.00395746
1.05906e-07,-0.0172767
1.05956e-07,-0.0182379
1.06006e-07,-0.0110153
1.06056e-07,-0.00730787
1.06106e-07,-0.00769234
1.06156e-07,-0.00714309
1.06206e-07,-0.00467148
1.06256e-07,-0.0030512
1.06306e-07,0.00158994
1.06356e-07,0.00507767
1.06406e-07,0.00406156
1.06456e-07,-0.00316105
1.06506e-07,-0.0169197
1.06556e-07,-0.0240325
1.06606e-07,-0.0282891
1.06656e-07,-0.0318043
1.06706e-07,-0.0217531
1.06756e-07,-0.00741772
1.06806e-07,0.00233143
1.06856e-07,0.00647825
1.06906e-07,0.00183711
1.06956e-07,0.000491449
1.07006e-07,0.00230397
1.07056e-07,-0.00252941
1.07106e-07,-0.00464402
1.07156e-07,-0.00453417
1.07206e-07,-0.0060446
1.07256e-07,-0.000826745
1.07306e-07,0.00463827
1.07356e-07,0.000628761
1.07406e-07,-0.00324344
1.07456e-07,-0.000524659
1.07506e-07,0.00169979
1.07556e-07,0.00156248
1.07606e-07,0.00299053
1.07656e-07,0.0102955
1.07706e-07,0.0215826
1.07756e-07,0.0232303
1.07806e-07,0.0149092
1.07856e-07,0.0152662
1.07906e-07,0.0209784
1.07956e-07,0.0197975
1.08006e-07,0.0204841
1.08056e-07,0.0211432
1.08106e-07,0.0203468
1.08156e-07,0.0237246
1.08206e-07,0.0131791
1.08256e-07,-0.010466
1.08306e-07,-0.0235107
1.08356e-07,-0.025433
1.08406e-07,-0.0187048
1.08456e-07,-0.00799443
1.08506e-07,-0.00099152
1.08556e-07,0.0102406
1.08606e-07,0.0234775
1.08656e-07,0.0286679
1.08706e-07,0.0229557
1.08756e-07,0.00653317
1.08806e-07,-0.0142559
1.08856e-07,-0.0278772
1.08906e-07,-0.0241148
1.08956e-07,-0.0133221
1.09006e-07,-0.00563266
1.09056e-07,0.00881255
1.09106e-07,0.0193581
1.09156e-07,0.0115588
1.09206e-07,0.00752182
1.09256e-07,0.0127946
1.09306e-07,0.00535229
1.09356e-07,-0.00387507
1.09406e-07,-0.00263926
1.09456e-07,-0.00417716
1.09506e-07,-0.00310612
1.09556e-07,0.00436365
1.09606e-07,0.00749436
1.09656e-07,0.0109546
1.09706e-07,0.0133988
1.09756e-07,0.0111743
1.09806e-07,0.0166119
1.09856e-07,0.0268553
1.09906e-07,0.0243837
1.09956e-07,0.014717
1.10006e-07,0.0164196
1.10056e-07,0.0194405
1.10106e-07,0.0153486
1.10156e-07,0.0182047
1.10206e-07,0.0220769
1.10256e-07,0.0222142
1.10306e-07,0.028201
1.10356e-07,0.031826
1.10406e-07,0.0288052
1.10456e-07,0.0275144
1.10506e-07,0.0314965
1.10556e-07,0.0379227
1.10606e-07,0.032183
1.10656e-07,0.0153761
1.10706e-07,0.0022765
1.10756e-07,-0.00343567
1.10806e-07,0.00516006
1.10856e-07,0.0189462
1.10906e-07,0.017985
1.10956e-07,0.0128495
1.11006e-07,0.0164471
1.11056e-07,0.013234
1.11106e-07,-0.00288642
1.11156e-07,-0.0137341
1.11206e-07,-0.0102189
1.11256e-07,-0.00285896
1.11306e-07,-0.00206255
1.11356e-07,-0.00154077
1.11406e-07,0.000766073
1.11456e-07,-0.00579744
1.11506e-07,-0.0132123
1.11556e-07,-0.0112625
1.11606e-07,-0.00873591
1.11656e-07,-0.00988933
1.11706e-07,-0.00730787
1.11756e-07,0.0012604
1.11806e-07,0.00623109
1.11856e-07,0.010323
1.11906e-07,0.0164471
1.11956e-07,0.0134537
1.12006e-07,0.0105152
1.12056e-07,0.0169414
1.12106e-07,0.0218297
1.12156e-07,0.0211432
1.12206e-07,0.0169414
1.12256e-07,0.0131791
1.12306e-07,0.0126847
1.12356e-07,0.0108722
1.12406e-07,0.00433618
1.12456e-07,-0.00340821
1.12506e-07,-0.0094774
1.12556e-07,-0.0121962
1.12606e-07,-0.00961471
1.12656e-07,-0.00912039
1.12706e-07,-0.0149424
1.12756e-07,-0.0205447
1.12806e-07,-0.0202976
1.12856e-07,-0.0190343
1.12906e-07,-0.0251859
1.12956e-07,-0.0308706
1.13006e-07,-0.026559
1.13056e-07,-0.0132123
1.13106e-07,0.00334754
1.13156e-07,0.0164196
1.13206e-07,0.0222691
1.13256e-07,0.0189462
1.13306e-07,0.0142501
1.13356e-07,0.0106251
1.13406e-07,0.000134438
1.13456e-07,-0.00901054
1.13506e-07,-0.00829651
1.13556e-07,-0.00535804
1.13606e-07,-0.00574251
1.13656e-07,-0.00651146
1.13706e-07,-0.00170554
1.13756e-07,0.00581915
1.13806e-07,0.00150756
1.13856e-07,-0.0079395
1.13906e-07,-0.00338075
1.13956e-07,0.00216665
1.14006e-07,0.00178218
1.14056e-07,0.0111194
1.14106e-07,0.0230106
1.14156e-07,0.0254273
1.14206e-07,0.0253998
1.14256e-07,0.0253449
1.14306e-07,0.0171062
1.14356e-07,0.00483051
1.14406e-07,-0.00206255
1.14456e-07,-0.00480879
1.14506e-07,-0.000552121
1.14556e-07,0.0082633
1.14606e-07,0.00982866
1.14656e-07,0.00793376
1.14706e-07,0.00881255
1.14756e-07,0.00749436
1.14806e-07,0.00551707
1.14856e-07,0.0038144
1.14906e-07,0.00200188
1.14956e-07,0.00406156
1.15006e-07,0.00952657
1.15056e-07,0.0171611
1.15106e-07,0.0204841
1.15156e-07,0.0191659
1.15206e-07,0.0205939
1.15256e-07,0.0190835
1.15306e-07,0.0129868
1.15356e-07,0.0126573
1.15406e-07,0.0218572
1.15456e-07,0.0345997
1.15506e-07,0.0425638
1.15556e-07,0.0434975
1.15606e-07,0.041328
1.15656e-07,0.0316338
1.15706e-07,0.0132889
1.15756e-07,0.00238635
1.15806e-07,-0.000469734
1.15856e-07,-0.0079395
1.15906e-07,-0.0187048
1.15956e-07,-0.0220277
1.16006e-07,-0.0148875
1.16056e-07,-0.0100541
1.16106e-07,-0.00832398
1.16156e-07,0.000738611
1.16206e-07,0.00974627
1.16256e-07,0.00952657
1.16306e-07,0.00875763
1.16356e-07,0.0160901
1.16406e-07,0.0261413
1.16456e-07,0.0286679
1.16506e-07,0.0176554
1.16556e-07,0.00392425
1.16606e-07,0.00164487
1.16656e-07,0.00274337
1.16706e-07,-0.000936595
1.16756e-07,-0.0037103
1.16806e-07,-5.77984e-05
1.16856e-07,0.0121355
1.16906e-07,0.0237521
1.16956e-07,0.024164
1.17006e-07,0.0176829
1.17056e-07,0.0133438
1.17106e-07,0.0177104
1.17156e-07,0.0244661
1.17206e-07,0.0197151
1.17256e-07,0.00664302
1.17306e-07,0.00128786
1.17356e-07,0.00999344
1.17406e-07,0.0160077
1.17456e-07,0.0061487
1.17506e-07,-0.00346313
1.17556e-07,-0.000716896
1.17606e-07,0.00664302
1.17656e-07,0.0178477
1.17706e-07,0.0237521
1.17756e-07,0.0123277
1.17806e-07,0.000793536
1.17856e-07,0.000326675
1.17906e-07,0.00137025
1.17956e-07,-0.00340821
1.18006e-07,-0.00780219
1.18056e-07,-0.00387507
1.18106e-07,-0.00228225
1.18156e-07,-0.000579584
1.18206e-07,0.0107898
1.18256e-07,0.014717
1.18306e-07,0.00820838
1.18356e-07,0.00873017
1.18406e-07,0.013234
1.18456e-07,0.00941673
1.18506e-07,0.00197442
1.18556e-07,0.00101323
1.18606e-07,0.00348485
1.18656e-07,0.00101323
1.18706e-07,-0.000799283
1.18756e-07,0.00798868
1.18806e-07,0.017628
1.18856e-07,0.0165844
1.18906e-07,0.0105976
1.18956e-07,0.00774152
1.19006e-07,0.010323
1.19056e-07,0.00796122
1.19106e-07,0.000573836
1.19156e-07,0.00241382
1.19206e-07,0.00496782
1.19256e-07,-0.00211748
1.19306e-07,-0.00785712
1.19356e-07,-0.00598967
1.19406e-07,-0.00167808
1.19456e-07,0.00491289
1.19506e-07,0.0106251
1.19556e-07,0.0087027
1.19606e-07,0.00963642
1.19656e-07,0.0170787
1.19706e-07,0.0174083
1.19756e-07,0.0189736
1.19806e-07,0.031826
1.19856e-07,0.0338583
1.19906e-07,0.0187539
1.19956e-07,0.00966389
1.20006e-07,0.0114215
1.20056e-07,0.0161175
1.20106e-07,0.0183969
1.20156e-07,0.0151289
1.20206e-07,0.0139755
1.20256e-07,0.0133164
1.20306e-07,0.00683526
1.20356e-07,0.00128786
1.20406e-07,-0.00425954
1.20456e-07,-0.013789
1.20506e-07,-0.0146678
1.20556e-07,-0.00228225
1.20606e-07,0.011037
1.20656e-07,0.0244661
1.20706e-07,0.0356982
1.20756e-07,0.0364397
1.20806e-07,0.0360827
1.20856e-07,0.0384994
1.20906e-07,0.031469
1.20956e-07,0.0189736
1.21006e-07,0.0130143
1.21056e-07,0.0113666
1.21106e-07,0.0141952
1.21156e-07,0.016859
1.21206e-07,0.00886748
1.21256e-07,0.000683686
1.21306e-07,0.00169979
1.21356e-07,0.00422633
1.21406e-07,0.00603885
1.21456e-07,0.00776898
1.21506e-07,0.00689019
1.21556e-07,0.00634094
1.21606e-07,0.00785137
1.21656e-07,0.0115039
1.21706e-07,0.0187265
1.21756e-07,0.021253
1.21806e-07,0.0153761
1.21856e-07,0.0103504
1.21906e-07,0.00395171
1.21956e-07,-0.00464402
1.22006e-07,-0.00706071
1.22056e-07,-0.0120863
1.22106e-07,-0.0167549
1.22156e-07,-0.00928516
1.22206e-07,-0.00964217
1.22256e-07,-0.0180182
1.22306e-07,-0.0110153
1.22356e-07,0.000546374
1.22406e-07,0.00678034
1.22456e-07,0.0142501
1.22506e-07,0.0167766
1.22556e-07,0.0177653
1.22606e-07,0.0239718
1.22656e-07,0.0244936
1.22706e-07,0.0170787
1.22756e-07,0.0110645
1.22806e-07,0.0163098
1.22856e-07,0.0313866
1.22906e-07,0.0355884
1.22956e-07,0.0258942
1.23006e-07,0.0174357
1.23056e-07,0.00603885
1.23106e-07,-0.00914785
1.23156e-07,-0.0133221
1.23206e-07,-0.0124433
1.23256e-07,-0.0165902
1.23306e-07,-0.013789
1.23356e-07,-0.00228225
1.23406e-07,0.0102681
1.23456e-07,0.0221867
1.23506e-07,0.0299037
1.23556e-07,0.0309198
1.23606e-07,0.0251801
1.23656e-07,0.0204841
1.23706e-07,0.0165295
1.23756e-07,0.0104054
1.23806e-07,0.0122728
1.23856e-07,0.0159253
1.23906e-07,0.00993851
1.23956e-07,0.00299053
1.24006e-07,0.000738611
1.24056e-07,-0.00486372
1.24106e-07,-0.0139263
1.24156e-07,-0.017414
1.24206e-07,-0.0125257
1.24256e-07,-0.00376522
1.24306e-07,0.000601299
1.24356e-07,0.00191949
1.24406e-07,0.00705496
1.24456e-07,0.0120806
1.24506e-07,0.0109272
1.24556e-07,0.00326515
1.24606e-07,0.00301799
1.24656e-07,0.0136459
1.24706e-07,0.0124651
1.24756e-07,0.00375947
1.24806e-07,-0.00176047
1.24856e-07,-0.0117019
1.24906e-07,-0.0141185
1.24956e-07,-0.0101914
1.25006e-07,-0.0121138
1.25056e-07,-0.00744518
1.25106e-07,0.0029356
1.25156e-07,0.00818092
1.25206e-07,0.0124651
1.25256e-07,0.0130692
1.25306e-07,0.00829077
1.25356e-07,0.00798868
1.25406e-07,0.0108722
1.25456e-07,0.00977374
1.25506e-07,0.00985612
1.25556e-07,0.0141677
1.25606e-07,0.0149641
1.25656e-07,0.0164471
1.25706e-07,0.0231754
1.25756e-07,0.0222966
1.25806e-07,0.0158704
1.25856e-07,0.0169689
1.25906e-07,0.0185617
1.25956e-07,0.00941673
1.26006e-07,0.000216825
1.26056e-07,0.00233143
1.26106e-07,0.00609378
1.26156e-07,0.00763167
1.26206e-07,0.0119982
1.26256e-07,0.0171337
1.26306e-07,0.0202918
1.26356e-07,0.0185342
1.26406e-07,0.0111743
1.26456e-07,0.00474812
1.26506e-07,0.00565438
1.26556e-07,0.00705496
1.26606e-07,-0.000936595
1.26656e-07,-0.0104111
1.26706e-07,-0.0100541
1.26756e-07,-0.00431447
1.26806e-07,0.000326675
1.26856e-07,0.00502274
1.26906e-07,0.00516006
1.26956e-07,0.00027175
1.27006e-07,0.0003816
1.27056e-07,0.00496782
1.27106e-07,0.00458335
1.27156e-07,-0.00291389
1.27206e-07,-0.00988933
1.27256e-07,-0.014146
1.27306e-07,-0.0175239
1.27356e-07,-0.0149699
1.27406e-07,-0.00587982
1.27456e-07,-0.00154077
1.27506e-07,-0.00390253
1.27556e-07,0.000601299
1.27606e-07,0.0126573
1.27656e-07,0.0183969
1.27706e-07,0.0109272
1.27756e-07,0.00263352
1.27806e-07,0.00488543
1.27856e-07,0.00754928
1.27906e-07,0.00568184
1.27956e-07,-0.000964057
1.28006e-07,-0.014503
1.28056e-07,-0.0177436
1.28106e-07,-0.0058249
1.28156e-07,-0.00222733
1.28206e-07,-0.00804935
1.28256e-07,-0.00706071
1.28306e-07,0.00167233
1.28356e-07,0.0130143
1.28406e-07,0.016914
1.28456e-07,0.01068
1.28506e-07,0.00667049
1.28556e-07,0.00716481
1.28606e-07,0.00697257
1.28656e-07,0.00675287
1.28706e-07,0.00829077
1.28756e-07,0.00993851
1.28806e-07,0.00721973
1.28856e-07,-0.000140186
1.28906e-07,-0.00686847
1.28956e-07,-0.00728041
1.29006e-07,-0.00563266
1.29056e-07,-0.0051658
1.29106e-07,-0.00143092
1.29156e-07,-0.00148584
1.29206e-07,-0.00780219
1.29256e-07,-0.0113998
1.29306e-07,-0.0141735
1.29356e-07,-0.0186498
1.29406e-07,-0.0160134
1.29456e-07,-0.00104644
1.29506e-07,0.0154035
1.29556e-07,0.023093
1.29606e-07,0.0272124
1.29656e-07,0.0307001
1.29706e-07,0.0249055
1.29756e-07,0.0162823
1.29806e-07,0.0188363
1.29856e-07,0.0209784
1.29906e-07,0.0087027
1.29956e-07,-0.00961471
1.30006e-07,-0.0189245
1.30056e-07,-0.0168922
1.30106e-07,-0.0104111
1.30156e-07,-0.00343567
1.30206e-07,0.000985772
1.30256e-07,0.00532483
1.30306e-07,0.00639586
1.30356e-07,-0.00228225
1.30406e-07,-0.00332582
1.30456e-07,0.0105152
1.30506e-07,0.0195778
1.30556e-07,0.019825
1.30606e-07,0.0203468
1.30656e-07,0.0161175
1.30706e-07,0.00532483
1.30756e-07,0.00202934
1.30806e-07,0.00581915
1.30856e-07,0.00161741
1.30906e-07,-0.00708817
1.30956e-07,-0.00623684
1.31006e-07,-0.00310612
1.31056e-07,-0.00895561
1.31106e-07,-0.0113174
1.31156e-07,-0.00574251
1.31206e-07,-0.00288642
1.31256e-07,-0.00156823
1.31306e-07,0.00142517
1.31356e-07,0.00598393
1.31406e-07,0.011037
1.31456e-07,0.0122179
1.31506e-07,0.0115863
1.31556e-07,0.00922449
1.31606e-07,0.00131532
1.31656e-07,-0.00788458
1.31706e-07,-0.0127729
1.31756e-07,-0.0102738
1.31806e-07,-0.00505595
1.31856e-07,-0.000826745
1.31906e-07,0.0065881
1.31956e-07,0.0105152
1.32006e-07,0.00749436
1.32056e-07,0.00713735
1.32106e-07,0.0113391
1.32156e-07,0.0131516
1.32206e-07,0.00886748
1.32256e-07,0.00419887
1.32306e-07,0.00565438
1.32356e-07,0.0103779
1.32406e-07,0.0110645
1.32456e-07,0.00809853
1.32506e-07,0.00631348
1.32556e-07,0.00804361
1.32606e-07,0.0123827
1.32656e-07,0.0151838
1.32706e-07,0.0183145
1.32756e-07,0.0198799
1.32806e-07,0.0212256
1.32856e-07,0.0270476
1.32906e-07,0.0220769
1.32956e-07,0.00886748
1.33006e-07,0.00540722
1.33056e-07,0.00115055
1.33106e-07,-0.00711563
1.33156e-07,-0.00769234
1.33206e-07,-0.00552281
1.33256e-07,-0.00491864
1.33306e-07,-0.00338075
1.33356e-07,-0.00458909
1.33406e-07,-0.00555028
1.33456e-07,-0.000909132
1.33506e-07,0.00406156
1.33556e-07,0.00370455
1.33606e-07,-0.00206255
1.33656e-07,-0.0047264
1.33706e-07,-0.00395746
1.33756e-07,-0.00541296
1.33806e-07,-0.00357298
1.33856e-07,0.00145263
1.33906e-07,-0.000469734
1.33956e-07,-0.0094774
1.34006e-07,-0.00826905
1.34056e-07,0.00216665
1.34106e-07,0.00353977
1.34156e-07,0.000161901
1.34206e-07,-0.00274911
1.34256e-07,-0.00557774
1.34306e-07,-0.00123868
1.34356e-07,0.00474812
1.34406e-07,0.00145263
1.34456e-07,-0.00403984
1.34506e-07,-0.000964057
1.34556e-07,0.00408902
1.34606e-07,0.00639586
1.34656e-07,0.008483
1.34706e-07,0.00916956
1.34756e-07,0.00851047
1.34806e-07,0.00263352
1.34856e-07,-0.00439686
1.34906e-07,-0.00719802
1.34956e-07,-0.00901054
1.35006e-07,-0.00318851
1.35056e-07,0.00639586
1.35106e-07,0.0103779
1.35156e-07,0.0109546
1.35206e-07,0.011037
1.35256e-07,0.0134537
1.35306e-07,0.0133713
1.35356e-07,0.00796122
1.35406e-07,0.00191949
1.35456e-07,-0.00258434
1.35506e-07,0.00216665
1.35556e-07,0.011751
1.35606e-07,0.00452842
1.35656e-07,-0.01302
1.35706e-07,-0.0152445
1.35756e-07,-0.0032709
1.35806e-07,0.00776898
1.35856e-07,0.0117236
1.35906e-07,0.00625855
1.35956e-07,-0.00453417
1.36006e-07,-0.00958725
1.36056e-07,-0.00486372
1.36106e-07,0.00312784
1.36156e-07,0.00916956
1.36206e-07,0.0131516
1.36256e-07,0.0111743
1.36306e-07,0.0087027
1.36356e-07,0.0121355
1.36406e-07,0.00818092
1.36456e-07,-0.00497357
1.36506e-07,-0.0106034
1.36556e-07,-0.00373776
1.36606e-07,0.00818092
1.36656e-07,0.017985
1.36706e-07,0.0191109
1.36756e-07,0.0122728
1.36806e-07,0.00738451
1.36856e-07,-0.000634509
1.36906e-07,-0.0114547
1.36956e-07,-0.00868099
1.37006e-07,-0.006484
1.37056e-07,-0.0113174
1.37106e-07,-0.00291389
1.37156e-07,0.00516006
1.37206e-07,-0.00310612
1.37256e-07,-0.0139538
1.37306e-07,-0.0138988
1.37356e-07,-0.00511088
1.37406e-07,0.00241382
1.37456e-07,0.00785137
1.37506e-07,0.00944419
1.37556e-07,0.0101033
1.37606e-07,0.0164746
1.37656e-07,0.0183145
1.37706e-07,0.0100484
1.37756e-07,0.000573836
1.37806e-07,-0.00351806
1.37856e-07,-0.00612699
1.37906e-07,-0.0117842
1.37956e-07,-0.0141185
1.38006e-07,-0.00804935
1.38056e-07,-0.000387347
1.38106e-07,0.00150756
1.38156e-07,0.00535229
1.38206e-07,0.0177104
1.38256e-07,0.0288326
1.38306e-07,0.0301508
1.38356e-07,0.0222417
1.38406e-07,0.0151564
1.38456e-07,0.0185068
1.38506e-07,0.0230655
1.38556e-07,0.0183969
1.38606e-07,0.00878509
1.38656e-07,0.00441857
1.38706e-07,0.0100484
1.38756e-07,0.016914
1.38806e-07,0.0204841
1.38856e-07,0.0229282
1.38906e-07,0.0215002
1.38956e-07,0.0225437
1.39006e-07,0.0230106
1.39056e-07,0.00941673
1.39106e-07,-0.00964217
1.39156e-07,-0.0224122
1.39206e-07,-0.0240874
1.39256e-07,-0.0144206
1.39306e-07,-0.00445178
1.39356e-07,-0.000250035
1.39406e-07,-0.00019511
1.39456e-07,-0.000469734
1.39506e-07,0.00161741
1.39556e-07,0.00422633
1.39606e-07,0.0095815
1.39656e-07,0.0162274
1.39706e-07,0.0142501
1.39756e-07,0.0109821
1.39806e-07,0.016914
1.39856e-07,0.0188638
1.39906e-07,0.00801614
1.39956e-07,-0.0026118
1.40006e-07,-0.00203509
1.40056e-07,0.00395171
1.40106e-07,0.00735705
1.40156e-07,0.00559945
1.40206e-07,0.00321023
1.40256e-07,0.00230397
1.40306e-07,-0.00791204
1.40356e-07,-0.0150523
1.40406e-07,-0.00642907
1.40456e-07,-0.00351806
1.40506e-07,-0.0092577
1.40556e-07,-0.0134594
1.40606e-07,-0.0209018
1.40656e-07,-0.025433
1.40706e-07,-0.0194462
1.40756e-07,-0.0111801
1.40806e-07,-0.00324344
1.40856e-07,0.00694511
1.40906e-07,0.0199623
1.40956e-07,0.0330344
1.41006e-07,0.0367143
1.41056e-07,0.0313592
1.41106e-07,0.0205939
1.41156e-07,0.0104328
1.41206e-07,0.00727466
1.41256e-07,0.00631348
1.41306e-07,0.0111743
1.41356e-07,0.0163372
1.41406e-07,0.00903225
1.41456e-07,0.00109562
1.41506e-07,0.00123293
1.41556e-07,0.00340246
1.41606e-07,0.00667049
1.41656e-07,0.0130692
1.41706e-07,0.0174083
1.41756e-07,0.0161725
1.41806e-07,0.0185342
1.41856e-07,0.0238345
1.41906e-07,0.0209235
1.41956e-07,0.0133713
1.42006e-07,0.0101857
1.42056e-07,0.0126847
1.42106e-07,0.0158978
1.42156e-07,0.0164196
1.42206e-07,0.0194954
1.42256e-07,0.0226536
1.42306e-07,0.014662
1.42356e-07,0.00408902
1.42406e-07,0.00288068
1.42456e-07,-0.00403984
1.42506e-07,-0.0178534
1.42556e-07,-0.019611
1.42606e-07,-0.0138439
1.42656e-07,-0.00711563
1.42706e-07,-0.00112883
1.42756e-07,-0.00209002
1.42806e-07,-0.000552121
1.42856e-07,0.00642333
1.42906e-07,0.00834569
1.42956e-07,0.00713735
1.43006e-07,0.00584661
1.43056e-07,-0.00181539
1.43106e-07,-0.00777473
1.43156e-07,-0.00236464
1.43206e-07,-0.00099152
1.43256e-07,-0.0058249
1.43306e-07,-0.00634669
1.43356e-07,-0.0085986
1.43406e-07,-0.0058249
1.43456e-07,0.00763167
1.43506e-07,0.01252
1.43556e-07,0.0127397
1.43606e-07,0.0257019
1.43656e-07,0.0376206
1.43706e-07,0.0388289
1.43756e-07,0.0380325
1.43806e-07,0.028915
1.43856e-07,0.0149092
1.43906e-07,0.0105701
1.43956e-07,0.00743943
1.44006e-07,0.00678034
1.44056e-07,0.0118883
1.44106e-07,0.0100484
1.44156e-07,0.00378694
1.44206e-07,-0.00579744
1.44256e-07,-0.0171119
1.44306e-07,-0.023291
1.44356e-07,-0.0279047
1.44406e-07,-0.0268611
1.44456e-07,-0.0223023
1.44506e-07,-0.0212862
1.44556e-07,-0.0135418
1.44606e-07,0.0003816
1.44656e-07,0.0105976
1.44706e-07,0.0188912
1.44756e-07,0.0224339
1.44806e-07,0.0166393
1.44856e-07,0.0133988
1.44906e-07,0.0164196
1.44956e-07,0.0143325
1.45006e-07,0.0105976
1.45056e-07,0.0126298
1.45106e-07,0.0166393
1.45156e-07,0.0185342
1.45206e-07,0.0162274
1.45256e-07,0.0117236
1.45306e-07,0.00991105
1.45356e-07,0.0108997
1.45406e-07,0.0149367
1.45456e-07,0.0210882
1.45506e-07,0.0226811
1.45556e-07,0.0182322
1.45606e-07,0.016914
1.45656e-07,0.0228733
1.45706e-07,0.0252351
1.45756e-07,0.0184793
1.45806e-07,0.00732958
1.45856e-07,-0.00351806
1.45906e-07,-0.0092577
1.45956e-07,-0.0109054
1.46006e-07,-0.011592
1.46056e-07,-0.0168922
1.46106e-07,-0.0249662
1.46156e-07,-0.0208468
1.46206e-07,-0.0113174
1.46256e-07,-0.00966963
1.46306e-07,-0.00865353
1.46356e-07,-0.00469894
1.46406e-07,0.00373201
1.46456e-07,0.0141677
1.46506e-07,0.0140029
1.46556e-07,0.0118334
1.46606e-07,0.0196327
1.46656e-07,0.0175731
1.46706e-07,0.00307291
1.46756e-07,0.00477558
1.46806e-07,0.0140853
1.46856e-07,0.00941673
1.46906e-07,0.00647825
1.46956e-07,0.00930688
1.47006e-07,0.00562692
1.47056e-07,0.000518912
1.47106e-07,-0.00497357
1.47156e-07,-0.0105759
1.47206e-07,-0.00857114
1.47256e-07,-0.00821413
1.47306e-07,-0.0175239
1.47356e-07,-0.0201053
1.47406e-07,-0.0137341
1.47456e-07,-0.0197758
1.47506e-07,-0.0319142
1.47556e-07,-0.029882
1.47606e-07,-0.0233734
1.47656e-07,-0.0207919
1.47706e-07,-0.0128003
1.47756e-07,0.00153502
1.47806e-07,0.0111469
1.47856e-07,0.00609378
1.47906e-07,-0.00640161
1.47956e-07,-0.0107407
1.48006e-07,-0.00566013
1.48056e-07,-0.0015133
1.48106e-07,-0.00137599
1.48156e-07,0.00145263
1.48206e-07,0.00414395
1.48256e-07,0.00183711
1.48306e-07,-0.000442272
1.48356e-07,-0.00132107
1.48406e-07,-0.00673116
1.48456e-07,-0.0202152
1.48506e-07,-0.0321888
1.48556e-07,-0.0305136
1.48606e-07,-0.0242522
1.48656e-07,-0.0249113
1.48706e-07,-0.022934
1.48756e-07,-0.016343
1.48806e-07,-0.013789
1.48856e-07,-0.0101914
1.48906e-07,-0.00664877
1.48956e-07,-0.00865353
1.49006e-07,-0.00750011
1.49056e-07,0.00304545
1.49106e-07,0.0145247
1.49156e-07,0.0148268
1.49206e-07,0.0119433
1.49256e-07,0.0129868
1.49306e-07,0.00524244
1.49356e-07,-0.00357298
1.49406e-07,0.00153502
1.49456e-07,0.00450096
1.49506e-07,-0.00338075
1.49556e-07,-0.00535804
1.49606e-07,-0.00143092
1.49656e-07,-0.00631922
1.49706e-07,-0.0132672
1.49756e-07,-0.0117568
1.49806e-07,-0.0150797
1.49856e-07,-0.0177436
1.49906e-07,-0.00165062
1.49956e-07,0.0102131
1.50006e-07,0.00439111
1.50056e-07,-0.000936595
1.50106e-07,-0.00601714
1.50156e-07,-0.0122511
1.50206e-07,-0.00524819
1.50256e-07,0.0105152
1.50306e-07,0.0133438
1.50356e-07,0.00406156
1.50406e-07,-0.000552121
1.50456e-07,-0.00107391
1.50506e-07,-0.00134853
1.50556e-07,0.00106816
1.50606e-07,0.00158994
1.50656e-07,-0.00250195
1.50706e-07,-0.00607206
1.50756e-07,-0.00335328
1.50806e-07,0.00505021
1.50856e-07,0.0123003
1.50906e-07,0.00587408
1.50956e-07,-0.0102189
1.51006e-07,-0.0103287
1.51056e-07,-0.000661971
1.51106e-07,-0.00439686
1.51156e-07,-0.00854368
1.51206e-07,-0.00376522
1.51256e-07,-0.00689593
1.51306e-07,-0.0137066
1.51356e-07,-0.0122786
1.51406e-07,-0.0146678
1.51456e-07,-0.015574
1.51506e-07,-0.00431447
1.51556e-07,0.00458335
1.51606e-07,0.0109821
1.51656e-07,0.0163372
1.51706e-07,0.0128495
1.51756e-07,0.0108722
1.51806e-07,0.0129868
1.51856e-07,0.00573677
1.51906e-07,-0.00730787
1.51956e-07,-0.0114822
1.52006e-07,-0.0123884
1.52056e-07,-0.0160958
1.52106e-07,-0.0111251
1.52156e-07,-0.0015133
1.52206e-07,0.00213919
1.52256e-07,0.00694511
1.52306e-07,0.0167766
1.52356e-07,0.0208136
1.52406e-07,0.017628
1.52456e-07,0.024521
1.52506e-07,0.0364672
1.52556e-07,0.035863
1.52606e-07,0.0283108
1.52656e-07,0.0207038
1.52706e-07,0.017216
1.52756e-07,0.0169414
1.52806e-07,0.0128221
1.52856e-07,0.00301799
1.52906e-07,-0.0106034
1.52956e-07,-0.014503
1.53006e-07,-0.00983441
1.53056e-07,-0.0125257
1.53106e-07,-0.0116469
1.53156e-07,-5.77984e-05
1.53206e-07,0.0054896
1.53256e-07,0.00894986
1.53306e-07,0.0177928
1.53356e-07,0.0175456
1.53406e-07,0.0110919
1.53456e-07,0.00433618
1.53506e-07,-0.00423208
1.53556e-07,-0.00178793
1.53606e-07,0.00452842
1.53656e-07,-0.00593475
1.53706e-07,-0.0222749
1.53756e-07,-0.0195012
1.53806e-07,-0.00769234
1.53856e-07,-0.0116744
1.53906e-07,-0.0200504
1.53956e-07,-0.0194737
1.54006e-07,-0.0123609
1.54056e-07,0.00260605
1.54106e-07,0.0127946
1.54156e-07,0.0114489
1.54206e-07,0.0129594
1.54256e-07,0.0181223
1.54306e-07,0.0140304
1.54356e-07,0.00458335
1.54406e-07,0.00516006
1.54456e-07,0.00881255
1.54506e-07,0.00757675
1.54556e-07,0.0123003
1.54606e-07,0.015788
1.54656e-07,0.00900479
1.54706e-07,0.00362216
1.54756e-07,0.00543468
1.54806e-07,0.00982866
1.54856e-07,0.0112842
1.54906e-07,0.00793376
1.54956e-07,0.00568184
1.55006e-07,0.0100758
1.55056e-07,0.0142226
1.55106e-07,0.0124651
1.55156e-07,0.00894986
1.55206e-07,0.00774152
1.55256e-07,0.00916956
1.55306e-07,0.00496782
1.55356e-07,-0.00030496
1.55406e-07,0.0139206
1.55456e-07,0.031469
1.55506e-07,0.0286129
1.55556e-07,0.0202369
1.55606e-07,0.0119158
1.55656e-07,0.00356724
1.55706e-07,0.00158994
1.55756e-07,-0.00697832
1.55806e-07,-0.0161508
1.55856e-07,-0.0092577
1.55906e-07,-0.00274911
1.55956e-07,-0.00681355
1.56006e-07,-0.00478133
1.56056e-07,0.0027159
1.56106e-07,0.00175472
1.56156e-07,0.00474812
1.56206e-07,0.0158155
1.56256e-07,0.0206488
1.56306e-07,0.0215002
1.56356e-07,0.0196602
1.56406e-07,0.0169689
1.56456e-07,0.0178751
1.56506e-07,0.013591
1.56556e-07,0.00480304
1.56606e-07,0.00351231
1.56656e-07,0.00672541
1.56706e-07,0.00576423
1.56756e-07,0.0052699
1.56806e-07,0.00573677
1.56856e-07,0.00134278
1.56906e-07,-0.00461655
1.56956e-07,-0.0053855
1.57006e-07,0.00439111
1.57056e-07,0.0136734
1.57106e-07,0.0104603
1.57156e-07,0.00809853
1.57206e-07,0.0119433
1.57256e-07,0.0160901
1.57306e-07,0.021967
1.57356e-07,0.0193856
1.57406e-07,0.00774152
1.57456e-07,0.00290814
1.57506e-07,0.000985772
1.57556e-07,0.0003816
1.57606e-07,0.0072472
1.57656e-07,0.00790629
1.57706e-07,0.00623109
1.57756e-07,0.0137009
1.57806e-07,0.0120531
1.57856e-07,0.00189203
1.57906e-07,0.00205681
1.57956e-07,0.00485797
1.58006e-07,0.000491449
1.58056e-07,-0.00395746
1.58106e-07,-0.00357298
1.58156e-07,0.00156248
1.58206e-07,0.0105976
1.58256e-07,0.0193856
1.58306e-07,0.0193306
1.58356e-07,0.00873017
1.58406e-07,0.00441857
1.58456e-07,0.0113116
1.58506e-07,0.0120806
1.58556e-07,0.00406156
1.58606e-07,0.00191949
1.58656e-07,0.00947165
1.58706e-07,0.0140029
1.58756e-07,0.0110095
1.58806e-07,0.00754928
1.58856e-07,0.00120547
1.58906e-07,-0.0137615
1.58956e-07,-0.0254056
1.59006e-07,-0.0226044
1.59056e-07,-0.0194737
1.59106e-07,-0.0202427
1.59156e-07,-0.0114822
1.59206e-07,0.000793536
1.59256e-07,0.00450096
1.59306e-07,0.000628761
1.59356e-07,-0.00123868
1.59406e-07,0.00576423
1.59456e-07,0.0121355
1.59506e-07,0.0115863
1.59556e-07,0.0155408
1.59606e-07,0.0272673
